201.0000;202.0000;0.0000;110.0000;1732864384.0000
201.0000;202.0000;0.0000;267.0000;1732864384.0000
201.0000;202.0000;0.0000;273.0000;1732864384.0000
201.0000;202.0000;0.0000;297.0000;1732864384.0000
201.0000;202.0000;0.0000;354.0000;1732864384.0000
201.0000;202.0000;0.0000;404.0000;1732864384.0000
201.0000;202.0000;0.0000;433.0000;1732864384.0000
201.0000;202.0000;0.0000;456.0000;1732864384.0000
201.0000;202.0000;0.0000;481.0000;1732864384.0000
202.0000;202.0000;0.0000;505.0000;1732864384.0000
202.0000;202.0000;0.0000;525.0000;1732864384.0000
202.0000;202.0000;0.0000;544.0000;1732864512.0000
203.0000;202.0000;0.0000;562.0000;1732864512.0000
203.0000;202.0000;0.0000;574.0000;1732864512.0000
204.0000;201.0000;0.0000;589.0000;1732864512.0000
204.0000;201.0000;0.0000;601.0000;1732864512.0000
205.0000;201.0000;0.0000;610.0000;1732864512.0000
205.0000;200.0000;0.0000;623.0000;1732864512.0000
205.0000;200.0000;0.0000;629.0000;1732864512.0000
206.0000;200.0000;0.0000;638.0000;1732864512.0000
206.0000;200.0000;0.0000;648.0000;1732864512.0000
207.0000;199.0000;0.0000;652.0000;1732864512.0000
207.0000;199.0000;0.0000;661.0000;1732864512.0000
208.0000;198.0000;0.0000;666.0000;1732864512.0000
208.0000;198.0000;0.0000;668.0000;1732864512.0000
208.0000;198.0000;0.0000;673.0000;1732864512.0000
209.0000;197.0000;0.0000;675.0000;1732864512.0000
209.0000;196.0000;0.0000;676.0000;1732864512.0000
209.0000;196.0000;0.0000;681.0000;1732864512.0000
209.0000;195.0000;0.0000;681.0000;1732864640.0000
209.0000;195.0000;0.0000;684.0000;1732864640.0000
209.0000;194.0000;0.0000;690.0000;1732864640.0000
209.0000;194.0000;0.0000;690.0000;1732864640.0000
209.0000;194.0000;0.0000;695.0000;1732864640.0000
209.0000;193.0000;0.0000;699.0000;1732864640.0000
209.0000;193.0000;0.0000;697.0000;1732864640.0000
209.0000;193.0000;0.0000;702.0000;1732864640.0000
209.0000;192.0000;0.0000;704.0000;1732864640.0000
209.0000;192.0000;0.0000;702.0000;1732864640.0000
209.0000;191.0000;0.0000;704.0000;1732864640.0000
209.0000;191.0000;0.0000;705.0000;1732864640.0000
209.0000;191.0000;0.0000;708.0000;1732864640.0000
209.0000;190.0000;0.0000;713.0000;1732864640.0000
209.0000;190.0000;0.0000;712.0000;1732864640.0000
208.0000;190.0000;0.0000;716.0000;1732864640.0000
208.0000;189.0000;0.0000;719.0000;1732864640.0000
208.0000;189.0000;0.0000;718.0000;1732864640.0000
208.0000;189.0000;0.0000;723.0000;1732864768.0000
208.0000;189.0000;0.0000;723.0000;1732864768.0000
208.0000;188.0000;0.0000;722.0000;1732864768.0000
208.0000;188.0000;0.0000;726.0000;1732864768.0000
207.0000;188.0000;0.0000;726.0000;1732864768.0000
207.0000;187.0000;0.0000;727.0000;1732864768.0000
207.0000;187.0000;0.0000;729.0000;1732864768.0000
207.0000;187.0000;0.0000;729.0000;1732864768.0000
206.0000;187.0000;0.0000;732.0000;1732864768.0000
206.0000;186.0000;0.0000;735.0000;1732864768.0000
206.0000;186.0000;0.0000;732.0000;1732864768.0000
205.0000;186.0000;0.0000;739.0000;1732864768.0000
205.0000;186.0000;0.0000;735.0000;1732864768.0000
205.0000;186.0000;0.0000;738.0000;1732864768.0000
205.0000;185.0000;0.0000;739.0000;1732864768.0000
204.0000;185.0000;0.0000;739.0000;1732864768.0000
204.0000;185.0000;0.0000;739.0000;1732864768.0000
204.0000;185.0000;0.0000;741.0000;1732864768.0000
204.0000;185.0000;0.0000;741.0000;1732864768.0000
204.0000;185.0000;0.0000;743.0000;1732864896.0000
203.0000;184.0000;0.0000;745.0000;1732864896.0000
203.0000;184.0000;0.0000;742.0000;1732864896.0000
202.0000;184.0000;0.0000;747.0000;1732864896.0000
202.0000;184.0000;0.0000;746.0000;1732864896.0000
201.0000;184.0000;0.0000;745.0000;1732864896.0000
201.0000;184.0000;0.0000;748.0000;1732864896.0000
201.0000;184.0000;0.0000;750.0000;1732864896.0000
200.0000;184.0000;0.0000;750.0000;1732864896.0000
200.0000;183.0000;0.0000;754.0000;1732864896.0000
199.0000;183.0000;0.0000;753.0000;1732864896.0000
199.0000;183.0000;0.0000;756.0000;1732864896.0000
199.0000;183.0000;0.0000;759.0000;1732864896.0000
198.0000;183.0000;0.0000;757.0000;1732864896.0000
198.0000;183.0000;0.0000;760.0000;1732864896.0000
198.0000;182.0000;0.0000;761.0000;1732864896.0000
197.0000;182.0000;0.0000;759.0000;1732864896.0000
197.0000;182.0000;0.0000;762.0000;1732864896.0000
196.0000;182.0000;0.0000;763.0000;1732865024.0000
196.0000;182.0000;0.0000;762.0000;1732865024.0000
195.0000;182.0000;0.0000;765.0000;1732865024.0000
195.0000;182.0000;0.0000;763.0000;1732865024.0000
194.0000;182.0000;0.0000;765.0000;1732865024.0000
194.0000;182.0000;0.0000;770.0000;1732865024.0000
194.0000;182.0000;0.0000;767.0000;1732865024.0000
193.0000;182.0000;0.0000;767.0000;1732865024.0000
193.0000;182.0000;0.0000;771.0000;1732865024.0000
193.0000;182.0000;0.0000;768.0000;1732865024.0000
192.0000;182.0000;0.0000;771.0000;1732865024.0000
192.0000;182.0000;0.0000;768.0000;1732865024.0000
192.0000;182.0000;0.0000;770.0000;1732865024.0000
191.0000;182.0000;0.0000;773.0000;1732865024.0000
191.0000;182.0000;0.0000;768.0000;1732865024.0000
190.0000;182.0000;0.0000;770.0000;1732865024.0000
190.0000;182.0000;0.0000;774.0000;1732865024.0000
190.0000;182.0000;0.0000;771.0000;1732865024.0000
189.0000;182.0000;0.0000;773.0000;1732865152.0000
189.0000;182.0000;0.0000;773.0000;1732865152.0000
188.0000;183.0000;0.0000;771.0000;1732865152.0000
188.0000;183.0000;0.0000;774.0000;1732865152.0000
188.0000;183.0000;0.0000;775.0000;1732865152.0000
187.0000;183.0000;0.0000;773.0000;1732865152.0000
187.0000;183.0000;0.0000;774.0000;1732865152.0000
186.0000;183.0000;0.0000;775.0000;1732865152.0000
186.0000;183.0000;0.0000;776.0000;1732865152.0000
186.0000;183.0000;0.0000;779.0000;1732865152.0000
185.0000;183.0000;0.0000;776.0000;1732865152.0000
185.0000;183.0000;0.0000;777.0000;1732865152.0000
185.0000;183.0000;0.0000;782.0000;1732865152.0000
185.0000;183.0000;0.0000;778.0000;1732865152.0000
185.0000;183.0000;0.0000;783.0000;1732865152.0000
184.0000;183.0000;0.0000;784.0000;1732865152.0000
184.0000;183.0000;0.0000;782.0000;1732865152.0000
183.0000;183.0000;0.0000;784.0000;1732865152.0000
183.0000;184.0000;0.0000;784.0000;1732865280.0000
183.0000;184.0000;0.0000;782.0000;1732865280.0000
183.0000;184.0000;0.0000;790.0000;1732865280.0000
183.0000;184.0000;0.0000;782.0000;1732865280.0000
182.0000;184.0000;0.0000;783.0000;1732865280.0000
182.0000;185.0000;0.0000;787.0000;1732865280.0000
181.0000;185.0000;0.0000;784.0000;1732865280.0000
181.0000;186.0000;0.0000;787.0000;1732865280.0000
181.0000;186.0000;0.0000;787.0000;1732865280.0000
180.0000;186.0000;0.0000;783.0000;1732865280.0000
180.0000;187.0000;0.0000;788.0000;1732865280.0000
179.0000;187.0000;0.0000;787.0000;1732865280.0000
179.0000;187.0000;0.0000;787.0000;1732865280.0000
179.0000;187.0000;0.0000;790.0000;1732865280.0000
179.0000;188.0000;0.0000;787.0000;1732865280.0000
178.0000;188.0000;0.0000;788.0000;1732865280.0000
178.0000;188.0000;0.0000;790.0000;1732865280.0000
177.0000;188.0000;0.0000;787.0000;1732865280.0000
177.0000;189.0000;0.0000;790.0000;1732865408.0000
177.0000;189.0000;0.0000;790.0000;1732865408.0000
177.0000;189.0000;0.0000;788.0000;1732865408.0000
176.0000;189.0000;0.0000;790.0000;1732865408.0000
176.0000;190.0000;0.0000;790.0000;1732865408.0000
175.0000;190.0000;0.0000;788.0000;1732865408.0000
175.0000;190.0000;0.0000;790.0000;1732865408.0000
175.0000;191.0000;0.0000;787.0000;1732865408.0000
175.0000;191.0000;0.0000;789.0000;1732865408.0000
174.0000;191.0000;0.0000;789.0000;1732865408.0000
174.0000;192.0000;0.0000;788.0000;1732865408.0000
174.0000;192.0000;0.0000;789.0000;1732865408.0000
173.0000;192.0000;0.0000;792.0000;1732865408.0000
173.0000;193.0000;0.0000;788.0000;1732865408.0000
173.0000;193.0000;0.0000;792.0000;1732865408.0000
173.0000;193.0000;0.0000;792.0000;1732865408.0000
172.0000;194.0000;0.0000;790.0000;1732865408.0000
172.0000;194.0000;0.0000;792.0000;1732865408.0000
172.0000;194.0000;0.0000;792.0000;1732865536.0000
171.0000;195.0000;0.0000;792.0000;1732865536.0000
171.0000;195.0000;0.0000;794.0000;1732865536.0000
171.0000;195.0000;0.0000;792.0000;1732865536.0000
170.0000;196.0000;0.0000;794.0000;1732865536.0000
170.0000;196.0000;0.0000;794.0000;1732865536.0000
170.0000;197.0000;0.0000;790.0000;1732865536.0000
169.0000;197.0000;0.0000;794.0000;1732865536.0000
169.0000;197.0000;0.0000;793.0000;1732865536.0000
169.0000;198.0000;0.0000;792.0000;1732865536.0000
169.0000;198.0000;0.0000;793.0000;1732865536.0000
168.0000;199.0000;0.0000;792.0000;1732865536.0000
168.0000;200.0000;0.0000;792.0000;1732865536.0000
168.0000;200.0000;0.0000;795.0000;1732865536.0000
167.0000;201.0000;0.0000;792.0000;1732865536.0000
167.0000;202.0000;0.0000;793.0000;1732865536.0000
167.0000;202.0000;0.0000;794.0000;1732865536.0000
167.0000;203.0000;0.0000;792.0000;1732865536.0000
166.0000;203.0000;0.0000;794.0000;1732865536.0000
166.0000;204.0000;0.0000;793.0000;1732865664.0000
166.0000;205.0000;0.0000;790.0000;1732865664.0000
166.0000;205.0000;0.0000;793.0000;1732865664.0000
166.0000;206.0000;0.0000;792.0000;1732865664.0000
166.0000;206.0000;0.0000;793.0000;1732865664.0000
165.0000;207.0000;12.0000;794.0000;1732865664.0000
165.0000;207.0000;0.0000;792.0000;1732865664.0000
165.0000;208.0000;0.0000;793.0000;1732865664.0000
165.0000;208.0000;0.0000;797.0000;1732865664.0000
165.0000;208.0000;0.0000;792.0000;1732865664.0000
165.0000;209.0000;0.0000;794.0000;1732865664.0000
165.0000;210.0000;12.0000;793.0000;1732865664.0000
165.0000;210.0000;0.0000;790.0000;1732865664.0000
164.0000;211.0000;0.0000;796.0000;1732865664.0000
164.0000;212.0000;0.0000;794.0000;1732865664.0000
164.0000;213.0000;12.0000;793.0000;1732865664.0000
164.0000;213.0000;0.0000;795.0000;1732865664.0000
164.0000;214.0000;0.0000;794.0000;1732865664.0000
164.0000;214.0000;0.0000;793.0000;1732865792.0000
164.0000;215.0000;0.0000;796.0000;1732865792.0000
164.0000;215.0000;0.0000;793.0000;1732865792.0000
164.0000;216.0000;12.0000;795.0000;1732865792.0000
164.0000;216.0000;0.0000;797.0000;1732865792.0000
164.0000;217.0000;0.0000;794.0000;1732865792.0000
164.0000;217.0000;0.0000;796.0000;1732865792.0000
165.0000;218.0000;0.0000;797.0000;1732865792.0000
165.0000;218.0000;12.0000;797.0000;1732865792.0000
165.0000;219.0000;0.0000;800.0000;1732865792.0000
165.0000;220.0000;12.0000;803.0000;1732865792.0000
165.0000;220.0000;0.0000;794.0000;1732865792.0000
165.0000;221.0000;0.0000;803.0000;1732865792.0000
165.0000;222.0000;0.0000;798.0000;1732865792.0000
165.0000;222.0000;0.0000;800.0000;1732865792.0000
165.0000;223.0000;0.0000;802.0000;1732865792.0000
165.0000;223.0000;0.0000;799.0000;1732865792.0000
165.0000;224.0000;0.0000;803.0000;1732865792.0000
165.0000;224.0000;0.0000;803.0000;1732865920.0000
166.0000;225.0000;0.0000;803.0000;1732865920.0000
166.0000;225.0000;0.0000;806.0000;1732865920.0000
166.0000;226.0000;0.0000;804.0000;1732865920.0000
166.0000;227.0000;0.0000;806.0000;1732865920.0000
166.0000;227.0000;0.0000;809.0000;1732865920.0000
167.0000;227.0000;0.0000;805.0000;1732865920.0000
167.0000;228.0000;0.0000;808.0000;1732865920.0000
167.0000;228.0000;0.0000;809.0000;1732865920.0000
167.0000;228.0000;0.0000;807.0000;1732865920.0000
168.0000;229.0000;0.0000;811.0000;1732865920.0000
168.0000;229.0000;0.0000;809.0000;1732865920.0000
168.0000;230.0000;0.0000;810.0000;1732865920.0000
168.0000;230.0000;12.0000;813.0000;1732865920.0000
168.0000;231.0000;0.0000;809.0000;1732865920.0000
168.0000;232.0000;0.0000;812.0000;1732865920.0000
169.0000;232.0000;0.0000;814.0000;1732865920.0000
169.0000;232.0000;0.0000;812.0000;1732865920.0000
169.0000;233.0000;0.0000;815.0000;1732866048.0000
170.0000;233.0000;12.0000;817.0000;1732866048.0000
170.0000;233.0000;0.0000;815.0000;1732866048.0000
170.0000;234.0000;0.0000;818.0000;1732866048.0000
170.0000;234.0000;0.0000;819.0000;1732866048.0000
170.0000;235.0000;0.0000;817.0000;1732866048.0000
171.0000;235.0000;0.0000;821.0000;1732866048.0000
171.0000;236.0000;0.0000;818.0000;1732866048.0000
171.0000;236.0000;0.0000;818.0000;1732866048.0000
172.0000;237.0000;0.0000;822.0000;1732866048.0000
172.0000;237.0000;0.0000;820.0000;1732866048.0000
173.0000;237.0000;0.0000;821.0000;1732866048.0000
173.0000;238.0000;0.0000;825.0000;1732866048.0000
174.0000;238.0000;0.0000;825.0000;1732866048.0000
174.0000;239.0000;0.0000;827.0000;1732866048.0000
174.0000;239.0000;0.0000;829.0000;1732866048.0000
175.0000;240.0000;0.0000;827.0000;1732866048.0000
175.0000;240.0000;0.0000;831.0000;1732866048.0000
175.0000;241.0000;0.0000;831.0000;1732866048.0000
176.0000;241.0000;0.0000;831.0000;1732866176.0000
176.0000;241.0000;0.0000;834.0000;1732866176.0000
177.0000;242.0000;0.0000;830.0000;1732866176.0000
177.0000;242.0000;0.0000;833.0000;1732866176.0000
177.0000;243.0000;0.0000;835.0000;1732866176.0000
178.0000;243.0000;0.0000;833.0000;1732866176.0000
178.0000;244.0000;0.0000;836.0000;1732866176.0000
178.0000;244.0000;0.0000;836.0000;1732866176.0000
179.0000;245.0000;0.0000;835.0000;1732866176.0000
180.0000;245.0000;0.0000;838.0000;1732866176.0000
180.0000;246.0000;0.0000;837.0000;1732866176.0000
181.0000;246.0000;0.0000;836.0000;1732866176.0000
181.0000;246.0000;0.0000;839.0000;1732866176.0000
182.0000;246.0000;0.0000;837.0000;1732866176.0000
182.0000;247.0000;0.0000;840.0000;1732866176.0000
182.0000;247.0000;0.0000;842.0000;1732866176.0000
182.0000;247.0000;0.0000;839.0000;1732866176.0000
183.0000;248.0000;0.0000;842.0000;1732866176.0000
183.0000;248.0000;0.0000;844.0000;1732866304.0000
184.0000;249.0000;0.0000;841.0000;1732866304.0000
184.0000;249.0000;0.0000;836.0000;1732866304.0000
185.0000;249.0000;0.0000;845.0000;1732866304.0000
185.0000;249.0000;0.0000;844.0000;1732866304.0000
186.0000;249.0000;0.0000;848.0000;1732866304.0000
186.0000;250.0000;0.0000;845.0000;1732866304.0000
187.0000;250.0000;0.0000;845.0000;1732866304.0000
187.0000;250.0000;0.0000;850.0000;1732866304.0000
188.0000;250.0000;0.0000;848.0000;1732866304.0000
188.0000;250.0000;0.0000;850.0000;1732866304.0000
189.0000;250.0000;0.0000;853.0000;1732866304.0000
189.0000;250.0000;0.0000;849.0000;1732866304.0000
190.0000;251.0000;0.0000;852.0000;1732866304.0000
190.0000;251.0000;0.0000;852.0000;1732866304.0000
191.0000;251.0000;0.0000;851.0000;1732866304.0000
191.0000;251.0000;0.0000;854.0000;1732866304.0000
192.0000;251.0000;0.0000;853.0000;1732866304.0000
192.0000;251.0000;0.0000;853.0000;1732866432.0000
193.0000;251.0000;0.0000;856.0000;1732866432.0000
193.0000;251.0000;0.0000;854.0000;1732866432.0000
194.0000;251.0000;0.0000;854.0000;1732866432.0000
195.0000;251.0000;0.0000;858.0000;1732866432.0000
195.0000;251.0000;0.0000;858.0000;1732866432.0000
196.0000;251.0000;0.0000;858.0000;1732866432.0000
197.0000;251.0000;0.0000;858.0000;1732866432.0000
198.0000;251.0000;0.0000;858.0000;1732866432.0000
198.0000;251.0000;0.0000;860.0000;1732866432.0000
199.0000;251.0000;0.0000;860.0000;1732866432.0000
199.0000;252.0000;0.0000;858.0000;1732866432.0000
200.0000;252.0000;0.0000;862.0000;1732866432.0000
200.0000;252.0000;0.0000;860.0000;1732866432.0000
201.0000;252.0000;0.0000;861.0000;1732866432.0000
202.0000;252.0000;0.0000;863.0000;1732866432.0000
202.0000;252.0000;0.0000;861.0000;1732866432.0000
203.0000;252.0000;0.0000;863.0000;1732866432.0000
204.0000;252.0000;0.0000;863.0000;1732866560.0000
205.0000;252.0000;0.0000;863.0000;1732866560.0000
205.0000;252.0000;0.0000;865.0000;1732866560.0000
206.0000;252.0000;0.0000;864.0000;1732866560.0000
207.0000;252.0000;0.0000;863.0000;1732866560.0000
208.0000;252.0000;0.0000;867.0000;1732866560.0000
208.0000;252.0000;0.0000;865.0000;1732866560.0000
209.0000;252.0000;0.0000;865.0000;1732866560.0000
209.0000;252.0000;0.0000;868.0000;1732866560.0000
210.0000;252.0000;0.0000;864.0000;1732866560.0000
210.0000;252.0000;0.0000;868.0000;1732866560.0000
211.0000;252.0000;0.0000;868.0000;1732866560.0000
212.0000;252.0000;0.0000;866.0000;1732866560.0000
213.0000;252.0000;0.0000;869.0000;1732866560.0000
214.0000;251.0000;0.0000;869.0000;1732866560.0000
214.0000;251.0000;0.0000;869.0000;1732866560.0000
215.0000;251.0000;0.0000;869.0000;1732866560.0000
215.0000;251.0000;0.0000;869.0000;1732866560.0000
216.0000;251.0000;0.0000;870.0000;1732866688.0000
217.0000;251.0000;0.0000;873.0000;1732866688.0000
218.0000;250.0000;0.0000;870.0000;1732866688.0000
218.0000;250.0000;0.0000;873.0000;1732866688.0000
219.0000;250.0000;0.0000;873.0000;1732866688.0000
219.0000;250.0000;0.0000;869.0000;1732866688.0000
220.0000;250.0000;0.0000;875.0000;1732866688.0000
220.0000;250.0000;0.0000;872.0000;1732866688.0000
221.0000;249.0000;0.0000;873.0000;1732866688.0000
222.0000;249.0000;0.0000;875.0000;1732866688.0000
223.0000;249.0000;0.0000;872.0000;1732866688.0000
223.0000;249.0000;0.0000;872.0000;1732866688.0000
224.0000;248.0000;0.0000;877.0000;1732866688.0000
224.0000;248.0000;0.0000;874.0000;1732866688.0000
225.0000;248.0000;0.0000;877.0000;1732866688.0000
226.0000;248.0000;0.0000;870.0000;1732866688.0000
227.0000;247.0000;0.0000;878.0000;1732866688.0000
227.0000;247.0000;0.0000;880.0000;1732866688.0000
228.0000;247.0000;0.0000;878.0000;1732866816.0000
228.0000;246.0000;0.0000;875.0000;1732866816.0000
229.0000;246.0000;0.0000;881.0000;1732866816.0000
230.0000;246.0000;0.0000;880.0000;1732866816.0000
230.0000;245.0000;0.0000;881.0000;1732866816.0000
231.0000;245.0000;0.0000;882.0000;1732866816.0000
231.0000;245.0000;0.0000;881.0000;1732866816.0000
232.0000;244.0000;0.0000;884.0000;1732866816.0000
233.0000;243.0000;0.0000;883.0000;1732866816.0000
234.0000;243.0000;0.0000;881.0000;1732866816.0000
234.0000;243.0000;0.0000;884.0000;1732866816.0000
235.0000;242.0000;0.0000;883.0000;1732866816.0000
235.0000;242.0000;0.0000;881.0000;1732866816.0000
236.0000;241.0000;0.0000;884.0000;1732866816.0000
237.0000;241.0000;0.0000;883.0000;1732866816.0000
237.0000;240.0000;0.0000;884.0000;1732866816.0000
237.0000;240.0000;0.0000;886.0000;1732866816.0000
238.0000;240.0000;0.0000;884.0000;1732866816.0000
239.0000;239.0000;0.0000;884.0000;1732866816.0000
239.0000;239.0000;0.0000;887.0000;1732866944.0000
240.0000;239.0000;0.0000;886.0000;1732866944.0000
240.0000;238.0000;0.0000;889.0000;1732866944.0000
241.0000;237.0000;0.0000;891.0000;1732866944.0000
241.0000;237.0000;0.0000;889.0000;1732866944.0000
242.0000;237.0000;0.0000;891.0000;1732866944.0000
242.0000;236.0000;0.0000;891.0000;1732866944.0000
243.0000;236.0000;0.0000;892.0000;1732866944.0000
243.0000;235.0000;0.0000;894.0000;1732866944.0000
244.0000;235.0000;0.0000;893.0000;1732866944.0000
244.0000;234.0000;0.0000;896.0000;1732866944.0000
245.0000;234.0000;0.0000;898.0000;1732866944.0000
246.0000;233.0000;0.0000;896.0000;1732866944.0000
246.0000;233.0000;0.0000;899.0000;1732866944.0000
246.0000;232.0000;0.0000;900.0000;1732866944.0000
247.0000;232.0000;0.0000;899.0000;1732866944.0000
247.0000;231.0000;0.0000;903.0000;1732866944.0000
248.0000;231.0000;0.0000;903.0000;1732866944.0000
248.0000;230.0000;0.0000;905.0000;1732867072.0000
249.0000;230.0000;12.0000;906.0000;1732867072.0000
249.0000;229.0000;0.0000;904.0000;1732867072.0000
250.0000;229.0000;12.0000;908.0000;1732867072.0000
250.0000;229.0000;0.0000;910.0000;1732867072.0000
251.0000;228.0000;0.0000;904.0000;1732867072.0000
251.0000;227.0000;0.0000;909.0000;1732867072.0000
252.0000;227.0000;0.0000;912.0000;1732867072.0000
253.0000;226.0000;0.0000;906.0000;1732867072.0000
253.0000;226.0000;0.0000;912.0000;1732867072.0000
254.0000;225.0000;0.0000;912.0000;1732867072.0000
254.0000;224.0000;12.0000;911.0000;1732867072.0000
255.0000;223.0000;0.0000;915.0000;1732867072.0000
256.0000;223.0000;12.0000;913.0000;1732867072.0000
256.0000;222.0000;0.0000;917.0000;1732867072.0000
256.0000;221.0000;0.0000;919.0000;1732867072.0000
257.0000;221.0000;0.0000;914.0000;1732867072.0000
258.0000;220.0000;0.0000;915.0000;1732867072.0000
258.0000;219.0000;12.0000;917.0000;1732867200.0000
259.0000;218.0000;0.0000;909.0000;1732867200.0000
259.0000;218.0000;0.0000;924.0000;1732867200.0000
259.0000;217.0000;0.0000;912.0000;1732867200.0000
259.0000;217.0000;0.0000;917.0000;1732867200.0000
260.0000;216.0000;0.0000;920.0000;1732867200.0000
261.0000;215.0000;0.0000;918.0000;1732867200.0000
261.0000;214.0000;0.0000;920.0000;1732867200.0000
262.0000;213.0000;0.0000;924.0000;1732867200.0000
262.0000;212.0000;0.0000;920.0000;1732867200.0000
262.0000;212.0000;0.0000;924.0000;1732867200.0000
262.0000;211.0000;0.0000;924.0000;1732867200.0000
262.0000;210.0000;0.0000;922.0000;1732867200.0000
263.0000;209.0000;0.0000;925.0000;1732867200.0000
263.0000;208.0000;0.0000;925.0000;1732867200.0000
264.0000;208.0000;0.0000;924.0000;1732867200.0000
264.0000;207.0000;0.0000;926.0000;1732867200.0000
264.0000;206.0000;0.0000;924.0000;1732867200.0000
264.0000;206.0000;0.0000;924.0000;1732867328.0000
265.0000;205.0000;0.0000;928.0000;1732867328.0000
265.0000;204.0000;0.0000;925.0000;1732867328.0000
266.0000;203.0000;0.0000;926.0000;1732867328.0000
266.0000;202.0000;0.0000;927.0000;1732867328.0000
266.0000;201.0000;0.0000;926.0000;1732867328.0000
266.0000;200.0000;0.0000;927.0000;1732867328.0000
266.0000;200.0000;0.0000;929.0000;1732867328.0000
266.0000;199.0000;0.0000;929.0000;1732867328.0000
266.0000;198.0000;0.0000;929.0000;1732867328.0000
267.0000;197.0000;0.0000;928.0000;1732867328.0000
267.0000;196.0000;0.0000;926.0000;1732867328.0000
268.0000;195.0000;0.0000;932.0000;1732867328.0000
268.0000;194.0000;0.0000;928.0000;1732867328.0000
268.0000;193.0000;0.0000;930.0000;1732867328.0000
268.0000;193.0000;0.0000;929.0000;1732867328.0000
268.0000;192.0000;0.0000;929.0000;1732867328.0000
268.0000;191.0000;0.0000;932.0000;1732867328.0000
268.0000;190.0000;0.0000;930.0000;1732867456.0000
268.0000;189.0000;0.0000;931.0000;1732867456.0000
268.0000;188.0000;0.0000;935.0000;1732867456.0000
268.0000;187.0000;0.0000;933.0000;1732867456.0000
268.0000;186.0000;0.0000;933.0000;1732867456.0000
268.0000;185.0000;0.0000;935.0000;1732867456.0000
268.0000;185.0000;0.0000;932.0000;1732867456.0000
268.0000;184.0000;0.0000;934.0000;1732867456.0000
268.0000;183.0000;0.0000;938.0000;1732867456.0000
268.0000;182.0000;0.0000;933.0000;1732867456.0000
268.0000;182.0000;0.0000;936.0000;1732867456.0000
268.0000;181.0000;0.0000;938.0000;1732867456.0000
268.0000;181.0000;0.0000;935.0000;1732867456.0000
268.0000;180.0000;0.0000;939.0000;1732867456.0000
268.0000;179.0000;0.0000;938.0000;1732867456.0000
268.0000;178.0000;0.0000;935.0000;1732867456.0000
268.0000;178.0000;0.0000;941.0000;1732867456.0000
268.0000;177.0000;0.0000;937.0000;1732867456.0000
268.0000;176.0000;0.0000;938.0000;1732867584.0000
268.0000;176.0000;0.0000;939.0000;1732867584.0000
268.0000;175.0000;0.0000;938.0000;1732867584.0000
268.0000;175.0000;0.0000;940.0000;1732867584.0000
268.0000;174.0000;0.0000;941.0000;1732867584.0000
267.0000;174.0000;0.0000;940.0000;1732867584.0000
267.0000;173.0000;0.0000;942.0000;1732867584.0000
267.0000;172.0000;0.0000;941.0000;1732867584.0000
267.0000;172.0000;0.0000;942.0000;1732867584.0000
267.0000;171.0000;0.0000;945.0000;1732867584.0000
267.0000;170.0000;0.0000;941.0000;1732867584.0000
267.0000;170.0000;0.0000;941.0000;1732867584.0000
267.0000;169.0000;0.0000;945.0000;1732867584.0000
266.0000;168.0000;0.0000;942.0000;1732867584.0000
266.0000;168.0000;12.0000;943.0000;1732867584.0000
266.0000;168.0000;0.0000;947.0000;1732867584.0000
266.0000;167.0000;12.0000;943.0000;1732867584.0000
266.0000;167.0000;0.0000;938.0000;1732867584.0000
266.0000;166.0000;0.0000;947.0000;1732867584.0000
266.0000;166.0000;0.0000;945.0000;1732867712.0000
265.0000;166.0000;0.0000;948.0000;1732867712.0000
265.0000;165.0000;0.0000;950.0000;1732867712.0000
265.0000;165.0000;0.0000;947.0000;1732867712.0000
264.0000;164.0000;0.0000;950.0000;1732867712.0000
264.0000;164.0000;0.0000;947.0000;1732867712.0000
264.0000;163.0000;0.0000;947.0000;1732867712.0000
263.0000;163.0000;0.0000;951.0000;1732867712.0000
263.0000;162.0000;0.0000;949.0000;1732867712.0000
263.0000;162.0000;0.0000;950.0000;1732867712.0000
263.0000;162.0000;0.0000;951.0000;1732867712.0000
263.0000;161.0000;0.0000;950.0000;1732867712.0000
262.0000;161.0000;0.0000;951.0000;1732867712.0000
262.0000;161.0000;0.0000;950.0000;1732867712.0000
262.0000;160.0000;0.0000;950.0000;1732867712.0000
262.0000;160.0000;0.0000;953.0000;1732867712.0000
261.0000;159.0000;0.0000;950.0000;1732867712.0000
261.0000;159.0000;0.0000;950.0000;1732867712.0000
261.0000;158.0000;0.0000;951.0000;1732867840.0000
260.0000;158.0000;0.0000;952.0000;1732867840.0000
260.0000;157.0000;0.0000;943.0000;1732867840.0000
260.0000;157.0000;0.0000;954.0000;1732867840.0000
260.0000;157.0000;0.0000;950.0000;1732867840.0000
260.0000;156.0000;0.0000;955.0000;1732867840.0000
259.0000;156.0000;0.0000;953.0000;1732867840.0000
259.0000;155.0000;0.0000;952.0000;1732867840.0000
258.0000;155.0000;0.0000;953.0000;1732867840.0000
258.0000;155.0000;0.0000;950.0000;1732867840.0000
258.0000;154.0000;0.0000;953.0000;1732867840.0000
257.0000;154.0000;0.0000;953.0000;1732867840.0000
257.0000;153.0000;0.0000;951.0000;1732867840.0000
257.0000;153.0000;0.0000;952.0000;1732867840.0000
256.0000;152.0000;0.0000;953.0000;1732867840.0000
256.0000;152.0000;0.0000;951.0000;1732867840.0000
256.0000;151.0000;0.0000;954.0000;1732867840.0000
255.0000;151.0000;0.0000;954.0000;1732867840.0000
255.0000;150.0000;0.0000;951.0000;1732867968.0000
254.0000;150.0000;0.0000;954.0000;1732867968.0000
254.0000;149.0000;0.0000;952.0000;1732867968.0000
253.0000;149.0000;0.0000;954.0000;1732867968.0000
253.0000;148.0000;0.0000;957.0000;1732867968.0000
253.0000;148.0000;0.0000;952.0000;1732867968.0000
253.0000;147.0000;0.0000;953.0000;1732867968.0000
252.0000;147.0000;0.0000;954.0000;1732867968.0000
252.0000;146.0000;0.0000;951.0000;1732867968.0000
252.0000;146.0000;0.0000;953.0000;1732867968.0000
251.0000;145.0000;0.0000;953.0000;1732867968.0000
251.0000;145.0000;0.0000;953.0000;1732867968.0000
251.0000;144.0000;0.0000;957.0000;1732867968.0000
250.0000;144.0000;0.0000;954.0000;1732867968.0000
250.0000;143.0000;0.0000;954.0000;1732867968.0000
249.0000;143.0000;0.0000;957.0000;1732867968.0000
249.0000;142.0000;0.0000;953.0000;1732867968.0000
248.0000;142.0000;0.0000;955.0000;1732867968.0000
248.0000;142.0000;0.0000;957.0000;1732868096.0000
248.0000;141.0000;0.0000;954.0000;1732868096.0000
248.0000;141.0000;0.0000;957.0000;1732868096.0000
248.0000;140.0000;0.0000;957.0000;1732868096.0000
247.0000;140.0000;0.0000;955.0000;1732868096.0000
247.0000;139.0000;0.0000;957.0000;1732868096.0000
246.0000;139.0000;0.0000;957.0000;1732868096.0000
246.0000;139.0000;0.0000;957.0000;1732868096.0000
246.0000;139.0000;0.0000;959.0000;1732868096.0000
245.0000;138.0000;0.0000;957.0000;1732868096.0000
245.0000;137.0000;0.0000;957.0000;1732868096.0000
244.0000;137.0000;0.0000;959.0000;1732868096.0000
244.0000;136.0000;0.0000;957.0000;1732868096.0000
244.0000;136.0000;0.0000;959.0000;1732868096.0000
243.0000;136.0000;0.0000;959.0000;1732868096.0000
243.0000;135.0000;0.0000;957.0000;1732868096.0000
242.0000;135.0000;0.0000;959.0000;1732868096.0000
242.0000;134.0000;0.0000;959.0000;1732868096.0000
241.0000;134.0000;0.0000;959.0000;1732868096.0000
241.0000;133.0000;0.0000;961.0000;1732868224.0000
240.0000;133.0000;0.0000;958.0000;1732868224.0000
240.0000;133.0000;0.0000;961.0000;1732868224.0000
239.0000;132.0000;0.0000;961.0000;1732868224.0000
239.0000;132.0000;0.0000;957.0000;1732868224.0000
238.0000;131.0000;0.0000;960.0000;1732868224.0000
238.0000;131.0000;0.0000;961.0000;1732868224.0000
237.0000;131.0000;0.0000;958.0000;1732868224.0000
237.0000;130.0000;0.0000;960.0000;1732868224.0000
237.0000;130.0000;0.0000;960.0000;1732868224.0000
236.0000;130.0000;0.0000;958.0000;1732868224.0000
236.0000;129.0000;0.0000;960.0000;1732868224.0000
236.0000;129.0000;0.0000;958.0000;1732868224.0000
235.0000;129.0000;0.0000;959.0000;1732868224.0000
235.0000;128.0000;0.0000;960.0000;1732868224.0000
234.0000;128.0000;0.0000;958.0000;1732868224.0000
233.0000;127.0000;0.0000;960.0000;1732868224.0000
233.0000;127.0000;0.0000;959.0000;1732868224.0000
233.0000;127.0000;0.0000;958.0000;1732868352.0000
232.0000;127.0000;0.0000;961.0000;1732868352.0000
232.0000;126.0000;0.0000;961.0000;1732868352.0000
231.0000;126.0000;0.0000;959.0000;1732868352.0000
230.0000;125.0000;0.0000;959.0000;1732868352.0000
230.0000;125.0000;0.0000;957.0000;1732868352.0000
230.0000;125.0000;0.0000;959.0000;1732868352.0000
229.0000;125.0000;0.0000;961.0000;1732868352.0000
229.0000;124.0000;12.0000;959.0000;1732868352.0000
228.0000;124.0000;0.0000;960.0000;1732868352.0000
227.0000;124.0000;0.0000;961.0000;1732868352.0000
227.0000;123.0000;0.0000;957.0000;1732868352.0000
226.0000;123.0000;0.0000;959.0000;1732868352.0000
226.0000;123.0000;0.0000;960.0000;1732868352.0000
225.0000;122.0000;0.0000;958.0000;1732868352.0000
225.0000;122.0000;12.0000;960.0000;1732868352.0000
224.0000;122.0000;0.0000;959.0000;1732868352.0000
224.0000;121.0000;12.0000;959.0000;1732868352.0000
223.0000;121.0000;0.0000;961.0000;1732868480.0000
223.0000;121.0000;0.0000;957.0000;1732868480.0000
222.0000;121.0000;0.0000;959.0000;1732868480.0000
222.0000;120.0000;0.0000;959.0000;1732868480.0000
221.0000;120.0000;0.0000;959.0000;1732868480.0000
220.0000;120.0000;0.0000;959.0000;1732868480.0000
220.0000;120.0000;12.0000;961.0000;1732868480.0000
219.0000;119.0000;0.0000;958.0000;1732868480.0000
219.0000;119.0000;0.0000;959.0000;1732868480.0000
218.0000;118.0000;0.0000;963.0000;1732868480.0000
217.0000;118.0000;0.0000;958.0000;1732868480.0000
217.0000;118.0000;0.0000;962.0000;1732868480.0000
216.0000;118.0000;0.0000;959.0000;1732868480.0000
215.0000;117.0000;0.0000;959.0000;1732868480.0000
214.0000;117.0000;0.0000;960.0000;1732868480.0000
213.0000;117.0000;0.0000;954.0000;1732868480.0000
213.0000;117.0000;0.0000;959.0000;1732868480.0000
212.0000;117.0000;0.0000;958.0000;1732868480.0000
211.0000;117.0000;0.0000;954.0000;1732868608.0000
210.0000;117.0000;0.0000;957.0000;1732868608.0000
209.0000;117.0000;0.0000;957.0000;1732868608.0000
208.0000;117.0000;0.0000;955.0000;1732868608.0000
207.0000;116.0000;0.0000;957.0000;1732868608.0000
207.0000;116.0000;0.0000;955.0000;1732868608.0000
206.0000;116.0000;0.0000;958.0000;1732868608.0000
205.0000;116.0000;0.0000;958.0000;1732868608.0000
204.0000;116.0000;0.0000;957.0000;1732868608.0000
203.0000;116.0000;0.0000;957.0000;1732868608.0000
201.0000;116.0000;0.0000;957.0000;1732868608.0000
200.0000;116.0000;0.0000;952.0000;1732868608.0000
199.0000;116.0000;0.0000;953.0000;1732868608.0000
198.0000;116.0000;0.0000;952.0000;1732868608.0000
197.0000;116.0000;0.0000;951.0000;1732868608.0000
196.0000;116.0000;0.0000;953.0000;1732868608.0000
195.0000;115.0000;0.0000;950.0000;1732868608.0000
194.0000;115.0000;0.0000;952.0000;1732868608.0000
193.0000;115.0000;0.0000;950.0000;1732868736.0000
192.0000;115.0000;0.0000;950.0000;1732868736.0000
192.0000;115.0000;0.0000;948.0000;1732868736.0000
191.0000;115.0000;0.0000;950.0000;1732868736.0000
190.0000;115.0000;0.0000;947.0000;1732868736.0000
189.0000;115.0000;0.0000;947.0000;1732868736.0000
188.0000;115.0000;0.0000;950.0000;1732868736.0000
187.0000;115.0000;0.0000;947.0000;1732868736.0000
187.0000;116.0000;0.0000;947.0000;1732868736.0000
186.0000;116.0000;0.0000;944.0000;1732868736.0000
185.0000;116.0000;0.0000;946.0000;1732868736.0000
185.0000;115.0000;0.0000;945.0000;1732868736.0000
184.0000;115.0000;0.0000;945.0000;1732868736.0000
184.0000;115.0000;0.0000;945.0000;1732868736.0000
183.0000;115.0000;0.0000;947.0000;1732868736.0000
182.0000;115.0000;0.0000;943.0000;1732868736.0000
181.0000;115.0000;0.0000;945.0000;1732868736.0000
181.0000;115.0000;0.0000;944.0000;1732868736.0000
180.0000;115.0000;0.0000;943.0000;1732868864.0000
179.0000;115.0000;0.0000;946.0000;1732868864.0000
179.0000;115.0000;0.0000;944.0000;1732868864.0000
178.0000;115.0000;0.0000;944.0000;1732868864.0000
177.0000;115.0000;0.0000;945.0000;1732868864.0000
176.0000;115.0000;0.0000;941.0000;1732868864.0000
176.0000;115.0000;0.0000;943.0000;1732868864.0000
175.0000;115.0000;0.0000;944.0000;1732868864.0000
175.0000;115.0000;0.0000;941.0000;1732868864.0000
174.0000;116.0000;0.0000;943.0000;1732868864.0000
173.0000;116.0000;0.0000;944.0000;1732868864.0000
173.0000;116.0000;0.0000;939.0000;1732868864.0000
172.0000;116.0000;0.0000;941.0000;1732868864.0000
172.0000;116.0000;0.0000;938.0000;1732868864.0000
171.0000;116.0000;0.0000;938.0000;1732868864.0000
170.0000;116.0000;0.0000;939.0000;1732868864.0000
170.0000;116.0000;0.0000;939.0000;1732868864.0000
169.0000;117.0000;0.0000;937.0000;1732868864.0000
168.0000;117.0000;0.0000;937.0000;1732868864.0000
168.0000;117.0000;0.0000;933.0000;1732868992.0000
167.0000;117.0000;0.0000;938.0000;1732868992.0000
167.0000;117.0000;0.0000;937.0000;1732868992.0000
166.0000;117.0000;0.0000;933.0000;1732868992.0000
165.0000;117.0000;0.0000;935.0000;1732868992.0000
164.0000;118.0000;0.0000;935.0000;1732868992.0000
163.0000;118.0000;0.0000;932.0000;1732868992.0000
163.0000;119.0000;0.0000;935.0000;1732868992.0000
162.0000;119.0000;0.0000;930.0000;1732868992.0000
161.0000;119.0000;0.0000;930.0000;1732868992.0000
160.0000;119.0000;0.0000;932.0000;1732868992.0000
160.0000;119.0000;0.0000;929.0000;1732868992.0000
159.0000;120.0000;0.0000;929.0000;1732868992.0000
158.0000;120.0000;0.0000;930.0000;1732868992.0000
157.0000;120.0000;0.0000;928.0000;1732868992.0000
156.0000;120.0000;0.0000;929.0000;1732868992.0000
155.0000;121.0000;0.0000;929.0000;1732868992.0000
154.0000;121.0000;0.0000;927.0000;1732868992.0000
153.0000;121.0000;0.0000;929.0000;1732869120.0000
152.0000;122.0000;0.0000;926.0000;1732869120.0000
151.0000;122.0000;0.0000;926.0000;1732869120.0000
151.0000;122.0000;0.0000;929.0000;1732869120.0000
150.0000;123.0000;0.0000;926.0000;1732869120.0000
149.0000;123.0000;0.0000;926.0000;1732869120.0000
149.0000;123.0000;0.0000;926.0000;1732869120.0000
148.0000;123.0000;0.0000;925.0000;1732869120.0000
147.0000;124.0000;0.0000;926.0000;1732869120.0000
147.0000;124.0000;0.0000;927.0000;1732869120.0000
146.0000;125.0000;0.0000;924.0000;1732869120.0000
145.0000;125.0000;0.0000;926.0000;1732869120.0000
144.0000;126.0000;0.0000;924.0000;1732869120.0000
144.0000;126.0000;0.0000;922.0000;1732869120.0000
143.0000;126.0000;0.0000;924.0000;1732869120.0000
142.0000;127.0000;0.0000;920.0000;1732869120.0000
142.0000;127.0000;0.0000;921.0000;1732869120.0000
141.0000;128.0000;0.0000;921.0000;1732869120.0000
140.0000;128.0000;0.0000;918.0000;1732869248.0000
139.0000;129.0000;0.0000;920.0000;1732869248.0000
139.0000;130.0000;0.0000;922.0000;1732869248.0000
138.0000;130.0000;0.0000;917.0000;1732869248.0000
137.0000;131.0000;0.0000;920.0000;1732869248.0000
136.0000;132.0000;0.0000;918.0000;1732869248.0000
135.0000;132.0000;0.0000;915.0000;1732869248.0000
134.0000;133.0000;0.0000;918.0000;1732869248.0000
133.0000;133.0000;0.0000;915.0000;1732869248.0000
132.0000;134.0000;0.0000;914.0000;1732869248.0000
132.0000;135.0000;0.0000;917.0000;1732869248.0000
131.0000;135.0000;0.0000;913.0000;1732869248.0000
131.0000;135.0000;0.0000;914.0000;1732869248.0000
130.0000;136.0000;0.0000;915.0000;1732869248.0000
129.0000;136.0000;0.0000;912.0000;1732869248.0000
129.0000;137.0000;0.0000;914.0000;1732869248.0000
128.0000;138.0000;0.0000;911.0000;1732869248.0000
127.0000;138.0000;0.0000;910.0000;1732869248.0000
127.0000;139.0000;0.0000;916.0000;1732869376.0000
126.0000;139.0000;0.0000;909.0000;1732869376.0000
126.0000;140.0000;0.0000;909.0000;1732869376.0000
125.0000;141.0000;0.0000;910.0000;1732869376.0000
125.0000;141.0000;0.0000;908.0000;1732869376.0000
125.0000;141.0000;0.0000;909.0000;1732869376.0000
124.0000;142.0000;0.0000;910.0000;1732869376.0000
124.0000;142.0000;0.0000;899.0000;1732869376.0000
123.0000;143.0000;0.0000;909.0000;1732869376.0000
123.0000;143.0000;0.0000;909.0000;1732869376.0000
122.0000;144.0000;0.0000;908.0000;1732869376.0000
121.0000;145.0000;0.0000;909.0000;1732869376.0000
121.0000;146.0000;0.0000;906.0000;1732869376.0000
120.0000;146.0000;0.0000;905.0000;1732869376.0000
120.0000;147.0000;0.0000;905.0000;1732869376.0000
120.0000;148.0000;0.0000;902.0000;1732869376.0000
119.0000;148.0000;0.0000;905.0000;1732869376.0000
119.0000;149.0000;0.0000;905.0000;1732869376.0000
119.0000;149.0000;0.0000;902.0000;1732869504.0000
118.0000;150.0000;0.0000;905.0000;1732869504.0000
118.0000;150.0000;0.0000;905.0000;1732869504.0000
117.0000;151.0000;0.0000;904.0000;1732869504.0000
116.0000;152.0000;0.0000;904.0000;1732869504.0000
116.0000;152.0000;0.0000;902.0000;1732869504.0000
116.0000;153.0000;0.0000;904.0000;1732869504.0000
115.0000;154.0000;0.0000;905.0000;1732869504.0000
115.0000;154.0000;0.0000;902.0000;1732869504.0000
115.0000;155.0000;0.0000;903.0000;1732869504.0000
115.0000;155.0000;0.0000;904.0000;1732869504.0000
114.0000;156.0000;0.0000;900.0000;1732869504.0000
114.0000;156.0000;0.0000;903.0000;1732869504.0000
113.0000;157.0000;0.0000;904.0000;1732869504.0000
112.0000;158.0000;0.0000;901.0000;1732869504.0000
112.0000;158.0000;0.0000;906.0000;1732869504.0000
111.0000;159.0000;0.0000;899.0000;1732869504.0000
110.0000;160.0000;0.0000;901.0000;1732869504.0000
110.0000;160.0000;0.0000;904.0000;1732869632.0000
109.0000;161.0000;0.0000;900.0000;1732869632.0000
109.0000;162.0000;0.0000;902.0000;1732869632.0000
109.0000;162.0000;0.0000;904.0000;1732869632.0000
108.0000;163.0000;0.0000;900.0000;1732869632.0000
107.0000;164.0000;0.0000;899.0000;1732869632.0000
107.0000;165.0000;0.0000;902.0000;1732869632.0000
106.0000;165.0000;0.0000;901.0000;1732869632.0000
106.0000;166.0000;0.0000;899.0000;1732869632.0000
105.0000;167.0000;0.0000;902.0000;1732869632.0000
105.0000;167.0000;0.0000;900.0000;1732869632.0000
104.0000;168.0000;0.0000;905.0000;1732869632.0000
104.0000;169.0000;0.0000;899.0000;1732869632.0000
103.0000;170.0000;0.0000;899.0000;1732869632.0000
102.0000;170.0000;0.0000;901.0000;1732869632.0000
102.0000;171.0000;0.0000;899.0000;1732869632.0000
102.0000;172.0000;0.0000;900.0000;1732869632.0000
102.0000;173.0000;0.0000;899.0000;1732869632.0000
101.0000;174.0000;0.0000;898.0000;1732869632.0000
101.0000;175.0000;0.0000;899.0000;1732869760.0000
100.0000;175.0000;0.0000;899.0000;1732869760.0000
99.0000;176.0000;0.0000;900.0000;1732869760.0000
99.0000;177.0000;0.0000;902.0000;1732869760.0000
99.0000;178.0000;0.0000;900.0000;1732869760.0000
99.0000;179.0000;0.0000;899.0000;1732869760.0000
98.0000;179.0000;0.0000;900.0000;1732869760.0000
98.0000;180.0000;0.0000;897.0000;1732869760.0000
97.0000;181.0000;0.0000;898.0000;1732869760.0000
97.0000;182.0000;0.0000;899.0000;1732869760.0000
97.0000;183.0000;0.0000;899.0000;1732869760.0000
97.0000;183.0000;0.0000;899.0000;1732869760.0000
97.0000;184.0000;0.0000;899.0000;1732869760.0000
97.0000;185.0000;0.0000;896.0000;1732869760.0000
97.0000;185.0000;0.0000;899.0000;1732869760.0000
97.0000;186.0000;0.0000;896.0000;1732869760.0000
96.0000;187.0000;0.0000;893.0000;1732869760.0000
96.0000;187.0000;0.0000;896.0000;1732869760.0000
96.0000;188.0000;0.0000;894.0000;1732869888.0000
96.0000;189.0000;0.0000;896.0000;1732869888.0000
96.0000;190.0000;0.0000;897.0000;1732869888.0000
96.0000;190.0000;0.0000;893.0000;1732869888.0000
95.0000;191.0000;0.0000;896.0000;1732869888.0000
95.0000;192.0000;0.0000;896.0000;1732869888.0000
95.0000;193.0000;0.0000;895.0000;1732869888.0000
95.0000;194.0000;0.0000;888.0000;1732869888.0000
95.0000;195.0000;0.0000;894.0000;1732869888.0000
95.0000;196.0000;0.0000;894.0000;1732869888.0000
95.0000;197.0000;0.0000;895.0000;1732869888.0000
95.0000;198.0000;0.0000;892.0000;1732869888.0000
95.0000;199.0000;0.0000;893.0000;1732869888.0000
95.0000;200.0000;0.0000;895.0000;1732869888.0000
95.0000;201.0000;0.0000;893.0000;1732869888.0000
95.0000;202.0000;0.0000;895.0000;1732869888.0000
94.0000;203.0000;12.0000;895.0000;1732869888.0000
94.0000;204.0000;0.0000;893.0000;1732869888.0000
94.0000;205.0000;12.0000;895.0000;1732870016.0000
94.0000;206.0000;0.0000;893.0000;1732870016.0000
94.0000;207.0000;0.0000;891.0000;1732870016.0000
94.0000;208.0000;0.0000;894.0000;1732870016.0000
94.0000;209.0000;12.0000;892.0000;1732870016.0000
94.0000;210.0000;0.0000;893.0000;1732870016.0000
94.0000;211.0000;12.0000;893.0000;1732870016.0000
94.0000;212.0000;0.0000;887.0000;1732870016.0000
94.0000;213.0000;0.0000;891.0000;1732870016.0000
94.0000;214.0000;0.0000;891.0000;1732870016.0000
94.0000;215.0000;0.0000;891.0000;1732870016.0000
94.0000;216.0000;12.0000;892.0000;1732870016.0000
94.0000;217.0000;0.0000;889.0000;1732870016.0000
94.0000;218.0000;0.0000;891.0000;1732870016.0000
94.0000;219.0000;0.0000;892.0000;1732870016.0000
94.0000;220.0000;0.0000;887.0000;1732870016.0000
95.0000;221.0000;0.0000;893.0000;1732870016.0000
95.0000;222.0000;0.0000;891.0000;1732870016.0000
95.0000;222.0000;0.0000;888.0000;1732870144.0000
95.0000;223.0000;0.0000;891.0000;1732870144.0000
95.0000;224.0000;0.0000;891.0000;1732870144.0000
95.0000;225.0000;0.0000;889.0000;1732870144.0000
95.0000;226.0000;0.0000;891.0000;1732870144.0000
96.0000;227.0000;0.0000;891.0000;1732870144.0000
96.0000;228.0000;0.0000;891.0000;1732870144.0000
96.0000;229.0000;0.0000;893.0000;1732870144.0000
96.0000;230.0000;0.0000;887.0000;1732870144.0000
96.0000;231.0000;0.0000;891.0000;1732870144.0000
96.0000;232.0000;0.0000;893.0000;1732870144.0000
97.0000;233.0000;0.0000;891.0000;1732870144.0000
97.0000;234.0000;0.0000;893.0000;1732870144.0000
98.0000;235.0000;0.0000;893.0000;1732870144.0000
98.0000;236.0000;0.0000;892.0000;1732870144.0000
98.0000;237.0000;0.0000;893.0000;1732870144.0000
98.0000;238.0000;0.0000;893.0000;1732870144.0000
98.0000;240.0000;0.0000;894.0000;1732870144.0000
98.0000;241.0000;0.0000;896.0000;1732870144.0000
98.0000;243.0000;0.0000;895.0000;1732870272.0000
98.0000;244.0000;0.0000;896.0000;1732870272.0000
99.0000;246.0000;0.0000;899.0000;1732870272.0000
99.0000;247.0000;0.0000;899.0000;1732870272.0000
99.0000;249.0000;0.0000;899.0000;1732870272.0000
99.0000;250.0000;0.0000;902.0000;1732870272.0000
99.0000;251.0000;0.0000;900.0000;1732870272.0000
100.0000;252.0000;0.0000;899.0000;1732870272.0000
100.0000;253.0000;0.0000;900.0000;1732870272.0000
100.0000;254.0000;0.0000;900.0000;1732870272.0000
101.0000;255.0000;0.0000;902.0000;1732870272.0000
101.0000;257.0000;0.0000;901.0000;1732870272.0000
102.0000;258.0000;0.0000;902.0000;1732870272.0000
102.0000;259.0000;0.0000;904.0000;1732870272.0000
102.0000;260.0000;0.0000;902.0000;1732870272.0000
102.0000;261.0000;0.0000;905.0000;1732870272.0000
103.0000;262.0000;0.0000;905.0000;1732870272.0000
103.0000;263.0000;0.0000;904.0000;1732870272.0000
103.0000;264.0000;0.0000;906.0000;1732870400.0000
104.0000;265.0000;0.0000;905.0000;1732870400.0000
104.0000;266.0000;0.0000;902.0000;1732870400.0000
105.0000;267.0000;0.0000;908.0000;1732870400.0000
106.0000;267.0000;0.0000;905.0000;1732870400.0000
106.0000;268.0000;0.0000;906.0000;1732870400.0000
107.0000;269.0000;0.0000;908.0000;1732870400.0000
107.0000;269.0000;0.0000;906.0000;1732870400.0000
107.0000;270.0000;0.0000;906.0000;1732870400.0000
108.0000;271.0000;0.0000;909.0000;1732870400.0000
108.0000;271.0000;0.0000;906.0000;1732870400.0000
108.0000;272.0000;0.0000;909.0000;1732870400.0000
109.0000;272.0000;0.0000;909.0000;1732870400.0000
109.0000;272.0000;0.0000;905.0000;1732870400.0000
110.0000;273.0000;0.0000;908.0000;1732870400.0000
110.0000;273.0000;0.0000;908.0000;1732870400.0000
110.0000;274.0000;0.0000;906.0000;1732870400.0000
111.0000;275.0000;0.0000;909.0000;1732870400.0000
111.0000;275.0000;0.0000;907.0000;1732870528.0000
112.0000;275.0000;0.0000;906.0000;1732870528.0000
112.0000;276.0000;0.0000;911.0000;1732870528.0000
112.0000;276.0000;0.0000;907.0000;1732870528.0000
113.0000;277.0000;0.0000;908.0000;1732870528.0000
113.0000;277.0000;0.0000;901.0000;1732870528.0000
114.0000;278.0000;0.0000;908.0000;1732870528.0000
115.0000;278.0000;0.0000;909.0000;1732870528.0000
115.0000;279.0000;0.0000;910.0000;1732870528.0000
115.0000;279.0000;0.0000;909.0000;1732870528.0000
115.0000;280.0000;0.0000;910.0000;1732870528.0000
116.0000;280.0000;0.0000;910.0000;1732870528.0000
117.0000;281.0000;0.0000;909.0000;1732870528.0000
117.0000;282.0000;0.0000;911.0000;1732870528.0000
118.0000;282.0000;0.0000;909.0000;1732870528.0000
118.0000;283.0000;0.0000;911.0000;1732870528.0000
118.0000;283.0000;0.0000;911.0000;1732870528.0000
119.0000;284.0000;0.0000;908.0000;1732870528.0000
119.0000;284.0000;0.0000;909.0000;1732870656.0000
120.0000;284.0000;0.0000;911.0000;1732870656.0000
120.0000;284.0000;0.0000;910.0000;1732870656.0000
120.0000;285.0000;0.0000;911.0000;1732870656.0000
121.0000;285.0000;0.0000;910.0000;1732870656.0000
121.0000;286.0000;0.0000;912.0000;1732870656.0000
122.0000;286.0000;0.0000;913.0000;1732870656.0000
122.0000;287.0000;0.0000;901.0000;1732870656.0000
122.0000;287.0000;0.0000;912.0000;1732870656.0000
123.0000;288.0000;0.0000;912.0000;1732870656.0000
123.0000;288.0000;0.0000;911.0000;1732870656.0000
124.0000;288.0000;0.0000;912.0000;1732870656.0000
124.0000;289.0000;0.0000;913.0000;1732870656.0000
124.0000;289.0000;0.0000;911.0000;1732870656.0000
125.0000;290.0000;0.0000;912.0000;1732870656.0000
125.0000;290.0000;0.0000;911.0000;1732870656.0000
125.0000;290.0000;0.0000;911.0000;1732870656.0000
126.0000;291.0000;0.0000;914.0000;1732870656.0000
126.0000;291.0000;0.0000;911.0000;1732870784.0000
127.0000;291.0000;0.0000;914.0000;1732870784.0000
127.0000;292.0000;0.0000;914.0000;1732870784.0000
128.0000;292.0000;0.0000;911.0000;1732870784.0000
128.0000;293.0000;0.0000;914.0000;1732870784.0000
129.0000;293.0000;0.0000;912.0000;1732870784.0000
129.0000;293.0000;0.0000;912.0000;1732870784.0000
129.0000;294.0000;0.0000;914.0000;1732870784.0000
130.0000;294.0000;0.0000;911.0000;1732870784.0000
130.0000;294.0000;0.0000;912.0000;1732870784.0000
131.0000;295.0000;0.0000;915.0000;1732870784.0000
131.0000;295.0000;0.0000;911.0000;1732870784.0000
132.0000;296.0000;0.0000;913.0000;1732870784.0000
133.0000;296.0000;0.0000;915.0000;1732870784.0000
133.0000;296.0000;0.0000;909.0000;1732870784.0000
134.0000;297.0000;0.0000;916.0000;1732870784.0000
135.0000;297.0000;0.0000;914.0000;1732870784.0000
135.0000;298.0000;0.0000;913.0000;1732870784.0000
136.0000;298.0000;0.0000;914.0000;1732870912.0000
137.0000;299.0000;0.0000;914.0000;1732870912.0000
137.0000;299.0000;0.0000;914.0000;1732870912.0000
138.0000;299.0000;0.0000;915.0000;1732870912.0000
139.0000;300.0000;0.0000;911.0000;1732870912.0000
139.0000;300.0000;0.0000;915.0000;1732870912.0000
140.0000;301.0000;0.0000;916.0000;1732870912.0000
141.0000;301.0000;0.0000;912.0000;1732870912.0000
141.0000;301.0000;0.0000;915.0000;1732870912.0000
142.0000;302.0000;0.0000;917.0000;1732870912.0000
143.0000;302.0000;0.0000;912.0000;1732870912.0000
144.0000;303.0000;0.0000;916.0000;1732870912.0000
144.0000;303.0000;0.0000;917.0000;1732870912.0000
145.0000;304.0000;0.0000;914.0000;1732870912.0000
146.0000;304.0000;0.0000;917.0000;1732870912.0000
146.0000;304.0000;0.0000;916.0000;1732870912.0000
147.0000;305.0000;0.0000;916.0000;1732870912.0000
148.0000;305.0000;0.0000;918.0000;1732870912.0000
149.0000;306.0000;0.0000;914.0000;1732870912.0000
150.0000;306.0000;0.0000;917.0000;1732871040.0000
151.0000;307.0000;0.0000;919.0000;1732871040.0000
152.0000;307.0000;0.0000;917.0000;1732871040.0000
152.0000;307.0000;0.0000;918.0000;1732871040.0000
153.0000;308.0000;0.0000;920.0000;1732871040.0000
154.0000;308.0000;0.0000;918.0000;1732871040.0000
155.0000;308.0000;0.0000;924.0000;1732871040.0000
155.0000;309.0000;0.0000;919.0000;1732871040.0000
156.0000;309.0000;0.0000;919.0000;1732871040.0000
157.0000;310.0000;0.0000;921.0000;1732871040.0000
158.0000;310.0000;0.0000;918.0000;1732871040.0000
159.0000;310.0000;0.0000;920.0000;1732871040.0000
160.0000;310.0000;0.0000;920.0000;1732871040.0000
160.0000;311.0000;0.0000;917.0000;1732871040.0000
161.0000;311.0000;0.0000;921.0000;1732871040.0000
162.0000;311.0000;0.0000;921.0000;1732871040.0000
163.0000;312.0000;0.0000;920.0000;1732871040.0000
164.0000;312.0000;0.0000;926.0000;1732871040.0000
165.0000;313.0000;0.0000;921.0000;1732871168.0000
166.0000;313.0000;0.0000;921.0000;1732871168.0000
167.0000;314.0000;0.0000;924.0000;1732871168.0000
167.0000;314.0000;0.0000;920.0000;1732871168.0000
168.0000;315.0000;0.0000;922.0000;1732871168.0000
169.0000;315.0000;0.0000;924.0000;1732871168.0000
170.0000;315.0000;0.0000;922.0000;1732871168.0000
172.0000;316.0000;0.0000;924.0000;1732871168.0000
173.0000;316.0000;12.0000;924.0000;1732871168.0000
174.0000;316.0000;0.0000;924.0000;1732871168.0000
175.0000;316.0000;0.0000;926.0000;1732871168.0000
176.0000;317.0000;12.0000;926.0000;1732871168.0000
177.0000;317.0000;0.0000;926.0000;1732871168.0000
178.0000;317.0000;0.0000;927.0000;1732871168.0000
180.0000;318.0000;0.0000;917.0000;1732871168.0000
181.0000;318.0000;0.0000;926.0000;1732871168.0000
183.0000;318.0000;0.0000;928.0000;1732871168.0000
184.0000;319.0000;0.0000;926.0000;1732871168.0000
185.0000;319.0000;0.0000;928.0000;1732871296.0000
187.0000;319.0000;0.0000;929.0000;1732871296.0000
188.0000;319.0000;0.0000;925.0000;1732871296.0000
190.0000;320.0000;0.0000;930.0000;1732871296.0000
191.0000;320.0000;12.0000;930.0000;1732871296.0000
193.0000;320.0000;0.0000;929.0000;1732871296.0000
194.0000;320.0000;0.0000;932.0000;1732871296.0000
195.0000;320.0000;12.0000;928.0000;1732871296.0000
197.0000;320.0000;0.0000;930.0000;1732871296.0000
198.0000;320.0000;0.0000;932.0000;1732871296.0000
200.0000;320.0000;0.0000;928.0000;1732871296.0000
201.0000;320.0000;0.0000;932.0000;1732871296.0000
203.0000;320.0000;0.0000;932.0000;1732871296.0000
204.0000;320.0000;0.0000;929.0000;1732871296.0000
206.0000;320.0000;0.0000;932.0000;1732871296.0000
207.0000;320.0000;12.0000;932.0000;1732871296.0000
208.0000;320.0000;0.0000;931.0000;1732871296.0000
210.0000;320.0000;0.0000;934.0000;1732871296.0000
211.0000;320.0000;12.0000;932.0000;1732871424.0000
212.0000;320.0000;0.0000;932.0000;1732871424.0000
214.0000;320.0000;0.0000;933.0000;1732871424.0000
215.0000;320.0000;0.0000;932.0000;1732871424.0000
216.0000;319.0000;0.0000;935.0000;1732871424.0000
218.0000;319.0000;0.0000;936.0000;1732871424.0000
219.0000;319.0000;0.0000;932.0000;1732871424.0000
220.0000;319.0000;0.0000;936.0000;1732871424.0000
222.0000;319.0000;0.0000;938.0000;1732871424.0000
224.0000;318.0000;0.0000;935.0000;1732871424.0000
225.0000;318.0000;12.0000;937.0000;1732871424.0000
227.0000;318.0000;0.0000;935.0000;1732871424.0000
228.0000;318.0000;0.0000;937.0000;1732871424.0000
229.0000;318.0000;0.0000;939.0000;1732871424.0000
230.0000;317.0000;0.0000;936.0000;1732871424.0000
232.0000;317.0000;0.0000;938.0000;1732871424.0000
234.0000;317.0000;0.0000;940.0000;1732871424.0000
235.0000;317.0000;0.0000;940.0000;1732871424.0000
236.0000;317.0000;0.0000;941.0000;1732871552.0000
237.0000;317.0000;0.0000;941.0000;1732871552.0000
238.0000;316.0000;0.0000;940.0000;1732871552.0000
240.0000;316.0000;0.0000;942.0000;1732871552.0000
241.0000;315.0000;0.0000;941.0000;1732871552.0000
243.0000;315.0000;0.0000;939.0000;1732871552.0000
244.0000;315.0000;0.0000;944.0000;1732871552.0000
245.0000;315.0000;0.0000;942.0000;1732871552.0000
246.0000;315.0000;0.0000;943.0000;1732871552.0000
247.0000;315.0000;0.0000;947.0000;1732871552.0000
248.0000;314.0000;0.0000;942.0000;1732871552.0000
249.0000;313.0000;12.0000;944.0000;1732871552.0000
251.0000;313.0000;0.0000;948.0000;1732871552.0000
253.0000;312.0000;12.0000;947.0000;1732871552.0000
255.0000;311.0000;0.0000;950.0000;1732871552.0000
256.0000;311.0000;0.0000;949.0000;1732871552.0000
258.0000;310.0000;0.0000;948.0000;1732871552.0000
259.0000;309.0000;0.0000;953.0000;1732871552.0000
261.0000;309.0000;0.0000;950.0000;1732871680.0000
262.0000;308.0000;0.0000;953.0000;1732871680.0000
264.0000;308.0000;0.0000;954.0000;1732871680.0000
265.0000;307.0000;0.0000;953.0000;1732871680.0000
267.0000;306.0000;0.0000;957.0000;1732871680.0000
268.0000;305.0000;0.0000;957.0000;1732871680.0000
270.0000;304.0000;0.0000;946.0000;1732871680.0000
272.0000;303.0000;0.0000;958.0000;1732871680.0000
274.0000;302.0000;0.0000;958.0000;1732871680.0000
275.0000;301.0000;0.0000;957.0000;1732871680.0000
277.0000;301.0000;0.0000;960.0000;1732871680.0000
278.0000;300.0000;0.0000;957.0000;1732871680.0000
280.0000;298.0000;0.0000;957.0000;1732871680.0000
281.0000;297.0000;0.0000;960.0000;1732871680.0000
283.0000;296.0000;0.0000;958.0000;1732871680.0000
284.0000;295.0000;0.0000;960.0000;1732871680.0000
285.0000;293.0000;0.0000;961.0000;1732871680.0000
286.0000;292.0000;0.0000;958.0000;1732871680.0000
287.0000;291.0000;0.0000;962.0000;1732871680.0000
288.0000;290.0000;0.0000;961.0000;1732871808.0000
289.0000;289.0000;0.0000;959.0000;1732871808.0000
290.0000;288.0000;0.0000;962.0000;1732871808.0000
291.0000;287.0000;0.0000;959.0000;1732871808.0000
292.0000;286.0000;0.0000;962.0000;1732871808.0000
293.0000;285.0000;0.0000;965.0000;1732871808.0000
293.0000;284.0000;0.0000;960.0000;1732871808.0000
294.0000;283.0000;0.0000;965.0000;1732871808.0000
295.0000;283.0000;0.0000;963.0000;1732871808.0000
295.0000;282.0000;0.0000;963.0000;1732871808.0000
296.0000;281.0000;0.0000;957.0000;1732871808.0000
297.0000;280.0000;0.0000;965.0000;1732871808.0000
297.0000;279.0000;0.0000;963.0000;1732871808.0000
298.0000;278.0000;0.0000;966.0000;1732871808.0000
298.0000;278.0000;0.0000;965.0000;1732871808.0000
299.0000;277.0000;12.0000;965.0000;1732871808.0000
300.0000;276.0000;0.0000;965.0000;1732871808.0000
301.0000;275.0000;0.0000;966.0000;1732871808.0000
301.0000;274.0000;0.0000;968.0000;1732871936.0000
302.0000;273.0000;0.0000;968.0000;1732871936.0000
303.0000;272.0000;12.0000;958.0000;1732871936.0000
304.0000;271.0000;0.0000;969.0000;1732871936.0000
304.0000;270.0000;0.0000;969.0000;1732871936.0000
305.0000;268.0000;0.0000;968.0000;1732871936.0000
305.0000;267.0000;0.0000;971.0000;1732871936.0000
306.0000;267.0000;0.0000;969.0000;1732871936.0000
306.0000;265.0000;0.0000;970.0000;1732871936.0000
307.0000;264.0000;0.0000;973.0000;1732871936.0000
308.0000;263.0000;0.0000;971.0000;1732871936.0000
308.0000;263.0000;12.0000;971.0000;1732871936.0000
309.0000;262.0000;0.0000;974.0000;1732871936.0000
309.0000;261.0000;0.0000;971.0000;1732871936.0000
309.0000;260.0000;0.0000;974.0000;1732871936.0000
310.0000;260.0000;0.0000;972.0000;1732871936.0000
310.0000;259.0000;0.0000;974.0000;1732871936.0000
311.0000;258.0000;0.0000;976.0000;1732871936.0000
311.0000;257.0000;0.0000;974.0000;1732872064.0000
312.0000;256.0000;0.0000;976.0000;1732872064.0000
312.0000;255.0000;0.0000;978.0000;1732872064.0000
312.0000;255.0000;0.0000;975.0000;1732872064.0000
312.0000;254.0000;0.0000;974.0000;1732872064.0000
313.0000;253.0000;0.0000;979.0000;1732872064.0000
313.0000;252.0000;0.0000;976.0000;1732872064.0000
314.0000;251.0000;0.0000;977.0000;1732872064.0000
314.0000;250.0000;0.0000;979.0000;1732872064.0000
314.0000;250.0000;0.0000;976.0000;1732872064.0000
315.0000;249.0000;0.0000;979.0000;1732872064.0000
315.0000;248.0000;0.0000;978.0000;1732872064.0000
316.0000;247.0000;0.0000;977.0000;1732872064.0000
316.0000;246.0000;0.0000;980.0000;1732872064.0000
316.0000;246.0000;0.0000;979.0000;1732872064.0000
316.0000;245.0000;0.0000;978.0000;1732872064.0000
317.0000;243.0000;0.0000;983.0000;1732872064.0000
317.0000;242.0000;0.0000;977.0000;1732872064.0000
318.0000;242.0000;0.0000;983.0000;1732872192.0000
318.0000;241.0000;0.0000;982.0000;1732872192.0000
318.0000;240.0000;0.0000;979.0000;1732872192.0000
319.0000;239.0000;0.0000;982.0000;1732872192.0000
319.0000;238.0000;0.0000;980.0000;1732872192.0000
319.0000;237.0000;0.0000;979.0000;1732872192.0000
320.0000;236.0000;0.0000;982.0000;1732872192.0000
320.0000;235.0000;0.0000;980.0000;1732872192.0000
321.0000;234.0000;0.0000;981.0000;1732872192.0000
321.0000;233.0000;0.0000;982.0000;1732872192.0000
321.0000;232.0000;0.0000;980.0000;1732872192.0000
322.0000;230.0000;0.0000;983.0000;1732872192.0000
322.0000;229.0000;12.0000;983.0000;1732872192.0000
323.0000;228.0000;0.0000;982.0000;1732872192.0000
323.0000;227.0000;12.0000;983.0000;1732872192.0000
323.0000;226.0000;0.0000;984.0000;1732872192.0000
324.0000;224.0000;0.0000;982.0000;1732872192.0000
324.0000;223.0000;0.0000;986.0000;1732872192.0000
325.0000;222.0000;12.0000;984.0000;1732872192.0000
325.0000;220.0000;0.0000;986.0000;1732872320.0000
325.0000;219.0000;12.0000;986.0000;1732872320.0000
326.0000;218.0000;0.0000;981.0000;1732872320.0000
326.0000;217.0000;0.0000;990.0000;1732872320.0000
326.0000;216.0000;0.0000;982.0000;1732872320.0000
326.0000;215.0000;0.0000;984.0000;1732872320.0000
326.0000;214.0000;0.0000;988.0000;1732872320.0000
327.0000;212.0000;0.0000;987.0000;1732872320.0000
327.0000;211.0000;0.0000;987.0000;1732872320.0000
327.0000;210.0000;0.0000;990.0000;1732872320.0000
327.0000;209.0000;0.0000;987.0000;1732872320.0000
327.0000;207.0000;0.0000;990.0000;1732872320.0000
327.0000;206.0000;0.0000;992.0000;1732872320.0000
328.0000;205.0000;0.0000;990.0000;1732872320.0000
328.0000;204.0000;0.0000;991.0000;1732872320.0000
328.0000;202.0000;0.0000;993.0000;1732872320.0000
328.0000;201.0000;0.0000;990.0000;1732872320.0000
328.0000;200.0000;0.0000;995.0000;1732872320.0000
328.0000;199.0000;0.0000;995.0000;1732872448.0000
328.0000;198.0000;0.0000;993.0000;1732872448.0000
328.0000;197.0000;0.0000;997.0000;1732872448.0000
328.0000;195.0000;0.0000;992.0000;1732872448.0000
328.0000;194.0000;0.0000;995.0000;1732872448.0000
328.0000;192.0000;0.0000;998.0000;1732872448.0000
329.0000;191.0000;0.0000;994.0000;1732872448.0000
329.0000;189.0000;0.0000;996.0000;1732872448.0000
329.0000;188.0000;0.0000;998.0000;1732872448.0000
329.0000;187.0000;0.0000;997.0000;1732872448.0000
329.0000;186.0000;0.0000;999.0000;1732872448.0000
329.0000;184.0000;0.0000;999.0000;1732872448.0000
329.0000;183.0000;0.0000;998.0000;1732872448.0000
328.0000;182.0000;0.0000;1001.0000;1732872448.0000
328.0000;181.0000;0.0000;998.0000;1732872448.0000
329.0000;179.0000;0.0000;998.0000;1732872448.0000
329.0000;178.0000;0.0000;1001.0000;1732872448.0000
329.0000;176.0000;0.0000;998.0000;1732872448.0000
329.0000;175.0000;0.0000;999.0000;1732872576.0000
328.0000;174.0000;0.0000;1001.0000;1732872576.0000
328.0000;173.0000;0.0000;998.0000;1732872576.0000
328.0000;171.0000;0.0000;1001.0000;1732872576.0000
328.0000;170.0000;12.0000;1002.0000;1732872576.0000
328.0000;169.0000;0.0000;1001.0000;1732872576.0000
328.0000;167.0000;12.0000;1002.0000;1732872576.0000
327.0000;166.0000;0.0000;1004.0000;1732872576.0000
327.0000;165.0000;0.0000;1001.0000;1732872576.0000
327.0000;164.0000;0.0000;1003.0000;1732872576.0000
327.0000;162.0000;0.0000;1001.0000;1732872576.0000
327.0000;161.0000;0.0000;1001.0000;1732872576.0000
327.0000;159.0000;0.0000;1004.0000;1732872576.0000
327.0000;158.0000;0.0000;1001.0000;1732872576.0000
326.0000;156.0000;0.0000;1003.0000;1732872576.0000
326.0000;155.0000;0.0000;1004.0000;1732872576.0000
326.0000;154.0000;0.0000;1001.0000;1732872576.0000
325.0000;152.0000;0.0000;1004.0000;1732872576.0000
325.0000;150.0000;0.0000;1004.0000;1732872704.0000
324.0000;149.0000;0.0000;1002.0000;1732872704.0000
324.0000;147.0000;0.0000;1004.0000;1732872704.0000
324.0000;146.0000;0.0000;1003.0000;1732872704.0000
323.0000;145.0000;0.0000;1004.0000;1732872704.0000
323.0000;143.0000;0.0000;1007.0000;1732872704.0000
322.0000;142.0000;0.0000;1004.0000;1732872704.0000
322.0000;140.0000;0.0000;1005.0000;1732872704.0000
322.0000;139.0000;0.0000;1007.0000;1732872704.0000
321.0000;137.0000;0.0000;1004.0000;1732872704.0000
321.0000;136.0000;0.0000;1007.0000;1732872704.0000
320.0000;135.0000;0.0000;1006.0000;1732872704.0000
319.0000;133.0000;0.0000;1006.0000;1732872704.0000
319.0000;132.0000;0.0000;1007.0000;1732872704.0000
318.0000;130.0000;0.0000;1006.0000;1732872704.0000
317.0000;129.0000;0.0000;1006.0000;1732872704.0000
317.0000;128.0000;0.0000;1010.0000;1732872704.0000
316.0000;126.0000;0.0000;1006.0000;1732872704.0000
315.0000;125.0000;0.0000;1007.0000;1732872832.0000
314.0000;124.0000;0.0000;1006.0000;1732872832.0000
314.0000;123.0000;12.0000;1004.0000;1732872832.0000
313.0000;122.0000;0.0000;1008.0000;1732872832.0000
313.0000;120.0000;0.0000;1008.0000;1732872832.0000
312.0000;119.0000;0.0000;1006.0000;1732872832.0000
312.0000;118.0000;0.0000;1007.0000;1732872832.0000
311.0000;117.0000;0.0000;1007.0000;1732872832.0000
310.0000;116.0000;0.0000;1006.0000;1732872832.0000
310.0000;115.0000;0.0000;1010.0000;1732872832.0000
309.0000;114.0000;0.0000;1007.0000;1732872832.0000
308.0000;113.0000;0.0000;1007.0000;1732872832.0000
307.0000;112.0000;0.0000;1007.0000;1732872832.0000
307.0000;111.0000;0.0000;1007.0000;1732872832.0000
306.0000;109.0000;0.0000;1012.0000;1732872832.0000
305.0000;109.0000;0.0000;1009.0000;1732872832.0000
304.0000;108.0000;0.0000;1009.0000;1732872832.0000
303.0000;107.0000;0.0000;1010.0000;1732872832.0000
303.0000;106.0000;0.0000;1008.0000;1732872960.0000
302.0000;106.0000;0.0000;1008.0000;1732872960.0000
301.0000;105.0000;0.0000;1011.0000;1732872960.0000
301.0000;104.0000;0.0000;1007.0000;1732872960.0000
300.0000;103.0000;0.0000;1009.0000;1732872960.0000
299.0000;102.0000;0.0000;1010.0000;1732872960.0000
298.0000;101.0000;0.0000;1007.0000;1732872960.0000
298.0000;100.0000;0.0000;1009.0000;1732872960.0000
297.0000;99.0000;0.0000;1010.0000;1732872960.0000
297.0000;98.0000;0.0000;1008.0000;1732872960.0000
296.0000;97.0000;0.0000;1010.0000;1732872960.0000
295.0000;97.0000;0.0000;1010.0000;1732872960.0000
295.0000;96.0000;0.0000;1008.0000;1732872960.0000
294.0000;95.0000;0.0000;1010.0000;1732872960.0000
294.0000;94.0000;0.0000;1000.0000;1732872960.0000
293.0000;94.0000;0.0000;1009.0000;1732872960.0000
292.0000;93.0000;0.0000;1010.0000;1732872960.0000
292.0000;93.0000;0.0000;1007.0000;1732872960.0000
291.0000;92.0000;0.0000;1009.0000;1732872960.0000
290.0000;91.0000;0.0000;1010.0000;1732873088.0000
290.0000;90.0000;0.0000;1000.0000;1732873088.0000
289.0000;89.0000;0.0000;1013.0000;1732873088.0000
289.0000;89.0000;0.0000;1010.0000;1732873088.0000
288.0000;88.0000;0.0000;1011.0000;1732873088.0000
288.0000;87.0000;12.0000;1010.0000;1732873088.0000
287.0000;87.0000;0.0000;1007.0000;1732873088.0000
286.0000;86.0000;0.0000;1007.0000;1732873088.0000
285.0000;86.0000;0.0000;1002.0000;1732873088.0000
285.0000;85.0000;0.0000;1010.0000;1732873088.0000
284.0000;84.0000;0.0000;1006.0000;1732873088.0000
283.0000;83.0000;12.0000;1010.0000;1732873088.0000
283.0000;83.0000;0.0000;1007.0000;1732873088.0000
282.0000;82.0000;0.0000;1010.0000;1732873088.0000
281.0000;81.0000;0.0000;1009.0000;1732873088.0000
280.0000;80.0000;0.0000;1006.0000;1732873088.0000
279.0000;80.0000;0.0000;1009.0000;1732873088.0000
278.0000;79.0000;12.0000;1009.0000;1732873088.0000
278.0000;78.0000;0.0000;1005.0000;1732873216.0000
277.0000;78.0000;12.0000;1007.0000;1732873216.0000
276.0000;77.0000;0.0000;1007.0000;1732873216.0000
275.0000;76.0000;0.0000;1005.0000;1732873216.0000
274.0000;76.0000;0.0000;1007.0000;1732873216.0000
273.0000;75.0000;0.0000;1005.0000;1732873216.0000
272.0000;75.0000;12.0000;1006.0000;1732873216.0000
271.0000;74.0000;0.0000;1007.0000;1732873216.0000
270.0000;73.0000;0.0000;1004.0000;1732873216.0000
269.0000;73.0000;12.0000;1005.0000;1732873216.0000
268.0000;72.0000;0.0000;1005.0000;1732873216.0000
267.0000;71.0000;0.0000;1003.0000;1732873216.0000
266.0000;71.0000;12.0000;1005.0000;1732873216.0000
265.0000;70.0000;12.0000;1001.0000;1732873216.0000
264.0000;70.0000;12.0000;1003.0000;1732873216.0000
263.0000;69.0000;0.0000;1007.0000;1732873216.0000
262.0000;68.0000;0.0000;1004.0000;1732873216.0000
261.0000;68.0000;0.0000;1004.0000;1732873216.0000
260.0000;67.0000;12.0000;1005.0000;1732873344.0000
259.0000;67.0000;0.0000;1004.0000;1732873344.0000
258.0000;66.0000;0.0000;1004.0000;1732873344.0000
257.0000;65.0000;0.0000;1005.0000;1732873344.0000
256.0000;65.0000;0.0000;1004.0000;1732873344.0000
255.0000;64.0000;0.0000;1007.0000;1732873344.0000
254.0000;63.0000;0.0000;1004.0000;1732873344.0000
253.0000;63.0000;0.0000;1006.0000;1732873344.0000
252.0000;63.0000;0.0000;1007.0000;1732873344.0000
251.0000;62.0000;0.0000;1004.0000;1732873344.0000
250.0000;62.0000;0.0000;1005.0000;1732873344.0000
248.0000;61.0000;0.0000;1007.0000;1732873344.0000
247.0000;60.0000;0.0000;1004.0000;1732873344.0000
247.0000;59.0000;0.0000;1004.0000;1732873344.0000
246.0000;59.0000;0.0000;1006.0000;1732873344.0000
245.0000;58.0000;0.0000;1004.0000;1732873344.0000
244.0000;58.0000;0.0000;1007.0000;1732873344.0000
242.0000;57.0000;0.0000;1004.0000;1732873344.0000
242.0000;56.0000;0.0000;1004.0000;1732873472.0000
241.0000;57.0000;0.0000;1006.0000;1732873472.0000
240.0000;56.0000;0.0000;1001.0000;1732873472.0000
239.0000;55.0000;0.0000;1003.0000;1732873472.0000
238.0000;55.0000;0.0000;1004.0000;1732873472.0000
237.0000;54.0000;0.0000;1003.0000;1732873472.0000
236.0000;54.0000;0.0000;1005.0000;1732873472.0000
235.0000;54.0000;0.0000;1004.0000;1732873472.0000
234.0000;53.0000;0.0000;1002.0000;1732873472.0000
233.0000;53.0000;0.0000;1003.0000;1732873472.0000
232.0000;52.0000;0.0000;1003.0000;1732873472.0000
231.0000;52.0000;0.0000;1001.0000;1732873472.0000
230.0000;51.0000;0.0000;1001.0000;1732873472.0000
229.0000;51.0000;0.0000;1001.0000;1732873472.0000
227.0000;51.0000;0.0000;1001.0000;1732873472.0000
226.0000;49.0000;0.0000;1004.0000;1732873472.0000
225.0000;49.0000;0.0000;1000.0000;1732873472.0000
224.0000;49.0000;0.0000;1002.0000;1732873472.0000
223.0000;49.0000;0.0000;1001.0000;1732873600.0000
223.0000;49.0000;0.0000;1000.0000;1732873600.0000
222.0000;49.0000;0.0000;1000.0000;1732873600.0000
221.0000;49.0000;0.0000;1001.0000;1732873600.0000
221.0000;49.0000;0.0000;1000.0000;1732873600.0000
220.0000;49.0000;0.0000;1001.0000;1732873600.0000
219.0000;48.0000;0.0000;999.0000;1732873600.0000
218.0000;48.0000;12.0000;1001.0000;1732873600.0000
217.0000;48.0000;0.0000;1001.0000;1732873600.0000
216.0000;47.0000;0.0000;999.0000;1732873600.0000
215.0000;47.0000;0.0000;1001.0000;1732873600.0000
214.0000;47.0000;0.0000;1001.0000;1732873600.0000
213.0000;47.0000;0.0000;998.0000;1732873600.0000
212.0000;47.0000;0.0000;998.0000;1732873600.0000
211.0000;47.0000;0.0000;997.0000;1732873600.0000
210.0000;47.0000;0.0000;998.0000;1732873600.0000
209.0000;47.0000;0.0000;1000.0000;1732873600.0000
208.0000;46.0000;0.0000;998.0000;1732873600.0000
207.0000;46.0000;0.0000;999.0000;1732873728.0000
206.0000;46.0000;0.0000;1001.0000;1732873728.0000
205.0000;46.0000;0.0000;998.0000;1732873728.0000
204.0000;46.0000;0.0000;1000.0000;1732873728.0000
203.0000;46.0000;12.0000;998.0000;1732873728.0000
202.0000;46.0000;0.0000;997.0000;1732873728.0000
201.0000;46.0000;0.0000;998.0000;1732873728.0000
200.0000;46.0000;0.0000;999.0000;1732873728.0000
199.0000;46.0000;0.0000;997.0000;1732873728.0000
198.0000;46.0000;0.0000;999.0000;1732873728.0000
198.0000;46.0000;0.0000;995.0000;1732873728.0000
197.0000;46.0000;0.0000;998.0000;1732873728.0000
196.0000;46.0000;0.0000;998.0000;1732873728.0000
195.0000;46.0000;12.0000;996.0000;1732873728.0000
194.0000;46.0000;0.0000;996.0000;1732873728.0000
193.0000;46.0000;0.0000;998.0000;1732873728.0000
192.0000;46.0000;0.0000;995.0000;1732873728.0000
191.0000;46.0000;0.0000;998.0000;1732873728.0000
190.0000;46.0000;0.0000;997.0000;1732873728.0000
190.0000;46.0000;0.0000;997.0000;1732873856.0000
189.0000;46.0000;0.0000;997.0000;1732873856.0000
188.0000;46.0000;0.0000;994.0000;1732873856.0000
187.0000;46.0000;0.0000;995.0000;1732873856.0000
186.0000;47.0000;0.0000;997.0000;1732873856.0000
185.0000;47.0000;0.0000;994.0000;1732873856.0000
184.0000;47.0000;0.0000;995.0000;1732873856.0000
183.0000;47.0000;0.0000;993.0000;1732873856.0000
182.0000;47.0000;0.0000;992.0000;1732873856.0000
180.0000;47.0000;0.0000;995.0000;1732873856.0000
180.0000;47.0000;0.0000;994.0000;1732873856.0000
179.0000;47.0000;0.0000;993.0000;1732873856.0000
178.0000;47.0000;0.0000;995.0000;1732873856.0000
177.0000;47.0000;0.0000;995.0000;1732873856.0000
176.0000;47.0000;0.0000;992.0000;1732873856.0000
176.0000;47.0000;0.0000;995.0000;1732873856.0000
175.0000;47.0000;12.0000;991.0000;1732873856.0000
174.0000;47.0000;0.0000;992.0000;1732873856.0000
174.0000;48.0000;0.0000;995.0000;1732873984.0000
173.0000;48.0000;0.0000;992.0000;1732873984.0000
172.0000;49.0000;0.0000;995.0000;1732873984.0000
171.0000;49.0000;0.0000;992.0000;1732873984.0000
170.0000;49.0000;12.0000;990.0000;1732873984.0000
169.0000;49.0000;0.0000;993.0000;1732873984.0000
168.0000;49.0000;0.0000;994.0000;1732873984.0000
167.0000;49.0000;0.0000;995.0000;1732873984.0000
166.0000;49.0000;0.0000;995.0000;1732873984.0000
165.0000;49.0000;0.0000;992.0000;1732873984.0000
164.0000;49.0000;0.0000;995.0000;1732873984.0000
164.0000;49.0000;0.0000;994.0000;1732873984.0000
163.0000;49.0000;0.0000;991.0000;1732873984.0000
163.0000;49.0000;0.0000;993.0000;1732873984.0000
162.0000;50.0000;0.0000;992.0000;1732873984.0000
161.0000;50.0000;0.0000;992.0000;1732873984.0000
161.0000;50.0000;0.0000;992.0000;1732873984.0000
160.0000;50.0000;0.0000;990.0000;1732873984.0000
159.0000;50.0000;0.0000;991.0000;1732874112.0000
158.0000;50.0000;0.0000;993.0000;1732874112.0000
157.0000;50.0000;0.0000;990.0000;1732874112.0000
156.0000;50.0000;0.0000;990.0000;1732874112.0000
156.0000;50.0000;0.0000;992.0000;1732874112.0000
155.0000;50.0000;12.0000;988.0000;1732874112.0000
154.0000;50.0000;0.0000;990.0000;1732874112.0000
153.0000;51.0000;0.0000;991.0000;1732874112.0000
152.0000;51.0000;0.0000;988.0000;1732874112.0000
151.0000;51.0000;0.0000;987.0000;1732874112.0000
150.0000;51.0000;0.0000;987.0000;1732874112.0000
149.0000;51.0000;0.0000;988.0000;1732874112.0000
149.0000;51.0000;0.0000;990.0000;1732874112.0000
148.0000;51.0000;0.0000;986.0000;1732874112.0000
147.0000;51.0000;12.0000;985.0000;1732874112.0000
146.0000;52.0000;0.0000;986.0000;1732874112.0000
145.0000;53.0000;0.0000;982.0000;1732874112.0000
144.0000;53.0000;12.0000;983.0000;1732874112.0000
143.0000;53.0000;0.0000;983.0000;1732874240.0000
142.0000;53.0000;0.0000;978.0000;1732874240.0000
141.0000;54.0000;0.0000;981.0000;1732874240.0000
140.0000;55.0000;0.0000;980.0000;1732874240.0000
140.0000;56.0000;0.0000;977.0000;1732874240.0000
139.0000;56.0000;0.0000;980.0000;1732874240.0000
138.0000;57.0000;0.0000;977.0000;1732874240.0000
137.0000;57.0000;0.0000;980.0000;1732874240.0000
136.0000;56.0000;12.0000;978.0000;1732874240.0000
135.0000;56.0000;0.0000;976.0000;1732874240.0000
134.0000;56.0000;12.0000;976.0000;1732874240.0000
133.0000;56.0000;12.0000;974.0000;1732874240.0000
132.0000;56.0000;0.0000;972.0000;1732874240.0000
131.0000;57.0000;0.0000;971.0000;1732874240.0000
130.0000;58.0000;0.0000;971.0000;1732874240.0000
129.0000;59.0000;0.0000;971.0000;1732874240.0000
128.0000;59.0000;12.0000;972.0000;1732874240.0000
128.0000;59.0000;0.0000;968.0000;1732874240.0000
127.0000;59.0000;0.0000;969.0000;1732874240.0000
126.0000;60.0000;12.0000;971.0000;1732874368.0000
126.0000;61.0000;0.0000;959.0000;1732874368.0000
125.0000;61.0000;0.0000;965.0000;1732874368.0000
124.0000;61.0000;12.0000;965.0000;1732874368.0000
123.0000;62.0000;0.0000;965.0000;1732874368.0000
122.0000;63.0000;0.0000;965.0000;1732874368.0000
121.0000;64.0000;0.0000;965.0000;1732874368.0000
120.0000;65.0000;0.0000;963.0000;1732874368.0000
119.0000;65.0000;0.0000;963.0000;1732874368.0000
119.0000;65.0000;12.0000;961.0000;1732874368.0000
118.0000;65.0000;0.0000;961.0000;1732874368.0000
116.0000;66.0000;12.0000;963.0000;1732874368.0000
115.0000;67.0000;0.0000;959.0000;1732874368.0000
114.0000;68.0000;0.0000;962.0000;1732874368.0000
113.0000;68.0000;0.0000;960.0000;1732874368.0000
112.0000;68.0000;0.0000;957.0000;1732874368.0000
112.0000;69.0000;0.0000;959.0000;1732874368.0000
111.0000;70.0000;0.0000;959.0000;1732874368.0000
110.0000;70.0000;0.0000;954.0000;1732874496.0000
109.0000;70.0000;0.0000;954.0000;1732874496.0000
108.0000;71.0000;0.0000;959.0000;1732874496.0000
107.0000;72.0000;0.0000;951.0000;1732874496.0000
105.0000;73.0000;0.0000;957.0000;1732874496.0000
104.0000;73.0000;0.0000;953.0000;1732874496.0000
103.0000;74.0000;0.0000;953.0000;1732874496.0000
102.0000;75.0000;0.0000;954.0000;1732874496.0000
100.0000;76.0000;0.0000;950.0000;1732874496.0000
99.0000;76.0000;0.0000;951.0000;1732874496.0000
98.0000;77.0000;0.0000;952.0000;1732874496.0000
97.0000;78.0000;0.0000;950.0000;1732874496.0000
96.0000;79.0000;0.0000;951.0000;1732874496.0000
95.0000;79.0000;0.0000;950.0000;1732874496.0000
95.0000;80.0000;0.0000;948.0000;1732874496.0000
93.0000;81.0000;0.0000;948.0000;1732874496.0000
93.0000;81.0000;0.0000;947.0000;1732874496.0000
92.0000;82.0000;0.0000;946.0000;1732874496.0000
91.0000;83.0000;0.0000;950.0000;1732874624.0000
90.0000;84.0000;0.0000;947.0000;1732874624.0000
89.0000;84.0000;0.0000;948.0000;1732874624.0000
89.0000;85.0000;0.0000;947.0000;1732874624.0000
88.0000;85.0000;0.0000;946.0000;1732874624.0000
88.0000;86.0000;0.0000;950.0000;1732874624.0000
88.0000;86.0000;0.0000;950.0000;1732874624.0000
87.0000;87.0000;0.0000;947.0000;1732874624.0000
87.0000;87.0000;0.0000;948.0000;1732874624.0000
87.0000;87.0000;0.0000;946.0000;1732874624.0000
86.0000;88.0000;0.0000;948.0000;1732874624.0000
85.0000;88.0000;0.0000;946.0000;1732874624.0000
85.0000;89.0000;0.0000;945.0000;1732874624.0000
84.0000;90.0000;0.0000;946.0000;1732874624.0000
83.0000;91.0000;0.0000;948.0000;1732874624.0000
82.0000;92.0000;0.0000;944.0000;1732874624.0000
81.0000;93.0000;0.0000;947.0000;1732874624.0000
80.0000;93.0000;0.0000;941.0000;1732874624.0000
80.0000;94.0000;0.0000;943.0000;1732874752.0000
79.0000;94.0000;0.0000;944.0000;1732874752.0000
78.0000;95.0000;0.0000;941.0000;1732874752.0000
78.0000;95.0000;0.0000;939.0000;1732874752.0000
77.0000;96.0000;0.0000;942.0000;1732874752.0000
76.0000;96.0000;0.0000;939.0000;1732874752.0000
76.0000;97.0000;0.0000;939.0000;1732874752.0000
75.0000;98.0000;0.0000;939.0000;1732874752.0000
74.0000;99.0000;0.0000;938.0000;1732874752.0000
74.0000;99.0000;0.0000;938.0000;1732874752.0000
73.0000;100.0000;0.0000;937.0000;1732874752.0000
72.0000;101.0000;12.0000;938.0000;1732874752.0000
71.0000;102.0000;0.0000;937.0000;1732874752.0000
70.0000;103.0000;0.0000;937.0000;1732874752.0000
69.0000;103.0000;12.0000;935.0000;1732874752.0000
69.0000;104.0000;0.0000;935.0000;1732874752.0000
68.0000;105.0000;0.0000;934.0000;1732874752.0000
67.0000;105.0000;0.0000;935.0000;1732874752.0000
67.0000;106.0000;0.0000;937.0000;1732874880.0000
66.0000;107.0000;0.0000;932.0000;1732874880.0000
65.0000;108.0000;12.0000;933.0000;1732874880.0000
65.0000;108.0000;0.0000;935.0000;1732874880.0000
64.0000;109.0000;0.0000;932.0000;1732874880.0000
63.0000;110.0000;0.0000;931.0000;1732874880.0000
63.0000;111.0000;0.0000;932.0000;1732874880.0000
62.0000;112.0000;12.0000;931.0000;1732874880.0000
61.0000;112.0000;0.0000;932.0000;1732874880.0000
61.0000;113.0000;0.0000;929.0000;1732874880.0000
60.0000;114.0000;0.0000;927.0000;1732874880.0000
60.0000;115.0000;0.0000;931.0000;1732874880.0000
59.0000;116.0000;0.0000;929.0000;1732874880.0000
59.0000;116.0000;0.0000;930.0000;1732874880.0000
58.0000;117.0000;0.0000;929.0000;1732874880.0000
58.0000;118.0000;0.0000;927.0000;1732874880.0000
57.0000;119.0000;0.0000;931.0000;1732874880.0000
56.0000;119.0000;0.0000;929.0000;1732874880.0000
56.0000;121.0000;0.0000;928.0000;1732875008.0000
55.0000;122.0000;0.0000;931.0000;1732875008.0000
55.0000;123.0000;0.0000;927.0000;1732875008.0000
54.0000;124.0000;0.0000;929.0000;1732875008.0000
54.0000;125.0000;0.0000;927.0000;1732875008.0000
53.0000;126.0000;0.0000;927.0000;1732875008.0000
53.0000;127.0000;0.0000;924.0000;1732875008.0000
52.0000;128.0000;0.0000;924.0000;1732875008.0000
52.0000;130.0000;0.0000;925.0000;1732875008.0000
51.0000;131.0000;0.0000;927.0000;1732875008.0000
51.0000;132.0000;0.0000;924.0000;1732875008.0000
50.0000;133.0000;0.0000;925.0000;1732875008.0000
49.0000;135.0000;0.0000;926.0000;1732875008.0000
49.0000;136.0000;0.0000;925.0000;1732875008.0000
49.0000;137.0000;0.0000;924.0000;1732875008.0000
48.0000;138.0000;0.0000;926.0000;1732875008.0000
48.0000;140.0000;0.0000;924.0000;1732875008.0000
48.0000;141.0000;0.0000;921.0000;1732875008.0000
47.0000;142.0000;0.0000;926.0000;1732875008.0000
47.0000;143.0000;0.0000;924.0000;1732875136.0000
47.0000;144.0000;0.0000;925.0000;1732875136.0000
47.0000;145.0000;12.0000;924.0000;1732875136.0000
46.0000;147.0000;0.0000;924.0000;1732875136.0000
46.0000;148.0000;0.0000;924.0000;1732875136.0000
45.0000;149.0000;0.0000;924.0000;1732875136.0000
45.0000;150.0000;0.0000;921.0000;1732875136.0000
45.0000;151.0000;0.0000;924.0000;1732875136.0000
45.0000;152.0000;0.0000;922.0000;1732875136.0000
44.0000;153.0000;0.0000;924.0000;1732875136.0000
44.0000;154.0000;0.0000;924.0000;1732875136.0000
43.0000;155.0000;12.0000;920.0000;1732875136.0000
43.0000;157.0000;0.0000;924.0000;1732875136.0000
43.0000;158.0000;0.0000;924.0000;1732875136.0000
42.0000;159.0000;12.0000;921.0000;1732875136.0000
42.0000;160.0000;0.0000;924.0000;1732875136.0000
42.0000;161.0000;12.0000;924.0000;1732875136.0000
41.0000;162.0000;0.0000;921.0000;1732875136.0000
41.0000;163.0000;0.0000;925.0000;1732875264.0000
40.0000;164.0000;0.0000;920.0000;1732875264.0000
40.0000;166.0000;0.0000;921.0000;1732875264.0000
40.0000;167.0000;0.0000;922.0000;1732875264.0000
39.0000;167.0000;0.0000;920.0000;1732875264.0000
39.0000;168.0000;0.0000;921.0000;1732875264.0000
39.0000;169.0000;0.0000;921.0000;1732875264.0000
39.0000;170.0000;0.0000;918.0000;1732875264.0000
38.0000;171.0000;0.0000;920.0000;1732875264.0000
38.0000;172.0000;0.0000;922.0000;1732875264.0000
38.0000;173.0000;0.0000;921.0000;1732875264.0000
38.0000;174.0000;0.0000;922.0000;1732875264.0000
37.0000;175.0000;0.0000;920.0000;1732875264.0000
37.0000;176.0000;0.0000;924.0000;1732875264.0000
37.0000;177.0000;0.0000;924.0000;1732875264.0000
37.0000;178.0000;0.0000;919.0000;1732875264.0000
36.0000;179.0000;0.0000;924.0000;1732875264.0000
36.0000;180.0000;12.0000;924.0000;1732875264.0000
36.0000;180.0000;0.0000;917.0000;1732875392.0000
36.0000;181.0000;0.0000;920.0000;1732875392.0000
35.0000;182.0000;0.0000;921.0000;1732875392.0000
35.0000;183.0000;0.0000;918.0000;1732875392.0000
35.0000;184.0000;0.0000;919.0000;1732875392.0000
34.0000;185.0000;0.0000;919.0000;1732875392.0000
34.0000;186.0000;0.0000;918.0000;1732875392.0000
34.0000;188.0000;0.0000;919.0000;1732875392.0000
34.0000;189.0000;0.0000;917.0000;1732875392.0000
34.0000;190.0000;0.0000;920.0000;1732875392.0000
33.0000;191.0000;12.0000;920.0000;1732875392.0000
33.0000;193.0000;0.0000;916.0000;1732875392.0000
33.0000;194.0000;12.0000;917.0000;1732875392.0000
33.0000;195.0000;0.0000;920.0000;1732875392.0000
33.0000;197.0000;0.0000;916.0000;1732875392.0000
33.0000;198.0000;0.0000;920.0000;1732875392.0000
33.0000;199.0000;0.0000;917.0000;1732875392.0000
33.0000;201.0000;12.0000;918.0000;1732875392.0000
32.0000;202.0000;0.0000;918.0000;1732875520.0000
32.0000;203.0000;12.0000;917.0000;1732875520.0000
32.0000;205.0000;0.0000;917.0000;1732875520.0000
32.0000;206.0000;0.0000;921.0000;1732875520.0000
32.0000;207.0000;0.0000;917.0000;1732875520.0000
32.0000;209.0000;0.0000;918.0000;1732875520.0000
32.0000;210.0000;12.0000;919.0000;1732875520.0000
32.0000;211.0000;0.0000;917.0000;1732875520.0000
32.0000;212.0000;12.0000;918.0000;1732875520.0000
32.0000;213.0000;0.0000;917.0000;1732875520.0000
32.0000;214.0000;0.0000;917.0000;1732875520.0000
32.0000;215.0000;12.0000;918.0000;1732875520.0000
32.0000;216.0000;0.0000;917.0000;1732875520.0000
32.0000;217.0000;0.0000;918.0000;1732875520.0000
32.0000;218.0000;0.0000;920.0000;1732875520.0000
32.0000;219.0000;0.0000;915.0000;1732875520.0000
32.0000;220.0000;0.0000;922.0000;1732875520.0000
32.0000;221.0000;0.0000;919.0000;1732875520.0000
32.0000;222.0000;0.0000;918.0000;1732875648.0000
32.0000;223.0000;0.0000;920.0000;1732875648.0000
31.0000;224.0000;0.0000;917.0000;1732875648.0000
31.0000;225.0000;0.0000;921.0000;1732875648.0000
31.0000;226.0000;0.0000;920.0000;1732875648.0000
31.0000;227.0000;0.0000;919.0000;1732875648.0000
31.0000;228.0000;0.0000;922.0000;1732875648.0000
31.0000;229.0000;0.0000;924.0000;1732875648.0000
31.0000;229.0000;0.0000;921.0000;1732875648.0000
31.0000;230.0000;0.0000;924.0000;1732875648.0000
31.0000;231.0000;0.0000;926.0000;1732875648.0000
31.0000;232.0000;0.0000;921.0000;1732875648.0000
31.0000;233.0000;0.0000;924.0000;1732875648.0000
31.0000;234.0000;0.0000;924.0000;1732875648.0000
31.0000;235.0000;0.0000;924.0000;1732875648.0000
31.0000;236.0000;0.0000;926.0000;1732875648.0000
31.0000;237.0000;0.0000;926.0000;1732875648.0000
31.0000;237.0000;0.0000;926.0000;1732875648.0000
31.0000;238.0000;0.0000;927.0000;1732875776.0000
32.0000;239.0000;0.0000;926.0000;1732875776.0000
32.0000;241.0000;0.0000;927.0000;1732875776.0000
32.0000;242.0000;0.0000;930.0000;1732875776.0000
32.0000;243.0000;0.0000;924.0000;1732875776.0000
32.0000;244.0000;0.0000;930.0000;1732875776.0000
32.0000;245.0000;0.0000;928.0000;1732875776.0000
33.0000;246.0000;0.0000;928.0000;1732875776.0000
33.0000;247.0000;0.0000;932.0000;1732875776.0000
33.0000;248.0000;0.0000;927.0000;1732875776.0000
33.0000;249.0000;0.0000;929.0000;1732875776.0000
34.0000;250.0000;0.0000;932.0000;1732875776.0000
34.0000;251.0000;0.0000;929.0000;1732875776.0000
34.0000;252.0000;0.0000;932.0000;1732875776.0000
35.0000;254.0000;0.0000;934.0000;1732875776.0000
35.0000;255.0000;0.0000;931.0000;1732875776.0000
36.0000;256.0000;0.0000;934.0000;1732875776.0000
36.0000;257.0000;0.0000;935.0000;1732875776.0000
36.0000;258.0000;0.0000;932.0000;1732875776.0000
37.0000;259.0000;0.0000;937.0000;1732875904.0000
37.0000;260.0000;0.0000;933.0000;1732875904.0000
37.0000;261.0000;12.0000;935.0000;1732875904.0000
38.0000;262.0000;0.0000;940.0000;1732875904.0000
38.0000;263.0000;0.0000;938.0000;1732875904.0000
38.0000;264.0000;0.0000;939.0000;1732875904.0000
39.0000;265.0000;0.0000;939.0000;1732875904.0000
39.0000;266.0000;0.0000;938.0000;1732875904.0000
39.0000;267.0000;0.0000;938.0000;1732875904.0000
40.0000;268.0000;0.0000;936.0000;1732875904.0000
40.0000;270.0000;0.0000;938.0000;1732875904.0000
40.0000;271.0000;0.0000;938.0000;1732875904.0000
41.0000;272.0000;0.0000;938.0000;1732875904.0000
41.0000;273.0000;0.0000;937.0000;1732875904.0000
42.0000;274.0000;0.0000;940.0000;1732875904.0000
42.0000;275.0000;0.0000;937.0000;1732875904.0000
43.0000;276.0000;0.0000;941.0000;1732875904.0000
43.0000;277.0000;0.0000;943.0000;1732875904.0000
43.0000;278.0000;0.0000;941.0000;1732876032.0000
44.0000;279.0000;0.0000;942.0000;1732876032.0000
44.0000;281.0000;0.0000;940.0000;1732876032.0000
44.0000;282.0000;0.0000;939.0000;1732876032.0000
45.0000;283.0000;0.0000;942.0000;1732876032.0000
45.0000;284.0000;0.0000;940.0000;1732876032.0000
46.0000;285.0000;0.0000;938.0000;1732876032.0000
46.0000;286.0000;0.0000;942.0000;1732876032.0000
47.0000;287.0000;0.0000;941.0000;1732876032.0000
47.0000;289.0000;0.0000;940.0000;1732876032.0000
48.0000;290.0000;0.0000;942.0000;1732876032.0000
49.0000;291.0000;0.0000;938.0000;1732876032.0000
49.0000;293.0000;0.0000;941.0000;1732876032.0000
50.0000;294.0000;0.0000;942.0000;1732876032.0000
51.0000;295.0000;0.0000;941.0000;1732876032.0000
51.0000;297.0000;0.0000;942.0000;1732876032.0000
52.0000;298.0000;0.0000;941.0000;1732876032.0000
52.0000;300.0000;0.0000;939.0000;1732876032.0000
53.0000;301.0000;0.0000;941.0000;1732876160.0000
54.0000;302.0000;0.0000;937.0000;1732876160.0000
54.0000;304.0000;0.0000;941.0000;1732876160.0000
55.0000;305.0000;0.0000;942.0000;1732876160.0000
56.0000;306.0000;0.0000;940.0000;1732876160.0000
57.0000;308.0000;0.0000;939.0000;1732876160.0000
58.0000;309.0000;0.0000;941.0000;1732876160.0000
59.0000;310.0000;0.0000;937.0000;1732876160.0000
59.0000;312.0000;0.0000;941.0000;1732876160.0000
60.0000;313.0000;12.0000;941.0000;1732876160.0000
61.0000;314.0000;0.0000;938.0000;1732876160.0000
62.0000;316.0000;0.0000;938.0000;1732876160.0000
63.0000;317.0000;0.0000;938.0000;1732876160.0000
64.0000;318.0000;0.0000;937.0000;1732876160.0000
64.0000;319.0000;0.0000;940.0000;1732876160.0000
65.0000;321.0000;0.0000;938.0000;1732876160.0000
66.0000;322.0000;0.0000;939.0000;1732876160.0000
67.0000;323.0000;0.0000;941.0000;1732876160.0000
68.0000;325.0000;0.0000;940.0000;1732876288.0000
69.0000;326.0000;0.0000;942.0000;1732876288.0000
70.0000;327.0000;0.0000;940.0000;1732876288.0000
71.0000;328.0000;0.0000;938.0000;1732876288.0000
72.0000;329.0000;0.0000;941.0000;1732876288.0000
73.0000;331.0000;0.0000;939.0000;1732876288.0000
74.0000;332.0000;0.0000;941.0000;1732876288.0000
75.0000;333.0000;0.0000;940.0000;1732876288.0000
76.0000;334.0000;0.0000;938.0000;1732876288.0000
77.0000;335.0000;0.0000;938.0000;1732876288.0000
78.0000;336.0000;0.0000;942.0000;1732876288.0000
79.0000;337.0000;0.0000;937.0000;1732876288.0000
79.0000;338.0000;0.0000;941.0000;1732876288.0000
80.0000;339.0000;0.0000;939.0000;1732876288.0000
81.0000;340.0000;0.0000;938.0000;1732876288.0000
82.0000;341.0000;0.0000;940.0000;1732876288.0000
82.0000;341.0000;0.0000;938.0000;1732876288.0000
83.0000;342.0000;0.0000;938.0000;1732876288.0000
84.0000;343.0000;0.0000;940.0000;1732876288.0000
84.0000;344.0000;0.0000;935.0000;1732876416.0000
85.0000;344.0000;0.0000;938.0000;1732876416.0000
85.0000;345.0000;0.0000;940.0000;1732876416.0000
86.0000;346.0000;0.0000;938.0000;1732876416.0000
87.0000;347.0000;0.0000;940.0000;1732876416.0000
87.0000;348.0000;0.0000;940.0000;1732876416.0000
88.0000;349.0000;0.0000;937.0000;1732876416.0000
89.0000;350.0000;0.0000;938.0000;1732876416.0000
90.0000;351.0000;0.0000;938.0000;1732876416.0000
91.0000;351.0000;0.0000;937.0000;1732876416.0000
92.0000;353.0000;0.0000;939.0000;1732876416.0000
93.0000;353.0000;0.0000;935.0000;1732876416.0000
94.0000;354.0000;0.0000;938.0000;1732876416.0000
95.0000;354.0000;0.0000;938.0000;1732876416.0000
96.0000;355.0000;0.0000;937.0000;1732876416.0000
98.0000;356.0000;0.0000;938.0000;1732876416.0000
99.0000;357.0000;0.0000;938.0000;1732876416.0000
100.0000;358.0000;0.0000;937.0000;1732876416.0000
101.0000;358.0000;0.0000;938.0000;1732876544.0000
102.0000;359.0000;0.0000;935.0000;1732876544.0000
104.0000;360.0000;0.0000;938.0000;1732876544.0000
105.0000;360.0000;0.0000;940.0000;1732876544.0000
107.0000;361.0000;0.0000;938.0000;1732876544.0000
109.0000;362.0000;0.0000;936.0000;1732876544.0000
110.0000;362.0000;0.0000;940.0000;1732876544.0000
112.0000;363.0000;0.0000;936.0000;1732876544.0000
114.0000;363.0000;0.0000;938.0000;1732876544.0000
115.0000;364.0000;0.0000;939.0000;1732876544.0000
117.0000;365.0000;0.0000;936.0000;1732876544.0000
118.0000;366.0000;0.0000;939.0000;1732876544.0000
120.0000;367.0000;0.0000;938.0000;1732876544.0000
121.0000;367.0000;0.0000;938.0000;1732876544.0000
123.0000;368.0000;0.0000;940.0000;1732876544.0000
124.0000;369.0000;0.0000;938.0000;1732876544.0000
126.0000;370.0000;0.0000;938.0000;1732876544.0000
127.0000;371.0000;0.0000;941.0000;1732876544.0000
129.0000;371.0000;0.0000;938.0000;1732876672.0000
130.0000;372.0000;0.0000;937.0000;1732876672.0000
132.0000;373.0000;0.0000;940.0000;1732876672.0000
134.0000;373.0000;0.0000;938.0000;1732876672.0000
136.0000;374.0000;0.0000;941.0000;1732876672.0000
137.0000;374.0000;0.0000;940.0000;1732876672.0000
139.0000;375.0000;0.0000;938.0000;1732876672.0000
141.0000;375.0000;0.0000;943.0000;1732876672.0000
143.0000;376.0000;0.0000;939.0000;1732876672.0000
145.0000;377.0000;0.0000;940.0000;1732876672.0000
146.0000;377.0000;0.0000;943.0000;1732876672.0000
148.0000;378.0000;0.0000;941.0000;1732876672.0000
150.0000;378.0000;0.0000;941.0000;1732876672.0000
152.0000;379.0000;0.0000;939.0000;1732876672.0000
154.0000;379.0000;0.0000;940.0000;1732876672.0000
156.0000;380.0000;0.0000;941.0000;1732876672.0000
158.0000;380.0000;0.0000;941.0000;1732876672.0000
160.0000;381.0000;0.0000;940.0000;1732876672.0000
161.0000;381.0000;0.0000;943.0000;1732876800.0000
163.0000;381.0000;0.0000;941.0000;1732876800.0000
165.0000;381.0000;0.0000;941.0000;1732876800.0000
166.0000;382.0000;0.0000;944.0000;1732876800.0000
168.0000;382.0000;0.0000;942.0000;1732876800.0000
169.0000;383.0000;0.0000;941.0000;1732876800.0000
171.0000;383.0000;0.0000;944.0000;1732876800.0000
172.0000;384.0000;0.0000;941.0000;1732876800.0000
174.0000;384.0000;0.0000;943.0000;1732876800.0000
176.0000;384.0000;0.0000;944.0000;1732876800.0000
177.0000;384.0000;0.0000;943.0000;1732876800.0000
179.0000;384.0000;0.0000;945.0000;1732876800.0000
181.0000;385.0000;0.0000;946.0000;1732876800.0000
182.0000;385.0000;0.0000;944.0000;1732876800.0000
184.0000;385.0000;0.0000;945.0000;1732876800.0000
186.0000;386.0000;0.0000;944.0000;1732876800.0000
187.0000;386.0000;0.0000;944.0000;1732876800.0000
189.0000;386.0000;0.0000;946.0000;1732876800.0000
190.0000;386.0000;0.0000;941.0000;1732876928.0000
192.0000;387.0000;0.0000;946.0000;1732876928.0000
193.0000;387.0000;0.0000;947.0000;1732876928.0000
194.0000;387.0000;0.0000;943.0000;1732876928.0000
196.0000;387.0000;0.0000;946.0000;1732876928.0000
197.0000;388.0000;0.0000;946.0000;1732876928.0000
199.0000;388.0000;0.0000;942.0000;1732876928.0000
200.0000;388.0000;0.0000;945.0000;1732876928.0000
201.0000;388.0000;0.0000;946.0000;1732876928.0000
203.0000;388.0000;0.0000;947.0000;1732876928.0000
204.0000;388.0000;0.0000;949.0000;1732876928.0000
206.0000;388.0000;0.0000;947.0000;1732876928.0000
207.0000;388.0000;0.0000;948.0000;1732876928.0000
209.0000;388.0000;0.0000;949.0000;1732876928.0000
210.0000;388.0000;0.0000;946.0000;1732876928.0000
211.0000;388.0000;0.0000;950.0000;1732876928.0000
213.0000;388.0000;0.0000;949.0000;1732876928.0000
214.0000;388.0000;0.0000;947.0000;1732876928.0000
216.0000;388.0000;0.0000;950.0000;1732877056.0000
217.0000;388.0000;0.0000;947.0000;1732877056.0000
219.0000;388.0000;0.0000;948.0000;1732877056.0000
221.0000;388.0000;0.0000;949.0000;1732877056.0000
222.0000;388.0000;0.0000;948.0000;1732877056.0000
224.0000;388.0000;0.0000;950.0000;1732877056.0000
226.0000;388.0000;0.0000;951.0000;1732877056.0000
227.0000;388.0000;0.0000;949.0000;1732877056.0000
229.0000;388.0000;0.0000;952.0000;1732877056.0000
231.0000;388.0000;0.0000;950.0000;1732877056.0000
233.0000;387.0000;0.0000;950.0000;1732877056.0000
234.0000;387.0000;0.0000;951.0000;1732877056.0000
236.0000;387.0000;0.0000;951.0000;1732877056.0000
238.0000;387.0000;0.0000;950.0000;1732877056.0000
239.0000;386.0000;0.0000;952.0000;1732877056.0000
241.0000;386.0000;0.0000;952.0000;1732877056.0000
243.0000;385.0000;0.0000;953.0000;1732877056.0000
245.0000;385.0000;0.0000;955.0000;1732877056.0000
247.0000;385.0000;0.0000;952.0000;1732877056.0000
249.0000;384.0000;0.0000;954.0000;1732877184.0000
250.0000;384.0000;0.0000;955.0000;1732877184.0000
252.0000;383.0000;0.0000;953.0000;1732877184.0000
254.0000;383.0000;0.0000;957.0000;1732877184.0000
256.0000;382.0000;0.0000;957.0000;1732877184.0000
257.0000;382.0000;0.0000;955.0000;1732877184.0000
260.0000;381.0000;0.0000;958.0000;1732877184.0000
262.0000;380.0000;0.0000;959.0000;1732877184.0000
263.0000;380.0000;0.0000;957.0000;1732877184.0000
265.0000;379.0000;0.0000;959.0000;1732877184.0000
267.0000;378.0000;0.0000;957.0000;1732877184.0000
268.0000;378.0000;0.0000;960.0000;1732877184.0000
270.0000;377.0000;0.0000;961.0000;1732877184.0000
272.0000;376.0000;0.0000;958.0000;1732877184.0000
273.0000;375.0000;0.0000;961.0000;1732877184.0000
275.0000;374.0000;0.0000;960.0000;1732877184.0000
276.0000;373.0000;12.0000;959.0000;1732877184.0000
278.0000;372.0000;0.0000;963.0000;1732877184.0000
280.0000;371.0000;12.0000;961.0000;1732877312.0000
281.0000;370.0000;0.0000;960.0000;1732877312.0000
283.0000;369.0000;0.0000;965.0000;1732877312.0000
284.0000;368.0000;0.0000;963.0000;1732877312.0000
286.0000;367.0000;0.0000;965.0000;1732877312.0000
288.0000;365.0000;0.0000;965.0000;1732877312.0000
289.0000;364.0000;0.0000;963.0000;1732877312.0000
291.0000;363.0000;0.0000;965.0000;1732877312.0000
293.0000;362.0000;0.0000;966.0000;1732877312.0000
294.0000;361.0000;0.0000;965.0000;1732877312.0000
296.0000;360.0000;0.0000;967.0000;1732877312.0000
297.0000;359.0000;0.0000;965.0000;1732877312.0000
299.0000;358.0000;0.0000;968.0000;1732877312.0000
301.0000;357.0000;0.0000;970.0000;1732877312.0000
303.0000;355.0000;0.0000;966.0000;1732877312.0000
305.0000;354.0000;0.0000;968.0000;1732877312.0000
306.0000;353.0000;0.0000;971.0000;1732877312.0000
308.0000;351.0000;0.0000;966.0000;1732877312.0000
310.0000;350.0000;0.0000;971.0000;1732877440.0000
311.0000;349.0000;0.0000;971.0000;1732877440.0000
313.0000;348.0000;0.0000;968.0000;1732877440.0000
314.0000;346.0000;0.0000;971.0000;1732877440.0000
316.0000;346.0000;0.0000;968.0000;1732877440.0000
317.0000;344.0000;0.0000;967.0000;1732877440.0000
319.0000;344.0000;0.0000;973.0000;1732877440.0000
320.0000;343.0000;0.0000;969.0000;1732877440.0000
322.0000;342.0000;0.0000;971.0000;1732877440.0000
323.0000;341.0000;0.0000;971.0000;1732877440.0000
325.0000;339.0000;0.0000;969.0000;1732877440.0000
327.0000;338.0000;0.0000;971.0000;1732877440.0000
329.0000;337.0000;0.0000;971.0000;1732877440.0000
330.0000;335.0000;0.0000;971.0000;1732877440.0000
332.0000;333.0000;0.0000;974.0000;1732877440.0000
334.0000;332.0000;0.0000;972.0000;1732877440.0000
335.0000;330.0000;0.0000;973.0000;1732877440.0000
336.0000;329.0000;0.0000;977.0000;1732877440.0000
338.0000;328.0000;0.0000;971.0000;1732877568.0000
339.0000;327.0000;0.0000;974.0000;1732877568.0000
340.0000;325.0000;0.0000;973.0000;1732877568.0000
342.0000;324.0000;12.0000;973.0000;1732877568.0000
343.0000;323.0000;0.0000;975.0000;1732877568.0000
344.0000;322.0000;12.0000;975.0000;1732877568.0000
345.0000;320.0000;0.0000;973.0000;1732877568.0000
347.0000;319.0000;0.0000;975.0000;1732877568.0000
348.0000;317.0000;0.0000;974.0000;1732877568.0000
349.0000;316.0000;0.0000;974.0000;1732877568.0000
350.0000;315.0000;0.0000;977.0000;1732877568.0000
352.0000;313.0000;0.0000;972.0000;1732877568.0000
353.0000;312.0000;0.0000;975.0000;1732877568.0000
354.0000;310.0000;0.0000;977.0000;1732877568.0000
355.0000;308.0000;0.0000;973.0000;1732877568.0000
356.0000;306.0000;0.0000;977.0000;1732877568.0000
358.0000;304.0000;0.0000;976.0000;1732877568.0000
359.0000;302.0000;0.0000;973.0000;1732877568.0000
361.0000;300.0000;0.0000;977.0000;1732877696.0000
362.0000;298.0000;0.0000;976.0000;1732877696.0000
364.0000;296.0000;0.0000;975.0000;1732877696.0000
365.0000;295.0000;0.0000;978.0000;1732877696.0000
366.0000;293.0000;0.0000;976.0000;1732877696.0000
367.0000;292.0000;0.0000;977.0000;1732877696.0000
368.0000;291.0000;0.0000;978.0000;1732877696.0000
370.0000;289.0000;0.0000;975.0000;1732877696.0000
370.0000;288.0000;0.0000;977.0000;1732877696.0000
371.0000;287.0000;0.0000;978.0000;1732877696.0000
372.0000;285.0000;0.0000;977.0000;1732877696.0000
373.0000;284.0000;0.0000;980.0000;1732877696.0000
374.0000;282.0000;0.0000;979.0000;1732877696.0000
375.0000;280.0000;0.0000;978.0000;1732877696.0000
376.0000;279.0000;12.0000;980.0000;1732877696.0000
376.0000;277.0000;0.0000;980.0000;1732877696.0000
377.0000;275.0000;12.0000;980.0000;1732877696.0000
378.0000;274.0000;0.0000;982.0000;1732877696.0000
379.0000;272.0000;0.0000;980.0000;1732877824.0000
379.0000;270.0000;0.0000;982.0000;1732877824.0000
381.0000;269.0000;0.0000;982.0000;1732877824.0000
381.0000;267.0000;0.0000;973.0000;1732877824.0000
382.0000;265.0000;0.0000;983.0000;1732877824.0000
383.0000;263.0000;0.0000;984.0000;1732877824.0000
384.0000;262.0000;0.0000;983.0000;1732877824.0000
384.0000;260.0000;0.0000;985.0000;1732877824.0000
385.0000;258.0000;0.0000;983.0000;1732877824.0000
386.0000;256.0000;0.0000;984.0000;1732877824.0000
387.0000;255.0000;0.0000;986.0000;1732877824.0000
387.0000;253.0000;0.0000;983.0000;1732877824.0000
388.0000;252.0000;0.0000;982.0000;1732877824.0000
389.0000;251.0000;0.0000;985.0000;1732877824.0000
390.0000;249.0000;0.0000;983.0000;1732877824.0000
390.0000;248.0000;0.0000;982.0000;1732877824.0000
391.0000;247.0000;0.0000;984.0000;1732877824.0000
392.0000;245.0000;0.0000;983.0000;1732877824.0000
392.0000;244.0000;0.0000;984.0000;1732877824.0000
393.0000;242.0000;0.0000;983.0000;1732877952.0000
394.0000;241.0000;0.0000;986.0000;1732877952.0000
394.0000;239.0000;0.0000;988.0000;1732877952.0000
394.0000;237.0000;0.0000;983.0000;1732877952.0000
394.0000;236.0000;0.0000;984.0000;1732877952.0000
395.0000;234.0000;0.0000;986.0000;1732877952.0000
395.0000;233.0000;0.0000;983.0000;1732877952.0000
395.0000;231.0000;0.0000;983.0000;1732877952.0000
396.0000;229.0000;12.0000;985.0000;1732877952.0000
396.0000;228.0000;0.0000;984.0000;1732877952.0000
397.0000;226.0000;12.0000;983.0000;1732877952.0000
397.0000;225.0000;0.0000;981.0000;1732877952.0000
397.0000;224.0000;0.0000;981.0000;1732877952.0000
398.0000;223.0000;0.0000;980.0000;1732877952.0000
398.0000;223.0000;12.0000;981.0000;1732877952.0000
398.0000;222.0000;0.0000;983.0000;1732877952.0000
398.0000;221.0000;12.0000;983.0000;1732877952.0000
398.0000;221.0000;0.0000;980.0000;1732877952.0000
398.0000;220.0000;0.0000;981.0000;1732878080.0000
398.0000;219.0000;0.0000;977.0000;1732878080.0000
398.0000;217.0000;0.0000;970.0000;1732878080.0000
398.0000;216.0000;0.0000;982.0000;1732878080.0000
399.0000;215.0000;0.0000;967.0000;1732878080.0000
399.0000;213.0000;0.0000;974.0000;1732878080.0000
399.0000;212.0000;0.0000;974.0000;1732878080.0000
399.0000;211.0000;0.0000;970.0000;1732878080.0000
400.0000;210.0000;0.0000;971.0000;1732878080.0000
400.0000;209.0000;0.0000;973.0000;1732878080.0000
400.0000;208.0000;0.0000;969.0000;1732878080.0000
400.0000;207.0000;0.0000;971.0000;1732878080.0000
400.0000;206.0000;0.0000;971.0000;1732878080.0000
400.0000;205.0000;0.0000;966.0000;1732878080.0000
400.0000;204.0000;0.0000;968.0000;1732878080.0000
401.0000;203.0000;0.0000;966.0000;1732878080.0000
401.0000;202.0000;0.0000;964.0000;1732878080.0000
401.0000;201.0000;0.0000;963.0000;1732878080.0000
401.0000;201.0000;0.0000;963.0000;1732878208.0000
401.0000;201.0000;0.0000;965.0000;1732878208.0000
401.0000;201.0000;0.0000;967.0000;1732878208.0000
401.0000;201.0000;0.0000;963.0000;1732878208.0000
401.0000;200.0000;0.0000;964.0000;1732878208.0000
401.0000;200.0000;0.0000;962.0000;1732878208.0000
401.0000;200.0000;0.0000;957.0000;1732878208.0000
401.0000;200.0000;0.0000;950.0000;1732878208.0000
400.0000;200.0000;0.0000;938.0000;1732878208.0000
400.0000;200.0000;0.0000;922.0000;1732878208.0000
400.0000;200.0000;0.0000;910.0000;1732878208.0000
400.0000;200.0000;0.0000;882.0000;1732878208.0000
400.0000;200.0000;0.0000;839.0000;1732878208.0000
400.0000;200.0000;0.0000;776.0000;1732878208.0000
400.0000;200.0000;12.0000;645.0000;1732878208.0000
399.0000;200.0000;24.0000;396.0000;1732878208.0000
399.0000;200.0000;36.0000;189.0000;1732878208.0000
614.0000;-16.0000;0.0000;398.0000;1732879232.0000
614.0000;-17.0000;0.0000;401.0000;1732879232.0000
614.0000;-17.0000;0.0000;402.0000;1732879232.0000
614.0000;-17.0000;0.0000;424.0000;1732879232.0000
614.0000;-17.0000;0.0000;453.0000;1732879232.0000
614.0000;-17.0000;0.0000;465.0000;1732879232.0000
614.0000;-17.0000;0.0000;462.0000;1732879232.0000
614.0000;-17.0000;0.0000;445.0000;1732879232.0000
614.0000;-16.0000;0.0000;396.0000;1732879232.0000
614.0000;-16.0000;0.0000;150.0000;1732879232.0000
