270.0000;202.0000;24.0000;8.0000;0.0000
270.0000;202.0000;0.0000;58.0000;9.0000
270.0000;202.0000;12.0000;93.0000;18.0000
270.0000;202.0000;0.0000;110.0000;27.0000
270.0000;202.0000;12.0000;122.0000;36.0000
270.0000;202.0000;12.0000;132.0000;45.0000
269.0000;202.0000;0.0000;142.0000;54.0000
269.0000;202.0000;0.0000;151.0000;63.0000
269.0000;202.0000;0.0000;175.0000;72.0000
269.0000;202.0000;0.0000;188.0000;81.0000
269.0000;202.0000;0.0000;201.0000;90.0000
269.0000;202.0000;12.0000;214.0000;99.0000
269.0000;202.0000;0.0000;231.0000;108.0000
269.0000;202.0000;0.0000;246.0000;117.0000
269.0000;202.0000;0.0000;240.0000;126.0000
269.0000;202.0000;0.0000;247.0000;135.0000
269.0000;203.0000;0.0000;272.0000;144.0000
270.0000;203.0000;0.0000;285.0000;153.0000
270.0000;203.0000;12.0000;295.0000;162.0000
270.0000;203.0000;0.0000;306.0000;172.0000
270.0000;203.0000;12.0000;320.0000;181.0000
270.0000;203.0000;0.0000;338.0000;190.0000
270.0000;203.0000;0.0000;357.0000;199.0000
271.0000;204.0000;12.0000;376.0000;208.0000
271.0000;204.0000;0.0000;392.0000;217.0000
271.0000;204.0000;0.0000;408.0000;226.0000
272.0000;204.0000;0.0000;424.0000;235.0000
273.0000;203.0000;0.0000;438.0000;244.0000
273.0000;203.0000;0.0000;452.0000;253.0000
274.0000;202.0000;0.0000;466.0000;262.0000
275.0000;201.0000;0.0000;473.0000;271.0000
275.0000;201.0000;0.0000;495.0000;280.0000
276.0000;200.0000;0.0000;505.0000;289.0000
277.0000;199.0000;0.0000;511.0000;298.0000
277.0000;198.0000;0.0000;518.0000;307.0000
278.0000;197.0000;0.0000;525.0000;316.0000
279.0000;196.0000;0.0000;532.0000;325.0000
279.0000;196.0000;0.0000;538.0000;334.0000
280.0000;195.0000;0.0000;546.0000;343.0000
280.0000;194.0000;0.0000;556.0000;352.0000
280.0000;193.0000;0.0000;564.0000;361.0000
280.0000;192.0000;0.0000;573.0000;370.0000
280.0000;190.0000;0.0000;577.0000;379.0000
280.0000;189.0000;0.0000;581.0000;388.0000
280.0000;188.0000;0.0000;586.0000;397.0000
280.0000;187.0000;0.0000;592.0000;406.0000
280.0000;186.0000;0.0000;596.0000;415.0000
280.0000;185.0000;0.0000;599.0000;424.0000
279.0000;184.0000;0.0000;600.0000;433.0000
279.0000;183.0000;0.0000;602.0000;442.0000
278.0000;181.0000;0.0000;603.0000;451.0000
278.0000;180.0000;0.0000;603.0000;460.0000
277.0000;179.0000;0.0000;604.0000;469.0000
276.0000;178.0000;0.0000;605.0000;478.0000
276.0000;177.0000;0.0000;605.0000;487.0000
275.0000;177.0000;0.0000;606.0000;496.0000
274.0000;176.0000;0.0000;608.0000;505.0000
273.0000;175.0000;0.0000;608.0000;514.0000
272.0000;175.0000;0.0000;608.0000;523.0000
271.0000;175.0000;0.0000;608.0000;532.0000
270.0000;175.0000;0.0000;607.0000;541.0000
268.0000;175.0000;0.0000;609.0000;550.0000
267.0000;175.0000;0.0000;605.0000;559.0000
265.0000;175.0000;0.0000;604.0000;568.0000
263.0000;175.0000;0.0000;605.0000;577.0000
261.0000;175.0000;0.0000;605.0000;586.0000
260.0000;175.0000;0.0000;605.0000;595.0000
259.0000;175.0000;0.0000;605.0000;604.0000
257.0000;175.0000;0.0000;606.0000;613.0000
256.0000;176.0000;0.0000;607.0000;622.0000
255.0000;176.0000;0.0000;605.0000;631.0000
254.0000;176.0000;0.0000;607.0000;640.0000
253.0000;176.0000;0.0000;608.0000;649.0000
252.0000;177.0000;0.0000;606.0000;658.0000
251.0000;177.0000;0.0000;611.0000;667.0000
249.0000;177.0000;0.0000;609.0000;676.0000
248.0000;178.0000;0.0000;613.0000;685.0000
247.0000;178.0000;0.0000;610.0000;694.0000
246.0000;178.0000;0.0000;611.0000;703.0000
245.0000;179.0000;0.0000;610.0000;712.0000
243.0000;179.0000;0.0000;609.0000;721.0000
242.0000;179.0000;0.0000;610.0000;730.0000
241.0000;180.0000;0.0000;609.0000;739.0000
240.0000;181.0000;0.0000;610.0000;748.0000
239.0000;181.0000;0.0000;608.0000;757.0000
239.0000;182.0000;0.0000;610.0000;766.0000
238.0000;183.0000;0.0000;613.0000;775.0000
237.0000;184.0000;0.0000;611.0000;784.0000
236.0000;185.0000;0.0000;611.0000;793.0000
235.0000;186.0000;0.0000;611.0000;802.0000
234.0000;188.0000;0.0000;610.0000;811.0000
233.0000;189.0000;0.0000;611.0000;820.0000
233.0000;190.0000;0.0000;611.0000;829.0000
232.0000;192.0000;0.0000;611.0000;838.0000
231.0000;193.0000;0.0000;611.0000;847.0000
231.0000;194.0000;0.0000;611.0000;856.0000
230.0000;196.0000;0.0000;611.0000;865.0000
230.0000;197.0000;0.0000;611.0000;874.0000
229.0000;199.0000;0.0000;610.0000;883.0000
229.0000;201.0000;12.0000;610.0000;892.0000
229.0000;202.0000;12.0000;611.0000;901.0000
229.0000;204.0000;0.0000;614.0000;910.0000
229.0000;206.0000;12.0000;608.0000;919.0000
229.0000;208.0000;0.0000;612.0000;928.0000
229.0000;210.0000;0.0000;611.0000;937.0000
230.0000;212.0000;0.0000;608.0000;946.0000
230.0000;214.0000;0.0000;612.0000;955.0000
230.0000;216.0000;0.0000;610.0000;964.0000
230.0000;218.0000;0.0000;610.0000;973.0000
230.0000;220.0000;0.0000;611.0000;982.0000
230.0000;223.0000;0.0000;611.0000;991.0000
231.0000;225.0000;0.0000;615.0000;1000.0000
231.0000;227.0000;0.0000;614.0000;1009.0000
232.0000;229.0000;0.0000;612.0000;1018.0000
232.0000;231.0000;0.0000;612.0000;1027.0000
233.0000;234.0000;0.0000;611.0000;1036.0000
233.0000;236.0000;0.0000;613.0000;1045.0000
234.0000;238.0000;0.0000;612.0000;1054.0000
234.0000;240.0000;12.0000;613.0000;1063.0000
235.0000;242.0000;0.0000;612.0000;1072.0000
236.0000;244.0000;12.0000;617.0000;1081.0000
237.0000;246.0000;0.0000;614.0000;1090.0000
238.0000;248.0000;12.0000;614.0000;1099.0000
239.0000;249.0000;0.0000;614.0000;1108.0000
240.0000;251.0000;0.0000;615.0000;1117.0000
241.0000;253.0000;0.0000;617.0000;1126.0000
242.0000;254.0000;0.0000;616.0000;1135.0000
243.0000;256.0000;0.0000;615.0000;1144.0000
245.0000;257.0000;0.0000;621.0000;1153.0000
247.0000;258.0000;0.0000;618.0000;1162.0000
248.0000;260.0000;0.0000;620.0000;1171.0000
250.0000;261.0000;0.0000;621.0000;1180.0000
252.0000;261.0000;0.0000;625.0000;1189.0000
254.0000;262.0000;0.0000;622.0000;1198.0000
255.0000;263.0000;0.0000;622.0000;1207.0000
257.0000;264.0000;0.0000;623.0000;1216.0000
259.0000;265.0000;0.0000;627.0000;1225.0000
261.0000;266.0000;0.0000;629.0000;1234.0000
263.0000;266.0000;0.0000;627.0000;1243.0000
265.0000;267.0000;0.0000;631.0000;1252.0000
267.0000;267.0000;0.0000;629.0000;1261.0000
269.0000;267.0000;0.0000;632.0000;1270.0000
271.0000;268.0000;0.0000;629.0000;1279.0000
273.0000;268.0000;0.0000;631.0000;1288.0000
276.0000;268.0000;0.0000;632.0000;1297.0000
278.0000;268.0000;0.0000;632.0000;1306.0000
281.0000;268.0000;0.0000;634.0000;1315.0000
283.0000;268.0000;0.0000;635.0000;1324.0000
285.0000;267.0000;0.0000;634.0000;1333.0000
287.0000;267.0000;0.0000;634.0000;1342.0000
289.0000;266.0000;0.0000;640.0000;1351.0000
291.0000;266.0000;0.0000;636.0000;1360.0000
293.0000;265.0000;0.0000;635.0000;1369.0000
295.0000;265.0000;0.0000;634.0000;1378.0000
296.0000;265.0000;0.0000;635.0000;1387.0000
298.0000;264.0000;0.0000;635.0000;1396.0000
300.0000;264.0000;0.0000;635.0000;1405.0000
301.0000;263.0000;0.0000;637.0000;1414.0000
303.0000;263.0000;12.0000;638.0000;1423.0000
305.0000;262.0000;0.0000;639.0000;1432.0000
307.0000;261.0000;0.0000;641.0000;1441.0000
309.0000;260.0000;0.0000;643.0000;1450.0000
311.0000;259.0000;0.0000;641.0000;1460.0000
313.0000;258.0000;0.0000;641.0000;1469.0000
315.0000;257.0000;12.0000;643.0000;1478.0000
318.0000;255.0000;0.0000;641.0000;1487.0000
320.0000;254.0000;0.0000;645.0000;1496.0000
322.0000;253.0000;0.0000;643.0000;1505.0000
324.0000;252.0000;0.0000;643.0000;1514.0000
326.0000;251.0000;12.0000;644.0000;1523.0000
328.0000;250.0000;0.0000;644.0000;1532.0000
329.0000;249.0000;0.0000;650.0000;1541.0000
331.0000;248.0000;0.0000;651.0000;1550.0000
332.0000;246.0000;0.0000;648.0000;1559.0000
334.0000;245.0000;0.0000;654.0000;1568.0000
335.0000;244.0000;0.0000;651.0000;1577.0000
336.0000;243.0000;0.0000;654.0000;1586.0000
338.0000;241.0000;0.0000;651.0000;1595.0000
339.0000;240.0000;0.0000;651.0000;1604.0000
340.0000;238.0000;0.0000;653.0000;1613.0000
342.0000;237.0000;0.0000;654.0000;1622.0000
344.0000;235.0000;0.0000;657.0000;1631.0000
346.0000;234.0000;0.0000;660.0000;1640.0000
347.0000;232.0000;0.0000;657.0000;1649.0000
348.0000;231.0000;0.0000;661.0000;1658.0000
350.0000;230.0000;0.0000;665.0000;1667.0000
351.0000;229.0000;0.0000;666.0000;1676.0000
352.0000;227.0000;0.0000;666.0000;1685.0000
353.0000;226.0000;0.0000;670.0000;1694.0000
354.0000;225.0000;0.0000;672.0000;1703.0000
355.0000;224.0000;0.0000;674.0000;1712.0000
356.0000;222.0000;0.0000;675.0000;1721.0000
357.0000;221.0000;0.0000;676.0000;1730.0000
358.0000;219.0000;0.0000;678.0000;1739.0000
359.0000;218.0000;0.0000;678.0000;1748.0000
360.0000;216.0000;0.0000;680.0000;1757.0000
361.0000;214.0000;0.0000;681.0000;1766.0000
362.0000;213.0000;0.0000;685.0000;1775.0000
362.0000;211.0000;0.0000;684.0000;1784.0000
363.0000;210.0000;12.0000;685.0000;1793.0000
364.0000;208.0000;12.0000;687.0000;1802.0000
364.0000;206.0000;12.0000;688.0000;1811.0000
365.0000;205.0000;0.0000;693.0000;1820.0000
366.0000;203.0000;0.0000;694.0000;1829.0000
366.0000;201.0000;0.0000;683.0000;1838.0000
367.0000;199.0000;0.0000;703.0000;1847.0000
367.0000;197.0000;0.0000;712.0000;1856.0000
367.0000;195.0000;0.0000;714.0000;1865.0000
368.0000;194.0000;0.0000;717.0000;1874.0000
368.0000;192.0000;0.0000;721.0000;1883.0000
368.0000;190.0000;0.0000;724.0000;1892.0000
368.0000;188.0000;0.0000;732.0000;1901.0000
368.0000;187.0000;0.0000;728.0000;1910.0000
367.0000;185.0000;0.0000;729.0000;1919.0000
367.0000;183.0000;0.0000;730.0000;1928.0000
367.0000;181.0000;0.0000;731.0000;1937.0000
366.0000;179.0000;0.0000;734.0000;1946.0000
365.0000;177.0000;0.0000;732.0000;1955.0000
365.0000;175.0000;0.0000;733.0000;1964.0000
364.0000;173.0000;0.0000;734.0000;1973.0000
363.0000;170.0000;0.0000;734.0000;1982.0000
363.0000;168.0000;0.0000;736.0000;1991.0000
362.0000;165.0000;0.0000;740.0000;2000.0000
361.0000;163.0000;0.0000;735.0000;2009.0000
360.0000;161.0000;0.0000;738.0000;2018.0000
359.0000;159.0000;0.0000;739.0000;2027.0000
358.0000;157.0000;0.0000;738.0000;2036.0000
357.0000;155.0000;12.0000;739.0000;2045.0000
355.0000;153.0000;0.0000;739.0000;2054.0000
354.0000;151.0000;12.0000;739.0000;2063.0000
352.0000;149.0000;0.0000;740.0000;2072.0000
350.0000;147.0000;0.0000;739.0000;2081.0000
348.0000;145.0000;0.0000;740.0000;2090.0000
346.0000;143.0000;0.0000;740.0000;2099.0000
344.0000;142.0000;0.0000;740.0000;2108.0000
342.0000;140.0000;0.0000;739.0000;2117.0000
340.0000;138.0000;0.0000;740.0000;2126.0000
338.0000;136.0000;0.0000;738.0000;2135.0000
336.0000;134.0000;0.0000;739.0000;2144.0000
334.0000;133.0000;0.0000;741.0000;2153.0000
332.0000;131.0000;0.0000;740.0000;2162.0000
330.0000;129.0000;0.0000;739.0000;2171.0000
328.0000;128.0000;0.0000;738.0000;2180.0000
326.0000;126.0000;0.0000;738.0000;2189.0000
323.0000;125.0000;0.0000;739.0000;2198.0000
321.0000;123.0000;0.0000;736.0000;2207.0000
318.0000;122.0000;0.0000;736.0000;2216.0000
316.0000;121.0000;0.0000;739.0000;2225.0000
312.0000;120.0000;0.0000;739.0000;2234.0000
309.0000;119.0000;0.0000;735.0000;2243.0000
306.0000;119.0000;0.0000;738.0000;2252.0000
302.0000;118.0000;0.0000;735.0000;2261.0000
299.0000;118.0000;0.0000;735.0000;2270.0000
296.0000;117.0000;0.0000;735.0000;2279.0000
293.0000;117.0000;0.0000;735.0000;2288.0000
289.0000;117.0000;0.0000;735.0000;2297.0000
286.0000;116.0000;0.0000;739.0000;2306.0000
282.0000;116.0000;0.0000;735.0000;2315.0000
279.0000;116.0000;0.0000;740.0000;2324.0000
276.0000;115.0000;0.0000;735.0000;2333.0000
272.0000;115.0000;0.0000;734.0000;2342.0000
269.0000;115.0000;0.0000;735.0000;2351.0000
266.0000;115.0000;12.0000;735.0000;2360.0000
263.0000;115.0000;0.0000;733.0000;2369.0000
260.0000;115.0000;0.0000;733.0000;2378.0000
257.0000;115.0000;12.0000;734.0000;2387.0000
255.0000;115.0000;0.0000;732.0000;2396.0000
252.0000;115.0000;0.0000;736.0000;2405.0000
248.0000;115.0000;12.0000;732.0000;2414.0000
245.0000;116.0000;0.0000;732.0000;2423.0000
242.0000;116.0000;0.0000;732.0000;2432.0000
238.0000;116.0000;0.0000;732.0000;2441.0000
235.0000;117.0000;0.0000;732.0000;2450.0000
233.0000;117.0000;0.0000;732.0000;2459.0000
230.0000;117.0000;0.0000;732.0000;2468.0000
227.0000;118.0000;0.0000;733.0000;2477.0000
225.0000;118.0000;0.0000;726.0000;2486.0000
222.0000;118.0000;0.0000;731.0000;2495.0000
220.0000;119.0000;0.0000;732.0000;2504.0000
217.0000;119.0000;0.0000;732.0000;2513.0000
214.0000;120.0000;0.0000;731.0000;2522.0000
211.0000;120.0000;0.0000;730.0000;2531.0000
208.0000;121.0000;0.0000;729.0000;2540.0000
205.0000;122.0000;0.0000;729.0000;2549.0000
202.0000;123.0000;0.0000;728.0000;2558.0000
199.0000;124.0000;0.0000;728.0000;2567.0000
197.0000;125.0000;0.0000;728.0000;2576.0000
194.0000;126.0000;0.0000;726.0000;2585.0000
191.0000;128.0000;0.0000;726.0000;2594.0000
189.0000;129.0000;0.0000;727.0000;2603.0000
186.0000;130.0000;0.0000;726.0000;2612.0000
183.0000;131.0000;0.0000;727.0000;2621.0000
181.0000;132.0000;0.0000;731.0000;2630.0000
178.0000;134.0000;0.0000;731.0000;2639.0000
176.0000;135.0000;0.0000;726.0000;2648.0000
174.0000;136.0000;0.0000;726.0000;2657.0000
172.0000;137.0000;12.0000;726.0000;2666.0000
170.0000;139.0000;0.0000;726.0000;2675.0000
168.0000;140.0000;0.0000;724.0000;2684.0000
166.0000;141.0000;0.0000;724.0000;2693.0000
165.0000;143.0000;0.0000;723.0000;2702.0000
163.0000;144.0000;12.0000;723.0000;2711.0000
161.0000;146.0000;0.0000;726.0000;2720.0000
160.0000;148.0000;0.0000;723.0000;2729.0000
158.0000;150.0000;0.0000;723.0000;2739.0000
157.0000;152.0000;0.0000;723.0000;2748.0000
155.0000;154.0000;0.0000;723.0000;2757.0000
154.0000;156.0000;0.0000;723.0000;2766.0000
152.0000;158.0000;0.0000;724.0000;2775.0000
150.0000;160.0000;0.0000;726.0000;2784.0000
149.0000;161.0000;0.0000;724.0000;2793.0000
148.0000;163.0000;0.0000;724.0000;2802.0000
146.0000;165.0000;0.0000;727.0000;2811.0000
145.0000;167.0000;0.0000;723.0000;2820.0000
143.0000;169.0000;0.0000;723.0000;2829.0000
142.0000;171.0000;0.0000;723.0000;2838.0000
142.0000;173.0000;0.0000;722.0000;2847.0000
141.0000;175.0000;0.0000;722.0000;2856.0000
140.0000;177.0000;0.0000;721.0000;2865.0000
140.0000;179.0000;0.0000;720.0000;2874.0000
140.0000;182.0000;0.0000;720.0000;2883.0000
139.0000;184.0000;0.0000;720.0000;2892.0000
139.0000;186.0000;0.0000;722.0000;2901.0000
138.0000;188.0000;0.0000;720.0000;2910.0000
138.0000;191.0000;0.0000;726.0000;2919.0000
137.0000;193.0000;0.0000;721.0000;2928.0000
137.0000;195.0000;0.0000;719.0000;2937.0000
137.0000;198.0000;0.0000;719.0000;2946.0000
136.0000;200.0000;0.0000;718.0000;2955.0000
136.0000;202.0000;12.0000;720.0000;2964.0000
136.0000;205.0000;0.0000;720.0000;2973.0000
136.0000;207.0000;0.0000;712.0000;2982.0000
136.0000;209.0000;0.0000;714.0000;2991.0000
136.0000;212.0000;0.0000;709.0000;3000.0000
137.0000;214.0000;0.0000;713.0000;3009.0000
137.0000;216.0000;0.0000;708.0000;3018.0000
138.0000;219.0000;0.0000;708.0000;3027.0000
139.0000;222.0000;0.0000;711.0000;3036.0000
140.0000;224.0000;0.0000;708.0000;3045.0000
140.0000;227.0000;0.0000;708.0000;3054.0000
141.0000;230.0000;0.0000;708.0000;3063.0000
142.0000;232.0000;0.0000;710.0000;3072.0000
143.0000;235.0000;0.0000;708.0000;3081.0000
144.0000;238.0000;12.0000;708.0000;3090.0000
145.0000;241.0000;0.0000;708.0000;3099.0000
146.0000;243.0000;12.0000;708.0000;3108.0000
147.0000;246.0000;12.0000;708.0000;3117.0000
148.0000;249.0000;0.0000;708.0000;3126.0000
149.0000;251.0000;0.0000;708.0000;3135.0000
151.0000;254.0000;0.0000;708.0000;3144.0000
152.0000;256.0000;0.0000;708.0000;3153.0000
153.0000;259.0000;0.0000;708.0000;3162.0000
155.0000;261.0000;0.0000;708.0000;3171.0000
156.0000;264.0000;0.0000;708.0000;3180.0000
157.0000;266.0000;0.0000;709.0000;3189.0000
159.0000;269.0000;0.0000;708.0000;3198.0000
160.0000;272.0000;0.0000;708.0000;3207.0000
161.0000;274.0000;0.0000;708.0000;3216.0000
163.0000;277.0000;0.0000;709.0000;3225.0000
164.0000;279.0000;0.0000;712.0000;3234.0000
166.0000;281.0000;0.0000;708.0000;3243.0000
168.0000;283.0000;0.0000;711.0000;3252.0000
170.0000;285.0000;0.0000;711.0000;3261.0000
173.0000;287.0000;12.0000;708.0000;3270.0000
175.0000;289.0000;0.0000;708.0000;3279.0000
177.0000;291.0000;0.0000;709.0000;3288.0000
180.0000;293.0000;12.0000;708.0000;3297.0000
182.0000;295.0000;0.0000;708.0000;3306.0000
185.0000;296.0000;0.0000;709.0000;3315.0000
187.0000;298.0000;0.0000;708.0000;3324.0000
189.0000;300.0000;0.0000;708.0000;3333.0000
191.0000;301.0000;0.0000;708.0000;3342.0000
193.0000;303.0000;0.0000;712.0000;3351.0000
195.0000;304.0000;0.0000;708.0000;3360.0000
197.0000;305.0000;0.0000;711.0000;3369.0000
199.0000;307.0000;0.0000;708.0000;3378.0000
201.0000;308.0000;0.0000;708.0000;3387.0000
203.0000;309.0000;0.0000;709.0000;3396.0000
205.0000;311.0000;0.0000;708.0000;3405.0000
207.0000;312.0000;0.0000;708.0000;3414.0000
210.0000;313.0000;0.0000;711.0000;3423.0000
212.0000;314.0000;0.0000;711.0000;3432.0000
214.0000;316.0000;0.0000;711.0000;3441.0000
216.0000;317.0000;0.0000;711.0000;3450.0000
218.0000;318.0000;0.0000;708.0000;3459.0000
220.0000;319.0000;0.0000;709.0000;3468.0000
223.0000;320.0000;0.0000;710.0000;3477.0000
225.0000;321.0000;0.0000;709.0000;3486.0000
227.0000;322.0000;0.0000;711.0000;3495.0000
229.0000;323.0000;0.0000;714.0000;3504.0000
231.0000;324.0000;0.0000;710.0000;3513.0000
234.0000;325.0000;0.0000;710.0000;3522.0000
236.0000;326.0000;0.0000;709.0000;3531.0000
239.0000;326.0000;0.0000;710.0000;3540.0000
241.0000;327.0000;0.0000;710.0000;3549.0000
244.0000;328.0000;0.0000;709.0000;3558.0000
246.0000;329.0000;0.0000;710.0000;3567.0000
248.0000;329.0000;0.0000;710.0000;3576.0000
251.0000;330.0000;0.0000;710.0000;3585.0000
253.0000;331.0000;12.0000;710.0000;3594.0000
255.0000;331.0000;0.0000;710.0000;3603.0000
258.0000;332.0000;0.0000;710.0000;3612.0000
260.0000;332.0000;0.0000;710.0000;3621.0000
262.0000;333.0000;0.0000;711.0000;3630.0000
265.0000;334.0000;0.0000;711.0000;3639.0000
267.0000;334.0000;12.0000;711.0000;3648.0000
270.0000;335.0000;0.0000;711.0000;3657.0000
273.0000;335.0000;0.0000;711.0000;3666.0000
275.0000;336.0000;0.0000;712.0000;3675.0000
278.0000;336.0000;0.0000;712.0000;3684.0000
280.0000;336.0000;0.0000;715.0000;3693.0000
283.0000;336.0000;0.0000;714.0000;3702.0000
285.0000;336.0000;0.0000;712.0000;3711.0000
288.0000;336.0000;0.0000;711.0000;3720.0000
290.0000;336.0000;0.0000;713.0000;3729.0000
293.0000;336.0000;0.0000;713.0000;3738.0000
295.0000;336.0000;0.0000;714.0000;3747.0000
297.0000;336.0000;12.0000;711.0000;3756.0000
300.0000;336.0000;0.0000;712.0000;3765.0000
302.0000;336.0000;0.0000;711.0000;3774.0000
304.0000;336.0000;0.0000;712.0000;3783.0000
307.0000;336.0000;0.0000;711.0000;3792.0000
309.0000;336.0000;0.0000;713.0000;3801.0000
311.0000;336.0000;0.0000;712.0000;3810.0000
314.0000;336.0000;0.0000;712.0000;3819.0000
316.0000;336.0000;0.0000;713.0000;3828.0000
318.0000;336.0000;0.0000;715.0000;3837.0000
320.0000;336.0000;0.0000;714.0000;3846.0000
323.0000;335.0000;0.0000;712.0000;3855.0000
325.0000;335.0000;0.0000;712.0000;3864.0000
327.0000;335.0000;0.0000;713.0000;3873.0000
330.0000;335.0000;0.0000;714.0000;3882.0000
332.0000;334.0000;0.0000;713.0000;3891.0000
334.0000;334.0000;0.0000;714.0000;3900.0000
336.0000;333.0000;0.0000;714.0000;3909.0000
338.0000;333.0000;0.0000;714.0000;3918.0000
340.0000;332.0000;0.0000;715.0000;3927.0000
342.0000;332.0000;0.0000;714.0000;3936.0000
344.0000;331.0000;0.0000;714.0000;3945.0000
346.0000;330.0000;0.0000;715.0000;3954.0000
348.0000;330.0000;0.0000;715.0000;3963.0000
350.0000;329.0000;0.0000;715.0000;3972.0000
352.0000;328.0000;0.0000;715.0000;3981.0000
354.0000;327.0000;0.0000;714.0000;3990.0000
356.0000;326.0000;0.0000;720.0000;3999.0000
358.0000;325.0000;0.0000;715.0000;4008.0000
361.0000;324.0000;0.0000;716.0000;4017.0000
364.0000;322.0000;0.0000;717.0000;4027.0000
366.0000;321.0000;0.0000;717.0000;4036.0000
369.0000;319.0000;0.0000;717.0000;4045.0000
372.0000;318.0000;0.0000;718.0000;4054.0000
374.0000;316.0000;0.0000;716.0000;4063.0000
377.0000;315.0000;0.0000;718.0000;4072.0000
379.0000;313.0000;0.0000;720.0000;4081.0000
382.0000;311.0000;0.0000;719.0000;4090.0000
384.0000;310.0000;0.0000;719.0000;4099.0000
386.0000;308.0000;0.0000;720.0000;4108.0000
389.0000;307.0000;0.0000;721.0000;4117.0000
391.0000;305.0000;12.0000;723.0000;4126.0000
394.0000;304.0000;0.0000;722.0000;4135.0000
396.0000;302.0000;0.0000;722.0000;4144.0000
399.0000;300.0000;12.0000;723.0000;4153.0000
402.0000;298.0000;0.0000;723.0000;4162.0000
404.0000;295.0000;0.0000;723.0000;4171.0000
407.0000;293.0000;0.0000;726.0000;4180.0000
410.0000;291.0000;0.0000;726.0000;4189.0000
413.0000;288.0000;0.0000;726.0000;4198.0000
416.0000;286.0000;0.0000;726.0000;4207.0000
419.0000;284.0000;0.0000;726.0000;4216.0000
421.0000;281.0000;0.0000;727.0000;4225.0000
424.0000;279.0000;0.0000;726.0000;4234.0000
427.0000;276.0000;0.0000;728.0000;4243.0000
430.0000;273.0000;0.0000;728.0000;4252.0000
432.0000;271.0000;0.0000;728.0000;4261.0000
435.0000;268.0000;0.0000;732.0000;4270.0000
437.0000;265.0000;0.0000;731.0000;4279.0000
440.0000;262.0000;0.0000;730.0000;4288.0000
443.0000;260.0000;0.0000;732.0000;4297.0000
445.0000;257.0000;0.0000;732.0000;4306.0000
447.0000;254.0000;0.0000;739.0000;4315.0000
449.0000;252.0000;0.0000;736.0000;4324.0000
451.0000;249.0000;0.0000;739.0000;4333.0000
452.0000;246.0000;0.0000;743.0000;4342.0000
453.0000;243.0000;0.0000;739.0000;4351.0000
455.0000;240.0000;0.0000;739.0000;4360.0000
456.0000;237.0000;0.0000;741.0000;4369.0000
457.0000;234.0000;0.0000;742.0000;4378.0000
458.0000;232.0000;0.0000;742.0000;4387.0000
459.0000;229.0000;0.0000;743.0000;4396.0000
459.0000;226.0000;0.0000;748.0000;4405.0000
460.0000;222.0000;0.0000;745.0000;4414.0000
461.0000;219.0000;0.0000;745.0000;4423.0000
461.0000;216.0000;0.0000;748.0000;4432.0000
461.0000;213.0000;0.0000;749.0000;4441.0000
461.0000;211.0000;12.0000;750.0000;4450.0000
461.0000;208.0000;12.0000;754.0000;4459.0000
461.0000;206.0000;0.0000;756.0000;4468.0000
460.0000;203.0000;0.0000;754.0000;4477.0000
459.0000;200.0000;0.0000;739.0000;4486.0000
458.0000;198.0000;0.0000;761.0000;4495.0000
457.0000;195.0000;0.0000;764.0000;4504.0000
456.0000;192.0000;0.0000;767.0000;4513.0000
454.0000;189.0000;0.0000;767.0000;4522.0000
453.0000;187.0000;0.0000;770.0000;4531.0000
452.0000;184.0000;0.0000;769.0000;4540.0000
450.0000;181.0000;0.0000;773.0000;4549.0000
449.0000;178.0000;0.0000;770.0000;4558.0000
447.0000;175.0000;0.0000;771.0000;4567.0000
445.0000;172.0000;0.0000;770.0000;4576.0000
443.0000;169.0000;0.0000;770.0000;4585.0000
442.0000;165.0000;0.0000;771.0000;4594.0000
440.0000;162.0000;0.0000;771.0000;4603.0000
438.0000;159.0000;0.0000;770.0000;4612.0000
436.0000;156.0000;0.0000;770.0000;4621.0000
434.0000;153.0000;0.0000;772.0000;4630.0000
432.0000;150.0000;0.0000;771.0000;4639.0000
430.0000;146.0000;0.0000;771.0000;4648.0000
428.0000;143.0000;0.0000;772.0000;4657.0000
426.0000;140.0000;0.0000;770.0000;4666.0000
423.0000;136.0000;0.0000;772.0000;4675.0000
421.0000;133.0000;0.0000;775.0000;4684.0000
419.0000;130.0000;0.0000;773.0000;4693.0000
417.0000;127.0000;0.0000;773.0000;4702.0000
414.0000;124.0000;0.0000;771.0000;4711.0000
412.0000;121.0000;0.0000;771.0000;4720.0000
409.0000;118.0000;0.0000;772.0000;4729.0000
406.0000;115.0000;0.0000;770.0000;4738.0000
403.0000;112.0000;0.0000;770.0000;4747.0000
400.0000;109.0000;0.0000;772.0000;4756.0000
396.0000;107.0000;12.0000;770.0000;4765.0000
393.0000;104.0000;0.0000;771.0000;4774.0000
390.0000;102.0000;0.0000;770.0000;4783.0000
386.0000;99.0000;0.0000;770.0000;4792.0000
383.0000;96.0000;0.0000;770.0000;4801.0000
379.0000;94.0000;0.0000;769.0000;4810.0000
375.0000;91.0000;0.0000;770.0000;4819.0000
371.0000;89.0000;0.0000;770.0000;4828.0000
367.0000;86.0000;0.0000;769.0000;4837.0000
363.0000;84.0000;0.0000;768.0000;4846.0000
359.0000;82.0000;0.0000;772.0000;4855.0000
354.0000;79.0000;0.0000;767.0000;4864.0000
350.0000;77.0000;0.0000;769.0000;4873.0000
345.0000;75.0000;0.0000;760.0000;4882.0000
341.0000;73.0000;0.0000;770.0000;4891.0000
336.0000;71.0000;0.0000;769.0000;4900.0000
331.0000;69.0000;0.0000;771.0000;4909.0000
326.0000;67.0000;0.0000;767.0000;4918.0000
321.0000;66.0000;0.0000;767.0000;4927.0000
316.0000;64.0000;0.0000;764.0000;4936.0000
310.0000;63.0000;0.0000;765.0000;4945.0000
304.0000;62.0000;0.0000;767.0000;4954.0000
298.0000;61.0000;0.0000;767.0000;4963.0000
292.0000;60.0000;0.0000;767.0000;4972.0000
287.0000;59.0000;0.0000;765.0000;4981.0000
281.0000;59.0000;0.0000;765.0000;4990.0000
275.0000;58.0000;0.0000;767.0000;4999.0000
269.0000;58.0000;0.0000;771.0000;5008.0000
263.0000;57.0000;0.0000;764.0000;5017.0000
257.0000;57.0000;0.0000;765.0000;5026.0000
250.0000;57.0000;0.0000;765.0000;5035.0000
244.0000;57.0000;0.0000;767.0000;5044.0000
237.0000;57.0000;0.0000;767.0000;5053.0000
230.0000;57.0000;0.0000;765.0000;5062.0000
224.0000;57.0000;0.0000;765.0000;5071.0000
218.0000;57.0000;0.0000;770.0000;5080.0000
212.0000;57.0000;0.0000;767.0000;5089.0000
205.0000;58.0000;0.0000;765.0000;5098.0000
199.0000;58.0000;0.0000;763.0000;5107.0000
193.0000;59.0000;0.0000;762.0000;5116.0000
188.0000;60.0000;0.0000;767.0000;5125.0000
182.0000;61.0000;0.0000;764.0000;5134.0000
176.0000;62.0000;0.0000;763.0000;5143.0000
170.0000;63.0000;0.0000;763.0000;5152.0000
165.0000;65.0000;0.0000;765.0000;5161.0000
159.0000;67.0000;0.0000;763.0000;5170.0000
154.0000;68.0000;0.0000;763.0000;5179.0000
149.0000;70.0000;0.0000;763.0000;5188.0000
144.0000;72.0000;0.0000;763.0000;5197.0000
138.0000;74.0000;0.0000;763.0000;5206.0000
133.0000;77.0000;0.0000;762.0000;5215.0000
128.0000;79.0000;0.0000;763.0000;5224.0000
122.0000;82.0000;0.0000;761.0000;5233.0000
117.0000;84.0000;0.0000;761.0000;5242.0000
111.0000;87.0000;0.0000;762.0000;5251.0000
106.0000;90.0000;0.0000;761.0000;5260.0000
102.0000;92.0000;0.0000;762.0000;5269.0000
98.0000;95.0000;0.0000;763.0000;5278.0000
95.0000;98.0000;12.0000;755.0000;5287.0000
91.0000;101.0000;12.0000;761.0000;5296.0000
87.0000;103.0000;0.0000;767.0000;5305.0000
84.0000;107.0000;0.0000;762.0000;5315.0000
81.0000;110.0000;0.0000;763.0000;5324.0000
79.0000;113.0000;0.0000;763.0000;5333.0000
77.0000;117.0000;0.0000;762.0000;5342.0000
75.0000;121.0000;0.0000;763.0000;5351.0000
73.0000;125.0000;0.0000;763.0000;5360.0000
71.0000;129.0000;0.0000;763.0000;5369.0000
70.0000;134.0000;0.0000;764.0000;5378.0000
69.0000;138.0000;12.0000;767.0000;5387.0000
67.0000;142.0000;0.0000;765.0000;5396.0000
66.0000;147.0000;0.0000;767.0000;5405.0000
65.0000;151.0000;0.0000;767.0000;5414.0000
65.0000;155.0000;0.0000;769.0000;5423.0000
64.0000;159.0000;0.0000;767.0000;5432.0000
64.0000;163.0000;0.0000;771.0000;5441.0000
64.0000;168.0000;0.0000;767.0000;5450.0000
64.0000;172.0000;0.0000;769.0000;5459.0000
65.0000;177.0000;0.0000;768.0000;5468.0000
66.0000;181.0000;0.0000;768.0000;5477.0000
67.0000;186.0000;0.0000;771.0000;5486.0000
68.0000;191.0000;0.0000;767.0000;5495.0000
69.0000;196.0000;0.0000;767.0000;5504.0000
71.0000;201.0000;0.0000;764.0000;5513.0000
72.0000;205.0000;0.0000;767.0000;5522.0000
74.0000;210.0000;0.0000;763.0000;5531.0000
76.0000;215.0000;0.0000;755.0000;5540.0000
78.0000;220.0000;0.0000;760.0000;5549.0000
80.0000;225.0000;0.0000;757.0000;5558.0000
82.0000;230.0000;0.0000;759.0000;5567.0000
85.0000;236.0000;0.0000;756.0000;5576.0000
87.0000;241.0000;12.0000;756.0000;5585.0000
89.0000;246.0000;0.0000;757.0000;5594.0000
91.0000;251.0000;0.0000;757.0000;5603.0000
93.0000;256.0000;0.0000;757.0000;5612.0000
95.0000;261.0000;0.0000;763.0000;5621.0000
98.0000;266.0000;0.0000;760.0000;5630.0000
101.0000;271.0000;0.0000;759.0000;5639.0000
104.0000;276.0000;0.0000;760.0000;5648.0000
107.0000;280.0000;0.0000;759.0000;5657.0000
111.0000;285.0000;0.0000;759.0000;5666.0000
114.0000;290.0000;12.0000;761.0000;5675.0000
118.0000;295.0000;0.0000;763.0000;5684.0000
122.0000;299.0000;0.0000;760.0000;5693.0000
126.0000;304.0000;0.0000;761.0000;5702.0000
129.0000;308.0000;0.0000;761.0000;5711.0000
133.0000;312.0000;0.0000;765.0000;5720.0000
137.0000;317.0000;0.0000;763.0000;5729.0000
141.0000;321.0000;0.0000;760.0000;5738.0000
145.0000;326.0000;0.0000;761.0000;5747.0000
149.0000;330.0000;0.0000;763.0000;5756.0000
153.0000;334.0000;12.0000;762.0000;5765.0000
158.0000;338.0000;12.0000;762.0000;5774.0000
162.0000;342.0000;24.0000;761.0000;5783.0000
167.0000;345.0000;0.0000;761.0000;5792.0000
172.0000;348.0000;0.0000;762.0000;5801.0000
178.0000;351.0000;0.0000;763.0000;5810.0000
184.0000;353.0000;0.0000;762.0000;5819.0000
190.0000;355.0000;0.0000;764.0000;5828.0000
196.0000;357.0000;0.0000;763.0000;5837.0000
202.0000;359.0000;0.0000;763.0000;5846.0000
209.0000;361.0000;0.0000;764.0000;5855.0000
215.0000;362.0000;0.0000;765.0000;5864.0000
222.0000;364.0000;0.0000;765.0000;5873.0000
228.0000;366.0000;0.0000;764.0000;5882.0000
235.0000;367.0000;0.0000;765.0000;5891.0000
242.0000;369.0000;0.0000;759.0000;5900.0000
249.0000;370.0000;0.0000;765.0000;5909.0000
256.0000;371.0000;0.0000;765.0000;5918.0000
263.0000;372.0000;12.0000;767.0000;5927.0000
271.0000;372.0000;0.0000;768.0000;5936.0000
278.0000;373.0000;0.0000;768.0000;5945.0000
286.0000;373.0000;0.0000;769.0000;5954.0000
294.0000;373.0000;0.0000;769.0000;5963.0000
302.0000;374.0000;0.0000;770.0000;5972.0000
310.0000;374.0000;0.0000;772.0000;5981.0000
318.0000;373.0000;0.0000;771.0000;5990.0000
326.0000;373.0000;0.0000;773.0000;5999.0000
333.0000;373.0000;0.0000;772.0000;6008.0000
341.0000;372.0000;0.0000;773.0000;6017.0000
349.0000;371.0000;0.0000;774.0000;6026.0000
357.0000;370.0000;0.0000;767.0000;6035.0000
364.0000;368.0000;12.0000;777.0000;6044.0000
373.0000;367.0000;0.0000;776.0000;6053.0000
380.0000;365.0000;0.0000;776.0000;6062.0000
388.0000;363.0000;0.0000;776.0000;6071.0000
395.0000;361.0000;0.0000;779.0000;6080.0000
402.0000;359.0000;0.0000;780.0000;6089.0000
410.0000;357.0000;0.0000;779.0000;6098.0000
417.0000;354.0000;12.0000;779.0000;6107.0000
424.0000;352.0000;0.0000;782.0000;6116.0000
431.0000;349.0000;0.0000;779.0000;6125.0000
438.0000;347.0000;0.0000;780.0000;6134.0000
446.0000;344.0000;0.0000;781.0000;6143.0000
453.0000;341.0000;0.0000;782.0000;6152.0000
459.0000;339.0000;0.0000;782.0000;6161.0000
466.0000;336.0000;0.0000;784.0000;6170.0000
473.0000;333.0000;0.0000;785.0000;6179.0000
479.0000;330.0000;0.0000;784.0000;6188.0000
485.0000;327.0000;0.0000;785.0000;6197.0000
491.0000;324.0000;0.0000;786.0000;6206.0000
496.0000;321.0000;0.0000;786.0000;6215.0000
501.0000;318.0000;0.0000;787.0000;6224.0000
505.0000;315.0000;0.0000;792.0000;6233.0000
509.0000;312.0000;0.0000;790.0000;6242.0000
513.0000;308.0000;0.0000;792.0000;6251.0000
516.0000;305.0000;0.0000;792.0000;6260.0000
519.0000;301.0000;0.0000;792.0000;6269.0000
521.0000;298.0000;0.0000;794.0000;6278.0000
523.0000;294.0000;0.0000;795.0000;6287.0000
525.0000;290.0000;0.0000;797.0000;6296.0000
527.0000;286.0000;0.0000;799.0000;6305.0000
529.0000;283.0000;0.0000;800.0000;6314.0000
531.0000;279.0000;0.0000;806.0000;6323.0000
532.0000;275.0000;0.0000;806.0000;6332.0000
534.0000;271.0000;0.0000;800.0000;6341.0000
536.0000;267.0000;0.0000;802.0000;6350.0000
537.0000;263.0000;0.0000;805.0000;6359.0000
539.0000;259.0000;0.0000;803.0000;6368.0000
540.0000;255.0000;0.0000;806.0000;6377.0000
541.0000;251.0000;0.0000;803.0000;6386.0000
542.0000;247.0000;0.0000;804.0000;6395.0000
542.0000;243.0000;0.0000;810.0000;6404.0000
542.0000;239.0000;0.0000;806.0000;6413.0000
542.0000;235.0000;0.0000;808.0000;6422.0000
542.0000;232.0000;0.0000;809.0000;6431.0000
542.0000;229.0000;0.0000;811.0000;6440.0000
542.0000;225.0000;0.0000;812.0000;6449.0000
542.0000;222.0000;0.0000;813.0000;6458.0000
542.0000;219.0000;0.0000;815.0000;6467.0000
541.0000;216.0000;0.0000;821.0000;6476.0000
541.0000;213.0000;0.0000;818.0000;6485.0000
540.0000;211.0000;12.0000;825.0000;6494.0000
539.0000;208.0000;12.0000;821.0000;6503.0000
539.0000;205.0000;0.0000;814.0000;6512.0000
538.0000;203.0000;0.0000;821.0000;6521.0000
538.0000;201.0000;0.0000;807.0000;6530.0000
537.0000;198.0000;0.0000;832.0000;6539.0000
536.0000;196.0000;0.0000;836.0000;6548.0000
536.0000;194.0000;0.0000;837.0000;6557.0000
535.0000;192.0000;0.0000;839.0000;6566.0000
535.0000;190.0000;0.0000;837.0000;6575.0000
534.0000;188.0000;0.0000;839.0000;6584.0000
533.0000;187.0000;0.0000;841.0000;6593.0000
533.0000;185.0000;0.0000;846.0000;6603.0000
532.0000;184.0000;0.0000;841.0000;6612.0000
532.0000;183.0000;0.0000;842.0000;6621.0000
531.0000;182.0000;0.0000;843.0000;6630.0000
531.0000;181.0000;0.0000;843.0000;6639.0000
530.0000;181.0000;0.0000;842.0000;6648.0000
530.0000;180.0000;0.0000;841.0000;6657.0000
530.0000;180.0000;0.0000;830.0000;6666.0000
530.0000;180.0000;0.0000;800.0000;6675.0000
530.0000;180.0000;0.0000;735.0000;6684.0000
530.0000;180.0000;0.0000;632.0000;6693.0000
531.0000;180.0000;0.0000;506.0000;6702.0000
531.0000;180.0000;0.0000;43.0000;6711.0000
