226.0000;192.0000;0.0000;350.0000;0.0000
227.0000;190.0000;0.0000;341.0000;9.0000
228.0000;189.0000;0.0000;344.0000;18.0000
228.0000;189.0000;0.0000;355.0000;27.0000
229.0000;188.0000;0.0000;354.0000;36.0000
230.0000;188.0000;0.0000;353.0000;45.0000
231.0000;187.0000;0.0000;350.0000;54.0000
233.0000;187.0000;0.0000;332.0000;63.0000
235.0000;186.0000;0.0000;273.0000;72.0000
237.0000;186.0000;0.0000;129.0000;81.0000
210.0000;207.0000;0.0000;15.0000;828.0000
210.0000;206.0000;0.0000;54.0000;837.0000
209.0000;206.0000;0.0000;78.0000;846.0000
209.0000;206.0000;0.0000;94.0000;855.0000
209.0000;206.0000;0.0000;111.0000;864.0000
208.0000;206.0000;0.0000;140.0000;873.0000
208.0000;205.0000;0.0000;162.0000;882.0000
207.0000;205.0000;0.0000;188.0000;891.0000
207.0000;205.0000;12.0000;204.0000;900.0000
206.0000;205.0000;0.0000;218.0000;909.0000
206.0000;205.0000;0.0000;226.0000;918.0000
206.0000;205.0000;12.0000;231.0000;927.0000
205.0000;204.0000;0.0000;242.0000;936.0000
205.0000;204.0000;0.0000;245.0000;945.0000
205.0000;204.0000;0.0000;250.0000;954.0000
205.0000;203.0000;0.0000;251.0000;963.0000
205.0000;203.0000;0.0000;253.0000;972.0000
205.0000;203.0000;0.0000;254.0000;981.0000
205.0000;203.0000;0.0000;256.0000;990.0000
205.0000;203.0000;12.0000;259.0000;999.0000
205.0000;203.0000;0.0000;267.0000;1008.0000
205.0000;203.0000;0.0000;275.0000;1017.0000
205.0000;203.0000;0.0000;288.0000;1026.0000
205.0000;203.0000;0.0000;298.0000;1035.0000
205.0000;203.0000;0.0000;311.0000;1044.0000
204.0000;203.0000;0.0000;320.0000;1053.0000
204.0000;203.0000;12.0000;334.0000;1062.0000
204.0000;203.0000;0.0000;354.0000;1071.0000
204.0000;203.0000;0.0000;371.0000;1080.0000
204.0000;203.0000;0.0000;387.0000;1089.0000
204.0000;203.0000;12.0000;407.0000;1098.0000
204.0000;203.0000;0.0000;424.0000;1107.0000
204.0000;203.0000;0.0000;436.0000;1116.0000
204.0000;203.0000;0.0000;449.0000;1125.0000
204.0000;202.0000;0.0000;462.0000;1134.0000
204.0000;202.0000;0.0000;468.0000;1143.0000
204.0000;202.0000;0.0000;478.0000;1152.0000
204.0000;202.0000;0.0000;489.0000;1161.0000
204.0000;202.0000;0.0000;501.0000;1170.0000
204.0000;202.0000;0.0000;514.0000;1179.0000
204.0000;202.0000;0.0000;528.0000;1188.0000
204.0000;202.0000;0.0000;534.0000;1197.0000
204.0000;202.0000;12.0000;541.0000;1206.0000
204.0000;202.0000;0.0000;548.0000;1215.0000
204.0000;202.0000;0.0000;557.0000;1224.0000
204.0000;202.0000;0.0000;568.0000;1233.0000
204.0000;202.0000;0.0000;577.0000;1242.0000
204.0000;202.0000;0.0000;588.0000;1251.0000
204.0000;202.0000;0.0000;605.0000;1260.0000
204.0000;202.0000;0.0000;618.0000;1269.0000
204.0000;201.0000;0.0000;630.0000;1278.0000
203.0000;201.0000;0.0000;632.0000;1287.0000
203.0000;201.0000;0.0000;653.0000;1296.0000
203.0000;201.0000;0.0000;662.0000;1305.0000
203.0000;201.0000;12.0000;663.0000;1314.0000
203.0000;201.0000;0.0000;675.0000;1323.0000
203.0000;201.0000;0.0000;678.0000;1332.0000
203.0000;201.0000;12.0000;680.0000;1341.0000
203.0000;201.0000;0.0000;678.0000;1350.0000
203.0000;201.0000;12.0000;677.0000;1359.0000
203.0000;201.0000;0.0000;677.0000;1368.0000
203.0000;201.0000;0.0000;676.0000;1377.0000
203.0000;201.0000;0.0000;675.0000;1386.0000
203.0000;201.0000;0.0000;676.0000;1395.0000
203.0000;201.0000;0.0000;671.0000;1404.0000
203.0000;201.0000;0.0000;669.0000;1413.0000
204.0000;201.0000;0.0000;669.0000;1422.0000
204.0000;201.0000;0.0000;669.0000;1431.0000
204.0000;201.0000;0.0000;669.0000;1440.0000
205.0000;201.0000;0.0000;664.0000;1449.0000
205.0000;201.0000;0.0000;671.0000;1458.0000
205.0000;201.0000;12.0000;675.0000;1467.0000
206.0000;201.0000;12.0000;671.0000;1476.0000
206.0000;201.0000;0.0000;664.0000;1485.0000
207.0000;201.0000;0.0000;672.0000;1494.0000
207.0000;201.0000;0.0000;672.0000;1503.0000
208.0000;201.0000;0.0000;672.0000;1512.0000
208.0000;201.0000;0.0000;666.0000;1521.0000
209.0000;201.0000;0.0000;672.0000;1530.0000
210.0000;201.0000;0.0000;673.0000;1539.0000
212.0000;201.0000;0.0000;672.0000;1548.0000
213.0000;201.0000;0.0000;672.0000;1557.0000
214.0000;201.0000;0.0000;663.0000;1566.0000
215.0000;201.0000;0.0000;676.0000;1575.0000
216.0000;200.0000;0.0000;676.0000;1584.0000
218.0000;200.0000;0.0000;677.0000;1593.0000
219.0000;200.0000;0.0000;682.0000;1602.0000
220.0000;200.0000;0.0000;674.0000;1611.0000
221.0000;199.0000;0.0000;681.0000;1620.0000
222.0000;199.0000;0.0000;682.0000;1629.0000
223.0000;198.0000;0.0000;682.0000;1638.0000
224.0000;198.0000;0.0000;684.0000;1647.0000
225.0000;198.0000;0.0000;690.0000;1656.0000
225.0000;197.0000;0.0000;684.0000;1665.0000
226.0000;197.0000;0.0000;687.0000;1674.0000
227.0000;197.0000;0.0000;689.0000;1683.0000
227.0000;196.0000;0.0000;690.0000;1692.0000
228.0000;195.0000;0.0000;693.0000;1701.0000
229.0000;194.0000;0.0000;693.0000;1710.0000
230.0000;194.0000;0.0000;693.0000;1719.0000
230.0000;193.0000;0.0000;695.0000;1728.0000
231.0000;192.0000;0.0000;695.0000;1737.0000
232.0000;191.0000;0.0000;696.0000;1746.0000
233.0000;190.0000;0.0000;699.0000;1755.0000
233.0000;190.0000;0.0000;702.0000;1764.0000
233.0000;189.0000;0.0000;703.0000;1773.0000
234.0000;188.0000;0.0000;704.0000;1782.0000
234.0000;187.0000;0.0000;704.0000;1791.0000
234.0000;187.0000;0.0000;706.0000;1800.0000
234.0000;186.0000;0.0000;706.0000;1809.0000
235.0000;185.0000;0.0000;711.0000;1818.0000
235.0000;185.0000;0.0000;708.0000;1827.0000
235.0000;184.0000;0.0000;708.0000;1836.0000
235.0000;183.0000;0.0000;712.0000;1845.0000
235.0000;183.0000;0.0000;711.0000;1854.0000
235.0000;182.0000;0.0000;714.0000;1863.0000
235.0000;181.0000;0.0000;716.0000;1872.0000
235.0000;180.0000;0.0000;718.0000;1881.0000
235.0000;180.0000;0.0000;718.0000;1890.0000
235.0000;179.0000;0.0000;720.0000;1899.0000
235.0000;178.0000;0.0000;724.0000;1908.0000
235.0000;178.0000;0.0000;724.0000;1917.0000
235.0000;177.0000;0.0000;729.0000;1926.0000
235.0000;176.0000;0.0000;726.0000;1935.0000
235.0000;175.0000;0.0000;727.0000;1945.0000
235.0000;174.0000;0.0000;729.0000;1954.0000
235.0000;173.0000;0.0000;729.0000;1963.0000
235.0000;173.0000;0.0000;731.0000;1972.0000
235.0000;172.0000;0.0000;732.0000;1981.0000
234.0000;171.0000;0.0000;734.0000;1990.0000
234.0000;171.0000;0.0000;736.0000;1999.0000
234.0000;170.0000;0.0000;736.0000;2008.0000
233.0000;169.0000;0.0000;740.0000;2017.0000
233.0000;168.0000;0.0000;738.0000;2026.0000
232.0000;167.0000;0.0000;743.0000;2035.0000
231.0000;166.0000;0.0000;741.0000;2044.0000
230.0000;166.0000;0.0000;742.0000;2053.0000
229.0000;165.0000;0.0000;743.0000;2062.0000
228.0000;164.0000;0.0000;745.0000;2071.0000
227.0000;163.0000;0.0000;747.0000;2080.0000
226.0000;163.0000;0.0000;750.0000;2089.0000
225.0000;162.0000;0.0000;751.0000;2098.0000
224.0000;161.0000;0.0000;753.0000;2107.0000
223.0000;161.0000;0.0000;757.0000;2116.0000
222.0000;160.0000;0.0000;756.0000;2125.0000
221.0000;160.0000;0.0000;754.0000;2134.0000
220.0000;159.0000;0.0000;756.0000;2143.0000
219.0000;158.0000;0.0000;756.0000;2152.0000
218.0000;158.0000;0.0000;756.0000;2161.0000
217.0000;157.0000;0.0000;760.0000;2170.0000
216.0000;157.0000;12.0000;757.0000;2179.0000
214.0000;156.0000;0.0000;757.0000;2188.0000
213.0000;156.0000;0.0000;761.0000;2197.0000
211.0000;155.0000;12.0000;757.0000;2206.0000
210.0000;155.0000;0.0000;757.0000;2215.0000
208.0000;154.0000;0.0000;757.0000;2224.0000
207.0000;154.0000;0.0000;757.0000;2233.0000
205.0000;154.0000;0.0000;757.0000;2242.0000
203.0000;153.0000;0.0000;759.0000;2251.0000
202.0000;153.0000;0.0000;759.0000;2260.0000
200.0000;153.0000;0.0000;759.0000;2269.0000
199.0000;152.0000;0.0000;759.0000;2278.0000
198.0000;152.0000;0.0000;759.0000;2287.0000
196.0000;152.0000;0.0000;760.0000;2296.0000
195.0000;151.0000;0.0000;760.0000;2305.0000
194.0000;151.0000;0.0000;760.0000;2314.0000
192.0000;151.0000;0.0000;759.0000;2323.0000
191.0000;150.0000;0.0000;760.0000;2332.0000
189.0000;150.0000;12.0000;760.0000;2341.0000
188.0000;150.0000;0.0000;760.0000;2350.0000
186.0000;150.0000;12.0000;760.0000;2359.0000
185.0000;150.0000;0.0000;763.0000;2368.0000
183.0000;150.0000;0.0000;765.0000;2377.0000
182.0000;150.0000;0.0000;761.0000;2386.0000
180.0000;150.0000;0.0000;761.0000;2395.0000
179.0000;149.0000;0.0000;761.0000;2404.0000
177.0000;149.0000;0.0000;760.0000;2413.0000
176.0000;149.0000;0.0000;761.0000;2422.0000
175.0000;149.0000;0.0000;762.0000;2431.0000
173.0000;149.0000;0.0000;761.0000;2440.0000
172.0000;150.0000;0.0000;760.0000;2449.0000
170.0000;150.0000;0.0000;760.0000;2458.0000
169.0000;150.0000;0.0000;760.0000;2467.0000
168.0000;150.0000;0.0000;760.0000;2476.0000
167.0000;151.0000;0.0000;760.0000;2485.0000
166.0000;151.0000;0.0000;760.0000;2494.0000
165.0000;151.0000;0.0000;760.0000;2503.0000
164.0000;151.0000;0.0000;760.0000;2512.0000
162.0000;152.0000;0.0000;757.0000;2521.0000
161.0000;152.0000;0.0000;759.0000;2530.0000
160.0000;153.0000;0.0000;759.0000;2539.0000
159.0000;154.0000;0.0000;757.0000;2548.0000
157.0000;154.0000;0.0000;757.0000;2557.0000
156.0000;155.0000;0.0000;756.0000;2566.0000
154.0000;156.0000;0.0000;761.0000;2575.0000
153.0000;157.0000;0.0000;756.0000;2584.0000
152.0000;158.0000;0.0000;756.0000;2593.0000
150.0000;159.0000;0.0000;757.0000;2602.0000
149.0000;160.0000;0.0000;757.0000;2611.0000
148.0000;161.0000;0.0000;757.0000;2620.0000
147.0000;161.0000;0.0000;756.0000;2629.0000
147.0000;162.0000;0.0000;755.0000;2638.0000
146.0000;163.0000;0.0000;755.0000;2647.0000
145.0000;164.0000;0.0000;759.0000;2656.0000
144.0000;165.0000;0.0000;757.0000;2665.0000
144.0000;167.0000;0.0000;754.0000;2674.0000
143.0000;168.0000;0.0000;756.0000;2683.0000
143.0000;169.0000;0.0000;753.0000;2692.0000
142.0000;170.0000;0.0000;754.0000;2701.0000
142.0000;172.0000;0.0000;756.0000;2710.0000
141.0000;173.0000;0.0000;757.0000;2719.0000
140.0000;174.0000;0.0000;752.0000;2728.0000
140.0000;175.0000;0.0000;754.0000;2737.0000
139.0000;177.0000;0.0000;757.0000;2746.0000
139.0000;178.0000;0.0000;754.0000;2755.0000
138.0000;180.0000;0.0000;753.0000;2764.0000
138.0000;181.0000;0.0000;753.0000;2773.0000
137.0000;183.0000;0.0000;752.0000;2782.0000
137.0000;184.0000;0.0000;754.0000;2791.0000
137.0000;185.0000;0.0000;756.0000;2800.0000
137.0000;187.0000;0.0000;752.0000;2809.0000
137.0000;188.0000;0.0000;752.0000;2818.0000
136.0000;189.0000;0.0000;753.0000;2827.0000
136.0000;191.0000;0.0000;757.0000;2836.0000
136.0000;192.0000;0.0000;753.0000;2845.0000
136.0000;193.0000;0.0000;754.0000;2854.0000
136.0000;195.0000;0.0000;753.0000;2863.0000
136.0000;196.0000;0.0000;754.0000;2872.0000
136.0000;198.0000;0.0000;752.0000;2881.0000
136.0000;199.0000;0.0000;752.0000;2890.0000
136.0000;201.0000;12.0000;752.0000;2899.0000
136.0000;202.0000;0.0000;754.0000;2908.0000
136.0000;203.0000;12.0000;748.0000;2917.0000
136.0000;204.0000;0.0000;747.0000;2926.0000
137.0000;206.0000;0.0000;739.0000;2935.0000
137.0000;207.0000;0.0000;751.0000;2944.0000
137.0000;209.0000;0.0000;746.0000;2953.0000
137.0000;210.0000;0.0000;745.0000;2962.0000
138.0000;211.0000;0.0000;740.0000;2971.0000
138.0000;213.0000;0.0000;748.0000;2980.0000
138.0000;214.0000;0.0000;747.0000;2989.0000
138.0000;216.0000;0.0000;748.0000;2998.0000
138.0000;217.0000;0.0000;748.0000;3007.0000
138.0000;219.0000;0.0000;749.0000;3016.0000
139.0000;221.0000;0.0000;748.0000;3025.0000
139.0000;222.0000;0.0000;751.0000;3034.0000
139.0000;224.0000;0.0000;748.0000;3043.0000
140.0000;226.0000;0.0000;750.0000;3052.0000
140.0000;227.0000;0.0000;751.0000;3061.0000
141.0000;229.0000;0.0000;750.0000;3070.0000
141.0000;230.0000;0.0000;751.0000;3079.0000
142.0000;232.0000;0.0000;753.0000;3088.0000
142.0000;233.0000;0.0000;750.0000;3097.0000
143.0000;234.0000;0.0000;751.0000;3106.0000
144.0000;236.0000;12.0000;754.0000;3115.0000
144.0000;237.0000;0.0000;751.0000;3124.0000
145.0000;239.0000;12.0000;753.0000;3133.0000
146.0000;241.0000;0.0000;756.0000;3142.0000
146.0000;242.0000;12.0000;753.0000;3151.0000
147.0000;244.0000;0.0000;754.0000;3160.0000
148.0000;245.0000;12.0000;755.0000;3169.0000
148.0000;247.0000;0.0000;754.0000;3178.0000
149.0000;249.0000;0.0000;755.0000;3187.0000
150.0000;250.0000;0.0000;756.0000;3196.0000
151.0000;252.0000;0.0000;757.0000;3205.0000
152.0000;253.0000;0.0000;761.0000;3214.0000
153.0000;255.0000;0.0000;759.0000;3223.0000
154.0000;256.0000;0.0000;759.0000;3233.0000
155.0000;258.0000;0.0000;759.0000;3242.0000
156.0000;259.0000;0.0000;759.0000;3251.0000
157.0000;260.0000;0.0000;759.0000;3260.0000
158.0000;262.0000;0.0000;760.0000;3269.0000
159.0000;263.0000;0.0000;760.0000;3278.0000
160.0000;265.0000;0.0000;760.0000;3287.0000
161.0000;266.0000;0.0000;760.0000;3296.0000
162.0000;268.0000;0.0000;761.0000;3305.0000
164.0000;269.0000;0.0000;767.0000;3314.0000
165.0000;270.0000;0.0000;763.0000;3323.0000
166.0000;271.0000;0.0000;763.0000;3332.0000
167.0000;272.0000;12.0000;764.0000;3341.0000
169.0000;273.0000;0.0000;770.0000;3350.0000
170.0000;274.0000;0.0000;767.0000;3359.0000
172.0000;275.0000;0.0000;773.0000;3368.0000
173.0000;276.0000;0.0000;773.0000;3377.0000
175.0000;277.0000;0.0000;770.0000;3386.0000
176.0000;277.0000;0.0000;770.0000;3395.0000
178.0000;278.0000;0.0000;773.0000;3404.0000
179.0000;278.0000;0.0000;773.0000;3413.0000
181.0000;279.0000;12.0000;773.0000;3422.0000
183.0000;279.0000;0.0000;774.0000;3431.0000
185.0000;279.0000;0.0000;776.0000;3440.0000
187.0000;279.0000;0.0000;780.0000;3449.0000
189.0000;280.0000;0.0000;776.0000;3458.0000
191.0000;280.0000;0.0000;778.0000;3467.0000
192.0000;280.0000;0.0000;782.0000;3476.0000
194.0000;280.0000;0.0000;783.0000;3485.0000
196.0000;280.0000;0.0000;779.0000;3494.0000
197.0000;280.0000;0.0000;783.0000;3503.0000
199.0000;280.0000;0.0000;780.0000;3512.0000
201.0000;280.0000;0.0000;781.0000;3521.0000
203.0000;280.0000;0.0000;782.0000;3530.0000
205.0000;281.0000;0.0000;781.0000;3539.0000
208.0000;281.0000;0.0000;782.0000;3548.0000
210.0000;281.0000;0.0000;781.0000;3557.0000
212.0000;281.0000;12.0000;782.0000;3566.0000
214.0000;281.0000;0.0000;782.0000;3575.0000
216.0000;281.0000;0.0000;784.0000;3584.0000
218.0000;281.0000;0.0000;783.0000;3593.0000
220.0000;281.0000;0.0000;785.0000;3602.0000
222.0000;281.0000;0.0000;788.0000;3611.0000
224.0000;281.0000;0.0000;785.0000;3620.0000
226.0000;281.0000;0.0000;785.0000;3629.0000
228.0000;281.0000;0.0000;785.0000;3638.0000
229.0000;281.0000;0.0000;786.0000;3647.0000
231.0000;281.0000;0.0000;787.0000;3656.0000
234.0000;281.0000;0.0000;788.0000;3665.0000
236.0000;280.0000;0.0000;788.0000;3674.0000
238.0000;280.0000;0.0000;787.0000;3683.0000
239.0000;280.0000;0.0000;792.0000;3692.0000
241.0000;279.0000;0.0000;788.0000;3701.0000
242.0000;279.0000;0.0000;792.0000;3710.0000
244.0000;279.0000;0.0000;792.0000;3719.0000
245.0000;279.0000;0.0000;794.0000;3728.0000
246.0000;279.0000;0.0000;792.0000;3737.0000
247.0000;278.0000;0.0000;796.0000;3746.0000
248.0000;278.0000;0.0000;794.0000;3755.0000
249.0000;277.0000;0.0000;797.0000;3764.0000
251.0000;277.0000;0.0000;798.0000;3773.0000
252.0000;276.0000;0.0000;799.0000;3782.0000
254.0000;276.0000;0.0000;801.0000;3791.0000
255.0000;275.0000;0.0000;806.0000;3800.0000
256.0000;274.0000;0.0000;803.0000;3809.0000
258.0000;274.0000;0.0000;805.0000;3818.0000
259.0000;273.0000;0.0000;806.0000;3827.0000
260.0000;272.0000;0.0000;808.0000;3836.0000
261.0000;271.0000;0.0000;809.0000;3845.0000
263.0000;270.0000;0.0000;809.0000;3854.0000
264.0000;269.0000;0.0000;811.0000;3863.0000
265.0000;268.0000;0.0000;812.0000;3872.0000
266.0000;266.0000;0.0000;812.0000;3881.0000
267.0000;265.0000;0.0000;813.0000;3890.0000
268.0000;264.0000;0.0000;815.0000;3899.0000
269.0000;263.0000;0.0000;817.0000;3908.0000
270.0000;262.0000;0.0000;818.0000;3917.0000
271.0000;261.0000;0.0000;821.0000;3926.0000
272.0000;260.0000;12.0000;821.0000;3935.0000
272.0000;258.0000;0.0000;822.0000;3944.0000
273.0000;257.0000;0.0000;821.0000;3953.0000
274.0000;256.0000;12.0000;822.0000;3962.0000
275.0000;255.0000;0.0000;821.0000;3971.0000
276.0000;254.0000;0.0000;822.0000;3980.0000
277.0000;253.0000;0.0000;822.0000;3989.0000
277.0000;252.0000;12.0000;825.0000;3998.0000
278.0000;251.0000;0.0000;825.0000;4007.0000
279.0000;250.0000;0.0000;827.0000;4016.0000
279.0000;248.0000;0.0000;828.0000;4025.0000
280.0000;247.0000;0.0000;828.0000;4034.0000
280.0000;246.0000;0.0000;828.0000;4043.0000
281.0000;245.0000;0.0000;829.0000;4052.0000
282.0000;243.0000;0.0000;829.0000;4061.0000
282.0000;242.0000;0.0000;828.0000;4070.0000
283.0000;241.0000;0.0000;829.0000;4079.0000
284.0000;239.0000;0.0000;829.0000;4088.0000
285.0000;238.0000;0.0000;829.0000;4097.0000
286.0000;237.0000;0.0000;829.0000;4106.0000
287.0000;235.0000;0.0000;828.0000;4115.0000
288.0000;234.0000;0.0000;830.0000;4124.0000
288.0000;232.0000;0.0000;830.0000;4133.0000
289.0000;231.0000;0.0000;830.0000;4142.0000
290.0000;229.0000;0.0000;830.0000;4151.0000
291.0000;228.0000;0.0000;831.0000;4160.0000
292.0000;226.0000;0.0000;832.0000;4169.0000
292.0000;225.0000;0.0000;833.0000;4178.0000
293.0000;223.0000;0.0000;833.0000;4187.0000
293.0000;222.0000;0.0000;833.0000;4196.0000
294.0000;220.0000;0.0000;833.0000;4205.0000
294.0000;219.0000;0.0000;835.0000;4214.0000
295.0000;217.0000;0.0000;839.0000;4223.0000
295.0000;216.0000;0.0000;833.0000;4232.0000
296.0000;214.0000;0.0000;838.0000;4241.0000
296.0000;213.0000;0.0000;834.0000;4250.0000
297.0000;211.0000;0.0000;836.0000;4259.0000
297.0000;210.0000;0.0000;837.0000;4268.0000
298.0000;208.0000;0.0000;838.0000;4277.0000
298.0000;207.0000;0.0000;839.0000;4286.0000
298.0000;206.0000;0.0000;840.0000;4295.0000
298.0000;205.0000;12.0000;839.0000;4304.0000
299.0000;203.0000;12.0000;841.0000;4313.0000
299.0000;202.0000;0.0000;841.0000;4322.0000
299.0000;201.0000;0.0000;842.0000;4331.0000
299.0000;199.0000;0.0000;827.0000;4340.0000
299.0000;198.0000;0.0000;856.0000;4349.0000
299.0000;197.0000;0.0000;853.0000;4358.0000
299.0000;195.0000;0.0000;854.0000;4367.0000
299.0000;194.0000;0.0000;856.0000;4376.0000
299.0000;193.0000;0.0000;859.0000;4385.0000
299.0000;191.0000;0.0000;860.0000;4394.0000
298.0000;190.0000;0.0000;860.0000;4403.0000
298.0000;188.0000;0.0000;862.0000;4412.0000
298.0000;187.0000;0.0000;863.0000;4421.0000
297.0000;186.0000;0.0000;864.0000;4430.0000
297.0000;184.0000;0.0000;870.0000;4439.0000
297.0000;183.0000;0.0000;866.0000;4448.0000
296.0000;181.0000;0.0000;869.0000;4457.0000
296.0000;180.0000;0.0000;873.0000;4466.0000
295.0000;178.0000;0.0000;869.0000;4475.0000
295.0000;177.0000;0.0000;874.0000;4484.0000
294.0000;175.0000;0.0000;875.0000;4493.0000
293.0000;174.0000;0.0000;872.0000;4502.0000
292.0000;173.0000;0.0000;873.0000;4512.0000
292.0000;171.0000;0.0000;874.0000;4521.0000
291.0000;170.0000;0.0000;875.0000;4530.0000
289.0000;168.0000;0.0000;875.0000;4539.0000
288.0000;167.0000;0.0000;879.0000;4548.0000
287.0000;165.0000;0.0000;877.0000;4557.0000
286.0000;164.0000;0.0000;878.0000;4566.0000
284.0000;162.0000;0.0000;883.0000;4575.0000
283.0000;161.0000;0.0000;884.0000;4584.0000
281.0000;159.0000;0.0000;881.0000;4593.0000
280.0000;158.0000;0.0000;881.0000;4602.0000
279.0000;157.0000;12.0000;881.0000;4611.0000
277.0000;155.0000;0.0000;881.0000;4620.0000
276.0000;154.0000;12.0000;881.0000;4629.0000
275.0000;153.0000;0.0000;882.0000;4638.0000
273.0000;151.0000;12.0000;881.0000;4647.0000
272.0000;150.0000;0.0000;883.0000;4656.0000
270.0000;149.0000;12.0000;883.0000;4665.0000
268.0000;147.0000;0.0000;887.0000;4674.0000
267.0000;146.0000;0.0000;883.0000;4683.0000
265.0000;145.0000;0.0000;887.0000;4692.0000
263.0000;144.0000;0.0000;884.0000;4701.0000
261.0000;142.0000;0.0000;884.0000;4710.0000
260.0000;141.0000;0.0000;885.0000;4719.0000
258.0000;140.0000;0.0000;886.0000;4728.0000
256.0000;138.0000;0.0000;887.0000;4737.0000
254.0000;137.0000;0.0000;887.0000;4746.0000
253.0000;136.0000;0.0000;888.0000;4755.0000
251.0000;135.0000;0.0000;887.0000;4764.0000
249.0000;134.0000;0.0000;889.0000;4773.0000
248.0000;133.0000;0.0000;889.0000;4782.0000
246.0000;132.0000;0.0000;887.0000;4791.0000
244.0000;131.0000;0.0000;889.0000;4800.0000
243.0000;130.0000;0.0000;891.0000;4809.0000
241.0000;129.0000;0.0000;887.0000;4818.0000
239.0000;128.0000;0.0000;889.0000;4827.0000
237.0000;127.0000;0.0000;888.0000;4836.0000
235.0000;126.0000;0.0000;888.0000;4845.0000
233.0000;125.0000;0.0000;893.0000;4854.0000
231.0000;124.0000;0.0000;889.0000;4863.0000
229.0000;123.0000;0.0000;891.0000;4872.0000
228.0000;122.0000;0.0000;889.0000;4881.0000
226.0000;121.0000;12.0000;889.0000;4890.0000
224.0000;120.0000;0.0000;891.0000;4899.0000
222.0000;119.0000;0.0000;891.0000;4908.0000
220.0000;119.0000;0.0000;891.0000;4917.0000
219.0000;118.0000;0.0000;893.0000;4926.0000
217.0000;117.0000;0.0000;892.0000;4935.0000
215.0000;116.0000;0.0000;893.0000;4944.0000
214.0000;116.0000;0.0000;891.0000;4953.0000
212.0000;115.0000;0.0000;893.0000;4962.0000
210.0000;114.0000;0.0000;892.0000;4971.0000
208.0000;114.0000;0.0000;893.0000;4980.0000
206.0000;113.0000;0.0000;892.0000;4989.0000
204.0000;112.0000;0.0000;891.0000;4998.0000
203.0000;111.0000;0.0000;893.0000;5007.0000
201.0000;111.0000;0.0000;893.0000;5016.0000
199.0000;110.0000;0.0000;893.0000;5025.0000
197.0000;109.0000;0.0000;892.0000;5034.0000
195.0000;109.0000;0.0000;891.0000;5043.0000
193.0000;108.0000;0.0000;892.0000;5052.0000
191.0000;107.0000;0.0000;885.0000;5061.0000
189.0000;107.0000;12.0000;892.0000;5070.0000
187.0000;107.0000;0.0000;892.0000;5079.0000
184.0000;106.0000;0.0000;891.0000;5088.0000
182.0000;106.0000;0.0000;891.0000;5097.0000
180.0000;105.0000;0.0000;891.0000;5106.0000
177.0000;105.0000;0.0000;892.0000;5115.0000
175.0000;105.0000;12.0000;892.0000;5124.0000
173.0000;104.0000;0.0000;892.0000;5133.0000
171.0000;104.0000;0.0000;892.0000;5142.0000
168.0000;104.0000;0.0000;892.0000;5151.0000
166.0000;104.0000;0.0000;891.0000;5160.0000
163.0000;104.0000;0.0000;891.0000;5169.0000
161.0000;104.0000;12.0000;891.0000;5178.0000
159.0000;103.0000;0.0000;891.0000;5187.0000
156.0000;103.0000;0.0000;891.0000;5196.0000
154.0000;103.0000;0.0000;892.0000;5205.0000
152.0000;103.0000;0.0000;892.0000;5214.0000
150.0000;103.0000;0.0000;893.0000;5223.0000
148.0000;103.0000;12.0000;892.0000;5232.0000
146.0000;103.0000;0.0000;891.0000;5241.0000
143.0000;103.0000;0.0000;892.0000;5250.0000
141.0000;104.0000;0.0000;893.0000;5259.0000
139.0000;104.0000;0.0000;891.0000;5268.0000
136.0000;104.0000;0.0000;892.0000;5277.0000
134.0000;104.0000;0.0000;892.0000;5286.0000
131.0000;105.0000;0.0000;891.0000;5295.0000
129.0000;105.0000;0.0000;891.0000;5304.0000
126.0000;105.0000;0.0000;892.0000;5313.0000
124.0000;106.0000;0.0000;892.0000;5322.0000
122.0000;106.0000;0.0000;893.0000;5331.0000
119.0000;107.0000;0.0000;891.0000;5340.0000
117.0000;107.0000;0.0000;891.0000;5349.0000
115.0000;108.0000;0.0000;893.0000;5358.0000
112.0000;109.0000;0.0000;892.0000;5367.0000
110.0000;109.0000;0.0000;892.0000;5376.0000
108.0000;110.0000;0.0000;895.0000;5385.0000
105.0000;111.0000;0.0000;893.0000;5394.0000
103.0000;112.0000;0.0000;893.0000;5403.0000
101.0000;113.0000;0.0000;894.0000;5412.0000
99.0000;114.0000;0.0000;895.0000;5421.0000
97.0000;115.0000;0.0000;893.0000;5430.0000
96.0000;116.0000;0.0000;894.0000;5439.0000
94.0000;117.0000;0.0000;896.0000;5448.0000
92.0000;118.0000;0.0000;899.0000;5457.0000
90.0000;119.0000;0.0000;895.0000;5466.0000
88.0000;120.0000;0.0000;899.0000;5475.0000
86.0000;121.0000;0.0000;895.0000;5484.0000
85.0000;122.0000;0.0000;896.0000;5493.0000
83.0000;123.0000;0.0000;896.0000;5502.0000
81.0000;124.0000;0.0000;896.0000;5511.0000
80.0000;125.0000;0.0000;894.0000;5520.0000
78.0000;126.0000;0.0000;896.0000;5529.0000
77.0000;127.0000;0.0000;896.0000;5538.0000
76.0000;128.0000;0.0000;895.0000;5547.0000
75.0000;129.0000;0.0000;895.0000;5556.0000
73.0000;130.0000;0.0000;896.0000;5565.0000
72.0000;131.0000;0.0000;895.0000;5574.0000
71.0000;133.0000;0.0000;894.0000;5583.0000
71.0000;134.0000;0.0000;893.0000;5592.0000
70.0000;136.0000;0.0000;895.0000;5601.0000
69.0000;137.0000;0.0000;895.0000;5610.0000
68.0000;139.0000;0.0000;895.0000;5619.0000
67.0000;141.0000;12.0000;895.0000;5628.0000
66.0000;143.0000;0.0000;894.0000;5637.0000
65.0000;145.0000;0.0000;895.0000;5646.0000
65.0000;147.0000;0.0000;896.0000;5655.0000
64.0000;149.0000;0.0000;895.0000;5664.0000
63.0000;151.0000;0.0000;895.0000;5673.0000
63.0000;153.0000;0.0000;896.0000;5682.0000
62.0000;154.0000;0.0000;894.0000;5691.0000
61.0000;156.0000;0.0000;895.0000;5700.0000
60.0000;158.0000;0.0000;896.0000;5709.0000
59.0000;160.0000;0.0000;896.0000;5718.0000
59.0000;161.0000;0.0000;896.0000;5727.0000
58.0000;163.0000;0.0000;896.0000;5736.0000
57.0000;165.0000;0.0000;900.0000;5745.0000
56.0000;167.0000;0.0000;895.0000;5754.0000
55.0000;170.0000;0.0000;896.0000;5763.0000
54.0000;172.0000;0.0000;895.0000;5772.0000
53.0000;174.0000;0.0000;896.0000;5781.0000
53.0000;176.0000;0.0000;894.0000;5790.0000
52.0000;179.0000;0.0000;894.0000;5800.0000
51.0000;181.0000;0.0000;894.0000;5809.0000
50.0000;183.0000;0.0000;894.0000;5818.0000
50.0000;186.0000;0.0000;893.0000;5827.0000
49.0000;188.0000;0.0000;893.0000;5836.0000
48.0000;190.0000;0.0000;891.0000;5845.0000
48.0000;192.0000;0.0000;891.0000;5854.0000
48.0000;195.0000;0.0000;891.0000;5863.0000
47.0000;197.0000;0.0000;889.0000;5872.0000
47.0000;200.0000;0.0000;886.0000;5881.0000
47.0000;202.0000;0.0000;891.0000;5890.0000
47.0000;204.0000;0.0000;886.0000;5899.0000
46.0000;206.0000;0.0000;880.0000;5908.0000
46.0000;209.0000;0.0000;879.0000;5917.0000
46.0000;211.0000;0.0000;878.0000;5926.0000
46.0000;214.0000;0.0000;878.0000;5935.0000
46.0000;216.0000;0.0000;877.0000;5944.0000
47.0000;219.0000;0.0000;877.0000;5953.0000
47.0000;221.0000;0.0000;876.0000;5962.0000
47.0000;224.0000;0.0000;876.0000;5971.0000
48.0000;226.0000;0.0000;877.0000;5980.0000
48.0000;228.0000;0.0000;876.0000;5989.0000
49.0000;231.0000;0.0000;875.0000;5998.0000
49.0000;233.0000;0.0000;877.0000;6007.0000
50.0000;236.0000;0.0000;876.0000;6016.0000
51.0000;238.0000;12.0000;875.0000;6025.0000
52.0000;240.0000;12.0000;876.0000;6034.0000
52.0000;243.0000;12.0000;875.0000;6043.0000
53.0000;245.0000;0.0000;876.0000;6052.0000
54.0000;247.0000;0.0000;877.0000;6061.0000
55.0000;250.0000;0.0000;875.0000;6070.0000
56.0000;252.0000;0.0000;875.0000;6079.0000
57.0000;254.0000;0.0000;875.0000;6088.0000
58.0000;256.0000;0.0000;875.0000;6097.0000
58.0000;258.0000;0.0000;876.0000;6106.0000
59.0000;260.0000;0.0000;876.0000;6115.0000
60.0000;262.0000;0.0000;876.0000;6124.0000
61.0000;265.0000;0.0000;875.0000;6133.0000
62.0000;267.0000;0.0000;876.0000;6142.0000
62.0000;269.0000;0.0000;875.0000;6151.0000
63.0000;271.0000;0.0000;876.0000;6160.0000
64.0000;273.0000;0.0000;875.0000;6169.0000
65.0000;275.0000;0.0000;875.0000;6178.0000
66.0000;277.0000;0.0000;876.0000;6187.0000
67.0000;279.0000;0.0000;876.0000;6196.0000
68.0000;281.0000;12.0000;875.0000;6205.0000
69.0000;282.0000;0.0000;880.0000;6214.0000
70.0000;284.0000;0.0000;875.0000;6223.0000
71.0000;286.0000;12.0000;876.0000;6232.0000
72.0000;288.0000;0.0000;876.0000;6241.0000
73.0000;290.0000;0.0000;876.0000;6250.0000
75.0000;292.0000;0.0000;876.0000;6259.0000
76.0000;293.0000;0.0000;876.0000;6268.0000
77.0000;295.0000;12.0000;875.0000;6277.0000
79.0000;296.0000;0.0000;876.0000;6286.0000
80.0000;298.0000;0.0000;880.0000;6295.0000
82.0000;299.0000;0.0000;877.0000;6304.0000
83.0000;301.0000;0.0000;880.0000;6313.0000
85.0000;302.0000;0.0000;876.0000;6322.0000
87.0000;303.0000;0.0000;876.0000;6331.0000
88.0000;304.0000;0.0000;877.0000;6340.0000
90.0000;305.0000;0.0000;876.0000;6349.0000
91.0000;307.0000;0.0000;876.0000;6358.0000
93.0000;308.0000;0.0000;877.0000;6367.0000
94.0000;309.0000;0.0000;876.0000;6376.0000
96.0000;311.0000;0.0000;878.0000;6385.0000
97.0000;312.0000;0.0000;877.0000;6394.0000
99.0000;314.0000;0.0000;877.0000;6403.0000
100.0000;315.0000;0.0000;875.0000;6412.0000
101.0000;316.0000;0.0000;877.0000;6421.0000
103.0000;318.0000;0.0000;877.0000;6430.0000
104.0000;319.0000;0.0000;878.0000;6439.0000
106.0000;320.0000;12.0000;871.0000;6448.0000
107.0000;321.0000;0.0000;878.0000;6457.0000
109.0000;322.0000;0.0000;877.0000;6466.0000
110.0000;323.0000;0.0000;882.0000;6475.0000
112.0000;323.0000;0.0000;878.0000;6484.0000
113.0000;324.0000;0.0000;878.0000;6493.0000
115.0000;326.0000;0.0000;871.0000;6502.0000
116.0000;327.0000;0.0000;878.0000;6511.0000
118.0000;328.0000;12.0000;878.0000;6520.0000
120.0000;329.0000;0.0000;878.0000;6529.0000
121.0000;330.0000;0.0000;878.0000;6538.0000
123.0000;331.0000;0.0000;878.0000;6547.0000
125.0000;331.0000;0.0000;880.0000;6556.0000
126.0000;332.0000;0.0000;878.0000;6565.0000
128.0000;333.0000;0.0000;879.0000;6574.0000
130.0000;334.0000;12.0000;878.0000;6583.0000
132.0000;335.0000;0.0000;878.0000;6592.0000
134.0000;335.0000;0.0000;878.0000;6601.0000
136.0000;336.0000;0.0000;879.0000;6610.0000
138.0000;337.0000;0.0000;884.0000;6619.0000
140.0000;338.0000;12.0000;878.0000;6628.0000
142.0000;338.0000;0.0000;879.0000;6637.0000
144.0000;339.0000;0.0000;880.0000;6646.0000
146.0000;339.0000;0.0000;879.0000;6655.0000
149.0000;340.0000;0.0000;880.0000;6664.0000
151.0000;341.0000;0.0000;880.0000;6673.0000
153.0000;341.0000;0.0000;879.0000;6682.0000
155.0000;342.0000;12.0000;879.0000;6691.0000
157.0000;343.0000;0.0000;880.0000;6700.0000
159.0000;344.0000;12.0000;881.0000;6709.0000
162.0000;344.0000;0.0000;880.0000;6718.0000
164.0000;345.0000;0.0000;880.0000;6727.0000
166.0000;346.0000;12.0000;881.0000;6736.0000
168.0000;346.0000;0.0000;880.0000;6745.0000
170.0000;347.0000;0.0000;881.0000;6754.0000
173.0000;347.0000;0.0000;881.0000;6763.0000
175.0000;348.0000;0.0000;882.0000;6772.0000
177.0000;348.0000;0.0000;882.0000;6781.0000
180.0000;348.0000;0.0000;883.0000;6790.0000
182.0000;348.0000;0.0000;883.0000;6799.0000
184.0000;348.0000;0.0000;882.0000;6808.0000
186.0000;348.0000;0.0000;882.0000;6817.0000
188.0000;348.0000;0.0000;884.0000;6826.0000
190.0000;348.0000;0.0000;882.0000;6835.0000
192.0000;348.0000;0.0000;883.0000;6844.0000
194.0000;348.0000;0.0000;882.0000;6853.0000
196.0000;348.0000;0.0000;884.0000;6862.0000
198.0000;348.0000;0.0000;884.0000;6871.0000
200.0000;348.0000;0.0000;883.0000;6880.0000
202.0000;348.0000;0.0000;883.0000;6889.0000
204.0000;348.0000;0.0000;884.0000;6898.0000
206.0000;348.0000;0.0000;884.0000;6907.0000
208.0000;348.0000;0.0000;884.0000;6916.0000
210.0000;348.0000;0.0000;885.0000;6925.0000
211.0000;348.0000;0.0000;885.0000;6934.0000
213.0000;347.0000;0.0000;878.0000;6943.0000
215.0000;347.0000;0.0000;885.0000;6952.0000
217.0000;347.0000;0.0000;886.0000;6961.0000
219.0000;347.0000;0.0000;885.0000;6970.0000
221.0000;346.0000;0.0000;878.0000;6979.0000
222.0000;346.0000;0.0000;887.0000;6988.0000
224.0000;346.0000;0.0000;887.0000;6997.0000
225.0000;345.0000;0.0000;887.0000;7006.0000
227.0000;345.0000;0.0000;892.0000;7015.0000
229.0000;345.0000;0.0000;888.0000;7024.0000
231.0000;344.0000;0.0000;888.0000;7033.0000
233.0000;344.0000;0.0000;887.0000;7042.0000
234.0000;343.0000;0.0000;887.0000;7051.0000
236.0000;343.0000;0.0000;887.0000;7060.0000
238.0000;343.0000;0.0000;888.0000;7069.0000
239.0000;342.0000;0.0000;891.0000;7078.0000
241.0000;342.0000;0.0000;889.0000;7088.0000
242.0000;341.0000;0.0000;891.0000;7097.0000
244.0000;341.0000;0.0000;889.0000;7106.0000
245.0000;340.0000;0.0000;891.0000;7115.0000
247.0000;340.0000;0.0000;891.0000;7124.0000
248.0000;339.0000;0.0000;891.0000;7133.0000
250.0000;338.0000;0.0000;891.0000;7142.0000
252.0000;338.0000;0.0000;891.0000;7151.0000
253.0000;337.0000;0.0000;891.0000;7160.0000
255.0000;337.0000;0.0000;891.0000;7169.0000
257.0000;336.0000;0.0000;891.0000;7178.0000
258.0000;335.0000;0.0000;891.0000;7187.0000
260.0000;335.0000;0.0000;892.0000;7196.0000
262.0000;334.0000;0.0000;892.0000;7205.0000
264.0000;333.0000;0.0000;891.0000;7214.0000
266.0000;333.0000;0.0000;891.0000;7223.0000
267.0000;332.0000;0.0000;891.0000;7232.0000
269.0000;331.0000;0.0000;895.0000;7241.0000
271.0000;331.0000;0.0000;896.0000;7250.0000
272.0000;330.0000;0.0000;892.0000;7259.0000
274.0000;329.0000;0.0000;893.0000;7268.0000
275.0000;328.0000;0.0000;892.0000;7277.0000
277.0000;327.0000;0.0000;893.0000;7286.0000
279.0000;326.0000;0.0000;895.0000;7295.0000
280.0000;325.0000;0.0000;895.0000;7304.0000
283.0000;324.0000;0.0000;895.0000;7313.0000
284.0000;323.0000;0.0000;895.0000;7322.0000
286.0000;322.0000;0.0000;900.0000;7331.0000
288.0000;321.0000;0.0000;889.0000;7340.0000
289.0000;320.0000;0.0000;897.0000;7349.0000
291.0000;318.0000;0.0000;896.0000;7358.0000
292.0000;317.0000;12.0000;896.0000;7367.0000
294.0000;316.0000;0.0000;896.0000;7376.0000
295.0000;315.0000;12.0000;897.0000;7385.0000
297.0000;314.0000;0.0000;896.0000;7394.0000
298.0000;313.0000;0.0000;901.0000;7403.0000
299.0000;312.0000;12.0000;899.0000;7412.0000
301.0000;311.0000;0.0000;897.0000;7421.0000
302.0000;310.0000;0.0000;897.0000;7430.0000
303.0000;309.0000;0.0000;900.0000;7439.0000
304.0000;308.0000;0.0000;899.0000;7448.0000
305.0000;307.0000;0.0000;900.0000;7457.0000
306.0000;306.0000;0.0000;902.0000;7466.0000
307.0000;305.0000;0.0000;903.0000;7475.0000
308.0000;303.0000;0.0000;903.0000;7484.0000
309.0000;302.0000;0.0000;905.0000;7493.0000
310.0000;301.0000;12.0000;903.0000;7502.0000
311.0000;300.0000;0.0000;905.0000;7511.0000
312.0000;299.0000;0.0000;905.0000;7520.0000
312.0000;297.0000;0.0000;904.0000;7529.0000
313.0000;296.0000;0.0000;903.0000;7538.0000
314.0000;295.0000;0.0000;904.0000;7547.0000
315.0000;294.0000;0.0000;904.0000;7556.0000
316.0000;293.0000;0.0000;908.0000;7565.0000
317.0000;291.0000;0.0000;904.0000;7574.0000
318.0000;290.0000;0.0000;905.0000;7583.0000
319.0000;289.0000;0.0000;905.0000;7592.0000
320.0000;288.0000;0.0000;904.0000;7601.0000
321.0000;286.0000;0.0000;903.0000;7610.0000
322.0000;285.0000;0.0000;905.0000;7619.0000
323.0000;284.0000;0.0000;903.0000;7628.0000
324.0000;282.0000;0.0000;904.0000;7637.0000
325.0000;281.0000;0.0000;905.0000;7646.0000
326.0000;280.0000;0.0000;911.0000;7655.0000
327.0000;278.0000;0.0000;908.0000;7664.0000
328.0000;277.0000;0.0000;909.0000;7673.0000
328.0000;276.0000;0.0000;911.0000;7682.0000
329.0000;275.0000;0.0000;911.0000;7691.0000
330.0000;273.0000;0.0000;914.0000;7700.0000
330.0000;272.0000;0.0000;911.0000;7709.0000
331.0000;271.0000;0.0000;911.0000;7718.0000
332.0000;270.0000;0.0000;909.0000;7727.0000
332.0000;268.0000;0.0000;910.0000;7736.0000
333.0000;267.0000;0.0000;909.0000;7745.0000
334.0000;266.0000;0.0000;910.0000;7754.0000
335.0000;265.0000;0.0000;912.0000;7763.0000
335.0000;264.0000;0.0000;909.0000;7772.0000
336.0000;262.0000;0.0000;911.0000;7781.0000
337.0000;261.0000;0.0000;908.0000;7790.0000
338.0000;260.0000;0.0000;908.0000;7799.0000
338.0000;259.0000;0.0000;912.0000;7808.0000
339.0000;258.0000;0.0000;911.0000;7817.0000
340.0000;257.0000;0.0000;908.0000;7826.0000
341.0000;256.0000;0.0000;908.0000;7835.0000
342.0000;254.0000;12.0000;914.0000;7844.0000
342.0000;253.0000;12.0000;910.0000;7853.0000
343.0000;252.0000;12.0000;911.0000;7862.0000
343.0000;251.0000;0.0000;911.0000;7871.0000
344.0000;250.0000;0.0000;910.0000;7880.0000
345.0000;249.0000;0.0000;910.0000;7889.0000
345.0000;248.0000;0.0000;910.0000;7898.0000
346.0000;246.0000;0.0000;913.0000;7907.0000
347.0000;245.0000;0.0000;908.0000;7916.0000
348.0000;244.0000;0.0000;908.0000;7925.0000
349.0000;243.0000;0.0000;910.0000;7934.0000
349.0000;242.0000;0.0000;908.0000;7943.0000
350.0000;240.0000;0.0000;911.0000;7952.0000
351.0000;239.0000;0.0000;909.0000;7961.0000
352.0000;238.0000;0.0000;909.0000;7970.0000
353.0000;236.0000;0.0000;908.0000;7979.0000
355.0000;235.0000;0.0000;909.0000;7988.0000
356.0000;234.0000;0.0000;909.0000;7997.0000
357.0000;233.0000;0.0000;909.0000;8006.0000
358.0000;232.0000;0.0000;913.0000;8015.0000
359.0000;230.0000;0.0000;909.0000;8024.0000
360.0000;229.0000;0.0000;911.0000;8033.0000
361.0000;228.0000;0.0000;909.0000;8042.0000
362.0000;227.0000;0.0000;908.0000;8051.0000
362.0000;226.0000;0.0000;908.0000;8060.0000
363.0000;225.0000;0.0000;908.0000;8069.0000
364.0000;224.0000;0.0000;908.0000;8078.0000
365.0000;223.0000;0.0000;909.0000;8087.0000
366.0000;222.0000;0.0000;908.0000;8096.0000
367.0000;221.0000;0.0000;908.0000;8105.0000
367.0000;221.0000;0.0000;908.0000;8114.0000
368.0000;220.0000;0.0000;908.0000;8123.0000
369.0000;219.0000;0.0000;911.0000;8132.0000
370.0000;218.0000;0.0000;911.0000;8141.0000
370.0000;218.0000;0.0000;908.0000;8150.0000
371.0000;217.0000;0.0000;908.0000;8159.0000
372.0000;217.0000;0.0000;908.0000;8168.0000
372.0000;216.0000;0.0000;908.0000;8177.0000
373.0000;216.0000;0.0000;909.0000;8186.0000
373.0000;215.0000;0.0000;909.0000;8195.0000
374.0000;215.0000;0.0000;902.0000;8204.0000
374.0000;214.0000;0.0000;910.0000;8213.0000
375.0000;214.0000;0.0000;909.0000;8222.0000
376.0000;213.0000;0.0000;903.0000;8231.0000
376.0000;212.0000;0.0000;911.0000;8240.0000
377.0000;212.0000;0.0000;911.0000;8249.0000
377.0000;211.0000;0.0000;911.0000;8258.0000
378.0000;211.0000;0.0000;912.0000;8267.0000
378.0000;210.0000;0.0000;911.0000;8276.0000
379.0000;210.0000;0.0000;912.0000;8285.0000
380.0000;210.0000;0.0000;913.0000;8294.0000
380.0000;209.0000;0.0000;911.0000;8303.0000
381.0000;209.0000;0.0000;912.0000;8312.0000
381.0000;208.0000;0.0000;917.0000;8321.0000
382.0000;208.0000;0.0000;917.0000;8330.0000
383.0000;207.0000;0.0000;918.0000;8339.0000
383.0000;207.0000;0.0000;915.0000;8348.0000
383.0000;207.0000;0.0000;917.0000;8357.0000
384.0000;207.0000;0.0000;924.0000;8366.0000
384.0000;206.0000;0.0000;922.0000;8376.0000
384.0000;206.0000;12.0000;924.0000;8385.0000
384.0000;206.0000;0.0000;926.0000;8394.0000
384.0000;206.0000;0.0000;926.0000;8403.0000
384.0000;206.0000;0.0000;925.0000;8412.0000
385.0000;206.0000;0.0000;924.0000;8421.0000
385.0000;206.0000;12.0000;930.0000;8430.0000
386.0000;205.0000;0.0000;926.0000;8439.0000
386.0000;205.0000;12.0000;932.0000;8448.0000
387.0000;204.0000;0.0000;933.0000;8457.0000
387.0000;204.0000;0.0000;929.0000;8466.0000
388.0000;204.0000;0.0000;935.0000;8475.0000
388.0000;203.0000;0.0000;932.0000;8484.0000
389.0000;203.0000;0.0000;926.0000;8493.0000
389.0000;203.0000;0.0000;936.0000;8502.0000
389.0000;203.0000;0.0000;937.0000;8511.0000
389.0000;203.0000;12.0000;936.0000;8520.0000
389.0000;203.0000;0.0000;935.0000;8529.0000
389.0000;203.0000;12.0000;927.0000;8538.0000
390.0000;203.0000;0.0000;896.0000;8547.0000
390.0000;203.0000;0.0000;861.0000;8556.0000
390.0000;204.0000;0.0000;804.0000;8565.0000
391.0000;206.0000;0.0000;713.0000;8574.0000
391.0000;207.0000;12.0000;495.0000;8583.0000
