274.0000;200.0000;0.0000;6.0000;10612109.0000
274.0000;200.0000;0.0000;28.0000;10612118.0000
274.0000;200.0000;0.0000;46.0000;10612127.0000
275.0000;200.0000;0.0000;64.0000;10612136.0000
275.0000;200.0000;12.0000;73.0000;10612145.0000
276.0000;200.0000;0.0000;75.0000;10612154.0000
277.0000;200.0000;12.0000;79.0000;10612163.0000
278.0000;200.0000;0.0000;77.0000;10612172.0000
279.0000;200.0000;0.0000;77.0000;10612181.0000
280.0000;200.0000;0.0000;78.0000;10612190.0000
281.0000;200.0000;0.0000;80.0000;10612199.0000
281.0000;200.0000;0.0000;97.0000;10612208.0000
282.0000;199.0000;0.0000;125.0000;10612217.0000
283.0000;198.0000;0.0000;145.0000;10612226.0000
283.0000;197.0000;0.0000;166.0000;10612235.0000
283.0000;197.0000;0.0000;181.0000;10612244.0000
284.0000;196.0000;0.0000;194.0000;10612253.0000
284.0000;195.0000;0.0000;209.0000;10612262.0000
284.0000;194.0000;0.0000;218.0000;10612271.0000
284.0000;194.0000;0.0000;227.0000;10612280.0000
283.0000;193.0000;0.0000;232.0000;10612289.0000
283.0000;193.0000;0.0000;235.0000;10612298.0000
283.0000;192.0000;0.0000;235.0000;10612307.0000
283.0000;192.0000;0.0000;235.0000;10612316.0000
283.0000;191.0000;0.0000;236.0000;10612325.0000
283.0000;191.0000;0.0000;237.0000;10612334.0000
283.0000;190.0000;0.0000;237.0000;10612343.0000
283.0000;189.0000;0.0000;237.0000;10612352.0000
282.0000;188.0000;0.0000;238.0000;10612361.0000
282.0000;188.0000;0.0000;243.0000;10612370.0000
282.0000;187.0000;0.0000;270.0000;10612379.0000
281.0000;186.0000;0.0000;285.0000;10612388.0000
281.0000;186.0000;0.0000;291.0000;10612397.0000
280.0000;185.0000;0.0000;305.0000;10612406.0000
279.0000;185.0000;0.0000;323.0000;10612415.0000
279.0000;184.0000;0.0000;334.0000;10612424.0000
278.0000;184.0000;0.0000;345.0000;10612433.0000
277.0000;184.0000;0.0000;349.0000;10612442.0000
276.0000;184.0000;0.0000;351.0000;10612451.0000
275.0000;184.0000;0.0000;351.0000;10612460.0000
275.0000;184.0000;0.0000;353.0000;10612469.0000
274.0000;184.0000;0.0000;353.0000;10612478.0000
274.0000;184.0000;0.0000;353.0000;10612487.0000
273.0000;184.0000;0.0000;350.0000;10612496.0000
272.0000;184.0000;0.0000;350.0000;10612505.0000
271.0000;184.0000;0.0000;348.0000;10612514.0000
271.0000;184.0000;0.0000;347.0000;10612523.0000
270.0000;183.0000;0.0000;343.0000;10612532.0000
269.0000;183.0000;0.0000;333.0000;10612541.0000
268.0000;183.0000;0.0000;318.0000;10612550.0000
267.0000;182.0000;0.0000;303.0000;10612559.0000
267.0000;182.0000;0.0000;291.0000;10612568.0000
266.0000;181.0000;0.0000;283.0000;10612577.0000
265.0000;181.0000;0.0000;277.0000;10612586.0000
264.0000;181.0000;0.0000;271.0000;10612596.0000
262.0000;181.0000;0.0000;267.0000;10612605.0000
261.0000;182.0000;0.0000;264.0000;10612614.0000
260.0000;182.0000;0.0000;262.0000;10612623.0000
258.0000;182.0000;0.0000;264.0000;10612632.0000
257.0000;182.0000;0.0000;264.0000;10612641.0000
256.0000;183.0000;0.0000;267.0000;10612650.0000
254.0000;183.0000;0.0000;273.0000;10612659.0000
252.0000;183.0000;0.0000;279.0000;10612668.0000
250.0000;183.0000;0.0000;287.0000;10612677.0000
248.0000;183.0000;0.0000;291.0000;10612686.0000
246.0000;183.0000;0.0000;298.0000;10612695.0000
245.0000;183.0000;0.0000;305.0000;10612704.0000
243.0000;182.0000;0.0000;316.0000;10612713.0000
242.0000;182.0000;0.0000;321.0000;10612722.0000
242.0000;182.0000;0.0000;321.0000;10612731.0000
241.0000;183.0000;0.0000;320.0000;10612740.0000
240.0000;184.0000;0.0000;319.0000;10612749.0000
239.0000;185.0000;0.0000;318.0000;10612758.0000
239.0000;186.0000;0.0000;318.0000;10612767.0000
238.0000;187.0000;0.0000;318.0000;10612776.0000
237.0000;188.0000;0.0000;318.0000;10612785.0000
236.0000;189.0000;0.0000;318.0000;10612794.0000
235.0000;191.0000;0.0000;319.0000;10612803.0000
235.0000;192.0000;0.0000;320.0000;10612812.0000
234.0000;193.0000;0.0000;320.0000;10612821.0000
233.0000;194.0000;0.0000;321.0000;10612830.0000
232.0000;195.0000;0.0000;321.0000;10612839.0000
231.0000;195.0000;0.0000;324.0000;10612848.0000
230.0000;196.0000;0.0000;325.0000;10612857.0000
229.0000;196.0000;0.0000;325.0000;10612866.0000
229.0000;196.0000;0.0000;326.0000;10612875.0000
228.0000;197.0000;0.0000;330.0000;10612884.0000
228.0000;197.0000;0.0000;331.0000;10612893.0000
228.0000;197.0000;0.0000;333.0000;10612902.0000
227.0000;197.0000;0.0000;333.0000;10612911.0000
227.0000;197.0000;0.0000;332.0000;10612920.0000
227.0000;198.0000;0.0000;332.0000;10612929.0000
226.0000;198.0000;0.0000;333.0000;10612938.0000
226.0000;199.0000;0.0000;333.0000;10612947.0000
225.0000;199.0000;12.0000;333.0000;10612956.0000
225.0000;200.0000;0.0000;334.0000;10612965.0000
224.0000;201.0000;12.0000;334.0000;10612974.0000
224.0000;202.0000;12.0000;334.0000;10612983.0000
223.0000;203.0000;24.0000;334.0000;10612992.0000
222.0000;203.0000;28.0000;335.0000;10613001.0000
222.0000;204.0000;28.0000;332.0000;10613010.0000
221.0000;205.0000;12.0000;331.0000;10613019.0000
220.0000;206.0000;12.0000;331.0000;10613028.0000
220.0000;206.0000;0.0000;331.0000;10613037.0000
219.0000;207.0000;0.0000;331.0000;10613046.0000
219.0000;207.0000;12.0000;331.0000;10613055.0000
219.0000;207.0000;0.0000;330.0000;10613064.0000
219.0000;207.0000;0.0000;328.0000;10613073.0000
219.0000;208.0000;0.0000;330.0000;10613082.0000
220.0000;208.0000;0.0000;332.0000;10613091.0000
220.0000;208.0000;0.0000;338.0000;10613100.0000
220.0000;209.0000;0.0000;343.0000;10613109.0000
221.0000;209.0000;0.0000;348.0000;10613118.0000
221.0000;209.0000;0.0000;354.0000;10613127.0000
221.0000;209.0000;0.0000;357.0000;10613136.0000
222.0000;210.0000;0.0000;357.0000;10613145.0000
223.0000;211.0000;0.0000;365.0000;10613154.0000
223.0000;212.0000;0.0000;366.0000;10613163.0000
223.0000;212.0000;0.0000;369.0000;10613172.0000
224.0000;213.0000;0.0000;370.0000;10613181.0000
224.0000;214.0000;0.0000;370.0000;10613190.0000
225.0000;215.0000;0.0000;370.0000;10613199.0000
225.0000;215.0000;0.0000;370.0000;10613208.0000
226.0000;216.0000;0.0000;372.0000;10613217.0000
226.0000;217.0000;12.0000;371.0000;10613226.0000
227.0000;218.0000;0.0000;371.0000;10613235.0000
228.0000;219.0000;0.0000;372.0000;10613244.0000
228.0000;220.0000;0.0000;372.0000;10613253.0000
229.0000;222.0000;0.0000;373.0000;10613262.0000
230.0000;223.0000;0.0000;373.0000;10613271.0000
230.0000;225.0000;0.0000;373.0000;10613280.0000
231.0000;226.0000;0.0000;373.0000;10613289.0000
232.0000;227.0000;0.0000;373.0000;10613298.0000
233.0000;229.0000;0.0000;374.0000;10613307.0000
233.0000;230.0000;0.0000;374.0000;10613316.0000
234.0000;231.0000;0.0000;375.0000;10613325.0000
235.0000;232.0000;0.0000;374.0000;10613334.0000
235.0000;233.0000;0.0000;375.0000;10613343.0000
236.0000;234.0000;0.0000;374.0000;10613352.0000
237.0000;235.0000;0.0000;374.0000;10613361.0000
237.0000;235.0000;12.0000;374.0000;10613370.0000
239.0000;236.0000;0.0000;375.0000;10613379.0000
239.0000;236.0000;0.0000;376.0000;10613388.0000
241.0000;236.0000;0.0000;375.0000;10613397.0000
242.0000;236.0000;12.0000;376.0000;10613406.0000
243.0000;236.0000;0.0000;376.0000;10613415.0000
244.0000;237.0000;0.0000;376.0000;10613424.0000
246.0000;237.0000;0.0000;376.0000;10613433.0000
247.0000;237.0000;0.0000;376.0000;10613442.0000
249.0000;238.0000;0.0000;376.0000;10613451.0000
250.0000;238.0000;0.0000;376.0000;10613460.0000
252.0000;239.0000;12.0000;376.0000;10613469.0000
253.0000;240.0000;0.0000;377.0000;10613478.0000
254.0000;240.0000;0.0000;377.0000;10613487.0000
255.0000;241.0000;0.0000;377.0000;10613496.0000
257.0000;241.0000;0.0000;377.0000;10613505.0000
258.0000;241.0000;0.0000;378.0000;10613514.0000
260.0000;241.0000;0.0000;379.0000;10613523.0000
261.0000;241.0000;0.0000;379.0000;10613532.0000
263.0000;241.0000;0.0000;379.0000;10613541.0000
264.0000;241.0000;0.0000;379.0000;10613550.0000
266.0000;241.0000;0.0000;378.0000;10613559.0000
267.0000;241.0000;0.0000;376.0000;10613568.0000
268.0000;241.0000;0.0000;376.0000;10613577.0000
269.0000;241.0000;0.0000;376.0000;10613586.0000
270.0000;242.0000;0.0000;374.0000;10613595.0000
271.0000;243.0000;12.0000;374.0000;10613604.0000
273.0000;243.0000;0.0000;373.0000;10613613.0000
274.0000;244.0000;0.0000;373.0000;10613622.0000
274.0000;244.0000;0.0000;373.0000;10613631.0000
275.0000;245.0000;0.0000;373.0000;10613640.0000
276.0000;245.0000;0.0000;374.0000;10613649.0000
277.0000;245.0000;0.0000;373.0000;10613658.0000
278.0000;246.0000;0.0000;373.0000;10613667.0000
278.0000;246.0000;12.0000;373.0000;10613676.0000
279.0000;246.0000;0.0000;373.0000;10613685.0000
280.0000;246.0000;0.0000;373.0000;10613694.0000
281.0000;247.0000;0.0000;373.0000;10613703.0000
282.0000;247.0000;0.0000;373.0000;10613712.0000
283.0000;248.0000;0.0000;373.0000;10613721.0000
284.0000;248.0000;0.0000;373.0000;10613730.0000
285.0000;248.0000;0.0000;373.0000;10613739.0000
286.0000;248.0000;0.0000;373.0000;10613748.0000
287.0000;248.0000;0.0000;373.0000;10613757.0000
288.0000;247.0000;0.0000;374.0000;10613766.0000
289.0000;247.0000;0.0000;374.0000;10613775.0000
290.0000;247.0000;0.0000;375.0000;10613784.0000
291.0000;246.0000;0.0000;374.0000;10613793.0000
292.0000;246.0000;0.0000;373.0000;10613802.0000
293.0000;246.0000;0.0000;373.0000;10613811.0000
294.0000;246.0000;0.0000;372.0000;10613820.0000
295.0000;246.0000;0.0000;371.0000;10613829.0000
296.0000;246.0000;0.0000;371.0000;10613838.0000
298.0000;247.0000;12.0000;370.0000;10613847.0000
299.0000;247.0000;0.0000;371.0000;10613856.0000
301.0000;247.0000;0.0000;371.0000;10613865.0000
302.0000;247.0000;12.0000;371.0000;10613874.0000
304.0000;247.0000;0.0000;371.0000;10613884.0000
305.0000;247.0000;0.0000;371.0000;10613893.0000
307.0000;247.0000;0.0000;373.0000;10613902.0000
309.0000;246.0000;0.0000;374.0000;10613911.0000
311.0000;245.0000;0.0000;375.0000;10613920.0000
314.0000;243.0000;0.0000;376.0000;10613929.0000
316.0000;242.0000;0.0000;377.0000;10613938.0000
318.0000;240.0000;0.0000;377.0000;10613947.0000
320.0000;239.0000;0.0000;378.0000;10613956.0000
322.0000;238.0000;0.0000;379.0000;10613965.0000
324.0000;237.0000;0.0000;377.0000;10613974.0000
325.0000;236.0000;0.0000;378.0000;10613983.0000
327.0000;235.0000;0.0000;378.0000;10613992.0000
328.0000;234.0000;0.0000;377.0000;10614001.0000
330.0000;233.0000;0.0000;377.0000;10614010.0000
331.0000;232.0000;0.0000;378.0000;10614019.0000
333.0000;231.0000;0.0000;377.0000;10614028.0000
334.0000;231.0000;0.0000;377.0000;10614037.0000
336.0000;230.0000;0.0000;378.0000;10614046.0000
337.0000;229.0000;0.0000;377.0000;10614055.0000
338.0000;228.0000;0.0000;378.0000;10614064.0000
340.0000;228.0000;0.0000;377.0000;10614073.0000
341.0000;227.0000;0.0000;379.0000;10614082.0000
342.0000;226.0000;0.0000;379.0000;10614091.0000
343.0000;226.0000;0.0000;382.0000;10614100.0000
344.0000;225.0000;0.0000;385.0000;10614109.0000
345.0000;224.0000;12.0000;386.0000;10614118.0000
346.0000;223.0000;0.0000;387.0000;10614127.0000
348.0000;222.0000;0.0000;387.0000;10614136.0000
349.0000;221.0000;0.0000;388.0000;10614145.0000
351.0000;220.0000;0.0000;388.0000;10614154.0000
352.0000;219.0000;12.0000;389.0000;10614163.0000
353.0000;218.0000;0.0000;390.0000;10614172.0000
355.0000;217.0000;12.0000;392.0000;10614181.0000
356.0000;216.0000;12.0000;394.0000;10614190.0000
357.0000;215.0000;12.0000;396.0000;10614199.0000
357.0000;213.0000;12.0000;397.0000;10614208.0000
358.0000;212.0000;0.0000;398.0000;10614217.0000
359.0000;211.0000;0.0000;398.0000;10614226.0000
359.0000;210.0000;0.0000;398.0000;10614235.0000
360.0000;209.0000;12.0000;399.0000;10614244.0000
360.0000;208.0000;12.0000;398.0000;10614253.0000
360.0000;207.0000;28.0000;399.0000;10614262.0000
361.0000;206.0000;12.0000;402.0000;10614271.0000
361.0000;206.0000;0.0000;402.0000;10614280.0000
361.0000;205.0000;12.0000;401.0000;10614289.0000
362.0000;204.0000;0.0000;401.0000;10614298.0000
362.0000;204.0000;0.0000;401.0000;10614307.0000
362.0000;203.0000;0.0000;397.0000;10614316.0000
362.0000;202.0000;0.0000;407.0000;10614325.0000
363.0000;201.0000;0.0000;409.0000;10614334.0000
363.0000;201.0000;0.0000;411.0000;10614343.0000
363.0000;200.0000;0.0000;413.0000;10614352.0000
363.0000;199.0000;0.0000;414.0000;10614361.0000
363.0000;197.0000;0.0000;414.0000;10614370.0000
363.0000;195.0000;0.0000;414.0000;10614379.0000
363.0000;193.0000;0.0000;413.0000;10614388.0000
363.0000;191.0000;0.0000;411.0000;10614397.0000
364.0000;189.0000;0.0000;411.0000;10614406.0000
364.0000;187.0000;0.0000;411.0000;10614415.0000
365.0000;185.0000;0.0000;411.0000;10614424.0000
365.0000;184.0000;0.0000;411.0000;10614433.0000
366.0000;183.0000;0.0000;411.0000;10614442.0000
366.0000;182.0000;0.0000;411.0000;10614451.0000
367.0000;180.0000;0.0000;411.0000;10614460.0000
367.0000;180.0000;0.0000;411.0000;10614469.0000
367.0000;179.0000;0.0000;411.0000;10614478.0000
367.0000;178.0000;0.0000;413.0000;10614487.0000
367.0000;178.0000;0.0000;414.0000;10614496.0000
366.0000;177.0000;0.0000;414.0000;10614505.0000
366.0000;176.0000;0.0000;416.0000;10614514.0000
365.0000;176.0000;0.0000;415.0000;10614523.0000
364.0000;174.0000;0.0000;415.0000;10614532.0000
364.0000;173.0000;0.0000;415.0000;10614541.0000
363.0000;171.0000;0.0000;414.0000;10614550.0000
362.0000;170.0000;0.0000;414.0000;10614559.0000
362.0000;168.0000;0.0000;413.0000;10614568.0000
362.0000;167.0000;0.0000;413.0000;10614577.0000
361.0000;166.0000;0.0000;413.0000;10614586.0000
361.0000;165.0000;0.0000;412.0000;10614595.0000
361.0000;164.0000;0.0000;412.0000;10614604.0000
361.0000;163.0000;0.0000;414.0000;10614613.0000
361.0000;163.0000;0.0000;414.0000;10614622.0000
360.0000;162.0000;0.0000;414.0000;10614631.0000
359.0000;161.0000;0.0000;414.0000;10614640.0000
359.0000;160.0000;12.0000;414.0000;10614649.0000
358.0000;160.0000;0.0000;414.0000;10614658.0000
357.0000;159.0000;0.0000;415.0000;10614667.0000
357.0000;158.0000;12.0000;415.0000;10614676.0000
356.0000;158.0000;0.0000;415.0000;10614685.0000
355.0000;157.0000;0.0000;415.0000;10614694.0000
354.0000;156.0000;0.0000;416.0000;10614703.0000
353.0000;155.0000;0.0000;416.0000;10614712.0000
352.0000;155.0000;12.0000;416.0000;10614721.0000
351.0000;154.0000;0.0000;419.0000;10614730.0000
350.0000;153.0000;12.0000;421.0000;10614739.0000
349.0000;153.0000;0.0000;422.0000;10614748.0000
348.0000;152.0000;0.0000;423.0000;10614757.0000
346.0000;152.0000;0.0000;424.0000;10614766.0000
345.0000;151.0000;0.0000;424.0000;10614775.0000
343.0000;151.0000;0.0000;426.0000;10614784.0000
341.0000;150.0000;0.0000;427.0000;10614793.0000
339.0000;150.0000;0.0000;427.0000;10614802.0000
338.0000;149.0000;0.0000;427.0000;10614811.0000
336.0000;148.0000;0.0000;429.0000;10614820.0000
335.0000;148.0000;0.0000;429.0000;10614829.0000
334.0000;147.0000;0.0000;429.0000;10614838.0000
333.0000;146.0000;0.0000;429.0000;10614847.0000
332.0000;146.0000;0.0000;429.0000;10614856.0000
331.0000;145.0000;12.0000;429.0000;10614865.0000
330.0000;145.0000;0.0000;429.0000;10614874.0000
329.0000;144.0000;0.0000;430.0000;10614883.0000
328.0000;143.0000;0.0000;429.0000;10614892.0000
328.0000;143.0000;0.0000;430.0000;10614901.0000
325.0000;142.0000;0.0000;430.0000;10614910.0000
323.0000;141.0000;0.0000;430.0000;10614919.0000
322.0000;140.0000;0.0000;430.0000;10614928.0000
320.0000;140.0000;0.0000;430.0000;10614937.0000
318.0000;139.0000;0.0000;430.0000;10614946.0000
316.0000;138.0000;0.0000;432.0000;10614955.0000
314.0000;137.0000;0.0000;434.0000;10614964.0000
312.0000;137.0000;0.0000;437.0000;10614973.0000
310.0000;136.0000;0.0000;440.0000;10614982.0000
308.0000;136.0000;0.0000;441.0000;10614991.0000
306.0000;136.0000;0.0000;442.0000;10615000.0000
304.0000;135.0000;0.0000;442.0000;10615009.0000
303.0000;135.0000;0.0000;443.0000;10615018.0000
301.0000;135.0000;0.0000;443.0000;10615027.0000
300.0000;135.0000;0.0000;443.0000;10615036.0000
299.0000;135.0000;0.0000;444.0000;10615045.0000
297.0000;135.0000;0.0000;444.0000;10615054.0000
296.0000;135.0000;0.0000;444.0000;10615063.0000
295.0000;134.0000;0.0000;446.0000;10615072.0000
293.0000;134.0000;0.0000;446.0000;10615081.0000
292.0000;134.0000;0.0000;447.0000;10615090.0000
290.0000;133.0000;0.0000;447.0000;10615099.0000
288.0000;132.0000;0.0000;446.0000;10615108.0000
286.0000;131.0000;0.0000;446.0000;10615117.0000
285.0000;129.0000;0.0000;446.0000;10615126.0000
283.0000;129.0000;0.0000;446.0000;10615135.0000
281.0000;128.0000;0.0000;446.0000;10615144.0000
280.0000;127.0000;0.0000;445.0000;10615153.0000
278.0000;127.0000;0.0000;445.0000;10615162.0000
276.0000;127.0000;0.0000;443.0000;10615172.0000
274.0000;127.0000;0.0000;444.0000;10615181.0000
272.0000;127.0000;0.0000;444.0000;10615190.0000
271.0000;127.0000;12.0000;444.0000;10615199.0000
269.0000;127.0000;0.0000;444.0000;10615208.0000
268.0000;127.0000;0.0000;444.0000;10615217.0000
266.0000;127.0000;0.0000;444.0000;10615226.0000
264.0000;127.0000;0.0000;445.0000;10615235.0000
263.0000;127.0000;0.0000;445.0000;10615244.0000
261.0000;127.0000;0.0000;445.0000;10615253.0000
260.0000;126.0000;0.0000;445.0000;10615262.0000
258.0000;126.0000;0.0000;445.0000;10615271.0000
256.0000;126.0000;0.0000;445.0000;10615280.0000
255.0000;126.0000;0.0000;445.0000;10615289.0000
253.0000;127.0000;0.0000;444.0000;10615298.0000
251.0000;127.0000;0.0000;443.0000;10615307.0000
248.0000;128.0000;0.0000;443.0000;10615316.0000
246.0000;128.0000;0.0000;443.0000;10615325.0000
244.0000;129.0000;0.0000;442.0000;10615334.0000
242.0000;129.0000;12.0000;440.0000;10615343.0000
240.0000;130.0000;0.0000;438.0000;10615352.0000
239.0000;131.0000;12.0000;437.0000;10615361.0000
237.0000;131.0000;0.0000;437.0000;10615370.0000
236.0000;132.0000;0.0000;436.0000;10615379.0000
234.0000;132.0000;0.0000;437.0000;10615388.0000
233.0000;132.0000;0.0000;437.0000;10615397.0000
231.0000;133.0000;0.0000;437.0000;10615406.0000
230.0000;133.0000;0.0000;437.0000;10615415.0000
228.0000;133.0000;0.0000;438.0000;10615424.0000
227.0000;133.0000;0.0000;438.0000;10615433.0000
226.0000;133.0000;0.0000;438.0000;10615442.0000
224.0000;133.0000;0.0000;438.0000;10615451.0000
222.0000;133.0000;0.0000;437.0000;10615460.0000
221.0000;133.0000;0.0000;437.0000;10615469.0000
219.0000;133.0000;0.0000;437.0000;10615478.0000
217.0000;134.0000;0.0000;437.0000;10615487.0000
215.0000;134.0000;0.0000;437.0000;10615496.0000
214.0000;134.0000;0.0000;434.0000;10615505.0000
213.0000;134.0000;0.0000;437.0000;10615514.0000
212.0000;134.0000;0.0000;437.0000;10615523.0000
210.0000;135.0000;0.0000;436.0000;10615532.0000
209.0000;135.0000;0.0000;437.0000;10615541.0000
208.0000;135.0000;0.0000;437.0000;10615550.0000
206.0000;135.0000;0.0000;437.0000;10615559.0000
205.0000;136.0000;0.0000;437.0000;10615568.0000
203.0000;136.0000;0.0000;437.0000;10615577.0000
202.0000;136.0000;0.0000;437.0000;10615586.0000
201.0000;136.0000;0.0000;437.0000;10615595.0000
200.0000;136.0000;0.0000;437.0000;10615604.0000
198.0000;137.0000;0.0000;436.0000;10615613.0000
197.0000;137.0000;0.0000;433.0000;10615622.0000
195.0000;138.0000;0.0000;432.0000;10615631.0000
193.0000;140.0000;0.0000;431.0000;10615640.0000
191.0000;141.0000;0.0000;430.0000;10615649.0000
189.0000;143.0000;12.0000;430.0000;10615658.0000
187.0000;145.0000;0.0000;430.0000;10615667.0000
185.0000;146.0000;12.0000;430.0000;10615676.0000
183.0000;148.0000;0.0000;430.0000;10615685.0000
181.0000;149.0000;0.0000;429.0000;10615694.0000
179.0000;150.0000;0.0000;430.0000;10615703.0000
178.0000;151.0000;0.0000;430.0000;10615712.0000
177.0000;152.0000;0.0000;429.0000;10615721.0000
176.0000;152.0000;0.0000;430.0000;10615730.0000
175.0000;153.0000;0.0000;430.0000;10615739.0000
175.0000;153.0000;0.0000;430.0000;10615748.0000
174.0000;154.0000;0.0000;430.0000;10615757.0000
173.0000;154.0000;0.0000;430.0000;10615766.0000
173.0000;155.0000;0.0000;430.0000;10615775.0000
172.0000;155.0000;0.0000;429.0000;10615784.0000
171.0000;156.0000;0.0000;429.0000;10615793.0000
170.0000;157.0000;0.0000;429.0000;10615802.0000
169.0000;158.0000;0.0000;429.0000;10615811.0000
168.0000;160.0000;0.0000;429.0000;10615820.0000
167.0000;161.0000;0.0000;429.0000;10615829.0000
165.0000;163.0000;0.0000;429.0000;10615838.0000
163.0000;164.0000;0.0000;430.0000;10615847.0000
162.0000;166.0000;0.0000;430.0000;10615856.0000
160.0000;168.0000;0.0000;430.0000;10615865.0000
158.0000;169.0000;0.0000;430.0000;10615874.0000
156.0000;171.0000;0.0000;430.0000;10615883.0000
155.0000;172.0000;0.0000;430.0000;10615892.0000
154.0000;173.0000;0.0000;430.0000;10615901.0000
153.0000;174.0000;0.0000;430.0000;10615910.0000
152.0000;175.0000;0.0000;430.0000;10615919.0000
152.0000;175.0000;0.0000;430.0000;10615928.0000
152.0000;175.0000;0.0000;429.0000;10615937.0000
152.0000;175.0000;0.0000;429.0000;10615946.0000
152.0000;176.0000;0.0000;427.0000;10615955.0000
151.0000;176.0000;0.0000;427.0000;10615964.0000
151.0000;177.0000;0.0000;426.0000;10615973.0000
151.0000;178.0000;0.0000;427.0000;10615982.0000
150.0000;179.0000;0.0000;427.0000;10615991.0000
150.0000;181.0000;0.0000;427.0000;10616000.0000
149.0000;182.0000;0.0000;429.0000;10616009.0000
149.0000;183.0000;0.0000;429.0000;10616018.0000
148.0000;184.0000;0.0000;430.0000;10616027.0000
147.0000;186.0000;0.0000;431.0000;10616036.0000
146.0000;187.0000;0.0000;432.0000;10616045.0000
144.0000;189.0000;0.0000;433.0000;10616054.0000
143.0000;191.0000;0.0000;433.0000;10616063.0000
142.0000;192.0000;0.0000;434.0000;10616072.0000
140.0000;194.0000;0.0000;434.0000;10616081.0000
139.0000;196.0000;0.0000;436.0000;10616090.0000
137.0000;197.0000;0.0000;436.0000;10616099.0000
136.0000;199.0000;0.0000;436.0000;10616108.0000
135.0000;200.0000;0.0000;437.0000;10616117.0000
134.0000;200.0000;12.0000;437.0000;10616126.0000
134.0000;201.0000;0.0000;437.0000;10616135.0000
134.0000;201.0000;0.0000;437.0000;10616144.0000
134.0000;202.0000;0.0000;434.0000;10616153.0000
134.0000;202.0000;0.0000;431.0000;10616162.0000
134.0000;202.0000;0.0000;430.0000;10616171.0000
134.0000;202.0000;24.0000;430.0000;10616180.0000
134.0000;203.0000;24.0000;431.0000;10616189.0000
134.0000;203.0000;28.0000;433.0000;10616198.0000
135.0000;204.0000;12.0000;429.0000;10616207.0000
135.0000;205.0000;28.0000;429.0000;10616216.0000
136.0000;206.0000;0.0000;430.0000;10616225.0000
136.0000;206.0000;0.0000;430.0000;10616234.0000
136.0000;207.0000;0.0000;430.0000;10616243.0000
137.0000;209.0000;0.0000;430.0000;10616252.0000
137.0000;210.0000;0.0000;429.0000;10616261.0000
137.0000;211.0000;0.0000;430.0000;10616270.0000
138.0000;212.0000;0.0000;430.0000;10616279.0000
139.0000;214.0000;0.0000;430.0000;10616288.0000
139.0000;215.0000;0.0000;431.0000;10616297.0000
140.0000;217.0000;0.0000;431.0000;10616306.0000
141.0000;218.0000;0.0000;431.0000;10616315.0000
142.0000;219.0000;12.0000;431.0000;10616324.0000
143.0000;221.0000;0.0000;432.0000;10616333.0000
144.0000;223.0000;0.0000;432.0000;10616342.0000
145.0000;224.0000;0.0000;432.0000;10616351.0000
146.0000;226.0000;0.0000;432.0000;10616360.0000
147.0000;227.0000;0.0000;432.0000;10616369.0000
147.0000;228.0000;0.0000;432.0000;10616378.0000
148.0000;230.0000;0.0000;432.0000;10616387.0000
149.0000;231.0000;0.0000;433.0000;10616396.0000
149.0000;232.0000;0.0000;433.0000;10616405.0000
150.0000;234.0000;0.0000;434.0000;10616414.0000
150.0000;235.0000;12.0000;436.0000;10616423.0000
151.0000;236.0000;0.0000;436.0000;10616432.0000
151.0000;237.0000;12.0000;436.0000;10616441.0000
152.0000;238.0000;0.0000;436.0000;10616450.0000
153.0000;240.0000;12.0000;436.0000;10616460.0000
153.0000;241.0000;12.0000;436.0000;10616469.0000
154.0000;242.0000;0.0000;437.0000;10616478.0000
155.0000;243.0000;0.0000;438.0000;10616487.0000
155.0000;244.0000;0.0000;439.0000;10616496.0000
156.0000;245.0000;12.0000;439.0000;10616505.0000
156.0000;245.0000;12.0000;440.0000;10616514.0000
157.0000;248.0000;12.0000;440.0000;10616523.0000
158.0000;249.0000;12.0000;439.0000;10616532.0000
158.0000;250.0000;12.0000;440.0000;10616541.0000
159.0000;251.0000;0.0000;439.0000;10616550.0000
160.0000;253.0000;12.0000;439.0000;10616559.0000
161.0000;254.0000;0.0000;439.0000;10616568.0000
161.0000;255.0000;0.0000;439.0000;10616577.0000
162.0000;256.0000;0.0000;440.0000;10616586.0000
163.0000;257.0000;0.0000;440.0000;10616595.0000
165.0000;258.0000;0.0000;440.0000;10616604.0000
165.0000;259.0000;0.0000;440.0000;10616613.0000
166.0000;260.0000;0.0000;440.0000;10616622.0000
168.0000;261.0000;0.0000;440.0000;10616631.0000
169.0000;262.0000;0.0000;441.0000;10616640.0000
170.0000;264.0000;0.0000;441.0000;10616649.0000
171.0000;265.0000;0.0000;443.0000;10616658.0000
171.0000;267.0000;0.0000;443.0000;10616667.0000
172.0000;269.0000;0.0000;444.0000;10616676.0000
173.0000;271.0000;0.0000;445.0000;10616685.0000
173.0000;273.0000;0.0000;446.0000;10616694.0000
174.0000;275.0000;0.0000;446.0000;10616703.0000
175.0000;276.0000;0.0000;446.0000;10616712.0000
175.0000;277.0000;0.0000;445.0000;10616721.0000
176.0000;278.0000;0.0000;445.0000;10616730.0000
177.0000;279.0000;0.0000;445.0000;10616739.0000
178.0000;280.0000;0.0000;444.0000;10616748.0000
178.0000;280.0000;0.0000;444.0000;10616757.0000
180.0000;280.0000;12.0000;443.0000;10616766.0000
181.0000;281.0000;0.0000;443.0000;10616775.0000
182.0000;281.0000;0.0000;443.0000;10616784.0000
184.0000;281.0000;0.0000;444.0000;10616793.0000
186.0000;282.0000;0.0000;444.0000;10616802.0000
188.0000;282.0000;0.0000;444.0000;10616811.0000
190.0000;282.0000;12.0000;444.0000;10616820.0000
192.0000;283.0000;0.0000;445.0000;10616829.0000
194.0000;284.0000;0.0000;445.0000;10616838.0000
196.0000;285.0000;12.0000;445.0000;10616847.0000
198.0000;286.0000;0.0000;446.0000;10616856.0000
199.0000;287.0000;0.0000;447.0000;10616865.0000
201.0000;289.0000;12.0000;447.0000;10616874.0000
203.0000;290.0000;12.0000;448.0000;10616883.0000
204.0000;292.0000;12.0000;449.0000;10616892.0000
205.0000;294.0000;12.0000;449.0000;10616901.0000
206.0000;295.0000;12.0000;452.0000;10616910.0000
207.0000;297.0000;12.0000;452.0000;10616919.0000
207.0000;299.0000;0.0000;453.0000;10616928.0000
208.0000;300.0000;0.0000;455.0000;10616937.0000
208.0000;301.0000;0.0000;456.0000;10616946.0000
208.0000;303.0000;0.0000;456.0000;10616955.0000
208.0000;304.0000;0.0000;456.0000;10616964.0000
209.0000;304.0000;0.0000;456.0000;10616973.0000
209.0000;305.0000;0.0000;456.0000;10616982.0000
210.0000;305.0000;0.0000;456.0000;10616991.0000
210.0000;306.0000;0.0000;455.0000;10617000.0000
211.0000;306.0000;0.0000;455.0000;10617009.0000
212.0000;306.0000;0.0000;455.0000;10617018.0000
213.0000;307.0000;0.0000;456.0000;10617027.0000
215.0000;307.0000;0.0000;455.0000;10617036.0000
216.0000;308.0000;0.0000;456.0000;10617045.0000
217.0000;308.0000;0.0000;456.0000;10617054.0000
218.0000;309.0000;0.0000;456.0000;10617063.0000
219.0000;309.0000;0.0000;456.0000;10617072.0000
219.0000;309.0000;0.0000;455.0000;10617081.0000
220.0000;310.0000;0.0000;456.0000;10617090.0000
221.0000;310.0000;12.0000;455.0000;10617099.0000
222.0000;310.0000;0.0000;453.0000;10617108.0000
222.0000;310.0000;0.0000;455.0000;10617117.0000
223.0000;311.0000;0.0000;453.0000;10617126.0000
224.0000;311.0000;0.0000;453.0000;10617135.0000
225.0000;311.0000;0.0000;453.0000;10617144.0000
226.0000;311.0000;0.0000;453.0000;10617153.0000
227.0000;311.0000;0.0000;453.0000;10617162.0000
229.0000;311.0000;0.0000;453.0000;10617171.0000
230.0000;311.0000;12.0000;453.0000;10617180.0000
232.0000;311.0000;12.0000;453.0000;10617189.0000
233.0000;311.0000;0.0000;453.0000;10617198.0000
235.0000;311.0000;0.0000;455.0000;10617207.0000
237.0000;311.0000;0.0000;455.0000;10617216.0000
238.0000;311.0000;0.0000;453.0000;10617225.0000
240.0000;311.0000;0.0000;455.0000;10617234.0000
242.0000;311.0000;0.0000;455.0000;10617243.0000
244.0000;311.0000;0.0000;455.0000;10617252.0000
246.0000;311.0000;0.0000;455.0000;10617261.0000
247.0000;310.0000;12.0000;455.0000;10617270.0000
248.0000;310.0000;0.0000;456.0000;10617279.0000
250.0000;310.0000;0.0000;455.0000;10617288.0000
251.0000;310.0000;0.0000;456.0000;10617297.0000
251.0000;310.0000;0.0000;456.0000;10617306.0000
252.0000;310.0000;0.0000;456.0000;10617315.0000
253.0000;309.0000;0.0000;456.0000;10617324.0000
255.0000;309.0000;0.0000;456.0000;10617333.0000
256.0000;309.0000;12.0000;456.0000;10617342.0000
257.0000;308.0000;0.0000;456.0000;10617351.0000
259.0000;308.0000;0.0000;456.0000;10617360.0000
260.0000;308.0000;0.0000;456.0000;10617369.0000
261.0000;308.0000;0.0000;456.0000;10617378.0000
263.0000;307.0000;12.0000;456.0000;10617387.0000
264.0000;307.0000;0.0000;456.0000;10617396.0000
266.0000;307.0000;0.0000;457.0000;10617405.0000
267.0000;307.0000;0.0000;456.0000;10617414.0000
269.0000;307.0000;0.0000;456.0000;10617423.0000
270.0000;307.0000;0.0000;456.0000;10617432.0000
271.0000;307.0000;0.0000;456.0000;10617441.0000
272.0000;308.0000;0.0000;457.0000;10617450.0000
272.0000;309.0000;0.0000;458.0000;10617459.0000
273.0000;309.0000;0.0000;459.0000;10617468.0000
274.0000;310.0000;0.0000;458.0000;10617477.0000
275.0000;311.0000;0.0000;458.0000;10617486.0000
275.0000;311.0000;0.0000;458.0000;10617495.0000
276.0000;312.0000;0.0000;458.0000;10617504.0000
277.0000;313.0000;0.0000;458.0000;10617513.0000
278.0000;313.0000;0.0000;458.0000;10617522.0000
279.0000;313.0000;0.0000;458.0000;10617531.0000
280.0000;313.0000;0.0000;458.0000;10617540.0000
281.0000;313.0000;0.0000;459.0000;10617549.0000
282.0000;313.0000;0.0000;459.0000;10617558.0000
283.0000;313.0000;0.0000;460.0000;10617567.0000
284.0000;313.0000;0.0000;460.0000;10617576.0000
285.0000;313.0000;0.0000;460.0000;10617585.0000
286.0000;312.0000;0.0000;459.0000;10617594.0000
287.0000;312.0000;0.0000;459.0000;10617603.0000
288.0000;312.0000;0.0000;459.0000;10617612.0000
289.0000;312.0000;0.0000;458.0000;10617621.0000
290.0000;313.0000;0.0000;458.0000;10617630.0000
292.0000;313.0000;0.0000;458.0000;10617639.0000
293.0000;313.0000;0.0000;458.0000;10617648.0000
294.0000;314.0000;0.0000;459.0000;10617657.0000
296.0000;314.0000;0.0000;459.0000;10617666.0000
297.0000;314.0000;0.0000;459.0000;10617675.0000
298.0000;314.0000;0.0000;459.0000;10617684.0000
300.0000;314.0000;0.0000;460.0000;10617693.0000
301.0000;314.0000;12.0000;460.0000;10617702.0000
302.0000;313.0000;0.0000;462.0000;10617711.0000
303.0000;313.0000;0.0000;462.0000;10617720.0000
305.0000;312.0000;0.0000;462.0000;10617729.0000
306.0000;312.0000;0.0000;462.0000;10617738.0000
307.0000;311.0000;0.0000;463.0000;10617748.0000
308.0000;311.0000;0.0000;464.0000;10617757.0000
309.0000;311.0000;0.0000;465.0000;10617766.0000
310.0000;311.0000;0.0000;465.0000;10617775.0000
310.0000;311.0000;12.0000;465.0000;10617784.0000
311.0000;311.0000;0.0000;466.0000;10617793.0000
312.0000;311.0000;0.0000;466.0000;10617802.0000
312.0000;312.0000;0.0000;467.0000;10617811.0000
313.0000;312.0000;0.0000;468.0000;10617820.0000
314.0000;312.0000;0.0000;468.0000;10617829.0000
314.0000;312.0000;0.0000;468.0000;10617838.0000
315.0000;312.0000;0.0000;468.0000;10617847.0000
317.0000;313.0000;0.0000;468.0000;10617856.0000
318.0000;313.0000;0.0000;468.0000;10617865.0000
319.0000;313.0000;0.0000;468.0000;10617874.0000
320.0000;314.0000;0.0000;468.0000;10617883.0000
321.0000;314.0000;12.0000;469.0000;10617892.0000
322.0000;314.0000;0.0000;469.0000;10617901.0000
323.0000;314.0000;0.0000;469.0000;10617910.0000
324.0000;315.0000;0.0000;470.0000;10617919.0000
325.0000;315.0000;0.0000;470.0000;10617928.0000
326.0000;316.0000;0.0000;471.0000;10617937.0000
327.0000;316.0000;12.0000;472.0000;10617946.0000
327.0000;317.0000;0.0000;471.0000;10617955.0000
328.0000;318.0000;0.0000;471.0000;10617964.0000
329.0000;319.0000;0.0000;472.0000;10617973.0000
329.0000;319.0000;0.0000;472.0000;10617982.0000
330.0000;320.0000;0.0000;472.0000;10617991.0000
330.0000;321.0000;0.0000;471.0000;10618000.0000
331.0000;321.0000;12.0000;471.0000;10618009.0000
331.0000;322.0000;0.0000;471.0000;10618018.0000
331.0000;322.0000;12.0000;471.0000;10618027.0000
332.0000;322.0000;0.0000;471.0000;10618036.0000
332.0000;323.0000;0.0000;471.0000;10618045.0000
333.0000;323.0000;0.0000;471.0000;10618054.0000
333.0000;323.0000;0.0000;471.0000;10618063.0000
334.0000;323.0000;0.0000;471.0000;10618072.0000
334.0000;323.0000;0.0000;471.0000;10618081.0000
335.0000;323.0000;0.0000;471.0000;10618090.0000
335.0000;324.0000;0.0000;471.0000;10618099.0000
336.0000;324.0000;0.0000;471.0000;10618108.0000
336.0000;324.0000;0.0000;471.0000;10618117.0000
337.0000;324.0000;12.0000;471.0000;10618126.0000
337.0000;324.0000;0.0000;471.0000;10618135.0000
338.0000;324.0000;0.0000;471.0000;10618144.0000
338.0000;324.0000;12.0000;472.0000;10618153.0000
339.0000;324.0000;0.0000;472.0000;10618162.0000
340.0000;324.0000;0.0000;473.0000;10618171.0000
340.0000;324.0000;0.0000;473.0000;10618180.0000
341.0000;323.0000;0.0000;473.0000;10618189.0000
342.0000;323.0000;12.0000;473.0000;10618198.0000
343.0000;322.0000;0.0000;473.0000;10618207.0000
344.0000;322.0000;0.0000;472.0000;10618216.0000
345.0000;321.0000;0.0000;471.0000;10618225.0000
346.0000;321.0000;0.0000;471.0000;10618234.0000
346.0000;321.0000;0.0000;471.0000;10618243.0000
347.0000;320.0000;0.0000;471.0000;10618252.0000
349.0000;320.0000;12.0000;471.0000;10618261.0000
349.0000;319.0000;0.0000;472.0000;10618270.0000
350.0000;319.0000;0.0000;471.0000;10618279.0000
351.0000;318.0000;0.0000;472.0000;10618288.0000
353.0000;318.0000;0.0000;472.0000;10618297.0000
354.0000;317.0000;0.0000;472.0000;10618306.0000
355.0000;316.0000;0.0000;472.0000;10618315.0000
356.0000;315.0000;0.0000;471.0000;10618324.0000
358.0000;313.0000;0.0000;471.0000;10618333.0000
359.0000;312.0000;0.0000;471.0000;10618342.0000
361.0000;311.0000;0.0000;470.0000;10618351.0000
362.0000;310.0000;12.0000;469.0000;10618360.0000
364.0000;309.0000;0.0000;469.0000;10618369.0000
365.0000;308.0000;0.0000;468.0000;10618378.0000
366.0000;308.0000;0.0000;468.0000;10618387.0000
368.0000;307.0000;0.0000;468.0000;10618396.0000
369.0000;307.0000;0.0000;468.0000;10618405.0000
369.0000;307.0000;0.0000;468.0000;10618414.0000
370.0000;307.0000;0.0000;467.0000;10618423.0000
371.0000;306.0000;12.0000;467.0000;10618432.0000
372.0000;306.0000;0.0000;468.0000;10618441.0000
373.0000;306.0000;0.0000;467.0000;10618450.0000
374.0000;306.0000;0.0000;467.0000;10618459.0000
376.0000;305.0000;0.0000;468.0000;10618468.0000
377.0000;304.0000;0.0000;466.0000;10618477.0000
379.0000;303.0000;12.0000;465.0000;10618486.0000
381.0000;302.0000;0.0000;462.0000;10618495.0000
383.0000;301.0000;0.0000;459.0000;10618504.0000
385.0000;300.0000;12.0000;456.0000;10618513.0000
386.0000;299.0000;0.0000;450.0000;10618522.0000
387.0000;298.0000;0.0000;447.0000;10618531.0000
388.0000;298.0000;0.0000;445.0000;10618540.0000
389.0000;297.0000;0.0000;443.0000;10618549.0000
390.0000;297.0000;0.0000;442.0000;10618558.0000
390.0000;297.0000;0.0000;442.0000;10618567.0000
390.0000;297.0000;0.0000;441.0000;10618576.0000
391.0000;297.0000;0.0000;442.0000;10618585.0000
391.0000;297.0000;0.0000;443.0000;10618594.0000
391.0000;297.0000;0.0000;443.0000;10618603.0000
391.0000;296.0000;0.0000;445.0000;10618612.0000
391.0000;296.0000;0.0000;446.0000;10618621.0000
392.0000;295.0000;0.0000;446.0000;10618630.0000
392.0000;295.0000;0.0000;447.0000;10618639.0000
392.0000;294.0000;0.0000;448.0000;10618648.0000
393.0000;293.0000;0.0000;448.0000;10618657.0000
394.0000;292.0000;0.0000;449.0000;10618666.0000
395.0000;291.0000;0.0000;449.0000;10618675.0000
396.0000;290.0000;0.0000;449.0000;10618684.0000
397.0000;289.0000;0.0000;449.0000;10618693.0000
398.0000;288.0000;0.0000;449.0000;10618702.0000
400.0000;287.0000;0.0000;449.0000;10618711.0000
401.0000;287.0000;0.0000;449.0000;10618720.0000
402.0000;286.0000;0.0000;449.0000;10618729.0000
403.0000;285.0000;0.0000;448.0000;10618738.0000
405.0000;285.0000;0.0000;447.0000;10618747.0000
406.0000;285.0000;0.0000;446.0000;10618756.0000
407.0000;284.0000;0.0000;446.0000;10618765.0000
407.0000;284.0000;0.0000;444.0000;10618774.0000
407.0000;284.0000;0.0000;445.0000;10618783.0000
409.0000;283.0000;0.0000;445.0000;10618792.0000
410.0000;283.0000;0.0000;445.0000;10618801.0000
410.0000;282.0000;0.0000;446.0000;10618810.0000
411.0000;281.0000;0.0000;446.0000;10618819.0000
411.0000;281.0000;0.0000;446.0000;10618828.0000
413.0000;280.0000;0.0000;446.0000;10618837.0000
414.0000;279.0000;0.0000;444.0000;10618846.0000
415.0000;278.0000;0.0000;444.0000;10618855.0000
417.0000;277.0000;0.0000;444.0000;10618864.0000
418.0000;276.0000;0.0000;443.0000;10618873.0000
419.0000;276.0000;0.0000;443.0000;10618882.0000
421.0000;275.0000;0.0000;443.0000;10618891.0000
422.0000;275.0000;0.0000;443.0000;10618900.0000
422.0000;275.0000;0.0000;443.0000;10618909.0000
424.0000;274.0000;0.0000;443.0000;10618918.0000
424.0000;273.0000;0.0000;443.0000;10618927.0000
425.0000;273.0000;0.0000;444.0000;10618936.0000
425.0000;273.0000;0.0000;446.0000;10618945.0000
426.0000;272.0000;0.0000;447.0000;10618954.0000
426.0000;271.0000;0.0000;448.0000;10618963.0000
426.0000;270.0000;0.0000;448.0000;10618972.0000
426.0000;269.0000;0.0000;448.0000;10618981.0000
427.0000;267.0000;0.0000;447.0000;10618990.0000
427.0000;265.0000;0.0000;446.0000;10618999.0000
428.0000;264.0000;0.0000;446.0000;10619008.0000
429.0000;262.0000;0.0000;446.0000;10619017.0000
429.0000;262.0000;0.0000;444.0000;10619026.0000
432.0000;259.0000;12.0000;444.0000;10619036.0000
433.0000;257.0000;0.0000;446.0000;10619045.0000
434.0000;256.0000;12.0000;445.0000;10619054.0000
434.0000;255.0000;0.0000;446.0000;10619063.0000
435.0000;254.0000;12.0000;447.0000;10619072.0000
436.0000;253.0000;0.0000;449.0000;10619081.0000
436.0000;252.0000;12.0000;452.0000;10619090.0000
437.0000;251.0000;0.0000;456.0000;10619099.0000
437.0000;251.0000;0.0000;459.0000;10619108.0000
437.0000;250.0000;0.0000;462.0000;10619117.0000
437.0000;249.0000;0.0000;464.0000;10619126.0000
438.0000;248.0000;0.0000;466.0000;10619135.0000
438.0000;246.0000;0.0000;467.0000;10619144.0000
439.0000;245.0000;0.0000;467.0000;10619153.0000
439.0000;244.0000;0.0000;467.0000;10619162.0000
439.0000;242.0000;0.0000;468.0000;10619171.0000
440.0000;241.0000;0.0000;468.0000;10619180.0000
440.0000;239.0000;0.0000;468.0000;10619189.0000
441.0000;237.0000;0.0000;467.0000;10619198.0000
442.0000;236.0000;0.0000;466.0000;10619207.0000
442.0000;234.0000;0.0000;466.0000;10619216.0000
443.0000;233.0000;0.0000;465.0000;10619225.0000
444.0000;231.0000;12.0000;466.0000;10619234.0000
445.0000;230.0000;0.0000;466.0000;10619243.0000
446.0000;229.0000;0.0000;465.0000;10619252.0000
447.0000;228.0000;0.0000;466.0000;10619261.0000
448.0000;227.0000;0.0000;467.0000;10619270.0000
448.0000;225.0000;0.0000;468.0000;10619279.0000
448.0000;224.0000;0.0000;471.0000;10619288.0000
448.0000;223.0000;0.0000;472.0000;10619297.0000
448.0000;222.0000;0.0000;474.0000;10619306.0000
448.0000;221.0000;0.0000;474.0000;10619315.0000
448.0000;220.0000;0.0000;474.0000;10619324.0000
448.0000;218.0000;0.0000;473.0000;10619333.0000
448.0000;216.0000;0.0000;473.0000;10619342.0000
448.0000;215.0000;12.0000;472.0000;10619351.0000
448.0000;213.0000;0.0000;471.0000;10619360.0000
448.0000;211.0000;12.0000;471.0000;10619369.0000
448.0000;210.0000;12.0000;470.0000;10619378.0000
449.0000;208.0000;0.0000;470.0000;10619387.0000
449.0000;207.0000;12.0000;471.0000;10619396.0000
450.0000;206.0000;12.0000;470.0000;10619405.0000
450.0000;204.0000;0.0000;469.0000;10619414.0000
451.0000;203.0000;0.0000;470.0000;10619423.0000
451.0000;201.0000;0.0000;465.0000;10619432.0000
452.0000;199.0000;0.0000;474.0000;10619441.0000
453.0000;198.0000;0.0000;474.0000;10619450.0000
453.0000;196.0000;0.0000;476.0000;10619459.0000
454.0000;194.0000;0.0000;477.0000;10619468.0000
454.0000;193.0000;0.0000;477.0000;10619477.0000
455.0000;191.0000;0.0000;478.0000;10619486.0000
455.0000;190.0000;0.0000;478.0000;10619495.0000
455.0000;189.0000;0.0000;477.0000;10619504.0000
454.0000;188.0000;0.0000;474.0000;10619513.0000
454.0000;187.0000;0.0000;472.0000;10619522.0000
453.0000;186.0000;0.0000;469.0000;10619531.0000
453.0000;185.0000;0.0000;466.0000;10619540.0000
452.0000;183.0000;0.0000;463.0000;10619549.0000
452.0000;182.0000;0.0000;462.0000;10619558.0000
451.0000;181.0000;0.0000;462.0000;10619567.0000
451.0000;179.0000;0.0000;462.0000;10619576.0000
451.0000;178.0000;0.0000;462.0000;10619585.0000
451.0000;177.0000;0.0000;459.0000;10619594.0000
451.0000;176.0000;0.0000;456.0000;10619603.0000
451.0000;175.0000;0.0000;455.0000;10619612.0000
451.0000;173.0000;0.0000;452.0000;10619621.0000
451.0000;172.0000;0.0000;452.0000;10619630.0000
451.0000;170.0000;0.0000;452.0000;10619639.0000
451.0000;169.0000;0.0000;453.0000;10619648.0000
451.0000;168.0000;0.0000;455.0000;10619657.0000
450.0000;167.0000;0.0000;456.0000;10619666.0000
449.0000;166.0000;0.0000;455.0000;10619675.0000
449.0000;165.0000;0.0000;455.0000;10619684.0000
449.0000;163.0000;0.0000;453.0000;10619693.0000
448.0000;162.0000;0.0000;452.0000;10619702.0000
448.0000;161.0000;0.0000;451.0000;10619711.0000
448.0000;159.0000;0.0000;451.0000;10619720.0000
448.0000;158.0000;0.0000;451.0000;10619729.0000
448.0000;156.0000;12.0000;451.0000;10619738.0000
448.0000;155.0000;0.0000;452.0000;10619747.0000
448.0000;154.0000;12.0000;451.0000;10619756.0000
447.0000;153.0000;0.0000;452.0000;10619765.0000
447.0000;153.0000;0.0000;452.0000;10619774.0000
446.0000;152.0000;0.0000;452.0000;10619783.0000
445.0000;151.0000;12.0000;452.0000;10619792.0000
444.0000;150.0000;0.0000;451.0000;10619801.0000
443.0000;150.0000;0.0000;450.0000;10619810.0000
441.0000;149.0000;0.0000;451.0000;10619819.0000
440.0000;149.0000;0.0000;451.0000;10619828.0000
438.0000;148.0000;0.0000;451.0000;10619837.0000
437.0000;148.0000;0.0000;451.0000;10619846.0000
437.0000;147.0000;0.0000;451.0000;10619855.0000
436.0000;146.0000;0.0000;451.0000;10619864.0000
435.0000;145.0000;0.0000;451.0000;10619873.0000
434.0000;144.0000;0.0000;451.0000;10619882.0000
433.0000;143.0000;0.0000;451.0000;10619891.0000
433.0000;142.0000;0.0000;450.0000;10619900.0000
432.0000;140.0000;0.0000;450.0000;10619909.0000
432.0000;139.0000;0.0000;449.0000;10619918.0000
431.0000;137.0000;0.0000;449.0000;10619927.0000
431.0000;136.0000;0.0000;449.0000;10619936.0000
431.0000;134.0000;0.0000;449.0000;10619945.0000
430.0000;133.0000;0.0000;449.0000;10619954.0000
430.0000;132.0000;0.0000;449.0000;10619963.0000
430.0000;131.0000;0.0000;449.0000;10619972.0000
429.0000;129.0000;0.0000;449.0000;10619981.0000
429.0000;128.0000;0.0000;449.0000;10619990.0000
428.0000;127.0000;0.0000;449.0000;10619999.0000
428.0000;125.0000;0.0000;450.0000;10620008.0000
427.0000;124.0000;0.0000;453.0000;10620017.0000
426.0000;123.0000;0.0000;459.0000;10620026.0000
426.0000;122.0000;0.0000;464.0000;10620035.0000
425.0000;121.0000;0.0000;466.0000;10620044.0000
423.0000;120.0000;0.0000;468.0000;10620053.0000
422.0000;120.0000;0.0000;470.0000;10620062.0000
421.0000;119.0000;0.0000;471.0000;10620071.0000
420.0000;118.0000;0.0000;473.0000;10620080.0000
420.0000;117.0000;0.0000;472.0000;10620089.0000
419.0000;115.0000;0.0000;473.0000;10620098.0000
418.0000;114.0000;0.0000;473.0000;10620107.0000
417.0000;113.0000;0.0000;473.0000;10620116.0000
416.0000;112.0000;12.0000;472.0000;10620125.0000
415.0000;111.0000;0.0000;473.0000;10620134.0000
415.0000;110.0000;12.0000;473.0000;10620143.0000
414.0000;109.0000;0.0000;472.0000;10620152.0000
413.0000;109.0000;0.0000;473.0000;10620161.0000
412.0000;108.0000;0.0000;473.0000;10620170.0000
411.0000;108.0000;0.0000;473.0000;10620179.0000
411.0000;107.0000;0.0000;473.0000;10620188.0000
409.0000;107.0000;0.0000;472.0000;10620197.0000
408.0000;107.0000;0.0000;473.0000;10620206.0000
407.0000;107.0000;0.0000;473.0000;10620215.0000
406.0000;106.0000;0.0000;473.0000;10620224.0000
405.0000;106.0000;0.0000;473.0000;10620233.0000
403.0000;106.0000;0.0000;473.0000;10620242.0000
402.0000;105.0000;0.0000;473.0000;10620251.0000
401.0000;104.0000;0.0000;473.0000;10620260.0000
399.0000;104.0000;0.0000;473.0000;10620269.0000
398.0000;103.0000;0.0000;473.0000;10620278.0000
396.0000;102.0000;0.0000;473.0000;10620287.0000
394.0000;101.0000;0.0000;473.0000;10620296.0000
393.0000;101.0000;0.0000;472.0000;10620305.0000
391.0000;100.0000;0.0000;469.0000;10620314.0000
390.0000;98.0000;0.0000;463.0000;10620324.0000
388.0000;97.0000;0.0000;458.0000;10620333.0000
387.0000;96.0000;0.0000;456.0000;10620342.0000
386.0000;94.0000;0.0000;455.0000;10620351.0000
385.0000;93.0000;0.0000;453.0000;10620360.0000
385.0000;92.0000;0.0000;453.0000;10620369.0000
384.0000;91.0000;0.0000;452.0000;10620378.0000
383.0000;91.0000;0.0000;452.0000;10620387.0000
383.0000;90.0000;0.0000;452.0000;10620396.0000
382.0000;89.0000;0.0000;452.0000;10620405.0000
382.0000;89.0000;0.0000;452.0000;10620414.0000
381.0000;88.0000;0.0000;452.0000;10620423.0000
380.0000;88.0000;0.0000;452.0000;10620432.0000
379.0000;87.0000;0.0000;452.0000;10620441.0000
379.0000;87.0000;0.0000;452.0000;10620450.0000
377.0000;86.0000;0.0000;452.0000;10620459.0000
375.0000;86.0000;0.0000;453.0000;10620468.0000
374.0000;85.0000;0.0000;452.0000;10620477.0000
372.0000;85.0000;0.0000;452.0000;10620486.0000
371.0000;84.0000;0.0000;452.0000;10620495.0000
370.0000;84.0000;0.0000;452.0000;10620504.0000
368.0000;84.0000;0.0000;451.0000;10620513.0000
367.0000;84.0000;0.0000;450.0000;10620522.0000
365.0000;84.0000;0.0000;449.0000;10620531.0000
363.0000;84.0000;0.0000;449.0000;10620540.0000
361.0000;84.0000;0.0000;447.0000;10620549.0000
360.0000;84.0000;0.0000;446.0000;10620558.0000
358.0000;85.0000;0.0000;446.0000;10620567.0000
355.0000;85.0000;0.0000;445.0000;10620576.0000
353.0000;85.0000;0.0000;443.0000;10620585.0000
351.0000;85.0000;0.0000;438.0000;10620594.0000
349.0000;84.0000;0.0000;436.0000;10620603.0000
347.0000;84.0000;0.0000;430.0000;10620612.0000
344.0000;84.0000;0.0000;427.0000;10620621.0000
342.0000;83.0000;0.0000;424.0000;10620630.0000
340.0000;82.0000;0.0000;422.0000;10620639.0000
338.0000;82.0000;0.0000;422.0000;10620648.0000
336.0000;81.0000;0.0000;421.0000;10620657.0000
335.0000;80.0000;0.0000;421.0000;10620666.0000
334.0000;79.0000;0.0000;421.0000;10620675.0000
333.0000;78.0000;0.0000;420.0000;10620684.0000
332.0000;78.0000;0.0000;421.0000;10620693.0000
331.0000;77.0000;0.0000;420.0000;10620702.0000
330.0000;77.0000;0.0000;419.0000;10620711.0000
329.0000;77.0000;0.0000;418.0000;10620720.0000
327.0000;77.0000;0.0000;416.0000;10620729.0000
327.0000;76.0000;0.0000;415.0000;10620738.0000
326.0000;76.0000;0.0000;416.0000;10620747.0000
325.0000;76.0000;0.0000;416.0000;10620756.0000
325.0000;76.0000;0.0000;415.0000;10620765.0000
325.0000;75.0000;0.0000;414.0000;10620774.0000
324.0000;75.0000;0.0000;411.0000;10620783.0000
324.0000;74.0000;0.0000;410.0000;10620792.0000
323.0000;73.0000;0.0000;408.0000;10620801.0000
322.0000;73.0000;0.0000;402.0000;10620810.0000
322.0000;72.0000;0.0000;396.0000;10620819.0000
321.0000;72.0000;0.0000;389.0000;10620828.0000
319.0000;71.0000;0.0000;382.0000;10620837.0000
318.0000;71.0000;0.0000;376.0000;10620846.0000
317.0000;71.0000;0.0000;371.0000;10620855.0000
315.0000;71.0000;0.0000;364.0000;10620864.0000
313.0000;72.0000;0.0000;358.0000;10620873.0000
311.0000;72.0000;0.0000;355.0000;10620882.0000
309.0000;72.0000;0.0000;354.0000;10620891.0000
307.0000;72.0000;0.0000;350.0000;10620900.0000
305.0000;72.0000;0.0000;347.0000;10620909.0000
303.0000;72.0000;0.0000;339.0000;10620918.0000
300.0000;73.0000;0.0000;327.0000;10620927.0000
298.0000;73.0000;0.0000;321.0000;10620936.0000
295.0000;73.0000;0.0000;318.0000;10620945.0000
292.0000;73.0000;0.0000;318.0000;10620954.0000
290.0000;73.0000;0.0000;317.0000;10620963.0000
288.0000;73.0000;0.0000;315.0000;10620972.0000
286.0000;73.0000;0.0000;315.0000;10620981.0000
284.0000;73.0000;0.0000;315.0000;10620990.0000
282.0000;73.0000;0.0000;315.0000;10620999.0000
280.0000;73.0000;0.0000;315.0000;10621008.0000
278.0000;73.0000;0.0000;315.0000;10621017.0000
277.0000;73.0000;0.0000;315.0000;10621026.0000
276.0000;72.0000;0.0000;315.0000;10621035.0000
276.0000;71.0000;0.0000;315.0000;10621044.0000
276.0000;71.0000;0.0000;314.0000;10621053.0000
275.0000;70.0000;0.0000;315.0000;10621062.0000
275.0000;70.0000;0.0000;315.0000;10621071.0000
275.0000;70.0000;0.0000;315.0000;10621080.0000
274.0000;70.0000;0.0000;315.0000;10621089.0000
273.0000;69.0000;0.0000;313.0000;10621098.0000
272.0000;69.0000;0.0000;310.0000;10621107.0000
271.0000;69.0000;0.0000;303.0000;10621116.0000
270.0000;69.0000;0.0000;301.0000;10621125.0000
269.0000;69.0000;0.0000;300.0000;10621134.0000
267.0000;69.0000;0.0000;299.0000;10621143.0000
266.0000;69.0000;0.0000;299.0000;10621152.0000
265.0000;69.0000;0.0000;297.0000;10621161.0000
263.0000;69.0000;0.0000;293.0000;10621170.0000
262.0000;69.0000;0.0000;291.0000;10621179.0000
261.0000;69.0000;0.0000;288.0000;10621188.0000
260.0000;68.0000;0.0000;285.0000;10621197.0000
260.0000;67.0000;0.0000;278.0000;10621206.0000
259.0000;67.0000;0.0000;269.0000;10621215.0000
259.0000;66.0000;0.0000;247.0000;10621224.0000
259.0000;65.0000;0.0000;234.0000;10621233.0000
259.0000;65.0000;0.0000;231.0000;10621242.0000
259.0000;64.0000;0.0000;231.0000;10621251.0000
259.0000;63.0000;0.0000;231.0000;10621260.0000
258.0000;63.0000;0.0000;231.0000;10621269.0000
257.0000;63.0000;0.0000;231.0000;10621278.0000
257.0000;63.0000;0.0000;224.0000;10621287.0000
256.0000;63.0000;0.0000;226.0000;10621296.0000
255.0000;63.0000;0.0000;224.0000;10621305.0000
254.0000;63.0000;0.0000;223.0000;10621314.0000
253.0000;63.0000;0.0000;224.0000;10621323.0000
252.0000;63.0000;0.0000;223.0000;10621332.0000
252.0000;63.0000;0.0000;223.0000;10621341.0000
251.0000;63.0000;0.0000;223.0000;10621350.0000
250.0000;63.0000;0.0000;223.0000;10621359.0000
248.0000;63.0000;0.0000;220.0000;10621368.0000
247.0000;63.0000;0.0000;221.0000;10621377.0000
245.0000;63.0000;0.0000;221.0000;10621386.0000
243.0000;64.0000;0.0000;220.0000;10621395.0000
241.0000;64.0000;0.0000;220.0000;10621404.0000
239.0000;64.0000;0.0000;220.0000;10621413.0000
237.0000;64.0000;0.0000;222.0000;10621422.0000
234.0000;64.0000;0.0000;223.0000;10621431.0000
232.0000;64.0000;0.0000;223.0000;10621440.0000
230.0000;64.0000;0.0000;220.0000;10621449.0000
228.0000;64.0000;0.0000;220.0000;10621458.0000
226.0000;64.0000;0.0000;222.0000;10621467.0000
224.0000;65.0000;0.0000;221.0000;10621476.0000
222.0000;65.0000;0.0000;221.0000;10621485.0000
220.0000;65.0000;0.0000;223.0000;10621494.0000
219.0000;65.0000;0.0000;223.0000;10621503.0000
217.0000;65.0000;0.0000;222.0000;10621512.0000
216.0000;64.0000;0.0000;222.0000;10621521.0000
215.0000;64.0000;0.0000;221.0000;10621530.0000
215.0000;64.0000;0.0000;223.0000;10621539.0000
214.0000;65.0000;0.0000;223.0000;10621548.0000
213.0000;65.0000;0.0000;224.0000;10621557.0000
213.0000;65.0000;0.0000;224.0000;10621566.0000
213.0000;64.0000;0.0000;226.0000;10621575.0000
213.0000;64.0000;0.0000;223.0000;10621584.0000
212.0000;64.0000;0.0000;226.0000;10621593.0000
212.0000;64.0000;0.0000;226.0000;10621603.0000
212.0000;64.0000;0.0000;224.0000;10621612.0000
212.0000;64.0000;0.0000;223.0000;10621621.0000
212.0000;64.0000;0.0000;223.0000;10621630.0000
211.0000;64.0000;0.0000;223.0000;10621639.0000
211.0000;64.0000;0.0000;223.0000;10621648.0000
211.0000;64.0000;0.0000;226.0000;10621657.0000
210.0000;64.0000;0.0000;224.0000;10621666.0000
210.0000;64.0000;0.0000;227.0000;10621675.0000
209.0000;64.0000;0.0000;229.0000;10621684.0000
208.0000;64.0000;0.0000;231.0000;10621693.0000
206.0000;64.0000;0.0000;231.0000;10621702.0000
205.0000;64.0000;0.0000;231.0000;10621711.0000
204.0000;64.0000;0.0000;232.0000;10621720.0000
202.0000;64.0000;0.0000;234.0000;10621729.0000
200.0000;65.0000;0.0000;234.0000;10621738.0000
198.0000;65.0000;0.0000;232.0000;10621747.0000
197.0000;66.0000;0.0000;238.0000;10621756.0000
195.0000;67.0000;0.0000;241.0000;10621765.0000
193.0000;67.0000;0.0000;243.0000;10621774.0000
191.0000;68.0000;0.0000;244.0000;10621783.0000
189.0000;69.0000;0.0000;244.0000;10621792.0000
188.0000;70.0000;0.0000;244.0000;10621801.0000
186.0000;71.0000;0.0000;246.0000;10621810.0000
184.0000;71.0000;0.0000;247.0000;10621819.0000
182.0000;72.0000;0.0000;247.0000;10621828.0000
180.0000;72.0000;0.0000;249.0000;10621837.0000
179.0000;72.0000;0.0000;254.0000;10621846.0000
177.0000;73.0000;0.0000;257.0000;10621855.0000
176.0000;73.0000;0.0000;261.0000;10621864.0000
174.0000;73.0000;0.0000;264.0000;10621873.0000
172.0000;74.0000;0.0000;265.0000;10621882.0000
171.0000;74.0000;0.0000;265.0000;10621891.0000
169.0000;74.0000;0.0000;268.0000;10621900.0000
168.0000;74.0000;0.0000;268.0000;10621909.0000
166.0000;74.0000;0.0000;269.0000;10621918.0000
165.0000;74.0000;0.0000;268.0000;10621927.0000
164.0000;74.0000;0.0000;269.0000;10621936.0000
163.0000;75.0000;0.0000;268.0000;10621945.0000
162.0000;75.0000;0.0000;267.0000;10621954.0000
161.0000;75.0000;0.0000;265.0000;10621963.0000
159.0000;76.0000;0.0000;264.0000;10621972.0000
158.0000;77.0000;0.0000;264.0000;10621981.0000
157.0000;77.0000;0.0000;264.0000;10621990.0000
156.0000;78.0000;0.0000;264.0000;10621999.0000
155.0000;79.0000;0.0000;264.0000;10622008.0000
154.0000;80.0000;0.0000;264.0000;10622017.0000
153.0000;80.0000;0.0000;264.0000;10622026.0000
152.0000;81.0000;0.0000;264.0000;10622035.0000
151.0000;82.0000;0.0000;265.0000;10622044.0000
149.0000;83.0000;0.0000;267.0000;10622053.0000
148.0000;83.0000;0.0000;270.0000;10622062.0000
147.0000;84.0000;0.0000;279.0000;10622071.0000
146.0000;84.0000;0.0000;286.0000;10622080.0000
144.0000;85.0000;0.0000;290.0000;10622089.0000
143.0000;85.0000;0.0000;297.0000;10622098.0000
142.0000;86.0000;0.0000;299.0000;10622107.0000
141.0000;87.0000;0.0000;305.0000;10622116.0000
140.0000;87.0000;0.0000;307.0000;10622125.0000
138.0000;88.0000;0.0000;309.0000;10622134.0000
137.0000;88.0000;0.0000;307.0000;10622143.0000
135.0000;89.0000;0.0000;307.0000;10622152.0000
134.0000;90.0000;0.0000;307.0000;10622161.0000
132.0000;91.0000;0.0000;307.0000;10622170.0000
131.0000;92.0000;0.0000;306.0000;10622179.0000
130.0000;93.0000;0.0000;306.0000;10622188.0000
129.0000;94.0000;0.0000;306.0000;10622197.0000
128.0000;95.0000;0.0000;305.0000;10622206.0000
127.0000;96.0000;0.0000;305.0000;10622215.0000
127.0000;97.0000;12.0000;306.0000;10622224.0000
126.0000;97.0000;0.0000;306.0000;10622233.0000
126.0000;98.0000;0.0000;309.0000;10622242.0000
125.0000;98.0000;0.0000;309.0000;10622251.0000
125.0000;99.0000;0.0000;309.0000;10622260.0000
124.0000;99.0000;12.0000;310.0000;10622269.0000
123.0000;100.0000;0.0000;310.0000;10622278.0000
122.0000;100.0000;0.0000;309.0000;10622287.0000
121.0000;101.0000;0.0000;309.0000;10622296.0000
121.0000;101.0000;0.0000;309.0000;10622305.0000
120.0000;102.0000;0.0000;309.0000;10622314.0000
119.0000;103.0000;12.0000;309.0000;10622323.0000
118.0000;103.0000;0.0000;309.0000;10622332.0000
116.0000;104.0000;0.0000;309.0000;10622341.0000
115.0000;105.0000;0.0000;309.0000;10622350.0000
114.0000;106.0000;0.0000;309.0000;10622359.0000
112.0000;107.0000;0.0000;309.0000;10622368.0000
111.0000;107.0000;0.0000;309.0000;10622377.0000
110.0000;108.0000;0.0000;307.0000;10622386.0000
109.0000;109.0000;0.0000;309.0000;10622395.0000
108.0000;110.0000;0.0000;309.0000;10622404.0000
107.0000;111.0000;0.0000;309.0000;10622413.0000
105.0000;112.0000;0.0000;307.0000;10622422.0000
104.0000;113.0000;0.0000;307.0000;10622431.0000
103.0000;114.0000;0.0000;307.0000;10622440.0000
103.0000;115.0000;0.0000;307.0000;10622449.0000
102.0000;116.0000;12.0000;307.0000;10622458.0000
101.0000;117.0000;0.0000;306.0000;10622467.0000
100.0000;118.0000;0.0000;307.0000;10622476.0000
99.0000;119.0000;0.0000;306.0000;10622485.0000
99.0000;119.0000;0.0000;305.0000;10622494.0000
98.0000;121.0000;0.0000;306.0000;10622503.0000
98.0000;122.0000;0.0000;305.0000;10622512.0000
97.0000;123.0000;0.0000;305.0000;10622521.0000
96.0000;124.0000;0.0000;305.0000;10622530.0000
96.0000;125.0000;0.0000;306.0000;10622539.0000
95.0000;127.0000;0.0000;306.0000;10622548.0000
94.0000;128.0000;0.0000;309.0000;10622557.0000
93.0000;129.0000;0.0000;310.0000;10622566.0000
91.0000;131.0000;0.0000;312.0000;10622575.0000
90.0000;133.0000;12.0000;312.0000;10622584.0000
88.0000;135.0000;0.0000;313.0000;10622593.0000
87.0000;137.0000;0.0000;314.0000;10622602.0000
85.0000;138.0000;0.0000;314.0000;10622611.0000
83.0000;140.0000;0.0000;315.0000;10622620.0000
81.0000;141.0000;0.0000;315.0000;10622629.0000
80.0000;143.0000;12.0000;316.0000;10622638.0000
79.0000;143.0000;0.0000;316.0000;10622647.0000
78.0000;144.0000;0.0000;316.0000;10622656.0000
77.0000;144.0000;0.0000;316.0000;10622665.0000
77.0000;145.0000;0.0000;317.0000;10622674.0000
76.0000;145.0000;0.0000;317.0000;10622683.0000
76.0000;145.0000;0.0000;317.0000;10622692.0000
76.0000;146.0000;0.0000;317.0000;10622701.0000
75.0000;146.0000;0.0000;317.0000;10622710.0000
75.0000;146.0000;0.0000;317.0000;10622719.0000
75.0000;147.0000;0.0000;317.0000;10622728.0000
74.0000;148.0000;12.0000;317.0000;10622737.0000
73.0000;149.0000;0.0000;317.0000;10622746.0000
72.0000;150.0000;0.0000;317.0000;10622755.0000
71.0000;151.0000;0.0000;318.0000;10622764.0000
71.0000;153.0000;0.0000;318.0000;10622773.0000
70.0000;154.0000;0.0000;318.0000;10622782.0000
69.0000;155.0000;0.0000;318.0000;10622791.0000
68.0000;156.0000;0.0000;318.0000;10622800.0000
68.0000;156.0000;0.0000;319.0000;10622809.0000
67.0000;157.0000;0.0000;323.0000;10622818.0000
67.0000;157.0000;0.0000;330.0000;10622827.0000
67.0000;157.0000;0.0000;339.0000;10622836.0000
66.0000;158.0000;0.0000;350.0000;10622845.0000
66.0000;158.0000;0.0000;356.0000;10622854.0000
65.0000;158.0000;0.0000;357.0000;10622863.0000
65.0000;159.0000;0.0000;358.0000;10622872.0000
64.0000;159.0000;0.0000;358.0000;10622881.0000
63.0000;160.0000;0.0000;358.0000;10622891.0000
62.0000;160.0000;0.0000;358.0000;10622900.0000
62.0000;160.0000;0.0000;358.0000;10622909.0000
61.0000;161.0000;0.0000;357.0000;10622918.0000
61.0000;161.0000;0.0000;357.0000;10622927.0000
60.0000;162.0000;0.0000;357.0000;10622936.0000
60.0000;162.0000;0.0000;357.0000;10622945.0000
60.0000;163.0000;0.0000;357.0000;10622954.0000
59.0000;163.0000;0.0000;357.0000;10622963.0000
59.0000;164.0000;0.0000;356.0000;10622972.0000
59.0000;164.0000;0.0000;355.0000;10622981.0000
58.0000;165.0000;0.0000;355.0000;10622990.0000
58.0000;166.0000;0.0000;356.0000;10622999.0000
57.0000;167.0000;0.0000;357.0000;10623008.0000
57.0000;168.0000;0.0000;357.0000;10623017.0000
56.0000;169.0000;0.0000;357.0000;10623026.0000
56.0000;170.0000;0.0000;359.0000;10623035.0000
55.0000;171.0000;0.0000;360.0000;10623044.0000
55.0000;172.0000;0.0000;363.0000;10623053.0000
54.0000;173.0000;0.0000;363.0000;10623062.0000
54.0000;175.0000;0.0000;363.0000;10623071.0000
54.0000;175.0000;0.0000;363.0000;10623080.0000
54.0000;176.0000;0.0000;363.0000;10623089.0000
53.0000;177.0000;0.0000;363.0000;10623098.0000
53.0000;177.0000;0.0000;363.0000;10623107.0000
53.0000;178.0000;0.0000;361.0000;10623116.0000
53.0000;179.0000;0.0000;360.0000;10623125.0000
53.0000;179.0000;0.0000;360.0000;10623134.0000
53.0000;180.0000;0.0000;363.0000;10623143.0000
54.0000;180.0000;0.0000;363.0000;10623152.0000
54.0000;181.0000;0.0000;366.0000;10623161.0000
54.0000;181.0000;0.0000;376.0000;10623170.0000
53.0000;182.0000;0.0000;385.0000;10623179.0000
53.0000;184.0000;0.0000;388.0000;10623188.0000
52.0000;185.0000;0.0000;390.0000;10623197.0000
51.0000;187.0000;0.0000;390.0000;10623206.0000
50.0000;189.0000;0.0000;390.0000;10623215.0000
49.0000;191.0000;0.0000;390.0000;10623224.0000
48.0000;193.0000;0.0000;390.0000;10623233.0000
48.0000;195.0000;0.0000;390.0000;10623242.0000
47.0000;197.0000;0.0000;390.0000;10623251.0000
47.0000;198.0000;0.0000;390.0000;10623260.0000
46.0000;199.0000;0.0000;389.0000;10623269.0000
46.0000;200.0000;0.0000;389.0000;10623278.0000
46.0000;200.0000;0.0000;387.0000;10623287.0000
46.0000;201.0000;0.0000;386.0000;10623296.0000
46.0000;201.0000;24.0000;386.0000;10623305.0000
46.0000;202.0000;0.0000;387.0000;10623314.0000
47.0000;202.0000;24.0000;387.0000;10623323.0000
47.0000;203.0000;28.0000;379.0000;10623332.0000
47.0000;203.0000;0.0000;387.0000;10623341.0000
48.0000;204.0000;12.0000;385.0000;10623350.0000
48.0000;205.0000;0.0000;385.0000;10623359.0000
48.0000;206.0000;0.0000;385.0000;10623368.0000
48.0000;207.0000;0.0000;386.0000;10623377.0000
47.0000;208.0000;0.0000;386.0000;10623386.0000
47.0000;210.0000;0.0000;386.0000;10623395.0000
46.0000;211.0000;0.0000;386.0000;10623404.0000
46.0000;213.0000;0.0000;386.0000;10623413.0000
45.0000;215.0000;0.0000;386.0000;10623422.0000
45.0000;216.0000;0.0000;386.0000;10623431.0000
45.0000;217.0000;0.0000;385.0000;10623440.0000
45.0000;219.0000;0.0000;385.0000;10623449.0000
45.0000;220.0000;0.0000;382.0000;10623458.0000
45.0000;221.0000;0.0000;382.0000;10623467.0000
45.0000;222.0000;0.0000;382.0000;10623476.0000
45.0000;223.0000;0.0000;382.0000;10623485.0000
45.0000;224.0000;0.0000;382.0000;10623494.0000
46.0000;226.0000;12.0000;384.0000;10623503.0000
46.0000;227.0000;0.0000;384.0000;10623512.0000
46.0000;228.0000;12.0000;384.0000;10623521.0000
47.0000;230.0000;0.0000;384.0000;10623530.0000
47.0000;231.0000;0.0000;384.0000;10623539.0000
47.0000;233.0000;0.0000;386.0000;10623548.0000
48.0000;234.0000;0.0000;386.0000;10623557.0000
49.0000;236.0000;12.0000;386.0000;10623566.0000
49.0000;238.0000;12.0000;386.0000;10623575.0000
50.0000;239.0000;0.0000;386.0000;10623584.0000
50.0000;241.0000;12.0000;387.0000;10623593.0000
51.0000;242.0000;12.0000;388.0000;10623602.0000
51.0000;244.0000;0.0000;389.0000;10623611.0000
51.0000;245.0000;28.0000;389.0000;10623620.0000
51.0000;246.0000;12.0000;389.0000;10623629.0000
51.0000;248.0000;0.0000;389.0000;10623638.0000
52.0000;249.0000;12.0000;389.0000;10623647.0000
52.0000;250.0000;12.0000;390.0000;10623656.0000
52.0000;251.0000;0.0000;393.0000;10623665.0000
53.0000;252.0000;0.0000;398.0000;10623674.0000
53.0000;254.0000;0.0000;402.0000;10623683.0000
53.0000;255.0000;0.0000;405.0000;10623692.0000
53.0000;257.0000;0.0000;407.0000;10623701.0000
54.0000;258.0000;0.0000;409.0000;10623710.0000
54.0000;260.0000;0.0000;411.0000;10623719.0000
54.0000;262.0000;0.0000;411.0000;10623728.0000
54.0000;264.0000;0.0000;412.0000;10623737.0000
54.0000;265.0000;0.0000;412.0000;10623746.0000
55.0000;267.0000;0.0000;412.0000;10623755.0000
55.0000;268.0000;0.0000;411.0000;10623764.0000
55.0000;269.0000;0.0000;411.0000;10623773.0000
56.0000;271.0000;12.0000;411.0000;10623782.0000
56.0000;271.0000;0.0000;411.0000;10623791.0000
57.0000;272.0000;0.0000;410.0000;10623800.0000
58.0000;273.0000;0.0000;410.0000;10623809.0000
59.0000;274.0000;0.0000;410.0000;10623818.0000
60.0000;275.0000;0.0000;410.0000;10623827.0000
61.0000;276.0000;0.0000;411.0000;10623836.0000
62.0000;277.0000;0.0000;411.0000;10623845.0000
64.0000;278.0000;0.0000;411.0000;10623854.0000
65.0000;279.0000;0.0000;411.0000;10623863.0000
66.0000;279.0000;0.0000;412.0000;10623872.0000
67.0000;280.0000;12.0000;414.0000;10623881.0000
68.0000;281.0000;0.0000;414.0000;10623890.0000
69.0000;282.0000;12.0000;414.0000;10623899.0000
70.0000;283.0000;12.0000;414.0000;10623908.0000
70.0000;284.0000;0.0000;415.0000;10623917.0000
71.0000;285.0000;0.0000;416.0000;10623926.0000
72.0000;286.0000;0.0000;418.0000;10623935.0000
73.0000;287.0000;12.0000;418.0000;10623944.0000
74.0000;288.0000;12.0000;416.0000;10623953.0000
74.0000;289.0000;12.0000;416.0000;10623962.0000
75.0000;290.0000;12.0000;418.0000;10623971.0000
77.0000;290.0000;0.0000;416.0000;10623980.0000
78.0000;291.0000;12.0000;418.0000;10623989.0000
79.0000;293.0000;0.0000;418.0000;10623998.0000
80.0000;294.0000;12.0000;419.0000;10624007.0000
80.0000;295.0000;0.0000;420.0000;10624016.0000
81.0000;296.0000;12.0000;421.0000;10624025.0000
82.0000;298.0000;12.0000;423.0000;10624034.0000
82.0000;299.0000;0.0000;424.0000;10624043.0000
83.0000;301.0000;0.0000;424.0000;10624052.0000
83.0000;302.0000;0.0000;425.0000;10624061.0000
84.0000;303.0000;0.0000;425.0000;10624070.0000
84.0000;304.0000;0.0000;425.0000;10624079.0000
85.0000;305.0000;0.0000;425.0000;10624088.0000
85.0000;306.0000;0.0000;425.0000;10624097.0000
86.0000;307.0000;0.0000;425.0000;10624106.0000
86.0000;308.0000;0.0000;425.0000;10624115.0000
87.0000;308.0000;0.0000;424.0000;10624124.0000
88.0000;309.0000;0.0000;424.0000;10624133.0000
88.0000;309.0000;0.0000;424.0000;10624142.0000
89.0000;309.0000;0.0000;424.0000;10624151.0000
90.0000;310.0000;0.0000;424.0000;10624160.0000
91.0000;310.0000;0.0000;424.0000;10624169.0000
93.0000;311.0000;0.0000;425.0000;10624179.0000
93.0000;311.0000;0.0000;426.0000;10624188.0000
95.0000;312.0000;0.0000;426.0000;10624197.0000
96.0000;313.0000;12.0000;429.0000;10624206.0000
97.0000;314.0000;0.0000;430.0000;10624215.0000
97.0000;315.0000;12.0000;431.0000;10624224.0000
98.0000;316.0000;0.0000;432.0000;10624233.0000
99.0000;318.0000;0.0000;432.0000;10624242.0000
99.0000;319.0000;0.0000;433.0000;10624251.0000
100.0000;320.0000;0.0000;432.0000;10624260.0000
101.0000;322.0000;0.0000;432.0000;10624269.0000
102.0000;323.0000;0.0000;432.0000;10624278.0000
103.0000;324.0000;0.0000;432.0000;10624287.0000
104.0000;324.0000;12.0000;432.0000;10624296.0000
105.0000;325.0000;0.0000;430.0000;10624305.0000
106.0000;325.0000;0.0000;430.0000;10624314.0000
107.0000;326.0000;0.0000;430.0000;10624323.0000
109.0000;327.0000;0.0000;430.0000;10624332.0000
110.0000;328.0000;0.0000;430.0000;10624341.0000
112.0000;329.0000;0.0000;430.0000;10624350.0000
113.0000;330.0000;12.0000;431.0000;10624359.0000
115.0000;332.0000;0.0000;432.0000;10624368.0000
116.0000;333.0000;12.0000;432.0000;10624377.0000
117.0000;335.0000;0.0000;433.0000;10624386.0000
119.0000;336.0000;12.0000;433.0000;10624395.0000
119.0000;338.0000;0.0000;433.0000;10624404.0000
120.0000;339.0000;0.0000;433.0000;10624413.0000
121.0000;340.0000;28.0000;433.0000;10624422.0000
122.0000;341.0000;0.0000;433.0000;10624431.0000
123.0000;342.0000;0.0000;432.0000;10624440.0000
124.0000;343.0000;12.0000;432.0000;10624449.0000
125.0000;344.0000;0.0000;432.0000;10624458.0000
125.0000;344.0000;0.0000;432.0000;10624467.0000
126.0000;345.0000;12.0000;432.0000;10624476.0000
127.0000;345.0000;12.0000;431.0000;10624485.0000
128.0000;346.0000;12.0000;431.0000;10624494.0000
129.0000;346.0000;0.0000;430.0000;10624503.0000
130.0000;346.0000;0.0000;430.0000;10624512.0000
131.0000;347.0000;0.0000;430.0000;10624521.0000
131.0000;347.0000;0.0000;430.0000;10624530.0000
132.0000;348.0000;0.0000;430.0000;10624539.0000
133.0000;348.0000;12.0000;430.0000;10624548.0000
135.0000;348.0000;12.0000;430.0000;10624557.0000
136.0000;348.0000;0.0000;431.0000;10624566.0000
138.0000;348.0000;0.0000;431.0000;10624575.0000
139.0000;348.0000;0.0000;431.0000;10624584.0000
140.0000;348.0000;0.0000;431.0000;10624593.0000
141.0000;349.0000;0.0000;431.0000;10624602.0000
143.0000;349.0000;0.0000;431.0000;10624611.0000
143.0000;350.0000;0.0000;433.0000;10624620.0000
144.0000;350.0000;0.0000;433.0000;10624629.0000
145.0000;351.0000;0.0000;434.0000;10624638.0000
146.0000;352.0000;0.0000;434.0000;10624647.0000
146.0000;353.0000;0.0000;436.0000;10624656.0000
147.0000;354.0000;0.0000;437.0000;10624665.0000
147.0000;355.0000;0.0000;437.0000;10624674.0000
148.0000;356.0000;0.0000;436.0000;10624683.0000
149.0000;357.0000;0.0000;433.0000;10624692.0000
150.0000;357.0000;0.0000;433.0000;10624701.0000
151.0000;357.0000;0.0000;433.0000;10624710.0000
153.0000;358.0000;0.0000;433.0000;10624719.0000
154.0000;358.0000;0.0000;433.0000;10624728.0000
156.0000;358.0000;0.0000;434.0000;10624737.0000
158.0000;358.0000;0.0000;434.0000;10624746.0000
159.0000;358.0000;0.0000;434.0000;10624755.0000
160.0000;358.0000;0.0000;433.0000;10624764.0000
160.0000;359.0000;0.0000;433.0000;10624773.0000
161.0000;359.0000;0.0000;434.0000;10624782.0000
162.0000;359.0000;0.0000;434.0000;10624791.0000
163.0000;359.0000;0.0000;436.0000;10624800.0000
163.0000;360.0000;0.0000;436.0000;10624809.0000
164.0000;360.0000;0.0000;436.0000;10624818.0000
165.0000;360.0000;0.0000;434.0000;10624827.0000
166.0000;360.0000;0.0000;436.0000;10624836.0000
167.0000;360.0000;12.0000;438.0000;10624845.0000
169.0000;360.0000;0.0000;440.0000;10624854.0000
171.0000;359.0000;0.0000;440.0000;10624863.0000
172.0000;358.0000;12.0000;440.0000;10624872.0000
174.0000;357.0000;0.0000;440.0000;10624881.0000
176.0000;357.0000;0.0000;440.0000;10624890.0000
177.0000;356.0000;0.0000;440.0000;10624899.0000
178.0000;356.0000;12.0000;439.0000;10624908.0000
179.0000;356.0000;0.0000;439.0000;10624917.0000
180.0000;357.0000;0.0000;440.0000;10624926.0000
181.0000;357.0000;0.0000;440.0000;10624935.0000
181.0000;357.0000;0.0000;440.0000;10624944.0000
182.0000;358.0000;0.0000;441.0000;10624953.0000
182.0000;359.0000;0.0000;443.0000;10624962.0000
182.0000;359.0000;0.0000;446.0000;10624971.0000
183.0000;360.0000;0.0000;447.0000;10624980.0000
183.0000;360.0000;0.0000;449.0000;10624989.0000
183.0000;361.0000;0.0000;449.0000;10624998.0000
183.0000;361.0000;0.0000;449.0000;10625007.0000
183.0000;362.0000;0.0000;449.0000;10625016.0000
183.0000;362.0000;0.0000;450.0000;10625025.0000
183.0000;362.0000;0.0000;450.0000;10625034.0000
184.0000;362.0000;0.0000;450.0000;10625043.0000
184.0000;362.0000;0.0000;449.0000;10625052.0000
184.0000;363.0000;0.0000;449.0000;10625061.0000
184.0000;363.0000;0.0000;450.0000;10625070.0000
184.0000;363.0000;0.0000;449.0000;10625079.0000
185.0000;364.0000;12.0000;449.0000;10625088.0000
185.0000;364.0000;0.0000;449.0000;10625097.0000
185.0000;364.0000;0.0000;449.0000;10625106.0000
185.0000;364.0000;0.0000;449.0000;10625115.0000
186.0000;365.0000;0.0000;449.0000;10625124.0000
187.0000;365.0000;0.0000;449.0000;10625133.0000
187.0000;365.0000;0.0000;449.0000;10625142.0000
188.0000;365.0000;0.0000;449.0000;10625151.0000
189.0000;366.0000;0.0000;449.0000;10625160.0000
190.0000;366.0000;0.0000;449.0000;10625169.0000
191.0000;366.0000;0.0000;449.0000;10625178.0000
192.0000;367.0000;0.0000;450.0000;10625187.0000
193.0000;368.0000;0.0000;451.0000;10625196.0000
193.0000;369.0000;0.0000;452.0000;10625205.0000
194.0000;369.0000;0.0000;452.0000;10625214.0000
194.0000;370.0000;0.0000;453.0000;10625223.0000
195.0000;371.0000;0.0000;453.0000;10625232.0000
195.0000;372.0000;0.0000;453.0000;10625241.0000
195.0000;372.0000;0.0000;455.0000;10625250.0000
196.0000;372.0000;0.0000;453.0000;10625259.0000
196.0000;373.0000;0.0000;453.0000;10625268.0000
196.0000;373.0000;0.0000;452.0000;10625277.0000
196.0000;373.0000;0.0000;453.0000;10625286.0000
197.0000;373.0000;0.0000;453.0000;10625295.0000
197.0000;373.0000;0.0000;453.0000;10625304.0000
197.0000;373.0000;0.0000;453.0000;10625313.0000
197.0000;373.0000;0.0000;453.0000;10625322.0000
197.0000;373.0000;0.0000;453.0000;10625331.0000
198.0000;374.0000;0.0000;452.0000;10625340.0000
198.0000;374.0000;0.0000;452.0000;10625349.0000
199.0000;374.0000;12.0000;452.0000;10625358.0000
199.0000;374.0000;0.0000;452.0000;10625367.0000
200.0000;374.0000;0.0000;452.0000;10625376.0000
200.0000;374.0000;0.0000;453.0000;10625385.0000
201.0000;374.0000;0.0000;453.0000;10625394.0000
201.0000;374.0000;0.0000;453.0000;10625403.0000
201.0000;374.0000;0.0000;455.0000;10625412.0000
201.0000;374.0000;12.0000;455.0000;10625421.0000
202.0000;375.0000;0.0000;456.0000;10625430.0000
202.0000;375.0000;0.0000;457.0000;10625439.0000
203.0000;375.0000;0.0000;457.0000;10625448.0000
203.0000;375.0000;0.0000;457.0000;10625457.0000
203.0000;376.0000;0.0000;457.0000;10625467.0000
204.0000;376.0000;0.0000;457.0000;10625476.0000
204.0000;376.0000;0.0000;456.0000;10625485.0000
204.0000;376.0000;0.0000;457.0000;10625494.0000
205.0000;376.0000;0.0000;458.0000;10625503.0000
206.0000;376.0000;0.0000;458.0000;10625512.0000
207.0000;376.0000;0.0000;459.0000;10625521.0000
208.0000;376.0000;0.0000;459.0000;10625530.0000
209.0000;375.0000;0.0000;458.0000;10625539.0000
210.0000;375.0000;0.0000;459.0000;10625548.0000
212.0000;375.0000;0.0000;458.0000;10625557.0000
213.0000;375.0000;0.0000;459.0000;10625566.0000
214.0000;375.0000;0.0000;458.0000;10625575.0000
214.0000;375.0000;0.0000;458.0000;10625584.0000
215.0000;375.0000;0.0000;458.0000;10625593.0000
216.0000;375.0000;0.0000;459.0000;10625602.0000
217.0000;376.0000;12.0000;459.0000;10625611.0000
217.0000;376.0000;0.0000;459.0000;10625620.0000
218.0000;377.0000;0.0000;459.0000;10625629.0000
219.0000;378.0000;0.0000;459.0000;10625638.0000
220.0000;378.0000;0.0000;459.0000;10625647.0000
220.0000;379.0000;0.0000;459.0000;10625656.0000
221.0000;379.0000;0.0000;458.0000;10625665.0000
221.0000;380.0000;0.0000;459.0000;10625674.0000
222.0000;380.0000;0.0000;459.0000;10625683.0000
222.0000;380.0000;12.0000;459.0000;10625692.0000
222.0000;380.0000;0.0000;459.0000;10625701.0000
222.0000;380.0000;0.0000;459.0000;10625710.0000
223.0000;380.0000;0.0000;459.0000;10625719.0000
223.0000;380.0000;0.0000;459.0000;10625728.0000
223.0000;381.0000;0.0000;459.0000;10625737.0000
223.0000;381.0000;0.0000;459.0000;10625746.0000
224.0000;381.0000;12.0000;460.0000;10625755.0000
224.0000;382.0000;0.0000;462.0000;10625764.0000
225.0000;382.0000;0.0000;462.0000;10625773.0000
225.0000;383.0000;0.0000;462.0000;10625782.0000
226.0000;383.0000;0.0000;462.0000;10625791.0000
227.0000;383.0000;0.0000;462.0000;10625800.0000
227.0000;384.0000;0.0000;462.0000;10625809.0000
228.0000;384.0000;0.0000;463.0000;10625818.0000
228.0000;384.0000;0.0000;463.0000;10625827.0000
229.0000;384.0000;0.0000;464.0000;10625836.0000
230.0000;384.0000;0.0000;465.0000;10625845.0000
231.0000;383.0000;0.0000;465.0000;10625854.0000
231.0000;383.0000;0.0000;465.0000;10625863.0000
232.0000;382.0000;0.0000;465.0000;10625872.0000
233.0000;382.0000;0.0000;465.0000;10625881.0000
233.0000;382.0000;0.0000;464.0000;10625890.0000
234.0000;382.0000;12.0000;462.0000;10625899.0000
234.0000;382.0000;0.0000;462.0000;10625908.0000
235.0000;382.0000;12.0000;463.0000;10625917.0000
235.0000;383.0000;0.0000;463.0000;10625926.0000
236.0000;383.0000;0.0000;464.0000;10625935.0000
237.0000;384.0000;0.0000;464.0000;10625944.0000
237.0000;385.0000;0.0000;463.0000;10625953.0000
238.0000;385.0000;0.0000;463.0000;10625962.0000
239.0000;385.0000;0.0000;463.0000;10625971.0000
240.0000;385.0000;12.0000;463.0000;10625980.0000
241.0000;385.0000;0.0000;463.0000;10625989.0000
242.0000;385.0000;12.0000;463.0000;10625998.0000
243.0000;385.0000;0.0000;463.0000;10626007.0000
244.0000;384.0000;0.0000;463.0000;10626016.0000
245.0000;384.0000;0.0000;462.0000;10626025.0000
246.0000;384.0000;0.0000;462.0000;10626034.0000
246.0000;384.0000;0.0000;462.0000;10626043.0000
247.0000;384.0000;0.0000;462.0000;10626052.0000
247.0000;384.0000;0.0000;462.0000;10626061.0000
248.0000;384.0000;0.0000;462.0000;10626070.0000
249.0000;385.0000;12.0000;460.0000;10626079.0000
249.0000;385.0000;0.0000;462.0000;10626088.0000
250.0000;385.0000;12.0000;462.0000;10626097.0000
251.0000;386.0000;0.0000;460.0000;10626106.0000
251.0000;386.0000;0.0000;460.0000;10626115.0000
252.0000;386.0000;12.0000;460.0000;10626124.0000
254.0000;386.0000;0.0000;462.0000;10626133.0000
255.0000;386.0000;0.0000;462.0000;10626142.0000
256.0000;386.0000;0.0000;462.0000;10626151.0000
257.0000;385.0000;0.0000;462.0000;10626160.0000
258.0000;385.0000;0.0000;460.0000;10626169.0000
259.0000;385.0000;0.0000;460.0000;10626178.0000
260.0000;385.0000;0.0000;460.0000;10626187.0000
260.0000;385.0000;0.0000;459.0000;10626196.0000
261.0000;385.0000;0.0000;459.0000;10626205.0000
262.0000;385.0000;0.0000;459.0000;10626214.0000
263.0000;385.0000;0.0000;459.0000;10626223.0000
264.0000;385.0000;0.0000;459.0000;10626232.0000
266.0000;385.0000;0.0000;459.0000;10626241.0000
267.0000;385.0000;0.0000;460.0000;10626250.0000
268.0000;385.0000;0.0000;460.0000;10626259.0000
270.0000;385.0000;0.0000;460.0000;10626268.0000
271.0000;385.0000;0.0000;460.0000;10626277.0000
273.0000;385.0000;0.0000;460.0000;10626286.0000
275.0000;385.0000;0.0000;460.0000;10626295.0000
276.0000;385.0000;12.0000;459.0000;10626304.0000
278.0000;385.0000;0.0000;459.0000;10626313.0000
279.0000;385.0000;0.0000;459.0000;10626322.0000
281.0000;385.0000;0.0000;459.0000;10626331.0000
282.0000;386.0000;0.0000;459.0000;10626340.0000
283.0000;386.0000;0.0000;459.0000;10626349.0000
285.0000;386.0000;0.0000;458.0000;10626358.0000
286.0000;386.0000;0.0000;459.0000;10626367.0000
288.0000;386.0000;0.0000;459.0000;10626376.0000
289.0000;386.0000;0.0000;459.0000;10626385.0000
291.0000;386.0000;0.0000;459.0000;10626394.0000
292.0000;386.0000;0.0000;459.0000;10626403.0000
294.0000;386.0000;12.0000;459.0000;10626412.0000
295.0000;387.0000;0.0000;459.0000;10626421.0000
296.0000;387.0000;0.0000;458.0000;10626430.0000
297.0000;387.0000;0.0000;459.0000;10626439.0000
299.0000;388.0000;0.0000;459.0000;10626448.0000
300.0000;388.0000;0.0000;459.0000;10626457.0000
301.0000;389.0000;0.0000;459.0000;10626466.0000
302.0000;389.0000;0.0000;459.0000;10626475.0000
303.0000;389.0000;12.0000;459.0000;10626484.0000
304.0000;389.0000;0.0000;459.0000;10626493.0000
305.0000;389.0000;0.0000;459.0000;10626502.0000
306.0000;390.0000;0.0000;460.0000;10626511.0000
306.0000;390.0000;0.0000;460.0000;10626520.0000
307.0000;390.0000;0.0000;459.0000;10626529.0000
308.0000;390.0000;0.0000;459.0000;10626538.0000
309.0000;390.0000;0.0000;459.0000;10626547.0000
310.0000;390.0000;0.0000;460.0000;10626556.0000
311.0000;390.0000;0.0000;460.0000;10626565.0000
312.0000;389.0000;0.0000;460.0000;10626574.0000
313.0000;389.0000;0.0000;462.0000;10626583.0000
314.0000;388.0000;0.0000;462.0000;10626592.0000
315.0000;388.0000;0.0000;462.0000;10626601.0000
315.0000;388.0000;0.0000;460.0000;10626610.0000
316.0000;387.0000;0.0000;459.0000;10626619.0000
317.0000;387.0000;0.0000;459.0000;10626628.0000
318.0000;388.0000;0.0000;459.0000;10626637.0000
319.0000;388.0000;0.0000;460.0000;10626646.0000
320.0000;389.0000;0.0000;460.0000;10626655.0000
321.0000;390.0000;12.0000;460.0000;10626664.0000
322.0000;390.0000;0.0000;462.0000;10626673.0000
323.0000;390.0000;12.0000;460.0000;10626682.0000
324.0000;391.0000;0.0000;459.0000;10626691.0000
325.0000;391.0000;0.0000;458.0000;10626700.0000
326.0000;391.0000;0.0000;459.0000;10626709.0000
327.0000;391.0000;0.0000;459.0000;10626718.0000
328.0000;390.0000;0.0000;459.0000;10626727.0000
329.0000;390.0000;0.0000;459.0000;10626736.0000
330.0000;390.0000;0.0000;460.0000;10626745.0000
330.0000;389.0000;0.0000;460.0000;10626755.0000
331.0000;388.0000;0.0000;459.0000;10626764.0000
332.0000;388.0000;0.0000;460.0000;10626773.0000
333.0000;387.0000;0.0000;460.0000;10626782.0000
333.0000;387.0000;0.0000;459.0000;10626791.0000
334.0000;387.0000;0.0000;459.0000;10626800.0000
334.0000;387.0000;12.0000;459.0000;10626809.0000
335.0000;387.0000;0.0000;458.0000;10626818.0000
335.0000;387.0000;12.0000;457.0000;10626827.0000
336.0000;387.0000;0.0000;457.0000;10626836.0000
337.0000;387.0000;0.0000;458.0000;10626845.0000
338.0000;387.0000;12.0000;457.0000;10626854.0000
339.0000;387.0000;0.0000;456.0000;10626863.0000
339.0000;387.0000;0.0000;457.0000;10626872.0000
340.0000;387.0000;0.0000;457.0000;10626881.0000
341.0000;387.0000;0.0000;458.0000;10626890.0000
342.0000;387.0000;0.0000;458.0000;10626899.0000
343.0000;387.0000;0.0000;458.0000;10626908.0000
344.0000;387.0000;0.0000;459.0000;10626917.0000
346.0000;387.0000;0.0000;458.0000;10626926.0000
347.0000;387.0000;0.0000;458.0000;10626935.0000
348.0000;386.0000;0.0000;458.0000;10626944.0000
349.0000;386.0000;0.0000;458.0000;10626953.0000
350.0000;386.0000;0.0000;457.0000;10626962.0000
351.0000;385.0000;0.0000;457.0000;10626971.0000
352.0000;385.0000;0.0000;456.0000;10626980.0000
353.0000;385.0000;0.0000;456.0000;10626989.0000
354.0000;385.0000;0.0000;457.0000;10626998.0000
355.0000;385.0000;12.0000;456.0000;10627007.0000
356.0000;385.0000;0.0000;456.0000;10627016.0000
357.0000;385.0000;0.0000;457.0000;10627025.0000
358.0000;385.0000;0.0000;456.0000;10627034.0000
359.0000;385.0000;0.0000;457.0000;10627043.0000
361.0000;385.0000;0.0000;458.0000;10627052.0000
362.0000;384.0000;0.0000;459.0000;10627061.0000
363.0000;384.0000;0.0000;459.0000;10627070.0000
364.0000;383.0000;0.0000;458.0000;10627079.0000
366.0000;383.0000;0.0000;459.0000;10627088.0000
367.0000;382.0000;0.0000;457.0000;10627097.0000
367.0000;382.0000;0.0000;458.0000;10627106.0000
368.0000;382.0000;12.0000;458.0000;10627115.0000
369.0000;382.0000;0.0000;458.0000;10627124.0000
369.0000;382.0000;0.0000;457.0000;10627133.0000
370.0000;382.0000;0.0000;458.0000;10627142.0000
370.0000;382.0000;0.0000;458.0000;10627151.0000
370.0000;382.0000;0.0000;459.0000;10627160.0000
370.0000;382.0000;0.0000;459.0000;10627169.0000
371.0000;383.0000;12.0000;459.0000;10627178.0000
371.0000;383.0000;0.0000;458.0000;10627187.0000
371.0000;383.0000;0.0000;459.0000;10627196.0000
372.0000;384.0000;0.0000;458.0000;10627205.0000
372.0000;384.0000;0.0000;458.0000;10627214.0000
373.0000;384.0000;12.0000;458.0000;10627223.0000
374.0000;385.0000;0.0000;458.0000;10627232.0000
376.0000;385.0000;0.0000;457.0000;10627241.0000
377.0000;385.0000;0.0000;458.0000;10627250.0000
378.0000;385.0000;0.0000;459.0000;10627259.0000
380.0000;384.0000;0.0000;459.0000;10627268.0000
381.0000;384.0000;0.0000;459.0000;10627277.0000
382.0000;384.0000;0.0000;460.0000;10627286.0000
382.0000;383.0000;0.0000;462.0000;10627295.0000
383.0000;383.0000;0.0000;460.0000;10627304.0000
384.0000;382.0000;0.0000;459.0000;10627313.0000
384.0000;382.0000;12.0000;459.0000;10627322.0000
385.0000;382.0000;0.0000;458.0000;10627331.0000
386.0000;382.0000;0.0000;459.0000;10627340.0000
386.0000;382.0000;0.0000;459.0000;10627349.0000
387.0000;382.0000;0.0000;459.0000;10627358.0000
388.0000;382.0000;0.0000;459.0000;10627367.0000
388.0000;382.0000;0.0000;459.0000;10627376.0000
389.0000;382.0000;12.0000;459.0000;10627385.0000
389.0000;382.0000;0.0000;459.0000;10627394.0000
390.0000;381.0000;0.0000;460.0000;10627403.0000
391.0000;381.0000;12.0000;460.0000;10627412.0000
391.0000;381.0000;0.0000;462.0000;10627421.0000
392.0000;380.0000;0.0000;460.0000;10627430.0000
392.0000;380.0000;0.0000;459.0000;10627439.0000
393.0000;380.0000;0.0000;459.0000;10627448.0000
393.0000;380.0000;0.0000;459.0000;10627457.0000
394.0000;380.0000;0.0000;459.0000;10627466.0000
394.0000;380.0000;0.0000;459.0000;10627475.0000
395.0000;380.0000;0.0000;459.0000;10627484.0000
396.0000;380.0000;0.0000;458.0000;10627493.0000
396.0000;380.0000;0.0000;459.0000;10627502.0000
397.0000;379.0000;0.0000;460.0000;10627511.0000
398.0000;379.0000;0.0000;460.0000;10627520.0000
399.0000;379.0000;0.0000;460.0000;10627529.0000
400.0000;378.0000;0.0000;462.0000;10627538.0000
401.0000;378.0000;0.0000;462.0000;10627547.0000
402.0000;377.0000;0.0000;460.0000;10627556.0000
403.0000;377.0000;0.0000;460.0000;10627565.0000
404.0000;377.0000;12.0000;459.0000;10627574.0000
406.0000;377.0000;0.0000;459.0000;10627583.0000
407.0000;376.0000;12.0000;459.0000;10627592.0000
408.0000;376.0000;0.0000;459.0000;10627601.0000
409.0000;376.0000;0.0000;459.0000;10627610.0000
410.0000;376.0000;0.0000;459.0000;10627619.0000
411.0000;376.0000;0.0000;458.0000;10627628.0000
412.0000;376.0000;0.0000;459.0000;10627637.0000
413.0000;376.0000;0.0000;459.0000;10627646.0000
414.0000;376.0000;0.0000;458.0000;10627655.0000
414.0000;376.0000;0.0000;459.0000;10627664.0000
415.0000;376.0000;12.0000;458.0000;10627673.0000
416.0000;376.0000;0.0000;458.0000;10627682.0000
417.0000;376.0000;0.0000;458.0000;10627691.0000
418.0000;376.0000;0.0000;458.0000;10627700.0000
418.0000;376.0000;0.0000;459.0000;10627709.0000
419.0000;376.0000;0.0000;459.0000;10627718.0000
420.0000;376.0000;0.0000;459.0000;10627727.0000
420.0000;376.0000;0.0000;460.0000;10627736.0000
421.0000;376.0000;0.0000;462.0000;10627745.0000
421.0000;375.0000;0.0000;462.0000;10627754.0000
422.0000;375.0000;0.0000;463.0000;10627763.0000
422.0000;374.0000;0.0000;464.0000;10627772.0000
423.0000;373.0000;0.0000;463.0000;10627781.0000
424.0000;372.0000;0.0000;463.0000;10627790.0000
425.0000;372.0000;0.0000;462.0000;10627799.0000
426.0000;371.0000;0.0000;463.0000;10627808.0000
426.0000;370.0000;0.0000;463.0000;10627817.0000
427.0000;369.0000;0.0000;464.0000;10627826.0000
428.0000;369.0000;12.0000;463.0000;10627835.0000
429.0000;368.0000;0.0000;464.0000;10627844.0000
430.0000;367.0000;0.0000;463.0000;10627853.0000
430.0000;367.0000;0.0000;463.0000;10627862.0000
431.0000;367.0000;0.0000;463.0000;10627871.0000
431.0000;366.0000;0.0000;463.0000;10627880.0000
432.0000;366.0000;0.0000;464.0000;10627889.0000
432.0000;365.0000;0.0000;465.0000;10627898.0000
432.0000;365.0000;0.0000;465.0000;10627907.0000
432.0000;364.0000;0.0000;466.0000;10627916.0000
433.0000;364.0000;0.0000;466.0000;10627925.0000
433.0000;363.0000;0.0000;467.0000;10627934.0000
433.0000;363.0000;0.0000;467.0000;10627943.0000
433.0000;362.0000;12.0000;467.0000;10627952.0000
433.0000;361.0000;0.0000;467.0000;10627961.0000
434.0000;361.0000;0.0000;467.0000;10627970.0000
434.0000;360.0000;0.0000;467.0000;10627979.0000
434.0000;360.0000;0.0000;467.0000;10627988.0000
435.0000;359.0000;12.0000;468.0000;10627997.0000
435.0000;359.0000;0.0000;467.0000;10628006.0000
435.0000;358.0000;0.0000;467.0000;10628015.0000
435.0000;358.0000;0.0000;468.0000;10628024.0000
436.0000;357.0000;0.0000;467.0000;10628033.0000
436.0000;357.0000;12.0000;467.0000;10628043.0000
436.0000;357.0000;0.0000;467.0000;10628052.0000
436.0000;356.0000;0.0000;467.0000;10628061.0000
437.0000;356.0000;0.0000;467.0000;10628070.0000
437.0000;356.0000;0.0000;467.0000;10628079.0000
437.0000;355.0000;0.0000;467.0000;10628088.0000
437.0000;355.0000;0.0000;468.0000;10628097.0000
437.0000;355.0000;0.0000;467.0000;10628106.0000
438.0000;354.0000;0.0000;467.0000;10628115.0000
438.0000;354.0000;0.0000;467.0000;10628124.0000
439.0000;354.0000;12.0000;466.0000;10628133.0000
439.0000;353.0000;0.0000;465.0000;10628142.0000
439.0000;353.0000;0.0000;465.0000;10628151.0000
440.0000;352.0000;0.0000;465.0000;10628160.0000
440.0000;352.0000;0.0000;465.0000;10628169.0000
441.0000;352.0000;0.0000;465.0000;10628178.0000
441.0000;352.0000;0.0000;465.0000;10628187.0000
442.0000;351.0000;12.0000;465.0000;10628196.0000
442.0000;351.0000;0.0000;464.0000;10628205.0000
443.0000;351.0000;0.0000;465.0000;10628214.0000
443.0000;350.0000;0.0000;465.0000;10628223.0000
444.0000;350.0000;0.0000;465.0000;10628232.0000
444.0000;349.0000;0.0000;465.0000;10628241.0000
445.0000;349.0000;0.0000;465.0000;10628250.0000
445.0000;349.0000;0.0000;465.0000;10628259.0000
445.0000;348.0000;0.0000;465.0000;10628268.0000
446.0000;348.0000;0.0000;465.0000;10628277.0000
446.0000;348.0000;0.0000;465.0000;10628286.0000
446.0000;347.0000;0.0000;466.0000;10628295.0000
446.0000;347.0000;0.0000;466.0000;10628304.0000
446.0000;347.0000;0.0000;466.0000;10628313.0000
447.0000;346.0000;0.0000;466.0000;10628322.0000
447.0000;345.0000;0.0000;466.0000;10628331.0000
447.0000;345.0000;0.0000;466.0000;10628340.0000
448.0000;344.0000;0.0000;466.0000;10628349.0000
448.0000;343.0000;0.0000;465.0000;10628358.0000
449.0000;343.0000;0.0000;465.0000;10628367.0000
449.0000;342.0000;0.0000;465.0000;10628376.0000
449.0000;341.0000;0.0000;465.0000;10628385.0000
450.0000;341.0000;0.0000;465.0000;10628394.0000
450.0000;340.0000;0.0000;465.0000;10628403.0000
451.0000;340.0000;0.0000;464.0000;10628412.0000
451.0000;339.0000;0.0000;465.0000;10628421.0000
452.0000;339.0000;0.0000;464.0000;10628430.0000
452.0000;339.0000;0.0000;464.0000;10628439.0000
453.0000;338.0000;0.0000;464.0000;10628448.0000
453.0000;338.0000;0.0000;465.0000;10628457.0000
453.0000;338.0000;0.0000;465.0000;10628466.0000
453.0000;337.0000;12.0000;465.0000;10628475.0000
453.0000;337.0000;0.0000;465.0000;10628484.0000
453.0000;337.0000;0.0000;465.0000;10628493.0000
454.0000;337.0000;0.0000;465.0000;10628502.0000
454.0000;336.0000;0.0000;465.0000;10628511.0000
454.0000;336.0000;0.0000;465.0000;10628520.0000
454.0000;336.0000;0.0000;464.0000;10628529.0000
455.0000;336.0000;0.0000;464.0000;10628538.0000
455.0000;336.0000;0.0000;464.0000;10628547.0000
455.0000;335.0000;0.0000;463.0000;10628556.0000
456.0000;335.0000;12.0000;463.0000;10628565.0000
456.0000;335.0000;0.0000;462.0000;10628574.0000
457.0000;335.0000;0.0000;462.0000;10628583.0000
458.0000;335.0000;0.0000;462.0000;10628592.0000
459.0000;334.0000;0.0000;462.0000;10628601.0000
460.0000;334.0000;0.0000;462.0000;10628610.0000
461.0000;334.0000;0.0000;462.0000;10628619.0000
462.0000;334.0000;0.0000;462.0000;10628628.0000
464.0000;334.0000;0.0000;462.0000;10628637.0000
465.0000;334.0000;0.0000;462.0000;10628646.0000
465.0000;334.0000;0.0000;462.0000;10628655.0000
466.0000;334.0000;0.0000;462.0000;10628664.0000
467.0000;334.0000;0.0000;463.0000;10628673.0000
467.0000;333.0000;0.0000;463.0000;10628682.0000
468.0000;333.0000;0.0000;463.0000;10628691.0000
468.0000;333.0000;0.0000;465.0000;10628700.0000
468.0000;332.0000;0.0000;465.0000;10628709.0000
469.0000;332.0000;0.0000;466.0000;10628718.0000
469.0000;331.0000;0.0000;466.0000;10628727.0000
469.0000;331.0000;12.0000;467.0000;10628736.0000
470.0000;330.0000;0.0000;466.0000;10628745.0000
470.0000;329.0000;0.0000;466.0000;10628754.0000
471.0000;328.0000;0.0000;467.0000;10628763.0000
471.0000;328.0000;0.0000;467.0000;10628772.0000
472.0000;327.0000;0.0000;467.0000;10628781.0000
472.0000;326.0000;0.0000;467.0000;10628790.0000
472.0000;325.0000;0.0000;467.0000;10628799.0000
473.0000;325.0000;0.0000;467.0000;10628808.0000
473.0000;324.0000;0.0000;466.0000;10628817.0000
474.0000;323.0000;0.0000;467.0000;10628826.0000
475.0000;322.0000;0.0000;466.0000;10628835.0000
476.0000;321.0000;0.0000;466.0000;10628844.0000
477.0000;319.0000;0.0000;467.0000;10628853.0000
478.0000;318.0000;0.0000;467.0000;10628862.0000
479.0000;317.0000;0.0000;467.0000;10628871.0000
480.0000;316.0000;0.0000;467.0000;10628880.0000
480.0000;315.0000;0.0000;468.0000;10628889.0000
481.0000;314.0000;0.0000;468.0000;10628898.0000
481.0000;314.0000;0.0000;469.0000;10628907.0000
481.0000;313.0000;0.0000;470.0000;10628916.0000
481.0000;312.0000;0.0000;471.0000;10628925.0000
481.0000;311.0000;0.0000;471.0000;10628934.0000
481.0000;311.0000;12.0000;471.0000;10628943.0000
481.0000;310.0000;0.0000;471.0000;10628952.0000
481.0000;309.0000;12.0000;471.0000;10628961.0000
481.0000;308.0000;0.0000;471.0000;10628970.0000
481.0000;307.0000;0.0000;471.0000;10628979.0000
481.0000;306.0000;12.0000;471.0000;10628988.0000
482.0000;305.0000;0.0000;471.0000;10628997.0000
483.0000;304.0000;12.0000;470.0000;10629006.0000
483.0000;303.0000;12.0000;470.0000;10629015.0000
484.0000;302.0000;0.0000;470.0000;10629024.0000
484.0000;301.0000;0.0000;470.0000;10629033.0000
485.0000;300.0000;0.0000;470.0000;10629042.0000
485.0000;300.0000;0.0000;471.0000;10629051.0000
485.0000;299.0000;0.0000;471.0000;10629060.0000
486.0000;299.0000;0.0000;471.0000;10629069.0000
486.0000;298.0000;0.0000;471.0000;10629078.0000
486.0000;298.0000;0.0000;473.0000;10629087.0000
486.0000;297.0000;0.0000;473.0000;10629096.0000
486.0000;297.0000;0.0000;472.0000;10629105.0000
486.0000;296.0000;0.0000;472.0000;10629114.0000
486.0000;295.0000;0.0000;472.0000;10629123.0000
487.0000;295.0000;0.0000;471.0000;10629132.0000
487.0000;294.0000;0.0000;470.0000;10629141.0000
488.0000;293.0000;0.0000;470.0000;10629150.0000
489.0000;292.0000;0.0000;470.0000;10629159.0000
490.0000;291.0000;0.0000;470.0000;10629168.0000
491.0000;290.0000;12.0000;470.0000;10629177.0000
492.0000;290.0000;0.0000;470.0000;10629186.0000
493.0000;289.0000;0.0000;470.0000;10629195.0000
494.0000;288.0000;0.0000;470.0000;10629204.0000
495.0000;288.0000;0.0000;470.0000;10629213.0000
496.0000;287.0000;0.0000;471.0000;10629222.0000
496.0000;286.0000;0.0000;471.0000;10629231.0000
497.0000;285.0000;0.0000;471.0000;10629240.0000
497.0000;285.0000;0.0000;471.0000;10629249.0000
497.0000;284.0000;0.0000;471.0000;10629258.0000
497.0000;283.0000;0.0000;472.0000;10629267.0000
498.0000;283.0000;0.0000;472.0000;10629276.0000
498.0000;282.0000;0.0000;472.0000;10629285.0000
498.0000;282.0000;0.0000;472.0000;10629294.0000
498.0000;281.0000;0.0000;471.0000;10629303.0000
499.0000;280.0000;0.0000;471.0000;10629312.0000
499.0000;280.0000;0.0000;471.0000;10629321.0000
500.0000;279.0000;0.0000;470.0000;10629331.0000
500.0000;278.0000;0.0000;471.0000;10629340.0000
501.0000;277.0000;0.0000;471.0000;10629349.0000
501.0000;277.0000;0.0000;471.0000;10629358.0000
502.0000;276.0000;0.0000;472.0000;10629367.0000
502.0000;275.0000;0.0000;472.0000;10629376.0000
502.0000;274.0000;0.0000;472.0000;10629385.0000
503.0000;273.0000;12.0000;472.0000;10629394.0000
503.0000;271.0000;0.0000;472.0000;10629403.0000
504.0000;270.0000;0.0000;472.0000;10629412.0000
505.0000;269.0000;0.0000;472.0000;10629421.0000
505.0000;267.0000;0.0000;471.0000;10629430.0000
506.0000;266.0000;0.0000;471.0000;10629439.0000
506.0000;265.0000;12.0000;471.0000;10629448.0000
507.0000;264.0000;0.0000;471.0000;10629457.0000
508.0000;263.0000;0.0000;471.0000;10629466.0000
508.0000;262.0000;0.0000;471.0000;10629475.0000
509.0000;261.0000;0.0000;471.0000;10629484.0000
510.0000;260.0000;0.0000;471.0000;10629493.0000
510.0000;260.0000;0.0000;471.0000;10629502.0000
511.0000;259.0000;12.0000;471.0000;10629511.0000
511.0000;258.0000;0.0000;471.0000;10629520.0000
512.0000;257.0000;12.0000;471.0000;10629529.0000
513.0000;256.0000;0.0000;471.0000;10629538.0000
514.0000;255.0000;12.0000;471.0000;10629547.0000
515.0000;254.0000;0.0000;471.0000;10629556.0000
516.0000;253.0000;12.0000;471.0000;10629565.0000
516.0000;252.0000;0.0000;472.0000;10629574.0000
517.0000;252.0000;0.0000;471.0000;10629583.0000
517.0000;251.0000;0.0000;471.0000;10629592.0000
517.0000;250.0000;0.0000;471.0000;10629601.0000
518.0000;249.0000;0.0000;471.0000;10629610.0000
518.0000;248.0000;0.0000;471.0000;10629619.0000
519.0000;248.0000;0.0000;471.0000;10629628.0000
519.0000;247.0000;0.0000;471.0000;10629637.0000
520.0000;246.0000;0.0000;471.0000;10629646.0000
521.0000;245.0000;0.0000;471.0000;10629655.0000
521.0000;244.0000;0.0000;471.0000;10629664.0000
522.0000;243.0000;0.0000;471.0000;10629673.0000
523.0000;241.0000;0.0000;471.0000;10629682.0000
524.0000;240.0000;0.0000;470.0000;10629691.0000
525.0000;239.0000;0.0000;470.0000;10629700.0000
526.0000;238.0000;0.0000;470.0000;10629709.0000
528.0000;237.0000;0.0000;470.0000;10629718.0000
529.0000;236.0000;0.0000;470.0000;10629727.0000
530.0000;235.0000;0.0000;469.0000;10629736.0000
530.0000;234.0000;0.0000;469.0000;10629745.0000
531.0000;233.0000;0.0000;470.0000;10629754.0000
531.0000;232.0000;0.0000;470.0000;10629763.0000
532.0000;231.0000;0.0000;471.0000;10629772.0000
531.0000;231.0000;0.0000;470.0000;10629781.0000
532.0000;230.0000;0.0000;470.0000;10629790.0000
532.0000;229.0000;0.0000;470.0000;10629799.0000
532.0000;228.0000;0.0000;469.0000;10629808.0000
532.0000;228.0000;0.0000;469.0000;10629817.0000
532.0000;227.0000;0.0000;469.0000;10629826.0000
532.0000;226.0000;0.0000;469.0000;10629835.0000
532.0000;225.0000;0.0000;471.0000;10629844.0000
532.0000;225.0000;0.0000;471.0000;10629853.0000
532.0000;224.0000;0.0000;471.0000;10629862.0000
532.0000;223.0000;0.0000;471.0000;10629871.0000
532.0000;222.0000;0.0000;471.0000;10629880.0000
532.0000;221.0000;0.0000;471.0000;10629889.0000
532.0000;220.0000;0.0000;471.0000;10629898.0000
533.0000;219.0000;0.0000;471.0000;10629907.0000
533.0000;217.0000;0.0000;472.0000;10629916.0000
534.0000;216.0000;12.0000;471.0000;10629925.0000
535.0000;215.0000;0.0000;472.0000;10629934.0000
535.0000;214.0000;0.0000;472.0000;10629943.0000
535.0000;213.0000;12.0000;474.0000;10629952.0000
535.0000;212.0000;0.0000;476.0000;10629961.0000
535.0000;211.0000;12.0000;477.0000;10629970.0000
536.0000;210.0000;12.0000;478.0000;10629979.0000
536.0000;209.0000;12.0000;477.0000;10629988.0000
536.0000;208.0000;0.0000;478.0000;10629997.0000
536.0000;207.0000;0.0000;477.0000;10630006.0000
536.0000;207.0000;12.0000;478.0000;10630015.0000
536.0000;206.0000;0.0000;479.0000;10630024.0000
536.0000;205.0000;12.0000;478.0000;10630033.0000
535.0000;205.0000;0.0000;481.0000;10630042.0000
535.0000;204.0000;0.0000;483.0000;10630051.0000
535.0000;204.0000;0.0000;484.0000;10630060.0000
535.0000;203.0000;0.0000;481.0000;10630069.0000
535.0000;203.0000;0.0000;490.0000;10630078.0000
535.0000;202.0000;0.0000;492.0000;10630087.0000
535.0000;201.0000;0.0000;492.0000;10630096.0000
535.0000;201.0000;0.0000;491.0000;10630105.0000
536.0000;200.0000;0.0000;492.0000;10630114.0000
537.0000;198.0000;0.0000;492.0000;10630123.0000
538.0000;197.0000;0.0000;492.0000;10630132.0000
539.0000;196.0000;0.0000;493.0000;10630141.0000
540.0000;195.0000;0.0000;493.0000;10630150.0000
541.0000;194.0000;0.0000;493.0000;10630159.0000
541.0000;194.0000;0.0000;495.0000;10630168.0000
541.0000;193.0000;0.0000;496.0000;10630177.0000
542.0000;193.0000;0.0000;501.0000;10630186.0000
542.0000;193.0000;0.0000;506.0000;10630195.0000
542.0000;192.0000;0.0000;509.0000;10630204.0000
541.0000;192.0000;0.0000;508.0000;10630213.0000
541.0000;192.0000;0.0000;501.0000;10630222.0000
541.0000;192.0000;0.0000;486.0000;10630231.0000
540.0000;192.0000;0.0000;462.0000;10630240.0000
540.0000;192.0000;0.0000;421.0000;10630249.0000
540.0000;192.0000;0.0000;350.0000;10630258.0000
540.0000;192.0000;0.0000;246.0000;10630267.0000
540.0000;192.0000;0.0000;26.0000;10630276.0000
540.0000;191.0000;0.0000;26.0000;10630285.0000
