204.0000;209.0000;28.0000;99.0000;0.0000
206.0000;207.0000;0.0000;54.0000;9.0000
207.0000;205.0000;0.0000;29.0000;18.0000
199.0000;208.0000;80.0000;96.0000;504.0000
199.0000;208.0000;0.0000;115.0000;513.0000
200.0000;207.0000;0.0000;132.0000;522.0000
200.0000;207.0000;12.0000;142.0000;531.0000
200.0000;207.0000;0.0000;155.0000;540.0000
201.0000;207.0000;12.0000;165.0000;549.0000
201.0000;207.0000;12.0000;183.0000;558.0000
201.0000;207.0000;0.0000;209.0000;567.0000
201.0000;207.0000;0.0000;241.0000;576.0000
201.0000;207.0000;0.0000;256.0000;585.0000
201.0000;207.0000;0.0000;264.0000;594.0000
201.0000;207.0000;0.0000;268.0000;603.0000
201.0000;206.0000;12.0000;267.0000;612.0000
201.0000;206.0000;12.0000;267.0000;621.0000
202.0000;205.0000;0.0000;267.0000;630.0000
202.0000;205.0000;0.0000;265.0000;639.0000
203.0000;204.0000;0.0000;273.0000;648.0000
204.0000;203.0000;0.0000;279.0000;657.0000
205.0000;202.0000;0.0000;292.0000;666.0000
205.0000;201.0000;0.0000;309.0000;675.0000
205.0000;201.0000;0.0000;328.0000;684.0000
206.0000;200.0000;0.0000;350.0000;693.0000
206.0000;200.0000;0.0000;375.0000;702.0000
206.0000;199.0000;12.0000;397.0000;711.0000
206.0000;199.0000;0.0000;410.0000;720.0000
205.0000;199.0000;0.0000;418.0000;729.0000
205.0000;198.0000;0.0000;423.0000;738.0000
204.0000;198.0000;0.0000;427.0000;747.0000
204.0000;197.0000;0.0000;429.0000;756.0000
204.0000;197.0000;0.0000;430.0000;765.0000
203.0000;196.0000;0.0000;432.0000;774.0000
203.0000;196.0000;0.0000;433.0000;783.0000
203.0000;195.0000;0.0000;437.0000;792.0000
202.0000;194.0000;0.0000;440.0000;801.0000
202.0000;194.0000;0.0000;445.0000;810.0000
202.0000;193.0000;0.0000;452.0000;819.0000
201.0000;193.0000;0.0000;463.0000;828.0000
201.0000;192.0000;0.0000;473.0000;837.0000
201.0000;192.0000;0.0000;484.0000;846.0000
200.0000;191.0000;0.0000;496.0000;855.0000
200.0000;191.0000;0.0000;504.0000;864.0000
199.0000;191.0000;0.0000;509.0000;873.0000
198.0000;191.0000;0.0000;511.0000;882.0000
197.0000;191.0000;0.0000;512.0000;891.0000
196.0000;191.0000;0.0000;513.0000;900.0000
195.0000;191.0000;0.0000;515.0000;909.0000
195.0000;191.0000;0.0000;515.0000;918.0000
194.0000;190.0000;0.0000;518.0000;927.0000
193.0000;190.0000;0.0000;519.0000;936.0000
192.0000;190.0000;0.0000;520.0000;945.0000
191.0000;189.0000;0.0000;520.0000;954.0000
190.0000;189.0000;0.0000;520.0000;963.0000
188.0000;189.0000;0.0000;520.0000;972.0000
187.0000;189.0000;0.0000;520.0000;981.0000
186.0000;189.0000;0.0000;520.0000;990.0000
184.0000;189.0000;0.0000;520.0000;999.0000
182.0000;189.0000;0.0000;521.0000;1008.0000
181.0000;190.0000;0.0000;521.0000;1017.0000
179.0000;190.0000;0.0000;521.0000;1026.0000
178.0000;190.0000;0.0000;521.0000;1035.0000
176.0000;190.0000;0.0000;525.0000;1044.0000
174.0000;190.0000;0.0000;528.0000;1053.0000
173.0000;190.0000;0.0000;532.0000;1062.0000
172.0000;190.0000;0.0000;536.0000;1071.0000
170.0000;190.0000;0.0000;538.0000;1080.0000
169.0000;190.0000;0.0000;540.0000;1089.0000
167.0000;190.0000;0.0000;541.0000;1098.0000
166.0000;190.0000;0.0000;543.0000;1107.0000
165.0000;190.0000;0.0000;544.0000;1116.0000
164.0000;190.0000;0.0000;545.0000;1125.0000
163.0000;190.0000;0.0000;544.0000;1134.0000
162.0000;190.0000;0.0000;543.0000;1143.0000
161.0000;191.0000;0.0000;543.0000;1152.0000
160.0000;192.0000;0.0000;542.0000;1161.0000
159.0000;192.0000;0.0000;542.0000;1170.0000
157.0000;193.0000;0.0000;542.0000;1179.0000
156.0000;194.0000;0.0000;542.0000;1188.0000
155.0000;195.0000;0.0000;543.0000;1197.0000
155.0000;195.0000;0.0000;543.0000;1206.0000
154.0000;196.0000;12.0000;543.0000;1215.0000
153.0000;196.0000;0.0000;543.0000;1224.0000
153.0000;197.0000;0.0000;543.0000;1233.0000
152.0000;197.0000;0.0000;543.0000;1242.0000
152.0000;197.0000;0.0000;542.0000;1251.0000
152.0000;197.0000;0.0000;540.0000;1260.0000
152.0000;198.0000;12.0000;539.0000;1269.0000
151.0000;198.0000;0.0000;538.0000;1278.0000
151.0000;199.0000;12.0000;537.0000;1287.0000
151.0000;200.0000;0.0000;536.0000;1296.0000
151.0000;200.0000;0.0000;536.0000;1305.0000
151.0000;201.0000;0.0000;535.0000;1314.0000
151.0000;202.0000;0.0000;534.0000;1323.0000
151.0000;203.0000;0.0000;534.0000;1332.0000
151.0000;204.0000;0.0000;533.0000;1341.0000
151.0000;205.0000;12.0000;533.0000;1350.0000
151.0000;206.0000;24.0000;534.0000;1359.0000
151.0000;206.0000;12.0000;529.0000;1368.0000
152.0000;207.0000;28.0000;528.0000;1377.0000
152.0000;208.0000;0.0000;528.0000;1386.0000
152.0000;208.0000;0.0000;528.0000;1395.0000
152.0000;209.0000;0.0000;528.0000;1404.0000
153.0000;210.0000;0.0000;528.0000;1413.0000
153.0000;211.0000;0.0000;528.0000;1422.0000
153.0000;212.0000;0.0000;528.0000;1431.0000
153.0000;213.0000;0.0000;528.0000;1440.0000
153.0000;214.0000;0.0000;528.0000;1449.0000
153.0000;215.0000;0.0000;528.0000;1458.0000
153.0000;216.0000;0.0000;528.0000;1467.0000
153.0000;217.0000;0.0000;528.0000;1476.0000
153.0000;218.0000;0.0000;528.0000;1485.0000
153.0000;219.0000;0.0000;528.0000;1495.0000
153.0000;220.0000;0.0000;528.0000;1504.0000
153.0000;221.0000;0.0000;528.0000;1513.0000
153.0000;221.0000;0.0000;526.0000;1522.0000
153.0000;222.0000;0.0000;528.0000;1531.0000
153.0000;222.0000;0.0000;528.0000;1540.0000
154.0000;223.0000;0.0000;528.0000;1549.0000
154.0000;223.0000;0.0000;528.0000;1558.0000
154.0000;224.0000;0.0000;528.0000;1567.0000
155.0000;224.0000;0.0000;528.0000;1576.0000
155.0000;225.0000;0.0000;528.0000;1585.0000
155.0000;225.0000;0.0000;529.0000;1594.0000
155.0000;226.0000;0.0000;529.0000;1603.0000
156.0000;226.0000;0.0000;530.0000;1612.0000
156.0000;227.0000;0.0000;531.0000;1621.0000
156.0000;228.0000;0.0000;531.0000;1630.0000
156.0000;228.0000;0.0000;531.0000;1639.0000
156.0000;229.0000;0.0000;531.0000;1648.0000
157.0000;230.0000;0.0000;531.0000;1657.0000
157.0000;231.0000;0.0000;531.0000;1666.0000
157.0000;231.0000;0.0000;531.0000;1675.0000
158.0000;232.0000;0.0000;530.0000;1684.0000
158.0000;232.0000;12.0000;530.0000;1693.0000
158.0000;233.0000;0.0000;531.0000;1702.0000
159.0000;234.0000;0.0000;531.0000;1711.0000
159.0000;234.0000;0.0000;531.0000;1720.0000
159.0000;235.0000;0.0000;531.0000;1729.0000
160.0000;236.0000;0.0000;531.0000;1738.0000
161.0000;236.0000;12.0000;531.0000;1747.0000
161.0000;237.0000;0.0000;531.0000;1756.0000
162.0000;238.0000;0.0000;531.0000;1765.0000
162.0000;239.0000;0.0000;531.0000;1774.0000
163.0000;240.0000;0.0000;532.0000;1783.0000
164.0000;241.0000;0.0000;531.0000;1792.0000
164.0000;242.0000;12.0000;532.0000;1801.0000
165.0000;242.0000;0.0000;532.0000;1810.0000
166.0000;243.0000;0.0000;532.0000;1819.0000
167.0000;244.0000;0.0000;532.0000;1828.0000
168.0000;245.0000;0.0000;532.0000;1837.0000
169.0000;245.0000;0.0000;533.0000;1846.0000
170.0000;246.0000;0.0000;534.0000;1855.0000
171.0000;246.0000;12.0000;535.0000;1864.0000
172.0000;247.0000;0.0000;537.0000;1873.0000
173.0000;247.0000;0.0000;537.0000;1882.0000
174.0000;248.0000;0.0000;538.0000;1891.0000
175.0000;248.0000;0.0000;539.0000;1900.0000
176.0000;249.0000;0.0000;539.0000;1909.0000
177.0000;249.0000;0.0000;539.0000;1918.0000
179.0000;250.0000;0.0000;539.0000;1927.0000
180.0000;250.0000;0.0000;540.0000;1936.0000
181.0000;251.0000;12.0000;540.0000;1945.0000
182.0000;251.0000;0.0000;540.0000;1954.0000
183.0000;252.0000;0.0000;540.0000;1963.0000
185.0000;252.0000;12.0000;541.0000;1972.0000
185.0000;252.0000;0.0000;542.0000;1981.0000
186.0000;253.0000;0.0000;543.0000;1990.0000
187.0000;253.0000;0.0000;543.0000;1999.0000
188.0000;253.0000;0.0000;543.0000;2008.0000
189.0000;253.0000;0.0000;543.0000;2017.0000
190.0000;253.0000;0.0000;544.0000;2026.0000
191.0000;254.0000;0.0000;544.0000;2035.0000
192.0000;254.0000;12.0000;545.0000;2044.0000
193.0000;254.0000;0.0000;546.0000;2053.0000
194.0000;255.0000;0.0000;546.0000;2062.0000
195.0000;255.0000;0.0000;546.0000;2071.0000
196.0000;255.0000;0.0000;547.0000;2080.0000
197.0000;255.0000;0.0000;547.0000;2089.0000
198.0000;256.0000;0.0000;547.0000;2098.0000
199.0000;256.0000;0.0000;548.0000;2107.0000
200.0000;256.0000;0.0000;548.0000;2116.0000
201.0000;256.0000;12.0000;549.0000;2125.0000
202.0000;256.0000;0.0000;550.0000;2134.0000
203.0000;256.0000;0.0000;551.0000;2143.0000
204.0000;256.0000;0.0000;552.0000;2152.0000
205.0000;256.0000;0.0000;552.0000;2161.0000
206.0000;257.0000;0.0000;553.0000;2170.0000
207.0000;257.0000;0.0000;555.0000;2179.0000
208.0000;257.0000;0.0000;555.0000;2188.0000
209.0000;257.0000;0.0000;555.0000;2197.0000
210.0000;257.0000;12.0000;555.0000;2206.0000
211.0000;257.0000;0.0000;555.0000;2215.0000
212.0000;257.0000;0.0000;556.0000;2224.0000
213.0000;257.0000;0.0000;556.0000;2233.0000
214.0000;257.0000;0.0000;556.0000;2242.0000
215.0000;257.0000;0.0000;556.0000;2251.0000
216.0000;257.0000;0.0000;557.0000;2260.0000
217.0000;257.0000;0.0000;557.0000;2269.0000
218.0000;257.0000;0.0000;558.0000;2278.0000
219.0000;256.0000;0.0000;559.0000;2287.0000
220.0000;256.0000;0.0000;559.0000;2296.0000
221.0000;256.0000;0.0000;561.0000;2305.0000
222.0000;256.0000;0.0000;562.0000;2314.0000
223.0000;256.0000;0.0000;562.0000;2323.0000
224.0000;255.0000;12.0000;564.0000;2332.0000
225.0000;255.0000;0.0000;565.0000;2341.0000
226.0000;255.0000;0.0000;568.0000;2350.0000
226.0000;254.0000;0.0000;570.0000;2359.0000
227.0000;254.0000;0.0000;572.0000;2368.0000
228.0000;254.0000;0.0000;574.0000;2377.0000
229.0000;254.0000;0.0000;576.0000;2386.0000
229.0000;253.0000;0.0000;577.0000;2395.0000
230.0000;253.0000;0.0000;578.0000;2404.0000
230.0000;253.0000;0.0000;578.0000;2413.0000
231.0000;252.0000;0.0000;579.0000;2422.0000
231.0000;252.0000;0.0000;578.0000;2431.0000
232.0000;252.0000;0.0000;577.0000;2440.0000
232.0000;252.0000;0.0000;577.0000;2449.0000
233.0000;252.0000;0.0000;577.0000;2458.0000
233.0000;252.0000;0.0000;577.0000;2467.0000
234.0000;251.0000;0.0000;577.0000;2476.0000
235.0000;251.0000;0.0000;577.0000;2485.0000
235.0000;251.0000;12.0000;577.0000;2494.0000
236.0000;251.0000;0.0000;578.0000;2503.0000
236.0000;251.0000;0.0000;579.0000;2512.0000
237.0000;251.0000;0.0000;578.0000;2521.0000
237.0000;251.0000;0.0000;579.0000;2530.0000
238.0000;250.0000;12.0000;579.0000;2539.0000
238.0000;250.0000;0.0000;580.0000;2548.0000
239.0000;250.0000;0.0000;580.0000;2557.0000
239.0000;250.0000;0.0000;580.0000;2566.0000
240.0000;249.0000;0.0000;582.0000;2575.0000
240.0000;249.0000;0.0000;583.0000;2584.0000
241.0000;248.0000;0.0000;584.0000;2593.0000
241.0000;247.0000;0.0000;586.0000;2602.0000
242.0000;247.0000;0.0000;587.0000;2611.0000
243.0000;246.0000;0.0000;588.0000;2620.0000
243.0000;245.0000;0.0000;587.0000;2629.0000
244.0000;244.0000;0.0000;589.0000;2638.0000
244.0000;243.0000;0.0000;589.0000;2647.0000
245.0000;242.0000;0.0000;589.0000;2656.0000
245.0000;241.0000;0.0000;589.0000;2665.0000
246.0000;240.0000;0.0000;590.0000;2674.0000
247.0000;239.0000;0.0000;589.0000;2683.0000
247.0000;237.0000;0.0000;590.0000;2692.0000
248.0000;236.0000;0.0000;590.0000;2701.0000
249.0000;235.0000;0.0000;592.0000;2710.0000
249.0000;234.0000;0.0000;592.0000;2719.0000
250.0000;233.0000;0.0000;592.0000;2728.0000
251.0000;232.0000;0.0000;590.0000;2737.0000
251.0000;231.0000;0.0000;595.0000;2746.0000
252.0000;229.0000;0.0000;592.0000;2755.0000
253.0000;228.0000;0.0000;590.0000;2764.0000
254.0000;227.0000;0.0000;594.0000;2773.0000
255.0000;226.0000;12.0000;592.0000;2783.0000
256.0000;225.0000;0.0000;590.0000;2792.0000
256.0000;223.0000;0.0000;592.0000;2801.0000
257.0000;222.0000;0.0000;595.0000;2810.0000
258.0000;221.0000;0.0000;592.0000;2819.0000
259.0000;219.0000;0.0000;594.0000;2828.0000
260.0000;218.0000;0.0000;596.0000;2837.0000
261.0000;216.0000;0.0000;596.0000;2846.0000
262.0000;215.0000;0.0000;596.0000;2855.0000
263.0000;213.0000;12.0000;585.0000;2864.0000
264.0000;212.0000;0.0000;594.0000;2873.0000
265.0000;211.0000;12.0000;585.0000;2882.0000
266.0000;210.0000;24.0000;594.0000;2891.0000
266.0000;208.0000;12.0000;594.0000;2900.0000
267.0000;207.0000;28.0000;594.0000;2909.0000
268.0000;206.0000;0.0000;596.0000;2918.0000
269.0000;205.0000;0.0000;594.0000;2927.0000
269.0000;204.0000;0.0000;589.0000;2936.0000
270.0000;203.0000;0.0000;584.0000;2945.0000
270.0000;202.0000;0.0000;599.0000;2954.0000
271.0000;201.0000;0.0000;600.0000;2963.0000
271.0000;201.0000;0.0000;601.0000;2972.0000
272.0000;200.0000;0.0000;602.0000;2981.0000
272.0000;199.0000;0.0000;603.0000;2990.0000
272.0000;198.0000;0.0000;605.0000;2999.0000
272.0000;197.0000;0.0000;606.0000;3008.0000
272.0000;196.0000;0.0000;607.0000;3017.0000
272.0000;195.0000;0.0000;608.0000;3026.0000
272.0000;195.0000;0.0000;609.0000;3035.0000
272.0000;194.0000;0.0000;614.0000;3044.0000
272.0000;193.0000;0.0000;614.0000;3053.0000
272.0000;192.0000;0.0000;612.0000;3062.0000
272.0000;192.0000;0.0000;614.0000;3071.0000
272.0000;191.0000;0.0000;613.0000;3080.0000
272.0000;190.0000;0.0000;617.0000;3089.0000
271.0000;189.0000;0.0000;615.0000;3098.0000
271.0000;189.0000;0.0000;614.0000;3107.0000
271.0000;188.0000;0.0000;614.0000;3116.0000
270.0000;187.0000;0.0000;616.0000;3125.0000
270.0000;187.0000;0.0000;616.0000;3134.0000
269.0000;186.0000;0.0000;617.0000;3143.0000
269.0000;185.0000;0.0000;617.0000;3152.0000
268.0000;184.0000;0.0000;617.0000;3161.0000
268.0000;184.0000;0.0000;618.0000;3170.0000
267.0000;183.0000;0.0000;620.0000;3179.0000
267.0000;182.0000;0.0000;618.0000;3188.0000
266.0000;182.0000;0.0000;620.0000;3197.0000
265.0000;181.0000;0.0000;619.0000;3206.0000
265.0000;180.0000;0.0000;621.0000;3215.0000
264.0000;180.0000;0.0000;620.0000;3224.0000
263.0000;179.0000;0.0000;621.0000;3233.0000
263.0000;179.0000;0.0000;620.0000;3242.0000
262.0000;178.0000;0.0000;622.0000;3251.0000
261.0000;178.0000;0.0000;620.0000;3260.0000
261.0000;177.0000;0.0000;620.0000;3269.0000
260.0000;176.0000;0.0000;627.0000;3278.0000
260.0000;176.0000;0.0000;623.0000;3287.0000
259.0000;175.0000;12.0000;621.0000;3296.0000
259.0000;174.0000;0.0000;620.0000;3305.0000
258.0000;173.0000;0.0000;620.0000;3314.0000
258.0000;172.0000;0.0000;620.0000;3323.0000
258.0000;171.0000;0.0000;620.0000;3332.0000
258.0000;170.0000;0.0000;620.0000;3341.0000
258.0000;169.0000;0.0000;620.0000;3350.0000
258.0000;167.0000;12.0000;624.0000;3359.0000
258.0000;166.0000;0.0000;619.0000;3368.0000
257.0000;165.0000;0.0000;620.0000;3377.0000
257.0000;164.0000;0.0000;620.0000;3386.0000
257.0000;163.0000;12.0000;620.0000;3395.0000
257.0000;161.0000;0.0000;621.0000;3404.0000
256.0000;160.0000;12.0000;623.0000;3413.0000
256.0000;159.0000;0.0000;627.0000;3422.0000
256.0000;159.0000;0.0000;623.0000;3431.0000
255.0000;158.0000;0.0000;621.0000;3440.0000
254.0000;157.0000;12.0000;622.0000;3449.0000
254.0000;155.0000;0.0000;627.0000;3458.0000
253.0000;154.0000;12.0000;623.0000;3467.0000
253.0000;153.0000;0.0000;622.0000;3476.0000
252.0000;151.0000;0.0000;623.0000;3485.0000
251.0000;150.0000;0.0000;622.0000;3494.0000
250.0000;149.0000;0.0000;623.0000;3503.0000
250.0000;147.0000;0.0000;622.0000;3512.0000
249.0000;146.0000;0.0000;622.0000;3521.0000
248.0000;144.0000;0.0000;623.0000;3530.0000
248.0000;143.0000;0.0000;622.0000;3539.0000
247.0000;141.0000;0.0000;622.0000;3548.0000
246.0000;140.0000;0.0000;620.0000;3557.0000
245.0000;139.0000;0.0000;627.0000;3566.0000
244.0000;137.0000;0.0000;627.0000;3575.0000
243.0000;136.0000;0.0000;622.0000;3584.0000
242.0000;135.0000;0.0000;627.0000;3593.0000
241.0000;134.0000;0.0000;622.0000;3602.0000
239.0000;133.0000;0.0000;622.0000;3611.0000
238.0000;133.0000;0.0000;623.0000;3620.0000
236.0000;132.0000;0.0000;623.0000;3629.0000
234.0000;131.0000;0.0000;623.0000;3638.0000
233.0000;131.0000;0.0000;621.0000;3647.0000
231.0000;130.0000;0.0000;623.0000;3656.0000
229.0000;130.0000;0.0000;622.0000;3665.0000
227.0000;129.0000;12.0000;622.0000;3674.0000
225.0000;128.0000;0.0000;623.0000;3683.0000
224.0000;128.0000;0.0000;621.0000;3692.0000
222.0000;127.0000;0.0000;622.0000;3701.0000
220.0000;127.0000;0.0000;621.0000;3710.0000
218.0000;127.0000;0.0000;622.0000;3719.0000
216.0000;126.0000;0.0000;621.0000;3728.0000
214.0000;126.0000;0.0000;620.0000;3737.0000
212.0000;126.0000;0.0000;620.0000;3746.0000
210.0000;126.0000;0.0000;620.0000;3755.0000
208.0000;126.0000;0.0000;620.0000;3764.0000
206.0000;126.0000;0.0000;620.0000;3773.0000
204.0000;126.0000;0.0000;620.0000;3782.0000
201.0000;127.0000;0.0000;620.0000;3791.0000
199.0000;127.0000;0.0000;620.0000;3800.0000
197.0000;127.0000;0.0000;623.0000;3809.0000
195.0000;127.0000;0.0000;624.0000;3818.0000
194.0000;128.0000;0.0000;620.0000;3827.0000
192.0000;128.0000;0.0000;620.0000;3836.0000
190.0000;128.0000;0.0000;621.0000;3845.0000
189.0000;128.0000;0.0000;620.0000;3854.0000
187.0000;128.0000;0.0000;621.0000;3863.0000
186.0000;128.0000;0.0000;621.0000;3872.0000
184.0000;128.0000;0.0000;620.0000;3881.0000
182.0000;128.0000;0.0000;620.0000;3890.0000
181.0000;128.0000;0.0000;622.0000;3899.0000
179.0000;128.0000;0.0000;620.0000;3908.0000
178.0000;128.0000;0.0000;619.0000;3917.0000
177.0000;128.0000;0.0000;618.0000;3926.0000
175.0000;129.0000;0.0000;618.0000;3935.0000
174.0000;129.0000;0.0000;622.0000;3944.0000
173.0000;130.0000;0.0000;618.0000;3953.0000
171.0000;130.0000;0.0000;618.0000;3962.0000
170.0000;130.0000;0.0000;619.0000;3971.0000
169.0000;130.0000;0.0000;619.0000;3980.0000
168.0000;131.0000;0.0000;619.0000;3989.0000
168.0000;131.0000;0.0000;619.0000;3998.0000
167.0000;131.0000;0.0000;619.0000;4007.0000
166.0000;131.0000;0.0000;619.0000;4016.0000
165.0000;131.0000;0.0000;619.0000;4025.0000
164.0000;131.0000;0.0000;620.0000;4034.0000
163.0000;131.0000;0.0000;620.0000;4043.0000
163.0000;132.0000;0.0000;620.0000;4052.0000
162.0000;132.0000;0.0000;620.0000;4061.0000
161.0000;132.0000;0.0000;619.0000;4071.0000
160.0000;132.0000;0.0000;621.0000;4080.0000
160.0000;132.0000;0.0000;617.0000;4089.0000
159.0000;133.0000;0.0000;615.0000;4098.0000
158.0000;133.0000;0.0000;614.0000;4107.0000
157.0000;134.0000;0.0000;615.0000;4116.0000
156.0000;134.0000;0.0000;614.0000;4125.0000
155.0000;135.0000;0.0000;614.0000;4134.0000
154.0000;135.0000;0.0000;614.0000;4143.0000
153.0000;136.0000;0.0000;620.0000;4152.0000
152.0000;137.0000;0.0000;617.0000;4161.0000
151.0000;137.0000;0.0000;617.0000;4170.0000
150.0000;137.0000;0.0000;619.0000;4179.0000
149.0000;138.0000;0.0000;619.0000;4188.0000
148.0000;138.0000;0.0000;618.0000;4197.0000
147.0000;138.0000;0.0000;619.0000;4206.0000
146.0000;138.0000;0.0000;619.0000;4215.0000
145.0000;138.0000;0.0000;623.0000;4224.0000
144.0000;138.0000;0.0000;620.0000;4233.0000
143.0000;139.0000;0.0000;620.0000;4242.0000
142.0000;139.0000;0.0000;617.0000;4251.0000
140.0000;139.0000;0.0000;618.0000;4260.0000
139.0000;139.0000;0.0000;619.0000;4269.0000
138.0000;139.0000;0.0000;619.0000;4278.0000
137.0000;140.0000;0.0000;619.0000;4287.0000
135.0000;140.0000;0.0000;617.0000;4296.0000
134.0000;140.0000;0.0000;618.0000;4305.0000
132.0000;141.0000;0.0000;617.0000;4314.0000
131.0000;142.0000;0.0000;617.0000;4323.0000
129.0000;142.0000;0.0000;617.0000;4332.0000
128.0000;143.0000;0.0000;615.0000;4341.0000
127.0000;144.0000;0.0000;620.0000;4350.0000
125.0000;145.0000;0.0000;616.0000;4359.0000
124.0000;145.0000;12.0000;616.0000;4368.0000
123.0000;146.0000;0.0000;616.0000;4377.0000
122.0000;147.0000;0.0000;618.0000;4386.0000
121.0000;148.0000;0.0000;615.0000;4395.0000
120.0000;149.0000;0.0000;614.0000;4404.0000
119.0000;149.0000;12.0000;614.0000;4413.0000
119.0000;150.0000;0.0000;614.0000;4422.0000
118.0000;151.0000;0.0000;613.0000;4431.0000
117.0000;151.0000;0.0000;612.0000;4440.0000
117.0000;152.0000;0.0000;611.0000;4449.0000
116.0000;153.0000;0.0000;609.0000;4458.0000
116.0000;154.0000;0.0000;608.0000;4467.0000
116.0000;155.0000;0.0000;608.0000;4476.0000
115.0000;156.0000;0.0000;607.0000;4485.0000
115.0000;158.0000;0.0000;607.0000;4494.0000
115.0000;159.0000;0.0000;607.0000;4503.0000
115.0000;160.0000;0.0000;605.0000;4512.0000
114.0000;161.0000;0.0000;605.0000;4521.0000
114.0000;162.0000;0.0000;606.0000;4530.0000
114.0000;164.0000;0.0000;605.0000;4539.0000
114.0000;165.0000;0.0000;605.0000;4548.0000
114.0000;166.0000;0.0000;605.0000;4557.0000
114.0000;167.0000;0.0000;604.0000;4566.0000
114.0000;168.0000;0.0000;604.0000;4575.0000
114.0000;169.0000;0.0000;605.0000;4584.0000
114.0000;170.0000;0.0000;604.0000;4593.0000
114.0000;172.0000;0.0000;603.0000;4602.0000
115.0000;173.0000;0.0000;605.0000;4611.0000
115.0000;175.0000;0.0000;605.0000;4620.0000
115.0000;176.0000;0.0000;605.0000;4629.0000
115.0000;177.0000;0.0000;605.0000;4638.0000
115.0000;179.0000;0.0000;605.0000;4647.0000
114.0000;180.0000;0.0000;605.0000;4656.0000
114.0000;181.0000;0.0000;605.0000;4665.0000
114.0000;182.0000;0.0000;604.0000;4674.0000
114.0000;184.0000;0.0000;604.0000;4683.0000
114.0000;185.0000;0.0000;605.0000;4692.0000
114.0000;185.0000;0.0000;605.0000;4701.0000
114.0000;186.0000;0.0000;603.0000;4710.0000
114.0000;187.0000;0.0000;602.0000;4719.0000
115.0000;188.0000;0.0000;603.0000;4728.0000
115.0000;189.0000;0.0000;604.0000;4737.0000
115.0000;189.0000;0.0000;605.0000;4746.0000
115.0000;190.0000;0.0000;603.0000;4755.0000
115.0000;191.0000;0.0000;604.0000;4764.0000
115.0000;192.0000;0.0000;604.0000;4773.0000
115.0000;193.0000;0.0000;605.0000;4782.0000
115.0000;194.0000;0.0000;608.0000;4791.0000
115.0000;195.0000;0.0000;604.0000;4800.0000
115.0000;196.0000;0.0000;606.0000;4809.0000
115.0000;197.0000;0.0000;604.0000;4818.0000
115.0000;198.0000;0.0000;604.0000;4827.0000
114.0000;199.0000;12.0000;605.0000;4836.0000
114.0000;200.0000;0.0000;604.0000;4845.0000
114.0000;201.0000;12.0000;603.0000;4854.0000
114.0000;202.0000;0.0000;602.0000;4863.0000
114.0000;202.0000;0.0000;603.0000;4872.0000
114.0000;203.0000;0.0000;604.0000;4881.0000
114.0000;204.0000;12.0000;602.0000;4890.0000
114.0000;205.0000;12.0000;605.0000;4899.0000
114.0000;206.0000;12.0000;599.0000;4908.0000
114.0000;207.0000;28.0000;601.0000;4917.0000
114.0000;208.0000;0.0000;599.0000;4926.0000
113.0000;209.0000;0.0000;599.0000;4935.0000
113.0000;210.0000;0.0000;599.0000;4944.0000
113.0000;211.0000;0.0000;599.0000;4953.0000
113.0000;211.0000;0.0000;601.0000;4962.0000
112.0000;212.0000;0.0000;597.0000;4971.0000
112.0000;213.0000;0.0000;598.0000;4980.0000
112.0000;214.0000;0.0000;599.0000;4989.0000
112.0000;216.0000;0.0000;602.0000;4998.0000
112.0000;217.0000;0.0000;599.0000;5007.0000
111.0000;218.0000;0.0000;599.0000;5016.0000
111.0000;219.0000;12.0000;599.0000;5025.0000
111.0000;220.0000;0.0000;603.0000;5034.0000
110.0000;221.0000;0.0000;602.0000;5043.0000
110.0000;222.0000;0.0000;599.0000;5052.0000
110.0000;223.0000;0.0000;599.0000;5061.0000
110.0000;224.0000;0.0000;599.0000;5070.0000
110.0000;225.0000;0.0000;599.0000;5079.0000
110.0000;225.0000;0.0000;600.0000;5088.0000
110.0000;226.0000;0.0000;597.0000;5097.0000
110.0000;227.0000;0.0000;597.0000;5106.0000
110.0000;227.0000;0.0000;601.0000;5115.0000
110.0000;228.0000;0.0000;601.0000;5124.0000
110.0000;229.0000;0.0000;598.0000;5133.0000
110.0000;230.0000;0.0000;602.0000;5142.0000
110.0000;231.0000;0.0000;596.0000;5151.0000
110.0000;232.0000;0.0000;599.0000;5160.0000
110.0000;233.0000;0.0000;601.0000;5169.0000
110.0000;234.0000;0.0000;598.0000;5178.0000
110.0000;235.0000;0.0000;597.0000;5187.0000
110.0000;236.0000;0.0000;599.0000;5196.0000
110.0000;237.0000;12.0000;596.0000;5205.0000
110.0000;238.0000;0.0000;598.0000;5214.0000
110.0000;238.0000;0.0000;597.0000;5223.0000
110.0000;239.0000;0.0000;600.0000;5232.0000
110.0000;240.0000;0.0000;596.0000;5241.0000
111.0000;241.0000;12.0000;598.0000;5250.0000
111.0000;242.0000;0.0000;598.0000;5259.0000
111.0000;242.0000;0.0000;598.0000;5268.0000
111.0000;243.0000;0.0000;599.0000;5277.0000
112.0000;244.0000;0.0000;601.0000;5286.0000
112.0000;245.0000;0.0000;599.0000;5295.0000
113.0000;246.0000;0.0000;600.0000;5304.0000
113.0000;247.0000;12.0000;599.0000;5313.0000
114.0000;248.0000;0.0000;601.0000;5322.0000
114.0000;250.0000;12.0000;601.0000;5331.0000
115.0000;251.0000;0.0000;602.0000;5340.0000
115.0000;252.0000;12.0000;602.0000;5349.0000
116.0000;254.0000;0.0000;601.0000;5359.0000
116.0000;255.0000;0.0000;605.0000;5368.0000
117.0000;256.0000;0.0000;601.0000;5377.0000
118.0000;257.0000;0.0000;599.0000;5386.0000
119.0000;258.0000;0.0000;600.0000;5395.0000
119.0000;259.0000;0.0000;600.0000;5404.0000
120.0000;260.0000;0.0000;602.0000;5413.0000
121.0000;261.0000;0.0000;602.0000;5422.0000
122.0000;262.0000;0.0000;603.0000;5431.0000
123.0000;263.0000;0.0000;603.0000;5440.0000
124.0000;264.0000;0.0000;602.0000;5449.0000
125.0000;265.0000;0.0000;604.0000;5458.0000
126.0000;267.0000;0.0000;604.0000;5467.0000
127.0000;268.0000;0.0000;604.0000;5476.0000
128.0000;269.0000;0.0000;605.0000;5485.0000
129.0000;270.0000;12.0000;605.0000;5494.0000
130.0000;271.0000;0.0000;604.0000;5503.0000
131.0000;273.0000;0.0000;609.0000;5512.0000
133.0000;274.0000;0.0000;605.0000;5521.0000
134.0000;275.0000;0.0000;604.0000;5530.0000
135.0000;276.0000;0.0000;605.0000;5539.0000
136.0000;277.0000;0.0000;609.0000;5548.0000
137.0000;278.0000;0.0000;605.0000;5557.0000
138.0000;280.0000;0.0000;605.0000;5566.0000
139.0000;281.0000;0.0000;605.0000;5575.0000
140.0000;282.0000;0.0000;606.0000;5584.0000
141.0000;283.0000;0.0000;604.0000;5593.0000
142.0000;284.0000;0.0000;605.0000;5602.0000
143.0000;285.0000;0.0000;605.0000;5611.0000
144.0000;286.0000;0.0000;606.0000;5620.0000
145.0000;287.0000;0.0000;609.0000;5629.0000
146.0000;288.0000;0.0000;605.0000;5638.0000
147.0000;289.0000;0.0000;606.0000;5647.0000
148.0000;290.0000;0.0000;605.0000;5656.0000
149.0000;291.0000;0.0000;607.0000;5665.0000
150.0000;292.0000;12.0000;608.0000;5674.0000
151.0000;293.0000;0.0000;608.0000;5683.0000
152.0000;294.0000;0.0000;607.0000;5692.0000
153.0000;294.0000;12.0000;608.0000;5701.0000
154.0000;295.0000;0.0000;607.0000;5710.0000
155.0000;296.0000;0.0000;606.0000;5719.0000
156.0000;297.0000;12.0000;606.0000;5728.0000
157.0000;298.0000;0.0000;607.0000;5737.0000
158.0000;298.0000;0.0000;605.0000;5746.0000
158.0000;299.0000;0.0000;608.0000;5755.0000
159.0000;300.0000;0.0000;608.0000;5764.0000
160.0000;300.0000;0.0000;606.0000;5773.0000
161.0000;301.0000;0.0000;611.0000;5782.0000
162.0000;302.0000;0.0000;610.0000;5791.0000
162.0000;303.0000;0.0000;607.0000;5800.0000
163.0000;304.0000;0.0000;608.0000;5809.0000
164.0000;305.0000;0.0000;608.0000;5818.0000
164.0000;305.0000;0.0000;608.0000;5827.0000
165.0000;306.0000;0.0000;609.0000;5836.0000
165.0000;307.0000;12.0000;608.0000;5845.0000
166.0000;308.0000;0.0000;609.0000;5854.0000
166.0000;309.0000;0.0000;609.0000;5863.0000
167.0000;310.0000;0.0000;609.0000;5872.0000
167.0000;311.0000;0.0000;609.0000;5881.0000
168.0000;311.0000;0.0000;609.0000;5890.0000
168.0000;312.0000;12.0000;611.0000;5899.0000
169.0000;313.0000;0.0000;609.0000;5908.0000
169.0000;314.0000;0.0000;609.0000;5917.0000
170.0000;314.0000;0.0000;609.0000;5926.0000
170.0000;315.0000;0.0000;611.0000;5935.0000
171.0000;315.0000;0.0000;609.0000;5944.0000
172.0000;316.0000;0.0000;608.0000;5953.0000
172.0000;317.0000;0.0000;608.0000;5962.0000
173.0000;317.0000;0.0000;608.0000;5971.0000
173.0000;318.0000;0.0000;611.0000;5980.0000
174.0000;318.0000;0.0000;608.0000;5989.0000
175.0000;318.0000;0.0000;609.0000;5998.0000
176.0000;319.0000;12.0000;611.0000;6007.0000
177.0000;319.0000;0.0000;610.0000;6016.0000
177.0000;319.0000;0.0000;614.0000;6025.0000
178.0000;320.0000;0.0000;610.0000;6034.0000
179.0000;320.0000;0.0000;609.0000;6043.0000
179.0000;320.0000;0.0000;609.0000;6052.0000
180.0000;320.0000;0.0000;610.0000;6061.0000
181.0000;320.0000;0.0000;609.0000;6070.0000
182.0000;320.0000;0.0000;614.0000;6079.0000
183.0000;320.0000;0.0000;610.0000;6088.0000
184.0000;320.0000;0.0000;610.0000;6097.0000
185.0000;320.0000;0.0000;611.0000;6106.0000
186.0000;320.0000;0.0000;611.0000;6115.0000
187.0000;320.0000;0.0000;613.0000;6124.0000
188.0000;319.0000;12.0000;612.0000;6133.0000
189.0000;319.0000;0.0000;612.0000;6142.0000
191.0000;319.0000;0.0000;612.0000;6151.0000
192.0000;319.0000;0.0000;612.0000;6160.0000
193.0000;319.0000;0.0000;613.0000;6169.0000
194.0000;318.0000;0.0000;611.0000;6178.0000
196.0000;318.0000;0.0000;612.0000;6187.0000
197.0000;318.0000;0.0000;612.0000;6196.0000
198.0000;318.0000;0.0000;614.0000;6205.0000
199.0000;318.0000;0.0000;613.0000;6214.0000
201.0000;318.0000;0.0000;612.0000;6223.0000
202.0000;318.0000;0.0000;613.0000;6232.0000
203.0000;317.0000;0.0000;612.0000;6241.0000
205.0000;317.0000;0.0000;614.0000;6250.0000
206.0000;317.0000;0.0000;614.0000;6259.0000
207.0000;317.0000;0.0000;613.0000;6268.0000
208.0000;317.0000;0.0000;613.0000;6277.0000
209.0000;317.0000;0.0000;613.0000;6286.0000
211.0000;316.0000;0.0000;612.0000;6295.0000
212.0000;316.0000;0.0000;611.0000;6304.0000
213.0000;316.0000;0.0000;612.0000;6313.0000
214.0000;316.0000;0.0000;613.0000;6322.0000
215.0000;316.0000;0.0000;613.0000;6331.0000
217.0000;316.0000;0.0000;613.0000;6340.0000
218.0000;316.0000;0.0000;614.0000;6349.0000
219.0000;315.0000;0.0000;613.0000;6358.0000
220.0000;315.0000;0.0000;613.0000;6367.0000
221.0000;315.0000;0.0000;614.0000;6376.0000
222.0000;315.0000;0.0000;614.0000;6385.0000
224.0000;314.0000;12.0000;614.0000;6394.0000
225.0000;314.0000;0.0000;614.0000;6403.0000
226.0000;314.0000;0.0000;614.0000;6412.0000
227.0000;313.0000;0.0000;614.0000;6421.0000
228.0000;313.0000;0.0000;614.0000;6430.0000
229.0000;313.0000;0.0000;615.0000;6439.0000
230.0000;312.0000;0.0000;615.0000;6448.0000
231.0000;312.0000;0.0000;614.0000;6457.0000
232.0000;312.0000;0.0000;614.0000;6466.0000
233.0000;312.0000;0.0000;619.0000;6475.0000
233.0000;311.0000;0.0000;615.0000;6484.0000
234.0000;311.0000;0.0000;615.0000;6493.0000
235.0000;311.0000;0.0000;615.0000;6502.0000
235.0000;311.0000;0.0000;614.0000;6511.0000
236.0000;310.0000;12.0000;616.0000;6520.0000
236.0000;310.0000;0.0000;614.0000;6529.0000
237.0000;310.0000;0.0000;615.0000;6538.0000
237.0000;310.0000;0.0000;616.0000;6547.0000
238.0000;310.0000;0.0000;616.0000;6556.0000
238.0000;310.0000;0.0000;620.0000;6565.0000
239.0000;310.0000;0.0000;616.0000;6574.0000
239.0000;309.0000;0.0000;615.0000;6583.0000
240.0000;309.0000;0.0000;616.0000;6592.0000
240.0000;309.0000;0.0000;616.0000;6601.0000
241.0000;309.0000;12.0000;616.0000;6610.0000
242.0000;309.0000;0.0000;616.0000;6619.0000
242.0000;309.0000;0.0000;619.0000;6628.0000
243.0000;308.0000;0.0000;615.0000;6638.0000
244.0000;308.0000;0.0000;614.0000;6647.0000
244.0000;308.0000;0.0000;614.0000;6656.0000
245.0000;308.0000;0.0000;614.0000;6665.0000
245.0000;308.0000;0.0000;614.0000;6674.0000
246.0000;308.0000;0.0000;614.0000;6683.0000
247.0000;308.0000;0.0000;614.0000;6692.0000
247.0000;308.0000;0.0000;614.0000;6701.0000
248.0000;308.0000;12.0000;614.0000;6710.0000
249.0000;308.0000;0.0000;614.0000;6719.0000
249.0000;308.0000;0.0000;614.0000;6728.0000
250.0000;308.0000;0.0000;614.0000;6737.0000
251.0000;308.0000;0.0000;615.0000;6746.0000
253.0000;308.0000;0.0000;615.0000;6755.0000
254.0000;307.0000;0.0000;615.0000;6764.0000
255.0000;307.0000;0.0000;615.0000;6773.0000
256.0000;307.0000;0.0000;620.0000;6782.0000
258.0000;306.0000;0.0000;617.0000;6791.0000
259.0000;306.0000;12.0000;618.0000;6800.0000
261.0000;305.0000;0.0000;617.0000;6809.0000
262.0000;304.0000;12.0000;618.0000;6818.0000
264.0000;304.0000;0.0000;617.0000;6827.0000
265.0000;303.0000;0.0000;617.0000;6836.0000
267.0000;302.0000;0.0000;617.0000;6845.0000
268.0000;301.0000;0.0000;617.0000;6854.0000
270.0000;301.0000;0.0000;617.0000;6863.0000
271.0000;300.0000;0.0000;617.0000;6872.0000
273.0000;300.0000;0.0000;618.0000;6881.0000
274.0000;299.0000;0.0000;617.0000;6890.0000
276.0000;298.0000;0.0000;618.0000;6899.0000
277.0000;298.0000;0.0000;619.0000;6908.0000
279.0000;297.0000;0.0000;617.0000;6917.0000
281.0000;296.0000;0.0000;617.0000;6926.0000
283.0000;296.0000;0.0000;618.0000;6935.0000
284.0000;295.0000;0.0000;617.0000;6944.0000
285.0000;294.0000;0.0000;618.0000;6953.0000
287.0000;294.0000;0.0000;619.0000;6962.0000
288.0000;293.0000;0.0000;619.0000;6971.0000
289.0000;292.0000;0.0000;622.0000;6980.0000
291.0000;291.0000;0.0000;619.0000;6989.0000
292.0000;291.0000;0.0000;619.0000;6998.0000
293.0000;290.0000;0.0000;620.0000;7007.0000
295.0000;289.0000;0.0000;620.0000;7016.0000
296.0000;288.0000;0.0000;620.0000;7025.0000
297.0000;287.0000;12.0000;620.0000;7034.0000
298.0000;287.0000;0.0000;625.0000;7043.0000
299.0000;286.0000;0.0000;624.0000;7052.0000
300.0000;285.0000;0.0000;627.0000;7061.0000
301.0000;285.0000;0.0000;624.0000;7070.0000
302.0000;284.0000;0.0000;623.0000;7079.0000
303.0000;283.0000;0.0000;624.0000;7088.0000
304.0000;282.0000;0.0000;625.0000;7097.0000
305.0000;281.0000;0.0000;627.0000;7106.0000
306.0000;280.0000;0.0000;627.0000;7115.0000
307.0000;279.0000;0.0000;627.0000;7124.0000
308.0000;277.0000;0.0000;625.0000;7133.0000
308.0000;276.0000;0.0000;627.0000;7142.0000
310.0000;275.0000;0.0000;629.0000;7151.0000
311.0000;273.0000;0.0000;627.0000;7160.0000
312.0000;272.0000;12.0000;627.0000;7169.0000
313.0000;270.0000;0.0000;628.0000;7178.0000
313.0000;269.0000;0.0000;627.0000;7187.0000
314.0000;268.0000;0.0000;627.0000;7196.0000
315.0000;267.0000;0.0000;627.0000;7205.0000
316.0000;266.0000;12.0000;629.0000;7214.0000
317.0000;264.0000;0.0000;629.0000;7223.0000
317.0000;263.0000;0.0000;630.0000;7232.0000
318.0000;262.0000;12.0000;629.0000;7241.0000
319.0000;261.0000;0.0000;629.0000;7250.0000
320.0000;260.0000;0.0000;629.0000;7259.0000
321.0000;258.0000;0.0000;632.0000;7268.0000
321.0000;257.0000;0.0000;630.0000;7277.0000
322.0000;256.0000;12.0000;629.0000;7286.0000
323.0000;254.0000;0.0000;630.0000;7295.0000
324.0000;253.0000;0.0000;629.0000;7304.0000
325.0000;251.0000;0.0000;630.0000;7313.0000
325.0000;250.0000;0.0000;633.0000;7322.0000
326.0000;249.0000;0.0000;631.0000;7331.0000
327.0000;247.0000;0.0000;629.0000;7340.0000
328.0000;245.0000;0.0000;630.0000;7349.0000
330.0000;244.0000;0.0000;630.0000;7358.0000
331.0000;242.0000;0.0000;631.0000;7367.0000
332.0000;241.0000;0.0000;630.0000;7376.0000
333.0000;239.0000;0.0000;635.0000;7385.0000
334.0000;238.0000;0.0000;630.0000;7394.0000
335.0000;236.0000;0.0000;635.0000;7403.0000
336.0000;234.0000;0.0000;632.0000;7412.0000
337.0000;233.0000;0.0000;631.0000;7421.0000
338.0000;231.0000;0.0000;634.0000;7430.0000
338.0000;229.0000;0.0000;634.0000;7439.0000
339.0000;227.0000;0.0000;632.0000;7448.0000
340.0000;225.0000;0.0000;630.0000;7457.0000
341.0000;224.0000;0.0000;632.0000;7466.0000
342.0000;222.0000;0.0000;630.0000;7475.0000
343.0000;221.0000;0.0000;633.0000;7484.0000
343.0000;219.0000;0.0000;633.0000;7493.0000
344.0000;218.0000;0.0000;632.0000;7502.0000
345.0000;216.0000;0.0000;638.0000;7511.0000
345.0000;215.0000;12.0000;634.0000;7520.0000
346.0000;214.0000;0.0000;638.0000;7529.0000
346.0000;213.0000;12.0000;634.0000;7538.0000
346.0000;211.0000;12.0000;636.0000;7547.0000
347.0000;210.0000;0.0000;637.0000;7556.0000
347.0000;209.0000;12.0000;635.0000;7565.0000
347.0000;208.0000;12.0000;636.0000;7574.0000
347.0000;207.0000;12.0000;638.0000;7583.0000
347.0000;206.0000;0.0000;645.0000;7592.0000
347.0000;205.0000;0.0000;641.0000;7601.0000
347.0000;204.0000;0.0000;633.0000;7610.0000
347.0000;203.0000;0.0000;650.0000;7619.0000
347.0000;203.0000;0.0000;657.0000;7628.0000
346.0000;202.0000;0.0000;654.0000;7637.0000
346.0000;201.0000;0.0000;654.0000;7646.0000
345.0000;201.0000;0.0000;655.0000;7655.0000
345.0000;200.0000;0.0000;656.0000;7664.0000
344.0000;199.0000;0.0000;657.0000;7673.0000
344.0000;199.0000;0.0000;655.0000;7682.0000
343.0000;198.0000;0.0000;657.0000;7691.0000
342.0000;197.0000;0.0000;657.0000;7700.0000
341.0000;197.0000;0.0000;662.0000;7709.0000
340.0000;196.0000;0.0000;657.0000;7718.0000
340.0000;195.0000;0.0000;657.0000;7727.0000
339.0000;194.0000;0.0000;657.0000;7736.0000
338.0000;193.0000;0.0000;660.0000;7745.0000
337.0000;191.0000;0.0000;660.0000;7754.0000
336.0000;190.0000;0.0000;660.0000;7763.0000
335.0000;189.0000;0.0000;660.0000;7772.0000
335.0000;187.0000;0.0000;660.0000;7781.0000
334.0000;185.0000;0.0000;658.0000;7790.0000
333.0000;183.0000;0.0000;658.0000;7799.0000
332.0000;181.0000;0.0000;658.0000;7808.0000
332.0000;179.0000;0.0000;660.0000;7817.0000
331.0000;178.0000;0.0000;660.0000;7826.0000
330.0000;176.0000;0.0000;660.0000;7835.0000
329.0000;174.0000;0.0000;660.0000;7844.0000
328.0000;172.0000;0.0000;660.0000;7853.0000
327.0000;170.0000;12.0000;660.0000;7862.0000
326.0000;168.0000;0.0000;663.0000;7871.0000
325.0000;166.0000;12.0000;660.0000;7880.0000
324.0000;164.0000;0.0000;660.0000;7889.0000
324.0000;162.0000;12.0000;660.0000;7898.0000
323.0000;159.0000;0.0000;660.0000;7907.0000
322.0000;157.0000;12.0000;658.0000;7916.0000
321.0000;155.0000;0.0000;660.0000;7926.0000
321.0000;152.0000;0.0000;658.0000;7935.0000
320.0000;150.0000;0.0000;657.0000;7944.0000
320.0000;147.0000;0.0000;658.0000;7953.0000
319.0000;145.0000;0.0000;657.0000;7962.0000
319.0000;142.0000;0.0000;658.0000;7971.0000
318.0000;140.0000;0.0000;657.0000;7980.0000
318.0000;138.0000;0.0000;657.0000;7989.0000
318.0000;135.0000;0.0000;657.0000;7998.0000
318.0000;133.0000;0.0000;657.0000;8007.0000
317.0000;131.0000;0.0000;657.0000;8016.0000
317.0000;129.0000;0.0000;656.0000;8025.0000
317.0000;127.0000;0.0000;656.0000;8034.0000
316.0000;124.0000;0.0000;657.0000;8043.0000
316.0000;122.0000;12.0000;656.0000;8052.0000
316.0000;120.0000;0.0000;655.0000;8061.0000
315.0000;118.0000;0.0000;655.0000;8070.0000
315.0000;117.0000;0.0000;655.0000;8079.0000
315.0000;115.0000;0.0000;654.0000;8088.0000
314.0000;113.0000;0.0000;660.0000;8097.0000
314.0000;111.0000;0.0000;655.0000;8106.0000
313.0000;110.0000;12.0000;654.0000;8115.0000
313.0000;108.0000;0.0000;654.0000;8124.0000
312.0000;107.0000;0.0000;654.0000;8133.0000
311.0000;105.0000;0.0000;654.0000;8142.0000
311.0000;104.0000;0.0000;654.0000;8151.0000
310.0000;102.0000;0.0000;653.0000;8160.0000
310.0000;101.0000;0.0000;654.0000;8169.0000
309.0000;100.0000;0.0000;654.0000;8178.0000
308.0000;99.0000;0.0000;654.0000;8187.0000
307.0000;97.0000;0.0000;653.0000;8196.0000
306.0000;96.0000;0.0000;647.0000;8205.0000
305.0000;95.0000;0.0000;654.0000;8214.0000
304.0000;94.0000;0.0000;653.0000;8223.0000
303.0000;94.0000;0.0000;657.0000;8232.0000
301.0000;93.0000;0.0000;657.0000;8241.0000
300.0000;92.0000;0.0000;652.0000;8250.0000
299.0000;91.0000;0.0000;652.0000;8259.0000
297.0000;90.0000;0.0000;652.0000;8268.0000
296.0000;89.0000;0.0000;653.0000;8277.0000
295.0000;89.0000;0.0000;656.0000;8286.0000
293.0000;88.0000;0.0000;656.0000;8295.0000
292.0000;88.0000;0.0000;651.0000;8304.0000
291.0000;87.0000;0.0000;652.0000;8313.0000
289.0000;87.0000;0.0000;651.0000;8322.0000
287.0000;87.0000;0.0000;649.0000;8331.0000
285.0000;87.0000;0.0000;652.0000;8340.0000
283.0000;87.0000;0.0000;649.0000;8349.0000
281.0000;87.0000;0.0000;648.0000;8358.0000
279.0000;87.0000;0.0000;651.0000;8367.0000
277.0000;87.0000;0.0000;646.0000;8376.0000
275.0000;87.0000;0.0000;645.0000;8385.0000
273.0000;87.0000;0.0000;645.0000;8394.0000
271.0000;87.0000;0.0000;645.0000;8403.0000
269.0000;87.0000;0.0000;646.0000;8412.0000
267.0000;87.0000;0.0000;646.0000;8421.0000
265.0000;87.0000;0.0000;645.0000;8430.0000
263.0000;87.0000;0.0000;646.0000;8439.0000
262.0000;86.0000;0.0000;645.0000;8448.0000
260.0000;86.0000;0.0000;645.0000;8457.0000
259.0000;86.0000;0.0000;646.0000;8466.0000
257.0000;85.0000;0.0000;646.0000;8475.0000
256.0000;84.0000;0.0000;648.0000;8484.0000
254.0000;84.0000;0.0000;648.0000;8493.0000
253.0000;83.0000;0.0000;650.0000;8502.0000
251.0000;82.0000;0.0000;647.0000;8511.0000
250.0000;82.0000;0.0000;647.0000;8520.0000
249.0000;81.0000;0.0000;638.0000;8529.0000
248.0000;80.0000;0.0000;648.0000;8538.0000
247.0000;79.0000;0.0000;647.0000;8547.0000
246.0000;78.0000;0.0000;647.0000;8556.0000
245.0000;77.0000;0.0000;647.0000;8565.0000
244.0000;76.0000;0.0000;645.0000;8574.0000
243.0000;75.0000;0.0000;647.0000;8583.0000
243.0000;74.0000;0.0000;650.0000;8592.0000
242.0000;73.0000;0.0000;647.0000;8601.0000
241.0000;71.0000;0.0000;647.0000;8610.0000
240.0000;70.0000;0.0000;648.0000;8619.0000
240.0000;69.0000;0.0000;645.0000;8628.0000
239.0000;68.0000;0.0000;650.0000;8637.0000
238.0000;67.0000;0.0000;646.0000;8646.0000
237.0000;66.0000;0.0000;651.0000;8655.0000
236.0000;66.0000;0.0000;649.0000;8664.0000
235.0000;66.0000;0.0000;650.0000;8673.0000
234.0000;65.0000;0.0000;646.0000;8682.0000
233.0000;65.0000;0.0000;645.0000;8691.0000
231.0000;64.0000;0.0000;645.0000;8700.0000
230.0000;64.0000;0.0000;645.0000;8709.0000
229.0000;64.0000;0.0000;648.0000;8718.0000
227.0000;64.0000;0.0000;645.0000;8727.0000
226.0000;64.0000;0.0000;644.0000;8736.0000
225.0000;63.0000;0.0000;645.0000;8745.0000
224.0000;63.0000;0.0000;645.0000;8754.0000
223.0000;63.0000;0.0000;649.0000;8763.0000
222.0000;63.0000;0.0000;644.0000;8772.0000
221.0000;63.0000;0.0000;648.0000;8781.0000
220.0000;63.0000;0.0000;647.0000;8790.0000
219.0000;62.0000;0.0000;643.0000;8799.0000
218.0000;62.0000;0.0000;649.0000;8808.0000
217.0000;62.0000;0.0000;645.0000;8817.0000
215.0000;62.0000;0.0000;644.0000;8826.0000
214.0000;62.0000;0.0000;646.0000;8835.0000
213.0000;61.0000;0.0000;644.0000;8844.0000
211.0000;61.0000;0.0000;648.0000;8853.0000
210.0000;61.0000;0.0000;643.0000;8862.0000
208.0000;61.0000;0.0000;641.0000;8871.0000
207.0000;61.0000;0.0000;643.0000;8880.0000
206.0000;61.0000;0.0000;643.0000;8889.0000
204.0000;61.0000;0.0000;641.0000;8898.0000
202.0000;61.0000;0.0000;644.0000;8907.0000
201.0000;61.0000;0.0000;645.0000;8916.0000
199.0000;61.0000;0.0000;648.0000;8925.0000
198.0000;61.0000;0.0000;643.0000;8934.0000
196.0000;61.0000;0.0000;643.0000;8943.0000
195.0000;61.0000;0.0000;643.0000;8952.0000
193.0000;61.0000;0.0000;641.0000;8961.0000
192.0000;61.0000;0.0000;647.0000;8970.0000
190.0000;61.0000;0.0000;643.0000;8979.0000
188.0000;61.0000;0.0000;641.0000;8988.0000
186.0000;61.0000;0.0000;641.0000;8997.0000
184.0000;61.0000;0.0000;641.0000;9006.0000
182.0000;62.0000;0.0000;641.0000;9015.0000
180.0000;62.0000;0.0000;641.0000;9024.0000
178.0000;62.0000;0.0000;646.0000;9033.0000
176.0000;62.0000;0.0000;640.0000;9042.0000
174.0000;62.0000;0.0000;641.0000;9051.0000
172.0000;62.0000;0.0000;645.0000;9060.0000
170.0000;63.0000;0.0000;641.0000;9069.0000
168.0000;63.0000;0.0000;644.0000;9078.0000
167.0000;64.0000;0.0000;643.0000;9087.0000
165.0000;64.0000;0.0000;641.0000;9096.0000
163.0000;64.0000;0.0000;646.0000;9105.0000
162.0000;64.0000;0.0000;641.0000;9114.0000
161.0000;64.0000;0.0000;641.0000;9123.0000
159.0000;64.0000;0.0000;641.0000;9132.0000
158.0000;64.0000;0.0000;640.0000;9141.0000
156.0000;64.0000;0.0000;646.0000;9150.0000
155.0000;64.0000;0.0000;640.0000;9159.0000
154.0000;64.0000;0.0000;641.0000;9168.0000
153.0000;64.0000;0.0000;640.0000;9177.0000
152.0000;64.0000;0.0000;641.0000;9186.0000
151.0000;64.0000;0.0000;641.0000;9195.0000
150.0000;64.0000;0.0000;641.0000;9204.0000
149.0000;64.0000;0.0000;641.0000;9214.0000
148.0000;64.0000;0.0000;639.0000;9223.0000
147.0000;64.0000;0.0000;638.0000;9232.0000
146.0000;65.0000;0.0000;639.0000;9241.0000
145.0000;65.0000;0.0000;638.0000;9250.0000
145.0000;65.0000;0.0000;638.0000;9259.0000
144.0000;65.0000;0.0000;638.0000;9268.0000
143.0000;66.0000;0.0000;638.0000;9277.0000
142.0000;66.0000;0.0000;641.0000;9286.0000
141.0000;66.0000;0.0000;637.0000;9295.0000
140.0000;67.0000;0.0000;638.0000;9304.0000
140.0000;67.0000;0.0000;636.0000;9313.0000
139.0000;68.0000;0.0000;638.0000;9322.0000
138.0000;68.0000;0.0000;637.0000;9331.0000
137.0000;68.0000;0.0000;638.0000;9340.0000
135.0000;69.0000;0.0000;637.0000;9349.0000
134.0000;69.0000;0.0000;638.0000;9358.0000
132.0000;70.0000;0.0000;637.0000;9367.0000
131.0000;70.0000;0.0000;638.0000;9376.0000
130.0000;71.0000;0.0000;640.0000;9385.0000
128.0000;71.0000;0.0000;637.0000;9394.0000
127.0000;72.0000;0.0000;637.0000;9403.0000
125.0000;72.0000;0.0000;638.0000;9412.0000
124.0000;73.0000;0.0000;636.0000;9421.0000
123.0000;74.0000;0.0000;635.0000;9430.0000
121.0000;74.0000;0.0000;636.0000;9439.0000
120.0000;75.0000;0.0000;637.0000;9448.0000
119.0000;76.0000;0.0000;635.0000;9457.0000
118.0000;77.0000;0.0000;634.0000;9466.0000
116.0000;78.0000;0.0000;638.0000;9475.0000
115.0000;78.0000;0.0000;634.0000;9484.0000
114.0000;79.0000;0.0000;634.0000;9493.0000
113.0000;80.0000;0.0000;635.0000;9502.0000
112.0000;81.0000;0.0000;635.0000;9511.0000
111.0000;82.0000;0.0000;635.0000;9520.0000
110.0000;83.0000;0.0000;635.0000;9529.0000
108.0000;84.0000;0.0000;634.0000;9538.0000
107.0000;84.0000;0.0000;635.0000;9547.0000
106.0000;85.0000;0.0000;636.0000;9556.0000
105.0000;86.0000;0.0000;635.0000;9565.0000
103.0000;87.0000;0.0000;635.0000;9574.0000
102.0000;88.0000;0.0000;635.0000;9583.0000
100.0000;89.0000;0.0000;638.0000;9592.0000
99.0000;90.0000;0.0000;635.0000;9601.0000
98.0000;91.0000;12.0000;640.0000;9610.0000
96.0000;92.0000;0.0000;635.0000;9619.0000
95.0000;93.0000;12.0000;637.0000;9628.0000
94.0000;94.0000;0.0000;635.0000;9637.0000
93.0000;94.0000;0.0000;639.0000;9646.0000
92.0000;95.0000;0.0000;635.0000;9655.0000
90.0000;96.0000;0.0000;636.0000;9664.0000
89.0000;97.0000;12.0000;635.0000;9673.0000
88.0000;98.0000;0.0000;640.0000;9682.0000
87.0000;99.0000;12.0000;638.0000;9691.0000
85.0000;99.0000;0.0000;637.0000;9700.0000
84.0000;100.0000;0.0000;636.0000;9709.0000
82.0000;101.0000;0.0000;637.0000;9718.0000
81.0000;102.0000;0.0000;636.0000;9727.0000
80.0000;103.0000;0.0000;636.0000;9736.0000
78.0000;104.0000;12.0000;636.0000;9745.0000
77.0000;105.0000;0.0000;635.0000;9754.0000
75.0000;106.0000;0.0000;636.0000;9763.0000
74.0000;107.0000;0.0000;636.0000;9772.0000
73.0000;108.0000;0.0000;628.0000;9781.0000
72.0000;109.0000;0.0000;635.0000;9790.0000
71.0000;110.0000;0.0000;634.0000;9799.0000
71.0000;111.0000;0.0000;627.0000;9808.0000
70.0000;112.0000;0.0000;632.0000;9817.0000
70.0000;113.0000;0.0000;631.0000;9826.0000
69.0000;114.0000;0.0000;630.0000;9835.0000
69.0000;115.0000;0.0000;630.0000;9844.0000
69.0000;117.0000;0.0000;622.0000;9853.0000
68.0000;118.0000;0.0000;629.0000;9862.0000
68.0000;119.0000;0.0000;629.0000;9871.0000
68.0000;120.0000;0.0000;629.0000;9880.0000
68.0000;121.0000;0.0000;629.0000;9889.0000
67.0000;122.0000;0.0000;629.0000;9898.0000
67.0000;124.0000;12.0000;632.0000;9907.0000
67.0000;125.0000;0.0000;631.0000;9916.0000
66.0000;127.0000;0.0000;629.0000;9925.0000
66.0000;129.0000;0.0000;629.0000;9934.0000
65.0000;130.0000;0.0000;634.0000;9943.0000
65.0000;132.0000;12.0000;630.0000;9952.0000
64.0000;134.0000;0.0000;631.0000;9961.0000
64.0000;136.0000;0.0000;631.0000;9970.0000
63.0000;138.0000;0.0000;632.0000;9979.0000
63.0000;139.0000;0.0000;631.0000;9988.0000
62.0000;141.0000;0.0000;632.0000;9997.0000
61.0000;143.0000;0.0000;632.0000;10006.0000
61.0000;144.0000;0.0000;632.0000;10015.0000
60.0000;146.0000;0.0000;630.0000;10024.0000
59.0000;148.0000;0.0000;631.0000;10033.0000
58.0000;149.0000;12.0000;631.0000;10042.0000
58.0000;151.0000;0.0000;630.0000;10051.0000
57.0000;153.0000;0.0000;630.0000;10060.0000
56.0000;155.0000;0.0000;631.0000;10069.0000
55.0000;156.0000;0.0000;632.0000;10078.0000
54.0000;158.0000;0.0000;630.0000;10087.0000
53.0000;159.0000;0.0000;630.0000;10096.0000
52.0000;161.0000;0.0000;632.0000;10105.0000
51.0000;162.0000;0.0000;631.0000;10114.0000
50.0000;164.0000;0.0000;630.0000;10123.0000
49.0000;165.0000;0.0000;632.0000;10132.0000
48.0000;166.0000;0.0000;630.0000;10141.0000
47.0000;168.0000;0.0000;633.0000;10150.0000
46.0000;169.0000;0.0000;630.0000;10159.0000
46.0000;170.0000;0.0000;630.0000;10168.0000
45.0000;171.0000;0.0000;630.0000;10177.0000
44.0000;172.0000;0.0000;632.0000;10186.0000
43.0000;174.0000;0.0000;631.0000;10195.0000
42.0000;175.0000;0.0000;632.0000;10204.0000
42.0000;176.0000;0.0000;635.0000;10213.0000
41.0000;177.0000;0.0000;632.0000;10222.0000
40.0000;178.0000;0.0000;635.0000;10231.0000
39.0000;179.0000;0.0000;631.0000;10240.0000
38.0000;180.0000;0.0000;632.0000;10249.0000
38.0000;180.0000;0.0000;632.0000;10258.0000
37.0000;181.0000;0.0000;632.0000;10267.0000
36.0000;183.0000;0.0000;630.0000;10276.0000
35.0000;184.0000;0.0000;630.0000;10285.0000
34.0000;185.0000;0.0000;629.0000;10294.0000
33.0000;186.0000;0.0000;630.0000;10303.0000
32.0000;187.0000;0.0000;632.0000;10312.0000
31.0000;188.0000;0.0000;632.0000;10321.0000
30.0000;190.0000;0.0000;631.0000;10330.0000
30.0000;191.0000;0.0000;632.0000;10339.0000
29.0000;192.0000;0.0000;627.0000;10348.0000
28.0000;193.0000;0.0000;627.0000;10357.0000
28.0000;195.0000;0.0000;627.0000;10366.0000
28.0000;196.0000;0.0000;625.0000;10375.0000
27.0000;197.0000;0.0000;623.0000;10384.0000
27.0000;199.0000;0.0000;627.0000;10393.0000
27.0000;200.0000;0.0000;623.0000;10402.0000
27.0000;201.0000;0.0000;624.0000;10411.0000
27.0000;202.0000;0.0000;619.0000;10420.0000
27.0000;203.0000;0.0000;618.0000;10429.0000
27.0000;204.0000;12.0000;617.0000;10438.0000
28.0000;205.0000;0.0000;611.0000;10447.0000
28.0000;206.0000;0.0000;614.0000;10456.0000
29.0000;207.0000;12.0000;615.0000;10465.0000
30.0000;208.0000;0.0000;612.0000;10474.0000
30.0000;208.0000;0.0000;612.0000;10483.0000
31.0000;209.0000;0.0000;616.0000;10492.0000
32.0000;210.0000;0.0000;611.0000;10502.0000
32.0000;211.0000;0.0000;612.0000;10511.0000
33.0000;212.0000;0.0000;611.0000;10520.0000
34.0000;213.0000;0.0000;614.0000;10529.0000
34.0000;214.0000;0.0000;613.0000;10538.0000
35.0000;215.0000;0.0000;614.0000;10547.0000
36.0000;216.0000;0.0000;614.0000;10556.0000
37.0000;217.0000;0.0000;613.0000;10565.0000
37.0000;219.0000;0.0000;612.0000;10574.0000
38.0000;220.0000;0.0000;612.0000;10583.0000
39.0000;221.0000;0.0000;617.0000;10592.0000
39.0000;222.0000;0.0000;617.0000;10601.0000
40.0000;224.0000;0.0000;614.0000;10610.0000
40.0000;225.0000;0.0000;614.0000;10619.0000
41.0000;227.0000;0.0000;614.0000;10628.0000
42.0000;228.0000;12.0000;614.0000;10637.0000
42.0000;230.0000;0.0000;615.0000;10646.0000
43.0000;232.0000;12.0000;617.0000;10655.0000
43.0000;234.0000;0.0000;614.0000;10664.0000
44.0000;236.0000;0.0000;615.0000;10673.0000
44.0000;238.0000;0.0000;619.0000;10682.0000
45.0000;240.0000;0.0000;614.0000;10691.0000
45.0000;242.0000;0.0000;616.0000;10700.0000
46.0000;244.0000;12.0000;615.0000;10709.0000
46.0000;246.0000;12.0000;614.0000;10718.0000
47.0000;248.0000;0.0000;615.0000;10727.0000
47.0000;250.0000;12.0000;614.0000;10736.0000
48.0000;252.0000;0.0000;616.0000;10745.0000
48.0000;254.0000;0.0000;617.0000;10754.0000
49.0000;256.0000;0.0000;615.0000;10763.0000
50.0000;258.0000;0.0000;619.0000;10772.0000
50.0000;259.0000;0.0000;619.0000;10781.0000
51.0000;261.0000;0.0000;616.0000;10790.0000
52.0000;263.0000;0.0000;615.0000;10799.0000
52.0000;265.0000;0.0000;617.0000;10808.0000
53.0000;267.0000;0.0000;615.0000;10817.0000
54.0000;269.0000;0.0000;616.0000;10826.0000
54.0000;271.0000;0.0000;615.0000;10835.0000
55.0000;273.0000;0.0000;616.0000;10844.0000
55.0000;274.0000;0.0000;615.0000;10853.0000
56.0000;276.0000;0.0000;617.0000;10862.0000
56.0000;278.0000;0.0000;617.0000;10871.0000
57.0000;280.0000;12.0000;617.0000;10880.0000
57.0000;282.0000;0.0000;617.0000;10889.0000
58.0000;283.0000;0.0000;621.0000;10898.0000
58.0000;285.0000;0.0000;619.0000;10907.0000
59.0000;286.0000;0.0000;620.0000;10916.0000
59.0000;288.0000;0.0000;621.0000;10925.0000
60.0000;289.0000;12.0000;622.0000;10934.0000
61.0000;291.0000;0.0000;623.0000;10943.0000
61.0000;292.0000;0.0000;623.0000;10952.0000
62.0000;294.0000;12.0000;623.0000;10961.0000
62.0000;295.0000;12.0000;623.0000;10970.0000
62.0000;297.0000;0.0000;623.0000;10979.0000
63.0000;299.0000;0.0000;625.0000;10988.0000
63.0000;300.0000;0.0000;625.0000;10997.0000
64.0000;302.0000;0.0000;625.0000;11006.0000
64.0000;303.0000;0.0000;625.0000;11015.0000
65.0000;304.0000;0.0000;625.0000;11024.0000
65.0000;305.0000;0.0000;625.0000;11033.0000
65.0000;306.0000;0.0000;625.0000;11042.0000
66.0000;307.0000;0.0000;627.0000;11051.0000
66.0000;308.0000;0.0000;627.0000;11060.0000
66.0000;309.0000;0.0000;627.0000;11069.0000
66.0000;309.0000;0.0000;627.0000;11078.0000
67.0000;310.0000;0.0000;627.0000;11087.0000
67.0000;310.0000;0.0000;627.0000;11096.0000
67.0000;311.0000;0.0000;627.0000;11105.0000
68.0000;311.0000;0.0000;627.0000;11114.0000
68.0000;312.0000;0.0000;627.0000;11123.0000
69.0000;313.0000;0.0000;627.0000;11132.0000
69.0000;313.0000;0.0000;629.0000;11141.0000
70.0000;314.0000;0.0000;627.0000;11150.0000
71.0000;315.0000;12.0000;628.0000;11159.0000
71.0000;316.0000;0.0000;627.0000;11168.0000
72.0000;317.0000;0.0000;629.0000;11177.0000
72.0000;319.0000;0.0000;628.0000;11186.0000
73.0000;320.0000;0.0000;630.0000;11195.0000
73.0000;321.0000;0.0000;628.0000;11204.0000
74.0000;322.0000;0.0000;629.0000;11213.0000
74.0000;323.0000;0.0000;627.0000;11222.0000
75.0000;324.0000;0.0000;627.0000;11231.0000
75.0000;325.0000;0.0000;627.0000;11240.0000
76.0000;326.0000;0.0000;630.0000;11249.0000
77.0000;327.0000;0.0000;627.0000;11258.0000
78.0000;328.0000;0.0000;627.0000;11267.0000
79.0000;329.0000;0.0000;628.0000;11276.0000
80.0000;330.0000;12.0000;627.0000;11285.0000
80.0000;331.0000;0.0000;627.0000;11294.0000
82.0000;332.0000;12.0000;629.0000;11303.0000
83.0000;333.0000;0.0000;628.0000;11312.0000
83.0000;334.0000;0.0000;629.0000;11321.0000
84.0000;335.0000;0.0000;628.0000;11330.0000
85.0000;337.0000;0.0000;632.0000;11339.0000
86.0000;338.0000;0.0000;629.0000;11348.0000
87.0000;339.0000;0.0000;629.0000;11357.0000
88.0000;340.0000;0.0000;629.0000;11366.0000
89.0000;341.0000;0.0000;627.0000;11375.0000
90.0000;342.0000;12.0000;628.0000;11384.0000
91.0000;343.0000;0.0000;629.0000;11393.0000
93.0000;344.0000;12.0000;628.0000;11402.0000
94.0000;345.0000;0.0000;628.0000;11411.0000
95.0000;346.0000;0.0000;627.0000;11420.0000
96.0000;348.0000;12.0000;629.0000;11429.0000
97.0000;349.0000;0.0000;628.0000;11438.0000
98.0000;350.0000;0.0000;627.0000;11447.0000
99.0000;351.0000;0.0000;628.0000;11456.0000
100.0000;352.0000;0.0000;628.0000;11465.0000
101.0000;353.0000;0.0000;629.0000;11474.0000
103.0000;355.0000;0.0000;628.0000;11483.0000
104.0000;356.0000;0.0000;628.0000;11492.0000
105.0000;357.0000;0.0000;629.0000;11501.0000
106.0000;359.0000;0.0000;629.0000;11510.0000
108.0000;360.0000;0.0000;631.0000;11519.0000
109.0000;361.0000;0.0000;629.0000;11528.0000
110.0000;362.0000;0.0000;632.0000;11537.0000
111.0000;363.0000;0.0000;629.0000;11546.0000
112.0000;365.0000;0.0000;629.0000;11555.0000
113.0000;366.0000;0.0000;629.0000;11564.0000
115.0000;367.0000;0.0000;628.0000;11573.0000
116.0000;368.0000;0.0000;629.0000;11582.0000
117.0000;369.0000;0.0000;631.0000;11591.0000
118.0000;370.0000;0.0000;629.0000;11600.0000
119.0000;371.0000;12.0000;629.0000;11609.0000
120.0000;372.0000;0.0000;632.0000;11618.0000
122.0000;373.0000;0.0000;629.0000;11627.0000
123.0000;374.0000;0.0000;629.0000;11636.0000
124.0000;375.0000;0.0000;631.0000;11645.0000
125.0000;376.0000;0.0000;629.0000;11654.0000
127.0000;377.0000;12.0000;629.0000;11663.0000
128.0000;378.0000;0.0000;629.0000;11672.0000
129.0000;379.0000;0.0000;629.0000;11681.0000
131.0000;379.0000;0.0000;629.0000;11690.0000
132.0000;380.0000;0.0000;629.0000;11699.0000
134.0000;381.0000;0.0000;631.0000;11708.0000
135.0000;382.0000;0.0000;632.0000;11717.0000
136.0000;383.0000;0.0000;633.0000;11726.0000
137.0000;384.0000;0.0000;632.0000;11735.0000
139.0000;385.0000;0.0000;632.0000;11744.0000
140.0000;386.0000;0.0000;633.0000;11753.0000
141.0000;387.0000;0.0000;636.0000;11762.0000
143.0000;388.0000;0.0000;637.0000;11771.0000
144.0000;389.0000;0.0000;633.0000;11780.0000
145.0000;390.0000;0.0000;633.0000;11790.0000
147.0000;391.0000;0.0000;634.0000;11799.0000
148.0000;391.0000;0.0000;633.0000;11808.0000
149.0000;392.0000;12.0000;634.0000;11817.0000
151.0000;393.0000;0.0000;633.0000;11826.0000
152.0000;393.0000;12.0000;633.0000;11835.0000
154.0000;394.0000;0.0000;635.0000;11844.0000
155.0000;394.0000;0.0000;635.0000;11853.0000
157.0000;395.0000;0.0000;635.0000;11862.0000
158.0000;395.0000;0.0000;635.0000;11871.0000
160.0000;396.0000;0.0000;635.0000;11880.0000
161.0000;396.0000;0.0000;635.0000;11889.0000
162.0000;397.0000;0.0000;635.0000;11898.0000
164.0000;398.0000;0.0000;635.0000;11907.0000
165.0000;398.0000;0.0000;635.0000;11916.0000
166.0000;398.0000;0.0000;636.0000;11925.0000
168.0000;399.0000;0.0000;640.0000;11934.0000
169.0000;399.0000;0.0000;636.0000;11943.0000
171.0000;399.0000;0.0000;636.0000;11952.0000
172.0000;400.0000;0.0000;641.0000;11961.0000
174.0000;400.0000;0.0000;637.0000;11970.0000
175.0000;401.0000;0.0000;638.0000;11979.0000
177.0000;401.0000;0.0000;638.0000;11988.0000
178.0000;401.0000;0.0000;638.0000;11997.0000
180.0000;401.0000;0.0000;638.0000;12006.0000
182.0000;402.0000;0.0000;640.0000;12015.0000
183.0000;402.0000;0.0000;638.0000;12024.0000
184.0000;402.0000;0.0000;639.0000;12033.0000
186.0000;402.0000;0.0000;639.0000;12042.0000
187.0000;403.0000;0.0000;640.0000;12051.0000
188.0000;403.0000;0.0000;640.0000;12060.0000
190.0000;403.0000;0.0000;640.0000;12069.0000
191.0000;403.0000;0.0000;641.0000;12078.0000
192.0000;404.0000;0.0000;641.0000;12087.0000
193.0000;404.0000;0.0000;641.0000;12096.0000
194.0000;404.0000;0.0000;643.0000;12105.0000
196.0000;404.0000;0.0000;648.0000;12114.0000
197.0000;405.0000;0.0000;644.0000;12123.0000
198.0000;405.0000;0.0000;644.0000;12132.0000
199.0000;405.0000;0.0000;645.0000;12141.0000
200.0000;405.0000;12.0000;645.0000;12150.0000
202.0000;405.0000;0.0000;646.0000;12159.0000
203.0000;405.0000;0.0000;648.0000;12168.0000
204.0000;405.0000;0.0000;648.0000;12177.0000
205.0000;405.0000;0.0000;648.0000;12186.0000
207.0000;405.0000;0.0000;648.0000;12195.0000
208.0000;405.0000;0.0000;649.0000;12204.0000
209.0000;405.0000;12.0000;653.0000;12213.0000
210.0000;405.0000;0.0000;649.0000;12222.0000
211.0000;405.0000;0.0000;649.0000;12231.0000
212.0000;405.0000;12.0000;648.0000;12240.0000
213.0000;405.0000;0.0000;648.0000;12249.0000
214.0000;405.0000;0.0000;649.0000;12258.0000
215.0000;405.0000;0.0000;649.0000;12267.0000
216.0000;405.0000;0.0000;648.0000;12276.0000
217.0000;404.0000;0.0000;649.0000;12285.0000
218.0000;404.0000;0.0000;648.0000;12294.0000
219.0000;404.0000;0.0000;649.0000;12303.0000
220.0000;404.0000;0.0000;648.0000;12312.0000
221.0000;404.0000;0.0000;650.0000;12321.0000
222.0000;404.0000;0.0000;649.0000;12330.0000
223.0000;404.0000;0.0000;650.0000;12339.0000
224.0000;404.0000;0.0000;651.0000;12348.0000
226.0000;404.0000;0.0000;651.0000;12357.0000
227.0000;404.0000;0.0000;651.0000;12366.0000
228.0000;403.0000;0.0000;652.0000;12375.0000
229.0000;403.0000;0.0000;653.0000;12384.0000
230.0000;403.0000;0.0000;652.0000;12393.0000
232.0000;402.0000;0.0000;654.0000;12402.0000
233.0000;402.0000;0.0000;646.0000;12411.0000
234.0000;401.0000;0.0000;652.0000;12420.0000
235.0000;401.0000;0.0000;651.0000;12429.0000
236.0000;401.0000;0.0000;653.0000;12438.0000
237.0000;400.0000;0.0000;652.0000;12447.0000
238.0000;400.0000;0.0000;653.0000;12456.0000
239.0000;400.0000;0.0000;652.0000;12465.0000
240.0000;400.0000;0.0000;653.0000;12474.0000
241.0000;399.0000;0.0000;652.0000;12483.0000
242.0000;399.0000;0.0000;653.0000;12492.0000
243.0000;399.0000;0.0000;653.0000;12501.0000
244.0000;398.0000;0.0000;657.0000;12510.0000
245.0000;398.0000;0.0000;653.0000;12519.0000
246.0000;398.0000;0.0000;654.0000;12528.0000
247.0000;398.0000;0.0000;653.0000;12537.0000
248.0000;397.0000;0.0000;653.0000;12546.0000
249.0000;397.0000;0.0000;654.0000;12555.0000
250.0000;397.0000;0.0000;653.0000;12564.0000
251.0000;396.0000;0.0000;654.0000;12573.0000
253.0000;396.0000;0.0000;653.0000;12582.0000
254.0000;395.0000;0.0000;654.0000;12591.0000
255.0000;395.0000;0.0000;654.0000;12600.0000
257.0000;394.0000;0.0000;648.0000;12609.0000
258.0000;393.0000;0.0000;655.0000;12618.0000
259.0000;393.0000;0.0000;654.0000;12627.0000
261.0000;392.0000;0.0000;655.0000;12636.0000
262.0000;391.0000;0.0000;654.0000;12645.0000
263.0000;391.0000;0.0000;655.0000;12654.0000
265.0000;390.0000;0.0000;654.0000;12663.0000
266.0000;389.0000;0.0000;654.0000;12672.0000
267.0000;389.0000;0.0000;654.0000;12681.0000
269.0000;388.0000;0.0000;654.0000;12690.0000
270.0000;388.0000;0.0000;654.0000;12699.0000
272.0000;387.0000;0.0000;654.0000;12708.0000
273.0000;386.0000;0.0000;655.0000;12717.0000
275.0000;386.0000;0.0000;655.0000;12726.0000
277.0000;385.0000;0.0000;655.0000;12735.0000
279.0000;384.0000;0.0000;655.0000;12744.0000
281.0000;384.0000;0.0000;654.0000;12753.0000
282.0000;383.0000;0.0000;654.0000;12762.0000
284.0000;383.0000;0.0000;658.0000;12771.0000
285.0000;382.0000;0.0000;654.0000;12780.0000
287.0000;382.0000;0.0000;647.0000;12789.0000
288.0000;382.0000;0.0000;657.0000;12798.0000
290.0000;381.0000;0.0000;654.0000;12807.0000
291.0000;381.0000;0.0000;654.0000;12816.0000
293.0000;381.0000;0.0000;654.0000;12825.0000
294.0000;380.0000;0.0000;654.0000;12834.0000
295.0000;380.0000;0.0000;654.0000;12843.0000
297.0000;380.0000;0.0000;654.0000;12852.0000
298.0000;379.0000;0.0000;654.0000;12861.0000
299.0000;379.0000;0.0000;654.0000;12870.0000
301.0000;379.0000;0.0000;654.0000;12879.0000
302.0000;378.0000;0.0000;655.0000;12888.0000
303.0000;378.0000;0.0000;654.0000;12897.0000
305.0000;377.0000;0.0000;654.0000;12906.0000
306.0000;377.0000;0.0000;657.0000;12915.0000
307.0000;376.0000;12.0000;655.0000;12924.0000
308.0000;376.0000;0.0000;656.0000;12933.0000
309.0000;375.0000;0.0000;658.0000;12942.0000
310.0000;374.0000;0.0000;657.0000;12951.0000
311.0000;374.0000;0.0000;663.0000;12960.0000
312.0000;373.0000;0.0000;661.0000;12969.0000
313.0000;372.0000;0.0000;660.0000;12978.0000
314.0000;371.0000;0.0000;660.0000;12987.0000
315.0000;371.0000;0.0000;660.0000;12996.0000
316.0000;370.0000;0.0000;661.0000;13005.0000
317.0000;369.0000;0.0000;665.0000;13014.0000
318.0000;368.0000;0.0000;663.0000;13023.0000
318.0000;367.0000;0.0000;664.0000;13032.0000
319.0000;366.0000;0.0000;665.0000;13041.0000
320.0000;364.0000;0.0000;669.0000;13050.0000
321.0000;363.0000;0.0000;665.0000;13059.0000
323.0000;362.0000;0.0000;667.0000;13068.0000
324.0000;360.0000;0.0000;665.0000;13078.0000
325.0000;359.0000;0.0000;666.0000;13087.0000
326.0000;357.0000;12.0000;666.0000;13096.0000
327.0000;356.0000;0.0000;665.0000;13105.0000
328.0000;355.0000;12.0000;666.0000;13114.0000
329.0000;353.0000;0.0000;666.0000;13123.0000
330.0000;351.0000;0.0000;666.0000;13132.0000
331.0000;349.0000;0.0000;671.0000;13141.0000
332.0000;348.0000;0.0000;667.0000;13150.0000
333.0000;346.0000;0.0000;666.0000;13159.0000
334.0000;345.0000;0.0000;666.0000;13168.0000
335.0000;343.0000;0.0000;667.0000;13177.0000
336.0000;341.0000;0.0000;666.0000;13186.0000
337.0000;340.0000;0.0000;667.0000;13195.0000
338.0000;338.0000;0.0000;666.0000;13204.0000
339.0000;337.0000;0.0000;666.0000;13213.0000
339.0000;336.0000;0.0000;671.0000;13222.0000
340.0000;334.0000;0.0000;660.0000;13231.0000
341.0000;333.0000;0.0000;667.0000;13240.0000
342.0000;332.0000;0.0000;667.0000;13249.0000
343.0000;330.0000;0.0000;667.0000;13258.0000
344.0000;329.0000;0.0000;666.0000;13267.0000
345.0000;328.0000;0.0000;666.0000;13276.0000
345.0000;327.0000;0.0000;666.0000;13285.0000
346.0000;326.0000;0.0000;670.0000;13294.0000
347.0000;324.0000;0.0000;666.0000;13303.0000
348.0000;323.0000;12.0000;664.0000;13312.0000
349.0000;322.0000;0.0000;669.0000;13321.0000
350.0000;321.0000;0.0000;666.0000;13330.0000
351.0000;320.0000;0.0000;665.0000;13339.0000
352.0000;319.0000;0.0000;666.0000;13348.0000
353.0000;317.0000;0.0000;665.0000;13357.0000
355.0000;316.0000;0.0000;666.0000;13366.0000
356.0000;315.0000;12.0000;666.0000;13375.0000
357.0000;314.0000;0.0000;667.0000;13384.0000
358.0000;312.0000;0.0000;666.0000;13393.0000
359.0000;311.0000;0.0000;664.0000;13402.0000
360.0000;310.0000;0.0000;666.0000;13411.0000
362.0000;308.0000;0.0000;665.0000;13420.0000
363.0000;307.0000;12.0000;666.0000;13429.0000
364.0000;306.0000;0.0000;666.0000;13438.0000
365.0000;304.0000;12.0000;666.0000;13447.0000
366.0000;303.0000;0.0000;666.0000;13456.0000
367.0000;301.0000;0.0000;666.0000;13465.0000
368.0000;300.0000;0.0000;666.0000;13474.0000
369.0000;298.0000;0.0000;666.0000;13483.0000
370.0000;297.0000;0.0000;666.0000;13492.0000
372.0000;296.0000;0.0000;666.0000;13501.0000
373.0000;294.0000;0.0000;666.0000;13510.0000
374.0000;293.0000;0.0000;667.0000;13519.0000
375.0000;291.0000;0.0000;671.0000;13528.0000
376.0000;290.0000;0.0000;667.0000;13537.0000
377.0000;289.0000;0.0000;666.0000;13546.0000
377.0000;287.0000;0.0000;669.0000;13555.0000
378.0000;286.0000;0.0000;669.0000;13564.0000
379.0000;285.0000;0.0000;669.0000;13573.0000
380.0000;283.0000;0.0000;669.0000;13582.0000
380.0000;282.0000;0.0000;667.0000;13591.0000
381.0000;280.0000;0.0000;668.0000;13600.0000
382.0000;279.0000;12.0000;669.0000;13609.0000
383.0000;277.0000;0.0000;669.0000;13618.0000
383.0000;276.0000;0.0000;669.0000;13627.0000
384.0000;274.0000;0.0000;668.0000;13636.0000
385.0000;272.0000;0.0000;669.0000;13645.0000
386.0000;271.0000;12.0000;669.0000;13654.0000
386.0000;269.0000;0.0000;668.0000;13663.0000
387.0000;268.0000;12.0000;669.0000;13672.0000
387.0000;267.0000;0.0000;669.0000;13681.0000
388.0000;266.0000;0.0000;669.0000;13690.0000
388.0000;264.0000;0.0000;669.0000;13699.0000
389.0000;263.0000;0.0000;673.0000;13708.0000
389.0000;262.0000;0.0000;672.0000;13717.0000
389.0000;261.0000;0.0000;670.0000;13726.0000
389.0000;260.0000;0.0000;673.0000;13735.0000
390.0000;259.0000;0.0000;671.0000;13744.0000
390.0000;258.0000;0.0000;675.0000;13753.0000
390.0000;257.0000;12.0000;675.0000;13762.0000
390.0000;256.0000;12.0000;672.0000;13771.0000
390.0000;255.0000;0.0000;672.0000;13780.0000
390.0000;254.0000;0.0000;672.0000;13789.0000
391.0000;253.0000;0.0000;672.0000;13798.0000
391.0000;252.0000;0.0000;672.0000;13807.0000
391.0000;251.0000;0.0000;671.0000;13816.0000
391.0000;249.0000;0.0000;672.0000;13825.0000
391.0000;248.0000;0.0000;672.0000;13834.0000
392.0000;247.0000;0.0000;672.0000;13843.0000
392.0000;246.0000;0.0000;671.0000;13852.0000
392.0000;245.0000;0.0000;676.0000;13861.0000
392.0000;244.0000;0.0000;672.0000;13870.0000
393.0000;243.0000;0.0000;671.0000;13879.0000
393.0000;242.0000;0.0000;671.0000;13888.0000
393.0000;240.0000;0.0000;670.0000;13897.0000
394.0000;239.0000;0.0000;672.0000;13906.0000
394.0000;238.0000;0.0000;670.0000;13915.0000
395.0000;237.0000;0.0000;675.0000;13924.0000
395.0000;236.0000;0.0000;671.0000;13933.0000
395.0000;235.0000;0.0000;674.0000;13942.0000
396.0000;234.0000;0.0000;673.0000;13951.0000
396.0000;233.0000;0.0000;671.0000;13960.0000
397.0000;232.0000;0.0000;672.0000;13969.0000
397.0000;230.0000;0.0000;673.0000;13978.0000
397.0000;229.0000;0.0000;670.0000;13987.0000
398.0000;228.0000;0.0000;670.0000;13996.0000
399.0000;227.0000;0.0000;675.0000;14005.0000
399.0000;226.0000;0.0000;671.0000;14014.0000
399.0000;225.0000;0.0000;672.0000;14023.0000
400.0000;224.0000;0.0000;672.0000;14032.0000
400.0000;223.0000;0.0000;676.0000;14041.0000
400.0000;222.0000;0.0000;672.0000;14050.0000
401.0000;221.0000;0.0000;671.0000;14059.0000
401.0000;220.0000;0.0000;672.0000;14068.0000
401.0000;220.0000;0.0000;672.0000;14077.0000
401.0000;219.0000;0.0000;673.0000;14086.0000
401.0000;219.0000;0.0000;674.0000;14095.0000
401.0000;218.0000;0.0000;673.0000;14104.0000
402.0000;217.0000;0.0000;675.0000;14113.0000
402.0000;217.0000;0.0000;678.0000;14122.0000
402.0000;216.0000;0.0000;672.0000;14131.0000
402.0000;216.0000;0.0000;672.0000;14140.0000
402.0000;215.0000;0.0000;674.0000;14149.0000
402.0000;215.0000;0.0000;672.0000;14158.0000
402.0000;215.0000;0.0000;672.0000;14167.0000
402.0000;214.0000;0.0000;672.0000;14176.0000
402.0000;214.0000;0.0000;672.0000;14185.0000
402.0000;214.0000;12.0000;673.0000;14194.0000
402.0000;214.0000;0.0000;673.0000;14203.0000
402.0000;214.0000;0.0000;675.0000;14212.0000
402.0000;214.0000;0.0000;675.0000;14221.0000
402.0000;214.0000;0.0000;675.0000;14230.0000
402.0000;214.0000;0.0000;675.0000;14239.0000
402.0000;213.0000;12.0000;675.0000;14248.0000
402.0000;213.0000;0.0000;675.0000;14257.0000
402.0000;213.0000;0.0000;677.0000;14266.0000
402.0000;213.0000;0.0000;675.0000;14275.0000
402.0000;213.0000;0.0000;676.0000;14284.0000
402.0000;213.0000;0.0000;676.0000;14293.0000
402.0000;213.0000;0.0000;676.0000;14302.0000
402.0000;213.0000;0.0000;676.0000;14311.0000
402.0000;213.0000;0.0000;676.0000;14320.0000
402.0000;213.0000;0.0000;675.0000;14329.0000
402.0000;213.0000;0.0000;676.0000;14338.0000
402.0000;212.0000;0.0000;678.0000;14347.0000
402.0000;212.0000;0.0000;680.0000;14356.0000
402.0000;212.0000;0.0000;675.0000;14366.0000
402.0000;212.0000;0.0000;676.0000;14375.0000
402.0000;212.0000;12.0000;681.0000;14384.0000
402.0000;211.0000;0.0000;681.0000;14393.0000
402.0000;211.0000;0.0000;677.0000;14402.0000
402.0000;211.0000;0.0000;681.0000;14411.0000
402.0000;211.0000;0.0000;677.0000;14420.0000
401.0000;210.0000;0.0000;676.0000;14429.0000
401.0000;210.0000;12.0000;678.0000;14438.0000
401.0000;210.0000;0.0000;678.0000;14447.0000
401.0000;210.0000;0.0000;678.0000;14456.0000
401.0000;210.0000;0.0000;681.0000;14465.0000
401.0000;209.0000;0.0000;677.0000;14474.0000
401.0000;209.0000;0.0000;678.0000;14483.0000
401.0000;209.0000;0.0000;681.0000;14492.0000
401.0000;209.0000;0.0000;677.0000;14501.0000
401.0000;209.0000;0.0000;678.0000;14510.0000
401.0000;209.0000;12.0000;679.0000;14519.0000
401.0000;209.0000;0.0000;678.0000;14528.0000
401.0000;209.0000;0.0000;677.0000;14537.0000
401.0000;209.0000;12.0000;677.0000;14546.0000
401.0000;209.0000;0.0000;678.0000;14555.0000
401.0000;209.0000;12.0000;676.0000;14564.0000
401.0000;209.0000;12.0000;676.0000;14573.0000
401.0000;209.0000;0.0000;676.0000;14582.0000
401.0000;209.0000;0.0000;675.0000;14591.0000
400.0000;209.0000;0.0000;679.0000;14600.0000
400.0000;209.0000;0.0000;674.0000;14609.0000
400.0000;209.0000;0.0000;679.0000;14618.0000
400.0000;209.0000;0.0000;674.0000;14627.0000
400.0000;209.0000;0.0000;667.0000;14636.0000
400.0000;209.0000;0.0000;676.0000;14645.0000
400.0000;209.0000;0.0000;675.0000;14654.0000
400.0000;209.0000;0.0000;674.0000;14663.0000
400.0000;209.0000;12.0000;674.0000;14672.0000
400.0000;209.0000;0.0000;674.0000;14681.0000
400.0000;209.0000;0.0000;674.0000;14690.0000
400.0000;209.0000;0.0000;674.0000;14699.0000
400.0000;209.0000;0.0000;676.0000;14708.0000
400.0000;209.0000;0.0000;675.0000;14717.0000
400.0000;209.0000;0.0000;675.0000;14726.0000
400.0000;209.0000;12.0000;677.0000;14735.0000
400.0000;209.0000;0.0000;675.0000;14744.0000
400.0000;209.0000;0.0000;675.0000;14753.0000
400.0000;209.0000;0.0000;669.0000;14762.0000
400.0000;209.0000;0.0000;676.0000;14771.0000
400.0000;209.0000;0.0000;675.0000;14780.0000
400.0000;209.0000;0.0000;678.0000;14789.0000
400.0000;209.0000;0.0000;675.0000;14798.0000
400.0000;209.0000;0.0000;675.0000;14807.0000
400.0000;209.0000;12.0000;679.0000;14816.0000
400.0000;209.0000;0.0000;678.0000;14825.0000
400.0000;209.0000;0.0000;675.0000;14834.0000
400.0000;209.0000;0.0000;669.0000;14843.0000
400.0000;209.0000;0.0000;675.0000;14852.0000
400.0000;209.0000;0.0000;678.0000;14861.0000
399.0000;209.0000;0.0000;674.0000;14870.0000
399.0000;209.0000;0.0000;675.0000;14879.0000
399.0000;209.0000;0.0000;674.0000;14888.0000
399.0000;209.0000;0.0000;674.0000;14897.0000
399.0000;209.0000;0.0000;673.0000;14906.0000
399.0000;209.0000;0.0000;673.0000;14915.0000
399.0000;209.0000;0.0000;666.0000;14924.0000
399.0000;209.0000;12.0000;676.0000;14933.0000
399.0000;209.0000;12.0000;678.0000;14942.0000
399.0000;209.0000;0.0000;673.0000;14951.0000
399.0000;209.0000;0.0000;673.0000;14960.0000
399.0000;209.0000;0.0000;673.0000;14969.0000
399.0000;209.0000;0.0000;677.0000;14978.0000
399.0000;209.0000;0.0000;673.0000;14987.0000
399.0000;209.0000;0.0000;674.0000;14996.0000
398.0000;209.0000;12.0000;674.0000;15005.0000
398.0000;209.0000;0.0000;674.0000;15014.0000
398.0000;209.0000;0.0000;674.0000;15023.0000
398.0000;209.0000;12.0000;675.0000;15032.0000
398.0000;209.0000;0.0000;675.0000;15041.0000
398.0000;209.0000;12.0000;668.0000;15050.0000
398.0000;209.0000;0.0000;679.0000;15059.0000
397.0000;209.0000;0.0000;675.0000;15068.0000
397.0000;209.0000;0.0000;675.0000;15077.0000
397.0000;209.0000;0.0000;667.0000;15086.0000
397.0000;209.0000;0.0000;675.0000;15095.0000
397.0000;209.0000;0.0000;678.0000;15104.0000
397.0000;209.0000;0.0000;675.0000;15113.0000
396.0000;210.0000;0.0000;674.0000;15122.0000
396.0000;210.0000;0.0000;673.0000;15131.0000
396.0000;210.0000;0.0000;672.0000;15140.0000
396.0000;210.0000;0.0000;672.0000;15149.0000
396.0000;210.0000;0.0000;672.0000;15158.0000
396.0000;210.0000;0.0000;671.0000;15167.0000
396.0000;210.0000;0.0000;671.0000;15176.0000
395.0000;211.0000;0.0000;670.0000;15185.0000
395.0000;211.0000;0.0000;671.0000;15194.0000
395.0000;211.0000;0.0000;672.0000;15203.0000
395.0000;211.0000;0.0000;669.0000;15212.0000
395.0000;211.0000;0.0000;669.0000;15221.0000
395.0000;212.0000;0.0000;663.0000;15230.0000
395.0000;212.0000;0.0000;672.0000;15239.0000
395.0000;212.0000;0.0000;672.0000;15248.0000
395.0000;212.0000;0.0000;669.0000;15257.0000
395.0000;212.0000;0.0000;669.0000;15266.0000
394.0000;212.0000;0.0000;669.0000;15275.0000
394.0000;213.0000;12.0000;669.0000;15284.0000
394.0000;213.0000;0.0000;669.0000;15293.0000
394.0000;213.0000;12.0000;669.0000;15302.0000
394.0000;213.0000;0.0000;669.0000;15311.0000
394.0000;213.0000;0.0000;669.0000;15320.0000
394.0000;213.0000;0.0000;669.0000;15329.0000
394.0000;213.0000;0.0000;669.0000;15338.0000
394.0000;214.0000;0.0000;668.0000;15347.0000
394.0000;214.0000;0.0000;668.0000;15356.0000
394.0000;214.0000;0.0000;660.0000;15365.0000
394.0000;214.0000;0.0000;666.0000;15374.0000
394.0000;214.0000;0.0000;664.0000;15383.0000
394.0000;214.0000;0.0000;666.0000;15392.0000
394.0000;214.0000;12.0000;668.0000;15401.0000
394.0000;214.0000;0.0000;663.0000;15410.0000
394.0000;214.0000;0.0000;662.0000;15419.0000
394.0000;214.0000;0.0000;660.0000;15428.0000
394.0000;214.0000;0.0000;661.0000;15437.0000
394.0000;214.0000;0.0000;654.0000;15446.0000
394.0000;214.0000;0.0000;656.0000;15455.0000
394.0000;214.0000;12.0000;655.0000;15464.0000
394.0000;214.0000;0.0000;651.0000;15473.0000
394.0000;214.0000;0.0000;651.0000;15482.0000
394.0000;214.0000;0.0000;651.0000;15491.0000
394.0000;214.0000;0.0000;652.0000;15500.0000
394.0000;214.0000;0.0000;652.0000;15509.0000
394.0000;214.0000;0.0000;651.0000;15518.0000
394.0000;214.0000;0.0000;651.0000;15527.0000
394.0000;214.0000;0.0000;649.0000;15536.0000
393.0000;214.0000;0.0000;648.0000;15545.0000
393.0000;214.0000;0.0000;644.0000;15554.0000
393.0000;214.0000;12.0000;640.0000;15563.0000
393.0000;214.0000;0.0000;638.0000;15572.0000
393.0000;214.0000;0.0000;638.0000;15581.0000
393.0000;214.0000;0.0000;629.0000;15590.0000
393.0000;214.0000;0.0000;635.0000;15599.0000
393.0000;214.0000;0.0000;636.0000;15608.0000
393.0000;214.0000;0.0000;638.0000;15617.0000
393.0000;214.0000;0.0000;631.0000;15626.0000
393.0000;214.0000;0.0000;627.0000;15635.0000
393.0000;214.0000;0.0000;611.0000;15645.0000
393.0000;214.0000;0.0000;598.0000;15654.0000
393.0000;214.0000;0.0000;586.0000;15663.0000
393.0000;214.0000;12.0000;579.0000;15672.0000
393.0000;214.0000;0.0000;577.0000;15681.0000
393.0000;214.0000;0.0000;578.0000;15690.0000
393.0000;214.0000;0.0000;577.0000;15699.0000
393.0000;214.0000;0.0000;578.0000;15708.0000
393.0000;214.0000;12.0000;580.0000;15717.0000
393.0000;214.0000;0.0000;577.0000;15726.0000
393.0000;214.0000;0.0000;577.0000;15735.0000
393.0000;214.0000;0.0000;575.0000;15744.0000
393.0000;214.0000;0.0000;569.0000;15753.0000
393.0000;214.0000;0.0000;558.0000;15762.0000
393.0000;214.0000;0.0000;534.0000;15771.0000
394.0000;214.0000;0.0000;505.0000;15780.0000
394.0000;214.0000;0.0000;466.0000;15789.0000
395.0000;213.0000;0.0000;420.0000;15798.0000
396.0000;213.0000;0.0000;355.0000;15807.0000
396.0000;213.0000;0.0000;254.0000;15816.0000
