200.0000;203.0000;0.0000;1.0000;16940820.0000
200.0000;203.0000;0.0000;14.0000;16940828.0000
200.0000;203.0000;0.0000;26.0000;16940836.0000
200.0000;203.0000;0.0000;38.0000;16940842.0000
200.0000;203.0000;0.0000;59.0000;16940848.0000
200.0000;203.0000;0.0000;74.0000;16940856.0000
200.0000;203.0000;0.0000;84.0000;16940864.0000
200.0000;203.0000;0.0000;96.0000;16940870.0000
200.0000;203.0000;0.0000;99.0000;16940876.0000
200.0000;203.0000;0.0000;104.0000;16940884.0000
200.0000;203.0000;0.0000;114.0000;16940892.0000
200.0000;203.0000;0.0000;116.0000;16940900.0000
200.0000;203.0000;0.0000;125.0000;16940906.0000
200.0000;203.0000;0.0000;129.0000;16940912.0000
200.0000;203.0000;0.0000;128.0000;16940920.0000
200.0000;203.0000;0.0000;133.0000;16940928.0000
200.0000;203.0000;0.0000;136.0000;16940934.0000
200.0000;203.0000;0.0000;136.0000;16940940.0000
200.0000;203.0000;0.0000;142.0000;16940948.0000
200.0000;203.0000;0.0000;139.0000;16940956.0000
200.0000;203.0000;0.0000;141.0000;16940962.0000
200.0000;203.0000;0.0000;143.0000;16940968.0000
200.0000;203.0000;0.0000;139.0000;16940976.0000
200.0000;203.0000;0.0000;142.0000;16940984.0000
200.0000;203.0000;0.0000;144.0000;16940990.0000
200.0000;203.0000;0.0000;140.0000;16940996.0000
200.0000;203.0000;0.0000;145.0000;16941004.0000
200.0000;203.0000;0.0000;145.0000;16941012.0000
200.0000;203.0000;0.0000;143.0000;16941018.0000
200.0000;203.0000;0.0000;145.0000;16941024.0000
200.0000;203.0000;0.0000;143.0000;16941032.0000
200.0000;203.0000;0.0000;142.0000;16941040.0000
200.0000;203.0000;0.0000;148.0000;16941046.0000
200.0000;203.0000;0.0000;142.0000;16941052.0000
200.0000;203.0000;0.0000;145.0000;16941060.0000
200.0000;203.0000;0.0000;145.0000;16941068.0000
200.0000;203.0000;0.0000;142.0000;16941074.0000
200.0000;203.0000;0.0000;145.0000;16941082.0000
200.0000;203.0000;0.0000;144.0000;16941088.0000
200.0000;203.0000;0.0000;142.0000;16941096.0000
200.0000;203.0000;0.0000;145.0000;16941104.0000
200.0000;203.0000;0.0000;142.0000;16941110.0000
200.0000;203.0000;0.0000;143.0000;16941116.0000
200.0000;203.0000;0.0000;148.0000;16941124.0000
200.0000;203.0000;0.0000;143.0000;16941132.0000
200.0000;203.0000;0.0000;144.0000;16941138.0000
200.0000;203.0000;0.0000;146.0000;16941144.0000
200.0000;203.0000;0.0000;143.0000;16941152.0000
200.0000;203.0000;0.0000;145.0000;16941160.0000
200.0000;203.0000;0.0000;148.0000;16941166.0000
200.0000;203.0000;0.0000;145.0000;16941172.0000
200.0000;203.0000;0.0000;149.0000;16941180.0000
200.0000;203.0000;0.0000;146.0000;16941188.0000
200.0000;203.0000;0.0000;145.0000;16941194.0000
200.0000;203.0000;0.0000;149.0000;16941200.0000
200.0000;203.0000;0.0000;145.0000;16941208.0000
200.0000;203.0000;0.0000;145.0000;16941216.0000
200.0000;203.0000;0.0000;149.0000;16941222.0000
200.0000;203.0000;0.0000;143.0000;16941228.0000
200.0000;203.0000;0.0000;149.0000;16941236.0000
200.0000;203.0000;0.0000;149.0000;16941244.0000
200.0000;203.0000;0.0000;145.0000;16941250.0000
200.0000;203.0000;0.0000;149.0000;16941256.0000
200.0000;203.0000;0.0000;146.0000;16941264.0000
200.0000;203.0000;0.0000;144.0000;16941272.0000
200.0000;203.0000;0.0000;146.0000;16941280.0000
200.0000;203.0000;0.0000;142.0000;16941286.0000
200.0000;203.0000;0.0000;143.0000;16941292.0000
200.0000;203.0000;0.0000;145.0000;16941300.0000
200.0000;203.0000;0.0000;141.0000;16941308.0000
200.0000;203.0000;0.0000;145.0000;16941314.0000
200.0000;203.0000;0.0000;146.0000;16941320.0000
200.0000;203.0000;0.0000;142.0000;16941328.0000
200.0000;203.0000;0.0000;145.0000;16941336.0000
200.0000;203.0000;0.0000;145.0000;16941342.0000
200.0000;203.0000;0.0000;142.0000;16941348.0000
200.0000;203.0000;0.0000;146.0000;16941356.0000
200.0000;202.0000;0.0000;143.0000;16941364.0000
200.0000;202.0000;0.0000;144.0000;16941370.0000
200.0000;202.0000;0.0000;148.0000;16941376.0000
200.0000;202.0000;0.0000;142.0000;16941384.0000
200.0000;202.0000;0.0000;145.0000;16941392.0000
200.0000;202.0000;0.0000;148.0000;16941398.0000
200.0000;202.0000;0.0000;142.0000;16941404.0000
200.0000;202.0000;0.0000;144.0000;16941412.0000
200.0000;202.0000;0.0000;145.0000;16941420.0000
200.0000;202.0000;0.0000;143.0000;16941426.0000
200.0000;202.0000;0.0000;146.0000;16941432.0000
200.0000;202.0000;0.0000;143.0000;16941440.0000
200.0000;202.0000;0.0000;145.0000;16941448.0000
200.0000;203.0000;0.0000;151.0000;16941456.0000
200.0000;203.0000;0.0000;151.0000;16941462.0000
200.0000;203.0000;0.0000;157.0000;16941468.0000
200.0000;203.0000;0.0000;161.0000;16941476.0000
200.0000;203.0000;0.0000;157.0000;16941484.0000
200.0000;203.0000;0.0000;161.0000;16941490.0000
200.0000;203.0000;0.0000;162.0000;16941496.0000
200.0000;203.0000;0.0000;162.0000;16941504.0000
200.0000;203.0000;0.0000;168.0000;16941512.0000
200.0000;203.0000;0.0000;166.0000;16941518.0000
200.0000;203.0000;0.0000;167.0000;16941524.0000
200.0000;203.0000;0.0000;172.0000;16941532.0000
200.0000;203.0000;0.0000;169.0000;16941540.0000
200.0000;203.0000;0.0000;170.0000;16941546.0000
200.0000;203.0000;0.0000;174.0000;16941552.0000
200.0000;203.0000;0.0000;171.0000;16941560.0000
200.0000;203.0000;0.0000;175.0000;16941568.0000
200.0000;203.0000;0.0000;175.0000;16941574.0000
200.0000;203.0000;0.0000;171.0000;16941580.0000
200.0000;202.0000;0.0000;177.0000;16941588.0000
201.0000;202.0000;0.0000;176.0000;16941596.0000
201.0000;202.0000;0.0000;174.0000;16941602.0000
201.0000;202.0000;0.0000;177.0000;16941608.0000
201.0000;202.0000;0.0000;174.0000;16941616.0000
201.0000;202.0000;0.0000;175.0000;16941624.0000
200.0000;202.0000;0.0000;171.0000;16941630.0000
200.0000;202.0000;0.0000;155.0000;16941638.0000
200.0000;202.0000;0.0000;146.0000;16941644.0000
200.0000;202.0000;0.0000;127.0000;16941652.0000
200.0000;202.0000;0.0000;99.0000;16941660.0000
200.0000;202.0000;0.0000;51.0000;16941666.0000
199.0000;201.0000;0.0000;9.0000;16942008.0000
199.0000;201.0000;0.0000;11.0000;16942016.0000
199.0000;201.0000;0.0000;21.0000;16942024.0000
199.0000;201.0000;0.0000;28.0000;16942030.0000
199.0000;201.0000;0.0000;28.0000;16942036.0000
199.0000;201.0000;0.0000;28.0000;16942044.0000
199.0000;201.0000;0.0000;46.0000;16942052.0000
199.0000;201.0000;0.0000;66.0000;16942058.0000
199.0000;201.0000;0.0000;85.0000;16942064.0000
199.0000;201.0000;0.0000;105.0000;16942072.0000
200.0000;201.0000;0.0000;111.0000;16942080.0000
200.0000;201.0000;0.0000;117.0000;16942088.0000
200.0000;201.0000;0.0000;119.0000;16942094.0000
200.0000;201.0000;0.0000;119.0000;16942100.0000
200.0000;201.0000;0.0000;125.0000;16942108.0000
200.0000;201.0000;0.0000;126.0000;16942116.0000
200.0000;201.0000;0.0000;128.0000;16942122.0000
200.0000;201.0000;0.0000;136.0000;16942128.0000
200.0000;201.0000;0.0000;135.0000;16942136.0000
200.0000;201.0000;0.0000;141.0000;16942144.0000
200.0000;201.0000;0.0000;146.0000;16942150.0000
200.0000;201.0000;0.0000;144.0000;16942156.0000
200.0000;201.0000;0.0000;152.0000;16942164.0000
200.0000;201.0000;0.0000;155.0000;16942172.0000
200.0000;201.0000;0.0000;154.0000;16942178.0000
200.0000;201.0000;0.0000;158.0000;16942184.0000
200.0000;201.0000;0.0000;159.0000;16942192.0000
200.0000;201.0000;0.0000;157.0000;16942200.0000
200.0000;202.0000;0.0000;162.0000;16942206.0000
200.0000;202.0000;0.0000;158.0000;16942212.0000
200.0000;202.0000;0.0000;159.0000;16942220.0000
200.0000;202.0000;0.0000;162.0000;16942228.0000
200.0000;202.0000;0.0000;158.0000;16942234.0000
201.0000;202.0000;0.0000;162.0000;16942240.0000
201.0000;202.0000;0.0000;165.0000;16942248.0000
201.0000;202.0000;0.0000;159.0000;16942256.0000
201.0000;202.0000;0.0000;165.0000;16942264.0000
201.0000;202.0000;0.0000;165.0000;16942270.0000
201.0000;202.0000;0.0000;165.0000;16942276.0000
201.0000;202.0000;0.0000;171.0000;16942284.0000
201.0000;202.0000;0.0000;168.0000;16942292.0000
201.0000;202.0000;0.0000;171.0000;16942298.0000
201.0000;202.0000;0.0000;178.0000;16942304.0000
201.0000;202.0000;0.0000;174.0000;16942312.0000
201.0000;202.0000;0.0000;176.0000;16942320.0000
202.0000;202.0000;0.0000;178.0000;16942326.0000
202.0000;202.0000;0.0000;172.0000;16942332.0000
202.0000;202.0000;0.0000;177.0000;16942340.0000
202.0000;202.0000;0.0000;178.0000;16942348.0000
203.0000;202.0000;0.0000;178.0000;16942354.0000
203.0000;202.0000;0.0000;183.0000;16942360.0000
203.0000;201.0000;0.0000;187.0000;16942368.0000
203.0000;201.0000;0.0000;191.0000;16942376.0000
203.0000;200.0000;0.0000;195.0000;16942382.0000
203.0000;200.0000;0.0000;194.0000;16942388.0000
204.0000;199.0000;0.0000;198.0000;16942396.0000
204.0000;199.0000;0.0000;201.0000;16942404.0000
204.0000;198.0000;0.0000;198.0000;16942410.0000
204.0000;198.0000;0.0000;204.0000;16942416.0000
204.0000;198.0000;0.0000;205.0000;16942424.0000
204.0000;197.0000;0.0000;202.0000;16942432.0000
204.0000;197.0000;0.0000;207.0000;16942438.0000
205.0000;197.0000;0.0000;204.0000;16942446.0000
205.0000;196.0000;0.0000;204.0000;16942452.0000
205.0000;196.0000;0.0000;207.0000;16942460.0000
205.0000;195.0000;0.0000;205.0000;16942468.0000
205.0000;194.0000;0.0000;205.0000;16942474.0000
206.0000;194.0000;0.0000;207.0000;16942480.0000
206.0000;193.0000;0.0000;204.0000;16942488.0000
206.0000;193.0000;0.0000;207.0000;16942496.0000
206.0000;192.0000;0.0000;207.0000;16942502.0000
206.0000;192.0000;0.0000;205.0000;16942508.0000
206.0000;192.0000;0.0000;208.0000;16942516.0000
206.0000;191.0000;0.0000;207.0000;16942524.0000
206.0000;191.0000;0.0000;206.0000;16942530.0000
206.0000;191.0000;0.0000;210.0000;16942536.0000
206.0000;191.0000;0.0000;207.0000;16942544.0000
205.0000;190.0000;0.0000;208.0000;16942552.0000
205.0000;190.0000;0.0000;213.0000;16942558.0000
204.0000;189.0000;0.0000;207.0000;16942564.0000
203.0000;189.0000;0.0000;213.0000;16942572.0000
202.0000;188.0000;0.0000;215.0000;16942580.0000
201.0000;188.0000;0.0000;215.0000;16942586.0000
200.0000;187.0000;0.0000;223.0000;16942592.0000
199.0000;186.0000;0.0000;235.0000;16942600.0000
198.0000;185.0000;0.0000;249.0000;16942608.0000
197.0000;185.0000;0.0000;265.0000;16942614.0000
197.0000;184.0000;0.0000;270.0000;16942620.0000
196.0000;184.0000;0.0000;276.0000;16942628.0000
196.0000;184.0000;0.0000;281.0000;16942636.0000
195.0000;184.0000;0.0000;275.0000;16942644.0000
195.0000;184.0000;0.0000;279.0000;16942650.0000
195.0000;184.0000;0.0000;281.0000;16942656.0000
195.0000;184.0000;0.0000;276.0000;16942664.0000
195.0000;184.0000;0.0000;281.0000;16942672.0000
195.0000;184.0000;0.0000;279.0000;16942678.0000
194.0000;184.0000;0.0000;279.0000;16942684.0000
194.0000;184.0000;0.0000;283.0000;16942692.0000
194.0000;184.0000;0.0000;279.0000;16942700.0000
193.0000;184.0000;0.0000;282.0000;16942706.0000
192.0000;184.0000;0.0000;286.0000;16942712.0000
192.0000;184.0000;0.0000;283.0000;16942720.0000
191.0000;184.0000;0.0000;286.0000;16942728.0000
190.0000;184.0000;0.0000;290.0000;16942734.0000
189.0000;184.0000;0.0000;288.0000;16942740.0000
189.0000;184.0000;0.0000;293.0000;16942748.0000
188.0000;184.0000;0.0000;297.0000;16942756.0000
187.0000;184.0000;0.0000;297.0000;16942762.0000
186.0000;183.0000;0.0000;302.0000;16942768.0000
185.0000;183.0000;0.0000;302.0000;16942776.0000
183.0000;183.0000;0.0000;306.0000;16942784.0000
182.0000;183.0000;0.0000;314.0000;16942790.0000
181.0000;183.0000;0.0000;314.0000;16942796.0000
180.0000;183.0000;0.0000;323.0000;16942804.0000
180.0000;183.0000;0.0000;331.0000;16942812.0000
179.0000;183.0000;0.0000;331.0000;16942820.0000
178.0000;183.0000;0.0000;336.0000;16942826.0000
178.0000;184.0000;0.0000;338.0000;16942832.0000
177.0000;184.0000;0.0000;335.0000;16942840.0000
176.0000;185.0000;0.0000;341.0000;16942848.0000
176.0000;185.0000;0.0000;338.0000;16942854.0000
175.0000;186.0000;0.0000;338.0000;16942860.0000
174.0000;186.0000;0.0000;343.0000;16942868.0000
173.0000;187.0000;0.0000;340.0000;16942876.0000
172.0000;187.0000;0.0000;341.0000;16942882.0000
171.0000;188.0000;0.0000;344.0000;16942888.0000
171.0000;188.0000;0.0000;341.0000;16942896.0000
170.0000;189.0000;0.0000;344.0000;16942904.0000
169.0000;189.0000;0.0000;343.0000;16942910.0000
169.0000;190.0000;0.0000;341.0000;16942916.0000
169.0000;190.0000;0.0000;344.0000;16942924.0000
168.0000;191.0000;0.0000;342.0000;16942932.0000
168.0000;191.0000;0.0000;341.0000;16942938.0000
168.0000;192.0000;0.0000;347.0000;16942944.0000
167.0000;193.0000;0.0000;341.0000;16942952.0000
167.0000;193.0000;0.0000;343.0000;16942960.0000
167.0000;194.0000;0.0000;346.0000;16942966.0000
167.0000;195.0000;0.0000;341.0000;16942972.0000
166.0000;195.0000;0.0000;345.0000;16942980.0000
166.0000;196.0000;0.0000;345.0000;16942988.0000
166.0000;196.0000;0.0000;342.0000;16942994.0000
166.0000;197.0000;0.0000;345.0000;16943002.0000
166.0000;198.0000;0.0000;344.0000;16943008.0000
166.0000;198.0000;0.0000;343.0000;16943016.0000
166.0000;199.0000;0.0000;347.0000;16943024.0000
166.0000;200.0000;0.0000;342.0000;16943030.0000
166.0000;201.0000;0.0000;343.0000;16943036.0000
165.0000;202.0000;0.0000;347.0000;16943044.0000
165.0000;202.0000;0.0000;341.0000;16943052.0000
165.0000;203.0000;0.0000;346.0000;16943058.0000
165.0000;204.0000;0.0000;346.0000;16943064.0000
165.0000;204.0000;0.0000;342.0000;16943072.0000
165.0000;205.0000;0.0000;346.0000;16943080.0000
165.0000;206.0000;0.0000;344.0000;16943086.0000
165.0000;206.0000;0.0000;343.0000;16943092.0000
164.0000;207.0000;0.0000;347.0000;16943100.0000
164.0000;208.0000;0.0000;343.0000;16943108.0000
164.0000;209.0000;0.0000;345.0000;16943114.0000
163.0000;210.0000;0.0000;348.0000;16943120.0000
163.0000;211.0000;0.0000;344.0000;16943128.0000
163.0000;212.0000;0.0000;347.0000;16943136.0000
163.0000;213.0000;0.0000;349.0000;16943142.0000
163.0000;214.0000;0.0000;344.0000;16943148.0000
163.0000;214.0000;0.0000;347.0000;16943156.0000
163.0000;215.0000;0.0000;347.0000;16943164.0000
163.0000;216.0000;0.0000;345.0000;16943170.0000
163.0000;217.0000;0.0000;350.0000;16943176.0000
163.0000;217.0000;0.0000;347.0000;16943184.0000
163.0000;218.0000;12.0000;347.0000;16943192.0000
163.0000;219.0000;0.0000;354.0000;16943200.0000
163.0000;219.0000;0.0000;344.0000;16943206.0000
163.0000;220.0000;0.0000;347.0000;16943212.0000
164.0000;221.0000;0.0000;350.0000;16943220.0000
164.0000;221.0000;0.0000;346.0000;16943228.0000
164.0000;222.0000;0.0000;351.0000;16943234.0000
165.0000;223.0000;0.0000;351.0000;16943240.0000
165.0000;224.0000;0.0000;348.0000;16943248.0000
166.0000;225.0000;0.0000;354.0000;16943256.0000
167.0000;226.0000;0.0000;350.0000;16943262.0000
167.0000;227.0000;0.0000;350.0000;16943268.0000
168.0000;228.0000;0.0000;357.0000;16943276.0000
169.0000;228.0000;0.0000;353.0000;16943284.0000
169.0000;229.0000;0.0000;354.0000;16943290.0000
170.0000;230.0000;0.0000;358.0000;16943296.0000
170.0000;231.0000;0.0000;355.0000;16943304.0000
171.0000;232.0000;0.0000;361.0000;16943312.0000
172.0000;233.0000;0.0000;363.0000;16943318.0000
172.0000;234.0000;0.0000;360.0000;16943324.0000
173.0000;235.0000;0.0000;366.0000;16943332.0000
174.0000;236.0000;0.0000;365.0000;16943340.0000
174.0000;236.0000;0.0000;365.0000;16943346.0000
175.0000;237.0000;0.0000;371.0000;16943352.0000
176.0000;238.0000;0.0000;366.0000;16943360.0000
176.0000;238.0000;0.0000;368.0000;16943368.0000
177.0000;239.0000;0.0000;372.0000;16943376.0000
177.0000;239.0000;0.0000;366.0000;16943382.0000
178.0000;240.0000;0.0000;371.0000;16943388.0000
178.0000;241.0000;0.0000;371.0000;16943396.0000
179.0000;241.0000;0.0000;368.0000;16943404.0000
179.0000;242.0000;0.0000;372.0000;16943410.0000
180.0000;242.0000;0.0000;370.0000;16943416.0000
180.0000;243.0000;0.0000;369.0000;16943424.0000
181.0000;244.0000;0.0000;373.0000;16943432.0000
182.0000;244.0000;0.0000;368.0000;16943438.0000
182.0000;245.0000;0.0000;370.0000;16943444.0000
183.0000;245.0000;0.0000;374.0000;16943452.0000
183.0000;246.0000;0.0000;368.0000;16943460.0000
184.0000;246.0000;0.0000;373.0000;16943466.0000
184.0000;247.0000;0.0000;373.0000;16943472.0000
185.0000;247.0000;0.0000;370.0000;16943480.0000
185.0000;248.0000;0.0000;373.0000;16943488.0000
186.0000;248.0000;0.0000;371.0000;16943494.0000
187.0000;248.0000;0.0000;370.0000;16943500.0000
187.0000;249.0000;0.0000;374.0000;16943508.0000
188.0000;249.0000;0.0000;370.0000;16943516.0000
188.0000;250.0000;0.0000;372.0000;16943522.0000
189.0000;250.0000;0.0000;376.0000;16943528.0000
189.0000;250.0000;0.0000;370.0000;16943536.0000
190.0000;251.0000;0.0000;373.0000;16943544.0000
190.0000;251.0000;0.0000;375.0000;16943550.0000
191.0000;252.0000;0.0000;369.0000;16943558.0000
192.0000;252.0000;0.0000;373.0000;16943564.0000
192.0000;253.0000;0.0000;373.0000;16943572.0000
193.0000;253.0000;0.0000;371.0000;16943580.0000
194.0000;254.0000;0.0000;375.0000;16943586.0000
195.0000;254.0000;0.0000;371.0000;16943592.0000
195.0000;254.0000;0.0000;373.0000;16943600.0000
196.0000;255.0000;0.0000;376.0000;16943608.0000
197.0000;255.0000;0.0000;371.0000;16943614.0000
197.0000;255.0000;0.0000;373.0000;16943620.0000
198.0000;255.0000;0.0000;376.0000;16943628.0000
199.0000;256.0000;0.0000;371.0000;16943636.0000
199.0000;256.0000;0.0000;376.0000;16943642.0000
200.0000;256.0000;0.0000;376.0000;16943648.0000
201.0000;256.0000;0.0000;373.0000;16943656.0000
201.0000;256.0000;0.0000;377.0000;16943664.0000
202.0000;257.0000;0.0000;373.0000;16943670.0000
203.0000;257.0000;0.0000;374.0000;16943676.0000
204.0000;257.0000;0.0000;378.0000;16943684.0000
205.0000;257.0000;0.0000;373.0000;16943692.0000
206.0000;257.0000;0.0000;376.0000;16943698.0000
207.0000;257.0000;0.0000;377.0000;16943704.0000
208.0000;257.0000;0.0000;373.0000;16943712.0000
209.0000;257.0000;0.0000;376.0000;16943720.0000
210.0000;257.0000;0.0000;377.0000;16943726.0000
211.0000;257.0000;0.0000;374.0000;16943732.0000
211.0000;257.0000;0.0000;379.0000;16943740.0000
212.0000;256.0000;0.0000;376.0000;16943748.0000
213.0000;256.0000;0.0000;374.0000;16943756.0000
214.0000;256.0000;0.0000;380.0000;16943762.0000
215.0000;256.0000;0.0000;376.0000;16943768.0000
216.0000;256.0000;0.0000;378.0000;16943776.0000
217.0000;256.0000;0.0000;382.0000;16943784.0000
218.0000;256.0000;0.0000;377.0000;16943790.0000
219.0000;256.0000;0.0000;382.0000;16943796.0000
221.0000;256.0000;0.0000;382.0000;16943804.0000
222.0000;256.0000;0.0000;380.0000;16943812.0000
223.0000;256.0000;0.0000;385.0000;16943818.0000
224.0000;256.0000;0.0000;382.0000;16943824.0000
225.0000;256.0000;0.0000;381.0000;16943832.0000
225.0000;255.0000;0.0000;386.0000;16943840.0000
226.0000;255.0000;0.0000;381.0000;16943846.0000
227.0000;255.0000;0.0000;382.0000;16943852.0000
228.0000;255.0000;0.0000;387.0000;16943860.0000
228.0000;255.0000;0.0000;381.0000;16943868.0000
229.0000;254.0000;0.0000;387.0000;16943874.0000
230.0000;254.0000;0.0000;387.0000;16943880.0000
230.0000;254.0000;0.0000;384.0000;16943888.0000
231.0000;253.0000;0.0000;387.0000;16943896.0000
232.0000;253.0000;0.0000;386.0000;16943902.0000
233.0000;253.0000;0.0000;385.0000;16943908.0000
233.0000;252.0000;0.0000;389.0000;16943916.0000
234.0000;252.0000;0.0000;384.0000;16943924.0000
235.0000;251.0000;0.0000;386.0000;16943932.0000
235.0000;251.0000;0.0000;392.0000;16943938.0000
236.0000;250.0000;0.0000;386.0000;16943944.0000
237.0000;250.0000;0.0000;391.0000;16943952.0000
238.0000;249.0000;0.0000;394.0000;16943960.0000
238.0000;249.0000;0.0000;389.0000;16943966.0000
239.0000;248.0000;0.0000;393.0000;16943972.0000
240.0000;248.0000;0.0000;394.0000;16943980.0000
241.0000;247.0000;0.0000;391.0000;16943988.0000
241.0000;247.0000;0.0000;396.0000;16943994.0000
242.0000;246.0000;0.0000;392.0000;16944000.0000
243.0000;245.0000;0.0000;396.0000;16944008.0000
244.0000;245.0000;0.0000;401.0000;16944016.0000
244.0000;244.0000;0.0000;397.0000;16944022.0000
245.0000;244.0000;0.0000;402.0000;16944028.0000
246.0000;243.0000;0.0000;404.0000;16944036.0000
247.0000;243.0000;0.0000;398.0000;16944044.0000
248.0000;242.0000;0.0000;405.0000;16944050.0000
248.0000;242.0000;0.0000;404.0000;16944056.0000
249.0000;241.0000;0.0000;403.0000;16944064.0000
250.0000;240.0000;0.0000;409.0000;16944072.0000
251.0000;239.0000;0.0000;405.0000;16944078.0000
251.0000;238.0000;0.0000;408.0000;16944084.0000
252.0000;238.0000;0.0000;413.0000;16944092.0000
252.0000;237.0000;0.0000;408.0000;16944100.0000
253.0000;236.0000;0.0000;411.0000;16944106.0000
254.0000;235.0000;0.0000;414.0000;16944114.0000
254.0000;234.0000;0.0000;408.0000;16944120.0000
255.0000;234.0000;0.0000;412.0000;16944128.0000
256.0000;233.0000;0.0000;413.0000;16944136.0000
257.0000;232.0000;0.0000;408.0000;16944142.0000
258.0000;231.0000;0.0000;414.0000;16944148.0000
259.0000;230.0000;0.0000;411.0000;16944156.0000
259.0000;230.0000;0.0000;411.0000;16944164.0000
260.0000;229.0000;12.0000;418.0000;16944170.0000
261.0000;228.0000;0.0000;411.0000;16944176.0000
261.0000;227.0000;12.0000;413.0000;16944184.0000
262.0000;226.0000;12.0000;416.0000;16944192.0000
262.0000;224.0000;0.0000;411.0000;16944198.0000
263.0000;223.0000;12.0000;415.0000;16944204.0000
263.0000;222.0000;0.0000;415.0000;16944212.0000
264.0000;221.0000;0.0000;411.0000;16944220.0000
264.0000;220.0000;12.0000;415.0000;16944226.0000
264.0000;219.0000;12.0000;414.0000;16944232.0000
264.0000;218.0000;0.0000;411.0000;16944240.0000
265.0000;217.0000;0.0000;418.0000;16944248.0000
265.0000;216.0000;0.0000;411.0000;16944254.0000
265.0000;216.0000;0.0000;404.0000;16944260.0000
266.0000;215.0000;0.0000;424.0000;16944268.0000
266.0000;214.0000;0.0000;418.0000;16944276.0000
266.0000;213.0000;0.0000;423.0000;16944282.0000
267.0000;212.0000;0.0000;423.0000;16944288.0000
267.0000;211.0000;0.0000;419.0000;16944296.0000
267.0000;209.0000;0.0000;424.0000;16944304.0000
267.0000;208.0000;0.0000;422.0000;16944312.0000
267.0000;207.0000;0.0000;421.0000;16944318.0000
267.0000;206.0000;0.0000;425.0000;16944324.0000
268.0000;205.0000;0.0000;421.0000;16944332.0000
268.0000;204.0000;0.0000;422.0000;16944340.0000
268.0000;203.0000;0.0000;425.0000;16944346.0000
268.0000;202.0000;0.0000;420.0000;16944352.0000
268.0000;201.0000;0.0000;423.0000;16944360.0000
268.0000;200.0000;0.0000;425.0000;16944368.0000
268.0000;199.0000;0.0000;420.0000;16944374.0000
267.0000;199.0000;0.0000;424.0000;16944380.0000
267.0000;198.0000;0.0000;424.0000;16944388.0000
267.0000;197.0000;0.0000;421.0000;16944396.0000
267.0000;196.0000;0.0000;424.0000;16944402.0000
267.0000;195.0000;0.0000;421.0000;16944408.0000
267.0000;193.0000;0.0000;422.0000;16944416.0000
266.0000;192.0000;0.0000;426.0000;16944424.0000
266.0000;191.0000;0.0000;421.0000;16944430.0000
266.0000;190.0000;0.0000;423.0000;16944436.0000
265.0000;189.0000;0.0000;426.0000;16944444.0000
265.0000;188.0000;0.0000;420.0000;16944452.0000
265.0000;187.0000;0.0000;425.0000;16944458.0000
265.0000;186.0000;0.0000;424.0000;16944464.0000
265.0000;185.0000;0.0000;421.0000;16944472.0000
265.0000;184.0000;0.0000;427.0000;16944480.0000
265.0000;183.0000;0.0000;423.0000;16944488.0000
265.0000;182.0000;0.0000;423.0000;16944494.0000
265.0000;181.0000;0.0000;426.0000;16944500.0000
265.0000;180.0000;0.0000;422.0000;16944508.0000
265.0000;179.0000;0.0000;424.0000;16944516.0000
265.0000;177.0000;0.0000;426.0000;16944522.0000
264.0000;176.0000;0.0000;421.0000;16944528.0000
264.0000;175.0000;0.0000;425.0000;16944536.0000
263.0000;174.0000;0.0000;424.0000;16944544.0000
263.0000;173.0000;0.0000;421.0000;16944550.0000
262.0000;172.0000;0.0000;427.0000;16944556.0000
262.0000;172.0000;0.0000;423.0000;16944564.0000
261.0000;171.0000;0.0000;421.0000;16944572.0000
261.0000;170.0000;0.0000;427.0000;16944578.0000
261.0000;169.0000;0.0000;422.0000;16944584.0000
260.0000;168.0000;0.0000;422.0000;16944592.0000
260.0000;167.0000;0.0000;426.0000;16944600.0000
260.0000;167.0000;0.0000;421.0000;16944606.0000
259.0000;166.0000;0.0000;425.0000;16944612.0000
259.0000;165.0000;12.0000;424.0000;16944620.0000
259.0000;165.0000;0.0000;421.0000;16944628.0000
259.0000;164.0000;0.0000;425.0000;16944634.0000
258.0000;163.0000;0.0000;423.0000;16944640.0000
258.0000;162.0000;0.0000;421.0000;16944648.0000
257.0000;161.0000;0.0000;427.0000;16944656.0000
257.0000;160.0000;0.0000;421.0000;16944662.0000
256.0000;159.0000;0.0000;421.0000;16944670.0000
256.0000;158.0000;0.0000;424.0000;16944676.0000
255.0000;157.0000;0.0000;419.0000;16944684.0000
255.0000;156.0000;0.0000;424.0000;16944692.0000
254.0000;155.0000;0.0000;423.0000;16944698.0000
254.0000;155.0000;0.0000;420.0000;16944704.0000
254.0000;154.0000;0.0000;423.0000;16944712.0000
253.0000;153.0000;0.0000;421.0000;16944720.0000
253.0000;153.0000;0.0000;420.0000;16944726.0000
253.0000;152.0000;0.0000;424.0000;16944732.0000
253.0000;152.0000;0.0000;418.0000;16944740.0000
252.0000;151.0000;0.0000;419.0000;16944748.0000
252.0000;151.0000;0.0000;424.0000;16944754.0000
252.0000;150.0000;0.0000;418.0000;16944760.0000
251.0000;150.0000;0.0000;421.0000;16944768.0000
251.0000;149.0000;0.0000;421.0000;16944776.0000
250.0000;148.0000;0.0000;416.0000;16944782.0000
249.0000;148.0000;0.0000;421.0000;16944788.0000
248.0000;147.0000;0.0000;419.0000;16944796.0000
247.0000;146.0000;0.0000;418.0000;16944804.0000
246.0000;146.0000;0.0000;421.0000;16944810.0000
246.0000;145.0000;0.0000;416.0000;16944816.0000
245.0000;145.0000;0.0000;418.0000;16944824.0000
245.0000;144.0000;0.0000;421.0000;16944832.0000
244.0000;144.0000;0.0000;415.0000;16944838.0000
243.0000;143.0000;0.0000;418.0000;16944844.0000
243.0000;143.0000;0.0000;421.0000;16944852.0000
242.0000;143.0000;0.0000;414.0000;16944860.0000
241.0000;142.0000;0.0000;419.0000;16944868.0000
240.0000;142.0000;0.0000;416.0000;16944874.0000
240.0000;141.0000;0.0000;415.0000;16944880.0000
239.0000;141.0000;0.0000;420.0000;16944888.0000
238.0000;140.0000;0.0000;414.0000;16944896.0000
236.0000;140.0000;0.0000;416.0000;16944902.0000
235.0000;139.0000;0.0000;421.0000;16944908.0000
234.0000;138.0000;0.0000;414.0000;16944916.0000
233.0000;137.0000;0.0000;418.0000;16944924.0000
231.0000;136.0000;0.0000;419.0000;16944930.0000
229.0000;135.0000;0.0000;413.0000;16944936.0000
228.0000;134.0000;0.0000;418.0000;16944944.0000
226.0000;133.0000;0.0000;416.0000;16944952.0000
225.0000;132.0000;0.0000;413.0000;16944958.0000
223.0000;132.0000;0.0000;418.0000;16944964.0000
222.0000;131.0000;0.0000;413.0000;16944972.0000
221.0000;131.0000;0.0000;414.0000;16944980.0000
220.0000;130.0000;0.0000;419.0000;16944986.0000
219.0000;130.0000;0.0000;413.0000;16944992.0000
218.0000;130.0000;0.0000;414.0000;16945000.0000
217.0000;130.0000;0.0000;418.0000;16945008.0000
216.0000;129.0000;0.0000;411.0000;16945014.0000
215.0000;129.0000;0.0000;418.0000;16945020.0000
214.0000;129.0000;0.0000;414.0000;16945028.0000
213.0000;128.0000;0.0000;412.0000;16945036.0000
212.0000;128.0000;0.0000;418.0000;16945044.0000
211.0000;127.0000;0.0000;414.0000;16945050.0000
210.0000;127.0000;0.0000;412.0000;16945056.0000
209.0000;127.0000;0.0000;418.0000;16945064.0000
208.0000;126.0000;0.0000;411.0000;16945072.0000
207.0000;126.0000;0.0000;413.0000;16945078.0000
206.0000;125.0000;0.0000;416.0000;16945084.0000
204.0000;125.0000;0.0000;411.0000;16945092.0000
203.0000;124.0000;0.0000;414.0000;16945100.0000
202.0000;124.0000;0.0000;414.0000;16945106.0000
200.0000;123.0000;0.0000;411.0000;16945112.0000
199.0000;123.0000;0.0000;414.0000;16945120.0000
197.0000;123.0000;0.0000;414.0000;16945128.0000
196.0000;122.0000;0.0000;411.0000;16945134.0000
194.0000;122.0000;0.0000;416.0000;16945140.0000
192.0000;121.0000;0.0000;411.0000;16945148.0000
190.0000;121.0000;0.0000;412.0000;16945156.0000
188.0000;120.0000;0.0000;416.0000;16945162.0000
186.0000;120.0000;0.0000;411.0000;16945168.0000
184.0000;119.0000;0.0000;416.0000;16945176.0000
182.0000;118.0000;0.0000;419.0000;16945184.0000
180.0000;118.0000;0.0000;414.0000;16945190.0000
178.0000;117.0000;0.0000;419.0000;16945196.0000
176.0000;117.0000;0.0000;420.0000;16945204.0000
175.0000;116.0000;0.0000;418.0000;16945212.0000
173.0000;116.0000;0.0000;422.0000;16945218.0000
171.0000;116.0000;0.0000;418.0000;16945226.0000
169.0000;115.0000;0.0000;421.0000;16945232.0000
168.0000;115.0000;0.0000;424.0000;16945240.0000
166.0000;115.0000;0.0000;419.0000;16945248.0000
165.0000;115.0000;0.0000;423.0000;16945254.0000
164.0000;114.0000;0.0000;425.0000;16945260.0000
162.0000;114.0000;0.0000;419.0000;16945268.0000
161.0000;114.0000;0.0000;425.0000;16945276.0000
160.0000;114.0000;0.0000;424.0000;16945282.0000
159.0000;114.0000;0.0000;422.0000;16945288.0000
158.0000;114.0000;0.0000;426.0000;16945296.0000
157.0000;114.0000;0.0000;422.0000;16945304.0000
156.0000;114.0000;0.0000;424.0000;16945310.0000
156.0000;114.0000;0.0000;427.0000;16945316.0000
155.0000;114.0000;0.0000;423.0000;16945324.0000
154.0000;115.0000;0.0000;425.0000;16945332.0000
154.0000;115.0000;0.0000;427.0000;16945338.0000
153.0000;115.0000;0.0000;421.0000;16945344.0000
153.0000;116.0000;0.0000;427.0000;16945352.0000
152.0000;116.0000;0.0000;426.0000;16945360.0000
151.0000;117.0000;0.0000;424.0000;16945366.0000
151.0000;117.0000;0.0000;429.0000;16945372.0000
150.0000;117.0000;0.0000;425.0000;16945380.0000
150.0000;118.0000;0.0000;425.0000;16945388.0000
149.0000;118.0000;0.0000;430.0000;16945394.0000
148.0000;119.0000;0.0000;425.0000;16945400.0000
148.0000;120.0000;0.0000;427.0000;16945408.0000
147.0000;120.0000;0.0000;430.0000;16945416.0000
147.0000;121.0000;0.0000;426.0000;16945424.0000
146.0000;122.0000;0.0000;430.0000;16945430.0000
146.0000;123.0000;0.0000;430.0000;16945436.0000
145.0000;124.0000;0.0000;429.0000;16945444.0000
145.0000;125.0000;0.0000;432.0000;16945452.0000
144.0000;126.0000;0.0000;429.0000;16945458.0000
143.0000;127.0000;0.0000;430.0000;16945464.0000
142.0000;128.0000;0.0000;433.0000;16945472.0000
142.0000;129.0000;0.0000;429.0000;16945480.0000
141.0000;130.0000;0.0000;430.0000;16945486.0000
140.0000;130.0000;0.0000;433.0000;16945492.0000
139.0000;131.0000;0.0000;429.0000;16945500.0000
138.0000;132.0000;0.0000;433.0000;16945508.0000
137.0000;133.0000;0.0000;433.0000;16945514.0000
136.0000;134.0000;0.0000;430.0000;16945520.0000
136.0000;136.0000;0.0000;434.0000;16945528.0000
135.0000;137.0000;0.0000;433.0000;16945536.0000
134.0000;138.0000;0.0000;431.0000;16945542.0000
133.0000;139.0000;0.0000;438.0000;16945548.0000
133.0000;140.0000;0.0000;432.0000;16945556.0000
132.0000;141.0000;0.0000;434.0000;16945564.0000
132.0000;141.0000;0.0000;438.0000;16945570.0000
131.0000;142.0000;0.0000;431.0000;16945576.0000
131.0000;143.0000;0.0000;437.0000;16945584.0000
130.0000;143.0000;0.0000;437.0000;16945592.0000
129.0000;144.0000;0.0000;433.0000;16945600.0000
129.0000;145.0000;0.0000;437.0000;16945606.0000
128.0000;146.0000;0.0000;437.0000;16945612.0000
127.0000;146.0000;0.0000;433.0000;16945620.0000
126.0000;147.0000;0.0000;439.0000;16945628.0000
125.0000;148.0000;0.0000;433.0000;16945634.0000
125.0000;149.0000;0.0000;436.0000;16945640.0000
124.0000;150.0000;0.0000;440.0000;16945648.0000
123.0000;151.0000;0.0000;433.0000;16945656.0000
123.0000;152.0000;0.0000;437.0000;16945662.0000
122.0000;153.0000;0.0000;440.0000;16945668.0000
121.0000;153.0000;0.0000;433.0000;16945676.0000
120.0000;154.0000;0.0000;439.0000;16945684.0000
120.0000;155.0000;0.0000;439.0000;16945690.0000
119.0000;156.0000;0.0000;437.0000;16945696.0000
118.0000;157.0000;0.0000;440.0000;16945704.0000
117.0000;157.0000;0.0000;437.0000;16945712.0000
116.0000;158.0000;0.0000;438.0000;16945718.0000
116.0000;159.0000;0.0000;442.0000;16945724.0000
115.0000;160.0000;0.0000;437.0000;16945732.0000
114.0000;162.0000;0.0000;440.0000;16945740.0000
113.0000;163.0000;0.0000;441.0000;16945746.0000
112.0000;164.0000;0.0000;437.0000;16945752.0000
112.0000;166.0000;0.0000;441.0000;16945760.0000
111.0000;167.0000;0.0000;441.0000;16945768.0000
110.0000;169.0000;0.0000;438.0000;16945774.0000
109.0000;170.0000;0.0000;442.0000;16945782.0000
108.0000;171.0000;0.0000;439.0000;16945788.0000
107.0000;172.0000;0.0000;440.0000;16945796.0000
106.0000;173.0000;0.0000;443.0000;16945804.0000
106.0000;174.0000;0.0000;440.0000;16945810.0000
105.0000;175.0000;0.0000;440.0000;16945816.0000
105.0000;176.0000;0.0000;443.0000;16945824.0000
104.0000;177.0000;0.0000;439.0000;16945832.0000
104.0000;179.0000;0.0000;443.0000;16945838.0000
103.0000;180.0000;0.0000;443.0000;16945844.0000
103.0000;181.0000;0.0000;440.0000;16945852.0000
102.0000;182.0000;0.0000;445.0000;16945860.0000
102.0000;183.0000;0.0000;443.0000;16945866.0000
101.0000;184.0000;0.0000;442.0000;16945872.0000
101.0000;185.0000;0.0000;447.0000;16945880.0000
100.0000;187.0000;0.0000;442.0000;16945888.0000
100.0000;188.0000;0.0000;443.0000;16945894.0000
99.0000;189.0000;0.0000;446.0000;16945900.0000
99.0000;190.0000;0.0000;442.0000;16945908.0000
98.0000;191.0000;0.0000;446.0000;16945916.0000
98.0000;191.0000;0.0000;446.0000;16945922.0000
98.0000;192.0000;0.0000;443.0000;16945928.0000
98.0000;194.0000;0.0000;447.0000;16945936.0000
98.0000;195.0000;0.0000;445.0000;16945944.0000
98.0000;196.0000;0.0000;444.0000;16945950.0000
98.0000;196.0000;0.0000;449.0000;16945956.0000
97.0000;198.0000;0.0000;443.0000;16945964.0000
97.0000;198.0000;0.0000;445.0000;16945972.0000
96.0000;199.0000;0.0000;448.0000;16945980.0000
96.0000;200.0000;0.0000;443.0000;16945986.0000
96.0000;201.0000;0.0000;447.0000;16945992.0000
95.0000;202.0000;0.0000;447.0000;16946000.0000
95.0000;202.0000;0.0000;444.0000;16946008.0000
95.0000;203.0000;0.0000;448.0000;16946014.0000
95.0000;203.0000;0.0000;448.0000;16946020.0000
95.0000;204.0000;0.0000;446.0000;16946028.0000
95.0000;204.0000;0.0000;452.0000;16946036.0000
96.0000;205.0000;0.0000;448.0000;16946042.0000
96.0000;205.0000;0.0000;450.0000;16946048.0000
96.0000;206.0000;0.0000;457.0000;16946056.0000
96.0000;207.0000;0.0000;453.0000;16946064.0000
95.0000;208.0000;0.0000;459.0000;16946070.0000
95.0000;208.0000;0.0000;462.0000;16946076.0000
95.0000;209.0000;0.0000;456.0000;16946084.0000
95.0000;210.0000;0.0000;462.0000;16946092.0000
95.0000;211.0000;0.0000;462.0000;16946098.0000
95.0000;212.0000;0.0000;462.0000;16946104.0000
95.0000;213.0000;0.0000;468.0000;16946112.0000
95.0000;213.0000;0.0000;468.0000;16946120.0000
95.0000;214.0000;0.0000;471.0000;16946126.0000
95.0000;215.0000;0.0000;479.0000;16946132.0000
96.0000;216.0000;0.0000;474.0000;16946140.0000
96.0000;217.0000;0.0000;479.0000;16946148.0000
96.0000;218.0000;0.0000;481.0000;16946156.0000
96.0000;219.0000;0.0000;471.0000;16946162.0000
97.0000;220.0000;0.0000;481.0000;16946168.0000
97.0000;221.0000;0.0000;477.0000;16946176.0000
97.0000;222.0000;0.0000;473.0000;16946184.0000
97.0000;223.0000;0.0000;480.0000;16946190.0000
97.0000;223.0000;0.0000;477.0000;16946196.0000
97.0000;224.0000;0.0000;479.0000;16946204.0000
97.0000;225.0000;0.0000;487.0000;16946212.0000
98.0000;226.0000;0.0000;484.0000;16946218.0000
98.0000;227.0000;0.0000;488.0000;16946224.0000
98.0000;228.0000;0.0000;491.0000;16946232.0000
98.0000;229.0000;0.0000;487.0000;16946240.0000
98.0000;230.0000;0.0000;493.0000;16946246.0000
98.0000;231.0000;0.0000;493.0000;16946252.0000
98.0000;232.0000;0.0000;490.0000;16946260.0000
98.0000;233.0000;0.0000;495.0000;16946268.0000
99.0000;234.0000;0.0000;492.0000;16946274.0000
99.0000;236.0000;0.0000;492.0000;16946280.0000
99.0000;237.0000;0.0000;497.0000;16946288.0000
99.0000;238.0000;0.0000;492.0000;16946296.0000
100.0000;239.0000;0.0000;493.0000;16946302.0000
100.0000;240.0000;0.0000;497.0000;16946308.0000
100.0000;241.0000;0.0000;493.0000;16946316.0000
100.0000;242.0000;0.0000;497.0000;16946324.0000
100.0000;243.0000;0.0000;499.0000;16946330.0000
100.0000;244.0000;0.0000;496.0000;16946338.0000
100.0000;245.0000;0.0000;501.0000;16946344.0000
100.0000;246.0000;0.0000;499.0000;16946352.0000
100.0000;247.0000;0.0000;499.0000;16946360.0000
100.0000;248.0000;0.0000;504.0000;16946366.0000
101.0000;249.0000;0.0000;500.0000;16946372.0000
102.0000;250.0000;0.0000;501.0000;16946380.0000
103.0000;251.0000;0.0000;506.0000;16946388.0000
104.0000;252.0000;0.0000;501.0000;16946394.0000
105.0000;254.0000;0.0000;506.0000;16946400.0000
106.0000;255.0000;0.0000;506.0000;16946408.0000
107.0000;256.0000;0.0000;503.0000;16946416.0000
108.0000;257.0000;0.0000;506.0000;16946422.0000
108.0000;258.0000;0.0000;507.0000;16946428.0000
109.0000;259.0000;0.0000;507.0000;16946436.0000
110.0000;259.0000;0.0000;515.0000;16946444.0000
110.0000;260.0000;0.0000;512.0000;16946450.0000
111.0000;261.0000;0.0000;516.0000;16946456.0000
111.0000;262.0000;0.0000;521.0000;16946464.0000
111.0000;263.0000;0.0000;516.0000;16946472.0000
111.0000;264.0000;0.0000;521.0000;16946478.0000
111.0000;264.0000;0.0000;523.0000;16946484.0000
112.0000;266.0000;0.0000;518.0000;16946492.0000
113.0000;267.0000;0.0000;525.0000;16946500.0000
114.0000;268.0000;0.0000;525.0000;16946506.0000
114.0000;269.0000;0.0000;522.0000;16946512.0000
115.0000;269.0000;0.0000;528.0000;16946520.0000
116.0000;270.0000;0.0000;522.0000;16946528.0000
116.0000;270.0000;0.0000;525.0000;16946536.0000
117.0000;271.0000;0.0000;530.0000;16946542.0000
117.0000;271.0000;0.0000;523.0000;16946548.0000
118.0000;272.0000;0.0000;528.0000;16946556.0000
118.0000;272.0000;0.0000;530.0000;16946564.0000
118.0000;273.0000;0.0000;523.0000;16946570.0000
119.0000;273.0000;0.0000;528.0000;16946576.0000
119.0000;274.0000;0.0000;528.0000;16946584.0000
120.0000;274.0000;0.0000;525.0000;16946592.0000
120.0000;275.0000;0.0000;531.0000;16946598.0000
120.0000;276.0000;0.0000;528.0000;16946604.0000
121.0000;276.0000;0.0000;528.0000;16946612.0000
122.0000;277.0000;0.0000;531.0000;16946620.0000
122.0000;278.0000;0.0000;528.0000;16946626.0000
123.0000;278.0000;0.0000;529.0000;16946632.0000
123.0000;279.0000;0.0000;532.0000;16946640.0000
124.0000;279.0000;0.0000;528.0000;16946648.0000
124.0000;280.0000;0.0000;531.0000;16946654.0000
124.0000;280.0000;0.0000;531.0000;16946660.0000
125.0000;280.0000;0.0000;528.0000;16946668.0000
125.0000;281.0000;0.0000;532.0000;16946676.0000
125.0000;281.0000;0.0000;529.0000;16946682.0000
126.0000;282.0000;0.0000;529.0000;16946688.0000
126.0000;282.0000;0.0000;534.0000;16946696.0000
127.0000;283.0000;0.0000;529.0000;16946704.0000
127.0000;284.0000;0.0000;530.0000;16946712.0000
128.0000;284.0000;0.0000;533.0000;16946718.0000
128.0000;285.0000;0.0000;528.0000;16946724.0000
129.0000;285.0000;0.0000;533.0000;16946732.0000
129.0000;286.0000;0.0000;532.0000;16946740.0000
130.0000;286.0000;0.0000;529.0000;16946746.0000
130.0000;287.0000;0.0000;534.0000;16946752.0000
130.0000;287.0000;0.0000;531.0000;16946760.0000
131.0000;288.0000;0.0000;531.0000;16946768.0000
131.0000;288.0000;0.0000;536.0000;16946774.0000
131.0000;289.0000;0.0000;530.0000;16946780.0000
132.0000;289.0000;0.0000;532.0000;16946788.0000
132.0000;290.0000;0.0000;535.0000;16946796.0000
133.0000;290.0000;0.0000;530.0000;16946802.0000
133.0000;291.0000;0.0000;534.0000;16946808.0000
134.0000;292.0000;0.0000;534.0000;16946816.0000
134.0000;292.0000;0.0000;531.0000;16946824.0000
135.0000;293.0000;0.0000;534.0000;16946830.0000
135.0000;293.0000;0.0000;533.0000;16946836.0000
136.0000;294.0000;0.0000;530.0000;16946844.0000
136.0000;294.0000;0.0000;535.0000;16946852.0000
137.0000;295.0000;0.0000;530.0000;16946858.0000
137.0000;295.0000;0.0000;532.0000;16946864.0000
138.0000;296.0000;0.0000;537.0000;16946872.0000
138.0000;296.0000;0.0000;530.0000;16946880.0000
139.0000;296.0000;0.0000;534.0000;16946886.0000
139.0000;297.0000;0.0000;535.0000;16946894.0000
140.0000;298.0000;0.0000;530.0000;16946900.0000
141.0000;299.0000;0.0000;535.0000;16946908.0000
142.0000;299.0000;0.0000;534.0000;16946916.0000
143.0000;300.0000;0.0000;531.0000;16946922.0000
143.0000;301.0000;0.0000;537.0000;16946928.0000
144.0000;302.0000;0.0000;532.0000;16946936.0000
145.0000;302.0000;0.0000;533.0000;16946944.0000
146.0000;303.0000;0.0000;537.0000;16946950.0000
146.0000;304.0000;0.0000;531.0000;16946956.0000
147.0000;304.0000;0.0000;535.0000;16946964.0000
148.0000;305.0000;0.0000;537.0000;16946972.0000
149.0000;305.0000;0.0000;532.0000;16946978.0000
150.0000;306.0000;0.0000;537.0000;16946984.0000
151.0000;306.0000;0.0000;537.0000;16946992.0000
152.0000;306.0000;0.0000;534.0000;16947000.0000
153.0000;307.0000;0.0000;538.0000;16947006.0000
153.0000;307.0000;0.0000;534.0000;16947012.0000
154.0000;308.0000;0.0000;535.0000;16947020.0000
155.0000;308.0000;0.0000;539.0000;16947028.0000
156.0000;309.0000;0.0000;534.0000;16947034.0000
157.0000;309.0000;0.0000;537.0000;16947040.0000
159.0000;309.0000;0.0000;539.0000;16947048.0000
160.0000;310.0000;0.0000;534.0000;16947056.0000
161.0000;310.0000;0.0000;540.0000;16947062.0000
162.0000;310.0000;0.0000;538.0000;16947068.0000
163.0000;311.0000;0.0000;536.0000;16947076.0000
164.0000;311.0000;0.0000;540.0000;16947084.0000
165.0000;311.0000;0.0000;537.0000;16947092.0000
166.0000;311.0000;0.0000;537.0000;16947098.0000
167.0000;312.0000;0.0000;542.0000;16947104.0000
168.0000;312.0000;0.0000;536.0000;16947112.0000
169.0000;312.0000;0.0000;538.0000;16947120.0000
170.0000;312.0000;0.0000;541.0000;16947126.0000
171.0000;313.0000;0.0000;536.0000;16947132.0000
172.0000;313.0000;0.0000;540.0000;16947140.0000
173.0000;313.0000;0.0000;540.0000;16947148.0000
174.0000;314.0000;0.0000;536.0000;16947154.0000
175.0000;314.0000;0.0000;540.0000;16947160.0000
176.0000;314.0000;0.0000;538.0000;16947168.0000
177.0000;314.0000;12.0000;537.0000;16947176.0000
178.0000;314.0000;0.0000;543.0000;16947182.0000
179.0000;315.0000;0.0000;536.0000;16947188.0000
180.0000;315.0000;12.0000;538.0000;16947196.0000
181.0000;315.0000;0.0000;542.0000;16947204.0000
183.0000;315.0000;0.0000;535.0000;16947210.0000
184.0000;316.0000;0.0000;540.0000;16947216.0000
186.0000;316.0000;0.0000;540.0000;16947224.0000
188.0000;317.0000;0.0000;536.0000;16947232.0000
189.0000;317.0000;0.0000;540.0000;16947238.0000
191.0000;318.0000;0.0000;540.0000;16947244.0000
192.0000;318.0000;0.0000;537.0000;16947252.0000
193.0000;318.0000;0.0000;543.0000;16947260.0000
194.0000;319.0000;0.0000;537.0000;16947268.0000
196.0000;319.0000;0.0000;538.0000;16947274.0000
197.0000;319.0000;0.0000;542.0000;16947280.0000
198.0000;319.0000;0.0000;535.0000;16947288.0000
199.0000;320.0000;0.0000;540.0000;16947296.0000
200.0000;320.0000;0.0000;542.0000;16947302.0000
202.0000;320.0000;0.0000;535.0000;16947308.0000
203.0000;320.0000;0.0000;540.0000;16947316.0000
204.0000;320.0000;0.0000;540.0000;16947324.0000
206.0000;320.0000;0.0000;537.0000;16947330.0000
207.0000;320.0000;0.0000;542.0000;16947336.0000
208.0000;321.0000;0.0000;537.0000;16947344.0000
210.0000;320.0000;0.0000;539.0000;16947352.0000
211.0000;320.0000;0.0000;542.0000;16947358.0000
212.0000;320.0000;0.0000;537.0000;16947364.0000
213.0000;320.0000;0.0000;540.0000;16947372.0000
215.0000;320.0000;0.0000;542.0000;16947380.0000
216.0000;320.0000;0.0000;537.0000;16947386.0000
217.0000;320.0000;0.0000;542.0000;16947392.0000
218.0000;320.0000;0.0000;540.0000;16947400.0000
219.0000;320.0000;0.0000;537.0000;16947408.0000
220.0000;320.0000;0.0000;543.0000;16947414.0000
222.0000;320.0000;0.0000;537.0000;16947420.0000
223.0000;319.0000;0.0000;539.0000;16947428.0000
224.0000;319.0000;12.0000;543.0000;16947436.0000
226.0000;319.0000;0.0000;537.0000;16947442.0000
227.0000;319.0000;0.0000;540.0000;16947450.0000
228.0000;319.0000;0.0000;542.0000;16947456.0000
230.0000;319.0000;0.0000;537.0000;16947464.0000
231.0000;319.0000;0.0000;541.0000;16947472.0000
232.0000;319.0000;0.0000;541.0000;16947478.0000
234.0000;318.0000;0.0000;537.0000;16947484.0000
235.0000;318.0000;0.0000;542.0000;16947492.0000
236.0000;317.0000;0.0000;537.0000;16947500.0000
238.0000;317.0000;12.0000;537.0000;16947506.0000
239.0000;317.0000;0.0000;543.0000;16947512.0000
240.0000;316.0000;12.0000;537.0000;16947520.0000
241.0000;316.0000;0.0000;538.0000;16947528.0000
243.0000;316.0000;0.0000;542.0000;16947534.0000
244.0000;315.0000;0.0000;536.0000;16947540.0000
246.0000;315.0000;0.0000;541.0000;16947548.0000
247.0000;315.0000;0.0000;540.0000;16947556.0000
249.0000;315.0000;0.0000;536.0000;16947562.0000
250.0000;314.0000;0.0000;541.0000;16947568.0000
252.0000;314.0000;0.0000;539.0000;16947576.0000
254.0000;314.0000;0.0000;537.0000;16947584.0000
255.0000;314.0000;0.0000;543.0000;16947590.0000
257.0000;313.0000;0.0000;536.0000;16947596.0000
259.0000;313.0000;0.0000;537.0000;16947604.0000
261.0000;312.0000;0.0000;542.0000;16947612.0000
262.0000;312.0000;0.0000;535.0000;16947618.0000
264.0000;311.0000;0.0000;540.0000;16947624.0000
265.0000;311.0000;0.0000;540.0000;16947632.0000
266.0000;310.0000;0.0000;536.0000;16947640.0000
268.0000;310.0000;0.0000;541.0000;16947648.0000
269.0000;309.0000;0.0000;539.0000;16947654.0000
270.0000;309.0000;0.0000;537.0000;16947660.0000
271.0000;308.0000;0.0000;542.0000;16947668.0000
272.0000;308.0000;0.0000;537.0000;16947676.0000
273.0000;307.0000;0.0000;537.0000;16947682.0000
274.0000;306.0000;0.0000;542.0000;16947688.0000
275.0000;306.0000;0.0000;535.0000;16947696.0000
276.0000;305.0000;0.0000;540.0000;16947704.0000
277.0000;304.0000;0.0000;541.0000;16947710.0000
278.0000;303.0000;0.0000;535.0000;16947716.0000
279.0000;303.0000;0.0000;540.0000;16947724.0000
279.0000;302.0000;0.0000;539.0000;16947732.0000
280.0000;301.0000;0.0000;537.0000;16947738.0000
281.0000;300.0000;0.0000;541.0000;16947744.0000
283.0000;299.0000;0.0000;537.0000;16947752.0000
284.0000;299.0000;0.0000;539.0000;16947760.0000
285.0000;298.0000;0.0000;542.0000;16947766.0000
287.0000;297.0000;0.0000;536.0000;16947772.0000
288.0000;296.0000;0.0000;539.0000;16947780.0000
289.0000;295.0000;0.0000;541.0000;16947788.0000
290.0000;295.0000;0.0000;534.0000;16947794.0000
292.0000;294.0000;0.0000;540.0000;16947800.0000
293.0000;293.0000;0.0000;540.0000;16947808.0000
294.0000;292.0000;0.0000;537.0000;16947816.0000
295.0000;291.0000;0.0000;541.0000;16947824.0000
296.0000;290.0000;0.0000;537.0000;16947830.0000
297.0000;289.0000;0.0000;539.0000;16947836.0000
299.0000;288.0000;0.0000;543.0000;16947844.0000
300.0000;287.0000;0.0000;539.0000;16947852.0000
301.0000;286.0000;0.0000;543.0000;16947858.0000
302.0000;284.0000;0.0000;546.0000;16947864.0000
303.0000;283.0000;0.0000;540.0000;16947872.0000
304.0000;282.0000;0.0000;545.0000;16947880.0000
305.0000;280.0000;0.0000;544.0000;16947886.0000
306.0000;279.0000;0.0000;541.0000;16947892.0000
307.0000;278.0000;0.0000;546.0000;16947900.0000
308.0000;276.0000;0.0000;542.0000;16947908.0000
308.0000;275.0000;0.0000;545.0000;16947914.0000
309.0000;273.0000;0.0000;555.0000;16947920.0000
310.0000;272.0000;0.0000;551.0000;16947928.0000
310.0000;270.0000;0.0000;557.0000;16947936.0000
310.0000;268.0000;12.0000;563.0000;16947942.0000
311.0000;266.0000;0.0000;562.0000;16947948.0000
311.0000;265.0000;0.0000;570.0000;16947956.0000
311.0000;263.0000;0.0000;571.0000;16947964.0000
312.0000;261.0000;0.0000;569.0000;16947970.0000
312.0000;260.0000;0.0000;574.0000;16947976.0000
312.0000;258.0000;0.0000;571.0000;16947984.0000
313.0000;257.0000;0.0000;571.0000;16947992.0000
313.0000;255.0000;0.0000;577.0000;16947998.0000
314.0000;254.0000;0.0000;571.0000;16948006.0000
314.0000;253.0000;0.0000;573.0000;16948012.0000
315.0000;252.0000;0.0000;576.0000;16948020.0000
315.0000;250.0000;0.0000;570.0000;16948028.0000
316.0000;249.0000;0.0000;576.0000;16948034.0000
316.0000;248.0000;0.0000;574.0000;16948040.0000
317.0000;247.0000;0.0000;571.0000;16948048.0000
317.0000;245.0000;0.0000;577.0000;16948056.0000
318.0000;244.0000;0.0000;574.0000;16948062.0000
319.0000;243.0000;0.0000;574.0000;16948068.0000
320.0000;242.0000;0.0000;580.0000;16948076.0000
320.0000;241.0000;0.0000;577.0000;16948084.0000
321.0000;240.0000;0.0000;581.0000;16948090.0000
322.0000;239.0000;0.0000;589.0000;16948096.0000
322.0000;238.0000;0.0000;587.0000;16948104.0000
323.0000;236.0000;0.0000;596.0000;16948112.0000
323.0000;235.0000;0.0000;599.0000;16948118.0000
323.0000;234.0000;0.0000;597.0000;16948124.0000
323.0000;233.0000;0.0000;602.0000;16948132.0000
323.0000;233.0000;0.0000;602.0000;16948140.0000
323.0000;232.0000;0.0000;599.0000;16948146.0000
323.0000;231.0000;12.0000;606.0000;16948152.0000
323.0000;230.0000;0.0000;602.0000;16948160.0000
323.0000;229.0000;12.0000;604.0000;16948168.0000
323.0000;228.0000;0.0000;608.0000;16948174.0000
323.0000;227.0000;0.0000;601.0000;16948180.0000
323.0000;226.0000;0.0000;605.0000;16948188.0000
323.0000;226.0000;12.0000;608.0000;16948196.0000
324.0000;225.0000;0.0000;603.0000;16948204.0000
324.0000;224.0000;12.0000;608.0000;16948210.0000
324.0000;223.0000;0.0000;606.0000;16948216.0000
325.0000;222.0000;0.0000;602.0000;16948224.0000
325.0000;222.0000;0.0000;609.0000;16948232.0000
326.0000;221.0000;12.0000;604.0000;16948238.0000
326.0000;220.0000;0.0000;605.0000;16948244.0000
326.0000;219.0000;0.0000;610.0000;16948252.0000
327.0000;217.0000;0.0000;604.0000;16948260.0000
327.0000;216.0000;0.0000;608.0000;16948266.0000
327.0000;215.0000;0.0000;599.0000;16948272.0000
327.0000;214.0000;0.0000;609.0000;16948280.0000
327.0000;212.0000;0.0000;614.0000;16948288.0000
327.0000;211.0000;0.0000;617.0000;16948294.0000
328.0000;210.0000;0.0000;613.0000;16948300.0000
328.0000;209.0000;0.0000;619.0000;16948308.0000
328.0000;207.0000;0.0000;614.0000;16948316.0000
328.0000;206.0000;0.0000;616.0000;16948322.0000
328.0000;205.0000;0.0000;623.0000;16948328.0000
328.0000;203.0000;0.0000;617.0000;16948336.0000
328.0000;202.0000;0.0000;618.0000;16948344.0000
328.0000;201.0000;0.0000;623.0000;16948350.0000
328.0000;199.0000;0.0000;617.0000;16948356.0000
328.0000;198.0000;0.0000;622.0000;16948364.0000
328.0000;196.0000;0.0000;621.0000;16948372.0000
328.0000;195.0000;0.0000;617.0000;16948380.0000
328.0000;193.0000;0.0000;623.0000;16948386.0000
329.0000;191.0000;0.0000;620.0000;16948392.0000
329.0000;190.0000;0.0000;619.0000;16948400.0000
329.0000;188.0000;0.0000;627.0000;16948408.0000
329.0000;187.0000;0.0000;618.0000;16948414.0000
328.0000;185.0000;0.0000;621.0000;16948420.0000
328.0000;184.0000;0.0000;627.0000;16948428.0000
328.0000;182.0000;0.0000;618.0000;16948436.0000
328.0000;181.0000;0.0000;624.0000;16948442.0000
328.0000;179.0000;0.0000;623.0000;16948448.0000
328.0000;178.0000;0.0000;619.0000;16948456.0000
328.0000;177.0000;0.0000;625.0000;16948464.0000
327.0000;176.0000;0.0000;622.0000;16948470.0000
327.0000;174.0000;0.0000;621.0000;16948476.0000
327.0000;173.0000;0.0000;627.0000;16948484.0000
327.0000;172.0000;0.0000;620.0000;16948492.0000
327.0000;171.0000;0.0000;620.0000;16948498.0000
327.0000;170.0000;0.0000;627.0000;16948504.0000
327.0000;169.0000;0.0000;619.0000;16948512.0000
327.0000;168.0000;0.0000;623.0000;16948520.0000
327.0000;166.0000;12.0000;624.0000;16948526.0000
326.0000;165.0000;0.0000;619.0000;16948532.0000
326.0000;164.0000;12.0000;623.0000;16948540.0000
326.0000;163.0000;0.0000;624.0000;16948548.0000
325.0000;162.0000;0.0000;619.0000;16948554.0000
325.0000;161.0000;0.0000;623.0000;16948562.0000
325.0000;160.0000;0.0000;620.0000;16948568.0000
324.0000;159.0000;0.0000;620.0000;16948576.0000
324.0000;157.0000;0.0000;625.0000;16948584.0000
324.0000;156.0000;0.0000;619.0000;16948590.0000
323.0000;155.0000;0.0000;623.0000;16948596.0000
323.0000;154.0000;0.0000;627.0000;16948604.0000
322.0000;153.0000;0.0000;620.0000;16948612.0000
322.0000;152.0000;0.0000;627.0000;16948618.0000
321.0000;151.0000;0.0000;623.0000;16948624.0000
321.0000;150.0000;0.0000;624.0000;16948632.0000
320.0000;149.0000;0.0000;628.0000;16948640.0000
319.0000;148.0000;0.0000;625.0000;16948646.0000
319.0000;147.0000;0.0000;628.0000;16948652.0000
318.0000;145.0000;0.0000;634.0000;16948660.0000
317.0000;144.0000;0.0000;628.0000;16948668.0000
317.0000;143.0000;0.0000;632.0000;16948674.0000
316.0000;142.0000;0.0000;637.0000;16948680.0000
315.0000;142.0000;0.0000;630.0000;16948688.0000
314.0000;141.0000;0.0000;637.0000;16948696.0000
313.0000;140.0000;0.0000;638.0000;16948702.0000
313.0000;139.0000;0.0000;633.0000;16948708.0000
312.0000;137.0000;0.0000;638.0000;16948716.0000
311.0000;136.0000;0.0000;632.0000;16948724.0000
310.0000;135.0000;0.0000;635.0000;16948730.0000
309.0000;134.0000;0.0000;644.0000;16948736.0000
308.0000;132.0000;0.0000;635.0000;16948744.0000
307.0000;131.0000;0.0000;636.0000;16948752.0000
306.0000;130.0000;0.0000;638.0000;16948760.0000
304.0000;129.0000;0.0000;634.0000;16948766.0000
303.0000;127.0000;0.0000;638.0000;16948772.0000
302.0000;126.0000;0.0000;635.0000;16948780.0000
301.0000;125.0000;0.0000;634.0000;16948788.0000
300.0000;124.0000;0.0000;638.0000;16948794.0000
299.0000;122.0000;0.0000;637.0000;16948800.0000
298.0000;121.0000;0.0000;631.0000;16948808.0000
297.0000;120.0000;0.0000;639.0000;16948816.0000
296.0000;119.0000;0.0000;632.0000;16948822.0000
295.0000;118.0000;0.0000;635.0000;16948828.0000
294.0000;117.0000;0.0000;635.0000;16948836.0000
294.0000;116.0000;0.0000;631.0000;16948844.0000
293.0000;115.0000;0.0000;637.0000;16948850.0000
292.0000;113.0000;0.0000;636.0000;16948856.0000
291.0000;112.0000;0.0000;631.0000;16948864.0000
290.0000;110.0000;0.0000;637.0000;16948872.0000
289.0000;109.0000;0.0000;634.0000;16948878.0000
288.0000;107.0000;0.0000;633.0000;16948884.0000
287.0000;106.0000;0.0000;637.0000;16948892.0000
286.0000;104.0000;0.0000;632.0000;16948900.0000
285.0000;103.0000;0.0000;633.0000;16948906.0000
285.0000;102.0000;0.0000;638.0000;16948912.0000
284.0000;100.0000;0.0000;630.0000;16948920.0000
283.0000;99.0000;0.0000;635.0000;16948928.0000
282.0000;97.0000;0.0000;636.0000;16948936.0000
281.0000;96.0000;0.0000;631.0000;16948942.0000
280.0000;95.0000;0.0000;635.0000;16948948.0000
279.0000;94.0000;0.0000;633.0000;16948956.0000
279.0000;93.0000;0.0000;630.0000;16948964.0000
278.0000;92.0000;0.0000;635.0000;16948970.0000
277.0000;90.0000;0.0000;631.0000;16948976.0000
276.0000;89.0000;0.0000;633.0000;16948984.0000
275.0000;88.0000;0.0000;636.0000;16948992.0000
274.0000;86.0000;0.0000;629.0000;16948998.0000
273.0000;85.0000;0.0000;635.0000;16949004.0000
272.0000;84.0000;0.0000;635.0000;16949012.0000
271.0000;83.0000;0.0000;629.0000;16949020.0000
269.0000;82.0000;0.0000;635.0000;16949026.0000
268.0000;81.0000;0.0000;633.0000;16949032.0000
267.0000;81.0000;0.0000;630.0000;16949040.0000
265.0000;80.0000;0.0000;635.0000;16949048.0000
264.0000;79.0000;0.0000;631.0000;16949054.0000
262.0000;78.0000;0.0000;632.0000;16949060.0000
260.0000;77.0000;0.0000;636.0000;16949068.0000
259.0000;76.0000;0.0000;632.0000;16949076.0000
257.0000;75.0000;0.0000;633.0000;16949082.0000
256.0000;74.0000;0.0000;635.0000;16949088.0000
254.0000;73.0000;0.0000;631.0000;16949096.0000
253.0000;73.0000;0.0000;632.0000;16949104.0000
251.0000;72.0000;0.0000;636.0000;16949110.0000
250.0000;71.0000;0.0000;632.0000;16949118.0000
249.0000;71.0000;0.0000;636.0000;16949124.0000
247.0000;71.0000;0.0000;631.0000;16949132.0000
246.0000;70.0000;0.0000;632.0000;16949140.0000
245.0000;70.0000;0.0000;637.0000;16949146.0000
243.0000;70.0000;0.0000;631.0000;16949152.0000
242.0000;69.0000;0.0000;633.0000;16949160.0000
240.0000;69.0000;12.0000;638.0000;16949168.0000
239.0000;68.0000;0.0000;631.0000;16949174.0000
237.0000;67.0000;0.0000;635.0000;16949180.0000
235.0000;66.0000;0.0000;635.0000;16949188.0000
234.0000;66.0000;0.0000;632.0000;16949196.0000
233.0000;65.0000;0.0000;629.0000;16949202.0000
231.0000;64.0000;0.0000;641.0000;16949208.0000
229.0000;64.0000;0.0000;627.0000;16949216.0000
228.0000;63.0000;0.0000;646.0000;16949224.0000
226.0000;63.0000;0.0000;638.0000;16949230.0000
225.0000;63.0000;0.0000;639.0000;16949236.0000
223.0000;62.0000;0.0000;646.0000;16949244.0000
222.0000;62.0000;0.0000;641.0000;16949252.0000
220.0000;61.0000;0.0000;641.0000;16949258.0000
218.0000;60.0000;0.0000;643.0000;16949264.0000
217.0000;60.0000;0.0000;644.0000;16949272.0000
215.0000;59.0000;0.0000;646.0000;16949280.0000
213.0000;59.0000;0.0000;644.0000;16949286.0000
212.0000;58.0000;0.0000;641.0000;16949292.0000
210.0000;58.0000;0.0000;648.0000;16949300.0000
208.0000;57.0000;0.0000;643.0000;16949308.0000
206.0000;57.0000;0.0000;644.0000;16949316.0000
205.0000;56.0000;0.0000;648.0000;16949322.0000
203.0000;56.0000;0.0000;639.0000;16949328.0000
202.0000;56.0000;0.0000;646.0000;16949336.0000
200.0000;56.0000;0.0000;646.0000;16949344.0000
199.0000;55.0000;0.0000;643.0000;16949350.0000
197.0000;55.0000;0.0000;647.0000;16949356.0000
196.0000;55.0000;0.0000;644.0000;16949364.0000
194.0000;55.0000;0.0000;644.0000;16949372.0000
193.0000;55.0000;0.0000;649.0000;16949378.0000
191.0000;55.0000;0.0000;643.0000;16949384.0000
189.0000;55.0000;0.0000;643.0000;16949392.0000
188.0000;54.0000;0.0000;649.0000;16949400.0000
186.0000;54.0000;0.0000;641.0000;16949406.0000
185.0000;54.0000;0.0000;647.0000;16949412.0000
183.0000;54.0000;0.0000;648.0000;16949420.0000
182.0000;53.0000;0.0000;641.0000;16949428.0000
180.0000;53.0000;0.0000;647.0000;16949434.0000
179.0000;53.0000;0.0000;646.0000;16949440.0000
177.0000;53.0000;0.0000;644.0000;16949448.0000
176.0000;53.0000;0.0000;648.0000;16949456.0000
174.0000;53.0000;0.0000;643.0000;16949462.0000
173.0000;53.0000;0.0000;644.0000;16949468.0000
172.0000;53.0000;0.0000;648.0000;16949476.0000
171.0000;53.0000;0.0000;641.0000;16949484.0000
170.0000;53.0000;0.0000;646.0000;16949492.0000
169.0000;53.0000;0.0000;648.0000;16949498.0000
168.0000;53.0000;0.0000;641.0000;16949504.0000
167.0000;54.0000;0.0000;647.0000;16949512.0000
166.0000;54.0000;0.0000;648.0000;16949520.0000
165.0000;54.0000;0.0000;641.0000;16949526.0000
165.0000;55.0000;0.0000;648.0000;16949532.0000
164.0000;55.0000;0.0000;641.0000;16949540.0000
163.0000;55.0000;0.0000;643.0000;16949548.0000
162.0000;55.0000;0.0000;648.0000;16949554.0000
162.0000;56.0000;0.0000;641.0000;16949560.0000
161.0000;56.0000;0.0000;645.0000;16949568.0000
161.0000;57.0000;0.0000;647.0000;16949576.0000
160.0000;57.0000;0.0000;641.0000;16949582.0000
159.0000;57.0000;0.0000;646.0000;16949588.0000
158.0000;57.0000;0.0000;645.0000;16949596.0000
157.0000;58.0000;0.0000;640.0000;16949604.0000
156.0000;58.0000;0.0000;646.0000;16949610.0000
155.0000;58.0000;0.0000;641.0000;16949616.0000
154.0000;59.0000;0.0000;643.0000;16949624.0000
153.0000;59.0000;0.0000;648.0000;16949632.0000
153.0000;59.0000;0.0000;641.0000;16949638.0000
152.0000;60.0000;0.0000;641.0000;16949644.0000
151.0000;60.0000;0.0000;648.0000;16949652.0000
150.0000;61.0000;0.0000;640.0000;16949660.0000
150.0000;61.0000;0.0000;645.0000;16949666.0000
149.0000;61.0000;0.0000;645.0000;16949674.0000
148.0000;62.0000;0.0000;638.0000;16949680.0000
147.0000;62.0000;0.0000;645.0000;16949688.0000
146.0000;63.0000;0.0000;643.0000;16949696.0000
144.0000;63.0000;0.0000;639.0000;16949702.0000
143.0000;63.0000;0.0000;648.0000;16949708.0000
141.0000;63.0000;0.0000;638.0000;16949716.0000
140.0000;64.0000;0.0000;641.0000;16949724.0000
138.0000;64.0000;0.0000;649.0000;16949730.0000
136.0000;65.0000;0.0000;638.0000;16949736.0000
135.0000;65.0000;0.0000;639.0000;16949744.0000
133.0000;66.0000;0.0000;630.0000;16949752.0000
132.0000;66.0000;0.0000;638.0000;16949758.0000
131.0000;66.0000;0.0000;633.0000;16949764.0000
131.0000;67.0000;0.0000;633.0000;16949772.0000
130.0000;67.0000;0.0000;629.0000;16949780.0000
129.0000;68.0000;0.0000;636.0000;16949786.0000
128.0000;69.0000;0.0000;627.0000;16949792.0000
127.0000;69.0000;0.0000;630.0000;16949800.0000
126.0000;69.0000;0.0000;632.0000;16949808.0000
125.0000;70.0000;0.0000;627.0000;16949814.0000
124.0000;70.0000;0.0000;635.0000;16949820.0000
122.0000;71.0000;0.0000;634.0000;16949828.0000
121.0000;71.0000;0.0000;629.0000;16949836.0000
120.0000;72.0000;0.0000;632.0000;16949842.0000
118.0000;72.0000;0.0000;632.0000;16949848.0000
117.0000;73.0000;0.0000;629.0000;16949856.0000
115.0000;74.0000;0.0000;635.0000;16949864.0000
114.0000;74.0000;0.0000;627.0000;16949872.0000
113.0000;75.0000;0.0000;631.0000;16949878.0000
111.0000;76.0000;0.0000;635.0000;16949884.0000
110.0000;77.0000;0.0000;627.0000;16949892.0000
109.0000;78.0000;0.0000;630.0000;16949900.0000
108.0000;78.0000;0.0000;633.0000;16949906.0000
107.0000;79.0000;0.0000;628.0000;16949912.0000
106.0000;80.0000;0.0000;634.0000;16949920.0000
105.0000;81.0000;0.0000;632.0000;16949928.0000
103.0000;82.0000;0.0000;631.0000;16949934.0000
102.0000;83.0000;0.0000;634.0000;16949940.0000
101.0000;84.0000;0.0000;630.0000;16949948.0000
100.0000;85.0000;0.0000;629.0000;16949956.0000
99.0000;86.0000;0.0000;636.0000;16949962.0000
98.0000;87.0000;0.0000;631.0000;16949968.0000
97.0000;88.0000;0.0000;632.0000;16949976.0000
97.0000;88.0000;0.0000;636.0000;16949984.0000
96.0000;89.0000;0.0000;630.0000;16949990.0000
96.0000;90.0000;0.0000;637.0000;16949996.0000
95.0000;91.0000;0.0000;634.0000;16950004.0000
94.0000;92.0000;0.0000;632.0000;16950012.0000
94.0000;92.0000;0.0000;637.0000;16950018.0000
93.0000;93.0000;0.0000;634.0000;16950024.0000
92.0000;94.0000;0.0000;632.0000;16950032.0000
91.0000;94.0000;0.0000;637.0000;16950040.0000
91.0000;95.0000;0.0000;632.0000;16950048.0000
90.0000;95.0000;0.0000;635.0000;16950054.0000
90.0000;96.0000;0.0000;637.0000;16950060.0000
90.0000;96.0000;0.0000;633.0000;16950068.0000
90.0000;97.0000;0.0000;638.0000;16950076.0000
89.0000;97.0000;0.0000;638.0000;16950082.0000
89.0000;98.0000;0.0000;633.0000;16950088.0000
88.0000;99.0000;0.0000;638.0000;16950096.0000
88.0000;99.0000;0.0000;635.0000;16950104.0000
88.0000;100.0000;0.0000;635.0000;16950110.0000
87.0000;100.0000;0.0000;640.0000;16950116.0000
87.0000;101.0000;0.0000;635.0000;16950124.0000
87.0000;101.0000;0.0000;638.0000;16950132.0000
87.0000;102.0000;0.0000;640.0000;16950138.0000
86.0000;103.0000;0.0000;629.0000;16950144.0000
86.0000;103.0000;0.0000;638.0000;16950152.0000
85.0000;104.0000;0.0000;639.0000;16950160.0000
85.0000;104.0000;0.0000;635.0000;16950166.0000
85.0000;105.0000;0.0000;639.0000;16950172.0000
84.0000;105.0000;0.0000;640.0000;16950180.0000
84.0000;106.0000;0.0000;635.0000;16950188.0000
83.0000;107.0000;0.0000;641.0000;16950194.0000
83.0000;107.0000;0.0000;635.0000;16950200.0000
82.0000;108.0000;0.0000;638.0000;16950208.0000
81.0000;109.0000;0.0000;641.0000;16950216.0000
80.0000;109.0000;0.0000;635.0000;16950222.0000
79.0000;110.0000;0.0000;639.0000;16950230.0000
78.0000;111.0000;0.0000;644.0000;16950236.0000
78.0000;111.0000;0.0000;635.0000;16950244.0000
77.0000;112.0000;0.0000;641.0000;16950252.0000
76.0000;113.0000;0.0000;640.0000;16950258.0000
75.0000;113.0000;0.0000;635.0000;16950264.0000
74.0000;114.0000;0.0000;640.0000;16950272.0000
73.0000;115.0000;0.0000;636.0000;16950280.0000
72.0000;116.0000;0.0000;640.0000;16950286.0000
71.0000;116.0000;0.0000;644.0000;16950292.0000
70.0000;117.0000;0.0000;638.0000;16950300.0000
69.0000;118.0000;0.0000;641.0000;16950308.0000
68.0000;119.0000;0.0000;643.0000;16950314.0000
67.0000;120.0000;0.0000;639.0000;16950320.0000
66.0000;121.0000;0.0000;641.0000;16950328.0000
65.0000;122.0000;0.0000;643.0000;16950336.0000
64.0000;123.0000;0.0000;639.0000;16950342.0000
64.0000;123.0000;0.0000;641.0000;16950348.0000
63.0000;124.0000;0.0000;639.0000;16950356.0000
62.0000;125.0000;0.0000;638.0000;16950364.0000
62.0000;126.0000;0.0000;646.0000;16950370.0000
61.0000;127.0000;0.0000;639.0000;16950376.0000
60.0000;128.0000;0.0000;638.0000;16950384.0000
60.0000;128.0000;0.0000;646.0000;16950392.0000
59.0000;129.0000;0.0000;641.0000;16950398.0000
58.0000;130.0000;0.0000;644.0000;16950404.0000
58.0000;131.0000;0.0000;641.0000;16950412.0000
57.0000;132.0000;0.0000;640.0000;16950420.0000
56.0000;133.0000;0.0000;646.0000;16950428.0000
55.0000;134.0000;0.0000;641.0000;16950434.0000
55.0000;135.0000;0.0000;641.0000;16950440.0000
54.0000;136.0000;0.0000;648.0000;16950448.0000
54.0000;137.0000;0.0000;641.0000;16950456.0000
53.0000;138.0000;0.0000;643.0000;16950462.0000
53.0000;139.0000;0.0000;647.0000;16950468.0000
53.0000;140.0000;0.0000;638.0000;16950476.0000
52.0000;142.0000;0.0000;648.0000;16950484.0000
52.0000;143.0000;0.0000;647.0000;16950490.0000
52.0000;144.0000;0.0000;639.0000;16950496.0000
51.0000;145.0000;0.0000;648.0000;16950504.0000
51.0000;147.0000;0.0000;645.0000;16950512.0000
50.0000;148.0000;0.0000;643.0000;16950518.0000
50.0000;149.0000;0.0000;649.0000;16950524.0000
50.0000;150.0000;0.0000;641.0000;16950532.0000
49.0000;151.0000;0.0000;645.0000;16950540.0000
49.0000;153.0000;0.0000;649.0000;16950546.0000
48.0000;154.0000;0.0000;640.0000;16950552.0000
48.0000;156.0000;0.0000;648.0000;16950560.0000
48.0000;157.0000;0.0000;648.0000;16950568.0000
47.0000;159.0000;0.0000;641.0000;16950574.0000
47.0000;160.0000;0.0000;646.0000;16950580.0000
46.0000;162.0000;0.0000;646.0000;16950588.0000
46.0000;164.0000;0.0000;645.0000;16950596.0000
46.0000;166.0000;0.0000;651.0000;16950604.0000
45.0000;167.0000;0.0000;645.0000;16950610.0000
45.0000;169.0000;0.0000;647.0000;16950616.0000
45.0000;171.0000;0.0000;648.0000;16950624.0000
44.0000;173.0000;0.0000;644.0000;16950632.0000
44.0000;174.0000;0.0000;648.0000;16950638.0000
43.0000;176.0000;0.0000;649.0000;16950644.0000
42.0000;177.0000;0.0000;644.0000;16950652.0000
42.0000;179.0000;0.0000;648.0000;16950660.0000
41.0000;180.0000;0.0000;649.0000;16950666.0000
41.0000;182.0000;0.0000;645.0000;16950672.0000
40.0000;183.0000;0.0000;649.0000;16950680.0000
40.0000;185.0000;0.0000;644.0000;16950688.0000
39.0000;187.0000;0.0000;644.0000;16950694.0000
39.0000;188.0000;0.0000;649.0000;16950700.0000
39.0000;190.0000;0.0000;645.0000;16950708.0000
38.0000;192.0000;0.0000;647.0000;16950716.0000
38.0000;193.0000;0.0000;648.0000;16950722.0000
38.0000;195.0000;0.0000;645.0000;16950728.0000
38.0000;197.0000;0.0000;651.0000;16950736.0000
38.0000;199.0000;0.0000;649.0000;16950744.0000
38.0000;201.0000;0.0000;645.0000;16950750.0000
38.0000;202.0000;0.0000;651.0000;16950756.0000
38.0000;204.0000;0.0000;646.0000;16950764.0000
38.0000;205.0000;0.0000;649.0000;16950772.0000
38.0000;207.0000;0.0000;654.0000;16950778.0000
38.0000;208.0000;0.0000;647.0000;16950786.0000
38.0000;209.0000;0.0000;648.0000;16950792.0000
38.0000;211.0000;0.0000;652.0000;16950800.0000
38.0000;212.0000;0.0000;645.0000;16950808.0000
38.0000;213.0000;0.0000;651.0000;16950814.0000
38.0000;214.0000;12.0000;650.0000;16950820.0000
38.0000;216.0000;12.0000;644.0000;16950828.0000
38.0000;217.0000;0.0000;651.0000;16950836.0000
38.0000;219.0000;12.0000;645.0000;16950842.0000
38.0000;220.0000;0.0000;635.0000;16950848.0000
38.0000;221.0000;0.0000;640.0000;16950856.0000
38.0000;222.0000;0.0000;636.0000;16950864.0000
38.0000;223.0000;0.0000;636.0000;16950870.0000
38.0000;224.0000;0.0000;640.0000;16950876.0000
38.0000;225.0000;0.0000;634.0000;16950884.0000
38.0000;226.0000;0.0000;639.0000;16950892.0000
38.0000;227.0000;0.0000;638.0000;16950898.0000
38.0000;228.0000;0.0000;635.0000;16950904.0000
38.0000;229.0000;0.0000;638.0000;16950912.0000
38.0000;230.0000;0.0000;638.0000;16950920.0000
38.0000;230.0000;0.0000;636.0000;16950926.0000
38.0000;231.0000;0.0000;641.0000;16950932.0000
39.0000;232.0000;0.0000;634.0000;16950940.0000
39.0000;233.0000;0.0000;635.0000;16950948.0000
39.0000;234.0000;0.0000;641.0000;16950954.0000
39.0000;235.0000;0.0000;633.0000;16950960.0000
39.0000;236.0000;0.0000;638.0000;16950968.0000
39.0000;237.0000;0.0000;640.0000;16950976.0000
39.0000;237.0000;0.0000;635.0000;16950984.0000
39.0000;238.0000;0.0000;639.0000;16950990.0000
40.0000;239.0000;0.0000;638.0000;16950996.0000
40.0000;240.0000;0.0000;635.0000;16951004.0000
40.0000;240.0000;0.0000;641.0000;16951012.0000
40.0000;241.0000;0.0000;635.0000;16951018.0000
40.0000;242.0000;0.0000;637.0000;16951024.0000
40.0000;242.0000;0.0000;632.0000;16951032.0000
41.0000;243.0000;0.0000;636.0000;16951040.0000
41.0000;244.0000;0.0000;639.0000;16951046.0000
41.0000;244.0000;0.0000;643.0000;16951052.0000
41.0000;245.0000;0.0000;635.0000;16951060.0000
41.0000;246.0000;0.0000;638.0000;16951068.0000
41.0000;246.0000;0.0000;638.0000;16951074.0000
42.0000;247.0000;0.0000;638.0000;16951080.0000
42.0000;248.0000;0.0000;644.0000;16951088.0000
42.0000;248.0000;0.0000;637.0000;16951096.0000
42.0000;249.0000;0.0000;640.0000;16951102.0000
43.0000;250.0000;0.0000;645.0000;16951108.0000
43.0000;250.0000;0.0000;638.0000;16951116.0000
43.0000;251.0000;0.0000;638.0000;16951124.0000
43.0000;252.0000;0.0000;644.0000;16951130.0000
43.0000;253.0000;0.0000;635.0000;16951136.0000
43.0000;253.0000;0.0000;641.0000;16951144.0000
43.0000;254.0000;0.0000;641.0000;16951152.0000
43.0000;255.0000;0.0000;637.0000;16951160.0000
43.0000;256.0000;0.0000;644.0000;16951166.0000
43.0000;256.0000;0.0000;638.0000;16951172.0000
43.0000;257.0000;0.0000;638.0000;16951180.0000
43.0000;258.0000;0.0000;644.0000;16951188.0000
43.0000;258.0000;0.0000;638.0000;16951194.0000
43.0000;259.0000;0.0000;636.0000;16951200.0000
43.0000;260.0000;0.0000;644.0000;16951208.0000
43.0000;261.0000;0.0000;638.0000;16951216.0000
43.0000;262.0000;0.0000;643.0000;16951222.0000
43.0000;263.0000;0.0000;641.0000;16951228.0000
43.0000;264.0000;0.0000;638.0000;16951236.0000
43.0000;265.0000;0.0000;644.0000;16951244.0000
43.0000;266.0000;0.0000;641.0000;16951250.0000
44.0000;267.0000;0.0000;640.0000;16951256.0000
44.0000;268.0000;0.0000;645.0000;16951264.0000
44.0000;269.0000;0.0000;640.0000;16951272.0000
44.0000;270.0000;0.0000;641.0000;16951278.0000
44.0000;271.0000;0.0000;645.0000;16951284.0000
45.0000;272.0000;0.0000;638.0000;16951292.0000
45.0000;273.0000;0.0000;644.0000;16951300.0000
45.0000;274.0000;0.0000;645.0000;16951306.0000
45.0000;275.0000;0.0000;638.0000;16951312.0000
45.0000;276.0000;0.0000;641.0000;16951320.0000
46.0000;277.0000;0.0000;641.0000;16951328.0000
46.0000;278.0000;0.0000;639.0000;16951336.0000
46.0000;279.0000;0.0000;646.0000;16951342.0000
46.0000;280.0000;0.0000;639.0000;16951348.0000
46.0000;281.0000;0.0000;640.0000;16951356.0000
47.0000;282.0000;0.0000;647.0000;16951364.0000
47.0000;283.0000;0.0000;638.0000;16951370.0000
47.0000;284.0000;0.0000;641.0000;16951376.0000
48.0000;285.0000;0.0000;644.0000;16951384.0000
48.0000;286.0000;0.0000;638.0000;16951392.0000
48.0000;287.0000;0.0000;644.0000;16951398.0000
49.0000;288.0000;0.0000;641.0000;16951404.0000
49.0000;289.0000;0.0000;640.0000;16951412.0000
49.0000;290.0000;0.0000;635.0000;16951420.0000
49.0000;291.0000;0.0000;639.0000;16951426.0000
49.0000;291.0000;0.0000;644.0000;16951432.0000
50.0000;292.0000;0.0000;648.0000;16951440.0000
50.0000;293.0000;0.0000;639.0000;16951448.0000
51.0000;294.0000;0.0000;644.0000;16951454.0000
52.0000;294.0000;0.0000;649.0000;16951460.0000
52.0000;295.0000;0.0000;639.0000;16951468.0000
53.0000;296.0000;0.0000;644.0000;16951476.0000
53.0000;296.0000;0.0000;644.0000;16951482.0000
54.0000;297.0000;0.0000;641.0000;16951488.0000
54.0000;298.0000;0.0000;648.0000;16951496.0000
54.0000;298.0000;0.0000;641.0000;16951504.0000
55.0000;299.0000;0.0000;644.0000;16951510.0000
55.0000;300.0000;0.0000;649.0000;16951516.0000
55.0000;300.0000;0.0000;641.0000;16951524.0000
56.0000;301.0000;0.0000;645.0000;16951532.0000
56.0000;302.0000;0.0000;646.0000;16951540.0000
57.0000;303.0000;0.0000;639.0000;16951546.0000
58.0000;304.0000;0.0000;645.0000;16951552.0000
58.0000;304.0000;0.0000;645.0000;16951560.0000
59.0000;305.0000;0.0000;640.0000;16951568.0000
59.0000;306.0000;0.0000;647.0000;16951574.0000
60.0000;307.0000;0.0000;641.0000;16951580.0000
61.0000;308.0000;0.0000;644.0000;16951588.0000
61.0000;309.0000;0.0000;645.0000;16951596.0000
62.0000;310.0000;0.0000;641.0000;16951602.0000
62.0000;311.0000;0.0000;644.0000;16951608.0000
63.0000;311.0000;0.0000;648.0000;16951616.0000
63.0000;312.0000;0.0000;643.0000;16951624.0000
64.0000;313.0000;0.0000;644.0000;16951630.0000
65.0000;314.0000;0.0000;643.0000;16951636.0000
65.0000;315.0000;0.0000;639.0000;16951644.0000
66.0000;316.0000;0.0000;645.0000;16951652.0000
66.0000;317.0000;0.0000;641.0000;16951658.0000
67.0000;318.0000;0.0000;641.0000;16951664.0000
67.0000;319.0000;0.0000;647.0000;16951672.0000
68.0000;320.0000;0.0000;639.0000;16951680.0000
68.0000;320.0000;0.0000;643.0000;16951686.0000
69.0000;321.0000;0.0000;646.0000;16951692.0000
70.0000;322.0000;0.0000;640.0000;16951700.0000
71.0000;323.0000;0.0000;645.0000;16951708.0000
71.0000;324.0000;0.0000;644.0000;16951716.0000
72.0000;325.0000;0.0000;640.0000;16951722.0000
73.0000;325.0000;0.0000;643.0000;16951728.0000
73.0000;326.0000;0.0000;639.0000;16951736.0000
74.0000;327.0000;0.0000;640.0000;16951744.0000
75.0000;328.0000;0.0000;646.0000;16951750.0000
76.0000;329.0000;0.0000;637.0000;16951756.0000
77.0000;329.0000;0.0000;641.0000;16951764.0000
78.0000;330.0000;0.0000;645.0000;16951772.0000
78.0000;331.0000;0.0000;638.0000;16951778.0000
79.0000;332.0000;0.0000;645.0000;16951784.0000
80.0000;333.0000;0.0000;646.0000;16951792.0000
81.0000;333.0000;0.0000;638.0000;16951800.0000
81.0000;334.0000;0.0000;643.0000;16951806.0000
82.0000;335.0000;0.0000;643.0000;16951812.0000
83.0000;336.0000;0.0000;638.0000;16951820.0000
84.0000;337.0000;0.0000;641.0000;16951828.0000
85.0000;338.0000;0.0000;636.0000;16951834.0000
85.0000;339.0000;0.0000;638.0000;16951840.0000
86.0000;339.0000;0.0000;644.0000;16951848.0000
87.0000;340.0000;0.0000;635.0000;16951856.0000
88.0000;341.0000;0.0000;638.0000;16951862.0000
89.0000;342.0000;0.0000;639.0000;16951868.0000
90.0000;343.0000;0.0000;634.0000;16951876.0000
92.0000;344.0000;0.0000;638.0000;16951884.0000
93.0000;345.0000;0.0000;638.0000;16951892.0000
94.0000;346.0000;0.0000;635.0000;16951898.0000
95.0000;346.0000;0.0000;640.0000;16951904.0000
95.0000;347.0000;0.0000;632.0000;16951912.0000
96.0000;348.0000;0.0000;635.0000;16951920.0000
97.0000;349.0000;0.0000;641.0000;16951926.0000
98.0000;350.0000;0.0000;635.0000;16951932.0000
99.0000;350.0000;0.0000;640.0000;16951940.0000
99.0000;351.0000;0.0000;639.0000;16951948.0000
100.0000;352.0000;0.0000;634.0000;16951954.0000
101.0000;353.0000;0.0000;638.0000;16951960.0000
102.0000;354.0000;0.0000;638.0000;16951968.0000
103.0000;355.0000;0.0000;632.0000;16951976.0000
104.0000;355.0000;0.0000;638.0000;16951982.0000
104.0000;356.0000;0.0000;638.0000;16951988.0000
105.0000;357.0000;0.0000;635.0000;16951996.0000
106.0000;357.0000;0.0000;641.0000;16952004.0000
106.0000;358.0000;0.0000;635.0000;16952010.0000
107.0000;359.0000;0.0000;637.0000;16952016.0000
108.0000;359.0000;0.0000;641.0000;16952024.0000
109.0000;360.0000;0.0000;634.0000;16952032.0000
110.0000;361.0000;0.0000;638.0000;16952038.0000
111.0000;361.0000;0.0000;638.0000;16952044.0000
111.0000;362.0000;0.0000;636.0000;16952052.0000
112.0000;362.0000;0.0000;640.0000;16952060.0000
113.0000;363.0000;0.0000;633.0000;16952066.0000
114.0000;363.0000;0.0000;635.0000;16952072.0000
115.0000;364.0000;0.0000;639.0000;16952080.0000
115.0000;364.0000;0.0000;635.0000;16952088.0000
116.0000;364.0000;0.0000;635.0000;16952096.0000
117.0000;365.0000;0.0000;638.0000;16952102.0000
118.0000;365.0000;0.0000;632.0000;16952108.0000
119.0000;366.0000;0.0000;638.0000;16952116.0000
120.0000;366.0000;0.0000;636.0000;16952124.0000
121.0000;367.0000;0.0000;632.0000;16952130.0000
122.0000;367.0000;0.0000;638.0000;16952136.0000
123.0000;367.0000;0.0000;635.0000;16952144.0000
124.0000;368.0000;0.0000;632.0000;16952152.0000
124.0000;368.0000;0.0000;638.0000;16952158.0000
125.0000;368.0000;0.0000;632.0000;16952164.0000
126.0000;368.0000;0.0000;635.0000;16952172.0000
127.0000;369.0000;0.0000;638.0000;16952180.0000
127.0000;369.0000;0.0000;631.0000;16952186.0000
128.0000;369.0000;0.0000;633.0000;16952192.0000
129.0000;370.0000;0.0000;636.0000;16952200.0000
130.0000;370.0000;0.0000;632.0000;16952208.0000
131.0000;370.0000;0.0000;632.0000;16952214.0000
132.0000;371.0000;0.0000;635.0000;16952220.0000
132.0000;371.0000;0.0000;633.0000;16952228.0000
133.0000;372.0000;0.0000;635.0000;16952236.0000
134.0000;372.0000;0.0000;632.0000;16952242.0000
135.0000;373.0000;0.0000;633.0000;16952248.0000
136.0000;373.0000;0.0000;638.0000;16952256.0000
137.0000;373.0000;0.0000;629.0000;16952264.0000
138.0000;373.0000;0.0000;633.0000;16952272.0000
139.0000;374.0000;0.0000;633.0000;16952278.0000
140.0000;374.0000;0.0000;624.0000;16952284.0000
140.0000;374.0000;0.0000;632.0000;16952292.0000
141.0000;374.0000;0.0000;631.0000;16952300.0000
142.0000;375.0000;0.0000;630.0000;16952306.0000
143.0000;375.0000;0.0000;632.0000;16952312.0000
144.0000;375.0000;0.0000;629.0000;16952320.0000
145.0000;375.0000;0.0000;628.0000;16952328.0000
146.0000;376.0000;0.0000;633.0000;16952334.0000
147.0000;376.0000;0.0000;625.0000;16952340.0000
147.0000;376.0000;0.0000;627.0000;16952348.0000
148.0000;376.0000;0.0000;632.0000;16952356.0000
149.0000;377.0000;0.0000;627.0000;16952362.0000
150.0000;377.0000;0.0000;630.0000;16952368.0000
150.0000;377.0000;0.0000;629.0000;16952376.0000
151.0000;377.0000;12.0000;627.0000;16952384.0000
152.0000;377.0000;0.0000;632.0000;16952390.0000
153.0000;377.0000;0.0000;627.0000;16952396.0000
154.0000;378.0000;0.0000;627.0000;16952404.0000
154.0000;378.0000;0.0000;632.0000;16952412.0000
156.0000;378.0000;0.0000;628.0000;16952418.0000
157.0000;378.0000;0.0000;629.0000;16952424.0000
158.0000;379.0000;0.0000;631.0000;16952432.0000
159.0000;379.0000;0.0000;623.0000;16952440.0000
161.0000;379.0000;0.0000;630.0000;16952448.0000
162.0000;380.0000;0.0000;629.0000;16952454.0000
163.0000;380.0000;0.0000;627.0000;16952460.0000
165.0000;380.0000;0.0000;631.0000;16952468.0000
166.0000;381.0000;0.0000;627.0000;16952476.0000
167.0000;381.0000;0.0000;625.0000;16952482.0000
169.0000;381.0000;0.0000;629.0000;16952488.0000
170.0000;381.0000;0.0000;623.0000;16952496.0000
172.0000;382.0000;0.0000;624.0000;16952504.0000
173.0000;382.0000;0.0000;617.0000;16952510.0000
175.0000;383.0000;0.0000;620.0000;16952516.0000
177.0000;383.0000;0.0000;625.0000;16952524.0000
179.0000;384.0000;0.0000;624.0000;16952532.0000
180.0000;384.0000;0.0000;617.0000;16952538.0000
182.0000;384.0000;0.0000;623.0000;16952544.0000
184.0000;385.0000;0.0000;620.0000;16952552.0000
186.0000;385.0000;0.0000;620.0000;16952560.0000
188.0000;385.0000;12.0000;625.0000;16952566.0000
190.0000;385.0000;0.0000;617.0000;16952572.0000
192.0000;385.0000;0.0000;619.0000;16952580.0000
193.0000;385.0000;0.0000;623.0000;16952588.0000
195.0000;385.0000;0.0000;617.0000;16952594.0000
197.0000;385.0000;0.0000;620.0000;16952600.0000
199.0000;385.0000;0.0000;618.0000;16952608.0000
201.0000;385.0000;0.0000;617.0000;16952616.0000
203.0000;385.0000;0.0000;620.0000;16952622.0000
205.0000;385.0000;0.0000;618.0000;16952628.0000
207.0000;385.0000;12.0000;617.0000;16952636.0000
209.0000;385.0000;0.0000;621.0000;16952644.0000
211.0000;385.0000;0.0000;616.0000;16952652.0000
213.0000;385.0000;0.0000;617.0000;16952658.0000
215.0000;385.0000;0.0000;617.0000;16952664.0000
217.0000;384.0000;0.0000;614.0000;16952672.0000
219.0000;384.0000;0.0000;616.0000;16952680.0000
221.0000;383.0000;12.0000;618.0000;16952686.0000
223.0000;383.0000;0.0000;611.0000;16952692.0000
225.0000;382.0000;0.0000;617.0000;16952700.0000
227.0000;382.0000;12.0000;615.0000;16952708.0000
229.0000;382.0000;0.0000;612.0000;16952714.0000
231.0000;381.0000;0.0000;617.0000;16952720.0000
233.0000;381.0000;0.0000;614.0000;16952728.0000
235.0000;381.0000;0.0000;614.0000;16952736.0000
237.0000;380.0000;0.0000;618.0000;16952742.0000
239.0000;380.0000;0.0000;613.0000;16952748.0000
241.0000;380.0000;0.0000;616.0000;16952756.0000
242.0000;379.0000;0.0000;617.0000;16952764.0000
244.0000;379.0000;0.0000;612.0000;16952770.0000
246.0000;378.0000;0.0000;617.0000;16952776.0000
247.0000;378.0000;12.0000;617.0000;16952784.0000
249.0000;377.0000;0.0000;615.0000;16952792.0000
251.0000;377.0000;0.0000;618.0000;16952798.0000
252.0000;376.0000;0.0000;611.0000;16952804.0000
254.0000;376.0000;0.0000;612.0000;16952812.0000
256.0000;375.0000;0.0000;617.0000;16952820.0000
257.0000;375.0000;0.0000;613.0000;16952828.0000
259.0000;374.0000;0.0000;614.0000;16952834.0000
261.0000;374.0000;0.0000;618.0000;16952840.0000
262.0000;374.0000;0.0000;613.0000;16952848.0000
263.0000;373.0000;0.0000;615.0000;16952856.0000
265.0000;373.0000;0.0000;616.0000;16952862.0000
266.0000;373.0000;0.0000;612.0000;16952868.0000
267.0000;372.0000;0.0000;617.0000;16952876.0000
268.0000;372.0000;0.0000;614.0000;16952884.0000
269.0000;372.0000;0.0000;612.0000;16952890.0000
270.0000;372.0000;0.0000;618.0000;16952896.0000
272.0000;371.0000;0.0000;611.0000;16952904.0000
273.0000;371.0000;0.0000;614.0000;16952912.0000
274.0000;371.0000;0.0000;617.0000;16952918.0000
275.0000;371.0000;0.0000;611.0000;16952924.0000
276.0000;370.0000;0.0000;617.0000;16952932.0000
277.0000;370.0000;12.0000;616.0000;16952940.0000
278.0000;370.0000;0.0000;612.0000;16952946.0000
279.0000;370.0000;0.0000;615.0000;16952952.0000
280.0000;369.0000;0.0000;614.0000;16952960.0000
282.0000;369.0000;0.0000;612.0000;16952968.0000
283.0000;369.0000;0.0000;617.0000;16952974.0000
284.0000;369.0000;0.0000;611.0000;16952980.0000
285.0000;369.0000;0.0000;616.0000;16952988.0000
286.0000;369.0000;0.0000;617.0000;16952996.0000
288.0000;369.0000;0.0000;611.0000;16953004.0000
289.0000;369.0000;0.0000;615.0000;16953010.0000
290.0000;368.0000;0.0000;616.0000;16953016.0000
291.0000;368.0000;0.0000;611.0000;16953024.0000
292.0000;368.0000;0.0000;617.0000;16953032.0000
293.0000;367.0000;0.0000;614.0000;16953038.0000
294.0000;367.0000;0.0000;611.0000;16953044.0000
295.0000;367.0000;12.0000;616.0000;16953052.0000
295.0000;367.0000;0.0000;611.0000;16953060.0000
296.0000;366.0000;0.0000;613.0000;16953066.0000
297.0000;366.0000;0.0000;616.0000;16953072.0000
298.0000;365.0000;0.0000;611.0000;16953080.0000
299.0000;365.0000;0.0000;611.0000;16953088.0000
300.0000;365.0000;0.0000;615.0000;16953094.0000
301.0000;364.0000;0.0000;609.0000;16953100.0000
302.0000;364.0000;0.0000;614.0000;16953108.0000
303.0000;363.0000;0.0000;614.0000;16953116.0000
304.0000;363.0000;0.0000;611.0000;16953122.0000
305.0000;362.0000;0.0000;616.0000;16953128.0000
306.0000;362.0000;0.0000;610.0000;16953136.0000
307.0000;362.0000;0.0000;611.0000;16953144.0000
308.0000;361.0000;0.0000;618.0000;16953150.0000
309.0000;361.0000;0.0000;611.0000;16953156.0000
311.0000;360.0000;0.0000;615.0000;16953164.0000
312.0000;360.0000;0.0000;616.0000;16953172.0000
313.0000;359.0000;0.0000;611.0000;16953178.0000
314.0000;359.0000;0.0000;616.0000;16953184.0000
315.0000;358.0000;0.0000;616.0000;16953192.0000
316.0000;358.0000;0.0000;612.0000;16953200.0000
317.0000;357.0000;0.0000;614.0000;16953208.0000
318.0000;357.0000;0.0000;610.0000;16953214.0000
320.0000;356.0000;0.0000;614.0000;16953220.0000
321.0000;355.0000;0.0000;616.0000;16953228.0000
322.0000;355.0000;0.0000;611.0000;16953236.0000
324.0000;354.0000;0.0000;614.0000;16953242.0000
325.0000;353.0000;0.0000;615.0000;16953248.0000
326.0000;352.0000;0.0000;611.0000;16953256.0000
328.0000;351.0000;0.0000;615.0000;16953264.0000
329.0000;351.0000;0.0000;614.0000;16953270.0000
331.0000;350.0000;0.0000;611.0000;16953276.0000
332.0000;349.0000;0.0000;616.0000;16953284.0000
334.0000;348.0000;0.0000;613.0000;16953292.0000
336.0000;347.0000;0.0000;612.0000;16953298.0000
337.0000;346.0000;0.0000;617.0000;16953304.0000
338.0000;345.0000;0.0000;611.0000;16953312.0000
340.0000;343.0000;0.0000;612.0000;16953320.0000
342.0000;342.0000;0.0000;617.0000;16953326.0000
343.0000;341.0000;0.0000;609.0000;16953332.0000
345.0000;340.0000;0.0000;615.0000;16953340.0000
346.0000;339.0000;0.0000;615.0000;16953348.0000
348.0000;338.0000;0.0000;611.0000;16953354.0000
349.0000;336.0000;0.0000;614.0000;16953360.0000
350.0000;335.0000;0.0000;613.0000;16953368.0000
352.0000;334.0000;0.0000;611.0000;16953376.0000
353.0000;332.0000;0.0000;617.0000;16953384.0000
354.0000;331.0000;0.0000;610.0000;16953390.0000
356.0000;329.0000;0.0000;613.0000;16953396.0000
357.0000;328.0000;0.0000;616.0000;16953404.0000
358.0000;327.0000;0.0000;609.0000;16953412.0000
359.0000;325.0000;0.0000;614.0000;16953418.0000
361.0000;324.0000;0.0000;614.0000;16953424.0000
362.0000;322.0000;0.0000;609.0000;16953432.0000
363.0000;321.0000;0.0000;614.0000;16953440.0000
364.0000;319.0000;0.0000;614.0000;16953446.0000
365.0000;317.0000;12.0000;612.0000;16953452.0000
367.0000;316.0000;0.0000;614.0000;16953460.0000
368.0000;314.0000;0.0000;610.0000;16953468.0000
369.0000;313.0000;0.0000;611.0000;16953474.0000
371.0000;311.0000;0.0000;616.0000;16953480.0000
372.0000;309.0000;0.0000;609.0000;16953488.0000
373.0000;308.0000;0.0000;613.0000;16953496.0000
374.0000;306.0000;0.0000;616.0000;16953502.0000
375.0000;304.0000;0.0000;608.0000;16953508.0000
376.0000;302.0000;0.0000;614.0000;16953516.0000
377.0000;300.0000;0.0000;611.0000;16953524.0000
377.0000;299.0000;0.0000;611.0000;16953530.0000
378.0000;297.0000;0.0000;614.0000;16953536.0000
380.0000;295.0000;0.0000;610.0000;16953544.0000
381.0000;294.0000;0.0000;611.0000;16953552.0000
382.0000;292.0000;0.0000;616.0000;16953560.0000
383.0000;291.0000;0.0000;612.0000;16953566.0000
384.0000;289.0000;0.0000;612.0000;16953572.0000
385.0000;287.0000;0.0000;614.0000;16953580.0000
386.0000;286.0000;0.0000;609.0000;16953588.0000
387.0000;284.0000;0.0000;612.0000;16953594.0000
388.0000;282.0000;0.0000;614.0000;16953600.0000
389.0000;280.0000;0.0000;610.0000;16953608.0000
389.0000;279.0000;0.0000;615.0000;16953616.0000
390.0000;277.0000;0.0000;611.0000;16953622.0000
391.0000;275.0000;0.0000;611.0000;16953628.0000
392.0000;273.0000;0.0000;616.0000;16953636.0000
393.0000;272.0000;0.0000;611.0000;16953644.0000
394.0000;270.0000;0.0000;612.0000;16953650.0000
395.0000;269.0000;12.0000;616.0000;16953656.0000
396.0000;267.0000;0.0000;610.0000;16953664.0000
396.0000;265.0000;0.0000;614.0000;16953672.0000
397.0000;264.0000;0.0000;614.0000;16953678.0000
398.0000;262.0000;0.0000;610.0000;16953684.0000
398.0000;260.0000;0.0000;612.0000;16953692.0000
399.0000;259.0000;0.0000;613.0000;16953700.0000
400.0000;257.0000;0.0000;612.0000;16953706.0000
400.0000;255.0000;0.0000;617.0000;16953712.0000
401.0000;253.0000;0.0000;611.0000;16953720.0000
401.0000;252.0000;0.0000;614.0000;16953728.0000
402.0000;250.0000;0.0000;617.0000;16953734.0000
402.0000;248.0000;0.0000;611.0000;16953740.0000
403.0000;247.0000;0.0000;617.0000;16953748.0000
403.0000;245.0000;0.0000;617.0000;16953756.0000
404.0000;243.0000;0.0000;614.0000;16953764.0000
404.0000;242.0000;0.0000;619.0000;16953770.0000
404.0000;240.0000;0.0000;619.0000;16953776.0000
404.0000;238.0000;0.0000;620.0000;16953784.0000
404.0000;236.0000;0.0000;623.0000;16953792.0000
403.0000;234.0000;0.0000;619.0000;16953798.0000
403.0000;232.0000;12.0000;620.0000;16953804.0000
402.0000;230.0000;0.0000;627.0000;16953812.0000
402.0000;228.0000;12.0000;618.0000;16953820.0000
402.0000;227.0000;0.0000;623.0000;16953826.0000
401.0000;225.0000;12.0000;627.0000;16953832.0000
401.0000;224.0000;12.0000;618.0000;16953840.0000
401.0000;222.0000;12.0000;623.0000;16953848.0000
400.0000;221.0000;0.0000;623.0000;16953854.0000
400.0000;220.0000;12.0000;619.0000;16953860.0000
400.0000;218.0000;0.0000;627.0000;16953868.0000
400.0000;217.0000;0.0000;619.0000;16953876.0000
400.0000;216.0000;0.0000;620.0000;16953882.0000
399.0000;214.0000;0.0000;614.0000;16953888.0000
399.0000;213.0000;0.0000;627.0000;16953896.0000
399.0000;212.0000;0.0000;630.0000;16953904.0000
399.0000;211.0000;0.0000;635.0000;16953910.0000
398.0000;210.0000;0.0000;628.0000;16953916.0000
398.0000;208.0000;0.0000;633.0000;16953924.0000
398.0000;208.0000;0.0000;633.0000;16953932.0000
398.0000;207.0000;0.0000;629.0000;16953940.0000
398.0000;206.0000;0.0000;635.0000;16953946.0000
398.0000;205.0000;0.0000;632.0000;16953952.0000
398.0000;205.0000;0.0000;632.0000;16953960.0000
398.0000;204.0000;0.0000;636.0000;16953968.0000
398.0000;203.0000;0.0000;632.0000;16953974.0000
398.0000;203.0000;0.0000;633.0000;16953980.0000
398.0000;202.0000;0.0000;637.0000;16953988.0000
398.0000;202.0000;0.0000;632.0000;16953996.0000
398.0000;202.0000;0.0000;635.0000;16954002.0000
398.0000;202.0000;0.0000;631.0000;16954008.0000
398.0000;202.0000;0.0000;614.0000;16954016.0000
398.0000;202.0000;0.0000;580.0000;16954024.0000
397.0000;202.0000;0.0000;528.0000;16954030.0000
397.0000;202.0000;0.0000;423.0000;16954036.0000
397.0000;201.0000;0.0000;3.0000;16954044.0000
