213.0000;205.0000;0.0000;15.0000;0.0000
213.0000;205.0000;0.0000;47.0000;9.0000
213.0000;205.0000;0.0000;68.0000;18.0000
213.0000;205.0000;0.0000;84.0000;27.0000
214.0000;205.0000;0.0000;88.0000;36.0000
214.0000;205.0000;0.0000;97.0000;45.0000
214.0000;205.0000;0.0000;123.0000;54.0000
214.0000;204.0000;0.0000;148.0000;63.0000
214.0000;204.0000;0.0000;175.0000;72.0000
214.0000;204.0000;0.0000;207.0000;81.0000
214.0000;204.0000;0.0000;236.0000;90.0000
214.0000;204.0000;0.0000;272.0000;99.0000
214.0000;204.0000;0.0000;304.0000;108.0000
214.0000;204.0000;0.0000;327.0000;117.0000
214.0000;204.0000;0.0000;355.0000;126.0000
214.0000;204.0000;0.0000;381.0000;135.0000
214.0000;204.0000;0.0000;405.0000;144.0000
214.0000;204.0000;0.0000;429.0000;153.0000
214.0000;204.0000;0.0000;446.0000;162.0000
214.0000;204.0000;0.0000;465.0000;171.0000
214.0000;204.0000;0.0000;482.0000;180.0000
214.0000;204.0000;0.0000;488.0000;189.0000
214.0000;204.0000;0.0000;505.0000;198.0000
214.0000;204.0000;0.0000;517.0000;207.0000
214.0000;204.0000;0.0000;525.0000;216.0000
214.0000;204.0000;0.0000;542.0000;225.0000
214.0000;204.0000;0.0000;553.0000;234.0000
214.0000;203.0000;0.0000;561.0000;243.0000
214.0000;203.0000;0.0000;580.0000;252.0000
215.0000;203.0000;0.0000;590.0000;261.0000
215.0000;203.0000;0.0000;602.0000;270.0000
215.0000;203.0000;0.0000;610.0000;279.0000
215.0000;203.0000;0.0000;611.0000;288.0000
215.0000;203.0000;0.0000;620.0000;297.0000
215.0000;203.0000;0.0000;623.0000;306.0000
215.0000;203.0000;0.0000;620.0000;315.0000
215.0000;203.0000;0.0000;625.0000;324.0000
214.0000;203.0000;0.0000;625.0000;333.0000
214.0000;203.0000;0.0000;620.0000;342.0000
214.0000;204.0000;0.0000;623.0000;351.0000
213.0000;204.0000;0.0000;624.0000;360.0000
213.0000;204.0000;0.0000;623.0000;369.0000
213.0000;205.0000;0.0000;629.0000;378.0000
212.0000;205.0000;0.0000;627.0000;387.0000
212.0000;205.0000;0.0000;629.0000;396.0000
212.0000;206.0000;0.0000;635.0000;405.0000
212.0000;206.0000;0.0000;632.0000;414.0000
212.0000;206.0000;0.0000;638.0000;423.0000
211.0000;206.0000;0.0000;641.0000;432.0000
211.0000;207.0000;0.0000;638.0000;441.0000
211.0000;207.0000;0.0000;640.0000;450.0000
211.0000;208.0000;12.0000;645.0000;459.0000
211.0000;208.0000;12.0000;655.0000;468.0000
211.0000;208.0000;0.0000;651.0000;477.0000
211.0000;209.0000;12.0000;648.0000;486.0000
211.0000;209.0000;0.0000;650.0000;495.0000
211.0000;209.0000;0.0000;654.0000;504.0000
211.0000;210.0000;12.0000;647.0000;513.0000
211.0000;210.0000;0.0000;652.0000;522.0000
211.0000;210.0000;0.0000;655.0000;531.0000
211.0000;210.0000;0.0000;653.0000;540.0000
211.0000;211.0000;0.0000;661.0000;549.0000
211.0000;211.0000;0.0000;664.0000;558.0000
211.0000;211.0000;0.0000;665.0000;567.0000
211.0000;212.0000;0.0000;672.0000;576.0000
211.0000;212.0000;0.0000;671.0000;585.0000
211.0000;212.0000;0.0000;672.0000;594.0000
211.0000;212.0000;0.0000;680.0000;603.0000
211.0000;213.0000;0.0000;672.0000;612.0000
211.0000;213.0000;0.0000;680.0000;621.0000
211.0000;213.0000;0.0000;684.0000;630.0000
211.0000;214.0000;0.0000;682.0000;639.0000
211.0000;214.0000;0.0000;690.0000;648.0000
212.0000;214.0000;0.0000;693.0000;657.0000
212.0000;215.0000;0.0000;695.0000;666.0000
212.0000;215.0000;0.0000;702.0000;675.0000
212.0000;215.0000;0.0000;702.0000;684.0000
212.0000;215.0000;0.0000;705.0000;693.0000
213.0000;216.0000;0.0000;711.0000;702.0000
213.0000;216.0000;0.0000;705.0000;711.0000
213.0000;217.0000;0.0000;711.0000;720.0000
214.0000;217.0000;0.0000;715.0000;729.0000
214.0000;217.0000;0.0000;711.0000;738.0000
215.0000;218.0000;0.0000;716.0000;747.0000
215.0000;218.0000;0.0000;717.0000;756.0000
216.0000;218.0000;0.0000;716.0000;765.0000
216.0000;219.0000;0.0000;723.0000;774.0000
217.0000;219.0000;0.0000;723.0000;783.0000
217.0000;219.0000;0.0000;726.0000;792.0000
218.0000;220.0000;0.0000;732.0000;801.0000
219.0000;220.0000;0.0000;731.0000;810.0000
219.0000;220.0000;0.0000;739.0000;819.0000
220.0000;220.0000;0.0000;745.0000;828.0000
221.0000;221.0000;0.0000;742.0000;837.0000
222.0000;221.0000;0.0000;747.0000;846.0000
223.0000;221.0000;0.0000;749.0000;855.0000
224.0000;221.0000;0.0000;748.0000;864.0000
225.0000;221.0000;0.0000;752.0000;873.0000
225.0000;221.0000;0.0000;750.0000;882.0000
226.0000;222.0000;0.0000;753.0000;891.0000
227.0000;222.0000;0.0000;757.0000;900.0000
228.0000;222.0000;0.0000;753.0000;909.0000
229.0000;222.0000;0.0000;759.0000;918.0000
230.0000;222.0000;0.0000;761.0000;927.0000
231.0000;222.0000;0.0000;756.0000;936.0000
231.0000;222.0000;0.0000;759.0000;945.0000
232.0000;222.0000;0.0000;759.0000;954.0000
233.0000;222.0000;0.0000;757.0000;963.0000
233.0000;222.0000;0.0000;761.0000;972.0000
234.0000;222.0000;0.0000;759.0000;981.0000
235.0000;223.0000;0.0000;760.0000;990.0000
235.0000;223.0000;0.0000;763.0000;999.0000
236.0000;223.0000;0.0000;760.0000;1008.0000
237.0000;223.0000;0.0000;765.0000;1017.0000
237.0000;223.0000;0.0000;770.0000;1026.0000
238.0000;223.0000;0.0000;762.0000;1035.0000
238.0000;223.0000;0.0000;769.0000;1044.0000
239.0000;223.0000;0.0000;772.0000;1053.0000
239.0000;223.0000;0.0000;769.0000;1062.0000
240.0000;223.0000;0.0000;776.0000;1071.0000
241.0000;223.0000;0.0000;776.0000;1080.0000
241.0000;223.0000;0.0000;775.0000;1090.0000
242.0000;223.0000;0.0000;781.0000;1099.0000
242.0000;223.0000;0.0000;779.0000;1108.0000
243.0000;222.0000;0.0000;783.0000;1117.0000
244.0000;222.0000;0.0000;789.0000;1126.0000
245.0000;222.0000;0.0000;782.0000;1135.0000
245.0000;222.0000;0.0000;788.0000;1144.0000
246.0000;221.0000;0.0000;792.0000;1153.0000
247.0000;221.0000;0.0000;786.0000;1162.0000
247.0000;221.0000;0.0000;792.0000;1171.0000
248.0000;221.0000;0.0000;785.0000;1180.0000
249.0000;220.0000;0.0000;792.0000;1189.0000
249.0000;220.0000;0.0000;800.0000;1198.0000
249.0000;220.0000;0.0000;799.0000;1207.0000
250.0000;220.0000;0.0000;801.0000;1216.0000
250.0000;220.0000;0.0000;809.0000;1225.0000
251.0000;219.0000;0.0000;802.0000;1234.0000
252.0000;219.0000;0.0000;807.0000;1243.0000
252.0000;218.0000;0.0000;812.0000;1252.0000
253.0000;218.0000;0.0000;808.0000;1261.0000
254.0000;218.0000;0.0000;812.0000;1270.0000
254.0000;217.0000;0.0000;812.0000;1279.0000
255.0000;217.0000;0.0000;813.0000;1288.0000
255.0000;216.0000;0.0000;818.0000;1297.0000
256.0000;216.0000;0.0000;821.0000;1306.0000
256.0000;215.0000;0.0000;825.0000;1315.0000
257.0000;215.0000;0.0000;833.0000;1324.0000
257.0000;215.0000;0.0000;827.0000;1333.0000
257.0000;214.0000;0.0000;835.0000;1342.0000
258.0000;214.0000;0.0000;841.0000;1351.0000
258.0000;213.0000;0.0000;834.0000;1360.0000
259.0000;213.0000;12.0000;839.0000;1369.0000
259.0000;212.0000;0.0000;839.0000;1378.0000
260.0000;212.0000;0.0000;837.0000;1387.0000
261.0000;211.0000;12.0000;843.0000;1396.0000
261.0000;211.0000;0.0000;842.0000;1405.0000
262.0000;210.0000;0.0000;842.0000;1414.0000
262.0000;209.0000;12.0000;849.0000;1423.0000
263.0000;209.0000;0.0000;845.0000;1432.0000
263.0000;208.0000;0.0000;854.0000;1441.0000
263.0000;207.0000;0.0000;840.0000;1450.0000
264.0000;206.0000;0.0000;872.0000;1459.0000
264.0000;206.0000;0.0000;880.0000;1468.0000
265.0000;205.0000;0.0000;882.0000;1477.0000
265.0000;204.0000;0.0000;884.0000;1486.0000
265.0000;203.0000;0.0000;887.0000;1495.0000
266.0000;202.0000;0.0000;891.0000;1504.0000
266.0000;202.0000;0.0000;892.0000;1513.0000
266.0000;201.0000;0.0000;897.0000;1522.0000
267.0000;200.0000;0.0000;896.0000;1531.0000
267.0000;199.0000;0.0000;903.0000;1540.0000
267.0000;198.0000;0.0000;908.0000;1549.0000
267.0000;197.0000;0.0000;901.0000;1558.0000
267.0000;197.0000;0.0000;909.0000;1567.0000
267.0000;196.0000;0.0000;913.0000;1576.0000
267.0000;195.0000;0.0000;906.0000;1585.0000
268.0000;194.0000;0.0000;914.0000;1594.0000
268.0000;193.0000;0.0000;913.0000;1603.0000
268.0000;193.0000;0.0000;912.0000;1612.0000
268.0000;192.0000;0.0000;917.0000;1621.0000
268.0000;191.0000;0.0000;913.0000;1630.0000
268.0000;190.0000;0.0000;916.0000;1639.0000
268.0000;189.0000;0.0000;922.0000;1648.0000
268.0000;188.0000;0.0000;914.0000;1657.0000
267.0000;187.0000;0.0000;920.0000;1666.0000
267.0000;187.0000;0.0000;922.0000;1675.0000
267.0000;186.0000;0.0000;920.0000;1684.0000
267.0000;185.0000;0.0000;924.0000;1693.0000
267.0000;184.0000;0.0000;921.0000;1702.0000
267.0000;183.0000;0.0000;919.0000;1711.0000
267.0000;182.0000;0.0000;924.0000;1720.0000
267.0000;181.0000;0.0000;920.0000;1729.0000
267.0000;181.0000;0.0000;924.0000;1738.0000
267.0000;180.0000;0.0000;932.0000;1747.0000
267.0000;179.0000;0.0000;924.0000;1756.0000
266.0000;178.0000;0.0000;929.0000;1765.0000
266.0000;177.0000;0.0000;932.0000;1774.0000
266.0000;176.0000;0.0000;926.0000;1783.0000
266.0000;176.0000;0.0000;936.0000;1792.0000
265.0000;175.0000;0.0000;932.0000;1801.0000
265.0000;174.0000;0.0000;932.0000;1810.0000
265.0000;173.0000;0.0000;937.0000;1819.0000
265.0000;172.0000;0.0000;936.0000;1828.0000
265.0000;172.0000;0.0000;938.0000;1837.0000
264.0000;171.0000;0.0000;939.0000;1846.0000
264.0000;170.0000;0.0000;933.0000;1855.0000
264.0000;169.0000;0.0000;940.0000;1864.0000
263.0000;169.0000;0.0000;944.0000;1873.0000
263.0000;168.0000;0.0000;937.0000;1882.0000
263.0000;167.0000;0.0000;941.0000;1891.0000
263.0000;166.0000;0.0000;941.0000;1900.0000
262.0000;166.0000;0.0000;941.0000;1909.0000
262.0000;165.0000;0.0000;945.0000;1918.0000
262.0000;164.0000;0.0000;942.0000;1927.0000
261.0000;163.0000;0.0000;945.0000;1936.0000
261.0000;163.0000;0.0000;947.0000;1945.0000
260.0000;162.0000;0.0000;941.0000;1954.0000
260.0000;161.0000;0.0000;947.0000;1963.0000
259.0000;161.0000;0.0000;950.0000;1972.0000
259.0000;160.0000;0.0000;943.0000;1981.0000
258.0000;159.0000;0.0000;948.0000;1990.0000
258.0000;159.0000;0.0000;948.0000;1999.0000
257.0000;158.0000;0.0000;942.0000;2008.0000
257.0000;157.0000;12.0000;950.0000;2017.0000
256.0000;157.0000;0.0000;949.0000;2026.0000
256.0000;156.0000;0.0000;951.0000;2035.0000
255.0000;156.0000;0.0000;953.0000;2044.0000
255.0000;155.0000;0.0000;944.0000;2053.0000
254.0000;155.0000;0.0000;950.0000;2062.0000
253.0000;154.0000;0.0000;957.0000;2071.0000
253.0000;154.0000;0.0000;947.0000;2080.0000
252.0000;154.0000;0.0000;953.0000;2089.0000
251.0000;153.0000;0.0000;953.0000;2098.0000
251.0000;153.0000;0.0000;948.0000;2107.0000
250.0000;153.0000;0.0000;954.0000;2116.0000
249.0000;152.0000;0.0000;950.0000;2125.0000
249.0000;152.0000;0.0000;953.0000;2134.0000
248.0000;152.0000;0.0000;954.0000;2143.0000
247.0000;151.0000;0.0000;946.0000;2152.0000
247.0000;151.0000;0.0000;950.0000;2161.0000
246.0000;151.0000;0.0000;954.0000;2170.0000
245.0000;150.0000;0.0000;947.0000;2179.0000
244.0000;150.0000;0.0000;951.0000;2188.0000
243.0000;150.0000;0.0000;952.0000;2197.0000
242.0000;150.0000;0.0000;947.0000;2206.0000
241.0000;149.0000;0.0000;953.0000;2215.0000
241.0000;149.0000;0.0000;950.0000;2224.0000
240.0000;149.0000;0.0000;947.0000;2233.0000
239.0000;149.0000;0.0000;952.0000;2242.0000
238.0000;149.0000;0.0000;948.0000;2251.0000
237.0000;148.0000;0.0000;950.0000;2260.0000
236.0000;148.0000;0.0000;953.0000;2269.0000
235.0000;148.0000;0.0000;947.0000;2278.0000
235.0000;148.0000;0.0000;949.0000;2287.0000
234.0000;148.0000;0.0000;951.0000;2296.0000
233.0000;147.0000;0.0000;947.0000;2305.0000
232.0000;147.0000;0.0000;952.0000;2314.0000
232.0000;147.0000;0.0000;950.0000;2323.0000
231.0000;147.0000;0.0000;948.0000;2332.0000
230.0000;147.0000;0.0000;951.0000;2341.0000
230.0000;147.0000;0.0000;947.0000;2350.0000
229.0000;146.0000;0.0000;950.0000;2359.0000
228.0000;146.0000;0.0000;955.0000;2369.0000
227.0000;146.0000;0.0000;945.0000;2378.0000
226.0000;146.0000;0.0000;950.0000;2387.0000
225.0000;145.0000;0.0000;953.0000;2396.0000
223.0000;145.0000;0.0000;943.0000;2405.0000
222.0000;145.0000;0.0000;951.0000;2414.0000
220.0000;144.0000;0.0000;947.0000;2423.0000
219.0000;144.0000;0.0000;947.0000;2432.0000
217.0000;144.0000;0.0000;952.0000;2441.0000
216.0000;144.0000;0.0000;949.0000;2450.0000
215.0000;144.0000;0.0000;946.0000;2459.0000
213.0000;144.0000;0.0000;957.0000;2468.0000
212.0000;144.0000;0.0000;945.0000;2477.0000
211.0000;144.0000;0.0000;951.0000;2486.0000
210.0000;144.0000;0.0000;955.0000;2495.0000
209.0000;144.0000;0.0000;947.0000;2504.0000
208.0000;144.0000;0.0000;953.0000;2513.0000
207.0000;144.0000;0.0000;950.0000;2522.0000
206.0000;144.0000;0.0000;950.0000;2531.0000
205.0000;144.0000;0.0000;953.0000;2540.0000
204.0000;144.0000;0.0000;951.0000;2549.0000
202.0000;144.0000;0.0000;951.0000;2558.0000
201.0000;144.0000;0.0000;953.0000;2567.0000
199.0000;144.0000;0.0000;947.0000;2576.0000
198.0000;144.0000;0.0000;951.0000;2585.0000
196.0000;145.0000;0.0000;955.0000;2594.0000
195.0000;145.0000;0.0000;948.0000;2603.0000
194.0000;145.0000;0.0000;951.0000;2612.0000
193.0000;146.0000;0.0000;952.0000;2621.0000
191.0000;146.0000;0.0000;950.0000;2630.0000
191.0000;146.0000;0.0000;954.0000;2639.0000
190.0000;146.0000;0.0000;952.0000;2648.0000
189.0000;146.0000;0.0000;950.0000;2657.0000
188.0000;146.0000;0.0000;954.0000;2666.0000
187.0000;147.0000;0.0000;948.0000;2675.0000
186.0000;147.0000;0.0000;951.0000;2684.0000
185.0000;147.0000;0.0000;954.0000;2693.0000
184.0000;147.0000;0.0000;947.0000;2702.0000
183.0000;148.0000;0.0000;952.0000;2711.0000
182.0000;148.0000;0.0000;953.0000;2720.0000
181.0000;148.0000;0.0000;949.0000;2729.0000
181.0000;149.0000;0.0000;953.0000;2738.0000
180.0000;149.0000;0.0000;951.0000;2747.0000
179.0000;149.0000;0.0000;950.0000;2756.0000
178.0000;150.0000;0.0000;953.0000;2765.0000
178.0000;150.0000;0.0000;948.0000;2774.0000
177.0000;150.0000;0.0000;953.0000;2783.0000
176.0000;150.0000;0.0000;953.0000;2792.0000
175.0000;151.0000;0.0000;947.0000;2801.0000
174.0000;151.0000;0.0000;950.0000;2810.0000
173.0000;152.0000;0.0000;953.0000;2819.0000
172.0000;152.0000;0.0000;950.0000;2828.0000
171.0000;152.0000;0.0000;954.0000;2837.0000
169.0000;153.0000;0.0000;950.0000;2846.0000
168.0000;153.0000;0.0000;950.0000;2855.0000
167.0000;154.0000;0.0000;953.0000;2864.0000
166.0000;154.0000;0.0000;948.0000;2873.0000
165.0000;155.0000;0.0000;951.0000;2882.0000
164.0000;155.0000;0.0000;957.0000;2891.0000
163.0000;156.0000;0.0000;947.0000;2900.0000
162.0000;156.0000;0.0000;951.0000;2909.0000
161.0000;157.0000;0.0000;952.0000;2918.0000
160.0000;157.0000;0.0000;947.0000;2927.0000
159.0000;158.0000;0.0000;953.0000;2936.0000
158.0000;158.0000;0.0000;948.0000;2945.0000
158.0000;159.0000;0.0000;947.0000;2954.0000
157.0000;159.0000;0.0000;952.0000;2963.0000
156.0000;160.0000;0.0000;947.0000;2972.0000
155.0000;161.0000;0.0000;948.0000;2981.0000
154.0000;161.0000;0.0000;952.0000;2990.0000
153.0000;162.0000;0.0000;944.0000;2999.0000
153.0000;162.0000;0.0000;951.0000;3008.0000
152.0000;163.0000;0.0000;954.0000;3017.0000
151.0000;163.0000;0.0000;949.0000;3026.0000
151.0000;164.0000;0.0000;952.0000;3035.0000
150.0000;164.0000;0.0000;950.0000;3044.0000
150.0000;165.0000;0.0000;949.0000;3053.0000
149.0000;165.0000;0.0000;950.0000;3062.0000
149.0000;166.0000;0.0000;950.0000;3071.0000
148.0000;166.0000;0.0000;950.0000;3080.0000
148.0000;167.0000;0.0000;954.0000;3089.0000
147.0000;168.0000;0.0000;943.0000;3098.0000
147.0000;168.0000;0.0000;949.0000;3107.0000
146.0000;169.0000;0.0000;954.0000;3116.0000
146.0000;170.0000;0.0000;947.0000;3125.0000
145.0000;170.0000;0.0000;950.0000;3134.0000
145.0000;171.0000;0.0000;950.0000;3143.0000
144.0000;172.0000;0.0000;949.0000;3152.0000
144.0000;173.0000;0.0000;953.0000;3161.0000
143.0000;174.0000;0.0000;950.0000;3170.0000
142.0000;175.0000;0.0000;950.0000;3179.0000
142.0000;176.0000;0.0000;953.0000;3188.0000
141.0000;177.0000;0.0000;947.0000;3197.0000
141.0000;179.0000;0.0000;953.0000;3206.0000
141.0000;180.0000;0.0000;953.0000;3215.0000
140.0000;180.0000;0.0000;947.0000;3224.0000
140.0000;181.0000;0.0000;954.0000;3233.0000
139.0000;182.0000;0.0000;950.0000;3242.0000
139.0000;183.0000;0.0000;945.0000;3251.0000
139.0000;184.0000;0.0000;952.0000;3260.0000
138.0000;185.0000;0.0000;951.0000;3269.0000
138.0000;186.0000;0.0000;950.0000;3278.0000
137.0000;187.0000;0.0000;951.0000;3287.0000
137.0000;188.0000;0.0000;949.0000;3296.0000
137.0000;189.0000;0.0000;951.0000;3305.0000
137.0000;191.0000;0.0000;953.0000;3314.0000
137.0000;192.0000;0.0000;946.0000;3323.0000
137.0000;193.0000;0.0000;950.0000;3332.0000
136.0000;194.0000;0.0000;952.0000;3341.0000
136.0000;195.0000;0.0000;947.0000;3350.0000
136.0000;197.0000;0.0000;953.0000;3359.0000
136.0000;198.0000;0.0000;948.0000;3368.0000
136.0000;199.0000;0.0000;947.0000;3377.0000
136.0000;201.0000;0.0000;951.0000;3386.0000
135.0000;202.0000;0.0000;946.0000;3395.0000
135.0000;204.0000;0.0000;950.0000;3404.0000
135.0000;205.0000;0.0000;952.0000;3413.0000
135.0000;206.0000;0.0000;944.0000;3422.0000
135.0000;208.0000;12.0000;947.0000;3431.0000
135.0000;209.0000;0.0000;948.0000;3440.0000
135.0000;210.0000;0.0000;932.0000;3449.0000
135.0000;211.0000;0.0000;935.0000;3458.0000
135.0000;212.0000;0.0000;931.0000;3467.0000
135.0000;213.0000;0.0000;932.0000;3476.0000
135.0000;215.0000;0.0000;933.0000;3485.0000
135.0000;216.0000;0.0000;930.0000;3494.0000
135.0000;217.0000;0.0000;932.0000;3503.0000
136.0000;218.0000;0.0000;938.0000;3512.0000
136.0000;219.0000;0.0000;928.0000;3521.0000
136.0000;221.0000;0.0000;934.0000;3530.0000
136.0000;222.0000;0.0000;937.0000;3539.0000
137.0000;223.0000;0.0000;932.0000;3548.0000
137.0000;225.0000;0.0000;935.0000;3557.0000
138.0000;226.0000;0.0000;934.0000;3566.0000
138.0000;228.0000;0.0000;931.0000;3575.0000
138.0000;229.0000;0.0000;936.0000;3584.0000
139.0000;231.0000;0.0000;938.0000;3593.0000
139.0000;232.0000;0.0000;935.0000;3602.0000
140.0000;233.0000;0.0000;940.0000;3611.0000
140.0000;235.0000;0.0000;931.0000;3620.0000
141.0000;236.0000;0.0000;936.0000;3629.0000
141.0000;238.0000;0.0000;940.0000;3638.0000
142.0000;239.0000;0.0000;932.0000;3647.0000
143.0000;240.0000;0.0000;938.0000;3657.0000
143.0000;242.0000;0.0000;936.0000;3666.0000
144.0000;243.0000;0.0000;935.0000;3675.0000
144.0000;244.0000;0.0000;938.0000;3684.0000
145.0000;246.0000;0.0000;937.0000;3693.0000
145.0000;247.0000;0.0000;938.0000;3702.0000
145.0000;248.0000;0.0000;941.0000;3711.0000
146.0000;249.0000;0.0000;935.0000;3720.0000
146.0000;250.0000;0.0000;939.0000;3729.0000
147.0000;251.0000;0.0000;941.0000;3738.0000
147.0000;252.0000;0.0000;935.0000;3747.0000
148.0000;253.0000;0.0000;941.0000;3756.0000
148.0000;254.0000;0.0000;940.0000;3765.0000
149.0000;255.0000;0.0000;938.0000;3774.0000
149.0000;256.0000;0.0000;944.0000;3783.0000
150.0000;257.0000;0.0000;938.0000;3792.0000
150.0000;258.0000;0.0000;939.0000;3801.0000
151.0000;259.0000;0.0000;941.0000;3810.0000
152.0000;260.0000;0.0000;936.0000;3819.0000
152.0000;260.0000;0.0000;941.0000;3828.0000
153.0000;261.0000;0.0000;944.0000;3837.0000
154.0000;262.0000;0.0000;939.0000;3846.0000
155.0000;262.0000;0.0000;944.0000;3855.0000
156.0000;263.0000;0.0000;946.0000;3864.0000
157.0000;263.0000;0.0000;944.0000;3873.0000
158.0000;264.0000;0.0000;947.0000;3882.0000
159.0000;265.0000;0.0000;943.0000;3891.0000
160.0000;265.0000;0.0000;944.0000;3900.0000
161.0000;266.0000;0.0000;947.0000;3909.0000
162.0000;267.0000;0.0000;944.0000;3918.0000
163.0000;267.0000;0.0000;944.0000;3927.0000
164.0000;268.0000;0.0000;950.0000;3936.0000
165.0000;268.0000;0.0000;943.0000;3945.0000
166.0000;269.0000;0.0000;949.0000;3954.0000
168.0000;269.0000;0.0000;949.0000;3963.0000
169.0000;269.0000;0.0000;945.0000;3972.0000
170.0000;270.0000;0.0000;950.0000;3981.0000
172.0000;270.0000;0.0000;947.0000;3990.0000
173.0000;270.0000;0.0000;950.0000;3999.0000
175.0000;270.0000;0.0000;952.0000;4008.0000
176.0000;271.0000;0.0000;948.0000;4017.0000
177.0000;271.0000;0.0000;950.0000;4026.0000
179.0000;271.0000;0.0000;957.0000;4035.0000
180.0000;271.0000;0.0000;947.0000;4044.0000
181.0000;272.0000;0.0000;952.0000;4053.0000
182.0000;272.0000;0.0000;957.0000;4062.0000
183.0000;272.0000;0.0000;951.0000;4071.0000
184.0000;273.0000;0.0000;955.0000;4080.0000
185.0000;273.0000;0.0000;951.0000;4089.0000
186.0000;273.0000;0.0000;950.0000;4098.0000
187.0000;274.0000;0.0000;954.0000;4107.0000
188.0000;274.0000;0.0000;953.0000;4116.0000
189.0000;274.0000;0.0000;951.0000;4125.0000
190.0000;275.0000;0.0000;958.0000;4134.0000
191.0000;275.0000;0.0000;950.0000;4143.0000
191.0000;275.0000;0.0000;957.0000;4152.0000
192.0000;276.0000;0.0000;958.0000;4161.0000
193.0000;276.0000;0.0000;953.0000;4170.0000
193.0000;276.0000;0.0000;957.0000;4179.0000
194.0000;276.0000;0.0000;957.0000;4188.0000
195.0000;277.0000;0.0000;954.0000;4197.0000
196.0000;277.0000;0.0000;957.0000;4206.0000
197.0000;277.0000;0.0000;955.0000;4215.0000
198.0000;278.0000;0.0000;958.0000;4224.0000
199.0000;278.0000;0.0000;962.0000;4233.0000
200.0000;278.0000;0.0000;955.0000;4242.0000
201.0000;278.0000;0.0000;961.0000;4251.0000
202.0000;279.0000;0.0000;964.0000;4260.0000
202.0000;279.0000;0.0000;959.0000;4269.0000
203.0000;279.0000;0.0000;964.0000;4278.0000
204.0000;279.0000;0.0000;966.0000;4287.0000
205.0000;279.0000;0.0000;965.0000;4296.0000
207.0000;279.0000;0.0000;970.0000;4305.0000
208.0000;280.0000;0.0000;967.0000;4314.0000
209.0000;280.0000;0.0000;968.0000;4323.0000
210.0000;280.0000;0.0000;970.0000;4332.0000
211.0000;280.0000;0.0000;965.0000;4341.0000
212.0000;280.0000;0.0000;968.0000;4350.0000
213.0000;280.0000;0.0000;973.0000;4359.0000
214.0000;281.0000;0.0000;966.0000;4368.0000
215.0000;281.0000;0.0000;973.0000;4377.0000
216.0000;281.0000;0.0000;974.0000;4386.0000
217.0000;281.0000;0.0000;972.0000;4395.0000
218.0000;281.0000;0.0000;977.0000;4404.0000
219.0000;281.0000;0.0000;976.0000;4413.0000
220.0000;281.0000;0.0000;976.0000;4422.0000
221.0000;281.0000;0.0000;980.0000;4431.0000
223.0000;281.0000;0.0000;975.0000;4440.0000
224.0000;281.0000;0.0000;981.0000;4449.0000
225.0000;282.0000;0.0000;985.0000;4458.0000
226.0000;282.0000;0.0000;980.0000;4467.0000
227.0000;282.0000;0.0000;983.0000;4476.0000
228.0000;282.0000;0.0000;983.0000;4485.0000
229.0000;282.0000;0.0000;980.0000;4494.0000
230.0000;282.0000;0.0000;986.0000;4503.0000
231.0000;282.0000;0.0000;983.0000;4512.0000
232.0000;282.0000;0.0000;983.0000;4521.0000
233.0000;282.0000;0.0000;985.0000;4530.0000
235.0000;281.0000;0.0000;984.0000;4539.0000
235.0000;281.0000;0.0000;986.0000;4548.0000
237.0000;281.0000;0.0000;987.0000;4557.0000
238.0000;281.0000;0.0000;982.0000;4566.0000
239.0000;281.0000;0.0000;986.0000;4575.0000
240.0000;280.0000;0.0000;990.0000;4584.0000
241.0000;280.0000;0.0000;984.0000;4593.0000
242.0000;280.0000;0.0000;990.0000;4602.0000
243.0000;279.0000;0.0000;990.0000;4611.0000
244.0000;279.0000;0.0000;988.0000;4620.0000
246.0000;279.0000;0.0000;992.0000;4629.0000
247.0000;278.0000;0.0000;990.0000;4638.0000
248.0000;278.0000;0.0000;994.0000;4647.0000
250.0000;277.0000;0.0000;995.0000;4656.0000
251.0000;277.0000;0.0000;988.0000;4665.0000
253.0000;276.0000;0.0000;992.0000;4674.0000
254.0000;276.0000;0.0000;996.0000;4683.0000
255.0000;275.0000;0.0000;991.0000;4692.0000
257.0000;275.0000;0.0000;994.0000;4701.0000
258.0000;274.0000;0.0000;993.0000;4710.0000
259.0000;274.0000;0.0000;990.0000;4719.0000
261.0000;273.0000;0.0000;994.0000;4728.0000
262.0000;273.0000;0.0000;992.0000;4737.0000
263.0000;272.0000;0.0000;991.0000;4746.0000
265.0000;271.0000;0.0000;998.0000;4755.0000
266.0000;271.0000;0.0000;986.0000;4764.0000
267.0000;270.0000;0.0000;994.0000;4773.0000
269.0000;270.0000;0.0000;996.0000;4782.0000
270.0000;269.0000;0.0000;992.0000;4791.0000
271.0000;269.0000;0.0000;996.0000;4800.0000
273.0000;268.0000;0.0000;994.0000;4809.0000
274.0000;268.0000;0.0000;995.0000;4818.0000
275.0000;267.0000;0.0000;999.0000;4827.0000
277.0000;267.0000;0.0000;994.0000;4836.0000
278.0000;266.0000;0.0000;998.0000;4845.0000
280.0000;266.0000;0.0000;999.0000;4854.0000
281.0000;265.0000;0.0000;992.0000;4863.0000
282.0000;265.0000;0.0000;995.0000;4872.0000
283.0000;264.0000;0.0000;999.0000;4881.0000
284.0000;264.0000;0.0000;994.0000;4890.0000
285.0000;263.0000;0.0000;999.0000;4899.0000
286.0000;263.0000;0.0000;997.0000;4908.0000
288.0000;262.0000;0.0000;996.0000;4917.0000
289.0000;262.0000;0.0000;999.0000;4926.0000
290.0000;261.0000;0.0000;997.0000;4935.0000
291.0000;260.0000;0.0000;999.0000;4945.0000
292.0000;260.0000;0.0000;1001.0000;4954.0000
293.0000;259.0000;0.0000;993.0000;4963.0000
294.0000;258.0000;0.0000;998.0000;4972.0000
295.0000;258.0000;0.0000;1004.0000;4981.0000
296.0000;257.0000;0.0000;999.0000;4990.0000
297.0000;256.0000;0.0000;1001.0000;4999.0000
297.0000;255.0000;0.0000;1004.0000;5008.0000
298.0000;254.0000;0.0000;1001.0000;5017.0000
299.0000;253.0000;0.0000;1005.0000;5026.0000
300.0000;252.0000;0.0000;1003.0000;5035.0000
302.0000;251.0000;0.0000;1005.0000;5044.0000
303.0000;249.0000;0.0000;1004.0000;5053.0000
304.0000;248.0000;0.0000;1001.0000;5062.0000
305.0000;247.0000;0.0000;1004.0000;5071.0000
306.0000;246.0000;0.0000;1006.0000;5080.0000
307.0000;245.0000;0.0000;1000.0000;5089.0000
308.0000;244.0000;0.0000;1004.0000;5098.0000
309.0000;243.0000;0.0000;1006.0000;5107.0000
310.0000;241.0000;0.0000;1001.0000;5116.0000
310.0000;240.0000;0.0000;1007.0000;5125.0000
311.0000;239.0000;0.0000;1005.0000;5134.0000
313.0000;237.0000;0.0000;1002.0000;5143.0000
314.0000;236.0000;0.0000;1005.0000;5152.0000
315.0000;234.0000;0.0000;1000.0000;5161.0000
317.0000;232.0000;0.0000;1002.0000;5170.0000
318.0000;230.0000;0.0000;1005.0000;5179.0000
319.0000;229.0000;0.0000;997.0000;5188.0000
320.0000;227.0000;0.0000;1004.0000;5197.0000
321.0000;226.0000;0.0000;1005.0000;5206.0000
321.0000;224.0000;0.0000;998.0000;5215.0000
322.0000;223.0000;0.0000;1004.0000;5224.0000
323.0000;221.0000;0.0000;1001.0000;5233.0000
324.0000;219.0000;0.0000;1001.0000;5242.0000
326.0000;217.0000;0.0000;1001.0000;5251.0000
327.0000;215.0000;0.0000;996.0000;5260.0000
329.0000;213.0000;12.0000;999.0000;5269.0000
330.0000;212.0000;0.0000;1003.0000;5278.0000
331.0000;210.0000;0.0000;995.0000;5287.0000
332.0000;208.0000;0.0000;998.0000;5296.0000
333.0000;206.0000;0.0000;974.0000;5305.0000
334.0000;204.0000;0.0000;1012.0000;5314.0000
334.0000;203.0000;0.0000;1016.0000;5323.0000
335.0000;201.0000;0.0000;1016.0000;5332.0000
335.0000;199.0000;0.0000;1016.0000;5341.0000
336.0000;197.0000;0.0000;1019.0000;5350.0000
337.0000;195.0000;0.0000;1016.0000;5359.0000
338.0000;193.0000;0.0000;1016.0000;5368.0000
339.0000;191.0000;0.0000;1023.0000;5377.0000
340.0000;188.0000;0.0000;1013.0000;5386.0000
341.0000;186.0000;0.0000;1018.0000;5395.0000
341.0000;184.0000;0.0000;1023.0000;5404.0000
342.0000;182.0000;0.0000;1015.0000;5413.0000
342.0000;179.0000;0.0000;1018.0000;5422.0000
342.0000;177.0000;0.0000;1019.0000;5431.0000
342.0000;175.0000;0.0000;1015.0000;5440.0000
342.0000;173.0000;0.0000;1019.0000;5449.0000
342.0000;171.0000;0.0000;1016.0000;5458.0000
341.0000;169.0000;0.0000;1018.0000;5467.0000
341.0000;167.0000;0.0000;1019.0000;5476.0000
340.0000;165.0000;0.0000;1011.0000;5485.0000
340.0000;162.0000;0.0000;1015.0000;5494.0000
339.0000;160.0000;0.0000;1016.0000;5503.0000
338.0000;158.0000;0.0000;1009.0000;5512.0000
337.0000;156.0000;0.0000;1013.0000;5521.0000
336.0000;154.0000;0.0000;1014.0000;5530.0000
335.0000;151.0000;0.0000;1010.0000;5539.0000
334.0000;149.0000;0.0000;1015.0000;5548.0000
333.0000;147.0000;0.0000;1012.0000;5557.0000
331.0000;145.0000;0.0000;1009.0000;5566.0000
330.0000;143.0000;0.0000;1009.0000;5575.0000
328.0000;141.0000;0.0000;1005.0000;5584.0000
326.0000;140.0000;0.0000;1005.0000;5593.0000
324.0000;138.0000;0.0000;1008.0000;5602.0000
322.0000;137.0000;0.0000;1003.0000;5611.0000
320.0000;135.0000;0.0000;1007.0000;5620.0000
319.0000;134.0000;0.0000;1008.0000;5629.0000
317.0000;133.0000;0.0000;1003.0000;5638.0000
315.0000;131.0000;0.0000;1008.0000;5647.0000
313.0000;130.0000;0.0000;1007.0000;5656.0000
312.0000;129.0000;0.0000;1005.0000;5665.0000
310.0000;127.0000;0.0000;1009.0000;5674.0000
309.0000;126.0000;0.0000;1001.0000;5683.0000
307.0000;125.0000;0.0000;1007.0000;5692.0000
305.0000;123.0000;0.0000;1010.0000;5701.0000
303.0000;122.0000;0.0000;1002.0000;5710.0000
302.0000;121.0000;0.0000;1007.0000;5719.0000
300.0000;120.0000;0.0000;1008.0000;5728.0000
298.0000;119.0000;0.0000;1004.0000;5737.0000
296.0000;118.0000;0.0000;1008.0000;5746.0000
295.0000;117.0000;0.0000;1007.0000;5755.0000
294.0000;116.0000;0.0000;1007.0000;5764.0000
292.0000;115.0000;0.0000;1010.0000;5773.0000
291.0000;114.0000;0.0000;1007.0000;5782.0000
289.0000;113.0000;0.0000;1010.0000;5791.0000
288.0000;112.0000;0.0000;1013.0000;5800.0000
286.0000;111.0000;0.0000;1004.0000;5809.0000
284.0000;110.0000;0.0000;1008.0000;5818.0000
282.0000;108.0000;0.0000;1013.0000;5827.0000
281.0000;107.0000;0.0000;1005.0000;5836.0000
278.0000;106.0000;0.0000;1009.0000;5845.0000
277.0000;105.0000;0.0000;1007.0000;5854.0000
275.0000;104.0000;0.0000;1005.0000;5863.0000
273.0000;103.0000;0.0000;1010.0000;5872.0000
271.0000;102.0000;0.0000;1007.0000;5881.0000
269.0000;100.0000;0.0000;1007.0000;5890.0000
268.0000;99.0000;0.0000;1013.0000;5899.0000
266.0000;98.0000;0.0000;1001.0000;5908.0000
265.0000;97.0000;0.0000;1005.0000;5917.0000
264.0000;96.0000;0.0000;1009.0000;5926.0000
262.0000;95.0000;0.0000;1003.0000;5935.0000
261.0000;94.0000;0.0000;1007.0000;5944.0000
259.0000;93.0000;0.0000;1004.0000;5953.0000
258.0000;93.0000;0.0000;1001.0000;5962.0000
256.0000;92.0000;0.0000;1005.0000;5971.0000
254.0000;91.0000;0.0000;1003.0000;5980.0000
253.0000;91.0000;0.0000;1003.0000;5989.0000
251.0000;90.0000;0.0000;1008.0000;5998.0000
249.0000;89.0000;0.0000;998.0000;6007.0000
247.0000;88.0000;0.0000;1002.0000;6016.0000
245.0000;88.0000;0.0000;1004.0000;6025.0000
243.0000;87.0000;0.0000;998.0000;6034.0000
241.0000;87.0000;0.0000;1000.0000;6043.0000
239.0000;87.0000;0.0000;999.0000;6052.0000
236.0000;87.0000;0.0000;995.0000;6061.0000
234.0000;86.0000;0.0000;999.0000;6070.0000
231.0000;86.0000;0.0000;998.0000;6079.0000
228.0000;86.0000;0.0000;994.0000;6088.0000
224.0000;86.0000;0.0000;999.0000;6097.0000
221.0000;86.0000;0.0000;993.0000;6106.0000
218.0000;86.0000;0.0000;996.0000;6115.0000
216.0000;86.0000;0.0000;998.0000;6124.0000
213.0000;86.0000;0.0000;993.0000;6133.0000
211.0000;87.0000;0.0000;998.0000;6142.0000
209.0000;87.0000;0.0000;998.0000;6151.0000
206.0000;87.0000;0.0000;994.0000;6160.0000
204.0000;87.0000;0.0000;999.0000;6169.0000
201.0000;87.0000;0.0000;995.0000;6178.0000
199.0000;87.0000;0.0000;994.0000;6187.0000
196.0000;87.0000;0.0000;998.0000;6196.0000
194.0000;87.0000;0.0000;993.0000;6205.0000
191.0000;87.0000;0.0000;995.0000;6214.0000
189.0000;87.0000;0.0000;998.0000;6223.0000
186.0000;88.0000;0.0000;991.0000;6233.0000
184.0000;88.0000;0.0000;996.0000;6242.0000
182.0000;88.0000;0.0000;997.0000;6251.0000
180.0000;88.0000;0.0000;992.0000;6260.0000
178.0000;89.0000;0.0000;998.0000;6269.0000
176.0000;89.0000;0.0000;993.0000;6278.0000
174.0000;89.0000;0.0000;992.0000;6287.0000
172.0000;89.0000;0.0000;998.0000;6296.0000
170.0000;89.0000;0.0000;993.0000;6305.0000
168.0000;89.0000;0.0000;995.0000;6314.0000
166.0000;90.0000;0.0000;998.0000;6323.0000
164.0000;90.0000;0.0000;990.0000;6332.0000
162.0000;91.0000;0.0000;992.0000;6341.0000
160.0000;91.0000;0.0000;998.0000;6350.0000
157.0000;92.0000;0.0000;990.0000;6359.0000
155.0000;92.0000;0.0000;996.0000;6368.0000
153.0000;93.0000;0.0000;994.0000;6377.0000
150.0000;94.0000;0.0000;993.0000;6386.0000
148.0000;95.0000;0.0000;995.0000;6395.0000
146.0000;96.0000;0.0000;997.0000;6404.0000
143.0000;96.0000;0.0000;994.0000;6413.0000
141.0000;97.0000;0.0000;1000.0000;6422.0000
139.0000;98.0000;0.0000;992.0000;6431.0000
137.0000;99.0000;0.0000;996.0000;6440.0000
134.0000;100.0000;0.0000;999.0000;6449.0000
132.0000;101.0000;0.0000;995.0000;6458.0000
129.0000;102.0000;0.0000;998.0000;6467.0000
127.0000;103.0000;0.0000;997.0000;6476.0000
124.0000;104.0000;0.0000;994.0000;6485.0000
122.0000;105.0000;0.0000;1000.0000;6494.0000
119.0000;106.0000;0.0000;998.0000;6503.0000
117.0000;108.0000;0.0000;999.0000;6512.0000
115.0000;109.0000;0.0000;1002.0000;6521.0000
113.0000;110.0000;0.0000;996.0000;6530.0000
111.0000;112.0000;0.0000;999.0000;6539.0000
108.0000;113.0000;0.0000;1003.0000;6548.0000
106.0000;115.0000;0.0000;998.0000;6557.0000
104.0000;116.0000;0.0000;1002.0000;6566.0000
103.0000;117.0000;0.0000;1003.0000;6575.0000
102.0000;118.0000;0.0000;1000.0000;6584.0000
101.0000;119.0000;0.0000;1004.0000;6593.0000
101.0000;120.0000;0.0000;1002.0000;6602.0000
100.0000;121.0000;0.0000;1002.0000;6611.0000
99.0000;122.0000;0.0000;1006.0000;6620.0000
98.0000;123.0000;0.0000;1001.0000;6629.0000
97.0000;125.0000;0.0000;1004.0000;6638.0000
96.0000;127.0000;0.0000;1007.0000;6647.0000
95.0000;129.0000;0.0000;1002.0000;6656.0000
93.0000;130.0000;0.0000;1005.0000;6665.0000
92.0000;133.0000;0.0000;1006.0000;6674.0000
90.0000;135.0000;0.0000;1003.0000;6683.0000
89.0000;137.0000;0.0000;1007.0000;6692.0000
88.0000;139.0000;0.0000;1004.0000;6701.0000
86.0000;141.0000;0.0000;1003.0000;6710.0000
85.0000;143.0000;0.0000;1007.0000;6719.0000
84.0000;146.0000;0.0000;1003.0000;6728.0000
83.0000;148.0000;0.0000;1007.0000;6737.0000
82.0000;150.0000;0.0000;1008.0000;6746.0000
80.0000;153.0000;0.0000;1004.0000;6755.0000
79.0000;155.0000;0.0000;1006.0000;6764.0000
77.0000;157.0000;0.0000;1007.0000;6773.0000
76.0000;159.0000;0.0000;1004.0000;6782.0000
75.0000;161.0000;0.0000;1008.0000;6791.0000
74.0000;162.0000;0.0000;1005.0000;6800.0000
74.0000;164.0000;0.0000;1003.0000;6809.0000
73.0000;166.0000;0.0000;1007.0000;6818.0000
72.0000;168.0000;0.0000;1003.0000;6827.0000
72.0000;170.0000;0.0000;1002.0000;6836.0000
72.0000;172.0000;0.0000;1006.0000;6845.0000
71.0000;174.0000;0.0000;1001.0000;6854.0000
71.0000;177.0000;0.0000;1006.0000;6863.0000
70.0000;179.0000;0.0000;1004.0000;6872.0000
69.0000;182.0000;0.0000;1002.0000;6881.0000
68.0000;184.0000;0.0000;1007.0000;6890.0000
68.0000;187.0000;0.0000;1005.0000;6899.0000
68.0000;189.0000;0.0000;1001.0000;6908.0000
67.0000;192.0000;0.0000;1005.0000;6917.0000
66.0000;194.0000;0.0000;998.0000;6926.0000
66.0000;196.0000;0.0000;999.0000;6935.0000
65.0000;199.0000;0.0000;1004.0000;6944.0000
65.0000;201.0000;12.0000;995.0000;6953.0000
64.0000;203.0000;12.0000;1001.0000;6962.0000
64.0000;206.0000;0.0000;1001.0000;6971.0000
64.0000;208.0000;12.0000;982.0000;6980.0000
64.0000;210.0000;0.0000;984.0000;6989.0000
64.0000;213.0000;0.0000;980.0000;6998.0000
64.0000;215.0000;0.0000;980.0000;7007.0000
64.0000;217.0000;0.0000;986.0000;7016.0000
64.0000;220.0000;0.0000;983.0000;7025.0000
64.0000;222.0000;0.0000;983.0000;7034.0000
64.0000;225.0000;0.0000;986.0000;7043.0000
64.0000;227.0000;0.0000;977.0000;7052.0000
64.0000;230.0000;0.0000;980.0000;7061.0000
65.0000;232.0000;0.0000;987.0000;7070.0000
65.0000;235.0000;0.0000;980.0000;7079.0000
66.0000;238.0000;0.0000;981.0000;7088.0000
66.0000;240.0000;0.0000;980.0000;7097.0000
67.0000;243.0000;0.0000;977.0000;7106.0000
68.0000;246.0000;0.0000;981.0000;7115.0000
68.0000;248.0000;0.0000;981.0000;7124.0000
69.0000;251.0000;0.0000;980.0000;7133.0000
70.0000;254.0000;0.0000;983.0000;7142.0000
71.0000;256.0000;0.0000;978.0000;7151.0000
71.0000;259.0000;0.0000;980.0000;7160.0000
72.0000;261.0000;0.0000;984.0000;7169.0000
73.0000;263.0000;0.0000;977.0000;7178.0000
75.0000;265.0000;0.0000;981.0000;7187.0000
76.0000;267.0000;0.0000;981.0000;7196.0000
78.0000;269.0000;0.0000;978.0000;7205.0000
80.0000;271.0000;0.0000;983.0000;7214.0000
81.0000;274.0000;0.0000;980.0000;7223.0000
83.0000;276.0000;0.0000;981.0000;7232.0000
85.0000;278.0000;0.0000;983.0000;7241.0000
87.0000;280.0000;0.0000;978.0000;7250.0000
89.0000;283.0000;0.0000;981.0000;7259.0000
90.0000;285.0000;0.0000;985.0000;7268.0000
92.0000;287.0000;0.0000;978.0000;7277.0000
94.0000;289.0000;0.0000;982.0000;7286.0000
95.0000;291.0000;0.0000;984.0000;7295.0000
96.0000;293.0000;0.0000;982.0000;7304.0000
97.0000;295.0000;0.0000;984.0000;7313.0000
98.0000;297.0000;0.0000;983.0000;7322.0000
99.0000;299.0000;0.0000;983.0000;7331.0000
100.0000;301.0000;0.0000;986.0000;7340.0000
101.0000;303.0000;0.0000;980.0000;7349.0000
102.0000;305.0000;0.0000;976.0000;7358.0000
104.0000;307.0000;0.0000;990.0000;7367.0000
105.0000;308.0000;0.0000;985.0000;7376.0000
106.0000;310.0000;0.0000;986.0000;7385.0000
108.0000;311.0000;0.0000;987.0000;7394.0000
109.0000;312.0000;0.0000;982.0000;7403.0000
111.0000;314.0000;0.0000;987.0000;7412.0000
112.0000;315.0000;0.0000;987.0000;7421.0000
114.0000;317.0000;0.0000;984.0000;7430.0000
115.0000;318.0000;0.0000;990.0000;7439.0000
117.0000;319.0000;0.0000;986.0000;7448.0000
119.0000;321.0000;0.0000;988.0000;7457.0000
120.0000;322.0000;0.0000;993.0000;7466.0000
122.0000;324.0000;0.0000;985.0000;7475.0000
124.0000;325.0000;0.0000;990.0000;7484.0000
126.0000;326.0000;0.0000;992.0000;7493.0000
128.0000;327.0000;0.0000;988.0000;7502.0000
130.0000;329.0000;0.0000;992.0000;7511.0000
132.0000;330.0000;0.0000;994.0000;7521.0000
134.0000;331.0000;0.0000;995.0000;7530.0000
136.0000;331.0000;0.0000;995.0000;7539.0000
138.0000;332.0000;0.0000;994.0000;7548.0000
140.0000;333.0000;0.0000;995.0000;7557.0000
141.0000;333.0000;0.0000;998.0000;7566.0000
143.0000;334.0000;0.0000;992.0000;7575.0000
145.0000;335.0000;0.0000;998.0000;7584.0000
148.0000;335.0000;0.0000;1000.0000;7593.0000
150.0000;335.0000;0.0000;995.0000;7602.0000
153.0000;336.0000;0.0000;1001.0000;7611.0000
156.0000;336.0000;0.0000;997.0000;7620.0000
158.0000;336.0000;0.0000;999.0000;7629.0000
161.0000;337.0000;0.0000;999.0000;7638.0000
164.0000;337.0000;0.0000;999.0000;7647.0000
167.0000;337.0000;0.0000;1000.0000;7656.0000
170.0000;338.0000;0.0000;1004.0000;7665.0000
174.0000;338.0000;0.0000;994.0000;7674.0000
177.0000;339.0000;0.0000;1004.0000;7683.0000
180.0000;339.0000;0.0000;1006.0000;7692.0000
183.0000;339.0000;0.0000;998.0000;7701.0000
186.0000;339.0000;0.0000;1006.0000;7710.0000
190.0000;339.0000;0.0000;1004.0000;7719.0000
193.0000;340.0000;0.0000;999.0000;7728.0000
197.0000;340.0000;0.0000;1005.0000;7737.0000
200.0000;340.0000;0.0000;1004.0000;7746.0000
204.0000;340.0000;12.0000;1004.0000;7755.0000
207.0000;340.0000;0.0000;1007.0000;7764.0000
211.0000;340.0000;0.0000;1004.0000;7773.0000
214.0000;340.0000;12.0000;1006.0000;7782.0000
218.0000;340.0000;0.0000;1008.0000;7791.0000
222.0000;340.0000;0.0000;1006.0000;7800.0000
226.0000;340.0000;0.0000;1009.0000;7809.0000
230.0000;340.0000;0.0000;1007.0000;7818.0000
234.0000;340.0000;0.0000;1007.0000;7827.0000
238.0000;340.0000;0.0000;1010.0000;7836.0000
241.0000;340.0000;0.0000;1006.0000;7845.0000
245.0000;340.0000;0.0000;1007.0000;7854.0000
248.0000;340.0000;0.0000;1009.0000;7863.0000
252.0000;340.0000;0.0000;1006.0000;7872.0000
255.0000;340.0000;0.0000;1010.0000;7881.0000
258.0000;339.0000;0.0000;1012.0000;7890.0000
262.0000;339.0000;0.0000;1007.0000;7899.0000
265.0000;339.0000;0.0000;1011.0000;7908.0000
269.0000;338.0000;0.0000;1014.0000;7917.0000
273.0000;338.0000;0.0000;1009.0000;7926.0000
276.0000;338.0000;0.0000;1015.0000;7935.0000
280.0000;337.0000;0.0000;1012.0000;7944.0000
284.0000;337.0000;0.0000;1011.0000;7953.0000
287.0000;336.0000;0.0000;1015.0000;7962.0000
290.0000;336.0000;0.0000;1010.0000;7971.0000
294.0000;335.0000;0.0000;1016.0000;7980.0000
297.0000;335.0000;0.0000;1018.0000;7989.0000
300.0000;334.0000;0.0000;1010.0000;7998.0000
302.0000;333.0000;0.0000;1016.0000;8007.0000
305.0000;332.0000;0.0000;1019.0000;8016.0000
308.0000;331.0000;0.0000;1019.0000;8025.0000
310.0000;331.0000;0.0000;1023.0000;8034.0000
312.0000;330.0000;0.0000;1023.0000;8043.0000
314.0000;328.0000;0.0000;1023.0000;8052.0000
316.0000;327.0000;0.0000;1023.0000;8061.0000
318.0000;326.0000;0.0000;1023.0000;8070.0000
320.0000;325.0000;0.0000;1023.0000;8079.0000
323.0000;324.0000;0.0000;1023.0000;8088.0000
325.0000;323.0000;0.0000;1023.0000;8097.0000
327.0000;321.0000;0.0000;1023.0000;8106.0000
329.0000;320.0000;0.0000;1023.0000;8115.0000
331.0000;318.0000;0.0000;1023.0000;8124.0000
334.0000;316.0000;0.0000;1023.0000;8133.0000
336.0000;315.0000;0.0000;1023.0000;8142.0000
337.0000;313.0000;0.0000;1023.0000;8151.0000
339.0000;311.0000;0.0000;1023.0000;8160.0000
341.0000;309.0000;0.0000;1023.0000;8169.0000
344.0000;307.0000;0.0000;1023.0000;8178.0000
346.0000;305.0000;12.0000;1023.0000;8187.0000
348.0000;303.0000;0.0000;1023.0000;8196.0000
350.0000;301.0000;0.0000;1023.0000;8205.0000
351.0000;299.0000;0.0000;1023.0000;8214.0000
353.0000;297.0000;0.0000;1023.0000;8223.0000
354.0000;295.0000;0.0000;1023.0000;8232.0000
356.0000;293.0000;0.0000;1023.0000;8241.0000
357.0000;291.0000;0.0000;1023.0000;8250.0000
359.0000;289.0000;0.0000;1023.0000;8259.0000
360.0000;287.0000;0.0000;1023.0000;8268.0000
362.0000;285.0000;0.0000;1023.0000;8277.0000
363.0000;282.0000;0.0000;1023.0000;8286.0000
365.0000;280.0000;0.0000;1023.0000;8295.0000
366.0000;278.0000;0.0000;1023.0000;8304.0000
367.0000;276.0000;0.0000;1023.0000;8313.0000
368.0000;274.0000;0.0000;1023.0000;8322.0000
369.0000;272.0000;0.0000;1023.0000;8331.0000
370.0000;270.0000;0.0000;1023.0000;8340.0000
371.0000;268.0000;0.0000;1023.0000;8349.0000
372.0000;265.0000;0.0000;1023.0000;8358.0000
374.0000;263.0000;0.0000;1023.0000;8367.0000
376.0000;260.0000;0.0000;1023.0000;8376.0000
377.0000;257.0000;0.0000;1023.0000;8385.0000
379.0000;255.0000;0.0000;1023.0000;8394.0000
381.0000;252.0000;0.0000;1023.0000;8403.0000
382.0000;250.0000;0.0000;1023.0000;8412.0000
384.0000;247.0000;0.0000;1023.0000;8421.0000
385.0000;245.0000;0.0000;1023.0000;8430.0000
386.0000;243.0000;0.0000;1023.0000;8439.0000
387.0000;241.0000;0.0000;1023.0000;8448.0000
388.0000;239.0000;0.0000;1023.0000;8457.0000
389.0000;237.0000;0.0000;1023.0000;8466.0000
391.0000;234.0000;0.0000;1023.0000;8475.0000
392.0000;232.0000;0.0000;1023.0000;8484.0000
393.0000;230.0000;0.0000;1023.0000;8493.0000
395.0000;227.0000;0.0000;1023.0000;8502.0000
396.0000;225.0000;0.0000;1023.0000;8511.0000
398.0000;222.0000;0.0000;1023.0000;8520.0000
399.0000;220.0000;0.0000;1023.0000;8529.0000
401.0000;218.0000;0.0000;1023.0000;8538.0000
402.0000;216.0000;0.0000;1023.0000;8547.0000
403.0000;215.0000;0.0000;1023.0000;8556.0000
404.0000;214.0000;0.0000;1023.0000;8565.0000
405.0000;213.0000;0.0000;1023.0000;8574.0000
406.0000;212.0000;0.0000;1023.0000;8583.0000
407.0000;211.0000;12.0000;1023.0000;8592.0000
407.0000;210.0000;0.0000;1023.0000;8601.0000
408.0000;209.0000;12.0000;1023.0000;8610.0000
408.0000;208.0000;0.0000;1023.0000;8619.0000
408.0000;208.0000;0.0000;1023.0000;8628.0000
409.0000;207.0000;0.0000;1023.0000;8637.0000
409.0000;206.0000;0.0000;1023.0000;8646.0000
410.0000;205.0000;0.0000;1023.0000;8655.0000
411.0000;205.0000;0.0000;1023.0000;8664.0000
411.0000;204.0000;0.0000;1023.0000;8673.0000
412.0000;203.0000;0.0000;1023.0000;8682.0000
412.0000;202.0000;0.0000;1023.0000;8691.0000
413.0000;202.0000;0.0000;1023.0000;8700.0000
413.0000;201.0000;0.0000;1023.0000;8709.0000
413.0000;201.0000;0.0000;1023.0000;8718.0000
414.0000;200.0000;0.0000;1023.0000;8727.0000
414.0000;200.0000;0.0000;1023.0000;8736.0000
414.0000;200.0000;0.0000;1023.0000;8745.0000
415.0000;199.0000;0.0000;1023.0000;8754.0000
415.0000;199.0000;0.0000;1023.0000;8763.0000
415.0000;199.0000;0.0000;1023.0000;8772.0000
415.0000;199.0000;0.0000;1023.0000;8781.0000
415.0000;199.0000;0.0000;1023.0000;8790.0000
415.0000;199.0000;0.0000;1023.0000;8799.0000
415.0000;199.0000;0.0000;1023.0000;8809.0000
415.0000;200.0000;0.0000;968.0000;8818.0000
415.0000;202.0000;0.0000;873.0000;8827.0000
414.0000;204.0000;0.0000;703.0000;8836.0000
412.0000;205.0000;12.0000;276.0000;8845.0000
