200.3067;202.6933;0.0000;34.4276;0.0000
200.3067;202.6933;0.0000;91.5889;7.0000
200.3067;202.6933;0.0000;101.7489;14.0000
200.3067;202.6933;0.0000;117.4290;21.0000
200.3067;202.6933;0.0000;149.4693;28.0000
200.3067;202.6933;0.0000;175.2029;35.0000
200.3067;202.6933;0.0000;191.0298;42.0000
200.3067;202.6933;0.0000;206.4032;49.0000
200.3067;202.6933;0.0000;216.1501;56.0000
200.6133;202.6933;0.0000;226.9769;63.0000
200.6133;202.6933;0.0000;240.0437;70.6933
200.6133;202.6933;0.0000;247.2571;77.6933
200.9200;202.6933;0.0000;259.0172;84.6933
200.9200;202.6933;0.0000;265.4706;91.6933
201.2267;202.3867;0.0000;269.3774;98.6933
201.2267;202.3867;0.0000;276.5241;105.6933
201.5334;202.3867;0.0000;281.3642;112.6933
201.5334;202.0800;0.0000;285.3510;119.6933
201.5334;202.0800;0.0000;291.3509;126.6933
201.8400;202.0800;0.0000;292.0311;133.6933
201.8400;202.0800;0.0000;296.4845;141.0000
202.1467;201.7733;0.0000;299.0978;148.0000
202.1467;201.7733;0.0000;299.0846;155.0000
202.4534;201.4666;0.0000;302.6980;162.0000
202.4534;201.4666;0.0000;304.6980;169.0000
202.4534;201.4666;0.0000;303.4580;176.0000
202.7601;201.1600;0.0000;307.5380;183.0000
202.7601;200.8533;0.0000;307.8447;190.0000
202.7601;200.8533;0.0000;307.9914;197.0000
202.7601;200.5466;0.0000;309.3781;204.0000
202.7601;200.5466;0.0000;308.9114;211.0000
202.7601;200.2399;0.0000;310.0581;218.0000
202.7601;200.2399;0.0000;314.2181;225.0000
202.7601;200.2399;0.0000;311.5916;232.0000
202.7601;199.9332;0.0000;314.8982;239.0000
202.7601;199.9332;0.0000;314.2849;246.0000
202.7601;199.9332;0.0000;313.7383;253.0000
202.7601;199.6265;0.0000;316.4316;260.6933
202.7601;199.6265;0.0000;315.1249;267.6933
202.7601;199.3199;0.0000;314.3516;274.6933
202.7601;199.3199;0.0000;316.7383;281.6933
202.7601;199.3199;0.0000;315.5783;288.6933
202.7601;199.0132;0.0000;317.8050;295.6933
202.7601;199.0132;0.0000;320.9649;302.6933
202.4534;199.0132;0.0000;318.7250;309.6933
202.4534;198.7065;0.0000;320.3384;316.6933
202.4534;198.7065;0.0000;321.4184;324.0000
202.4534;198.7065;0.0000;320.8718;331.0000
202.4534;198.7065;0.0000;322.2584;338.0000
202.4534;198.3999;0.0000;324.0317;345.0000
202.4534;198.3999;0.0000;323.1785;352.0000
202.1467;198.3999;0.0000;325.9518;359.0000
202.1467;198.0932;0.0000;324.1785;366.0000
202.1467;198.0932;0.0000;324.0985;373.0000
202.1467;198.0932;0.0000;326.8718;380.0000
201.8400;198.0932;0.0000;325.0185;387.0000
201.8400;197.7865;0.0000;325.9385;394.0000
201.8400;197.7865;0.0000;327.7918;401.0000
201.5334;197.7865;0.0000;325.7786;408.0000
201.5334;197.7865;0.0000;328.7119;415.0000
201.5334;197.7865;0.0000;329.6319;422.0000
201.5334;197.4799;0.0000;327.1652;429.0000
201.2267;197.4799;0.0000;329.9385;436.0000
201.2267;197.4799;0.0000;327.8586;443.6934
201.2267;197.4799;0.0000;327.0853;450.6933
201.2267;197.4799;0.0000;328.4719;457.6933
201.2267;197.4799;0.0000;326.3120;464.6933
200.9200;197.1732;0.0000;327.6186;471.6933
200.9200;197.1732;0.0000;328.0853;478.6933
200.6133;197.1732;0.0000;326.8453;485.6933
200.6133;197.1732;0.0000;329.3120;492.6933
200.3067;197.1732;0.0000;329.6986;499.6934
200.3067;197.1732;0.0000;327.8453;506.6933
200.3067;197.1732;0.0000;330.5387;514.0000
200.0000;197.1732;0.0000;330.5387;521.0000
200.0000;196.8665;0.0000;329.6855;528.0000
199.6933;196.8665;0.0000;332.1520;535.0000
199.6933;196.1732;0.0000;330.9921;542.0000
199.6933;196.1732;0.0000;332.6054;549.0000
199.3867;196.1732;0.0000;334.7654;556.0000
199.3867;196.1732;0.0000;331.5255;563.0000
199.3867;195.8665;0.0000;333.9121;570.0000
199.0800;195.8665;0.0000;335.3787;577.0000
199.0800;195.8665;0.0000;332.1388;584.0000
198.7733;195.8665;0.0000;333.8321;591.0000
198.7733;195.8665;0.0000;334.2188;598.0000
198.4666;195.8665;0.0000;333.7521;605.0000
198.4666;195.8665;0.0000;335.2188;612.0000
198.1600;195.8665;0.0000;333.7521;619.0000
198.1600;195.8665;0.0000;336.6721;626.6934
198.1600;196.5598;0.0000;339.9121;633.6934
197.8533;196.5598;0.0000;339.9121;640.6934
197.8533;196.5598;0.0000;345.2988;647.6934
197.8533;196.5598;0.0000;347.1520;654.6934
197.5466;196.5598;0.0000;345.2988;661.6934
197.5466;196.5598;0.0000;347.1520;668.6934
197.5466;196.5598;0.0000;348.4587;675.6934
197.2399;196.5598;0.0000;349.3787;682.6934
197.2399;196.5598;0.0000;352.0053;689.6934
196.9332;196.5598;0.0000;351.2320;697.0000
196.9332;196.5598;0.0000;353.1520;704.0000
196.9332;196.5598;0.0000;355.6986;711.0000
196.6266;196.5598;0.0000;354.2320;718.0000
196.6266;196.5598;0.0000;354.9253;725.0000
196.3199;196.8665;0.0000;357.0853;732.0000
196.3199;196.8665;0.0000;355.9253;739.0000
196.3199;196.8665;0.0000;359.0052;746.0000
196.0132;196.8665;0.0000;358.3919;753.0000
196.0132;196.8665;0.0000;355.9253;760.0000
195.7065;196.1732;0.0000;360.3919;767.0000
196.3999;196.1732;0.0000;360.0052;774.0000
196.3999;196.1732;0.0000;359.5387;781.0000
196.0932;196.1732;0.0000;360.6986;788.0000
196.0932;196.1732;0.0000;358.9253;795.0000
196.0932;196.1732;0.0000;361.1520;802.0000
195.3999;196.1732;0.0000;357.1520;809.0000
195.3999;196.1732;0.0000;347.5922;816.6934
195.0932;196.1732;0.0000;341.6589;823.6934
195.0932;196.1732;0.0000;327.8724;830.6934
194.7865;196.1732;0.0000;309.0727;837.6934
194.7865;196.4799;0.0000;275.7931;844.6934
194.0932;195.7865;0.0000;246.0602;1084.6504
194.0932;195.7865;0.0000;249.9002;1091.6504
194.0932;195.7865;0.0000;254.3800;1098.6504
193.7865;195.7865;0.0000;259.5400;1105.6504
193.7865;196.0932;0.0000;260.7667;1112.9570
193.4799;196.0932;0.0000;259.8467;1119.9570
193.4799;196.3999;0.0000;273.2465;1126.9570
193.4799;196.3999;0.0000;287.1131;1133.9570
193.1732;196.3999;0.0000;299.0595;1140.9570
193.1732;196.7065;0.0000;314.4594;1147.9570
193.5598;196.7065;0.0000;318.3127;1155.6504
193.5598;196.7065;0.0000;322.4726;1162.6504
193.5598;196.7065;0.0000;324.7792;1169.6504
193.5598;197.0132;0.0000;323.8592;1176.6504
193.2532;197.0132;0.0000;328.3258;1183.6504
193.2532;197.0132;0.0000;329.6325;1190.6504
192.9465;197.0132;0.0000;330.0992;1197.6504
192.9465;197.3199;0.0000;336.5657;1204.6504
192.9465;197.3199;0.0000;335.8724;1211.6504
192.9465;197.3199;0.0000;339.4190;1218.6504
192.6398;197.3199;0.0000;343.4991;1225.6504
192.6398;197.6266;0.0000;342.1124;1232.6504
192.3331;197.6266;0.0000;347.0456;1239.6504
192.3331;197.6266;0.0000;349.7389;1246.6504
192.3331;197.9332;0.0000;348.1256;1253.6504
192.3331;197.9332;0.0000;351.5123;1260.6504
192.0264;197.9332;0.0000;352.2056;1267.6504
192.0264;198.2399;0.0000;350.5122;1274.6504
192.0264;198.9332;0.0000;354.2856;1281.6504
191.7198;198.9332;0.0000;352.4323;1288.6504
191.7198;199.2399;0.0000;351.8989;1295.6504
191.7198;199.2399;0.0000;355.2056;1302.9570
191.7198;199.2399;0.0000;352.4323;1309.9570
192.1064;199.5466;0.0000;354.5923;1316.9570
192.1064;199.5466;0.0000;357.2856;1323.9570
192.1064;199.5466;0.0000;353.1256;1330.9570
191.7997;199.8533;0.0000;357.2856;1338.6504
191.7997;199.8533;0.0000;357.8989;1345.6504
191.7997;199.8533;0.0000;357.2856;1352.6504
191.4931;200.1600;0.0000;362.0588;1359.6504
191.4931;200.1600;0.0000;359.9789;1366.6504
191.4931;200.4666;0.0000;360.8321;1373.6504
191.1864;200.4666;0.0000;366.9121;1380.6504
191.1864;200.4666;0.0000;363.8321;1387.6504
191.1864;200.7733;0.0000;364.9121;1394.6504
191.8797;200.7733;0.0000;366.6054;1401.6504
191.5730;201.0800;0.0000;362.1388;1408.6504
191.5730;201.3867;0.0000;365.6054;1415.6504
191.5730;201.3867;0.0000;367.2188;1422.6504
191.9597;201.6933;0.0000;366.2988;1429.6504
191.9597;202.0000;0.0000;370.0721;1436.6504
191.9597;201.3067;0.0000;373.1520;1443.6504
191.9597;201.6133;0.0000;375.3120;1450.6504
191.6530;200.9200;0.0000;378.6986;1457.6504
191.6530;201.2267;0.0000;377.6986;1464.6504
192.3464;200.8400;0.0000;379.5519;1471.6504
192.3464;200.8400;0.0000;382.5519;1478.6504
192.3464;200.4534;0.0000;380.1652;1485.9572
192.3464;200.4534;0.0000;384.6319;1492.9570
192.0397;200.7601;3.6801;385.6319;1499.9572
192.0397;200.0668;0.0000;382.9385;1506.9570
192.0397;200.3734;0.0000;386.7119;1513.9570
192.7330;200.3734;0.0000;385.8586;1521.6504
192.7330;199.6801;0.0000;384.3252;1528.6503
192.7330;199.9868;0.0000;387.0185;1535.6504
192.7330;199.6001;3.6801;385.3252;1542.6504
192.7330;198.9068;0.0000;384.4052;1549.6504
193.1196;199.2135;0.0000;387.6319;1556.6504
193.1196;198.8268;0.0000;384.9385;1563.6504
193.1196;199.1335;3.6801;386.7119;1570.6504
193.1196;198.4402;0.0000;387.3252;1577.6503
193.1196;198.7469;0.0000;385.6319;1584.6504
193.1196;198.7469;0.0000;387.4052;1591.6504
193.1196;198.3602;0.0000;387.6319;1598.6504
193.1196;198.3602;0.0000;386.0185;1605.6504
193.1196;198.6669;3.6801;389.4052;1612.6504
193.1196;198.6669;0.0000;387.9385;1619.6504
192.4264;198.2803;0.0000;387.7118;1626.6504
192.4264;198.2803;0.0000;391.7918;1633.6504
192.0397;197.8936;0.0000;387.9385;1640.6504
191.3464;197.8936;3.6801;392.0985;1647.6504
190.6530;197.5069;0.0000;394.4052;1654.6504
189.9597;197.8136;3.6801;395.3252;1661.6504
189.2664;197.1203;0.0000;398.1117;1668.9570
188.5730;196.7336;0.0000;409.1917;1675.9570
187.8797;196.3470;0.0000;417.3649;1682.9572
187.1864;196.3470;0.0000;429.0714;1689.9570
187.1864;195.9604;0.0000;433.1513;1696.9570
186.4931;195.9604;0.0000;436.3913;1703.9570
186.4931;196.2670;0.0000;441.0846;1711.6504
185.7997;196.2670;0.0000;436.9247;1718.6504
186.1064;196.5737;0.0000;439.6980;1725.6504
186.1064;196.5737;0.0000;442.0046;1732.6504
186.1064;196.8804;0.0000;437.9247;1739.6504
186.1064;197.1871;0.0000;442.0046;1746.6504
186.1064;197.1871;0.0000;441.5380;1753.6504
185.7197;197.1871;0.0000;440.3113;1760.6504
185.7197;197.4937;0.0000;444.0046;1767.6504
185.7197;197.4937;0.0000;441.5380;1774.6504
185.0264;197.4937;0.0000;443.0046;1781.6504
184.6398;197.8004;0.0000;447.0047;1788.6504
184.6398;197.8004;0.0000;444.3113;1795.6504
183.9465;198.1071;0.0000;446.6980;1802.6504
183.2532;198.1071;3.6801;450.3913;1809.6504
182.5598;198.4137;0.0000;447.7780;1816.6504
182.5598;198.7204;0.0000;452.1645;1823.6504
182.1732;198.7204;0.0000;455.5513;1830.6504
181.4799;198.7204;0.0000;454.9379;1837.6504
180.7865;198.3338;0.0000;459.3246;1844.6504
180.3999;198.3338;3.6801;459.9379;1851.9570
179.0132;198.3338;0.0000;462.0978;1858.9570
178.3199;198.6404;0.0000;468.5645;1865.9573
177.6266;198.6404;0.0000;468.8711;1872.9570
176.9332;198.9471;0.0000;474.4977;1879.9570
177.2399;198.9471;0.0000;481.2710;1886.9570
176.5466;199.2538;0.0000;480.3509;1894.6504
175.8533;199.2538;0.0000;483.8176;1901.6504
176.1600;200.2538;0.0000;486.4310;1908.6504
175.4666;200.2538;0.0000;483.7376;1915.6504
175.0800;200.9471;0.0000;488.2043;1922.6504
175.0800;201.2538;0.0000;487.3509;1929.6504
174.6933;201.9471;0.0000;487.3509;1936.6504
174.0000;202.2538;0.0000;491.4310;1943.6504
173.3067;202.9471;0.0000;489.9644;1950.6504
172.9200;203.2538;0.0000;490.0443;1957.6504
172.2267;203.9471;0.0000;493.3509;1964.6504
172.2267;204.2538;0.0000;491.2710;1971.6504
171.8400;204.9471;0.0000;493.3509;1978.6504
171.1467;204.9471;0.0000;493.5777;1985.6504
171.4534;205.9471;0.0000;490.9644;1992.6504
171.4534;205.9471;0.0000;493.9644;1999.6504
170.7601;206.9471;0.0000;493.1910;2006.6504
171.0668;206.9471;0.0000;491.8843;2013.6504
171.0668;207.9471;0.0000;496.9644;2020.6504
170.3734;208.6404;0.0000;492.8044;2027.6504
170.6801;208.9471;0.0000;493.8843;2034.6504
170.9868;209.6404;0.0000;496.8844;2041.9570
170.9868;210.6404;0.0000;493.1111;2048.9573
170.6001;210.6404;0.0000;495.5777;2055.9570
170.6001;211.3338;0.0000;496.4977;2062.9570
170.9068;211.3338;0.0000;493.8044;2069.9570
170.9068;212.3338;0.0000;496.8044;2077.6504
170.9068;213.0271;0.0000;496.7244;2084.6504
170.9068;213.0271;0.0000;495.1111;2091.6504
171.2135;214.0271;0.0000;498.8044;2098.6504
171.2135;214.7204;0.0000;495.9512;2105.6504
171.5201;215.7204;0.0000;495.7244;2112.6504
170.8268;216.4137;0.0000;496.9644;2119.6504
171.1335;216.4137;0.0000;495.5645;2126.6504
171.1335;217.1071;0.0000;498.7244;2133.6504
171.4402;217.8004;0.0000;499.9511;2140.6504
171.4402;218.1071;0.0000;496.2577;2147.6504
171.7468;218.8004;0.0000;499.0311;2154.6504
171.7468;219.4937;0.0000;499.1778;2161.6504
172.0536;219.4937;0.0000;497.8711;2168.6504
171.3602;220.1871;0.0000;501.2577;2175.6504
171.6669;220.8804;0.0000;499.4045;2182.6504
171.6669;221.5737;0.0000;499.5645;2189.6504
171.2802;222.5737;0.0000;502.5645;2196.6504
171.2802;223.2670;0.0000;499.7912;2203.6504
171.5869;223.9604;0.0000;501.5645;2210.6504
171.5869;224.6537;0.0000;503.8712;2217.6504
171.8936;225.3470;0.0000;500.0978;2224.9570
171.8936;225.3470;0.0000;502.1778;2231.9570
172.2003;226.0403;0.0000;503.0978;2238.9573
172.2003;226.7336;0.0000;501.0978;2245.9570
172.5069;227.4270;0.0000;504.5645;2252.9570
172.8136;227.4270;0.0000;503.7112;2259.9570
172.8136;228.1203;8.3199;503.7112;2267.6504
173.1203;228.8136;0.0000;508.5645;2274.6504
173.4270;228.8136;0.0000;501.6312;2281.6504
173.7336;229.5069;0.0000;503.7112;2288.6504
174.4270;230.2003;0.0000;506.4045;2295.6504
174.7336;230.2003;0.0000;503.6312;2302.6504
174.7336;231.2003;0.0000;506.4845;2309.6504
175.7336;231.8936;0.0000;507.7112;2316.6504
175.7336;232.5869;0.0000;505.0179;2323.6504
176.7336;233.2802;0.0000;509.4845;2330.6504
177.7336;233.9736;0.0000;507.3246;2337.6504
177.7336;234.6669;0.0000;506.7112;2344.6504
178.7336;235.3602;0.0000;512.1778;2351.6504
179.7336;235.3602;0.0000;509.4045;2358.6504
180.0403;236.0536;0.0000;510.0978;2365.6504
180.7336;236.7469;0.0000;513.4845;2372.6504
181.0403;237.4402;0.0000;511.0978;2379.6504
182.0403;238.1335;0.0000;514.9512;2386.6504
183.0403;238.8268;0.0000;517.5645;2393.6504
183.0403;239.5201;0.0000;514.8712;2400.6504
184.0403;240.2135;0.0000;519.0311;2407.9570
184.7336;240.9068;0.0000;519.2577;2414.9570
185.0403;240.9068;0.0000;518.0311;2421.9573
185.7336;241.6001;0.0000;523.4178;2428.9570
186.7336;242.2935;0.0000;519.9512;2435.9570
187.0403;242.2935;0.0000;520.7244;2442.9570
188.0403;242.9868;0.0000;524.4178;2450.6504
188.3470;242.6801;0.0000;520.2577;2457.6504
189.0403;243.3734;0.0000;523.7244;2464.6504
189.3470;244.0668;0.0000;523.7244;2471.6504
190.0403;244.0668;0.0000;521.6444;2478.6504
190.3470;244.7601;0.0000;524.7244;2485.6504
191.3470;244.7601;0.0000;524.2578;2492.6504
191.6537;245.1467;0.0000;522.6445;2499.6504
192.3470;245.8400;0.0000;526.3377;2506.6504
193.3470;245.8400;0.0000;522.8712;2513.6504
193.3470;246.5334;0.0000;523.0311;2520.6504
194.3470;246.5334;0.0000;527.6445;2527.6504
194.3470;247.2267;0.0000;522.5645;2534.6504
195.3470;246.9200;0.0000;526.3377;2541.6504
195.6537;247.6133;0.0000;526.9512;2548.6504
196.6537;247.6133;0.0000;523.9512;2555.6504
196.6537;248.3067;0.0000;526.0311;2562.6504
197.6537;248.0000;0.0000;526.1778;2569.6504
198.3470;248.0000;0.0000;524.5645;2576.6504
198.6537;248.6933;0.0000;528.2577;2583.6504
199.6537;248.6933;0.0000;523.3377;2590.6504
199.9604;249.0800;0.0000;527.1778;2597.9570
200.6537;249.0800;0.0000;530.5645;2604.9570
200.9604;249.0800;0.0000;525.7911;2611.9570
201.6537;249.4666;0.0000;526.9512;2618.9570
201.9604;249.4666;0.0000;530.1778;2625.9570
202.9604;250.1600;0.0000;525.7112;2633.6504
203.6537;249.8533;0.0000;528.7911;2640.6504
203.9604;250.5466;0.0000;529.0978;2647.6504
204.6537;250.5466;0.0000;527.4045;2654.6504
205.6537;250.9332;0.0000;531.0978;2661.6504
206.6537;250.6266;0.0000;528.0178;2668.6504
206.9604;250.6266;0.0000;528.7911;2675.6504
207.6537;251.3199;0.0000;531.7911;2682.6504
208.6537;251.0132;0.0000;528.0178;2689.6504
208.6537;251.0132;0.0000;528.7911;2696.6504
209.6537;250.7065;0.0000;531.7911;2703.6504
210.6537;251.3999;0.0000;528.0178;2710.6504
210.6537;251.0932;0.0000;531.7911;2717.6504
211.3470;251.0932;0.0000;532.4045;2724.6504
212.3470;251.0932;0.0000;529.7112;2731.6504
212.6537;250.7865;0.0000;532.4845;2738.6504
213.3470;251.4799;0.0000;530.6312;2745.6504
214.3470;251.4799;0.0000;531.0179;2752.6504
215.0403;251.1732;0.0000;534.7112;2759.6504
216.0403;250.8665;0.0000;531.8579;2766.6504
216.7336;250.8665;0.0000;533.3246;2773.6504
217.7336;250.8665;0.0000;534.6312;2780.9570
218.4270;250.5598;0.0000;531.8579;2787.9570
219.4270;250.5598;0.0000;534.2445;2794.9573
220.1203;250.2532;0.0000;535.5513;2801.9570
221.1203;250.2532;0.0000;533.1645;2808.9570
221.1203;249.9465;0.0000;537.5513;2815.9570
222.1203;249.2532;0.0000;536.0846;2823.6504
223.1203;248.9465;0.0000;534.0846;2830.6504
223.8136;248.9465;0.0000;539.1645;2837.6504
224.5069;248.6398;0.0000;536.6979;2844.6504
225.5069;248.6398;0.0000;537.7780;2851.6504
226.2003;248.3331;0.0000;541.7780;2858.6504
227.2003;248.3331;0.0000;538.3113;2865.6504
227.8936;248.0264;0.0000;542.3913;2872.6504
229.5869;248.0264;3.6801;542.6980;2879.6504
230.2802;247.7197;0.0000;540.6979;2886.6504
231.2802;247.7197;3.6801;545.3913;2893.6504
231.9736;247.7197;0.0000;543.9247;2900.6504
232.9736;247.4131;0.0000;541.3913;2907.6504
232.9736;246.4131;0.0000;546.3913;2914.6504
233.9736;246.4131;0.0000;543.8447;2921.6504
234.9736;246.1064;0.0000;542.6980;2928.6504
235.6669;246.1064;0.0000;548.0046;2935.6504
235.9736;245.7997;0.0000;543.8447;2942.6504
236.6669;244.7997;3.6801;547.6979;2949.6504
237.6669;244.4931;0.0000;548.9247;2956.6504
237.9736;244.4931;3.6801;546.2314;2963.9570
238.6669;243.4930;0.0000;549.5380;2970.9570
239.3603;243.1864;0.0000;549.4580;2977.9570
240.3603;243.1864;0.0000;547.2313;2984.9570
240.6669;242.1864;0.0000;550.3113;2991.9570
241.3603;241.8797;3.6801;547.4581;2998.9573
242.3602;240.8797;0.0000;546.3913;3006.6504
242.3602;240.8797;0.0000;555.1513;3013.6504
243.0536;239.8797;0.0000;547.3113;3020.6504
243.7469;239.8797;0.0000;552.3113;3027.6504
244.7468;238.8797;0.0000;555.3113;3034.6504
245.0535;238.5730;0.0000;551.2313;3041.6504
245.7468;237.5730;0.0000;554.6179;3048.6504
246.7468;237.2664;0.0000;556.5380;3055.6504
247.4402;236.2664;0.0000;553.2313;3062.6504
247.4402;236.2664;0.0000;557.9247;3069.6504
248.1335;235.2664;0.0000;555.1513;3076.6504
248.8268;234.2664;0.0000;557.3113;3083.6504
249.8268;233.9597;0.0000;561.6979;3090.6504
249.8268;232.9597;0.0000;558.9247;3097.6504
250.8268;232.9597;0.0000;562.0846;3104.6504
251.5201;231.9597;0.0000;564.0846;3111.6504
252.2135;231.6530;0.0000;559.3113;3118.6504
252.9068;230.9597;0.0000;564.1646;3125.6504
253.2135;230.6530;0.0000;564.6980;3132.6504
253.9068;229.6530;0.0000;563.0846;3139.6504
254.9068;228.6530;0.0000;567.5513;3146.6504
255.6001;227.6530;0.0000;565.0846;3153.9570
255.6001;226.6530;0.0000;566.8580;3160.9570
256.2935;226.3464;0.0000;570.6312;3167.9570
256.2935;225.6530;0.0000;567.7780;3174.9570
256.9868;224.6530;0.0000;569.8579;3181.9573
257.6801;223.6530;0.0000;571.9379;3189.6504
257.9868;222.6530;0.0000;567.4713;3196.6504
258.6801;222.3464;0.0000;569.6312;3203.6504
259.6801;221.3464;0.0000;572.1646;3210.6504
260.3734;220.3464;0.0000;567.4713;3217.6504
261.0668;219.3464;0.0000;572.2445;3224.6504
261.7601;218.6530;0.0000;569.8579;3231.6504
261.7601;218.3464;0.0000;569.8579;3238.6504
262.4534;217.3464;8.3199;575.6312;3245.6504
263.1468;216.3464;0.0000;570.1646;3252.6504
263.1468;215.3464;8.3199;571.8579;3259.6504
263.8400;214.3464;8.3199;575.1646;3266.6504
263.8400;212.6530;0.0000;571.0846;3273.6504
264.5334;211.6530;8.3199;573.8580;3280.6504
264.5334;210.6530;0.0000;574.4713;3287.6504
265.2267;209.9597;0.0000;570.7780;3294.6504
265.2267;208.9597;8.3199;574.1646;3301.6504
265.2267;207.9597;8.3199;574.6979;3308.6504
265.2267;206.9597;0.0000;571.0846;3315.6504
265.9200;206.2664;0.0000;576.8579;3322.6504
265.9200;205.2664;0.0000;572.6179;3329.6504
265.9200;205.2664;0.0000;566.8447;3336.9570
266.6133;204.2664;0.0000;581.9379;3343.9570
266.6133;203.2664;0.0000;577.4713;3350.9570
266.6133;202.2664;0.0000;580.0179;3357.9570
267.3067;201.5730;0.0000;581.8580;3364.9573
267.3067;200.5730;0.0000;577.8580;3372.6504
267.3067;198.8797;0.0000;581.6312;3379.6504
267.3067;198.1864;0.0000;580.5513;3386.6504
267.3067;197.1864;0.0000;579.5513;3393.6504
267.3067;196.4931;0.0000;582.9379;3400.6504
268.0000;195.4931;0.0000;580.4713;3407.6504
267.6933;194.7997;0.0000;580.8579;3414.6504
267.6933;193.7997;0.0000;583.5513;3421.6504
267.6933;192.7997;0.0000;579.7780;3428.6504
267.6933;192.1064;0.0000;582.1645;3435.6504
267.6933;191.1064;0.0000;584.4713;3442.6504
267.6933;190.1064;0.0000;579.7780;3449.6504
267.0000;190.1064;0.0000;582.5513;3456.6504
267.0000;189.1064;0.0000;583.7780;3463.6504
266.6933;188.1064;0.0000;580.7780;3470.6504
266.6933;187.4131;3.6801;583.1646;3477.6504
266.6933;186.7197;0.0000;582.3113;3484.6504
266.6933;185.0264;3.6801;581.7780;3491.6504
266.0000;184.3331;0.0000;583.0179;3498.6504
266.0000;183.3331;0.0000;582.3113;3505.6504
266.0000;182.6398;0.0000;583.0846;3512.6504
265.0000;181.9465;0.0000;586.0846;3519.9570
265.0000;180.9465;0.0000;582.5380;3526.9570
265.0000;180.2532;0.0000;585.0846;3533.9570
264.6933;179.2532;0.0000;585.3113;3540.9570
264.6933;178.5598;0.0000;582.3113;3547.9570
264.6933;177.5598;0.0000;586.4713;3554.9573
264.3867;176.8665;0.0000;584.9247;3562.6504
264.3867;175.8665;0.0000;584.3113;3569.6504
264.3867;175.1732;0.0000;586.6979;3576.6504
264.3867;174.4799;0.0000;584.2314;3583.6504
264.3867;173.4799;0.0000;585.3113;3590.6504
264.0800;172.0932;0.0000;587.0046;3597.6504
263.3867;171.3999;0.0000;583.2314;3604.6504
263.3867;170.3999;0.0000;586.0046;3611.6504
262.6933;169.7065;0.0000;586.2314;3618.6504
262.3867;168.7065;0.0000;583.2314;3625.6504
261.6933;168.0132;0.0000;587.3913;3632.6506
261.6933;167.7065;0.0000;584.9247;3639.6504
260.6933;167.0132;0.0000;583.8447;3646.6504
260.6933;166.0132;0.0000;585.2445;3653.6504
260.6933;165.3199;0.0000;585.1513;3660.6504
260.0000;164.6266;0.0000;583.9247;3667.6504
260.0000;163.6266;0.0000;588.2314;3674.6504
259.6933;163.6266;0.0000;584.1513;3681.6504
259.0000;162.6266;0.0000;586.6180;3688.6506
258.6933;161.9332;8.3199;586.2314;3695.6504
258.6933;161.9332;0.0000;583.2314;3702.6504
258.6933;160.9332;0.0000;586.9247;3709.9570
257.6933;160.2399;0.0000;585.5380;3716.9570
257.6933;159.2399;0.0000;583.5380;3723.9570
257.0000;158.5466;0.0000;588.0046;3730.9570
256.6933;157.5466;0.0000;584.1513;3737.9573
256.0000;156.8533;0.0000;583.5380;3745.6504
256.0000;155.8533;0.0000;586.5380;3752.6504
255.0000;155.1600;0.0000;583.0714;3759.6504
255.0000;154.1600;0.0000;585.6180;3766.6504
254.0000;153.4666;0.0000;585.8447;3773.6504
254.0000;153.1600;0.0000;583.1513;3780.6504
253.6933;152.4666;0.0000;585.8447;3787.6504
253.0000;151.4666;0.0000;585.3781;3794.6504
253.0000;151.4666;0.0000;583.1513;3801.6504
253.0000;150.4666;0.0000;586.2314;3808.6504
252.6933;150.4666;0.0000;582.3781;3815.6504
252.0000;149.4666;0.0000;582.1513;3822.6504
252.0000;149.4666;0.0000;586.2314;3829.6504
251.6933;148.4666;0.0000;582.0714;3836.6504
251.0000;148.4666;0.0000;584.1513;3843.6504
251.0000;147.4666;0.0000;585.3781;3850.6504
250.0000;146.7733;0.0000;580.9914;3857.6504
249.3067;146.4666;0.0000;584.4581;3864.6504
248.3067;145.7733;0.0000;583.9914;3871.6506
247.6133;144.7733;0.0000;582.0714;3878.6504
246.6133;144.7733;0.0000;584.7648;3885.6504
246.6133;144.0800;0.0000;581.9114;3892.9570
245.9200;143.7733;0.0000;582.3781;3899.9570
245.9200;143.0800;0.0000;585.3781;3906.9570
245.2267;142.7733;0.0000;581.2181;3913.9570
244.2267;142.0800;0.0000;582.6848;3920.9570
244.2267;141.7733;0.0000;585.3781;3928.6504
243.2267;141.7733;0.0000;580.5248;3935.6504
242.5334;141.0800;0.0000;583.9914;3942.6504
241.8400;141.0800;0.0000;582.5248;3949.6504
241.5334;140.0800;0.0000;581.2181;3956.6506
240.8400;139.7733;0.0000;584.6848;3963.6504
239.8400;139.0800;0.0000;581.1381;3970.6504
238.4534;138.7733;0.0000;581.9114;3977.6504
237.7601;138.0800;0.0000;585.9914;3984.6504
236.7601;137.3867;0.0000;581.1381;3991.6504
236.0668;136.3867;0.0000;583.2981;3998.6504
234.3734;135.6933;0.0000;584.6047;4005.6504
232.9868;134.6933;0.0000;580.4448;4012.6504
231.9868;134.0000;0.0000;583.9114;4019.6504
230.6001;133.0000;0.0000;583.1381;4026.6504
229.6001;132.3067;0.0000;580.1381;4033.6504
228.2135;132.3067;0.0000;584.5248;4040.6504
227.2135;131.3067;0.0000;581.0581;4047.6504
226.5201;131.3067;0.0000;580.5248;4054.6506
225.5201;130.3067;0.0000;584.9114;4061.6504
224.8268;130.3067;0.0000;581.0581;4068.6504
223.8268;130.3067;0.0000;580.8315;4075.9570
223.1335;130.0000;0.0000;584.2181;4082.9570
222.4402;129.3067;0.0000;579.3649;4089.9570
221.4402;129.3067;0.0000;583.6047;4096.9570
220.7468;129.0000;0.0000;581.4448;4103.9570
220.0536;128.3067;0.0000;579.4448;4110.9570
219.0536;128.3067;0.0000;583.9114;4118.6504
218.3602;127.3067;0.0000;581.4448;4125.6504
217.3602;127.3067;0.0000;579.4448;4132.6504
216.3602;127.0000;0.0000;584.2181;4139.6504
215.6669;126.3067;0.0000;579.0581;4146.6504
214.9736;126.3067;0.0000;580.1381;4153.6504
213.9736;125.6133;0.0000;583.1381;4160.6504
212.5869;125.3067;0.0000;579.6715;4167.6504
211.5869;124.6133;0.0000;581.1381;4174.6504
210.5869;124.3067;0.0000;581.1381;4181.6504
209.2003;123.6133;0.0000;578.4448;4188.6504
208.5069;123.6133;0.0000;581.1381;4195.6504
206.8136;123.6133;0.0000;581.7515;4202.6504
206.1203;122.6133;3.6801;579.0581;4209.6504
204.4270;122.6133;0.0000;582.8315;4216.6504
202.7336;121.9200;0.0000;579.6715;4223.6504
201.3470;121.6133;0.0000;579.1381;4230.6504
199.6537;120.9200;0.0000;582.5248;4237.6504
198.2670;120.9200;0.0000;579.3649;4244.6504
196.5737;119.9200;0.0000;582.2181;4251.6504
195.1871;119.2267;3.6801;584.9114;4258.6504
193.4937;119.2267;0.0000;581.1381;4265.9570
192.1071;118.2267;3.6801;584.6047;4272.9570
190.4137;118.2267;0.0000;585.9115;4279.9570
189.7204;117.5334;0.0000;583.2981;4286.9570
188.0271;117.5334;0.0000;586.6848;4293.9570
186.6404;117.2267;0.0000;583.9114;4301.6504
184.9471;116.5334;0.0000;585.9914;4308.6504
183.9471;116.5334;0.0000;588.0714;4315.6504
182.5605;116.5334;3.6801;585.2181;4322.6504
181.5605;116.2267;0.0000;587.0714;4329.6504
180.8672;115.5334;0.0000;588.7648;4336.6504
179.1739;115.2267;0.0000;585.8315;4343.6504
178.1739;115.2267;0.0000;588.4581;4350.6504
177.4805;115.2267;0.0000;588.9914;4357.6504
176.4805;115.2267;0.0000;586.6848;4364.6504
175.4805;114.9200;0.0000;589.4581;4371.6504
174.4805;114.9200;0.0000;586.9914;4378.6504
173.4805;114.9200;0.0000;586.5380;4385.6504
173.4805;114.9200;0.0000;590.1513;4392.6504
172.4805;114.9200;0.0000;587.0714;4399.6504
171.4805;115.6133;0.0000;587.2314;4406.6504
171.1738;115.6133;0.0000;589.5380;4413.6504
170.1739;115.6133;0.0000;585.3781;4420.6504
169.8672;116.3067;0.0000;588.9246;4427.6504
168.8672;116.0000;0.0000;588.8447;4434.6504
168.1739;116.6933;0.0000;586.8447;4441.6504
167.8672;116.6933;0.0000;591.2314;4448.9570
166.8672;116.6933;0.0000;588.4581;4455.9570
166.5605;117.3867;0.0000;588.1513;4462.9570
165.5605;117.3867;0.0000;591.6180;4469.9570
164.2538;118.0800;0.0000;588.1513;4476.9570
163.9471;118.7733;0.0000;588.0046;4484.6504
162.9471;118.7733;0.0000;590.3913;4491.6504
162.6404;119.4666;0.0000;587.3113;4498.6504
161.6404;120.1600;0.0000;589.7780;4505.6504
161.3338;120.8533;0.0000;590.3913;4512.6504
160.3338;121.2399;0.0000;588.7780;4519.6504
160.0271;121.9332;0.0000;591.4713;4526.6504
159.0271;122.6266;0.0000;588.7780;4533.6504
158.0271;123.3199;0.0000;589.4713;4540.6504
157.3338;124.0132;0.0000;590.9379;4547.6504
157.0271;124.7065;0.0000;588.7780;4554.6504
156.0271;125.3999;0.0000;588.5513;4561.6504
155.0271;125.3999;0.0000;590.6312;4568.6504
154.0271;126.0932;0.0000;588.7780;4575.6504
153.0271;126.7865;0.0000;590.6312;4582.6504
152.3338;127.7865;0.0000;590.6312;4589.6504
151.3338;128.4799;0.0000;587.6312;4596.6504
151.0271;129.8665;0.0000;591.0178;4603.6504
150.3338;130.2532;0.0000;590.0179;4610.6504
149.3338;130.9464;0.0000;588.6312;4617.6504
148.6404;131.6398;0.0000;593.4845;4624.6504
148.3338;132.3331;0.0000;589.9379;4631.9570
147.3338;133.0264;0.0000;590.0978;4638.9570
147.0271;133.0264;0.0000;593.4845;4645.9570
146.3338;133.7198;0.0000;588.3246;4652.9570
146.0271;134.4131;0.0000;592.1778;4659.9570
145.0271;134.4131;0.0000;593.0978;4666.9570
144.3338;135.1064;0.0000;589.7112;4674.6504
144.0271;135.7997;0.0000;592.4845;4681.6504
143.0271;136.4931;0.0000;592.7911;4688.6504
142.0271;136.4931;0.0000;588.7911;4695.6504
141.3338;137.1864;0.0000;593.5645;4702.6504
140.3338;137.8797;0.0000;589.7112;4709.6504
140.3338;138.5730;0.0000;590.8712;4716.6504
139.3338;139.5730;0.0000;594.2577;4723.6504
138.3338;140.2664;0.0000;589.7112;4730.6504
138.3338;140.9597;0.0000;590.9512;4737.6504
137.3338;141.6530;0.0000;593.6444;4744.6504
136.6404;141.6530;0.0000;587.8712;4751.6504
135.6404;142.3464;0.0000;592.0311;4758.6504
135.3338;143.0397;0.0000;592.3377;4765.6504
134.6404;143.7329;0.0000;590.9512;4772.6504
133.6404;144.7330;0.0000;592.4178;4779.6504
132.6404;144.7330;0.0000;590.3377;4786.6504
131.9471;145.4263;0.0000;589.8043;4793.6504
131.6404;146.1196;0.0000;594.1111;4800.6504
130.9471;146.8129;0.0000;590.3377;4807.6504
129.9471;148.1996;0.0000;591.1910;4814.6504
128.9471;148.8929;0.0000;592.4977;4821.9570
127.9471;149.8929;0.0000;589.7244;4828.9570
127.6404;151.2796;0.0000;591.5777;4835.9570
126.9471;152.2796;0.0000;592.4977;4842.9570
125.9471;153.6662;0.0000;588.8844;4849.9570
124.9471;154.3596;0.0000;591.6577;4857.6504
123.9471;155.0529;0.0000;590.1910;4864.6504
123.2538;155.7462;0.0000;589.9644;4871.6504
122.2538;156.7462;0.0000;592.0443;4878.6504
121.9471;157.4395;0.0000;590.2710;4885.6504
120.9471;158.1328;0.0000;589.6577;4892.6504
120.6404;158.8261;0.0000;592.0443;4899.6504
119.6404;159.8261;0.0000;589.2710;4906.6504
119.3338;161.2128;0.0000;591.4310;4913.6504
118.3338;161.9061;0.0000;592.0443;4920.6504
118.0271;162.9061;0.0000;589.0443;4927.6504
117.0271;163.5995;0.0000;592.5110;4934.6504
117.0271;164.2928;0.0000;592.0443;4941.6504
116.0271;165.2928;0.0000;590.4310;4948.6504
115.7204;165.9861;0.0000;593.8976;4955.6504
115.0271;167.3728;0.0000;590.4310;4962.6504
114.7204;168.0661;0.0000;590.8176;4969.6504
113.7204;169.0661;0.0000;593.2043;4976.6504
113.7204;169.7594;0.0000;590.7377;4983.6504
112.7204;170.7594;0.0000;592.5909;4990.6504
112.4137;170.7594;0.0000;593.2043;4997.6504
112.1071;171.7594;0.0000;590.5110;5004.9570
112.1071;173.1461;0.0000;592.6709;5011.9570
111.8004;173.8394;0.0000;591.8976;5018.9570
111.4937;174.8394;0.0000;589.9775;5025.9570
111.4937;174.8394;0.0000;593.7509;5032.9570
110.4937;176.5327;0.0000;589.5909;5040.6504
110.1871;176.5327;0.0000;590.0576;5047.6504
109.1871;177.5327;0.0000;592.7509;5054.6504
109.1871;178.5327;0.0000;589.8975;5061.6504
108.8804;179.2260;0.0000;591.1375;5068.6504
107.8804;180.2260;0.0000;592.0576;5075.6504
107.5737;180.5327;0.0000;589.3641;5082.6504
107.2671;181.2260;0.0000;591.2175;5089.6504
106.9604;181.5327;0.0000;592.1375;5096.6504
106.6537;182.2260;0.0000;589.8308;5103.6504
106.3470;182.5327;0.0000;593.6841;5110.6504
107.0403;183.5327;0.0000;591.8308;5117.6504
106.7336;183.5327;0.0000;591.9907;5124.6504
106.7336;184.2260;0.0000;597.1508;5131.6504
106.4269;185.2260;0.0000;594.6841;5138.6504
105.4269;185.9193;0.0000;597.9240;5145.6504
105.4269;186.2260;0.0000;600.6174;5152.6504
105.1203;187.2260;0.0000;595.5374;5159.6504
104.8136;187.9193;0.0000;599.3906;5166.6504
104.8136;188.9193;0.0000;601.2307;5173.6504
104.5069;189.6127;0.0000;599.0840;5180.6504
104.5069;190.6127;0.0000;603.2440;5187.9570
104.2003;190.9193;0.0000;603.5505;5194.9570
104.2003;191.6127;0.0000;605.0172;5201.9570
104.2003;192.3060;0.0000;610.8705;5208.9570
104.5869;193.3060;0.0000;607.7106;5215.9570
104.5869;193.9993;0.0000;607.8037;5222.9570
104.2803;194.9993;0.0000;612.2571;5230.6504
104.2803;195.6927;0.0000;605.3239;5237.6504
104.6669;196.6927;0.0000;611.9504;5244.6504
104.3602;197.6927;0.0000;609.4838;5251.6504
104.3602;198.6927;0.0000;605.7905;5258.6504
104.0536;199.3860;0.0000;610.3370;5265.6504
104.0536;199.6927;0.0000;608.2571;5272.6504
104.0536;200.6927;0.0000;608.7238;5279.6504
103.7468;201.3860;0.0000;615.1903;5286.6504
104.4402;202.3860;0.0000;613.1104;5293.6504
104.4402;203.0793;0.0000;614.9636;5300.6504
104.1335;204.0793;0.0000;617.9636;5307.6504
104.1335;204.7726;0.0000;615.1903;5314.6504
103.8268;205.7726;0.0000;619.0436;5321.6504
103.5201;206.7726;0.0000;619.0436;5328.6504
103.5201;207.4660;0.0000;616.3503;5335.6504
103.5201;208.4660;0.0000;620.4302;5342.6504
103.9068;209.4660;0.0000;618.6569;5349.6504
103.9068;210.8526;0.0000;617.7369;5356.6504
103.9068;211.8526;0.0000;621.5103;5363.6504
103.9068;212.5460;0.0000;618.3503;5370.9570
104.2935;213.5460;0.0000;617.8170;5377.9570
104.2935;214.2393;0.0000;621.5103;5384.9570
103.9868;215.2393;0.0000;619.0436;5391.9570
103.6801;216.2393;0.0000;620.8969;5398.9570
103.6801;216.9326;0.0000;623.8170;5405.9570
103.3735;217.9326;0.0000;619.5902;5413.6504
103.0668;218.9326;0.0000;623.6702;5420.6504
103.0668;219.6259;0.0000;623.2036;5427.6504
102.7601;220.6259;0.0000;621.9769;5434.6504
102.7601;221.6259;0.0000;626.0568;5441.6504
103.4534;222.3192;0.0000;623.8969;5448.6504
103.8400;223.3192;0.0000;623.3635;5455.6504
104.2267;224.3192;0.0000;626.5234;5462.6504
104.9200;225.3192;0.0000;623.9769;5469.6504
105.3067;226.7059;0.0000;627.1368;5476.6504
106.0000;227.7059;0.0000;626.5234;5483.6504
106.3867;228.7059;0.0000;625.3635;5490.6504
107.0800;229.3992;0.0000;626.8301;5497.6504
106.7733;230.3992;0.0000;629.0568;5504.6504
107.4666;231.3992;0.0000;627.2167;5511.6504
107.8533;231.7059;0.0000;632.7634;5518.6504
107.5466;232.3992;0.0000;631.2968;5525.6504
108.2399;233.3992;0.0000;633.4567;5532.6504
108.2399;234.3992;0.0000;637.2300;5539.6504
108.2399;235.3992;0.0000;633.4567;5546.6504
107.9332;236.3992;0.0000;636.6166;5553.6504
107.9332;236.7059;0.0000;638.3099;5560.9570
108.3199;238.0925;0.0000;634.8433;5567.9570
108.7065;239.0925;0.0000;640.0034;5574.9570
109.3999;240.0925;0.0000;640.6166;5581.9570
109.3999;241.0925;0.0000;637.9234;5588.9570
110.0932;241.3992;0.0000;641.7766;5596.6504
110.4799;242.0925;0.0000;637.9234;5603.6504
110.4799;242.3992;0.0000;639.0833;5610.6504
110.8665;243.3992;0.0000;642.8566;5617.6504
110.8665;243.7059;0.0000;638.3099;5624.6504
111.5598;244.7059;0.0000;641.7766;5631.6504
111.5598;244.7059;0.0000;643.1633;5638.6504
111.5598;245.7059;0.0000;638.3099;5645.6504
112.2532;246.0125;0.0000;640.8566;5652.6504
112.2532;246.7059;0.0000;641.7766;5659.6504
112.9464;247.0125;0.0000;638.7766;5666.6504
112.6398;248.0125;0.0000;642.0166;5673.6504
112.6398;248.7059;0.0000;640.8566;5680.6504
113.3331;249.0125;0.0000;640.2433;5687.6504
114.0264;250.0125;0.0000;642.9365;5694.6504
114.0264;251.0125;0.0000;641.1633;5701.6504
114.7197;251.0125;0.0000;640.6299;5708.6504
114.4131;252.0125;0.0000;643.6299;5715.6504
115.1064;252.3192;0.0000;640.8566;5722.6504
115.1064;253.3192;0.0000;642.6299;5729.6504
115.1064;253.6259;0.0000;640.4832;5736.6504
115.7997;253.9326;0.0000;640.2433;5743.9570
115.7997;254.9326;0.0000;643.0166;5750.9570
115.7997;255.2393;0.0000;641.2432;5757.9570
116.4931;256.2393;0.0000;640.3232;5764.9570
116.4931;256.5460;0.0000;644.0966;5771.9570
117.1864;257.5460;0.0000;641.2432;5778.9570
117.1864;258.5460;0.0000;641.3232;5786.6504
117.8797;258.8526;0.0000;644.0166;5793.6504
117.5731;259.8526;3.6801;640.5499;5800.6504
118.2664;260.1593;0.0000;643.4031;5807.6504
118.2664;261.1593;3.6801;643.3232;5814.6504
118.9597;261.4660;0.0000;640.6299;5821.6504
118.9597;262.4660;0.0000;643.4832;5828.6504
118.9597;262.7726;0.0000;642.3232;5835.6504
119.6530;263.7726;3.6801;641.7098;5842.6504
119.6530;264.0793;0.0000;645.4832;5849.6504
119.6530;265.0793;3.6801;641.3232;5856.6504
120.3464;265.3860;0.0000;640.8698;5863.6504
120.3464;266.3860;0.0000;644.1765;5870.6504
121.0397;266.6927;0.0000;640.7098;5877.6504
121.0397;267.6927;0.0000;643.4832;5884.6504
121.7330;268.6927;3.6801;643.7898;5891.6504
121.7330;268.9993;0.0000;640.7898;5898.6504
122.4263;269.9993;0.0000;643.4832;5905.6504
122.4263;270.3060;0.0000;643.0966;5912.6504
123.1196;271.3060;0.0000;639.4832;5919.6504
123.4263;271.6127;0.0000;644.7898;5926.9570
124.1196;272.6127;0.0000;640.7098;5933.9570
124.1196;272.6127;0.0000;641.1765;5940.9570
124.8129;273.6127;0.0000;645.5631;5947.9575
124.8129;273.9193;0.0000;640.7098;5954.9570
125.5063;274.2260;0.0000;642.8698;5961.9570
125.5063;275.2260;0.0000;644.1765;5969.6504
126.5063;276.2260;0.0000;640.7098;5976.6504
127.1996;277.2260;0.0000;644.1765;5983.6504
127.8929;277.5327;0.0000;644.0966;5990.6504
128.5863;278.5327;0.0000;640.1765;5997.6504
128.5863;279.5328;0.0000;645.5631;6004.6504
129.2796;280.5328;0.0000;642.7098;6011.6504
130.2796;280.8394;0.0000;642.7898;6018.6504
130.9729;281.8394;0.0000;646.1765;6025.6504
131.2796;282.8394;0.0000;642.0166;6032.6504
131.9729;283.1461;0.0000;644.4832;6039.6504
132.6662;284.1461;0.0000;646.1765;6046.6504
133.3596;284.4528;0.0000;642.7098;6053.6504
134.0529;285.7594;0.0000;646.4832;6060.6504
134.7462;286.0661;0.0000;647.0966;6067.6504
135.4396;286.6794;0.0000;644.7098;6074.6504
136.1329;287.6794;0.0000;647.7898;6081.6504
136.4396;288.2928;0.0000;645.9365;6088.6504
137.1329;289.2928;0.0000;646.6299;6095.6504
137.8261;289.9061;0.0000;649.4031;6102.6504
138.5195;290.9061;0.0000;646.8566;6109.6504
139.2128;291.2129;0.0000;648.3232;6116.9570
140.9061;291.5195;0.0000;649.4031;6123.9570
141.5995;292.5195;0.0000;646.2432;6130.9575
142.2928;292.8262;0.0000;650.4031;6137.9570
143.2928;293.1329;0.0000;649.6299;6144.9570
143.9861;294.4395;0.0000;647.9365;6152.6504
144.9861;294.7462;0.0000;651.0166;6159.6504
145.6794;295.0529;0.0000;649.5499;6166.6504
146.3728;295.3596;0.0000;648.9365;6173.6504
147.0661;296.3596;0.0000;653.3232;6180.6504
148.0661;296.6663;0.0000;649.1633;6187.6504
148.7594;296.9729;0.0000;650.2432;6194.6504
149.4528;297.2796;0.0000;652.9365;6201.6504
150.4528;298.2796;0.0000;649.1633;6208.6504
151.1461;298.5862;0.0000;651.0166;6215.6504
152.1461;298.8929;0.0000;652.8566;6222.6504
153.1461;299.5862;0.0000;649.1633;6229.6504
153.8394;299.8929;0.0000;652.2432;6236.6504
154.8394;300.1996;0.0000;651.4700;6243.6504
155.5327;300.1996;8.3199;650.1633;6250.6504
156.2260;300.5063;0.0000;654.3232;6257.6504
157.2260;301.5063;0.0000;650.3900;6264.6504
157.9193;301.5063;8.3199;650.8566;6271.6504
158.6127;301.8130;0.0000;654.5499;6278.6504
160.3060;301.8130;0.0000;649.6967;6285.6504
160.9993;302.5063;0.0000;651.9365;6292.6504
162.6927;302.8130;0.0000;652.8566;6299.9570
164.0793;303.5063;0.0000;650.0833;6306.9570
164.7726;303.8130;0.0000;652.2432;6313.9575
166.4660;304.8129;0.0000;653.1633;6320.9570
167.1593;304.8129;0.0000;650.4700;6327.9570
168.1593;304.8129;0.0000;654.3232;6334.9570
168.8526;305.8129;0.0000;651.6967;6342.6504
170.2393;305.8129;0.0000;651.1633;6349.6504
171.2393;306.1196;0.0000;654.2432;6356.6504
171.9326;306.1196;0.0000;647.2433;6363.6504
172.9326;307.1196;0.0000;652.8566;6370.6504
173.9326;307.1196;0.0000;654.5499;6377.6504
175.3192;307.4263;0.0000;650.0034;6384.6504
176.0125;307.4263;0.0000;653.1633;6391.6504
176.7059;307.7330;0.0000;653.4699;6398.6504
178.3992;307.7330;0.0000;651.3900;6405.6504
179.3992;308.0396;0.0000;654.5499;6412.6504
180.0925;309.0397;0.0000;651.6967;6419.6504
181.7859;308.3464;0.0000;652.4700;6426.6504
182.4792;308.6530;0.0000;655.1633;6433.6504
183.1725;308.6530;0.0000;651.6967;6440.6504
184.1725;308.9597;0.0000;652.8566;6447.6504
185.5592;308.9597;0.0000;654.5499;6454.6504
186.5592;308.9597;0.0000;651.6967;6461.6504
187.2525;308.9597;0.0000;654.8566;6468.6504
187.9458;309.2664;0.0000;653.7766;6475.6504
188.9458;309.2664;0.0000;651.3900;6482.9570
189.6392;309.5731;0.0000;656.1633;6489.9570
191.3325;309.5731;0.0000;652.3099;6496.9570
192.0258;309.1864;0.0000;650.0166;6503.9570
192.7191;309.1864;8.3199;656.1633;6510.9570
194.4125;309.4931;0.0000;652.0034;6517.9570
195.1057;309.4931;0.0000;653.7766;6525.6504
196.1057;309.4931;0.0000;655.4699;6532.6504
197.4924;309.7997;0.0000;652.3099;6539.6504
198.1857;309.7997;0.0000;654.4700;6546.6504
199.1857;310.1064;0.0000;654.7766;6553.6504
200.5724;309.4131;0.0000;651.6967;6560.6504
201.2657;309.4131;0.0000;655.1633;6567.6504
202.2657;309.0264;0.0000;652.6166;6574.6504
203.6524;309.0264;8.3199;651.6967;6581.6504
204.6524;309.0264;0.0000;656.7766;6588.6504
205.3457;308.6398;8.3199;652.6166;6595.6504
206.3457;308.6398;0.0000;652.3900;6602.6504
207.7323;308.9465;0.0000;656.0833;6609.6504
208.7323;308.2532;0.0000;651.3099;6616.6504
210.1190;308.2532;0.0000;654.7766;6623.6504
210.8123;308.5598;0.0000;654.6967;6630.6504
212.5056;308.5598;0.0000;651.0034;6637.6504
213.1989;307.8665;0.0000;654.7766;6644.6504
214.8922;308.1732;0.0000;654.3099;6651.6504
216.2789;308.1732;0.0000;651.6967;6658.6504
217.2789;308.4799;0.0000;656.4700;6665.6504
218.9722;307.7865;0.0000;652.2300;6672.9570
220.3589;307.7865;0.0000;651.0833;6679.9570
222.0522;307.3999;0.0000;656.6967;6686.9570
223.0522;307.3999;0.0000;651.2300;6693.9575
224.4389;307.0132;0.0000;654.3900;6700.9570
225.4389;307.0132;0.0000;654.6967;6708.6504
226.4389;306.6266;0.0000;651.9234;6715.6504
227.8255;306.6266;0.0000;655.3900;6722.6504
228.8255;305.9332;0.0000;654.3099;6729.6504
229.8255;306.2400;0.0000;651.6967;6736.6504
230.5189;305.5466;0.0000;656.3900;6743.6504
231.5189;305.8533;0.0000;653.2300;6750.6504
232.5189;305.1600;0.0000;652.0034;6757.6504
233.2122;304.4666;0.0000;656.3900;6764.6504
234.2121;304.7733;0.0000;652.1500;6771.6504
235.2121;304.0800;0.0000;654.0833;6778.6504
236.2121;303.6933;0.0000;656.0034;6785.6504
236.9055;303.0000;0.0000;652.1500;6792.6504
237.9055;303.3067;0.0000;654.6967;6799.6504
238.2121;302.6133;0.0000;654.9234;6806.6504
238.9055;301.9200;0.0000;653.2300;6813.6504
239.9055;301.5334;0.0000;656.0034;6820.6504
241.5988;300.8400;0.0000;653.8433;6827.6504
242.5988;301.1468;0.0000;654.0034;6834.6504
243.5988;300.4534;0.0000;657.0034;6841.6504
245.2921;300.0668;0.0000;653.4567;6848.6504
246.2921;299.3734;0.0000;654.9234;6855.9570
246.9854;298.6801;0.0000;656.6166;6862.9570
247.9854;298.9868;0.0000;652.3767;6869.9570
249.6788;298.2935;0.0000;655.9234;6876.9575
250.6788;297.6001;0.0000;657.7635;6883.9570
251.3721;297.2135;0.0000;654.1500;6891.6504
252.3721;296.5201;0.0000;656.9233;6898.6504
253.3721;296.1335;0.0000;654.7634;6905.6504
254.3721;295.4402;0.0000;655.2300;6912.6504
256.0654;294.7468;0.0000;658.6166;6919.6504
257.0654;294.0536;0.0000;655.8433;6926.6504
257.7588;293.6669;0.0000;657.6967;6933.6504
258.7588;292.2802;0.0000;661.0034;6940.6504
259.7588;291.5869;0.0000;656.8433;6947.6504
260.7588;291.2003;0.0000;660.0034;6954.6504
261.7588;289.8136;0.0000;661.1500;6961.6504
262.7588;289.4269;0.0000;657.5367;6968.6504
263.7588;288.7336;0.0000;661.0034;6975.6504
264.7588;287.6536;0.0000;659.1500;6982.6504
264.7588;286.9604;0.0000;660.0034;6989.6504
265.7588;285.8804;0.0000;667.5499;6996.6504
266.7588;285.1871;0.0000;665.3900;7003.6504
267.0654;283.8004;0.0000;668.9365;7010.6504
267.6788;282.7204;8.3199;673.7098;7017.6504
268.6788;281.3337;3.6801;673.0166;7024.6504
268.9854;280.6404;0.0000;678.5631;7031.6504
269.2921;279.2538;0.0000;679.8698;7038.9570
270.2921;278.1739;3.6801;678.4832;7045.9570
270.5988;277.4805;0.0000;681.9498;7052.9570
270.9055;276.0939;0.0000;680.1765;7059.9580
272.2121;275.7072;0.0000;677.1098;7066.9570
272.5188;274.3206;0.0000;684.0297;7073.9570
273.8256;273.6273;0.0000;680.4832;7081.6504
274.1322;273.2406;0.0000;681.2565;7088.6504
275.1322;272.5472;0.0000;683.9498;7095.6504
275.7455;271.1606;0.0000;680.0966;7102.6504
276.7455;270.4673;0.0000;683.0297;7109.6504
277.3589;270.0807;0.0000;683.1765;7116.6504
278.3589;269.3873;3.6801;681.0966;7123.6504
278.9722;268.0007;0.0000;684.9498;7130.6504
279.9722;267.3073;0.0000;683.7898;7137.6504
280.9722;266.6140;3.6801;682.5631;7144.6504
282.2789;265.9207;0.0000;687.3364;7151.6504
282.5856;265.2274;0.0000;685.8698;7158.6504
283.8923;264.5340;0.0000;687.4164;7165.6504
284.8923;263.8407;0.0000;694.1898;7172.6509
285.5056;263.1474;0.0000;692.8030;7179.6504
286.5056;261.7608;0.0000;698.1230;7186.6504
287.1190;261.0674;0.0000;701.1230;7193.6504
287.4256;260.3741;3.6801;699.7363;7200.6504
287.7324;259.6808;0.0000;702.8962;7207.6504
288.3457;259.6808;0.0000;703.8163;7214.6504
288.6524;258.9875;3.6801;701.1230;7221.6504
288.9590;258.2941;8.3199;705.9762;7228.9570
289.5724;257.6008;0.0000;703.5096;7235.9570
289.8790;256.9075;8.3199;704.5896;7242.9570
290.1857;255.9075;0.0000;708.2830;7249.9575
290.7991;255.2142;0.0000;703.7363;7256.9575
291.1057;254.5208;0.0000;705.2829;7264.6504
291.4125;254.5208;8.3199;708.5896;7271.6504
292.7191;253.8275;0.0000;705.7363;7278.6509
293.3325;252.8275;8.3199;708.2830;7285.6504
293.6392;252.1342;3.6801;707.5096;7292.6504
294.9458;251.4408;0.0000;704.1230;7299.6504
295.2525;251.4408;0.0000;709.5896;7306.6504
296.2525;250.7475;8.3199;706.7363;7313.6504
296.5592;249.7475;0.0000;706.5096;7320.6504
297.1725;249.0542;0.0000;710.5896;7327.6504
298.4792;247.6676;0.0000;707.0430;7334.6504
298.7858;246.9742;0.0000;709.8163;7341.6504
299.0925;246.2809;0.0000;703.8830;7348.6504
299.3992;245.5875;0.0000;710.8163;7355.6509
299.7059;243.8943;0.0000;713.9762;7362.6504
300.3192;243.2009;0.0000;716.6696;7369.6504
301.3192;242.2009;0.0000;713.5896;7376.6504
301.9326;241.5076;0.0000;717.1362;7383.6504
302.2393;240.1210;0.0000;715.2029;7390.6504
302.5460;239.4276;0.0000;715.9762;7397.6504
302.8527;238.7343;0.0000;721.1361;7404.6504
303.1593;237.3476;0.0000;718.2030;7411.9570
303.4660;236.3476;0.0000;717.3629;7418.9570
303.7726;235.3476;3.6801;721.4428;7425.9570
304.3860;233.9610;0.0000;718.5096;7432.9580
304.9993;232.9610;3.6801;721.6696;7439.9575
305.6127;231.2677;0.0000;721.8962;7447.6504
305.9193;230.5744;0.0000;718.8163;7454.6504
306.5327;228.8811;0.0000;722.6695;7461.6509
307.5327;227.1877;0.0000;722.1230;7468.6504
308.1461;226.4944;0.0000;720.5096;7475.6504
308.4528;224.8011;0.0000;726.9762;7482.6504
309.0661;224.1078;0.0000;721.0430;7489.6504
308.6794;222.4144;0.0000;722.8163;7496.6504
309.2928;221.4144;0.0000;728.2030;7503.6504
309.5995;219.7211;0.0000;721.9630;7510.6504
310.2129;218.7211;0.0000;722.7495;7517.6504
310.8262;217.0278;0.0000;725.7363;7524.6504
311.4396;216.0278;0.0000;722.9630;7531.6504
311.7462;215.0278;0.0000;726.8162;7538.6509
311.6663;214.3344;0.0000;725.6564;7545.6504
311.9729;212.6411;0.0000;724.0430;7552.6504
312.5862;211.3344;0.0000;728.2030;7559.6504
312.8929;210.3344;0.0000;724.2697;7566.6504
313.5063;209.3344;0.0000;723.6563;7573.6504
313.8129;208.3344;0.0000;729.1230;7580.6504
314.1196;207.0278;0.0000;723.8830;7587.6504
314.4264;206.0278;0.0000;725.7363;7594.9570
314.7330;204.3344;8.3199;727.6563;7601.9570
314.3464;203.3344;0.0000;723.8830;7608.9570
314.6530;202.3344;8.3199;726.0429;7615.9580
314.9597;201.3344;0.0000;727.6563;7622.9575
314.5730;200.3344;0.0000;723.2697;7629.9570
314.8797;199.3344;0.0000;726.9630;7637.6504
315.1864;198.3344;0.0000;725.8030;7644.6509
314.4931;197.3344;0.0000;724.2697;7651.6504
314.7997;195.6411;0.0000;729.2697;7658.6504
315.1064;194.9478;0.0000;724.4963;7665.6504
314.4131;193.9478;0.0000;727.2697;7672.6504
314.7198;192.9478;0.0000;728.2030;7679.6504
314.3331;191.9478;0.0000;725.8030;7686.6504
314.3331;190.9478;0.0000;730.0428;7693.6504
313.9465;189.9478;0.0000;728.1897;7700.6504
313.9465;189.2545;0.0000;728.5764;7707.6504
313.5598;188.2544;3.6801;731.3496;7714.6504
313.1732;187.2544;0.0000;729.2697;7721.6509
313.4799;186.2544;0.0000;731.6563;7728.6504
312.7865;184.5611;0.0000;736.4296;7735.6504
312.3999;183.5611;0.0000;732.2697;7742.6504
312.7065;182.5611;3.6801;731.9762;7749.6504
312.3199;181.5611;0.0000;738.8162;7756.6504
311.6266;181.2545;0.0000;733.9630;7763.6504
311.2399;179.9478;0.0000;738.5095;7770.6504
310.5466;178.9478;0.0000;740.1230;7777.6504
310.8533;178.2544;0.0000;736.0429;7784.9570
310.1600;176.2544;0.0000;739.8162;7791.9570
309.7733;175.2544;0.0000;736.5763;7798.9580
309.3867;174.2544;0.0000;738.0428;7805.9580
308.6933;173.5611;3.6801;744.2828;7812.9570
308.3067;171.8678;0.0000;738.9630;7820.6504
307.6133;170.8678;0.0000;738.7363;7827.6509
306.9200;169.8678;0.0000;741.0429;7834.6504
305.8400;169.1745;0.0000;737.6564;7841.6504
305.1468;167.4812;0.0000;741.0429;7848.6504
304.7601;166.4812;0.0000;739.5763;7855.6504
304.0668;165.4812;0.0000;738.2697;7862.6504
303.6801;164.4812;0.0000;741.6563;7869.6504
302.9868;162.7879;0.0000;741.5764;7876.6504
302.2935;162.0945;0.0000;736.4963;7883.6504
301.6001;161.0945;0.0000;741.7363;7890.6504
301.2135;160.0945;0.0000;738.4163;7897.6504
300.5201;159.0945;0.0000;739.5763;7904.6509
300.1335;158.0945;0.0000;739.8829;7911.6504
300.1335;157.0945;0.0000;737.7230;7918.6504
299.4402;156.4012;0.0000;740.9630;7925.6504
299.0536;154.7079;0.0000;741.1897;7932.6504
298.3602;153.7079;0.0000;737.4164;7939.6509
297.9736;152.0146;0.0000;741.2697;7946.6504
297.2802;151.0146;0.0000;740.1098;7953.6504
296.5869;149.6279;0.0000;739.1098;7960.6504
295.8936;148.6279;0.0000;741.5764;7967.9570
295.5069;146.6279;0.0000;739.6431;7974.9570
294.8136;145.6279;0.0000;738.4963;7981.9580
295.1203;144.9346;0.0000;743.8030;7988.9580
294.4269;143.2412;0.0000;737.9497;7995.9570
293.7336;142.2412;0.0000;740.4963;8003.6509
293.3470;140.5479;0.0000;742.1097;8010.6509
292.6536;139.5479;0.0000;738.0297;8017.6504
291.9604;138.5479;0.0000;740.4963;8024.6504
291.5737;137.5479;0.0000;740.0297;8031.6504
291.5737;136.5479;0.0000;737.3364;8038.6504
291.1870;135.5479;0.0000;741.1097;8045.6504
290.4937;133.8546;0.0000;738.6432;8052.6504
289.8004;132.8546;0.0000;739.4163;8059.6504
289.4138;131.5479;0.0000;742.4164;8066.6504
288.7204;129.8546;3.6801;737.5632;8073.6504
288.3337;128.8546;0.0000;741.4164;8080.6504
287.6404;127.8546;3.6801;741.7230;8087.6504
286.9471;126.8546;0.0000;737.8698;8094.6504
285.8672;125.5479;0.0000;741.4164;8101.6504
285.1739;124.5479;0.0000;741.2564;8108.6504
284.7872;124.2412;3.6801;738.5632;8115.6504
283.4005;122.9346;0.0000;742.6431;8122.6509
282.7072;121.9346;3.6801;739.8698;8129.6504
281.6272;120.9346;0.0000;739.0297;8136.6504
280.2406;119.9346;0.0000;744.5631;8143.6504
279.5472;118.9346;0.0000;739.3364;8150.9570
278.1606;117.9346;0.0000;740.6431;8157.9570
277.4673;116.9346;0.0000;743.2565;8164.9580
276.3873;115.6279;0.0000;740.1765;8171.9580
275.6940;115.3212;0.0000;740.8698;8178.9570
274.3073;114.3212;0.0000;744.5631;8185.9570
273.6140;113.3212;0.0000;740.8698;8193.6504
272.9207;112.7079;0.0000;744.5631;8200.6504
271.5340;112.4012;0.0000;741.7098;8207.6504
271.1475;111.4012;0.0000;741.7898;8214.6504
270.4540;111.0945;0.0000;745.5631;8221.6504
269.0674;110.4812;0.0000;742.0166;8228.6504
268.3741;109.4812;0.0000;742.4832;8235.6504
266.9875;109.1745;8.3199;747.4832;8242.6504
266.2941;108.1745;0.0000;742.6299;8249.6504
264.9075;107.1745;0.0000;744.7898;8256.6504
263.5208;106.1745;0.0000;746.0166;8263.6514
262.8275;105.5611;0.0000;742.4031;8270.6504
262.1342;104.5611;0.0000;741.2432;8277.6504
260.7475;103.2544;0.0000;750.4832;8284.6504
259.6676;102.9478;0.0000;739.5499;8291.6504
258.9742;101.6411;0.0000;753.3364;8298.6504
257.5876;101.3344;0.0000;748.4031;8305.6514
256.8943;101.0278;0.0000;748.7898;8312.6504
255.5076;100.0278;0.0000;754.2564;8319.6504
254.8143;99.4144;0.0000;750.7898;8326.6504
253.4276;98.4144;0.0000;750.4832;8333.6504
251.7343;97.4144;0.0000;752.7898;8340.9570
251.0410;97.1077;0.0000;752.5631;8347.9580
249.9610;95.8011;0.0000;753.9498;8354.9580
248.5744;95.4944;0.0000;753.4832;8361.9570
247.8811;94.1877;0.0000;750.4832;8368.9570
246.4944;93.8811;0.0000;755.6431;8376.6504
244.8011;92.8811;0.0000;752.7898;8383.6504
243.4144;92.5744;0.0000;752.5631;8390.6504
242.7211;91.2676;0.0000;756.2565;8397.6504
241.3344;90.9610;3.6801;750.3232;8404.6504
240.6411;90.6543;0.0000;754.8698;8411.6514
239.2544;90.0410;3.6801;755.1765;8418.6504
238.2544;89.0410;0.0000;753.7098;8425.6504
236.8678;88.7343;0.0000;755.5632;8432.6504
236.1745;88.4276;0.0000;754.0966;8439.6504
234.7879;87.8143;0.0000;753.4832;8446.6514
234.0945;87.5076;0.0000;756.9498;8453.6504
232.7079;86.8943;0.0000;753.7098;8460.6504
231.3212;86.5876;0.0000;752.7898;8467.6504
230.3212;85.2809;0.0000;757.5631;8474.6504
228.9346;84.9743;0.0000;752.3232;8481.6504
228.2412;84.6675;0.0000;755.5632;8488.6504
226.5479;84.0542;0.0000;757.1765;8495.6504
225.8546;82.7475;0.0000;752.3232;8502.6504
224.1613;82.4408;0.0000;755.8698;8509.6504
223.4679;81.8275;0.0000;755.7898;8516.6504
222.0813;81.5208;0.0000;754.0966;8523.9570
221.0813;81.2141;0.0000;757.1765;8530.9570
219.6947;80.6008;0.0000;754.6299;8537.9580
218.6947;80.2941;0.0000;754.4032;8544.9570
218.0013;79.6808;0.0000;757.4832;8551.9570
217.3080;79.3741;0.0000;753.2432;8559.6504
216.3080;78.7607;0.0000;755.7898;8566.6504
215.6147;78.4540;0.0000;758.0966;8573.6504
214.6147;78.1474;0.0000;752.9365;8580.6504
213.6147;78.2274;0.0000;757.0966;8587.6514
212.9214;77.9207;0.0000;758.0966;8594.6514
211.9214;77.3073;0.0000;752.9365;8601.6504
211.6147;77.6940;0.0000;757.7898;8608.6504
210.9214;77.3873;0.0000;754.1633;8615.6504
209.9214;76.7740;0.0000;754.3232;8622.6504
208.9214;76.4673;0.0000;758.0966;8629.6514
208.6147;76.8539;0.0000;752.9365;8636.6504
207.9214;76.5472;3.6801;755.0966;8643.6504
207.6147;76.9339;0.0000;757.7098;8650.6504
206.9214;76.3206;0.0000;753.5499;8657.6504
205.9214;76.0139;0.0000;756.4031;8664.6504
205.2280;75.7072;0.0000;756.0166;8671.6504
204.2280;76.0939;0.0000;752.5499;8678.6504
203.2280;75.7872;0.0000;756.4031;8685.6504
202.5347;75.4805;0.0000;754.1633;8692.6504
201.5347;75.8672;0.0000;754.6299;8699.6504
200.5347;75.5605;0.0000;758.0966;8706.9570
200.2280;75.2538;0.0000;753.2432;8713.9570
199.5347;75.6404;0.0000;753.2432;8720.9580
198.5347;75.0271;0.0000;759.6299;8727.9570
197.5347;75.7204;0.0000;753.1633;8734.9570
197.2280;75.4137;0.0000;756.6299;8741.9570
196.2280;75.1071;0.0000;756.9365;8749.6504
195.5347;75.4937;0.0000;751.4700;8756.6504
194.5347;75.4937;0.0000;756.3232;8763.6504
193.5347;75.8804;0.0000;755.8566;8770.6514
192.1480;75.5737;0.0000;751.8566;8777.6514
191.1481;75.2671;0.0000;758.7098;8784.6504
189.4547;74.9603;0.0000;752.0833;8791.6504
188.4547;75.3470;0.0000;753.2432;8798.6504
187.0681;75.0403;0.0000;759.4032;8805.6504
185.3748;75.4269;0.0000;752.0833;8812.6514
184.6815;75.1203;0.0000;752.1633;8819.6504
182.9881;75.5069;0.0000;746.5367;8826.6504
181.9881;75.5069;0.0000;752.0833;8833.6504
181.2948;75.2003;0.0000;748.0034;8840.6504
180.9881;75.5869;0.0000;748.6166;8847.6504
180.2948;75.2803;0.0000;742.7766;8854.6504
179.2948;75.9736;0.0000;750.3899;8861.6504
178.2948;76.3602;0.0000;744.4568;8868.6504
177.6015;76.3602;0.0000;745.6166;8875.6504
176.6015;76.0536;0.0000;747.6166;8882.6504
175.6015;76.4402;0.0000;744.4568;8889.9570
174.9081;76.1335;0.0000;746.9365;8896.9570
173.2148;76.5201;0.0000;750.2300;8903.9570
172.5215;76.5201;0.0000;745.8433;8910.9570
171.5215;76.9068;0.0000;748.2300;8917.9570
170.1348;76.6001;3.6801;747.9233;8924.9570
169.1348;77.2935;0.0000;744.9234;8932.6504
167.4415;77.6801;0.0000;749.0833;8939.6504
166.4415;77.6801;0.0000;742.0034;8946.6504
165.7482;78.0668;0.0000;747.2300;8953.6514
164.0548;78.4534;0.0000;748.7766;8960.6514
163.0548;78.8400;3.6801;744.4568;8967.6504
162.3615;79.5334;0.0000;745.6166;8974.6504
161.3615;79.2267;0.0000;748.6166;8981.6504
160.3615;79.6133;0.0000;744.8433;8988.6504
159.3615;80.0000;0.0000;748.0833;8995.6514
158.3615;80.6933;0.0000;747.6166;9002.6504
156.6682;81.0800;3.6801;746.9233;9009.6504
155.9749;81.4666;0.0000;747.7766;9016.6504
154.9749;82.1600;3.6801;745.6166;9023.6504
153.9749;82.5466;0.0000;744.9234;9030.6504
152.9749;82.9332;0.0000;749.1633;9037.6504
151.9749;83.6266;0.0000;746.3099;9044.6504
150.9749;84.0132;0.0000;746.3900;9051.6504
150.6682;84.0132;3.6801;749.4700;9058.6504
149.6682;84.3999;0.0000;745.6166;9065.6504
149.3615;84.7865;0.0000;749.5499;9072.6514
148.3615;85.4799;3.6801;747.7766;9079.9570
147.3615;85.8665;0.0000;746.3900;9086.9570
147.0548;85.5598;0.0000;749.2432;9093.9570
146.0549;86.2532;3.6801;747.7766;9100.9570
145.0548;86.6398;3.6801;745.1633;9107.9580
144.0548;86.6398;3.6801;749.2432;9115.6504
143.7482;87.0264;0.0000;747.0034;9122.6504
142.7482;86.7197;0.0000;748.1633;9129.6504
142.4415;87.4131;0.0000;749.5499;9136.6514
142.1348;87.1064;3.6801;747.0833;9143.6514
141.8282;87.7997;0.0000;750.2432;9150.6504
140.8282;87.4931;0.0000;750.2432;9157.6504
140.5215;87.8797;0.0000;747.0833;9164.6504
139.5215;88.5731;0.0000;750.2432;9171.6514
139.2148;88.2664;0.0000;749.0833;9178.6514
138.9082;88.6530;0.0000;748.1633;9185.6504
137.9081;88.6530;0.0000;752.2433;9192.6504
137.6015;89.3464;0.0000;749.0833;9199.6504
137.2948;89.0397;0.0000;750.2432;9206.6504
136.9881;89.7329;0.0000;751.9365;9213.6504
135.6814;90.1196;0.0000;744.9234;9220.6504
135.3747;89.8129;0.0000;750.2432;9227.6504
134.6814;90.1996;0.0000;750.9365;9234.6504
134.3747;90.1996;0.0000;748.7766;9241.6504
134.0681;90.5863;0.0000;750.9365;9248.6514
133.0681;90.5863;0.0000;752.5499;9255.6514
132.4547;90.9729;0.0000;748.1633;9262.9570
131.7614;91.3596;0.0000;752.3232;9269.9570
131.4547;91.6662;0.0000;748.7766;9276.9570
130.4547;92.0529;0.0000;749.3232;9283.9570
129.4547;92.4396;0.0000;752.0165;9290.9580
128.4547;92.4396;0.0000;748.1633;9297.9570
127.4547;92.8261;0.0000;750.6299;9305.6504
126.4547;93.5195;0.0000;754.7098;9312.6504
126.1480;93.5195;0.0000;748.1633;9319.6504
125.1480;93.9061;0.0000;751.7098;9326.6514
124.1480;94.5995;0.0000;751.3232;9333.6504
123.1480;94.2928;0.0000;747.8566;9340.6504
122.1480;94.9861;0.0000;750.7098;9347.6504
121.1480;95.3728;0.0000;747.9365;9354.6514
120.1480;96.0661;0.0000;750.7098;9361.6514
118.8414;96.0661;0.0000;753.4832;9368.6504
117.8414;96.1461;0.0000;750.2432;9375.6504
116.8414;96.8394;0.0000;751.0965;9382.6504
115.8414;97.5327;0.0000;753.0966;9389.6504
114.8414;98.2260;0.0000;750.0166;9396.6504
114.1480;98.9193;0.0000;751.0965;9403.6504
113.1480;99.6127;0.0000;752.4832;9410.6504
112.1480;100.3060;0.0000;750.0166;9417.6504
112.1480;100.3060;0.0000;751.0965;9424.6504
111.1480;100.9993;0.0000;750.0166;9431.6514
110.1480;101.3860;0.0000;748.7098;9438.6514
109.8414;102.0793;3.6801;754.8698;9445.9570
108.8414;102.7726;0.0000;750.0166;9452.9570
107.8414;103.1593;0.0000;748.7098;9459.9570
107.5347;103.1593;0.0000;754.8698;9466.9570
106.5347;103.8526;0.0000;751.4031;9473.9580
105.5347;104.5460;0.0000;752.5631;9480.9580
105.2280;105.2393;0.0000;750.4832;9488.6504
104.2280;105.9326;0.0000;749.4832;9495.6504
103.2280;106.6259;0.0000;753.9498;9502.6504
102.2280;107.3192;0.0000;751.0965;9509.6504
101.9214;107.7059;0.0000;750.4832;9516.6504
100.9214;108.3992;0.0000;755.6431;9523.6504
100.6147;109.0925;0.0000;751.4031;9530.6504
99.6147;109.7859;0.0000;751.8698;9537.6514
99.3080;110.4792;0.0000;755.2565;9544.6514
99.0014;111.1725;3.6801;748.4031;9551.6504
98.0013;112.5592;0.0000;755.0297;9558.6504
97.6947;113.2525;0.0000;754.6431;9565.6504
97.3880;113.9458;0.0000;749.4031;9572.6504
96.3880;114.6391;0.0000;755.0297;9579.6504
96.0813;116.0258;0.0000;753.5631;9586.6504
95.3880;116.7191;0.0000;750.9498;9593.6504
95.0813;117.4124;0.0000;756.0297;9600.6504
94.7746;118.1057;0.0000;750.4832;9607.6504
93.7746;118.7991;3.6801;752.6432;9614.6514
93.4679;120.1857;0.0000;755.4164;9621.6514
92.4679;120.8790;0.0000;749.7898;9628.6504
92.1613;122.2657;0.0000;754.4164;9635.9570
91.8546;122.9590;0.0000;755.3364;9642.9570
90.8546;124.3457;0.0000;750.1765;9649.9570
90.8546;125.0390;0.0000;753.6431;9656.9580
89.8546;126.4257;0.0000;753.6431;9663.9570
89.5479;127.8123;0.0000;752.0297;9671.6504
89.2412;129.1989;0.0000;756.4963;9678.6504
88.2412;130.1989;0.0000;752.9498;9685.6504
87.9346;131.5856;0.0000;753.4164;9692.6504
87.6279;132.9722;0.0000;754.4164;9699.6514
86.6279;134.3589;0.0000;751.0297;9706.6504
86.3212;135.0522;0.0000;753.4963;9713.6504
85.0145;136.4389;0.0000;755.1097;9720.6514
84.3212;137.1322;0.0000;751.3364;9727.6514
84.0145;138.5189;0.0000;753.8030;9734.6514
83.0145;139.2121;0.0000;755.1097;9741.6504
82.7079;140.5988;0.0000;752.3364;9748.6504
81.7079;141.2921;0.0000;754.1897;9755.6504
81.7079;142.6788;0.0000;751.6431;9762.6504
80.7079;144.0654;3.6801;750.4164;9769.6504
80.4012;144.7588;0.0000;754.1897;9776.6504
80.4012;146.4521;0.0000;752.3364;9783.6504
79.4012;147.8387;0.0000;752.8030;9790.6504
79.0945;148.8387;0.0000;754.4164;9797.6514
78.7879;150.2254;0.0000;751.4164;9804.6514
78.4812;151.6121;3.6801;754.9630;9811.6514
78.1745;152.9987;0.0000;754.4963;9818.9570
77.8678;154.3853;0.0000;752.0297;9825.9570
77.5611;155.0786;0.0000;756.4963;9832.9570
77.2544;156.4653;0.0000;753.0297;9839.9580
76.9478;157.1586;0.0000;754.1897;9846.9570
76.6411;158.5453;0.0000;758.5763;9853.9570
76.6411;159.2386;0.0000;753.4164;9861.6504
76.3344;159.9319;0.0000;753.1898;9868.6504
76.3344;161.3186;0.0000;756.5764;9875.6504
76.0278;162.3186;0.0000;751.4164;9882.6514
75.7211;163.0119;0.0000;755.5764;9889.6504
75.7211;163.7053;8.3199;754.8830;9896.6504
75.4144;165.0918;8.3199;750.1097;9903.6514
75.1077;165.7852;0.0000;755.2697;9910.6514
74.8011;167.1718;8.3199;751.7231;9917.6514
74.4944;167.8652;0.0000;743.8698;9924.6504
74.1877;168.5585;0.0000;747.3364;9931.6504
74.1877;169.2518;0.0000;745.1765;9938.6514
73.8811;169.9452;3.6801;743.9497;9945.6504
73.5744;170.6385;0.0000;747.3364;9952.6504
73.2676;171.6385;0.0000;743.4832;9959.6504
72.9610;172.3318;0.0000;746.0297;9966.6504
72.6543;173.0251;0.0000;745.0297;9973.6504
72.3476;173.7185;0.0000;742.9497;9980.6514
72.0410;174.4118;0.0000;745.3364;9987.6514
72.0410;175.1051;0.0000;745.9498;9994.6514
71.7343;175.1051;0.0000;743.3364;10001.9570
71.4276;175.7985;3.6801;746.4963;10008.9570
71.8143;176.7985;0.0000;741.9497;10015.9570
71.5076;177.7985;0.0000;741.4164;10022.9580
71.2009;178.4918;3.6801;745.8830;10029.9570
70.8943;179.1850;0.0000;740.3364;10036.9570
70.5876;179.8784;0.0000;742.2697;10044.6504
70.2809;180.8784;0.0000;744.5763;10051.6504
69.9743;181.1850;0.0000;740.8030;10058.6504
69.9743;182.1850;0.0000;742.6564;10065.6504
70.3608;182.8784;0.0000;742.8830;10072.6504
70.0542;183.8784;0.0000;739.8829;10079.6504
69.7475;183.8784;0.0000;744.9630;10086.6514
69.4408;184.2650;3.6801;740.1897;10093.6514
69.1342;184.9584;0.0000;740.9630;10100.6514
68.8275;184.9584;3.6801;737.4963;10107.6504
69.2141;185.6517;3.6801;739.6564;10114.6504
68.9075;186.3450;0.0000;741.1230;10121.6514
68.6008;186.6517;0.0000;743.5895;10128.6504
68.2941;187.6517;0.0000;738.0428;10135.6504
67.9875;188.6517;0.0000;740.1230;10142.6504
67.6808;188.6517;3.6801;740.4296;10149.6504
68.3741;189.3450;0.0000;739.2030;10156.6504
68.0674;190.0383;0.0000;743.6696;10163.6504
67.7607;190.3450;3.6801;739.4296;10170.6514
67.7607;191.3450;0.0000;737.8295;10177.6514
68.1474;192.0384;0.0000;743.1361;10184.6504
67.8407;192.0384;3.6801;738.2829;10191.9570
67.5340;193.0384;0.0000;738.2829;10198.9570
67.2274;194.0384;0.0000;742.4429;10205.9570
66.9207;195.0383;0.0000;736.2030;10212.9570
66.6140;195.3450;0.0000;739.7495;10219.9570
66.3073;196.0384;0.0000;739.7495;10227.6504
66.3073;196.7317;3.6801;736.3629;10234.6504
66.0007;197.4250;0.0000;741.2162;10241.6504
65.3873;197.7317;3.6801;737.6696;10248.6504
65.0807;198.7317;0.0000;736.4428;10255.6504
64.7740;199.7317;0.0000;741.5228;10262.6514
64.4673;199.7317;0.0000;736.7495;10269.6514
64.1606;200.4250;0.0000;734.4429;10276.6514
64.1606;201.4250;0.0000;740.6028;10283.6514
63.8539;202.4250;0.0000;736.4428;10290.6504
63.5472;203.1183;0.0000;738.3761;10297.6504
63.2406;203.8117;0.0000;736.9894;10304.6514
62.9339;204.8117;0.0000;736.4428;10311.6514
62.6272;205.8117;0.0000;738.1494;10318.6504
62.0139;206.8117;0.0000;737.9094;10325.6504
62.4005;207.5050;0.0000;735.9894;10332.6504
62.0939;208.5050;0.0000;739.4561;10339.6504
61.7872;209.5050;0.0000;736.2961;10346.6504
61.1739;210.5050;0.0000;735.7627;10353.6514
60.8672;211.1983;0.0000;738.8428;10360.6514
61.2538;212.1983;0.0000;734.2962;10367.6504
60.9471;213.1983;0.0000;737.8428;10374.9570
60.6404;214.1983;0.0000;738.8428;10381.9570
60.3338;214.8916;0.0000;733.6827;10388.9570
60.3338;215.8916;0.0000;735.1494;10395.9570
60.4137;216.8916;0.0000;735.1494;10402.9570
60.4137;217.5849;0.0000;733.4561;10410.6504
60.1071;218.5849;0.0000;738.0026;10417.6504
59.8004;219.5849;0.0000;734.3761;10424.6504
59.4937;220.5849;0.0000;734.1494;10431.6504
59.8804;221.2782;0.0000;739.3094;10438.6504
59.8804;222.2782;0.0000;732.7628;10445.6514
59.5737;222.9716;0.0000;734.5360;10452.6514
60.2670;223.9716;0.0000;737.8428;10459.6514
60.2670;224.6649;0.0000;733.6827;10466.6514
59.9603;225.6649;0.0000;736.9227;10473.6504
60.6536;226.3582;0.0000;735.1494;10480.6504
60.6536;227.0515;0.0000;733.8428;10487.6514
60.3470;228.0515;0.0000;730.9894;10494.6514
60.0403;228.7449;0.0000;733.1494;10501.6504
60.0403;229.0516;0.0000;736.3093;10508.6504
60.4270;230.0516;0.0000;739.3893;10515.6504
60.1203;231.0515;0.0000;733.7628;10522.6504
60.5069;232.0515;0.0000;736.0027;10529.6504
60.8936;232.3582;0.0000;740.3893;10536.6504
60.5869;233.0515;0.0000;731.6160;10543.6514
61.2803;234.0515;0.0000;735.6959;10550.6504
60.9736;234.0515;0.0000;736.0027;10557.9570
61.3602;235.0515;0.0000;733.0026;10564.9570
61.3602;235.7449;0.0000;737.2426;10571.9570
61.0536;236.0515;0.0000;733.3094;10578.9570
61.4402;236.7449;0.0000;734.4692;10585.9570
61.4402;237.7449;0.0000;737.9359;10592.9570
61.1335;238.0516;0.0000;732.3893;10600.6504
61.5201;239.0516;0.0000;734.8560;10607.6504
61.5201;239.7449;0.0000;735.5492;10614.6504
61.9068;240.7449;0.0000;730.3893;10621.6504
62.2935;241.7449;3.6801;734.8560;10628.6514
61.9868;242.0515;0.0000;734.5492;10635.6514
62.3735;243.0515;0.0000;731.0826;10642.6514
62.0668;243.7449;3.6801;735.3226;10649.6514
62.7601;244.7449;0.0000;731.1626;10656.6504
63.1467;245.7449;0.0000;732.9359;10663.6504
62.8400;246.4382;0.0000;733.9359;10670.6514
63.5334;247.4382;0.0000;731.7759;10677.6514
63.2267;248.4382;0.0000;732.3225;10684.6504
63.6133;248.7449;3.6801;735.4026;10691.6504
63.6133;249.4382;0.0000;732.5493;10698.6504
64.0000;250.4382;0.0000;732.3225;10705.6504
64.3867;251.4382;0.0000;731.3226;10712.6504
64.3867;252.4382;0.0000;728.8560;10719.6504
64.7733;253.4382;3.6801;732.7092;10726.6514
64.4666;254.1315;0.0000;730.2426;10733.6504
65.1600;255.1315;0.0000;729.3226;10740.6504
64.8533;256.1315;0.0000;732.8691;10747.9570
65.5466;257.1315;0.0000;728.5493;10754.9570
65.2399;257.4382;0.0000;730.7092;10761.9570
65.9332;258.1315;0.0000;733.0958;10768.9570
66.3199;259.1315;0.0000;728.6293;10775.9570
67.0132;260.1315;0.0000;731.4825;10783.6504
66.7065;261.1315;0.0000;732.0159;10790.6504
67.0932;261.8249;0.0000;728.6293;10797.6504
67.7865;262.4382;0.0000;730.4026;10804.6504
67.4799;263.4382;0.0000;728.5493;10811.6514
68.1732;264.4382;0.0000;728.0159;10818.6514
68.5598;265.4382;0.0000;732.7892;10825.6514
69.2532;266.4382;0.0000;725.9359;10832.6514
69.6398;266.7449;0.0000;728.7092;10839.6504
70.3331;267.7449;0.0000;730.5625;10846.6514
70.0264;268.7449;0.0000;725.7092;10853.6514
70.7197;270.0515;0.0000;730.8691;10860.6514
71.1064;271.0515;0.0000;732.1758;10867.6514
71.7997;271.3582;0.0000;725.7092;10874.6504
71.4931;272.3582;0.0000;729.4825;10881.6504
71.8797;273.6649;0.0000;729.7892;10888.6504
72.5731;274.6649;0.0000;726.0159;10895.6504
73.2664;275.6649;0.0000;727.7892;10902.6504
73.6530;276.6649;0.0000;724.9359;10909.6504
73.6530;277.9716;0.0000;725.7092;10916.6504
74.3464;278.2783;0.0000;728.9491;10923.6514
74.7329;279.2783;0.0000;724.2426;10930.9570
75.4263;280.2783;0.0000;725.7092;10937.9570
76.1196;281.2782;0.0000;726.7092;10944.9570
76.8129;282.2782;3.6801;722.9359;10951.9570
77.8929;283.5850;0.0000;725.7092;10958.9570
78.5863;284.5850;0.0000;725.7092;10966.6504
78.9729;285.5850;0.0000;723.6293;10973.6504
79.6662;285.8917;0.0000;726.1758;10980.6504
79.6662;286.8917;0.0000;721.5492;10987.6504
80.3596;287.8916;0.0000;723.0159;10994.6504
80.7462;288.8916;0.0000;727.7892;11001.6514
81.4396;289.8916;0.0000;723.6293;11008.6514
81.8261;290.1983;3.6801;725.8691;11015.6504
81.8261;291.5049;0.0000;726.4026;11022.6504
82.5195;292.5049;0.0000;722.9359;11029.6514
82.9061;293.5049;3.6801;724.7891;11036.6514
83.5995;294.5049;0.0000;725.7092;11043.6514
84.2928;295.5049;3.6801;721.5492;11050.6514
84.6795;295.8116;0.0000;724.7891;11057.6504
84.6795;296.8116;0.0000;726.0159;11064.6504
85.0661;297.8116;0.0000;722.4026;11071.6504
85.7594;298.4250;0.0000;726.8691;11078.6504
85.7594;299.4250;0.0000;723.0159;11085.6504
86.1461;300.1183;0.0000;723.7891;11092.6504
86.8394;300.4250;0.0000;726.8691;11099.6504
87.5327;301.4250;0.0000;722.0159;11106.6514
88.2260;302.4250;0.0000;723.8691;11113.9570
88.6127;302.7317;0.0000;724.4825;11120.9570
88.6127;303.7317;0.0000;723.7092;11127.9570
89.3060;304.0384;0.0000;726.1758;11134.9570
89.9993;305.0384;0.0000;721.6292;11141.9570
90.3860;305.3450;0.0000;722.4026;11148.9580
91.0793;306.3450;0.0000;726.4026;11156.6504
91.0793;306.6517;0.0000;723.6293;11163.6504
91.7726;306.9584;0.0000;722.0958;11170.6504
92.1593;307.9584;0.0000;725.7092;11177.6504
92.8526;308.2650;3.6801;721.5492;11184.6514
93.5460;308.9584;0.0000;723.5625;11191.6514
94.2393;309.2650;0.0000;723.0958;11198.6504
94.6259;310.2650;0.0000;720.6292;11205.6504
95.3192;310.5717;0.0000;723.8691;11212.6514
96.0125;310.8784;0.0000;722.0958;11219.6514
96.3992;311.8784;0.0000;720.0158;11226.6514
96.3992;312.1850;0.0000;723.8691;11233.6514
97.0925;312.7985;0.0000;720.0158;11240.6504
97.7859;313.1051;0.0000;721.4824;11247.6504
98.4792;314.1051;0.0000;724.4825;11254.6504
98.1725;314.4118;3.6801;719.6293;11261.6504
98.8658;315.0251;0.0000;719.7891;11268.6504
99.5592;316.0251;3.6801;722.1758;11275.6504
100.2525;316.3318;0.0000;720.3226;11282.6504
100.9458;316.9452;0.0000;719.0958;11289.6514
101.6392;317.9452;0.0000;722.4026;11296.6514
101.6392;318.2518;0.0000;720.0958;11303.9570
102.3325;319.5585;3.6801;721.7892;11310.9570
102.7191;319.8651;0.0000;719.7091;11317.9570
103.4124;320.8652;3.6801;720.0958;11324.9570
104.1057;321.4785;0.0000;723.5625;11331.9580
104.7991;321.7852;0.0000;718.5493;11339.6504
105.4924;322.0919;0.0000;720.0958;11346.6504
106.1857;323.3985;0.0000;720.4026;11353.6504
106.8790;323.7053;3.6801;714.4693;11360.6504
106.8790;324.0119;0.0000;719.4025;11367.6504
107.5724;324.3186;3.6801;719.0159;11374.6514
108.2657;325.3186;0.0000;718.0159;11381.6504
108.9590;325.6253;0.0000;719.4025;11388.6504
109.6524;325.9319;3.6801;717.6292;11395.6514
110.3457;326.2386;0.0000;716.6292;11402.6514
111.0390;327.2386;0.0000;720.4026;11409.6514
111.7323;327.5453;0.0000;715.4693;11416.6514
111.7323;327.8520;0.0000;715.3226;11423.6504
112.4257;328.1586;0.0000;720.9359;11430.6504
113.1190;329.1586;0.0000;716.5492;11437.6504
113.8123;329.4653;0.0000;718.3226;11444.6504
113.8123;329.7720;0.0000;718.2425;11451.6504
114.1989;330.0786;8.3199;715.9359;11458.6504
114.8923;330.3853;0.0000;720.6292;11465.6504
115.5856;330.6920;0.0000;716.8560;11472.6514
116.2789;331.6920;0.0000;716.5492;11479.6514
116.2789;331.9987;0.0000;720.9359;11486.9570
117.6656;332.3053;0.0000;718.7759;11493.9570
118.3589;332.3053;0.0000;718.5493;11500.9570
119.0522;333.3053;0.0000;720.8560;11507.9570
119.7456;333.6121;0.0000;715.9227;11514.9580
121.1322;333.9187;0.0000;719.2425;11522.6504
121.8255;334.9187;0.0000;719.4693;11529.6504
122.5189;335.2254;0.0000;718.0826;11536.6504
123.9055;335.5321;0.0000;720.8560;11543.6504
124.5988;336.5321;0.0000;718.6959;11550.6504
125.2921;336.8387;0.0000;717.3094;11557.6514
126.6788;336.8387;0.0000;720.0826;11564.6504
127.3721;337.1454;0.0000;716.2292;11571.6504
129.0654;338.1454;0.0000;716.6160;11578.6514
129.7588;338.7588;0.0000;712.0693;11585.6514
131.1454;339.7588;0.0000;715.0694;11592.6514
132.5321;340.0654;0.0000;716.6959;11599.6514
133.9187;341.0654;0.0000;717.8427;11606.6504
134.6121;341.3721;0.0000;712.3761;11613.6514
136.3053;341.6788;0.0000;716.5360;11620.6504
137.6920;342.6788;0.0000;715.6828;11627.6504
139.0786;342.9854;0.0000;714.1495;11634.6504
140.4653;343.2921;8.3199;718.2293;11641.6504
142.1586;343.5988;0.0000;713.6028;11648.6504
143.5453;343.9055;0.0000;714.0694;11655.6514
144.2386;344.2122;0.0000;717.7627;11662.6514
145.9319;344.8256;0.0000;714.2162;11669.9561
147.3186;345.1322;0.0000;715.3762;11676.9570
149.0119;345.4389;0.0000;714.9095;11683.9561
150.3985;345.7455;0.0000;714.5228;11690.9580
151.7852;346.0522;0.0000;715.6828;11697.9570
153.4785;346.3589;0.0000;715.8296;11704.9580
154.8652;346.6656;8.3199;713.9094;11712.6504
156.2518;346.9722;3.6801;717.2962;11719.6504
157.9452;347.2789;0.0000;715.3629;11726.6514
159.3318;347.5856;0.0000;715.4429;11733.6504
160.7185;347.8923;0.0000;715.7495;11740.6514
162.4118;347.5057;0.0000;713.6695;11747.6504
163.7984;347.8123;0.0000;714.7495;11754.6504
165.1850;347.4257;8.3199;716.1362;11761.6504
166.8784;347.7324;0.0000;710.6696;11768.6514
168.2650;347.6523;0.0000;715.4429;11775.6504
169.6517;347.9590;8.3199;714.0563;11782.6514
171.3450;348.2657;0.0000;711.9762;11789.6504
172.7317;347.8790;0.0000;715.1362;11796.6514
174.4250;348.1857;0.0000;713.9762;11803.6514
175.8117;348.4924;0.0000;713.0563;11810.6504
177.5050;348.1057;0.0000;717.0563;11817.6514
178.8916;348.4125;0.0000;714.2030;11824.6504
180.2782;348.7191;0.0000;715.6696;11831.6504
181.2782;348.3325;0.0000;716.6696;11838.6504
182.6649;348.9458;0.0000;712.5897;11845.6514
184.0515;348.5592;0.0000;715.7495;11852.6504
185.0515;348.8658;8.3199;716.6696;11859.9570
186.4382;348.4792;0.0000;714.6696;11866.9561
188.1315;348.7858;0.0000;716.1362;11873.9580
188.8249;348.3992;0.0000;712.5096;11880.9570
190.5182;348.7059;0.0000;712.8962;11887.9570
191.9049;348.6260;0.0000;716.0563;11895.6504
192.9048;348.9326;0.0000;713.8962;11902.6504
194.5981;348.5460;0.0000;713.3629;11909.6514
195.9848;349.1593;0.0000;717.0563;11916.6504
196.9848;349.4660;0.0000;713.8962;11923.6514
197.9848;349.0793;0.0000;714.9762;11930.6504
199.3714;349.6927;0.0000;715.9762;11937.6514
200.3714;349.9993;0.0000;712.8962;11944.6504
201.0648;349.9194;0.0000;715.7495;11951.6514
202.0648;350.2260;0.0000;714.2829;11958.6504
203.0648;350.5327;0.0000;711.6696;11965.6504
203.7581;351.1461;0.0000;717.0563;11972.6504
205.4514;350.7594;0.0000;712.5096;11979.6514
206.4514;351.0661;0.0000;713.9762;11986.6514
207.4514;351.6794;0.0000;715.7495;11993.6504
208.4514;351.9861;0.0000;712.2030;12000.6514
209.4514;351.5995;0.0000;715.1362;12007.6504
210.1447;352.2129;8.3199;715.6696;12014.6514
211.1447;352.5195;3.6801;712.8962;12021.6504
212.1447;352.8262;0.0000;714.0563;12028.6514
213.1447;352.7462;0.0000;713.3629;12035.6504
214.8381;353.0529;0.0000;711.9762;12042.9570
215.8381;353.3596;0.0000;715.1362;12049.9561
216.5314;353.6662;0.0000;711.8962;12056.9580
217.5314;354.2796;0.0000;714.7495;12063.9570
218.5314;354.5862;0.0000;715.7495;12070.9570
220.2247;354.8929;0.0000;712.2030;12078.6504
221.2247;355.5063;0.0000;714.6696;12085.6504
222.2247;355.1196;0.0000;715.9762;12092.6514
223.2247;355.4264;0.0000;711.8962;12099.6504
224.2247;355.7330;0.0000;715.4429;12106.6514
225.2247;355.3464;0.0000;714.2829;12113.6504
226.2247;355.9597;0.0000;711.5896;12120.6514
227.2247;356.2664;8.3199;715.6696;12127.6504
227.5314;356.5731;0.0000;711.8962;12134.6514
228.5314;356.1864;0.0000;712.6696;12141.6504
229.5314;356.4931;0.0000;714.7495;12148.6504
230.5314;356.1064;0.0000;712.5096;12155.6504
231.5314;356.4131;0.0000;710.9762;12162.6514
232.2247;356.7198;0.0000;714.9762;12169.6514
233.2247;356.3331;0.0000;710.2030;12176.6504
234.2247;356.6398;0.0000;713.3629;12183.6514
235.2247;356.2532;0.0000;713.9762;12190.6504
235.9181;356.2532;0.0000;711.2830;12197.6514
236.9181;355.8665;0.0000;714.7495;12204.6504
237.9181;356.1732;0.0000;711.2029;12211.6514
238.6114;356.4799;0.0000;710.3629;12218.6504
239.6114;355.7865;0.0000;716.1362;12225.9570
240.3047;356.0932;0.0000;711.8962;12232.9561
241.9981;355.7065;0.0000;714.0563;12239.9580
242.9980;356.0132;0.0000;715.3629;12246.9570
243.6914;355.6266;0.0000;711.8962;12253.9570
244.6914;355.9332;0.0000;714.4429;12260.9570
245.6914;355.5466;0.0000;714.7495;12268.6504
246.6914;355.8533;0.0000;711.9762;12275.6514
247.6914;355.1600;0.0000;713.0563;12282.6504
248.6914;355.7733;0.0000;710.8962;12289.6514
250.3846;355.0800;0.0000;712.4428;12296.6504
251.3846;354.6933;0.0000;714.7495;12303.6514
252.3846;354.6933;0.0000;711.2830;12310.6504
254.0780;354.3067;0.0000;713.0563;12317.6514
255.3846;353.9200;0.0000;714.0563;12324.6504
256.3846;353.5334;0.0000;711.2830;12331.6504
258.0780;353.1467;0.0000;713.7495;12338.6504
259.0780;353.1467;0.0000;713.3629;12345.6514
260.7713;352.7601;0.0000;710.3629;12352.6514
262.0780;352.3734;0.0000;714.7495;12359.6514
263.7713;351.6801;0.0000;713.2830;12366.6514
265.7713;351.2935;0.0000;711.9762;12373.6504
267.0780;350.9068;0.0000;714.8295;12380.6514
268.0780;350.2135;0.0000;711.8962;12387.6504
270.0779;349.1336;0.0000;711.3629;12394.6514
272.0780;348.4402;0.0000;715.4429;12401.6504
273.0780;348.0536;0.0000;710.2030;12408.9570
275.0780;347.6669;0.0000;713.4428;12415.9561
276.0780;347.2802;0.0000;714.3629;12422.9580
278.0779;346.8936;0.0000;711.2830;12429.9570
279.0779;345.5069;0.0000;713.3629;12436.9570
280.3846;345.1203;0.0000;713.2830;12443.9570
282.0780;344.7336;0.0000;711.2830;12451.6504
283.3846;343.6537;0.0000;715.4429;12458.6514
284.3846;343.2670;0.0000;711.5096;12465.6504
286.3846;341.8804;0.0000;712.6696;12472.6514
287.3846;341.4937;0.0000;714.4429;12479.6504
288.6914;341.1071;0.0000;710.5096;12486.6514
289.9980;339.7204;0.0000;713.3629;12493.6504
291.9980;339.3338;0.0000;714.2829;12500.6514
292.9980;337.9471;0.0000;710.5096;12507.6504
294.3047;337.5605;0.0000;713.3629;12514.6504
295.6114;336.1739;0.0000;714.8962;12521.6504
296.9181;335.0938;8.3199;712.2830;12528.6514
298.9181;334.7072;0.0000;713.9762;12535.6504
299.9181;333.3206;0.0000;712.1230;12542.6514
301.2248;332.9339;0.0000;712.2030;12549.6514
303.2247;331.5472;0.0000;715.6696;12556.6504
304.5314;330.4673;0.0000;710.2030;12563.6514
305.8381;329.7740;0.0000;713.2830;12570.6504
307.1447;328.6940;0.0000;715.6696;12577.6514
308.4514;327.3073;0.0000;710.1229;12584.6504
309.7581;326.2274;0.0000;713.9762;12591.6504
310.7581;324.8407;0.0000;712.8163;12598.9570
311.3715;324.1475;0.0000;712.2030;12605.9580
312.6781;322.7608;0.0000;714.2829;12612.9570
314.3715;321.6808;0.0000;712.4296;12619.9570
315.6781;320.9875;0.0000;712.5096;12626.9570
316.6781;319.9075;0.0000;715.6696;12634.6504
317.9849;319.2142;0.0000;713.8163;12641.6514
318.9849;318.1342;0.0000;712.8962;12648.6504
320.2914;316.7475;0.0000;714.8962;12655.6504
321.5981;316.0542;0.0000;711.7363;12662.6504
322.5981;314.6676;0.0000;713.5096;12669.6514
323.9049;313.2809;0.0000;715.5096;12676.6504
325.2115;312.2009;0.0000;713.0430;12683.6514
325.5182;311.5076;0.0000;715.8962;12690.6504
326.8249;310.1210;0.0000;713.4296;12697.6504
328.1315;309.0410;0.0000;713.1230;12704.6504
329.1315;307.6543;0.0000;716.5897;12711.6514
330.4382;306.9610;0.0000;713.7363;12718.6504
331.4382;305.5744;0.0000;712.8962;12725.6514
332.7449;305.1877;8.3199;717.2030;12732.6514
333.7449;303.8011;0.0000;713.3496;12739.6504
334.0515;302.4144;0.0000;714.8962;12746.6514
335.3582;301.7211;0.0000;715.8163;12753.6504
336.3582;300.6411;0.0000;713.0430;12760.6514
336.9716;299.2545;0.0000;713.2030;12767.6504
337.9716;298.5611;0.0000;714.8163;12774.6504
338.9716;297.1744;0.0000;714.4296;12781.9570
339.5849;295.7878;0.0000;718.2030;12788.9580
340.5849;294.4012;0.0000;714.6563;12795.9570
341.1982;293.7079;0.0000;716.1230;12802.9570
342.1982;292.3212;0.0000;718.5096;12809.9570
342.8116;290.9346;0.0000;714.6563;12816.9570
343.8116;290.2412;0.0000;717.8962;12824.6514
344.1183;288.8546;0.0000;719.1229;12831.6504
345.4250;287.4679;0.0000;716.7363;12838.6504
345.7317;286.7746;0.0000;719.5896;12845.6504
346.3450;285.3879;0.0000;720.5096;12852.6514
346.6517;284.0013;0.0000;720.2830;12859.6504
347.2650;282.6147;0.0000;722.6695;12866.6514
347.1850;281.2280;0.0000;720.2029;12873.6504
347.4918;279.8414;8.3199;720.5896;12880.6504
347.4118;278.4547;0.0000;726.0562;12887.6504
348.0251;277.0681;8.3199;720.1230;12894.6514
348.3318;276.3748;0.0000;722.9762;12901.6504
348.2518;274.9881;8.3199;726.6696;12908.6514
348.8652;274.2947;8.3199;719.8163;12915.6504
349.4785;272.6015;8.3199;723.2829;12922.6504
349.0919;271.9081;0.0000;723.5895;12929.6514
349.7053;271.2148;8.3199;720.8163;12936.6504
350.3186;269.8282;0.0000;726.0562;12943.6514
350.6253;268.8282;0.0000;721.1230;12950.6504
351.2386;268.1348;0.0000;721.8163;12957.6504
351.1586;266.4415;0.0000;717.9630;12964.9570
351.7720;265.7482;0.0000;727.5896;12971.9580
352.3853;265.0548;0.0000;728.7496;12978.9570
352.9987;264.0548;0.0000;732.8295;12985.9570
352.6121;263.3615;0.0000;728.2829;12992.9570
353.2254;261.6682;0.0000;731.1361;12999.9570
353.8387;261.6682;0.0000;732.3629;13007.6514
354.4521;260.6682;0.0000;729.5895;13014.6504
354.7588;259.9749;0.0000;733.1361;13021.6504
355.6788;258.9749;0.0000;731.9762;13028.6504
356.2921;258.6682;0.0000;732.2829;13035.6514
356.5988;257.9749;0.0000;734.4429;13042.6504
357.2122;256.9749;0.0000;732.2829;13049.6514
357.8256;256.6682;0.0000;732.3629;13056.6504
358.1322;255.9749;0.0000;736.0562;13063.6504
358.7455;255.6682;0.0000;732.8962;13070.6504
359.3589;255.3615;0.0000;734.0562;13077.6514
359.6656;255.0548;0.0000;732.2030;13084.6504
360.2789;254.7482;0.0000;720.1097;13091.6514
360.5856;254.4415;3.6801;696.2300;13098.6504
360.5056;254.1348;0.0000;661.4038;13105.6504
361.1190;253.8282;3.6801;587.9914;13112.6514
361.4256;252.8282;0.0000;296.4885;13119.6504
86.7891;113.1633;0.0000;295.9418;3953.9670
87.0958;112.8566;0.0000;295.3285;3956.1138
87.7092;112.5499;0.0000;295.9418;3958.2603
88.3226;111.9366;0.0000;295.9418;3960.4070
88.6292;111.6299;0.0000;295.3285;3962.8606
89.2426;111.3232;0.0000;295.9418;3965.0076
89.8559;111.0165;0.0000;296.2485;3967.1538
90.1626;110.7098;0.0000;295.9418;3969.3008
90.7759;110.4032;0.0000;296.5552;3971.4475
91.0826;110.0965;0.0000;295.9418;3973.5942
91.6960;109.7898;0.0000;296.8618;3975.7410
92.3093;109.4831;0.0000;297.4753;3977.8875
92.9227;108.8698;0.0000;296.2485;3980.0344
93.5360;108.5631;0.0000;296.8618;3982.1812
93.8427;108.2565;0.0000;297.7819;3984.3279
94.4561;107.6431;0.0000;296.2485;3986.4746
95.0694;107.3364;0.0000;297.7819;3988.6216
95.3761;107.0297;0.0000;297.7819;3990.7678
95.9894;106.7230;0.0000;296.8618;3992.9148
96.2961;106.1097;0.0000;297.7819;3995.0615
96.9094;106.1097;0.0000;296.8618;3997.2083
97.2161;105.4964;0.0000;296.5552;3999.3550
97.8295;105.4964;0.0000;298.3953;4001.5015
98.1362;105.1897;0.0000;297.1685;4003.6484
98.7495;104.8830;0.0000;297.7819;4005.7952
99.0562;104.5763;0.0000;297.7819;4007.9419
99.6695;103.9630;0.0000;297.1685;4010.0886
100.2829;103.6563;0.0000;297.7819;4012.2356
100.8962;103.3497;0.0000;297.7819;4014.3818
101.2029;102.7363;0.0000;297.7819;4016.5288
101.8162;102.1230;0.0000;298.7019;4018.9822
102.4296;101.8162;0.0000;298.0886;4021.1292
102.7363;101.2029;0.0000;298.3953;4023.2756
103.0430;100.8962;0.0000;299.6219;4025.4224
103.6563;100.5896;0.0000;297.7819;4027.5691
103.9630;100.2829;0.0000;298.7019;4029.7158
104.2697;99.6695;0.0000;298.3953;4031.8628
104.8830;99.3629;3.6801;298.3953;4034.0090
105.1897;99.0562;0.0000;299.0086;4036.1560
105.4964;98.7495;3.6801;299.0086;4038.3027
105.8030;98.1362;0.0000;298.3953;4040.4495
106.4164;97.8295;0.0000;299.0086;4042.5962
106.7230;97.2161;0.0000;298.7019;4044.7432
107.0297;96.9094;0.0000;298.7019;4046.8896
107.3364;96.6028;0.0000;299.6219;4049.0364
107.9498;95.9894;0.0000;298.0886;4051.1831
108.2565;95.6827;0.0000;299.0086;4053.3298
108.5631;95.0694;0.0000;299.6219;4055.4768
108.8698;94.4561;0.0000;298.3953;4057.6230
109.1765;93.8427;0.0000;299.6219;4059.7700
109.7898;93.2294;0.0000;299.3153;4061.9167
110.0965;92.6160;0.0000;298.3953;4064.0635
110.7098;92.0026;0.0000;299.6219;4066.2102
111.0165;91.3893;0.0000;299.3153;4068.3572
111.6299;90.7759;0.0000;299.0086;4070.5037
111.9366;90.4693;0.0000;299.9286;4072.6504
112.2432;89.8559;0.0000;299.3153;4075.1040
112.5499;89.5492;0.0000;299.6219;4077.2502
112.8566;89.2426;0.0000;299.9286;4079.3972
113.4699;88.6292;0.0000;299.0086;4081.5439
113.4699;88.3226;0.0000;299.6219;4083.6907
113.7766;88.0159;0.0000;299.9286;4085.8374
114.0833;87.4025;0.0000;299.6219;4087.9844
114.3899;87.0958;0.0000;300.5420;4090.1309
114.6966;86.4825;0.0000;300.2353;4092.2776
115.0033;85.8691;0.0000;299.9286;4094.4243
115.3100;85.5625;3.6801;300.5420;4096.5713
115.3100;84.9491;0.0000;300.5420;4098.7178
115.6166;84.3358;3.6801;300.5420;4100.8643
115.9233;84.0291;0.0000;301.1553;4103.0112
116.2300;83.4158;0.0000;300.5420;4105.1577
116.2300;82.8023;0.0000;301.1553;4107.3047
116.8434;82.4957;0.0000;301.1553;4109.4517
116.8434;81.8823;0.0000;298.3953;4111.5981
117.1501;81.2690;0.0000;301.4620;4113.7446
117.4567;80.6557;0.0000;301.7686;4115.8916
117.7634;80.3490;0.0000;301.4620;4118.0386
117.7634;79.7356;0.0000;302.0753;4120.1851
118.0701;79.1223;0.0000;301.4620;4122.3320
118.3767;78.5090;0.0000;301.7686;4124.4785
118.6834;78.2022;0.0000;302.3820;4126.6250
118.6834;77.5889;0.0000;301.4620;4128.7720
118.9901;77.2822;0.0000;301.1553;4130.9189
119.2968;76.9755;0.0000;302.0753;4133.3721
119.6034;76.3622;0.0000;301.4620;4135.5186
119.6034;76.0555;0.0000;301.1553;4137.6655
119.9101;75.7488;0.0000;301.7686;4139.8125
120.2168;75.1355;0.0000;301.4620;4141.9590
120.2168;74.8288;0.0000;301.7686;4144.1060
120.5234;74.2155;0.0000;301.4620;4146.2524
120.8301;73.9088;0.0000;302.3820;4148.3989
120.8301;73.2954;0.0000;302.9954;4150.5459
120.8301;72.6821;0.0000;301.4620;4152.6929
120.8301;72.3754;0.0000;301.7686;4154.8394
121.1368;71.7621;0.0000;302.3820;4156.9858
121.1368;71.4554;0.0000;301.4620;4159.1328
121.1368;70.8420;0.0000;301.4620;4161.2798
121.4435;70.2287;3.6801;302.0753;4163.4263
121.4435;69.9220;0.0000;301.7686;4165.5732
121.7502;69.3087;3.6801;301.4620;4167.7197
121.7502;69.0020;0.0000;300.8486;4169.8662
121.7502;68.6953;0.0000;300.8486;4172.0132
122.0569;68.3886;0.0000;300.5420;4174.1602
122.0569;68.3886;3.6801;300.8486;4176.3066
122.0569;68.0819;0.0000;301.4620;4178.4536
122.0569;67.7753;3.6801;301.4620;4180.6001
122.0569;67.7753;0.0000;300.5420;4182.7466
122.0569;67.4686;0.0000;300.8486;4184.8936
122.0569;67.1619;0.0000;299.6219;4187.0405
122.0569;66.5486;0.0000;297.4753;4189.4937
122.0569;66.2419;0.0000;301.1553;4191.6406
122.3635;65.9352;0.0000;296.5552;4193.7871
122.3635;65.3219;0.0000;298.7019;4195.9341
122.3635;65.0152;0.0000;298.7019;4198.0806
122.3635;64.7085;0.0000;297.4753;4200.2275
122.6702;64.4019;0.0000;297.7819;4202.3740
122.6702;64.0951;0.0000;298.3953;4204.5210
122.6702;63.7885;0.0000;297.1685;4206.6675
122.6702;63.4818;0.0000;297.7819;4208.8145
122.6702;63.1751;0.0000;297.7819;4210.9609
122.6702;62.8685;0.0000;296.2485;4213.1074
122.6702;62.5618;0.0000;296.8618;4215.2544
122.9769;62.2551;0.0000;296.2485;4217.4014
122.9769;61.9484;0.0000;295.6351;4219.5479
122.9769;61.6418;0.0000;295.3285;4221.6948
122.9769;61.6418;0.0000;295.3285;4223.8418
122.9769;61.6418;0.0000;295.9418;4225.9878
122.9769;61.6418;0.0000;296.5552;4228.1348
122.9769;61.6418;0.0000;295.3285;4230.2817
122.9769;61.3351;0.0000;295.6351;4232.4282
122.9769;61.3351;0.0000;295.0218;4234.5752
122.9769;61.3351;0.0000;293.4885;4236.7217
122.9769;61.3351;0.0000;291.3417;4238.8682
122.6702;61.3351;0.0000;287.6616;4241.0151
122.6702;61.3351;0.0000;282.7548;4243.1621
122.6702;61.3351;0.0000;279.0747;4245.6152
122.6702;61.3351;0.0000;270.4878;4247.7622
122.6702;61.3351;0.0000;257.3007;4249.9087
122.6702;61.3351;0.0000;237.9802;4252.0557
122.6702;61.3351;3.6801;197.8056;4254.2021
122.3635;61.3351;7.3602;121.4435;4256.3491
122.3635;61.3351;11.0403;57.9617;4258.4956
188.2988;-4.9068;0.0000;122.0569;4553.8242
188.2988;-5.2135;0.0000;122.9769;4555.9707
188.2988;-5.2135;0.0000;123.2835;4558.1177
188.2988;-5.2135;0.0000;130.0304;4560.2646
188.2988;-5.2135;0.0000;138.9240;4562.4111
188.2988;-5.2135;0.0000;142.6041;4564.5576
188.2988;-5.2135;0.0000;141.6841;4566.7046
188.2988;-5.2135;0.0000;136.4706;4568.8511
188.2988;-4.9068;0.0000;121.4435;4570.9980
188.2988;-4.9068;0.0000;46.0013;4573.1450
