200.2055;202.7945;0.0000;23.4039;0.0000
200.2055;202.7945;0.0000;66.0017;7.0000
200.2055;202.7945;0.0000;76.7685;14.0000
200.2055;202.7945;0.0000;91.2350;21.0000
200.2055;202.7945;0.0000;119.6344;28.0000
200.2055;202.7945;0.0000;141.8283;35.0000
200.2055;202.7945;0.0000;155.7336;42.0000
200.2055;202.7945;0.0000;169.9946;49.0000
200.2055;202.7945;0.0000;177.5164;56.0000
200.4111;202.7945;0.0000;186.4217;63.0000
200.4111;202.7945;0.0000;198.4771;70.7945
200.4111;202.7945;0.0000;203.9713;77.7945
200.6166;202.7945;0.0000;214.8212;84.7945
200.6166;202.7945;0.0000;220.4654;91.7945
200.8222;202.5889;0.0000;222.7541;98.7945
200.8222;202.5889;0.0000;229.1929;105.7945
201.0277;202.5889;0.0000;233.4261;112.7945
201.0277;202.3834;0.0000;236.0982;119.7945
201.0277;202.3834;0.0000;242.0981;126.7945
201.2333;202.3834;0.0000;241.5647;133.7945
201.2333;202.3834;0.0000;245.2089;141.0000
201.4388;202.1778;0.0000;247.6200;148.0000
201.4388;202.1778;0.0000;246.2920;155.0000
201.6443;201.9723;0.0000;249.7031;162.0000
201.6443;201.9723;0.0000;251.7031;169.0000
201.6443;201.9723;0.0000;249.5530;176.0000
201.8499;201.7668;0.0000;253.9364;183.0000
201.8499;201.5612;0.0000;254.1419;190.0000
201.8499;201.5612;0.0000;253.5807;197.0000
201.8499;201.3557;0.0000;255.1696;204.0000
201.8499;201.3557;0.0000;254.1973;211.0000
201.8499;201.1502;0.0000;254.6361;218.0000
201.8499;201.1502;0.0000;259.4028;225.0000
201.8499;201.1502;0.0000;255.6638;232.0000
201.8499;200.9446;0.0000;258.8694;239.0000
201.8499;200.9446;0.0000;258.4583;246.0000
201.8499;200.9446;0.0000;257.1026;253.0000
201.8499;200.7391;0.0000;259.8970;260.7945
201.8499;200.7391;0.0000;258.6915;267.7945
201.8499;200.5335;0.0000;257.5137;274.7945
201.8499;200.5335;0.0000;260.1026;281.7945
201.8499;200.5335;0.0000;258.3358;288.7944
201.8499;200.3280;0.0000;260.1580;295.7944
201.8499;200.3280;0.0000;263.9247;302.7945
201.6443;200.3280;0.0000;260.7746;309.7945
201.6443;200.1225;0.0000;262.1857;316.7945
201.6443;200.1225;0.0000;263.5691;324.0000
201.6443;200.1225;0.0000;262.2134;331.0000
201.6443;200.1225;0.0000;263.8023;338.0000
201.6443;199.9169;0.0000;265.9802;345.0000
201.6443;199.9169;0.0000;264.4189;352.0000
201.4388;199.9169;0.0000;267.5968;359.0000
201.4388;199.7114;0.0000;265.4189;366.0000
201.4388;199.7114;0.0000;265.0356;373.0000
201.4388;199.7114;0.0000;268.2134;380.0000
201.2333;199.7114;0.0000;265.6522;387.0000
201.2333;199.5058;0.0000;266.2688;394.0000
201.2333;199.5058;0.0000;268.8300;401.0000
201.0277;199.5058;0.0000;265.5020;408.0000
201.0277;199.5058;0.0000;269.4466;415.0000
201.0277;199.5058;0.0000;270.0633;422.0000
201.0277;199.3003;0.0000;267.0910;429.0000
200.8222;199.3003;0.0000;270.2688;436.0000
200.8222;199.3003;0.0000;267.8854;443.7944
200.8222;199.3003;0.0000;266.7076;450.7944
200.8222;199.3003;0.0000;268.2965;457.7945
200.8222;199.3003;0.0000;265.5297;464.7945
200.6166;199.0947;0.0000;266.7353;471.7945
200.6166;199.0947;0.0000;267.7076;478.7945
200.4111;199.0947;0.0000;265.5574;485.7945
200.4111;199.0947;0.0000;268.5298;492.7945
200.2055;199.0947;0.0000;269.1187;499.7945
200.2055;199.0947;0.0000;266.5574;506.7945
200.2055;199.0947;0.0000;269.3519;514.0000
200.0000;199.0947;0.0000;269.3519;521.0000
200.0000;198.8892;0.0000;267.7907;528.0000
199.7945;198.8892;0.0000;270.7630;535.0000
199.7945;198.0947;0.0000;268.9962;542.0000
199.7945;198.0947;0.0000;270.4073;549.0000
199.5889;198.0947;0.0000;273.1741;556.0000
199.5889;198.0947;0.0000;269.0239;563.0000
199.5889;197.8892;0.0000;271.6129;570.0000
199.3834;197.8892;0.0000;273.5851;577.0000
199.3834;197.8892;0.0000;269.4350;584.0000
199.1778;197.8892;0.0000;271.2295;591.0000
199.1778;197.8892;0.0000;271.8185;598.0000
198.9723;197.8892;0.0000;270.8461;605.0000
198.9723;197.8892;0.0000;272.8184;612.0000
198.7668;197.8892;0.0000;270.8461;619.0000
198.7668;197.8892;0.0000;273.4627;626.7945
198.7668;198.6836;0.0000;277.6129;633.7945
198.5612;198.6836;0.0000;277.6129;640.7945
198.5612;198.6836;0.0000;283.2018;647.7945
198.5612;198.6836;0.0000;285.7630;654.7945
198.3557;198.6836;0.0000;283.2018;661.7945
198.3557;198.6836;0.0000;285.7630;668.7945
198.3557;198.6836;0.0000;286.9685;675.7945
198.1502;198.6836;0.0000;287.5851;682.7945
198.1502;198.6836;0.0000;291.3242;689.7945
197.9446;198.6836;0.0000;290.1464;697.0000
197.9446;198.6836;0.0000;291.7630;704.0000
197.9446;198.6836;0.0000;295.1187;711.0000
197.7391;198.6836;0.0000;293.1464;718.0000
197.7391;198.6836;0.0000;293.9409;725.0000
197.5335;198.8892;0.0000;296.7076;732.0000
197.5335;198.8892;0.0000;294.9408;739.0000
197.5335;198.8892;0.0000;298.3242;746.0000
197.3280;198.8892;0.0000;297.9131;753.0001
197.3280;198.8892;0.0000;294.9408;760.0000
197.1225;198.0947;0.0000;299.9131;767.0001
197.9169;198.0947;0.0000;299.3242;774.0000
197.9169;198.0947;0.0000;298.3519;781.0000
197.7114;198.0947;0.0000;300.1187;788.0000
197.7114;198.0947;0.0000;297.9409;795.0000
197.7114;198.0947;0.0000;299.7630;802.0001
196.9169;198.0947;0.0000;295.7630;809.0001
196.9169;198.0947;0.0000;284.0793;816.7946
196.7114;198.0947;0.0000;277.1347;823.7946
196.7114;198.0947;0.0000;261.6289;830.7946
196.5058;198.0947;0.0000;239.7951;837.7945
196.5058;198.3003;0.0000;201.6610;844.7945
195.7114;197.5058;0.0000;167.8827;1118.7329
195.7114;197.5058;0.0000;171.1159;1125.7330
195.7114;197.5058;0.0000;177.4162;1132.7329
195.5058;197.5058;0.0000;183.1830;1139.7330
195.5058;197.7114;0.0000;184.0051;1146.9385
195.3003;197.7114;0.0000;183.3885;1153.9385
195.3003;197.9169;0.0000;198.3054;1160.9385
195.3003;197.9169;0.0000;214.1946;1167.9385
195.0947;197.9169;0.0000;228.4672;1174.9385
195.0947;198.1225;0.0000;245.3840;1181.9385
195.6836;198.1225;0.0000;249.9453;1189.7330
195.6836;198.1225;0.0000;254.7120;1196.7329
195.6836;198.1225;0.0000;256.9176;1203.7330
195.6836;198.3280;0.0000;256.3009;1210.7329
195.4781;198.3280;0.0000;261.2733;1217.7329
195.4781;198.3280;0.0000;262.4788;1224.7330
195.2726;198.3280;0.0000;263.4511;1231.7329
195.2726;198.5335;0.0000;270.4234;1238.7330
195.2726;198.5335;0.0000;269.6289;1245.7329
195.2726;198.5335;0.0000;273.9846;1252.7329
195.0671;198.5335;0.0000;278.3680;1259.7330
195.0671;198.7391;0.0000;276.7790;1266.7329
194.8615;198.7391;0.0000;282.7236;1273.7330
194.8615;198.7391;0.0000;285.5181;1280.7329
194.8615;198.9446;0.0000;284.1071;1287.7329
194.8615;198.9446;0.0000;287.6959;1294.7330
194.6560;198.9446;0.0000;288.4904;1301.7329
194.6560;199.1502;0.0000;286.6960;1308.7330
194.6560;199.9446;0.0000;290.8738;1315.7329
194.4504;199.9446;0.0000;288.3125;1322.7330
194.4504;200.1502;0.0000;288.2849;1329.7330
194.4504;200.1502;0.0000;291.4904;1336.9385
194.4504;200.1502;0.0000;288.3125;1343.9385
195.0394;200.3557;0.0000;291.0793;1350.9385
195.0394;200.3557;0.0000;293.8738;1357.9385
195.0394;200.3557;0.0000;289.1071;1364.9386
194.8338;200.5612;0.0000;293.8738;1372.7330
194.8338;200.5612;0.0000;294.2849;1379.7330
194.8338;200.5612;0.0000;293.8738;1386.7329
194.6283;200.7668;0.0000;299.0516;1393.7330
194.6283;200.7668;0.0000;296.6683;1400.7329
194.6283;200.9723;0.0000;298.2295;1407.7330
194.4227;200.9723;0.0000;304.6128;1414.7329
194.4227;200.9723;0.0000;301.2295;1421.7329
194.4227;201.1778;0.0000;302.6129;1428.7330
195.2172;201.1778;0.0000;304.4073;1435.7330
195.0116;201.3834;0.0000;299.4350;1442.7330
195.0116;201.5889;0.0000;303.4073;1449.7329
195.0116;201.5889;0.0000;304.8184;1456.7330
195.6005;201.7945;0.0000;304.2018;1463.7330
195.6005;202.0000;0.0000;308.3796;1470.7329
195.6005;201.2056;0.0000;311.7630;1477.7329
195.6005;201.4111;0.0000;314.5297;1484.7330
195.3950;200.6166;0.0000;318.1187;1491.7330
195.3950;200.8222;0.0000;317.1187;1498.7329
196.1895;200.2333;0.0000;319.6799;1505.7330
196.1895;200.2333;0.0000;322.6799;1512.7330
196.1895;199.6444;0.0000;320.0910;1519.9385
196.1895;199.6444;0.0000;325.0633;1526.9385
195.9840;199.8499;2.4665;326.0632;1533.9385
195.9840;199.0554;0.0000;323.2688;1540.9385
195.9840;199.2609;0.0000;327.4466;1547.9385
196.7784;199.2609;0.0000;325.8854;1555.7330
196.7784;198.4665;0.0000;324.8578;1562.7330
196.7784;198.6720;0.0000;327.6522;1569.7329
196.7784;198.0831;2.4665;325.8578;1576.7329
196.7784;197.2887;0.0000;325.2411;1583.7330
197.3673;197.4942;0.0000;328.0633;1590.7330
197.3673;196.9053;0.0000;325.2688;1597.7329
197.3673;197.1108;2.4665;327.4466;1604.7330
197.3673;196.3164;0.0000;327.8577;1611.7330
197.3673;196.5219;0.0000;326.0632;1618.7329
197.3673;196.5219;0.0000;328.2411;1625.7329
197.3673;195.9330;0.0000;328.0633;1632.7329
197.3673;195.9330;0.0000;326.6522;1639.7329
197.3673;196.1385;2.4665;330.2411;1646.7329
197.3673;196.1385;0.0000;328.2688;1653.7329
196.5729;195.5496;0.0000;328.4466;1660.7332
196.5729;195.5496;0.0000;332.8300;1667.7329
195.9840;194.9607;0.0000;328.2688;1674.7332
195.1895;194.9607;2.4665;333.0356;1681.7332
194.3950;194.3718;0.0000;335.2411;1688.7329
193.6005;194.5773;2.4665;335.8578;1695.7329
192.8061;193.7828;0.0000;340.3635;1702.9385
192.0116;193.1939;0.0000;351.7469;1709.9385
191.2172;192.6050;0.0000;361.8417;1716.9385
190.4227;192.6050;0.0000;374.9641;1723.9385
190.4227;192.0161;0.0000;379.3475;1730.9385
189.6283;192.0161;0.0000;383.4976;1737.9385
189.6283;192.2216;0.0000;388.2921;1745.7329
188.8338;192.2216;0.0000;383.5253;1752.7329
189.0394;192.4272;0.0000;386.7031;1759.7332
189.0394;192.4272;0.0000;388.9087;1766.7329
189.0394;192.6327;0.0000;384.5253;1773.7332
189.0394;192.8382;0.0000;388.9087;1780.7332
189.0394;192.8382;0.0000;387.9364;1787.7329
188.4504;192.8382;0.0000;387.1142;1794.7332
188.4504;193.0438;0.0000;390.9087;1801.7332
188.4504;193.0438;0.0000;387.9364;1808.7332
187.6560;193.0438;0.0000;389.9087;1815.7329
187.0671;193.2493;0.0000;393.9087;1822.7332
187.0671;193.2493;0.0000;391.1142;1829.7332
186.2726;193.4549;0.0000;393.7031;1836.7329
185.4781;193.4549;2.4665;397.4977;1843.7332
184.6836;193.6604;0.0000;395.0865;1850.7332
184.6836;193.8659;0.0000;399.6754;1857.7329
184.0947;193.8659;0.0000;403.2644;1864.7329
183.3003;193.8659;0.0000;402.8533;1871.7330
182.5058;193.2770;0.0000;407.4422;1878.7330
181.9169;193.2770;2.4665;407.8533;1885.9385
180.3280;193.2770;0.0000;410.6200;1892.9386
179.5335;193.4826;0.0000;417.5923;1899.9385
178.7391;193.4826;0.0000;417.7979;1906.9385
177.9446;193.6881;0.0000;424.5369;1913.9386
178.1502;193.6881;0.0000;431.7148;1920.9386
177.3557;193.8937;0.0000;431.0982;1928.7332
176.5612;193.8937;0.0000;435.0705;1935.7329
176.7668;194.8937;0.0000;437.4816;1942.7332
175.9723;194.8937;0.0000;434.6871;1949.7332
175.3834;195.6881;0.0000;439.6594;1956.7332
175.3834;195.8937;0.0000;438.0982;1963.7332
174.7945;196.6881;0.0000;438.0982;1970.7330
174.0000;196.8937;0.0000;442.4815;1977.7330
173.2055;197.6881;0.0000;440.5092;1984.7329
172.6166;197.8937;0.0000;440.8926;1991.7330
171.8222;198.6881;0.0000;444.0981;1998.7330
171.8222;198.8937;0.0000;441.7148;2005.7329
171.2333;199.6881;0.0000;444.0981;2012.7330
170.4388;199.6881;0.0000;443.9203;2019.7330
170.6444;200.6881;0.0000;441.5093;2026.7330
170.6444;200.6881;0.0000;444.5092;2033.7329
169.8499;201.6881;0.0000;443.3314;2040.7330
170.0554;201.6881;0.0000;442.1259;2047.7330
170.0554;202.6881;0.0000;447.5093;2054.7329
169.2609;203.4826;0.0000;442.7425;2061.7329
169.4665;203.6881;0.0000;444.1259;2068.7329
169.6720;204.4826;0.0000;447.1259;2075.9385
169.6720;205.4826;0.0000;442.9480;2082.9385
169.0831;205.4826;0.0000;445.9203;2089.9387
169.0831;206.2770;0.0000;446.5369;2096.9385
169.2887;206.2770;0.0000;443.7425;2103.9385
169.2887;207.2770;0.0000;446.7425;2111.7329
169.2887;208.0715;0.0000;446.3591;2118.7329
169.2887;208.0715;0.0000;444.9480;2125.7329
169.4942;209.0715;0.0000;448.7425;2132.7329
169.4942;209.8659;0.0000;445.1813;2139.7329
169.6997;210.8660;0.0000;445.3591;2146.7329
168.9053;211.6604;0.0000;447.5093;2153.7329
169.1108;211.6604;0.0000;444.5924;2160.7329
169.1108;212.4549;0.0000;448.3591;2167.7329
169.3164;213.2493;0.0000;449.1813;2174.7329
169.3164;213.4548;0.0000;445.3868;2181.7329
169.5219;214.2493;0.0000;448.5646;2188.7329
169.5219;215.0438;0.0000;448.0034;2195.7329
169.7274;215.0438;0.0000;446.7979;2202.7329
168.9330;215.8382;0.0000;450.3868;2209.7329
169.1385;216.6327;0.0000;447.8256;2216.7329
169.1385;217.4272;0.0000;448.5923;2223.7329
168.5496;218.4272;0.0000;451.5924;2230.7329
168.5496;219.2216;0.0000;448.4145;2237.7329
168.7551;220.0161;0.0000;450.5924;2244.7329
168.7551;220.8106;0.0000;452.7979;2251.7329
168.9607;221.6050;0.0000;448.6200;2258.9387
168.9607;221.6050;0.0000;451.0034;2265.9385
169.1662;222.3995;0.0000;451.6201;2272.9385
169.1662;223.1939;0.0000;449.6201;2279.9387
169.3718;223.9884;0.0000;453.5923;2286.9385
169.5773;223.9884;0.0000;452.0311;2293.9385
169.5773;224.7828;9.5335;452.0311;2301.7329
169.7828;225.5773;0.0000;457.5924;2308.7329
169.9884;225.5773;0.0000;449.6477;2315.7329
170.1939;226.3717;0.0000;452.0311;2322.7329
170.9884;227.1662;0.0000;454.8256;2329.7329
171.1939;227.1662;0.0000;451.6478;2336.7329
171.1939;228.1662;0.0000;455.2090;2343.7329
172.1939;228.9607;0.0000;456.0312;2350.7329
172.1939;229.7551;0.0000;453.2367;2357.7329
173.1939;230.5496;0.0000;458.2090;2364.7329
174.1939;231.3441;0.0000;455.4422;2371.7329
174.1939;232.1385;0.0000;455.0311;2378.7332
175.1939;232.9330;0.0000;461.0034;2385.7332
176.1939;232.9330;0.0000;457.8256;2392.7332
176.3995;233.7274;0.0000;458.6200;2399.7332
177.1939;234.5219;0.0000;462.2090;2406.7332
177.3995;235.3164;0.0000;459.6200;2413.7332
178.3995;236.1108;0.0000;464.1813;2420.7332
179.3995;236.9053;0.0000;466.5923;2427.7332
179.3995;237.6997;0.0000;463.7979;2434.7332
180.3995;238.4942;0.0000;468.5646;2441.9385
181.1939;239.2887;0.0000;468.3868;2448.9387
181.3995;239.2887;0.0000;467.5646;2455.9385
182.1939;240.0831;0.0000;473.1536;2462.9385
183.1939;240.8776;0.0000;469.1813;2469.9387
183.3995;240.8776;0.0000;470.3591;2476.9387
184.3995;241.6720;0.0000;474.1535;2484.7332
184.6050;241.4665;0.0000;469.3868;2491.7329
185.3995;242.2609;0.0000;473.3591;2498.7332
185.6050;243.0554;0.0000;473.3591;2505.7332
186.3995;243.0554;0.0000;470.9758;2512.7332
186.6050;243.8499;0.0000;474.3591;2519.7332
187.6050;243.8499;0.0000;473.3868;2526.7332
187.8106;244.4388;0.0000;471.9758;2533.7332
188.6050;245.2333;0.0000;475.7702;2540.7329
189.6050;245.2333;0.0000;471.7979;2547.7332
189.6050;246.0277;0.0000;472.5646;2554.7332
190.6050;246.0277;0.0000;476.9758;2561.7332
190.6050;246.8222;0.0000;471.5923;2568.7332
191.6050;246.6167;0.0000;475.7702;2575.7332
191.8106;247.4111;0.0000;476.1813;2582.7332
192.8106;247.4111;0.0000;473.1813;2589.7332
192.8106;248.2056;0.0000;475.5646;2596.7332
193.8106;248.0000;0.0000;475.0034;2603.7332
194.6050;248.0000;0.0000;473.5923;2610.7329
194.8106;248.7945;0.0000;477.3868;2617.7332
195.8105;248.7945;0.0000;472.7702;2624.7332
196.0161;249.3834;0.0000;476.0034;2631.9385
196.8106;249.3834;0.0000;479.5923;2638.9387
197.0161;249.3834;0.0000;474.4145;2645.9385
197.8106;249.9723;0.0000;476.1813;2652.9385
198.0161;249.9723;0.0000;479.0034;2659.9385
199.0161;250.7668;0.0000;474.0311;2667.7332
199.8105;250.5612;0.0000;477.4145;2674.7332
200.0161;251.3557;0.0000;477.6200;2681.7332
200.8106;251.3557;0.0000;475.8256;2688.7332
201.8106;251.9446;0.0000;479.6200;2695.7332
202.8106;251.7391;0.0000;476.2367;2702.7332
203.0161;251.7391;0.0000;477.4145;2709.7329
203.8105;252.5335;0.0000;480.4146;2716.7332
204.8106;252.3280;0.0000;476.2367;2723.7332
204.8106;252.3280;0.0000;477.4145;2730.7332
205.8106;252.1225;0.0000;480.4146;2737.7332
206.8106;252.9169;0.0000;476.2367;2744.7329
206.8106;252.7114;0.0000;480.4146;2751.7329
207.6050;252.7114;0.0000;480.8256;2758.7329
208.6050;252.7114;0.0000;478.0312;2765.7329
208.8106;252.5058;0.0000;481.2089;2772.7329
209.6050;253.3003;0.0000;478.6478;2779.7329
210.6050;253.3003;0.0000;479.2366;2786.7329
211.3995;253.0947;0.0000;483.0312;2793.7329
212.3995;252.8892;0.0000;479.4698;2800.7329
213.1939;252.8892;0.0000;481.4422;2807.7329
214.1939;252.8892;0.0000;482.6478;2814.9387
214.9884;252.6836;0.0000;479.4698;2821.9385
215.9884;252.6836;0.0000;482.0588;2828.9387
216.7828;252.4781;0.0000;483.2644;2835.9387
217.7828;252.4781;0.0000;480.6755;2842.9385
217.7828;252.2726;0.0000;485.2644;2849.9385
218.7828;251.4781;0.0000;483.2921;2857.7329
219.7828;251.2726;0.0000;481.2921;2864.7329
220.5773;251.2726;0.0000;486.6754;2871.7329
221.3718;251.0671;0.0000;483.7031;2878.7329
222.3718;251.0671;0.0000;485.0866;2885.7329
223.1662;250.8615;0.0000;489.0865;2892.7329
224.1662;250.8615;0.0000;485.1142;2899.7329
224.9607;250.6560;0.0000;489.4977;2906.7329
226.7551;250.6560;2.4665;489.7031;2913.7329
227.5496;250.4504;0.0000;487.7031;2920.7329
228.5496;250.4504;2.4665;492.4977;2927.7329
229.3441;250.4504;0.0000;490.5253;2934.7329
230.3441;250.2449;0.0000;488.4977;2941.7329
230.3441;249.2449;0.0000;493.4977;2948.7329
231.3441;249.2449;0.0000;490.1419;2955.7329
232.3440;249.0394;0.0000;489.7031;2962.7329
233.1385;249.0394;0.0000;494.9087;2969.7329
233.3441;248.8338;0.0000;490.1419;2976.7329
234.1385;247.8338;2.4665;494.7031;2983.7329
235.1385;247.6283;0.0000;495.5253;2990.7329
235.3441;247.6283;2.4665;492.7308;2997.9385
236.1385;246.6283;0.0000;495.9364;3004.9385
236.9330;246.4227;0.0000;495.5530;3011.9387
237.9330;246.4227;0.0000;493.7309;3018.9387
238.1385;245.4227;0.0000;497.1143;3025.9387
238.9330;245.2172;2.4665;493.5530;3032.9387
239.9330;244.2172;0.0000;493.4977;3040.7329
239.9330;244.2172;0.0000;501.3475;3047.7329
240.7275;243.2172;0.0000;494.1142;3054.7329
241.5219;243.2172;0.0000;499.1142;3061.7329
242.5219;242.2172;0.0000;502.1142;3068.7329
242.7274;242.0116;0.0000;497.7309;3075.7329
243.5219;241.0116;0.0000;501.3198;3082.7329
244.5219;240.8061;0.0000;502.9364;3089.7332
245.3164;239.8061;0.0000;499.7308;3096.7332
245.3164;239.8061;0.0000;504.5253;3103.7332
246.1108;238.8061;0.0000;501.3475;3110.7332
246.9053;237.8061;0.0000;504.1142;3117.7332
247.9053;237.6005;0.0000;508.7031;3124.7329
247.9053;236.6005;0.0000;505.5253;3131.7334
248.9053;236.6005;0.0000;509.2921;3138.7332
249.6997;235.6005;0.0000;511.2921;3145.7332
250.4942;235.3950;0.0000;506.1142;3152.7332
251.2887;234.6005;0.0000;511.6755;3159.7332
251.4942;234.3950;0.0000;511.7031;3166.7332
252.2887;233.3950;0.0000;510.2921;3173.7329
253.2887;232.3950;0.0000;515.2644;3180.7332
254.0831;231.3950;0.0000;512.2921;3187.9387
254.0831;230.3950;0.0000;514.4698;3194.9387
254.8776;230.1895;0.0000;518.6478;3201.9387
254.8776;229.3950;0.0000;515.0865;3208.9385
255.6720;228.3950;0.0000;517.4699;3215.9385
256.4665;227.3950;0.0000;519.8533;3223.7329
256.6720;226.3950;0.0000;514.8810;3230.7332
257.4665;226.1895;0.0000;517.6478;3237.7329
258.4665;225.1895;0.0000;519.6755;3244.7329
259.2609;224.1895;0.0000;514.8810;3251.7329
260.0554;223.1895;0.0000;520.0588;3258.7332
260.8499;222.3950;0.0000;517.4699;3265.7329
260.8499;222.1895;0.0000;517.4699;3272.7332
261.6444;221.1895;9.5335;523.6478;3279.7329
262.4388;220.1895;0.0000;517.6754;3286.7332
262.4388;219.1895;9.5335;519.4698;3293.7329
263.2332;218.1895;9.5335;522.6755;3300.7334
263.2332;216.3950;0.0000;518.2921;3307.7329
264.0277;215.3950;9.5335;521.4698;3314.7332
264.0277;214.3950;0.0000;521.8810;3321.7329
264.8222;213.6005;0.0000;518.0865;3328.7329
264.8222;212.6005;9.5335;521.6755;3335.7329
264.8222;211.6005;9.5335;521.7031;3342.7329
264.8222;210.6005;0.0000;518.2921;3349.7332
265.6166;209.8061;0.0000;524.4699;3356.7329
265.6166;208.8061;0.0000;519.3198;3363.7332
265.6166;208.8061;0.0000;513.1419;3370.9385
266.4111;207.8061;0.0000;529.8533;3377.9385
266.4111;206.8061;0.0000;524.8810;3384.9385
266.4111;205.8061;0.0000;528.2367;3391.9385
267.2056;205.0116;0.0000;529.4700;3398.9385
267.2056;204.0116;0.0000;525.4698;3406.7332
267.2056;202.2172;0.0000;529.6478;3413.7329
267.2056;201.4227;0.0000;528.2644;3420.7329
267.2056;200.4227;0.0000;527.2644;3427.7329
267.2056;199.6283;0.0000;530.8533;3434.7329
268.0000;198.6283;0.0000;527.8810;3441.7329
267.7945;197.8338;0.0000;528.4698;3448.7329
267.7945;196.8338;0.0000;531.2644;3455.7332
267.7945;195.8338;0.0000;527.0865;3462.7329
267.7945;195.0394;0.0000;529.6755;3469.7332
267.7945;194.0393;0.0000;531.8810;3476.7329
267.7945;193.0394;0.0000;527.0865;3483.7332
267.0000;193.0394;0.0000;530.2644;3490.7329
267.0000;192.0393;0.0000;531.0865;3497.7332
266.7945;191.0394;0.0000;528.0865;3504.7329
266.7945;190.2449;2.4665;530.6754;3511.7329
266.7945;189.4504;0.0000;529.1142;3518.7334
266.7945;187.6560;2.4665;529.0865;3525.7332
266.0000;186.8615;0.0000;531.2367;3532.7329
266.0000;185.8615;0.0000;529.1142;3539.7332
266.0000;185.0671;0.0000;530.2921;3546.7329
265.0000;184.2726;0.0000;533.2921;3553.9385
265.0000;183.2726;0.0000;528.9364;3560.9385
265.0000;182.4781;0.0000;532.2921;3567.9387
264.7945;181.4781;0.0000;532.1143;3574.9385
264.7945;180.6836;0.0000;529.1142;3581.9387
264.7945;179.6836;0.0000;533.8810;3588.9385
264.5889;178.8892;0.0000;531.5253;3596.7334
264.5889;177.8892;0.0000;531.1143;3603.7332
264.5889;177.0947;0.0000;533.7031;3610.7329
264.5889;176.3003;0.0000;530.7308;3617.7332
264.5889;175.3003;0.0000;532.1143;3624.7329
264.3834;173.7114;0.0000;533.9087;3631.7329
263.5889;172.9169;0.0000;529.7308;3638.7334
263.5889;171.9169;0.0000;532.9087;3645.7332
262.7945;171.1225;0.0000;532.7308;3652.7329
262.5889;170.1225;0.0000;529.7308;3659.7332
261.7944;169.3280;0.0000;534.4977;3666.7329
261.7944;169.1225;0.0000;531.5253;3673.7329
260.7945;168.3280;0.0000;530.1419;3680.7329
260.7945;167.3280;0.0000;533.0588;3687.7332
260.7945;166.5335;0.0000;531.3475;3694.7334
260.0000;165.7391;0.0000;530.5253;3701.7332
260.0000;164.7391;0.0000;534.7308;3708.7329
259.7945;164.7391;0.0000;530.3475;3715.7332
259.0000;163.7391;0.0000;533.3198;3722.7329
258.7945;162.9446;9.5335;532.7308;3729.7329
258.7945;162.9446;0.0000;529.7308;3736.7334
258.7945;161.9446;0.0000;533.5253;3743.9387
257.7944;161.1502;0.0000;531.9364;3750.9390
257.7944;160.1502;0.0000;529.9365;3757.9387
257.0000;159.3557;0.0000;534.9087;3764.9390
256.7945;158.3557;0.0000;530.3475;3771.9385
256.0000;157.5612;0.0000;529.9365;3779.7332
256.0000;156.5613;0.0000;532.9364;3786.7329
255.0000;155.7668;0.0000;528.9641;3793.7332
255.0000;154.7668;0.0000;532.3198;3800.7329
254.0000;153.9723;0.0000;532.1420;3807.7332
254.0000;153.7668;0.0000;529.3475;3814.7334
253.7945;152.9723;0.0000;532.1420;3821.7332
253.0000;151.9723;0.0000;531.1696;3828.7329
253.0000;151.9723;0.0000;529.3475;3835.7332
253.0000;150.9723;0.0000;532.7308;3842.7329
252.7945;150.9723;0.0000;528.1696;3849.7329
252.0000;149.9723;0.0000;528.3475;3856.7334
252.0000;149.9723;0.0000;532.7308;3863.7332
251.7945;148.9723;0.0000;527.9641;3870.7329
251.0000;148.9723;0.0000;530.3475;3877.7332
251.0000;147.9723;0.0000;531.1696;3884.7329
250.0000;147.1778;0.0000;526.5807;3891.7329
249.2055;146.9723;0.0000;530.5530;3898.7329
248.2056;146.1778;0.0000;529.5807;3905.7334
247.4111;145.1778;0.0000;527.9641;3912.7334
246.4111;145.1778;0.0000;530.7585;3919.7332
246.4111;144.3834;0.0000;527.1974;3926.9390
245.6166;144.1778;0.0000;528.1696;3933.9387
245.6166;143.3834;0.0000;531.1696;3940.9385
244.8222;143.1778;0.0000;526.4030;3947.9387
243.8222;142.3834;0.0000;528.3751;3954.9390
243.8222;142.1778;0.0000;531.1696;3962.7329
242.8222;142.1778;0.0000;525.6084;3969.7329
242.0277;141.3834;0.0000;529.5807;3976.7334
241.2333;141.3834;0.0000;527.6084;3983.7334
241.0277;140.3834;0.0000;526.4030;3990.7329
240.2333;140.1778;0.0000;530.3752;3997.7332
239.2333;139.3834;0.0000;526.0195;4004.7329
237.6444;139.1778;0.0000;527.1974;4011.7332
236.8499;138.3834;0.0000;531.5807;4018.7329
235.8499;137.5889;0.0000;526.0195;4025.7334
235.0555;136.5889;0.0000;528.7863;4032.7334
233.2609;135.7945;0.0000;529.9918;4039.7332
231.6720;134.7945;0.0000;525.2250;4046.7329
230.6720;134.0000;0.0000;529.1974;4053.7332
229.0831;133.0000;0.0000;528.0195;4060.7329
228.0831;132.2056;0.0000;525.0195;4067.7329
226.4942;132.2056;0.0000;529.6084;4074.7334
225.4942;131.2055;0.0000;525.6361;4081.7334
224.6997;131.2055;0.0000;525.6084;4088.7334
223.6997;130.2056;0.0000;530.1973;4095.7332
222.9053;130.2056;0.0000;525.6361;4102.7334
221.9053;130.2056;0.0000;525.8140;4109.9385
221.1108;130.0000;0.0000;529.4030;4116.9385
220.3164;129.2055;0.0000;523.8417;4123.9385
219.3164;129.2055;0.0000;528.9918;4130.9385
218.5219;129.0000;0.0000;526.2250;4137.9385
217.7275;128.2056;0.0000;524.2250;4144.9385
216.7274;128.2056;0.0000;529.1974;4152.7334
215.9330;127.2055;0.0000;526.2250;4159.7334
214.9330;127.2055;0.0000;524.2250;4166.7334
213.9330;127.0000;0.0000;529.4030;4173.7334
213.1385;126.2056;0.0000;523.6361;4180.7334
212.3440;126.2056;0.0000;525.0195;4187.7329
211.3440;125.4111;0.0000;528.0195;4194.7334
209.7551;125.2055;0.0000;524.0472;4201.7334
208.7551;124.4111;0.0000;526.0195;4208.7334
207.7551;124.2056;0.0000;526.0195;4215.7334
206.1662;123.4111;0.0000;523.2250;4222.7334
205.3718;123.4111;0.0000;526.0195;4229.7329
203.5773;123.4111;0.0000;526.4306;4236.7329
202.7828;122.4111;2.4665;523.6361;4243.7334
200.9884;122.4111;0.0000;527.8140;4250.7334
199.1939;121.6166;0.0000;524.0472;4257.7334
197.6050;121.4111;0.0000;524.0195;4264.7334
195.8105;120.6166;0.0000;527.6084;4271.7334
194.2216;120.6166;0.0000;523.8417;4278.7329
192.4272;119.6166;0.0000;527.4030;4285.7329
190.8382;118.8222;2.4665;530.1973;4292.7334
189.0438;118.8222;0.0000;526.0195;4299.9385
187.4548;117.8222;2.4665;529.9918;4306.9385
185.6604;117.8222;0.0000;531.1974;4313.9385
184.8660;117.0277;0.0000;528.7863;4320.9385
183.0715;117.0277;0.0000;532.3752;4327.9385
181.4826;116.8222;0.0000;529.1974;4335.7334
179.6881;116.0277;0.0000;531.5807;4342.7334
178.6881;116.0277;0.0000;533.9641;4349.7334
177.0992;116.0277;2.4665;530.4030;4356.7329
176.0992;115.8222;0.0000;532.9641;4363.7334
175.3047;115.0277;0.0000;534.7585;4370.7334
173.5103;114.8222;0.0000;530.8140;4377.7334
172.5103;114.8222;0.0000;534.5530;4384.7334
171.7158;114.8222;0.0000;534.5807;4391.7334
170.7158;114.8222;0.0000;532.3752;4398.7334
169.7158;114.6166;0.0000;535.5530;4405.7329
168.7158;114.6166;0.0000;532.5807;4412.7334
167.7158;114.6166;0.0000;532.9364;4419.7334
167.7158;114.6166;0.0000;536.3475;4426.7334
166.7158;114.6166;0.0000;532.9641;4433.7334
165.7158;115.4111;0.0000;533.7308;4440.7334
165.5103;115.4111;0.0000;535.9364;4447.7329
164.5103;115.4111;0.0000;531.1696;4454.7329
164.3047;116.2055;0.0000;535.5253;4461.7334
163.3047;116.0000;0.0000;535.1420;4468.7334
162.5103;116.7945;0.0000;533.1420;4475.7334
162.3047;116.7945;0.0000;537.7308;4482.9385
161.3047;116.7945;0.0000;534.5530;4489.9390
161.0992;117.5889;0.0000;534.3475;4496.9385
160.0992;117.5889;0.0000;538.3198;4503.9390
158.8937;118.3834;0.0000;534.3475;4510.9385
158.6881;119.1778;0.0000;534.9087;4518.7334
157.6881;119.1778;0.0000;537.4977;4525.7329
157.4826;119.9723;0.0000;534.1143;4532.7334
156.4826;120.7667;0.0000;537.0865;4539.7334
156.2770;121.5612;0.0000;537.4977;4546.7334
155.2770;122.1502;0.0000;536.0865;4553.7334
155.0715;122.9446;0.0000;538.8810;4560.7334
154.0715;123.7391;0.0000;536.0865;4567.7334
153.0715;124.5335;0.0000;536.8810;4574.7329
152.2770;125.3280;0.0000;538.8533;4581.7334
152.0715;126.1224;0.0000;536.0865;4588.7334
151.0715;126.9169;0.0000;536.2644;4595.7334
150.0715;126.9169;0.0000;538.6478;4602.7334
149.0715;127.7114;0.0000;536.0865;4609.7334
148.0715;128.5058;0.0000;538.6478;4616.7334
147.2770;129.5058;0.0000;538.6478;4623.7329
146.2770;130.3003;0.0000;535.6478;4630.7334
146.0715;131.8892;0.0000;539.2366;4637.7334
145.2770;132.4781;0.0000;538.2367;4644.7334
144.2770;133.2726;0.0000;536.6478;4651.7334
143.4826;134.0671;0.0000;542.2089;4658.7334
143.2770;134.8615;0.0000;537.8533;4665.9390
142.2770;135.6560;0.0000;538.6200;4672.9385
142.0715;135.6560;0.0000;542.2089;4679.9390
141.2770;136.4504;0.0000;536.4423;4686.9385
141.0715;137.2449;0.0000;541.0034;4693.9390
140.0715;137.2449;0.0000;541.6200;4700.9385
139.2770;138.0394;0.0000;538.0312;4708.7334
139.0715;138.8338;0.0000;541.2089;4715.7334
138.0715;139.6283;0.0000;541.4145;4722.7334
137.0715;139.6283;0.0000;537.4146;4729.7334
136.2770;140.4227;0.0000;542.5923;4736.7334
135.2770;141.2172;0.0000;538.0312;4743.7329
135.2770;142.0116;0.0000;539.7979;4750.7334
134.2770;143.0116;0.0000;543.3868;4757.7334
133.2770;143.8061;0.0000;538.0312;4764.7334
133.2770;144.6005;0.0000;540.1813;4771.7334
132.2770;145.3950;0.0000;542.9758;4778.7334
131.4826;145.3950;0.0000;536.7979;4785.7334
130.4826;146.1895;0.0000;541.5646;4792.7329
130.2770;146.9840;0.0000;541.7702;4799.7334
129.4826;147.7784;0.0000;540.1813;4806.7334
128.4826;148.7784;0.0000;542.1536;4813.7334
127.4826;148.7784;0.0000;539.7702;4820.7334
126.6881;149.5729;0.0000;539.7425;4827.7334
126.4826;150.3673;0.0000;543.9480;4834.7329
125.6881;151.1618;0.0000;539.7702;4841.7334
124.6881;152.7507;0.0000;541.3314;4848.7334
123.6881;153.5452;0.0000;542.5369;4855.9390
122.6881;154.5452;0.0000;539.3591;4862.9385
122.4826;156.1341;0.0000;541.9203;4869.9390
121.6881;157.1341;0.0000;542.5369;4876.9385
120.6881;158.7230;0.0000;539.1259;4883.9385
119.6881;159.5174;0.0000;542.3037;4891.7334
118.6881;160.3119;0.0000;540.3314;4898.7334
117.8937;161.1063;0.0000;540.5093;4905.7334
116.8937;162.1064;0.0000;542.8926;4912.7329
116.6881;162.9008;0.0000;540.7148;4919.7334
115.6881;163.6953;0.0000;540.3037;4926.7334
115.4826;164.4898;0.0000;542.8926;4933.7334
114.4826;165.4898;0.0000;539.7148;4940.7334
114.2770;167.0787;0.0000;542.4816;4947.7334
113.2770;167.8731;0.0000;542.8926;4954.7334
113.0715;168.8731;0.0000;539.8927;4961.7329
112.0715;169.6676;0.0000;543.8649;4968.7334
112.0715;170.4621;0.0000;542.8926;4975.7334
111.0715;171.4621;0.0000;541.4816;4982.7334
110.8659;172.2565;0.0000;545.4539;4989.7334
110.0715;173.8454;0.0000;541.4816;4996.7334
109.8659;174.6399;0.0000;542.0704;5003.7334
108.8659;175.6399;0.0000;544.6594;5010.7334
108.8659;176.4343;0.0000;541.6871;5017.7334
107.8659;177.4343;0.0000;544.2484;5024.7334
107.6604;177.4343;0.0000;544.6594;5031.7334
107.4548;178.4343;0.0000;541.8650;5038.9385
107.4548;180.0233;0.0000;544.6317;5045.9385
107.2493;180.8177;0.0000;543.4538;5052.9385
107.0438;181.8177;0.0000;541.8372;5059.9385
107.0438;181.8177;0.0000;546.0150;5066.9385
106.0438;183.6122;0.0000;541.2483;5074.7334
105.8382;183.6122;0.0000;542.2206;5081.7329
104.8382;184.6122;0.0000;545.0151;5088.7334
104.8382;185.6122;0.0000;541.4538;5095.7334
104.6327;186.4066;0.0000;543.6040;5102.7334
103.6327;187.4066;0.0000;544.2206;5109.7334
103.4271;187.6122;0.0000;541.4262;5116.7334
103.2216;188.4067;0.0000;543.9873;5123.7334
103.0161;188.6122;0.0000;544.6040;5130.7329
102.8106;189.4066;0.0000;542.3984;5137.7334
102.6050;189.6122;0.0000;546.9597;5144.7334
103.3995;190.6122;0.0000;544.3984;5151.7334
103.1939;190.6122;0.0000;545.1652;5158.7334
103.1939;191.4066;0.0000;550.9319;5165.7334
102.9884;192.4066;0.0000;547.9597;5172.7334
101.9884;193.2011;0.0000;552.1098;5179.7334
101.9884;193.4067;0.0000;554.9043;5186.7334
101.7828;194.4066;0.0000;549.5209;5193.7334
101.5773;195.2011;0.0000;554.0820;5200.7334
101.5773;196.2011;0.0000;555.3153;5207.7334
101.3717;196.9956;0.0000;553.8766;5214.7334
101.3717;197.9956;0.0000;558.6433;5221.9385
101.1662;198.2011;0.0000;558.8489;5228.9390
101.1662;198.9956;0.0000;560.8212;5235.9385
101.1662;199.7900;0.0000;567.3823;5242.9390
101.7551;200.7900;0.0000;563.6156;5249.9385
101.7551;201.5845;0.0000;565.3270;5256.9390
101.5496;202.5845;0.0000;568.9713;5264.7334
101.5496;203.3790;0.0000;561.0266;5271.7334
102.1385;204.3790;0.0000;568.7657;5278.7334
101.9330;205.3790;0.0000;565.7935;5285.7334
101.9330;206.3790;0.0000;561.9990;5292.7334
101.7275;207.1734;0.0000;567.3547;5299.7329
101.7275;207.3790;0.0000;564.9713;5306.7334
101.7275;208.3790;0.0000;565.9436;5313.7334
101.5219;209.1734;0.0000;572.9159;5320.7334
102.3164;210.1734;0.0000;570.5325;5327.7334
102.3164;210.9679;0.0000;573.0937;5334.7334
102.1108;211.9679;0.0000;576.0937;5341.7334
102.1108;212.7623;0.0000;572.9159;5348.7334
101.9053;213.7623;0.0000;577.4772;5355.7334
101.6997;214.7623;0.0000;577.4772;5362.7334
101.6997;215.5568;0.0000;574.6827;5369.7334
101.6997;216.5568;0.0000;579.0660;5376.7334
102.2887;217.5568;0.0000;576.8882;5383.7334
102.2887;219.1457;0.0000;576.2716;5390.7334
102.2887;220.1457;0.0000;580.4494;5397.7334
102.2887;220.9402;0.0000;576.6827;5404.9390
102.8776;221.9402;0.0000;576.6550;5411.9385
102.8776;222.7346;0.0000;580.4494;5418.9390
102.6720;223.7346;0.0000;577.4772;5425.9385
102.4665;224.7346;0.0000;580.0383;5432.9390
102.4665;225.5291;0.0000;582.6550;5439.9385
102.2609;226.5291;0.0000;578.8328;5447.7334
102.0554;227.5291;0.0000;583.2162;5454.7334
102.0554;228.3235;0.0000;582.2439;5461.7334
101.8498;229.3235;0.0000;581.4217;5468.7329
101.8498;230.3235;0.0000;585.8051;5475.7334
102.6444;231.1180;0.0000;583.0383;5482.7334
103.2333;232.1180;0.0000;583.0106;5489.7334
103.8222;233.1180;0.0000;586.7774;5496.7334
104.6166;234.1180;0.0000;583.4217;5503.7334
105.2056;235.7069;0.0000;587.1885;5510.7334
106.0000;236.7069;0.0000;586.7774;5517.7334
106.5889;237.7069;0.0000;585.0106;5524.7334
107.3834;238.5014;0.0000;586.9829;5531.7334
107.1778;239.5014;0.0000;588.8051;5538.7334
107.9723;240.5014;0.0000;587.5719;5545.7334
108.5612;240.7069;0.0000;593.9275;5552.7334
108.3557;241.5014;0.0000;591.9551;5559.7334
109.1502;242.5014;0.0000;594.7220;5566.7334
109.1502;243.5014;0.0000;598.8998;5573.7334
109.1502;244.5014;0.0000;594.7220;5580.7334
108.9446;245.5014;0.0000;598.4886;5587.7334
108.9446;245.7069;0.0000;600.2832;5594.9390
109.5335;247.2959;0.0000;596.3109;5601.9385
110.1225;248.2959;0.0000;602.0776;5608.9390
110.9169;249.2959;0.0000;602.4886;5615.9385
110.9169;250.2959;0.0000;599.6942;5622.9390
111.7113;250.5014;0.0000;604.2556;5630.7334
112.3003;251.2959;0.0000;599.6942;5637.7329
112.3003;251.5014;0.0000;601.4610;5644.7334
112.8892;252.5014;0.0000;605.6389;5651.7334
112.8892;252.7069;0.0000;600.2832;5658.7334
113.6836;253.7069;0.0000;604.2556;5665.7334
113.6836;253.7069;0.0000;605.8444;5672.7334
113.6836;254.7069;0.0000;600.2832;5679.7334
114.4781;254.9124;0.0000;603.6389;5686.7334
114.4781;255.7069;0.0000;604.2556;5693.7334
115.2726;255.9125;0.0000;601.2555;5700.7334
115.0671;256.9125;0.0000;605.4056;5707.7334
115.0671;257.7070;0.0000;603.6389;5714.7334
115.8615;257.9125;0.0000;603.2278;5721.7334
116.6560;258.9125;0.0000;606.0222;5728.7334
116.6560;259.9124;0.0000;603.8444;5735.7334
117.4504;259.9124;0.0000;603.8168;5742.7334
117.2449;260.9124;0.0000;606.8168;5749.7334
118.0394;261.1180;0.0000;603.6389;5756.7334
118.0394;262.1180;0.0000;605.8168;5763.7334
118.0394;262.3236;0.0000;604.3779;5770.7334
118.8338;262.5291;0.0000;603.2278;5777.9385
118.8338;263.5291;0.0000;606.4056;5784.9385
118.8338;263.7346;0.0000;604.2278;5791.9385
119.6283;264.7346;0.0000;603.6112;5798.9385
119.6283;264.9402;0.0000;607.7889;5805.9390
120.4227;265.9402;0.0000;604.2278;5812.9385
120.4227;266.9402;0.0000;604.6112;5820.7334
121.2172;267.1457;0.0000;607.4056;5827.7334
121.0116;268.1457;2.4665;603.4333;5834.7334
121.8061;268.3512;0.0000;606.9946;5841.7334
121.8061;269.3512;2.4665;606.6112;5848.7334
122.6005;269.5568;0.0000;603.8168;5855.7334
122.6005;270.5568;0.0000;607.3779;5862.7334
122.6005;270.7623;0.0000;605.6112;5869.7334
123.3950;271.7623;2.4665;605.2001;5876.7334
123.3950;271.9679;0.0000;609.3779;5883.7334
123.3950;272.9679;2.4665;604.6112;5890.7334
124.1895;273.1734;0.0000;604.9669;5897.7334
124.1895;274.1734;0.0000;608.1724;5904.7334
124.9840;274.3790;0.0000;604.2001;5911.7334
124.9840;275.3790;0.0000;607.3779;5918.7334
125.7784;276.3790;2.4665;607.5835;5925.7334
125.7784;276.5845;0.0000;604.5835;5932.7334
126.5729;277.5845;0.0000;607.3779;5939.7334
126.5729;277.7900;0.0000;606.7890;5946.7334
127.3673;278.7900;0.0000;603.3779;5953.7334
127.5729;278.9956;0.0000;608.5835;5960.9385
128.3673;279.9956;0.0000;604.2001;5967.9390
128.3673;279.9956;0.0000;605.1724;5974.9385
129.1618;280.9956;0.0000;609.7614;5981.9390
129.1618;281.2011;0.0000;604.2001;5988.9385
129.9563;281.4067;0.0000;606.9669;5995.9390
129.9563;282.4067;0.0000;608.1724;6003.7334
130.9562;283.4067;0.0000;604.2001;6010.7334
131.7507;284.4067;0.0000;608.1724;6017.7334
132.5452;284.6122;0.0000;607.7889;6024.7329
133.3396;285.6122;0.0000;604.1724;6031.7334
133.3396;286.6122;0.0000;609.7614;6038.7329
134.1341;287.6122;0.0000;606.2001;6045.7334
135.1341;287.8177;0.0000;606.5835;6052.7334
135.9285;288.8177;0.0000;610.1724;6059.7334
136.1341;289.8177;0.0000;605.4056;6066.7334
136.9285;290.0233;0.0000;608.3779;6073.7334
137.7230;291.0233;0.0000;610.1724;6080.7334
138.5174;291.2288;0.0000;606.2001;6087.7334
139.3119;292.4343;0.0000;610.3779;6094.7334
140.1063;292.6399;0.0000;610.7889;6101.7334
140.9008;293.0510;0.0000;608.2001;6108.7334
141.6953;294.0510;0.0000;611.5835;6115.7334
141.9008;294.4621;0.0000;609.0222;6122.7329
142.6953;295.4620;0.0000;609.8168;6129.7334
143.4898;295.8731;0.0000;612.9945;6136.7329
144.2842;296.8731;0.0000;609.6389;6143.7334
145.0787;297.0787;0.0000;611.6112;6150.9385
146.8731;297.2842;0.0000;612.9945;6157.9385
147.6676;298.2842;0.0000;609.2278;6164.9385
148.4621;298.4898;0.0000;613.9945;6171.9385
149.4621;298.6953;0.0000;612.8168;6178.9385
150.2565;299.9009;0.0000;611.0222;6186.7334
151.2565;300.1064;0.0000;614.4056;6193.7334
152.0510;300.3120;0.0000;612.4333;6200.7334
152.8454;300.5175;0.0000;612.0222;6207.7334
153.6399;301.5175;0.0000;616.6112;6214.7334
154.6399;301.7230;0.0000;611.8444;6221.7334
155.4343;301.9285;0.0000;613.2278;6228.7334
156.2288;302.1341;0.0000;616.0222;6235.7334
157.2288;303.1341;0.0000;611.8444;6242.7329
158.0233;303.3396;0.0000;614.4056;6249.7334
159.0233;303.5452;0.0000;615.6389;6256.7329
160.0233;304.3396;0.0000;611.8444;6263.7329
160.8177;304.5452;0.0000;615.2278;6270.7334
161.8177;304.7507;0.0000;614.0499;6277.7334
162.6122;304.7507;9.5335;612.8444;6284.7334
163.4066;304.9562;0.0000;617.6112;6291.7334
164.4066;305.9562;0.0000;612.6666;6298.7334
165.2011;305.9562;9.5335;613.6389;6305.7334
165.9956;306.1618;0.0000;617.4333;6312.7334
167.7901;306.1618;0.0000;611.8721;6319.7334
168.5845;306.9562;0.0000;615.0222;6326.7334
170.3790;307.1618;0.0000;615.6389;6333.9385
171.9679;307.9562;0.0000;612.4610;6340.9385
172.7623;308.1618;0.0000;615.2278;6347.9385
174.5568;309.1618;0.0000;615.8444;6354.9385
175.3512;309.1618;0.0000;613.0499;6361.9385
176.3512;309.1618;0.0000;617.6112;6368.9385
177.1457;310.1618;0.0000;613.8721;6376.7329
178.7346;310.1618;0.0000;613.8444;6383.7329
179.7346;310.3673;0.0000;617.2278;6390.7334
180.5291;310.3673;0.0000;610.2278;6397.7334
181.5291;311.3673;0.0000;615.6389;6404.7334
182.5291;311.3673;0.0000;617.4333;6411.7334
184.1180;311.5729;0.0000;612.0776;6418.7334
184.9125;311.5729;0.0000;615.8444;6425.7334
185.7069;311.7784;0.0000;616.0499;6432.7334
187.5014;311.7784;0.0000;613.6666;6439.7334
188.5014;311.9839;0.0000;617.4333;6446.7334
189.2959;312.9840;0.0000;613.8721;6453.7334
191.0903;312.1895;0.0000;615.0499;6460.7334
191.8848;312.3950;0.0000;617.8444;6467.7334
192.6792;312.3950;0.0000;613.8721;6474.7329
193.6792;312.6006;0.0000;615.6389;6481.7334
195.2681;312.6006;0.0000;617.4333;6488.7334
196.2681;312.6006;0.0000;613.8721;6495.7334
197.0626;312.6006;0.0000;617.6389;6502.7334
197.8571;312.8061;0.0000;616.2555;6509.7334
198.8570;312.8061;0.0000;613.6666;6516.9385
199.6515;313.0116;0.0000;618.8444;6523.9385
201.4460;313.0116;0.0000;614.2832;6530.9390
202.2405;312.4227;0.0000;613.4056;6537.9390
203.0349;312.4227;9.5335;618.8444;6544.9385
204.8293;312.6283;0.0000;614.0776;6551.9385
205.6238;312.6283;0.0000;616.2555;6559.7334
206.6238;312.6283;0.0000;618.0499;6566.7334
208.2128;312.8338;0.0000;614.2832;6573.7334
209.0072;312.8338;0.0000;617.0500;6580.7334
210.0072;313.0394;0.0000;617.2555;6587.7329
211.5961;312.2449;0.0000;613.8721;6594.7334
212.3906;312.2449;0.0000;617.8444;6601.7334
213.3906;311.6560;0.0000;614.4886;6608.7334
214.9795;311.6560;9.5335;613.8721;6615.7334
215.9795;311.6560;0.0000;619.2556;6622.7334
216.7740;311.0671;9.5335;614.4886;6629.7334
217.7739;311.0671;0.0000;614.6666;6636.7334
219.3629;311.2726;0.0000;618.4610;6643.7334
220.3629;310.4781;0.0000;613.2832;6650.7334
221.9518;310.4781;0.0000;617.2555;6657.7334
222.7462;310.6837;0.0000;616.8721;6664.7334
224.5407;310.6837;0.0000;613.0776;6671.7334
225.3352;309.8892;0.0000;617.2555;6678.7334
227.1296;310.0947;0.0000;616.2832;6685.7334
228.7186;310.0947;0.0000;613.8721;6692.7329
229.7186;310.3003;0.0000;619.0499;6699.7334
231.5130;309.5058;0.0000;613.8998;6706.9385
233.1019;309.5058;0.0000;613.4611;6713.9385
234.8964;308.9169;0.0000;618.8721;6720.9390
235.8964;308.9169;0.0000;612.8998;6727.9390
237.4853;308.3280;0.0000;616.6666;6734.9385
238.4853;308.3280;0.0000;616.8721;6742.7334
239.4853;307.7391;0.0000;613.6943;6749.7334
241.0742;307.7391;0.0000;617.6666;6756.7334
242.0742;306.9446;0.0000;616.2832;6763.7334
243.0742;307.1501;0.0000;613.8721;6770.7334
243.8687;306.3557;0.0000;618.6666;6777.7334
244.8687;306.5613;0.0000;614.8998;6784.7334
245.8687;305.7668;0.0000;614.0776;6791.7334
246.6632;304.9723;0.0000;618.6666;6798.7334
247.6632;305.1778;0.0000;613.5165;6805.7334
248.6631;304.3834;0.0000;616.4611;6812.7334
249.6631;303.7944;0.0000;618.0776;6819.7334
250.4576;303.0000;0.0000;613.5165;6826.7334
251.4576;303.2056;0.0000;616.8721;6833.7334
251.6631;302.4111;0.0000;616.6942;6840.7334
252.4576;301.6166;0.0000;614.8998;6847.7334
253.4576;301.0277;0.0000;618.0776;6854.7334
255.2521;300.2332;0.0000;615.3109;6861.7334
256.2520;300.4388;0.0000;616.0776;6868.7334
257.2521;299.6444;0.0000;619.0776;6875.7334
259.0466;299.0554;0.0000;614.7220;6882.7334
260.0465;298.2609;0.0000;616.6942;6889.9390
260.8410;297.4665;0.0000;618.4887;6896.9385
261.8410;297.6720;0.0000;613.3386;6903.9385
263.6355;296.8776;0.0000;617.6942;6910.9390
264.6355;296.0831;0.0000;618.9275;6917.9390
265.4299;295.4942;0.0000;615.5165;6925.7334
266.4299;294.6997;0.0000;618.6943;6932.7334
267.4299;294.1108;0.0000;615.9275;6939.7329
268.4299;293.3163;0.0000;616.8998;6946.7334
270.2244;292.5219;0.0000;620.4887;6953.7334
271.2244;291.7275;0.0000;617.3109;6960.7334
272.0188;291.1385;0.0000;619.8721;6967.7334
273.0188;289.5496;0.0000;623.0776;6974.7334
274.0189;288.7551;0.0000;618.3109;6981.7334
275.0188;288.1662;0.0000;622.0776;6988.7334
276.0188;286.5773;0.0000;622.5164;6995.7334
277.0188;285.9884;0.0000;619.1053;7002.7334
278.0189;285.1939;0.0000;623.0776;7009.7334
279.0188;283.8106;0.0000;620.5165;7016.7334
279.0188;283.0161;0.0000;622.0776;7023.7334
280.0188;281.6327;0.0000;630.4333;7030.7334
281.0188;280.8383;0.0000;627.6666;7037.7334
281.2244;279.2493;0.0000;632.0222;7044.7334
281.6355;277.8659;9.5335;637.2001;7051.7334
282.6355;276.2770;2.4665;636.4056;7058.7334
282.8410;275.4826;0.0000;642.7614;7065.7334
283.0466;273.8936;0.0000;643.9669;7072.9385
284.0466;272.5103;2.4665;642.3779;7079.9390
284.2521;271.7158;0.0000;646.3502;7086.9385
284.4576;270.1269;0.0000;644.1724;7093.9385
285.6632;269.5380;0.0000;642.1170;7100.9385
285.8687;267.9490;0.0000;648.7336;7107.9390
287.0742;267.1546;0.0000;644.3779;7115.7334
287.2798;266.5657;0.0000;645.5557;7122.7334
288.2798;265.7712;0.0000;648.3502;7129.7334
288.6909;264.1823;0.0000;643.7891;7136.7334
289.6909;263.3878;0.0000;647.7336;7143.7334
290.1020;262.7989;0.0000;647.1724;7150.7334
291.1019;262.0045;2.4665;644.7889;7157.7334
291.5130;260.4155;0.0000;649.3503;7164.7334
292.5130;259.6211;0.0000;647.5835;7171.7334
293.5130;258.8266;2.4665;646.7613;7178.7334
294.7186;258.0322;0.0000;651.9391;7185.7334
294.9241;257.2377;0.0000;649.9669;7192.7334
296.1297;256.4432;0.0000;652.3224;7199.7334
297.1297;255.6488;0.0000;659.5004;7206.7334
297.5407;254.8543;0.0000;657.9114;7213.7334
298.5407;253.2654;0.0000;664.4450;7220.7334
298.9518;252.4709;0.0000;667.4449;7227.7334
299.1573;251.6765;2.4665;665.8560;7234.7334
299.3629;250.8820;0.0000;669.6228;7241.7334
299.7739;250.8820;0.0000;670.2394;7248.7329
299.9795;250.0876;2.4665;667.4449;7255.7334
300.1850;249.2931;9.5335;673.0062;7262.9385
300.5961;248.4986;0.0000;670.0338;7269.9390
300.8017;247.7042;9.5335;671.4172;7276.9390
301.0072;246.7042;0.0000;675.2117;7283.9385
301.4183;245.9097;0.0000;669.8560;7290.9385
301.6238;245.1152;0.0000;672.2118;7298.7334
301.8294;245.1152;9.5335;675.4172;7305.7334
303.0349;244.3208;0.0000;671.8560;7312.7334
303.4460;243.3208;9.5335;675.2117;7319.7334
303.6515;242.5263;2.4665;674.0338;7326.7334
304.8571;241.7319;0.0000;670.4450;7333.7334
305.0626;241.7319;0.0000;676.4172;7340.7334
306.0626;240.9374;9.5335;672.8560;7347.7334
306.2681;239.9374;0.0000;673.0339;7354.7334
306.6792;239.1430;0.0000;677.4172;7361.7334
307.8848;237.5540;0.0000;673.0616;7368.7334
308.0903;236.7596;0.0000;676.2394;7375.7334
308.2958;235.9651;0.0000;669.2949;7382.7334
308.5014;235.1707;0.0000;677.2394;7389.7334
308.7070;233.3762;0.0000;681.0062;7396.7334
309.1180;232.5817;0.0000;683.8007;7403.7334
310.1180;231.5817;0.0000;680.4172;7410.7334
310.5291;230.7873;0.0000;684.7729;7417.7334
310.7346;229.1983;0.0000;681.8284;7424.7334
310.9402;228.4039;0.0000;683.0062;7431.7334
311.1457;227.6094;0.0000;688.7729;7438.7334
311.3512;226.0205;0.0000;684.8284;7445.9385
311.5568;225.0205;0.0000;684.5951;7452.9385
311.7623;224.0205;2.4665;688.9785;7459.9390
312.1734;222.4316;0.0000;685.0339;7466.9390
312.5845;221.4316;2.4665;688.8007;7473.9385
312.9956;219.6371;0.0000;688.6228;7481.7334
313.2011;218.8427;0.0000;685.2394;7488.7334
313.6122;217.0482;0.0000;689.8007;7495.7334
314.6122;215.2538;0.0000;688.4449;7502.7334
315.0233;214.4593;0.0000;687.0338;7509.7334
315.2288;212.6649;0.0000;694.0062;7516.7334
315.6399;211.8704;0.0000;687.0616;7523.7334
315.0510;210.0759;0.0000;689.2394;7530.7334
315.4621;209.0759;0.0000;694.8284;7537.7334
315.6676;207.2814;0.0000;687.6782;7544.7334
316.0787;206.2814;0.0000;690.1841;7551.7334
316.4898;204.4870;0.0000;691.8560;7558.7334
316.9008;203.4870;0.0000;688.6782;7565.7334
317.1064;202.4870;0.0000;693.2394;7572.7334
316.7230;201.6925;0.0000;691.4727;7579.7334
316.9285;199.8981;0.0000;690.0616;7586.7334
317.3396;198.6925;0.0000;694.8284;7593.7334
317.5452;197.6925;0.0000;689.8837;7600.7334
317.9562;196.6925;0.0000;689.4727;7607.7334
318.1618;195.6925;0.0000;695.4450;7614.7334
318.3673;194.4870;0.0000;689.2949;7621.7334
318.5729;193.4870;0.0000;691.8560;7628.9390
318.7784;191.6925;9.5335;693.4727;7635.9385
318.1895;190.6925;0.0000;689.2949;7642.9385
318.3951;189.6925;9.5335;692.0616;7649.9390
318.6006;188.6925;0.0000;693.4727;7656.9390
318.0116;187.6925;0.0000;688.8837;7663.9385
318.2172;186.6925;0.0000;692.6782;7671.7334
318.4227;185.6925;0.0000;690.9114;7678.7334
317.6283;184.6925;0.0000;689.8837;7685.7334
317.8338;182.8981;0.0000;694.8837;7692.7334
318.0394;182.1036;0.0000;689.7059;7699.7334
317.2449;181.1036;0.0000;692.8837;7706.7334
317.4504;180.1036;0.0000;694.8284;7713.7334
316.8615;179.1036;0.0000;690.9114;7720.7334
316.8615;178.1036;0.0000;696.0616;7727.7334
316.2726;177.1036;0.0000;693.5004;7734.7334
316.2726;176.3092;0.0000;694.0893;7741.7334
315.6837;175.3092;2.4665;697.2671;7748.7334
315.0947;174.3092;0.0000;694.8837;7755.7334
315.3003;173.3092;0.0000;697.4727;7762.7334
314.5058;171.5147;0.0000;702.6506;7769.7334
313.9169;170.5147;0.0000;697.8837;7776.7334
314.1225;169.5147;2.4665;699.0062;7783.7334
313.5335;168.5147;0.0000;705.2394;7790.7334
312.7391;168.3092;0.0000;699.6782;7797.7334
312.1501;167.1036;0.0000;705.0338;7804.7334
311.3557;166.1036;0.0000;706.4449;7811.7334
311.5612;165.3092;0.0000;702.0616;7818.9390
310.7668;163.3092;0.0000;706.2394;7825.9385
310.1779;162.3092;0.0000;702.0893;7832.9385
309.5889;161.3092;0.0000;704.0616;7839.9385
308.7945;160.5147;2.4665;711.2118;7846.9390
308.2056;158.7203;0.0000;704.6782;7854.7334
307.4111;157.7203;0.0000;704.8560;7861.7334
306.6166;156.7203;0.0000;707.0616;7868.7334
305.2332;155.9258;0.0000;703.4727;7875.7334
304.4388;154.1313;0.0000;707.0616;7882.7334
303.8499;153.1313;0.0000;705.0893;7889.7334
303.0554;152.1313;0.0000;703.8837;7896.7334
302.4665;151.1313;0.0000;707.4727;7903.7334
301.6720;149.3369;0.0000;707.0893;7910.7334
300.8776;148.5424;0.0000;701.7059;7917.7334
300.0831;147.5424;0.0000;707.8560;7924.7334
299.4942;146.5424;0.0000;703.3225;7931.7334
298.6998;145.5424;0.0000;705.0893;7938.7334
298.1108;144.5424;0.0000;705.2949;7945.7334
298.1108;143.5424;0.0000;702.5281;7952.7334
297.3164;142.7480;0.0000;706.6782;7959.7334
296.7275;140.9535;0.0000;706.5004;7966.7334
295.9330;139.9535;0.0000;702.3225;7973.7334
295.3441;138.1590;0.0000;706.8838;7980.7334
294.5496;137.1591;0.0000;705.1170;7987.7334
293.7551;135.5701;0.0000;704.1170;7994.7334
292.9607;134.5701;0.0000;707.0893;8001.9385
292.3718;132.5701;0.0000;704.1447;8008.9390
291.5773;131.5701;0.0000;703.7059;8015.9390
291.7828;130.7756;0.0000;708.9114;8022.9385
290.9884;128.9812;0.0000;702.3503;8029.9385
290.1939;127.9812;0.0000;705.7059;8037.7334
289.6050;126.1867;0.0000;707.1171;8044.7334
288.8106;125.1867;0.0000;702.7336;8051.7334
288.0161;124.1867;0.0000;705.7059;8058.7334
287.4271;123.1867;0.0000;704.7336;8065.7334
287.4271;122.1867;0.0000;701.9391;8072.7334
286.8383;121.1867;0.0000;706.1170;8079.7334
286.0438;119.3923;0.0000;703.1447;8086.7334
285.2493;118.3923;0.0000;704.3224;8093.7334
284.6604;117.1867;0.0000;707.3225;8100.7334
283.8659;115.3923;2.4665;701.7614;8107.7334
283.2770;114.3923;0.0000;706.3224;8114.7334
282.4826;113.3923;2.4665;706.5280;8121.7334
281.6881;112.3923;0.0000;701.9669;8128.7334
280.3047;111.1867;0.0000;706.3224;8135.7334
279.5103;110.1867;0.0000;705.5557;8142.7334
278.9214;109.9812;2.4665;702.7614;8149.7334
277.3324;108.7756;0.0000;707.1447;8156.7334
276.5380;107.7756;2.4665;703.9669;8163.7334
275.1546;106.7756;0.0000;703.7336;8170.7334
273.5657;105.7756;0.0000;708.7614;8177.7334
272.7712;104.7756;0.0000;703.9391;8184.9385
271.1823;103.7756;0.0000;705.1447;8191.9385
270.3878;102.7756;0.0000;707.5557;8198.9395
269.0045;101.5701;0.0000;704.1724;8205.9395
268.2100;101.3645;0.0000;704.9669;8212.9385
266.6211;100.3645;0.0000;708.7614;8219.9385
265.8266;99.3645;0.0000;704.9669;8227.7334
265.0321;98.9535;0.0000;708.7614;8234.7334
263.4432;98.7480;0.0000;705.2001;8241.7334
262.8543;97.7480;0.0000;705.5835;8248.7334
262.0599;97.5424;0.0000;709.7614;8255.7334
260.4709;97.1313;0.0000;705.4056;8262.7334
259.6765;96.1313;0.0000;706.3779;8269.7334
258.0876;95.9258;9.5335;711.3779;8276.7334
257.2931;94.9258;0.0000;705.8168;8283.7334
255.7042;93.9258;0.0000;708.5835;8290.7334
254.1152;92.9258;0.0000;709.4056;8297.7334
253.3208;92.5147;0.0000;705.9946;8304.7334
252.5263;91.5147;0.0000;704.2278;8311.7334
250.9374;90.3092;0.0000;714.3779;8318.7334
249.5540;90.1036;0.0000;702.4333;8325.7334
248.7596;88.8981;0.0000;717.9391;8332.7334
247.1707;88.6925;0.0000;711.9945;8339.7334
246.3763;88.4870;0.0000;712.5835;8346.7334
244.7873;87.4870;0.0000;718.5558;8353.7334
243.9928;87.0759;0.0000;714.5835;8360.7334
242.4039;86.0759;0.0000;714.3779;8367.7334
240.6094;85.0759;0.0000;716.5835;8374.9385
239.8150;84.8704;0.0000;716.7614;8381.9385
238.4316;83.6649;0.0000;718.3503;8388.9395
236.8427;83.4593;0.0000;717.3779;8395.9395
236.0482;82.2538;0.0000;714.3779;8402.9385
234.4594;82.0482;0.0000;720.1447;8410.7334
232.6649;81.0482;0.0000;716.5835;8417.7334
231.0759;80.8427;0.0000;716.7614;8424.7334
230.2814;79.6372;0.0000;720.5557;8431.7334
228.6925;79.4316;2.4665;713.6112;8438.7334
227.8981;79.2261;0.0000;718.9669;8445.7334
226.3092;78.8150;2.4665;719.1724;8452.7334
225.3092;77.8150;0.0000;717.2001;8459.7334
223.7203;77.6094;0.0000;719.7614;8466.7334
222.9258;77.4039;0.0000;717.7891;8473.7334
221.3369;76.9928;0.0000;717.3779;8480.7334
220.5424;76.7873;0.0000;721.3503;8487.7334
218.9535;76.3762;0.0000;717.2001;8494.7334
217.3645;76.1707;0.0000;716.5835;8501.7334
216.3646;74.9651;0.0000;721.7613;8508.7334
214.7756;74.7596;0.0000;715.6112;8515.7334
213.9812;74.5541;0.0000;719.7614;8522.7334
212.1867;74.1430;0.0000;721.1724;8529.7334
211.3923;72.9374;0.0000;715.6112;8536.7334
209.5978;72.7319;0.0000;719.9669;8543.7334
208.8033;72.3208;0.0000;719.5835;8550.7334
207.2144;72.1152;0.0000;717.7891;8557.9395
206.2144;71.9097;0.0000;721.1724;8564.9395
204.6255;71.4986;0.0000;717.8168;8571.9385
203.6255;71.2931;0.0000;717.9946;8578.9395
202.8311;70.8820;0.0000;721.3779;8585.9395
202.0366;70.6765;0.0000;716.2278;8593.7334
201.0366;70.2654;0.0000;719.5835;8600.7334
200.2422;70.0599;0.0000;721.7889;8607.7334
199.2422;69.8543;0.0000;716.0222;8614.7334
198.2422;70.2377;0.0000;720.7890;8621.7334
197.4477;70.0321;0.0000;721.7889;8628.7334
196.4477;69.6210;0.0000;716.0222;8635.7334
196.2421;70.2100;0.0000;721.5835;8642.7334
195.4477;70.0044;0.0000;716.8444;8649.7334
194.4477;69.5934;0.0000;717.6112;8656.7334
193.4477;69.3878;0.0000;721.7889;8663.7334
193.2422;69.9768;0.0000;716.0222;8670.7334
192.4477;69.7712;2.4665;718.7889;8677.7334
192.2422;70.3601;0.0000;721.2001;8684.7334
191.4477;69.9490;0.0000;716.4333;8691.7334
190.4477;69.7435;0.0000;719.9945;8698.7334
189.6532;69.5379;0.0000;719.4056;8705.7334
188.6532;70.1269;0.0000;715.4333;8712.7334
187.6532;69.9213;0.0000;719.9945;8719.7334
186.8587;69.7158;0.0000;716.8444;8726.7334
185.8587;70.3047;0.0000;717.8168;8733.7334
184.8587;70.0992;0.0000;721.7889;8740.9385
184.6532;69.8937;0.0000;716.2278;8747.9395
183.8587;70.4826;0.0000;716.2278;8754.9395
182.8587;70.0715;0.0000;722.8168;8761.9385
181.8587;70.8659;0.0000;715.8444;8768.9385
181.6532;70.6604;0.0000;719.8168;8775.9395
180.6532;70.4548;0.0000;720.0222;8783.7334
179.8587;71.0438;0.0000;714.0499;8790.7334
178.8587;71.0438;0.0000;719.6112;8797.7334
177.8587;71.6327;0.0000;718.6389;8804.7334
176.2698;71.4271;0.0000;714.6389;8811.7334
175.2698;71.2216;0.0000;722.2001;8818.7334
173.4754;71.0161;0.0000;714.4611;8825.7334
172.4754;71.6050;0.0000;716.2278;8832.7334
170.8865;71.3995;0.0000;722.9946;8839.7334
169.0920;71.9884;0.0000;714.4611;8846.7334
168.2975;71.7828;0.0000;714.8444;8853.7334
166.5031;72.3717;0.0000;708.1053;8860.7334
165.5031;72.3717;0.0000;714.4611;8867.7334
164.7086;72.1662;0.0000;710.0776;8874.7334
164.5031;72.7551;0.0000;710.4887;8881.7334
163.7086;72.5496;0.0000;705.2555;8888.7334
162.7086;73.3440;0.0000;712.6666;8895.7334
161.7086;73.9330;0.0000;705.7220;8902.7334
160.9142;73.9330;0.0000;707.4886;8909.7334
159.9142;73.7275;0.0000;709.4887;8916.7334
158.9142;74.3164;0.0000;705.7220;8923.9385
158.1197;74.1108;0.0000;710.0222;8930.9385
156.3253;74.6997;0.0000;711.8998;8937.9395
155.5308;74.6997;0.0000;707.3109;8944.9395
154.5308;75.2887;0.0000;709.8999;8951.9385
152.9419;75.0831;2.4665;709.6943;8958.9385
151.9419;75.8776;0.0000;706.6942;8966.7334
150.1474;76.4665;0.0000;711.4610;8973.7334
149.1474;76.4665;0.0000;704.0776;8980.7334
148.3529;77.0554;0.0000;708.8998;8987.7334
146.5585;77.6444;0.0000;711.2556;8994.7334
145.5585;78.2333;2.4665;705.7220;9001.7334
144.7640;79.0277;0.0000;707.4886;9008.7334
143.7640;78.8222;0.0000;710.4887;9015.7334
142.7640;79.4111;0.0000;706.3109;9022.7334
141.7640;80.0000;0.0000;710.4610;9029.7334
140.7640;80.7945;0.0000;709.4887;9036.7334
138.9696;81.3834;2.4665;708.6942;9043.7334
138.1751;81.9723;0.0000;710.2555;9050.7334
137.1751;82.7667;2.4665;707.4886;9057.7334
136.1751;83.3557;0.0000;706.6942;9064.7334
135.1751;83.9446;0.0000;711.8444;9071.7334
134.1751;84.7391;0.0000;708.2832;9078.7334
133.1751;85.3280;0.0000;708.6666;9085.7334
132.9696;85.3280;2.4665;712.0499;9092.7334
131.9696;85.9169;0.0000;707.4886;9099.7334
131.7640;86.5058;0.0000;712.4333;9106.7334
130.7640;87.3003;2.4665;710.2555;9113.9385
129.7640;87.8892;0.0000;708.6666;9120.9385
129.5585;87.6836;0.0000;712.2278;9127.9395
128.5585;88.4781;2.4665;710.2555;9134.9395
127.5585;89.0671;2.4665;707.8444;9141.9385
126.5585;89.0671;2.4665;712.2278;9149.7334
126.3529;89.6560;0.0000;709.0776;9156.7334
125.3529;89.4504;0.0000;710.8444;9163.7334
125.1474;90.2449;0.0000;712.4333;9170.7334
124.9418;90.0393;2.4665;709.4610;9177.7334
124.7363;90.8338;0.0000;713.2278;9184.7334
123.7363;90.6283;0.0000;713.2278;9191.7334
123.5308;91.2172;0.0000;709.4610;9198.7334
122.5308;92.0116;0.0000;713.2278;9205.7334
122.3253;91.8061;0.0000;711.4610;9212.7334
122.1197;92.3950;0.0000;710.8444;9219.7334
121.1197;92.3950;0.0000;715.2278;9226.7334
120.9142;93.1895;0.0000;711.4610;9233.7334
120.7086;92.9839;0.0000;713.2278;9240.7334
120.5031;93.7784;0.0000;715.0222;9247.7334
119.2975;94.3673;0.0000;706.6942;9254.7334
119.0920;94.1618;0.0000;713.2278;9261.7334
118.2975;94.7507;0.0000;714.0222;9268.7334
118.0920;94.7507;0.0000;711.2556;9275.7334
117.8865;95.3396;0.0000;714.0222;9282.7334
116.8865;95.3396;0.0000;715.4333;9289.7334
116.4754;95.9285;0.0000;710.8444;9296.9395
115.6809;96.5174;0.0000;715.6112;9303.9395
115.4754;96.7230;0.0000;711.2556;9310.9385
114.4754;97.3119;0.0000;712.6112;9317.9395
113.4754;97.9008;0.0000;715.4056;9324.9395
112.4754;97.9008;0.0000;710.8444;9331.9395
111.4754;98.4898;0.0000;713.8168;9339.7334
110.4754;99.2842;0.0000;718.2001;9346.7334
110.2698;99.2842;0.0000;710.8444;9353.7334
109.2698;99.8731;0.0000;715.2001;9360.7334
108.2698;100.6676;0.0000;714.6112;9367.7334
107.2698;100.4621;0.0000;710.6389;9374.7334
106.2698;101.2565;0.0000;714.2001;9381.7334
105.2698;101.8454;0.0000;711.0222;9388.7334
104.2698;102.6399;0.0000;714.2001;9395.7334
103.0643;102.6399;0.0000;717.3779;9402.7334
102.0643;103.0232;0.0000;713.2278;9409.7334
101.0643;103.8177;0.0000;714.7889;9416.7334
100.0643;104.6122;0.0000;716.7889;9423.7334
99.0643;105.4066;0.0000;713.4056;9430.7334
98.2698;106.2011;0.0000;714.7889;9437.7334
97.2698;106.9956;0.0000;716.3779;9444.7334
96.2698;107.7900;0.0000;713.4056;9451.7334
96.2698;107.7900;0.0000;714.7889;9458.7334
95.2698;108.5845;0.0000;713.4056;9465.7334
94.2698;109.1734;0.0000;712.2001;9472.7334
94.0643;109.9679;2.4665;718.9669;9479.9385
93.0643;110.7623;0.0000;713.4056;9486.9395
92.0643;111.3512;0.0000;712.2001;9493.9395
91.8587;111.3512;0.0000;718.9669;9500.9385
90.8587;112.1457;0.0000;714.9946;9507.9385
89.8587;112.9401;0.0000;716.7614;9514.9395
89.6532;113.7346;0.0000;714.3779;9522.7334
88.6532;114.5291;0.0000;713.3779;9529.7334
87.6532;115.3235;0.0000;718.3503;9536.7334
86.6532;116.1180;0.0000;714.7889;9543.7334
86.4477;116.7069;0.0000;714.3779;9550.7334
85.4476;117.5014;0.0000;720.1447;9557.7334
85.2421;118.2959;0.0000;714.9946;9564.7334
84.2422;119.0903;0.0000;715.9669;9571.7334
84.0366;119.8848;0.0000;719.5558;9578.7334
83.8311;120.6792;2.4665;711.9945;9585.7334
82.8311;122.2681;0.0000;719.7336;9592.7334
82.6255;123.0626;0.0000;719.1447;9599.7334
82.4200;123.8570;0.0000;712.9945;9606.7334
81.4200;124.6515;0.0000;719.7336;9613.7334
81.2144;126.2404;0.0000;717.7614;9620.7334
80.4200;127.0349;0.0000;715.3502;9627.7334
80.2144;127.8293;0.0000;720.7336;9634.7334
80.0089;128.6238;0.0000;714.3779;9641.7334
79.0089;129.4183;2.4665;717.1447;9648.7334
78.8034;131.0072;0.0000;720.3224;9655.7334
77.8034;131.8017;0.0000;713.5835;9662.7334
77.5978;133.3906;0.0000;719.3225;9669.9385
77.3923;134.1850;0.0000;719.9391;9676.9395
76.3923;135.7739;0.0000;714.1724;9683.9395
76.3923;136.5684;0.0000;718.1447;9690.9385
75.3923;138.1573;0.0000;718.1447;9697.9385
75.1867;139.7462;0.0000;716.7336;9705.7334
74.9812;141.3352;0.0000;721.7059;9712.7334
73.9812;142.3351;0.0000;717.3502;9719.7334
73.7756;143.9241;0.0000;718.3225;9726.7334
73.5701;145.5130;0.0000;719.3225;9733.7334
72.5701;147.1019;0.0000;715.7336;9740.7334
72.3645;147.8964;0.0000;718.7059;9747.7334
71.1590;149.4853;0.0000;720.1170;9754.7334
70.3645;150.2798;0.0000;715.9391;9761.7334
70.1591;151.8687;0.0000;718.9114;9768.7334
69.1590;152.6631;0.0000;720.1170;9775.7334
68.9535;154.2520;0.0000;716.9391;9782.7334
67.9535;155.0465;0.0000;719.5004;9789.7334
67.9535;156.6355;0.0000;716.1447;9796.7334
66.9535;158.2244;2.4665;715.3225;9803.7334
66.7480;159.0188;0.0000;719.5004;9810.7334
66.7480;160.8133;0.0000;716.9391;9817.7334
65.7480;162.4022;0.0000;717.9114;9824.7334
65.5424;163.4022;0.0000;719.3225;9831.7334
65.3369;164.9911;0.0000;716.3225;9838.7334
65.1313;166.5800;2.4665;720.6782;9845.7334
64.9258;168.1690;0.0000;719.7059;9852.9385
64.7202;169.7579;0.0000;716.7336;9859.9385
64.5147;170.5523;0.0000;721.7059;9866.9395
64.3092;172.1413;0.0000;717.7336;9873.9395
64.1036;172.9357;0.0000;719.5004;9880.9385
63.8981;174.5246;0.0000;724.0892;9887.9385
63.8981;175.3191;0.0000;718.3225;9895.7334
63.6925;176.1136;0.0000;718.5004;9902.7334
63.6925;177.7025;0.0000;722.0893;9909.7334
63.4870;178.7025;0.0000;716.3225;9916.7334
63.2814;179.4969;0.0000;721.0893;9923.7334
63.2814;180.2914;9.5335;720.2949;9930.7334
63.0759;181.8803;9.5335;715.1171;9937.7334
62.8703;182.6747;0.0000;720.8838;9944.7334
62.6649;184.2637;9.5335;716.5281;9951.7334
62.4593;185.0582;0.0000;707.9669;9958.7334
62.2538;185.8526;0.0000;711.9391;9965.7334
62.2538;186.6471;0.0000;709.1724;9972.7334
62.0482;187.4415;2.4665;708.3502;9979.7334
61.8427;188.2360;0.0000;711.9391;9986.7334
61.6371;189.2360;0.0000;707.3779;9993.7334
61.4316;190.0305;0.0000;710.7336;10000.7334
61.2261;190.8249;0.0000;709.7336;10007.7334
61.0205;191.6194;0.0000;707.3503;10014.7334
60.8150;192.4138;0.0000;709.9391;10021.7334
60.8150;193.2083;0.0000;710.3502;10028.7334
60.6094;193.2083;0.0000;707.9391;10035.9395
60.4039;194.0027;2.4665;711.7059;10042.9395
60.9928;195.0027;0.0000;706.3503;10049.9385
60.7873;196.0027;0.0000;706.3224;10056.9395
60.5817;196.7972;2.4665;711.2949;10063.9395
60.3762;197.5916;0.0000;704.9391;10070.9395
60.1707;198.3862;0.0000;707.8837;10078.7334
59.9651;199.3861;0.0000;710.0893;10085.7334
59.7596;199.5916;0.0000;705.9114;10092.7334
59.7596;200.5916;0.0000;708.4727;10099.7334
60.3485;201.3862;0.0000;708.2949;10106.7334
60.1430;202.3862;0.0000;705.2949;10113.7334
59.9374;202.3862;0.0000;710.6782;10120.7334
59.7319;202.9751;2.4665;705.5004;10127.7334
59.5263;203.7695;0.0000;706.6782;10134.7334
59.3208;203.7695;2.4665;702.7059;10141.7334
59.9097;204.5640;2.4665;705.4727;10148.7334
59.7042;205.3584;0.0000;707.4449;10155.7334
59.4986;205.5640;0.0000;710.4172;10162.7334
59.2931;206.5640;0.0000;704.0616;10169.7334
59.0876;207.5640;0.0000;706.4449;10176.7334
58.8820;207.5640;2.4665;706.6505;10183.7334
59.6765;208.3584;0.0000;705.8283;10190.7334
59.4709;209.1529;0.0000;710.8007;10197.7334
59.2654;209.3584;2.4665;705.6505;10204.7334
59.2654;210.3584;0.0000;705.5674;10211.7334
59.8543;211.1529;0.0000;710.7729;10218.7334
59.6488;211.1529;2.4665;705.2118;10225.9395
59.4432;212.1529;0.0000;705.2118;10232.9395
59.2377;213.1529;0.0000;709.9785;10239.9385
59.0321;214.1529;0.0000;702.8284;10246.9395
58.8266;214.3584;0.0000;707.1840;10253.9395
58.6210;215.1529;0.0000;707.1840;10261.7334
58.6210;215.9474;2.4665;703.5951;10268.7334
58.4155;216.7418;0.0000;709.1563;10275.7334
58.0044;216.9474;2.4665;704.8007;10282.7334
57.7989;217.9474;0.0000;703.9785;10289.7334
57.5934;218.9474;0.0000;709.3618;10296.7334
57.3878;218.9474;0.0000;704.1840;10303.7334
57.1823;219.7418;0.0000;701.9785;10310.7334
57.1823;220.7418;0.0000;708.7453;10317.7334
56.9768;221.7418;0.0000;703.9785;10324.7334
56.7712;222.5363;0.0000;706.9231;10331.7334
56.5657;223.3307;0.0000;705.3342;10338.7334
56.3601;224.3307;0.0000;703.9785;10345.7334
56.1546;225.3307;0.0000;707.1010;10352.7334
55.7435;226.3307;0.0000;705.9507;10359.7334
56.3324;227.1252;0.0000;704.3341;10366.7334
56.1269;228.1252;0.0000;708.3065;10373.7334
55.9213;229.1252;0.0000;704.5397;10380.7334
55.5103;230.1252;0.0000;704.5120;10387.7334
55.3047;230.9196;0.0000;707.8954;10394.7334
55.8937;231.9196;0.0000;702.5397;10401.7334
55.6881;232.9196;0.0000;706.8954;10408.9385
55.4826;233.9196;0.0000;707.8954;10415.9395
55.2770;234.7141;0.0000;702.1287;10422.9395
55.2770;235.7141;0.0000;704.1009;10429.9385
55.6604;236.7141;0.0000;704.1009;10436.9385
55.6604;237.5085;0.0000;702.3065;10444.7334
55.4548;238.5085;0.0000;707.6622;10451.7334
55.2493;239.5085;0.0000;702.9231;10458.7334
55.0438;240.5085;0.0000;703.1009;10465.7334
55.6327;241.3030;0.0000;708.8676;10472.7334
55.6327;242.3030;0.0000;701.5120;10479.7334
55.4271;243.0975;0.0000;703.6898;10486.7334
56.2216;244.0975;0.0000;706.8954;10493.7334
56.2216;244.8920;0.0000;702.1287;10500.7334
56.0161;245.8920;0.0000;706.2788;10507.7334
56.8106;246.6864;0.0000;704.1009;10514.7334
56.8106;247.4809;0.0000;702.8954;10521.7334
56.6050;248.4809;0.0000;699.3342;10528.7334
56.3995;249.2753;0.0000;702.1009;10535.7334
56.3995;249.4809;0.0000;705.8677;10542.7334
56.9884;250.4809;0.0000;709.2510;10549.7334
56.7828;251.4809;0.0000;702.5120;10556.7334
57.3717;252.4809;0.0000;705.6622;10563.7334
57.9607;252.6864;0.0000;710.2510;10570.7334
57.7551;253.4809;0.0000;701.0732;10577.7334
58.5496;254.4809;0.0000;705.4565;10584.7334
58.3440;254.4809;0.0000;705.6622;10591.9385
58.9330;255.4809;0.0000;702.6622;10598.9385
58.9330;256.2753;0.0000;707.8123;10605.9395
58.7275;256.4809;0.0000;702.8676;10612.9395
59.3164;257.2753;0.0000;704.6344;10619.9395
59.3164;258.2753;0.0000;708.6068;10626.9385
59.1108;258.4809;0.0000;702.2510;10634.7334
59.6997;259.4809;0.0000;705.2234;10641.7334
59.6997;260.2753;0.0000;706.0178;10648.7334
60.2886;261.2753;0.0000;700.2510;10655.7334
60.8776;262.2753;2.4665;705.2234;10662.7334
60.6720;262.4809;0.0000;705.0178;10669.7334
61.2609;263.4809;0.0000;701.0455;10676.7334
61.0554;264.2753;2.4665;706.1956;10683.7334
61.8498;265.2753;0.0000;701.4289;10690.7334
62.4388;266.2753;0.0000;703.6068;10697.7334
62.2333;267.0698;0.0000;704.6068;10704.7334
63.0277;268.0698;0.0000;701.8400;10711.7334
62.8222;269.0698;0.0000;703.1957;10718.7334
63.4111;269.2753;2.4665;706.5791;10725.7334
63.4111;270.0698;0.0000;703.0178;10732.7334
64.0000;271.0698;0.0000;703.1957;10739.7334
64.5889;272.0698;0.0000;702.1957;10746.7334
64.5889;273.0698;0.0000;699.2234;10753.7334
65.1778;274.0698;2.4665;703.7845;10760.7334
64.9723;274.8643;0.0000;700.8123;10767.7334
65.7667;275.8643;0.0000;700.1956;10774.7334
65.5612;276.8643;0.0000;704.5513;10781.9395
66.3557;277.8643;0.0000;699.0178;10788.9385
66.1502;278.0698;0.0000;701.7845;10795.9395
66.9446;278.8643;0.0000;704.3735;10802.9395
67.5335;279.8643;0.0000;699.4012;10809.9395
68.3280;280.8643;0.0000;702.9624;10817.7334
68.1224;281.8643;0.0000;702.9901;10824.7334
68.7114;282.6587;0.0000;699.4012;10831.7334
69.5058;283.0698;0.0000;701.5791;10838.7334
69.3003;284.0698;0.0000;699.0178;10845.7334
70.0947;285.0698;0.0000;698.9901;10852.7334
70.6836;286.0698;0.0000;704.1680;10859.7334
71.4781;287.0698;0.0000;696.6068;10866.7334
72.0671;287.2753;0.0000;699.7845;10873.7334
72.8615;288.2753;0.0000;702.3457;10880.7334
72.6560;289.2753;0.0000;696.7845;10887.7334
73.4504;290.4809;0.0000;702.5513;10894.7334
74.0393;291.4809;0.0000;703.7569;10901.7334
74.8338;291.6864;0.0000;696.7845;10908.7334
74.6283;292.6864;0.0000;700.9624;10915.7334
75.2172;293.8920;0.0000;701.1680;10922.7334
76.0116;294.8920;0.0000;696.9901;10929.7334
76.8061;295.8920;0.0000;699.1680;10936.7334
77.3950;296.8920;0.0000;695.6068;10943.7334
77.3950;298.0975;0.0000;696.7845;10950.7334
78.1894;298.3030;0.0000;700.9347;10957.7334
78.7784;299.3030;0.0000;694.8123;10964.9395
79.5729;300.3030;0.0000;696.7845;10971.9395
80.3673;301.3030;0.0000;697.7845;10978.9385
81.1618;302.3030;2.4665;693.6068;10985.9395
82.5452;303.5085;0.0000;696.7845;10992.9395
83.3396;304.5085;0.0000;696.7845;11000.7334
83.9285;305.5085;0.0000;694.4012;11007.7334
84.7230;305.7141;0.0000;697.7568;11014.7334
84.7230;306.7141;0.0000;692.0178;11021.7334
85.5174;307.7141;0.0000;693.9901;11028.7334
86.1063;308.7141;0.0000;699.1680;11035.7334
86.9008;309.7141;0.0000;694.4012;11042.7334
87.4898;309.9196;2.4665;697.5513;11049.7334
87.4898;311.1252;0.0000;697.5791;11056.7334
88.2842;312.1252;0.0000;693.6068;11063.7334
88.8731;313.1252;2.4665;696.1680;11070.7334
89.6676;314.1252;0.0000;696.7845;11077.7334
90.4621;315.1252;2.4665;692.0178;11084.7334
91.0510;315.3307;0.0000;696.1680;11091.7334
91.0510;316.3307;0.0000;696.9901;11098.7334
91.6399;317.3307;0.0000;693.5790;11105.7334
92.4343;317.7418;0.0000;698.5513;11112.7334
92.4343;318.7418;0.0000;693.9901;11119.7334
93.0232;319.5363;0.0000;695.1680;11126.7334
93.8177;319.7418;0.0000;698.5513;11133.7334
94.6122;320.7418;0.0000;692.9901;11140.7334
95.4066;321.7418;0.0000;695.5513;11147.9385
95.9956;321.9474;0.0000;695.9623;11154.9395
95.9956;322.9474;0.0000;694.7845;11161.9395
96.7900;323.1529;0.0000;697.7568;11168.9385
97.5845;324.1529;0.0000;692.4012;11175.9385
98.1734;324.3585;0.0000;693.5790;11182.9395
98.9679;325.3585;0.0000;697.5791;11190.7334
98.9679;325.5640;0.0000;694.4012;11197.7334
99.7623;325.7695;0.0000;693.3735;11204.7334
100.3512;326.7695;0.0000;696.7845;11211.7334
101.1457;326.9751;2.4665;692.0178;11218.7334
101.9401;327.7695;0.0000;695.3457;11225.7334
102.7346;327.9751;0.0000;694.3735;11232.7334
103.3235;328.9751;0.0000;691.4012;11239.7334
104.1180;329.1806;0.0000;695.5513;11246.7334
104.9124;329.3862;0.0000;693.3735;11253.7334
105.5014;330.3862;0.0000;690.9901;11260.7334
105.5014;330.5916;0.0000;695.5513;11267.7334
106.2959;331.0027;0.0000;690.9901;11274.7334
107.0903;331.2083;0.0000;692.9624;11281.7334
107.8848;332.2083;0.0000;695.9623;11288.7334
107.6792;332.4138;2.4665;690.4011;11295.7334
108.4737;332.8249;0.0000;691.1679;11302.7334
109.2681;333.8249;2.4665;693.7569;11309.7334
110.0626;334.0305;0.0000;691.1956;11316.7334
110.8570;334.4416;0.0000;690.3735;11323.7334
111.6515;335.4415;0.0000;693.5790;11330.7334
111.6515;335.6471;0.0000;691.3735;11337.9385
112.4460;336.8526;2.4665;693.1680;11344.9395
113.0349;337.0582;0.0000;690.7845;11351.9395
113.8294;338.0582;2.4665;691.3735;11358.9395
114.6238;338.4693;0.0000;695.3457;11365.9385
115.4183;338.6748;0.0000;689.0178;11373.7334
116.2128;338.8804;0.0000;691.3735;11380.7334
117.0072;340.0858;0.0000;691.5791;11387.7334
117.8017;340.2914;2.4665;684.6345;11394.7334
117.8017;340.4969;0.0000;690.5791;11401.7334
118.5961;340.7025;2.4665;689.9901;11408.7334
119.3906;341.7025;0.0000;688.9901;11415.7334
120.1850;341.9080;0.0000;690.5791;11422.7334
120.9795;342.1136;2.4665;688.4011;11429.7334
121.7739;342.3191;0.0000;687.4012;11436.7334
122.5684;343.3191;0.0000;691.5791;11443.7334
123.3629;343.5247;0.0000;685.6345;11450.7334
123.3629;343.7302;0.0000;686.1956;11457.7334
124.1573;343.9357;0.0000;691.6068;11464.7334
124.9518;344.9357;0.0000;687.0178;11471.7334
125.7462;345.1413;0.0000;689.1956;11478.7334
125.7462;345.3468;0.0000;688.8123;11485.7334
126.3352;345.5523;9.5335;686.6068;11492.7334
127.1297;345.7579;0.0000;691.4012;11499.7344
127.9241;345.9634;0.0000;687.2234;11506.7334
128.7186;346.9635;0.0000;687.0178;11513.7334
128.7186;347.1690;0.0000;691.6068;11520.9395
130.3075;347.3745;0.0000;688.8400;11527.9395
131.1019;347.3745;0.0000;689.0178;11534.9395
131.8964;348.3745;0.0000;691.2234;11541.9395
132.6908;348.5800;0.0000;685.2787;11548.9395
134.2798;348.7856;0.0000;689.8123;11556.7334
135.0742;349.7856;0.0000;689.6344;11563.7334
135.8687;349.9911;0.0000;688.0455;11570.7334
137.4576;350.1967;0.0000;691.2234;11577.7344
138.2520;351.1967;0.0000;688.4565;11584.7334
139.0465;351.4022;0.0000;686.8676;11591.7334
140.6355;351.4022;0.0000;690.0455;11598.7334
141.4299;351.6077;0.0000;685.4843;11605.7344
143.2244;352.6078;0.0000;686.0732;11612.7334
144.0188;353.0189;0.0000;680.7175;11619.7334
145.6077;354.0189;0.0000;683.7175;11626.7334
147.1967;354.2244;0.0000;686.4566;11633.7344
148.7856;355.2244;0.0000;686.8954;11640.7334
149.5800;355.4299;0.0000;680.9231;11647.7334
151.3745;355.6355;0.0000;685.6898;11654.7334
152.9635;356.6355;0.0000;684.1287;11661.7344
154.5524;356.8410;0.0000;683.1009;11668.7334
156.1413;357.0466;9.5335;687.4843;11675.7334
157.9357;357.2521;0.0000;681.7453;11682.7334
159.5246;357.4576;0.0000;682.7175;11689.7344
160.3191;357.6632;0.0000;686.5120;11696.7334
162.1136;358.0742;0.0000;682.1563;11703.9395
163.7025;358.2798;0.0000;683.9231;11710.9395
165.4969;358.4853;0.0000;682.9507;11717.9395
167.0858;358.6909;0.0000;682.3618;11724.9395
168.6748;358.8964;0.0000;684.1287;11731.9395
170.4693;359.1020;0.0000;683.5674;11738.9395
172.0582;359.3075;9.5335;681.9507;11746.7334
173.6471;359.5130;2.4665;685.5397;11753.7334
175.4415;359.7186;0.0000;682.5951;11760.7334
177.0305;359.9241;0.0000;682.9785;11767.7344
178.6194;360.1297;0.0000;683.1841;11774.7334
180.4138;359.5407;0.0000;680.8007;11781.7334
182.0027;359.7463;0.0000;682.1840;11788.7334
183.5916;359.1573;9.5335;683.7729;11795.7344
185.3862;359.3629;0.0000;677.8007;11802.7334
186.9751;358.9795;0.0000;682.9785;11809.7334
188.5640;359.1850;9.5335;681.3895;11816.7334
190.3584;359.3906;0.0000;679.0062;11823.7344
191.9474;358.8017;0.0000;682.7729;11830.7334
193.7418;359.0072;0.0000;681.0062;11837.7334
195.3307;359.2127;0.0000;680.3895;11844.7334
197.1252;358.6238;0.0000;684.3895;11851.7344
198.7141;358.8294;0.0000;680.8283;11858.7334
200.3030;359.0349;0.0000;682.8007;11865.7334
201.3030;358.4460;0.0000;683.8007;11872.7334
202.8920;358.8571;0.0000;679.4172;11879.7344
204.4809;358.2681;0.0000;683.1841;11886.7334
205.4809;358.4737;9.5335;683.8007;11893.9395
207.0698;357.8848;0.0000;681.8007;11900.9395
208.8643;358.0903;0.0000;683.7729;11907.9385
209.6587;357.5014;0.0000;679.0338;11914.9395
211.4532;357.7070;0.0000;679.6228;11921.9395
213.0421;357.3236;0.0000;683.3895;11929.7344
214.0421;357.5291;0.0000;680.6228;11936.7334
215.8365;356.9402;0.0000;680.5951;11943.7334
217.4254;357.3513;0.0000;684.3895;11950.7334
218.4254;357.5568;0.0000;680.6228;11957.7344
219.4254;356.9679;0.0000;682.0062;11964.7334
221.0143;357.3790;0.0000;683.0062;11971.7334
222.0143;357.5845;0.0000;679.6228;11978.7334
222.8088;357.2011;0.0000;683.1841;11985.7344
223.8088;357.4067;0.0000;681.2118;11992.7334
224.8089;357.6122;0.0000;678.8007;11999.7334
225.6033;358.0233;0.0000;684.3895;12006.7334
227.3978;357.4343;0.0000;679.0338;12013.7334
228.3978;357.6399;0.0000;681.0062;12020.7334
229.3978;358.0510;0.0000;683.1841;12027.7334
230.3978;358.2565;0.0000;678.8284;12034.7334
231.3978;357.6676;0.0000;682.7729;12041.7334
232.1922;358.0787;9.5335;682.8007;12048.7334
233.1923;358.2842;2.4665;679.6228;12055.7334
234.1922;358.4898;0.0000;681.3895;12062.7334
235.1922;358.1064;0.0000;680.5951;12069.7334
236.9867;358.3119;0.0000;679.0062;12076.9395
237.9867;358.5175;0.0000;682.7729;12083.9395
238.7811;358.7230;0.0000;678.6228;12090.9395
239.7811;359.1341;0.0000;682.1840;12097.9395
240.7812;359.3396;0.0000;683.1841;12104.9395
242.5756;359.5452;0.0000;678.8284;12112.7334
243.5756;359.9562;0.0000;681.8007;12119.7334
244.5756;359.3673;0.0000;683.0062;12126.7334
245.5756;359.5729;0.0000;678.6228;12133.7334
246.5756;359.7784;0.0000;682.9785;12140.7334
247.5756;359.1895;0.0000;681.2118;12147.7334
248.5756;359.6006;0.0000;678.4172;12154.7334
249.5756;359.8061;9.5335;682.8007;12161.7334
249.7812;360.0117;0.0000;678.6228;12168.7334
250.7811;359.4227;0.0000;679.8007;12175.7334
251.7812;359.6283;0.0000;682.1840;12182.7344
252.7812;359.0394;0.0000;679.0338;12189.7334
253.7812;359.2449;0.0000;678.0062;12196.7334
254.5756;359.4504;0.0000;682.0062;12203.7334
255.5756;358.8615;0.0000;676.8284;12210.7344
256.5756;359.0671;0.0000;680.5951;12217.7334
257.5756;358.4781;0.0000;681.0062;12224.7334
258.3701;358.4781;0.0000;678.2117;12231.7334
259.3701;357.8892;0.0000;682.1840;12238.7344
260.3701;358.0947;0.0000;677.8284;12245.7334
261.1645;358.3003;0.0000;677.5951;12252.7334
262.1645;357.5058;0.0000;683.7729;12259.9395
262.9590;357.7114;0.0000;678.6228;12266.9395
264.7534;357.1225;0.0000;681.3895;12273.9395
265.7534;357.3280;0.0000;682.5951;12280.9395
266.5479;356.7391;0.0000;678.6228;12287.9395
267.5479;356.9446;0.0000;681.9785;12294.9395
268.5479;356.3557;0.0000;682.1840;12302.7334
269.5479;356.5613;0.0000;679.0062;12309.7334
270.5479;355.7668;0.0000;680.3895;12316.7344
271.5479;356.1779;0.0000;677.6228;12323.7334
273.3423;355.3834;0.0000;679.9785;12330.7334
274.3423;354.7945;0.0000;682.1840;12337.7334
275.3423;354.7945;0.0000;678.2117;12344.7344
277.1368;354.2056;0.0000;680.3895;12351.7334
278.3423;353.6166;0.0000;681.3895;12358.7334
279.3423;353.0277;0.0000;678.2117;12365.7334
281.1368;352.4388;0.0000;681.1841;12372.7344
282.1368;352.4388;0.0000;680.5951;12379.7334
283.9313;351.8499;0.0000;677.5951;12386.7334
285.1368;351.2609;0.0000;682.1840;12393.7334
286.9313;350.4665;0.0000;680.2118;12400.7344
288.9312;349.8776;0.0000;679.0062;12407.7334
290.1368;349.2886;0.0000;682.5674;12414.7334
291.1368;348.4942;0.0000;678.6228;12421.7334
293.1368;347.1108;0.0000;678.5951;12428.7344
295.1368;346.3163;0.0000;682.9785;12435.7334
296.1368;345.7275;0.0000;676.8284;12442.9395
298.1368;345.1385;0.0000;680.9785;12449.9395
299.1369;344.5496;0.0000;681.5951;12456.9395
301.1368;343.9607;0.0000;678.2117;12463.9395
302.1368;342.3717;0.0000;680.5951;12470.9395
303.3423;341.7829;0.0000;680.2118;12477.9395
305.1368;341.1939;0.0000;678.2117;12485.7334
306.3423;339.8106;0.0000;682.9785;12492.7334
307.3423;339.2216;0.0000;678.0339;12499.7334
309.3423;337.6327;0.0000;679.8007;12506.7344
310.3423;337.0438;0.0000;681.9785;12513.7334
311.5479;336.4548;0.0000;677.0339;12520.7334
312.7534;334.8659;0.0000;680.5951;12527.7334
314.7534;334.2770;0.0000;681.2118;12534.7344
315.7534;332.6881;0.0000;677.0339;12541.7334
316.9590;332.0992;0.0000;680.5951;12548.7334
318.1645;330.5103;0.0000;681.6228;12555.7334
319.3701;329.1269;9.5335;679.2117;12562.7344
321.3701;328.5380;0.0000;681.0062;12569.7334
322.3701;326.9490;0.0000;678.4450;12576.7334
323.5756;326.3601;0.0000;678.8284;12583.7334
325.5756;324.7712;0.0000;682.8007;12590.7344
326.7811;323.3878;0.0000;676.8284;12597.7334
327.9867;322.5934;0.0000;680.2118;12604.7334
329.1923;321.2100;0.0000;682.8007;12611.7334
330.3978;319.6211;0.0000;676.4449;12618.7344
331.6033;318.2377;0.0000;681.0062;12625.7334
332.6033;316.6488;0.0000;679.2394;12632.9395
333.0143;315.8543;0.0000;678.8284;12639.9395
334.2199;314.2654;0.0000;681.2118;12646.9395
336.0143;312.8821;0.0000;678.6506;12653.9395
337.2200;312.0876;0.0000;679.0338;12660.9395
338.2199;310.7042;0.0000;682.8007;12668.7344
339.4254;309.9098;0.0000;680.2394;12675.7334
340.4254;308.5263;0.0000;679.6228;12682.7334
341.6310;306.9374;0.0000;681.6228;12689.7334
342.8365;306.1430;0.0000;677.8560;12696.7344
343.8365;304.5541;0.0000;680.0338;12703.7334
345.0421;302.9651;0.0000;682.0338;12710.7334
346.2476;301.5818;0.0000;679.0616;12717.7334
346.4532;300.7873;0.0000;682.6228;12724.7344
347.6587;299.1984;0.0000;679.6506;12731.7334
348.8643;297.8150;0.0000;679.4450;12738.7334
349.8643;296.2261;0.0000;683.4172;12745.7334
351.0698;295.4316;0.0000;679.8560;12752.7344
352.0698;293.8427;0.0000;679.6228;12759.7344
353.2753;293.2538;9.5335;683.8284;12766.7344
354.2753;291.6648;0.0000;679.2671;12773.7324
354.4809;290.0760;0.0000;681.6228;12780.7334
355.6864;289.2815;0.0000;682.2394;12787.7334
356.6864;287.8981;0.0000;679.0616;12794.7334
357.0975;286.3092;0.0000;679.8284;12801.7334
358.0975;285.5147;0.0000;681.2394;12808.7334
359.0975;283.9258;0.0000;680.6506;12815.9395
359.5085;282.3369;0.0000;684.8284;12822.9395
360.5085;280.7479;0.0000;680.4727;12829.9395
360.9196;279.9535;0.0000;682.4449;12836.9395
361.9196;278.3646;0.0000;685.0339;12843.9395
362.3307;276.7756;0.0000;680.4727;12850.9395
363.3307;275.9812;0.0000;684.6228;12858.7344
363.5363;274.3923;0.0000;685.4450;12865.7344
364.7418;272.8033;0.0000;682.8560;12872.7344
364.9474;272.0089;0.0000;686.4172;12879.7344
365.3585;270.4200;0.0000;687.0338;12886.7334
365.5640;268.8310;0.0000;687.2117;12893.7334
365.9750;267.2422;0.0000;689.8007;12900.7334
365.5916;265.6532;0.0000;686.8284;12907.7334
365.7972;264.0643;9.5335;687.4172;12914.7334
365.4138;262.4754;0.0000;693.3895;12921.7344
365.8249;260.8865;9.5335;686.4450;12928.7344
366.0305;260.0920;0.0000;690.0062;12935.7344
365.6471;258.5031;9.5335;693.8007;12942.7324
366.0582;257.7086;9.5335;686.2394;12949.7334
366.4693;255.9142;9.5335;690.2117;12956.7334
365.8803;255.1197;0.0000;690.4172;12963.7334
366.2914;254.3253;9.5335;687.2394;12970.7334
366.7025;252.7363;0.0000;693.3895;12977.7344
366.9080;251.7363;0.0000;687.4450;12984.7344
367.3191;250.9419;0.0000;688.2394;12991.7344
366.9357;249.1474;0.0000;683.6782;12998.9395
367.3468;248.3529;0.0000;694.4172;13005.9395
367.7578;247.5585;0.0000;696.1841;13012.9395
368.1690;246.5585;0.0000;700.5674;13019.9385
367.5800;245.7640;0.0000;695.2118;13026.9385
367.9911;243.9696;0.0000;698.7729;13033.9395
368.4022;243.9696;0.0000;699.5951;13041.7344
368.8133;242.9695;0.0000;696.4172;13048.7324
369.0189;242.1751;0.0000;700.7729;13055.7334
369.6355;241.1751;0.0000;699.0062;13062.7334
370.0466;240.9696;0.0000;699.2117;13069.7334
370.2521;240.1751;0.0000;701.9785;13076.7334
370.6632;239.1751;0.0000;699.2117;13083.7344
371.0742;238.9695;0.0000;699.5951;13090.7344
371.2798;238.1751;0.0000;703.3895;13097.7344
371.6909;237.9695;0.0000;699.6228;13104.7324
372.1019;237.7640;0.0000;701.3895;13111.7334
372.3075;237.5585;0.0000;698.8284;13118.7334
372.7186;237.3529;0.0000;685.1171;13125.7334
372.9241;237.1474;2.4665;657.8998;13132.7334
372.5407;236.9418;0.0000;617.4101;13139.7344
372.9518;236.7363;2.4665;533.5807;13146.7344
373.1573;235.7363;0.0000;199.7021;13153.7344
58.1679;75.8444;0.0000;198.3464;2650.0315
58.3734;75.6388;0.0000;197.9353;2651.4702
58.7845;75.4333;0.0000;198.3464;2652.9092
59.1956;75.0222;0.0000;198.3464;2654.3479
59.4012;74.8167;0.0000;197.9353;2655.9922
59.8123;74.6111;0.0000;198.3464;2657.4309
60.2233;74.4056;0.0000;198.5520;2658.8699
60.4289;74.2000;0.0000;198.3464;2660.3086
60.8400;73.9946;0.0000;198.7575;2661.7473
61.0454;73.7890;0.0000;198.3464;2663.1863
61.4565;73.5835;0.0000;198.9630;2664.6250
61.8676;73.3779;0.0000;199.3741;2666.0637
62.2787;72.9668;0.0000;198.5520;2667.5027
62.6898;72.7613;0.0000;198.9630;2668.9414
62.8953;72.5557;0.0000;199.5796;2670.3799
63.3064;72.1447;0.0000;198.5520;2671.8186
63.7175;71.9391;0.0000;199.5796;2673.2576
63.9231;71.7336;0.0000;199.5796;2674.6963
64.3341;71.5280;0.0000;198.9630;2676.1350
64.5396;71.1169;0.0000;199.5796;2677.5740
64.9507;71.1169;0.0000;198.9630;2679.0127
65.1563;70.7059;0.0000;198.7575;2680.4514
65.5674;70.7059;0.0000;199.9907;2681.8904
65.7729;70.5004;0.0000;199.1686;2683.3291
66.1840;70.2948;0.0000;199.5796;2684.7681
66.3895;70.0893;0.0000;199.5796;2686.2068
66.8006;69.6782;0.0000;199.1686;2687.6455
67.2117;69.4726;0.0000;199.5796;2689.0845
67.6227;69.2671;0.0000;199.5796;2690.5229
67.8283;68.8560;0.0000;199.5796;2691.9617
68.2394;68.4449;0.0000;200.1963;2693.6062
68.6505;68.2394;0.0000;199.7852;2695.0449
68.8560;67.8283;0.0000;199.9907;2696.4836
69.0616;67.6227;0.0000;200.8129;2697.9224
69.4726;67.4173;0.0000;199.5796;2699.3611
69.6782;67.2117;0.0000;200.1963;2700.8000
69.8837;66.8006;0.0000;199.9907;2702.2388
70.2948;66.5951;2.4665;199.9907;2703.6775
70.5004;66.3895;0.0000;200.4018;2705.1165
70.7059;66.1840;2.4665;200.4018;2706.5552
70.9114;65.7729;0.0000;199.9907;2707.9939
71.3225;65.5674;0.0000;200.4018;2709.4329
71.5280;65.1563;0.0000;200.1963;2710.8716
71.7336;64.9507;0.0000;200.1963;2712.3103
71.9391;64.7452;0.0000;200.8129;2713.7493
72.3502;64.3341;0.0000;199.7852;2715.1877
72.5557;64.1286;0.0000;200.4018;2716.6265
72.7613;63.7175;0.0000;200.8129;2718.0652
72.9668;63.3064;0.0000;199.9907;2719.5042
73.1724;62.8953;0.0000;200.8129;2720.9429
73.5835;62.4843;0.0000;200.6074;2722.3816
73.7890;62.0732;0.0000;199.9907;2723.8206
74.2000;61.6621;0.0000;200.8129;2725.2593
74.4056;61.2510;0.0000;200.6074;2726.6982
74.8167;60.8400;0.0000;200.4018;2728.1370
75.0222;60.6344;0.0000;201.0185;2729.5757
75.2278;60.2233;0.0000;200.6074;2731.2200
75.4333;60.0178;0.0000;200.8129;2732.6587
75.6388;59.8123;0.0000;201.0185;2734.0977
76.0499;59.4012;0.0000;200.4018;2735.5364
76.0499;59.1956;0.0000;200.8129;2736.9753
76.2555;58.9901;0.0000;201.0185;2738.4141
76.4610;58.5790;0.0000;200.8129;2739.8528
76.6666;58.3734;0.0000;201.4296;2741.2913
76.8721;57.9623;0.0000;201.2240;2742.7302
77.0777;57.5513;0.0000;201.0185;2744.1689
77.2832;57.3458;2.4665;201.4296;2745.6077
77.2832;56.9347;0.0000;201.4296;2747.0466
77.4887;56.5236;2.4665;201.4296;2748.4854
77.6942;56.3181;0.0000;201.8406;2749.9241
77.8998;55.9070;0.0000;201.4296;2751.3630
77.8998;55.4959;0.0000;201.8406;2752.8018
78.3109;55.2903;0.0000;201.8406;2754.2405
78.3109;54.8792;0.0000;199.9907;2755.6794
78.5164;54.4682;0.0000;202.0461;2757.1182
78.7219;54.0571;0.0000;202.2517;2758.5569
78.9275;53.8516;0.0000;202.0461;2759.9954
78.9275;53.4405;0.0000;202.4572;2761.4343
79.1330;53.0294;0.0000;202.0461;2762.8730
79.3386;52.6183;0.0000;202.2517;2764.3120
79.5441;52.4128;0.0000;202.6628;2765.7507
79.5441;52.0017;0.0000;202.0461;2767.1895
79.7497;51.7961;0.0000;201.8406;2768.6284
79.9552;51.5906;0.0000;202.4572;2770.2725
80.1608;51.1795;0.0000;202.0461;2771.7114
80.1608;50.9740;0.0000;201.8406;2773.1501
80.3663;50.7685;0.0000;202.2517;2774.5889
80.5718;50.3574;0.0000;202.0461;2776.0278
80.5718;50.1519;0.0000;202.2517;2777.4666
80.7773;49.7408;0.0000;202.0461;2778.9055
80.9829;49.5352;0.0000;202.6628;2780.3442
80.9829;49.1241;0.0000;203.0738;2781.7830
80.9829;48.7130;0.0000;202.0461;2783.2219
80.9829;48.5075;0.0000;202.2517;2784.6606
81.1884;48.0964;0.0000;202.6628;2786.0991
81.1884;47.8909;0.0000;202.0461;2787.5378
81.1884;47.4798;0.0000;202.0461;2788.9768
81.3940;47.0688;2.4665;202.4572;2790.4155
81.3940;46.8632;0.0000;202.2517;2791.8542
81.5995;46.4521;2.4665;202.0461;2793.2932
81.5995;46.2466;0.0000;201.6351;2794.7319
81.5995;46.0410;0.0000;201.6351;2796.1707
81.8050;45.8355;0.0000;201.4296;2797.6096
81.8050;45.8355;2.4665;201.6351;2799.0483
81.8050;45.6299;0.0000;202.0461;2800.4871
81.8050;45.4244;2.4665;202.0461;2801.9260
81.8050;45.4244;0.0000;201.4296;2803.3647
81.8050;45.2189;0.0000;201.6351;2804.8032
81.8050;45.0133;0.0000;200.8129;2806.2422
81.8050;44.6022;0.0000;199.3741;2807.8867
81.8050;44.3967;0.0000;201.8406;2809.3254
82.0106;44.1912;0.0000;198.7575;2810.7639
82.0106;43.7801;0.0000;200.1963;2812.2026
82.0106;43.5746;0.0000;200.1963;2813.6416
82.0106;43.3690;0.0000;199.3741;2815.0803
82.2161;43.1635;0.0000;199.5796;2816.5193
82.2161;42.9579;0.0000;199.9907;2817.9580
82.2161;42.7524;0.0000;199.1686;2819.3967
82.2161;42.5468;0.0000;199.5796;2820.8357
82.2161;42.3413;0.0000;199.5796;2822.2744
82.2161;42.1358;0.0000;198.5520;2823.7131
82.2161;41.9302;0.0000;198.9630;2825.1521
82.4217;41.7247;0.0000;198.5520;2826.5908
82.4217;41.5191;0.0000;198.1409;2828.0295
82.4217;41.3136;0.0000;197.9353;2829.4685
82.4217;41.3136;0.0000;197.9353;2830.9070
82.4217;41.3136;0.0000;198.3464;2832.3457
82.4217;41.3136;0.0000;198.7575;2833.7844
82.4217;41.3136;0.0000;197.9353;2835.2234
82.4217;41.1080;0.0000;198.1409;2836.6621
82.4217;41.1080;0.0000;197.7298;2838.1008
82.4217;41.1080;0.0000;196.7021;2839.5398
82.4217;41.1080;0.0000;195.2633;2840.9785
82.2161;41.1080;0.0000;192.7968;2842.4172
82.2161;41.1080;0.0000;189.5082;2843.8562
82.2161;41.1080;0.0000;187.0417;2845.5005
82.2161;41.1080;0.0000;181.2866;2846.9392
82.2161;41.1080;0.0000;172.4483;2848.3779
82.2161;41.1080;0.0000;159.4993;2849.8169
82.2161;41.1080;2.4665;132.5735;2851.2556
82.0106;41.1080;4.9330;81.3940;2852.6943
82.0106;41.1080;7.3995;38.8471;2854.1333
126.2018;-3.2886;0.0000;81.8050;3052.0686
126.2018;-3.4942;0.0000;82.4217;3053.5071
126.2018;-3.4942;0.0000;82.6272;3054.9458
126.2018;-3.4942;0.0000;87.1491;3056.3848
126.2018;-3.4942;0.0000;93.1098;3057.8235
126.2018;-3.4942;0.0000;95.5763;3059.2622
126.2018;-3.4942;0.0000;94.9596;3060.7012
126.2018;-3.4942;0.0000;91.4654;3062.1399
126.2018;-3.2886;0.0000;81.3940;3063.5786
126.2018;-3.2886;0.0000;30.8311;3065.0176
