200.1136;202.8864;0.0000;13.3803;0.0000
200.1136;202.8864;0.0000;42.7360;7.0000
200.1136;202.8864;0.0000;54.0545;14.0000
200.1136;202.8864;0.0000;67.4175;21.0000
200.1136;202.8864;0.0000;92.5064;28.0000
200.1136;202.8864;0.0000;111.4817;35.0000
200.1136;202.8864;0.0000;123.6398;42.0000
200.1136;202.8864;0.0000;136.8892;49.0000
200.1136;202.8864;0.0000;142.3879;56.0000
200.2272;202.8864;0.0000;149.5460;63.0000
200.2272;202.8864;0.0000;160.6818;70.8864
200.2272;202.8864;0.0000;164.6127;77.8864
200.3407;202.8864;0.0000;174.6350;84.8864
200.3407;202.8864;0.0000;179.5436;91.8864
200.4543;202.7728;0.0000;180.3609;98.8864
200.4543;202.7728;0.0000;186.1559;105.8865
200.5679;202.7728;0.0000;189.8375;112.8864
200.5679;202.6593;0.0000;191.3140;119.8864
200.5679;202.6593;0.0000;197.3140;126.8864
200.6815;202.6593;0.0000;195.6770;133.8864
200.6815;202.6593;0.0000;198.5856;141.0000
200.7951;202.5456;0.0000;200.8128;148.0000
200.7951;202.5456;0.0000;198.2893;155.0000
200.9086;202.4321;0.0000;201.5165;162.0000
200.9086;202.4321;0.0000;203.5165;169.0000
200.9086;202.4321;0.0000;200.5387;176.0000
201.0222;202.3185;0.0000;205.1980;183.0000
201.0222;202.2049;0.0000;205.3116;190.0000
201.0222;202.2049;0.0000;204.1066;197.0000
201.0222;202.0914;0.0000;205.8795;204.0000
201.0222;202.0914;0.0000;204.4474;211.0000
201.0222;201.9777;0.0000;204.2424;218.0000
201.0222;201.9777;0.0000;209.5609;225.0000
201.0222;201.9777;0.0000;204.8103;232.0000
201.0222;201.8642;0.0000;207.9239;239.0000
201.0222;201.8642;0.0000;207.6967;246.0000
201.0222;201.8642;0.0000;205.6054;253.0000
201.0222;201.7506;0.0000;208.4918;260.8864
201.0222;201.7506;0.0000;207.3783;267.8864
201.0222;201.6370;0.0000;205.8325;274.8864
201.0222;201.6370;0.0000;208.6054;281.8864
201.0222;201.6370;0.0000;206.2869;288.8864
201.0222;201.5235;0.0000;207.7412;295.8864
201.0222;201.5235;0.0000;212.0597;302.8864
200.9086;201.5235;0.0000;208.0820;309.8864
200.9086;201.4098;0.0000;209.3091;316.8864
200.9086;201.4098;0.0000;210.9684;324.0000
200.9086;201.4098;0.0000;208.8770;331.0000
200.9086;201.4098;0.0000;210.6499;338.0000
200.9086;201.2963;0.0000;213.1955;345.0000
200.9086;201.2963;0.0000;210.9906;352.0000
200.7951;201.2963;0.0000;214.5363;359.0000
200.7951;201.1827;0.0000;211.9906;366.0000
200.7951;201.1827;0.0000;211.3313;373.0000
200.7951;201.1827;0.0000;214.8770;380.0000
200.6815;201.1827;0.0000;211.6721;387.0000
200.6815;201.0691;0.0000;212.0128;394.0000
200.6815;201.0691;0.0000;215.2178;401.0000
200.5679;201.0691;0.0000;210.6943;408.0000
200.5679;201.0691;0.0000;215.5585;415.0000
200.5679;201.0691;0.0000;215.8992;422.0000
200.5679;200.9556;0.0000;212.4671;429.0000
200.4543;200.9556;0.0000;216.0128;436.0000
200.4543;200.9556;0.0000;213.3536;443.8864
200.4543;200.9556;0.0000;211.8079;450.8864
200.4543;200.9556;0.0000;213.5807;457.8864
200.4543;200.9556;0.0000;210.2622;464.8864
200.3407;200.8419;0.0000;211.3758;471.8864
200.3407;200.8419;0.0000;212.8079;478.8864
200.2272;200.8419;0.0000;209.8302;485.8864
200.2272;200.8419;0.0000;213.2622;492.8864
200.1136;200.8419;0.0000;214.0351;499.8864
200.1136;200.8419;0.0000;210.8301;506.8864
200.1136;200.8419;0.0000;213.7166;514.0000
200.0000;200.8419;0.0000;213.7166;521.0000
200.0000;200.7284;0.0000;211.5116;528.0000
199.8864;200.7284;0.0000;214.9437;535.0000
199.8864;199.8419;0.0000;212.6252;542.0000
199.8864;199.8419;0.0000;213.8524;549.0000
199.7728;199.8419;0.0000;217.1709;556.0000
199.7728;199.8419;0.0000;212.1931;563.0000
199.7728;199.7284;0.0000;214.9660;570.0000
199.6593;199.7284;0.0000;217.3980;577.0000
199.6593;199.7284;0.0000;212.4203;584.0000
199.5457;199.7284;0.0000;214.3067;591.0000
199.5457;199.7284;0.0000;215.0795;598.0000
199.4321;199.7284;0.0000;213.6474;605.0000
199.4321;199.7284;0.0000;216.0795;612.0000
199.3185;199.7284;0.0000;213.6474;619.0000
199.3185;199.7284;0.0000;215.9882;626.8864
199.3185;200.6147;0.0000;220.9660;633.8864
199.2049;200.6147;0.0000;220.9660;640.8864
199.2049;200.6147;0.0000;226.7387;647.8864
199.2049;200.6147;0.0000;229.9437;654.8864
199.0914;200.6147;0.0000;226.7387;661.8864
199.0914;200.6147;0.0000;229.9437;668.8864
199.0914;200.6147;0.0000;231.0573;675.8864
198.9777;200.6147;0.0000;231.3981;682.8864
198.9777;200.6147;0.0000;236.1487;689.8864
198.8642;200.6147;0.0000;234.6030;697.0001
198.8642;200.6147;0.0000;235.9437;703.9999
198.8642;200.6147;0.0000;240.0351;711.0000
198.7506;200.6147;0.0000;237.6030;718.0001
198.7506;200.6147;0.0000;238.4894;725.0000
198.6370;200.7284;0.0000;241.8079;732.0000
198.6370;200.7284;0.0000;239.4894;738.9999
198.6370;200.7284;0.0000;243.1487;746.0001
198.5235;200.7284;0.0000;242.9215;753.0000
198.5235;200.7284;0.0000;239.4894;760.0000
198.4098;199.8419;0.0000;244.9215;767.0000
199.2963;199.8419;0.0000;244.1487;774.0000
199.2963;199.8419;0.0000;242.7166;780.9999
199.1827;199.8419;0.0000;245.0351;788.0001
199.1827;199.8419;0.0000;242.4894;795.0000
199.1827;199.8419;0.0000;243.9437;802.0000
198.2963;199.8419;0.0000;239.9437;809.0000
198.2963;199.8419;0.0000;226.3289;816.8864
198.1827;199.8419;0.0000;218.4647;823.8864
198.1827;199.8419;0.0000;201.3956;830.8864
198.0691;199.8419;0.0000;176.8031;837.8864
198.0691;199.9556;0.0000;134.2549;844.8864
197.1827;199.0691;0.0000;96.7982;1149.7231
197.1827;199.0691;0.0000;99.4797;1156.7231
197.1827;199.0691;0.0000;107.4352;1163.7231
197.0691;199.0691;0.0000;113.7537;1170.7231
197.0691;199.1827;0.0000;114.2081;1177.8368
196.9556;199.1827;0.0000;113.8673;1184.8368
196.9556;199.2963;0.0000;130.1636;1191.8367
196.9556;199.2963;0.0000;147.8920;1198.8367
196.8419;199.2963;0.0000;164.2796;1205.8369
196.8419;199.4098;0.0000;182.5759;1212.8368
197.6148;199.4098;0.0000;187.7808;1220.7231
197.6148;199.4098;0.0000;193.0993;1227.7231
197.6148;199.4098;0.0000;195.2129;1234.7231
197.6148;199.5235;0.0000;194.8722;1241.7231
197.5012;199.5235;0.0000;200.3043;1248.7231
197.5012;199.5235;0.0000;201.4178;1255.7231
197.3876;199.5235;0.0000;202.8499;1262.7231
197.3876;199.6370;0.0000;210.2820;1269.7231
197.3876;199.6370;0.0000;209.3956;1276.7231
197.3876;199.6370;0.0000;214.4870;1283.7231
197.2740;199.6370;0.0000;219.1462;1290.7231
197.2740;199.7506;0.0000;217.3734;1297.7231
197.1605;199.7506;0.0000;224.2376;1304.7231
197.1605;199.7506;0.0000;227.1240;1311.7231
197.1605;199.8642;0.0000;225.8968;1318.7231
197.1605;199.8642;0.0000;229.6697;1325.7231
197.0469;199.8642;0.0000;230.5561;1332.7231
197.0469;199.9777;0.0000;228.6697;1339.7231
197.0469;200.8642;0.0000;233.2154;1346.7233
196.9333;200.8642;0.0000;230.0104;1353.7231
196.9333;200.9777;0.0000;230.4425;1360.7231
196.9333;200.9777;0.0000;233.5561;1367.8369
196.9333;200.9777;0.0000;230.0104;1374.8367
197.7061;201.0914;0.0000;233.3289;1381.8368
197.7061;201.0914;0.0000;236.2154;1388.8368
197.7061;201.0914;0.0000;230.8968;1395.8367
197.5926;201.2049;0.0000;236.2154;1403.7231
197.5926;201.2049;0.0000;236.4425;1410.7231
197.5926;201.2049;0.0000;236.2154;1417.7231
197.4790;201.3185;0.0000;241.7610;1424.7231
197.4790;201.3185;0.0000;239.1018;1431.7231
197.4790;201.4321;0.0000;241.3067;1438.7231
197.3654;201.4321;0.0000;247.9660;1445.7231
197.3654;201.4321;0.0000;244.3067;1452.7231
197.3654;201.5456;0.0000;245.9659;1459.7231
198.2518;201.5456;0.0000;247.8524;1466.7231
198.1382;201.6593;0.0000;242.4203;1473.7231
198.1382;201.7728;0.0000;246.8524;1480.7231
198.1382;201.7728;0.0000;248.0795;1487.7231
198.9110;201.8864;0.0000;247.7388;1494.7231
198.9110;202.0000;0.0000;252.2845;1501.7231
198.9110;201.1135;0.0000;255.9437;1508.7231
198.9110;201.2272;0.0000;259.2622;1515.7231
198.7975;200.3407;0.0000;263.0351;1522.7231
198.7975;200.4543;0.0000;262.0351;1529.7233
199.6839;199.6815;0.0000;265.2400;1536.7231
199.6839;199.6815;0.0000;268.2400;1543.7231
199.6839;198.9086;0.0000;265.4671;1550.8368
199.6839;198.9086;0.0000;270.8993;1557.8368
199.5703;199.0222;1.3630;271.8993;1564.8367
199.5703;198.1358;0.0000;269.0128;1571.8369
199.5703;198.2494;0.0000;273.5585;1578.8368
200.4568;198.2494;0.0000;271.3536;1586.7231
200.4568;197.3630;0.0000;270.7857;1593.7231
200.4568;197.4765;0.0000;273.6721;1600.7231
200.4568;196.7037;1.3630;271.7857;1607.7231
200.4568;195.8173;0.0000;271.4449;1614.7231
201.2296;195.9309;0.0000;273.8992;1621.7231
201.2296;195.1581;0.0000;271.0128;1628.7231
201.2296;195.2716;1.3630;273.5585;1635.7231
201.2296;194.3852;0.0000;273.7857;1642.7231
201.2296;194.4988;0.0000;271.8993;1649.7231
201.2296;194.4988;0.0000;274.4449;1656.7231
201.2296;193.7260;0.0000;273.8992;1663.7231
201.2296;193.7260;0.0000;272.6721;1670.7231
201.2296;193.8395;1.3630;276.4449;1677.7231
201.2296;193.8395;0.0000;274.0128;1684.7231
200.3431;193.0667;0.0000;274.5585;1691.7233
200.3431;193.0667;0.0000;279.2178;1698.7231
199.5703;192.2939;0.0000;274.0128;1705.7231
198.6839;192.2939;1.3630;279.3314;1712.7231
197.7975;191.5210;0.0000;281.4449;1719.7231
196.9110;191.6346;1.3630;281.7857;1726.7231
196.0247;190.7482;0.0000;287.8548;1733.8369
195.1382;189.9753;0.0000;299.5141;1740.8367
194.2518;189.2025;0.0000;311.3560;1747.8367
193.3654;189.2025;0.0000;325.7658;1754.8368
193.3654;188.4297;0.0000;330.4251;1761.8367
192.4790;188.4297;0.0000;335.4030;1768.8368
192.4790;188.5432;0.0000;340.2893;1776.7233
191.5926;188.5432;0.0000;334.9708;1783.7231
191.7061;188.6569;0.0000;338.5165;1790.7231
191.7061;188.6569;0.0000;340.6301;1797.7231
191.7061;188.7704;0.0000;335.9709;1804.7231
191.7061;188.8839;0.0000;340.6301;1811.7231
191.7061;188.8839;0.0000;339.1980;1818.7231
190.9333;188.8839;0.0000;338.7437;1825.7231
190.9333;188.9976;0.0000;342.6301;1832.7231
190.9333;188.9976;0.0000;339.1980;1839.7231
190.0469;188.9976;0.0000;341.6301;1846.7231
189.2740;189.1111;0.0000;345.6301;1853.7231
189.2740;189.1111;0.0000;342.7437;1860.7231
188.3876;189.2247;0.0000;345.5165;1867.7231
187.5012;189.2247;1.3630;349.4029;1874.7231
186.6148;189.3383;0.0000;347.1758;1881.7231
186.6148;189.4519;0.0000;351.9485;1888.7231
185.8419;189.4519;0.0000;355.7214;1895.7231
184.9556;189.4519;0.0000;355.4942;1902.7231
184.0691;188.6790;0.0000;360.2671;1909.7231
183.2963;188.6790;1.3630;360.4942;1916.8368
181.5235;188.6790;0.0000;363.8128;1923.8367
180.6370;188.7927;0.0000;371.2449;1930.8367
179.7506;188.7927;0.0000;371.3584;1937.8368
178.8642;188.9062;0.0000;379.1090;1944.8367
178.9778;188.9062;0.0000;386.6547;1951.8367
178.0914;189.0198;0.0000;386.3140;1959.7233
177.2049;189.0198;0.0000;390.7461;1966.7231
177.3185;190.0197;0.0000;392.9733;1973.7231
176.4321;190.0197;0.0000;390.0868;1980.7233
175.6593;190.9062;0.0000;395.5189;1987.7231
175.6593;191.0198;0.0000;393.3140;1994.7231
174.8864;191.9062;0.0000;393.3140;2001.7231
174.0000;192.0198;0.0000;397.9733;2008.7231
173.1136;192.9062;0.0000;395.5412;2015.7231
172.3407;193.0198;0.0000;396.2004;2022.7231
171.4543;193.9062;0.0000;399.3140;2029.7231
171.4543;194.0198;0.0000;396.6547;2036.7231
170.6815;194.9062;0.0000;399.3140;2043.7231
169.7951;194.9062;0.0000;398.7683;2050.7231
169.9086;195.9062;0.0000;396.5411;2057.7231
169.9086;195.9062;0.0000;399.5412;2064.7231
169.0222;196.9062;0.0000;397.9955;2071.7231
169.1358;196.9062;0.0000;396.8819;2078.7231
169.1358;197.9062;0.0000;402.5411;2085.7231
168.2493;198.7926;0.0000;397.2226;2092.7231
168.3630;198.9062;0.0000;398.8819;2099.7231
168.4765;199.7926;0.0000;401.8819;2106.8367
168.4765;200.7926;0.0000;397.3362;2113.8367
167.7037;200.7926;0.0000;400.7683;2120.8369
167.7037;201.6790;0.0000;401.1091;2127.8369
167.8173;201.6790;0.0000;398.2226;2134.8367
167.8173;202.6790;0.0000;401.2226;2142.7231
167.8173;203.5655;0.0000;400.5634;2149.7231
167.8173;203.5655;0.0000;399.3362;2156.7231
167.9309;204.5655;0.0000;403.2226;2163.7231
167.9309;205.4519;0.0000;399.0177;2170.7231
168.0444;206.4519;0.0000;399.5634;2177.7231
167.1581;207.3383;0.0000;402.5411;2184.7231
167.2716;207.3383;0.0000;398.2449;2191.7231
167.2716;208.2247;0.0000;402.5634;2198.7231
167.3852;209.1111;0.0000;403.0177;2205.7231
167.3852;209.2247;0.0000;399.1313;2212.7231
167.4988;210.1111;0.0000;402.6770;2219.7231
167.4988;210.9976;0.0000;401.4720;2226.7231
167.6123;210.9976;0.0000;400.3584;2233.7231
166.7260;211.8839;0.0000;404.1313;2240.7231
166.8395;212.7704;0.0000;400.9263;2247.7231
166.8395;213.6568;0.0000;402.2449;2254.7231
166.0667;214.6568;0.0000;405.2449;2261.7231
166.0667;215.5432;0.0000;401.6992;2268.7231
166.1802;216.4297;0.0000;404.2449;2275.7231
166.1802;217.3161;0.0000;406.3584;2282.7231
166.2939;218.2025;0.0000;401.8128;2289.8369
166.2939;218.2025;0.0000;404.4720;2296.8367
166.4074;219.0889;0.0000;404.8127;2303.8369
166.4074;219.9753;0.0000;402.8127;2310.8369
166.5210;220.8618;0.0000;407.2449;2317.8367
166.6346;220.8618;0.0000;405.0399;2324.8369
166.6346;221.7481;10.6370;405.0399;2332.7231
166.7481;222.6346;0.0000;411.2449;2339.7231
166.8618;222.6346;0.0000;402.3806;2346.7231
166.9753;223.5210;0.0000;405.0399;2353.7231
167.8618;224.4074;0.0000;407.9263;2360.7231
167.9753;224.4074;0.0000;404.3806;2367.7231
167.9753;225.4074;0.0000;408.5856;2374.7231
168.9753;226.2939;0.0000;409.0399;2381.7231
168.9753;227.1803;0.0000;406.1535;2388.7231
169.9753;228.0667;0.0000;411.5857;2395.7231
170.9753;228.9531;0.0000;408.2671;2402.7231
170.9753;229.8395;0.0000;408.0399;2409.7231
171.9753;230.7260;0.0000;414.4720;2416.7231
172.9753;230.7260;0.0000;410.9263;2423.7231
173.0889;231.6123;0.0000;411.8128;2430.7231
173.9753;232.4988;0.0000;415.5856;2437.7231
174.0889;233.3852;0.0000;412.8128;2444.7231
175.0889;234.2716;0.0000;418.0177;2451.7231
176.0889;235.1581;0.0000;420.2449;2458.7231
176.0889;236.0444;0.0000;417.3584;2465.7231
177.0889;236.9309;0.0000;422.6769;2472.8369
177.9753;237.8173;0.0000;422.1313;2479.8367
178.0889;237.8173;0.0000;421.6770;2486.8369
178.9753;238.7037;0.0000;427.4498;2493.8369
179.9753;239.5901;0.0000;423.0177;2500.8367
180.0889;239.5901;0.0000;424.5634;2507.8369
181.0889;240.4765;0.0000;428.4498;2515.7231
181.2025;240.3630;0.0000;423.1313;2522.7231
182.0889;241.2494;0.0000;427.5634;2529.7231
182.2025;242.1358;0.0000;427.5634;2536.7231
183.0889;242.1358;0.0000;424.9042;2543.7231
183.2025;243.0222;0.0000;428.5634;2550.7231
184.2025;243.0222;0.0000;427.1313;2557.7231
184.3160;243.7951;0.0000;425.9041;2564.7231
185.2025;244.6815;0.0000;429.7906;2571.7231
186.2025;244.6815;0.0000;425.3584;2578.7231
186.2025;245.5679;0.0000;426.6769;2585.7231
187.2025;245.5679;0.0000;430.9041;2592.7231
187.2025;246.4543;0.0000;425.2449;2599.7231
188.2025;246.3407;0.0000;429.7906;2606.7229
188.3160;247.2272;0.0000;430.0177;2613.7231
189.3161;247.2272;0.0000;427.0177;2620.7231
189.3161;248.1135;0.0000;429.6769;2627.7231
190.3161;248.0000;0.0000;428.4720;2634.7231
191.2025;248.0000;0.0000;427.2449;2641.7231
191.3160;248.8864;0.0000;431.1313;2648.7231
192.3160;248.8864;0.0000;426.7905;2655.7231
192.4297;249.6593;0.0000;429.4720;2662.8369
193.3161;249.6593;0.0000;433.2449;2669.8367
193.4297;249.6593;0.0000;427.6992;2676.8369
194.3161;250.4321;0.0000;430.0177;2683.8369
194.4297;250.4321;0.0000;432.4720;2690.8367
195.4297;251.3185;0.0000;427.0399;2698.7231
196.3161;251.2049;0.0000;430.6992;2705.7231
196.4297;252.0914;0.0000;430.8128;2712.7231
197.3161;252.0914;0.0000;428.9263;2719.7231
198.3161;252.8642;0.0000;432.8128;2726.7231
199.3160;252.7506;0.0000;429.1535;2733.7229
199.4297;252.7506;0.0000;430.6992;2740.7231
200.3161;253.6370;0.0000;433.6992;2747.7231
201.3161;253.5235;0.0000;429.1535;2754.7231
201.3161;253.5235;0.0000;430.6992;2761.7231
202.3160;253.4099;0.0000;433.6992;2768.7231
203.3160;254.2963;0.0000;429.1535;2775.7231
203.3160;254.1826;0.0000;433.6992;2782.7231
204.2025;254.1826;0.0000;433.9263;2789.7231
205.2025;254.1826;0.0000;431.0399;2796.7231
205.3161;254.0691;0.0000;434.5856;2803.7231
206.2025;254.9556;0.0000;431.3806;2810.7231
207.2025;254.9556;0.0000;432.1535;2817.7231
208.0889;254.8419;0.0000;436.0399;2824.7231
209.0889;254.7284;0.0000;431.8350;2831.7231
209.9753;254.7284;0.0000;434.2671;2838.7231
210.9753;254.7284;0.0000;435.3806;2845.8367
211.8618;254.6147;0.0000;431.8350;2852.8369
212.8618;254.6147;0.0000;434.6078;2859.8367
213.7481;254.5012;0.0000;435.7214;2866.8364
214.7482;254.5012;0.0000;432.9486;2873.8369
214.7482;254.3877;0.0000;437.7214;2880.8369
215.7481;253.5012;0.0000;435.2893;2888.7231
216.7481;253.3877;0.0000;433.2893;2895.7231
217.6346;253.3877;0.0000;438.9486;2902.7231
218.5210;253.2740;0.0000;435.5165;2909.7231
219.5210;253.2740;0.0000;437.1758;2916.7231
220.4074;253.1605;0.0000;441.1758;2923.7231
221.4074;253.1605;0.0000;436.7437;2930.7231
222.2939;253.0468;0.0000;441.4029;2937.7234
224.1802;253.0468;1.3630;441.5165;2944.7231
225.0667;252.9333;0.0000;439.5165;2951.7229
226.0667;252.9333;1.3630;444.4030;2958.7231
226.9531;252.9333;0.0000;441.9709;2965.7231
227.9531;252.8198;0.0000;440.4029;2972.7231
227.9531;251.8198;0.0000;445.4029;2979.7231
228.9531;251.8198;0.0000;441.3116;2986.7231
229.9531;251.7061;0.0000;441.5165;2993.7229
230.8395;251.7061;0.0000;446.6301;3000.7231
230.9531;251.5926;0.0000;441.3116;3007.7234
231.8395;250.5926;1.3630;446.5165;3014.7231
232.8395;250.4789;0.0000;446.9708;3021.7231
232.9531;250.4789;1.3630;444.0844;3028.8367
233.8395;249.4789;0.0000;447.1979;3035.8364
234.7260;249.3654;0.0000;446.5387;3042.8369
235.7260;249.3654;0.0000;445.0844;3049.8369
235.8395;248.3654;0.0000;448.7437;3056.8367
236.7260;248.2519;1.3630;444.5387;3063.8367
237.7260;247.2519;0.0000;445.4029;3071.7231
237.7260;247.2519;0.0000;452.4252;3078.7229
238.6123;246.2519;0.0000;445.7437;3085.7231
239.4988;246.2519;0.0000;450.7437;3092.7231
240.4988;245.2518;0.0000;453.7437;3099.7231
240.6123;245.1382;0.0000;449.0844;3106.7231
241.4988;244.1382;0.0000;452.8572;3113.7231
242.4988;244.0247;0.0000;454.1980;3120.7229
243.3852;243.0247;0.0000;451.0844;3127.7231
243.3852;243.0247;0.0000;455.9708;3134.7234
244.2716;242.0247;0.0000;452.4252;3141.7231
245.1581;241.0247;0.0000;455.7437;3148.7231
246.1581;240.9110;0.0000;460.5165;3155.7231
246.1581;239.9110;0.0000;456.9709;3162.7231
247.1581;239.9110;0.0000;461.2893;3169.7231
248.0444;238.9111;0.0000;463.2893;3176.7231
248.9309;238.7975;0.0000;457.7437;3183.7231
249.8173;237.9111;0.0000;463.9486;3190.7231
249.9309;237.7975;0.0000;463.5165;3197.7231
250.8173;236.7975;0.0000;462.2893;3204.7231
251.8173;235.7975;0.0000;467.7214;3211.7231
252.7037;234.7975;0.0000;464.2893;3218.8367
252.7037;233.7975;0.0000;466.8350;3225.8367
253.5901;233.6839;0.0000;471.3807;3232.8364
253.5901;232.7975;0.0000;467.1758;3239.8369
254.4765;231.7975;0.0000;469.8350;3246.8367
255.3630;230.7975;0.0000;472.4942;3254.7231
255.4765;229.7975;0.0000;467.0622;3261.7234
256.3630;229.6840;0.0000;470.3807;3268.7231
257.3630;228.6840;0.0000;471.9486;3275.7231
258.2494;227.6840;0.0000;467.0622;3282.7231
259.1358;226.6840;0.0000;472.6078;3289.7231
260.0222;225.7975;0.0000;469.8350;3296.7231
260.0222;225.6840;0.0000;469.8350;3303.7231
260.9086;224.6840;10.6370;476.3807;3310.7231
261.7951;223.6839;0.0000;469.9486;3317.7229
261.7951;222.6839;10.6370;471.8350;3324.7231
262.6815;221.6839;10.6370;474.9485;3331.7231
262.6815;219.7975;0.0000;470.2893;3338.7229
263.5679;218.7975;10.6370;473.8350;3345.7231
263.5679;217.7975;0.0000;474.0622;3352.7231
264.4543;216.9110;0.0000;470.1758;3359.7231
264.4543;215.9111;10.6370;473.9486;3366.7231
264.4543;214.9111;10.6370;473.5165;3373.7231
264.4543;213.9111;0.0000;470.2893;3380.7229
265.3407;213.0247;0.0000;476.8350;3387.7231
265.3407;212.0247;0.0000;470.8572;3394.7231
265.3407;212.0247;0.0000;464.3116;3401.8367
266.2272;211.0247;0.0000;482.4942;3408.8367
266.2272;210.0247;0.0000;477.0622;3415.8367
266.2272;209.0247;0.0000;481.1535;3422.8364
267.1136;208.1382;0.0000;481.8350;3429.8369
267.1136;207.1382;0.0000;477.8350;3437.7231
267.1136;205.2518;0.0000;482.3807;3444.7229
267.1136;204.3654;0.0000;480.7214;3451.7231
267.1136;203.3654;0.0000;479.7214;3458.7231
267.1136;202.4789;0.0000;483.4942;3465.7229
268.0000;201.4790;0.0000;480.0622;3472.7231
267.8864;200.5926;0.0000;480.8350;3479.7231
267.8864;199.5926;0.0000;483.7214;3486.7231
267.8864;198.5926;0.0000;479.1758;3493.7231
267.8864;197.7061;0.0000;481.9486;3500.7231
267.8864;196.7061;0.0000;484.0622;3507.7231
267.8864;195.7061;0.0000;479.1758;3514.7231
267.0000;195.7061;0.0000;482.7214;3521.7234
267.0000;194.7061;0.0000;483.1758;3528.7231
266.8864;193.7061;0.0000;480.1758;3535.7231
266.8864;192.8197;1.3630;482.9486;3542.7231
266.8864;191.9333;0.0000;480.7437;3549.7231
266.8864;190.0469;1.3630;481.1758;3556.7234
266.0000;189.1605;0.0000;484.1535;3563.7231
266.0000;188.1605;0.0000;480.7437;3570.7231
266.0000;187.2740;0.0000;482.2893;3577.7231
265.0000;186.3876;0.0000;485.2893;3584.8369
265.0000;185.3877;0.0000;480.1980;3591.8369
265.0000;184.5012;0.0000;484.2893;3598.8367
264.8864;183.5012;0.0000;483.7437;3605.8367
264.8864;182.6148;0.0000;480.7437;3612.8367
264.8864;181.6147;0.0000;486.0622;3619.8364
264.7728;180.7284;0.0000;482.9708;3627.7231
264.7728;179.7284;0.0000;482.7437;3634.7231
264.7728;178.8419;0.0000;485.5165;3641.7231
264.7728;177.9556;0.0000;482.0844;3648.7234
264.7728;176.9556;0.0000;483.7437;3655.7231
264.6593;175.1827;0.0000;485.6301;3662.7231
263.7728;174.2963;0.0000;481.0844;3669.7231
263.7728;173.2963;0.0000;484.6301;3676.7231
262.8864;172.4099;0.0000;484.0844;3683.7231
262.7728;171.4099;0.0000;481.0844;3690.7231
261.8864;170.5235;0.0000;486.4029;3697.7231
261.8864;170.4099;0.0000;482.9708;3704.7231
260.8864;169.5235;0.0000;481.3116;3711.7231
260.8864;168.5235;0.0000;485.6078;3718.7231
260.8864;167.6370;0.0000;482.4251;3725.7231
260.0000;166.7506;0.0000;481.9709;3732.7231
260.0000;165.7506;0.0000;486.0844;3739.7231
259.8864;165.7506;0.0000;481.4251;3746.7231
259.0000;164.7506;0.0000;484.8572;3753.7231
258.8864;163.8642;10.6370;484.0844;3760.7231
258.8864;163.8642;0.0000;481.0844;3767.7229
258.8864;162.8642;0.0000;484.9708;3774.8367
257.8864;161.9777;0.0000;483.1980;3781.8369
257.8864;160.9777;0.0000;481.1980;3788.8367
257.0000;160.0914;0.0000;486.6301;3795.8367
256.8864;159.0914;0.0000;481.4251;3802.8367
256.0000;158.2049;0.0000;481.1980;3810.7231
256.0000;157.2049;0.0000;484.1980;3817.7231
255.0000;156.3185;0.0000;479.7659;3824.7231
255.0000;155.3185;0.0000;483.8573;3831.7231
254.0000;154.4321;0.0000;483.3116;3838.7231
254.0000;154.3185;0.0000;480.4251;3845.7231
253.8864;153.4321;0.0000;483.3116;3852.7231
253.0000;152.4321;0.0000;481.8795;3859.7231
253.0000;152.4321;0.0000;480.4251;3866.7231
253.0000;151.4321;0.0000;484.0844;3873.7231
252.8864;151.4321;0.0000;478.8795;3880.7231
252.0000;150.4321;0.0000;479.4252;3887.7231
252.0000;150.4321;0.0000;484.0844;3894.7231
251.8864;149.4321;0.0000;478.7659;3901.7231
251.0000;149.4321;0.0000;481.4251;3908.7231
251.0000;148.4321;0.0000;481.8795;3915.7231
250.0000;147.5457;0.0000;477.1066;3922.7231
249.1135;147.4321;0.0000;481.5387;3929.7231
248.1135;146.5457;0.0000;480.1066;3936.7231
247.2272;145.5457;0.0000;478.7659;3943.7231
246.2272;145.5457;0.0000;481.6523;3950.7231
246.2272;144.6593;0.0000;477.4474;3957.8367
245.3407;144.5457;0.0000;478.8795;3964.8364
245.3407;143.6593;0.0000;481.8795;3971.8369
244.4543;143.5457;0.0000;476.5609;3978.8369
243.4543;142.6593;0.0000;478.9930;3985.8367
243.4543;142.5457;0.0000;481.8795;3993.7231
242.4543;142.5457;0.0000;475.6746;4000.7231
241.5679;141.6593;0.0000;480.1066;4007.7231
240.6815;141.6593;0.0000;477.6746;4014.7231
240.5679;140.6593;0.0000;476.5609;4021.7231
239.6815;140.5457;0.0000;480.9930;4028.7231
238.6815;139.6593;0.0000;475.9017;4035.7231
236.9086;139.5457;0.0000;477.4474;4042.7231
236.0222;138.6593;0.0000;482.1066;4049.7231
235.0222;137.7728;0.0000;475.9017;4056.7231
234.1358;136.7728;0.0000;479.2202;4063.7231
232.2494;135.8864;0.0000;480.3338;4070.7231
230.4765;134.8864;0.0000;475.0153;4077.7231
229.4765;134.0000;0.0000;479.4474;4084.7231
227.7037;133.0000;0.0000;477.9017;4091.7231
226.7037;132.1136;0.0000;474.9017;4098.7231
224.9309;132.1136;0.0000;479.6746;4105.7231
223.9309;131.1135;0.0000;475.2425;4112.7231
223.0444;131.1135;0.0000;475.6746;4119.7231
222.0444;130.1135;0.0000;480.4474;4126.7231
221.1581;130.1135;0.0000;475.2425;4133.7231
220.1581;130.1135;0.0000;475.7881;4140.8364
219.2716;130.0000;0.0000;479.5609;4147.8369
218.3852;129.1135;0.0000;473.3560;4154.8369
217.3852;129.1135;0.0000;479.3338;4161.8364
216.4988;129.0000;0.0000;476.0153;4168.8364
215.6123;128.1135;0.0000;474.0153;4175.8369
214.6123;128.1135;0.0000;479.4474;4183.7231
213.7260;127.1135;0.0000;476.0153;4190.7231
212.7260;127.1135;0.0000;474.0153;4197.7231
211.7260;127.0000;0.0000;479.5609;4204.7231
210.8395;126.1135;0.0000;473.2425;4211.7231
209.9531;126.1135;0.0000;474.9017;4218.7231
208.9531;125.2272;0.0000;477.9017;4225.7231
207.1803;125.1136;0.0000;473.4695;4232.7231
206.1802;124.2272;0.0000;475.9017;4239.7231
205.1802;124.1135;0.0000;475.9017;4246.7231
203.4074;123.2272;0.0000;473.0153;4253.7231
202.5210;123.2272;0.0000;475.9017;4260.7231
200.6346;123.2272;0.0000;476.1289;4267.7231
199.7482;122.2272;1.3630;473.2425;4274.7231
197.8618;122.2272;0.0000;477.7881;4281.7231
195.9753;121.3407;0.0000;473.4695;4288.7231
194.2025;121.2272;0.0000;473.9017;4295.7231
192.3160;120.3407;0.0000;477.6746;4302.7231
190.5432;120.3407;0.0000;473.3560;4309.7231
188.6569;119.3407;0.0000;477.5609;4316.7231
186.8839;118.4544;1.3630;480.4474;4323.7231
184.9976;118.4544;0.0000;475.9017;4330.8364
183.2247;117.4543;1.3630;480.3338;4337.8364
181.3383;117.4543;0.0000;481.4474;4344.8369
180.4519;116.5679;0.0000;479.2202;4351.8364
178.5655;116.5679;0.0000;482.9930;4358.8364
176.7926;116.4543;0.0000;479.4474;4366.7231
174.9062;115.5679;0.0000;482.1066;4373.7231
173.9062;115.5679;0.0000;484.7659;4380.7231
172.1334;115.5679;1.3630;480.5609;4387.7231
171.1334;115.4543;0.0000;483.7659;4394.7231
170.2469;114.5679;0.0000;485.6523;4401.7231
168.3605;114.4543;0.0000;480.7881;4408.7231
167.3605;114.4543;0.0000;485.5387;4415.7231
166.4741;114.4543;0.0000;485.1066;4422.7231
165.4741;114.4543;0.0000;482.9930;4429.7231
164.4741;114.3407;0.0000;486.5387;4436.7231
163.4741;114.3407;0.0000;483.1066;4443.7231
162.4741;114.3407;0.0000;484.1980;4450.7231
162.4741;114.3407;0.0000;487.4252;4457.7231
161.4741;114.3407;0.0000;483.7659;4464.7231
160.4741;115.2272;0.0000;485.0844;4471.7231
160.3605;115.2272;0.0000;487.1980;4478.7231
159.3605;115.2272;0.0000;481.8795;4485.7231
159.2469;116.1135;0.0000;486.9708;4492.7231
158.2469;116.0000;0.0000;486.3116;4499.7231
157.3605;116.8864;0.0000;484.3116;4506.7231
157.2469;116.8864;0.0000;489.0844;4513.8364
156.2469;116.8864;0.0000;485.5387;4520.8369
156.1334;117.7728;0.0000;485.4251;4527.8364
155.1334;117.7728;0.0000;489.8572;4534.8369
154.0198;118.6593;0.0000;485.4251;4541.8369
153.9062;119.5456;0.0000;486.6301;4549.7231
152.9062;119.5456;0.0000;489.4029;4556.7231
152.7927;120.4321;0.0000;485.7437;4563.7231
151.7927;121.3185;0.0000;489.1758;4570.7231
151.6790;122.2049;0.0000;489.4029;4577.7231
150.6790;122.9777;0.0000;488.1758;4584.7231
150.5655;123.8642;0.0000;491.0622;4591.7231
149.5655;124.7506;0.0000;488.1758;4598.7231
148.5655;125.6370;0.0000;489.0622;4605.7231
147.6790;126.5235;0.0000;491.4942;4612.7231
147.5655;127.4098;0.0000;488.1758;4619.7231
146.5655;128.2963;0.0000;488.7214;4626.7231
145.5655;128.2963;0.0000;491.3807;4633.7231
144.5655;129.1827;0.0000;488.1758;4640.7231
143.5655;130.0691;0.0000;491.3807;4647.7231
142.6790;131.0691;0.0000;491.3807;4654.7231
141.6790;131.9556;0.0000;488.3807;4661.7231
141.5655;133.7284;0.0000;492.1536;4668.7231
140.6790;134.5012;0.0000;491.1535;4675.7231
139.6790;135.3876;0.0000;489.3806;4682.7231
138.7927;136.2740;0.0000;495.5856;4689.7231
138.6790;137.1605;0.0000;490.4942;4696.8369
137.6790;138.0469;0.0000;491.8128;4703.8364
137.5655;138.0469;0.0000;495.5856;4710.8369
136.6790;138.9333;0.0000;489.2671;4717.8364
136.5655;139.8197;0.0000;494.4720;4724.8364
135.5655;139.8197;0.0000;494.8128;4731.8369
134.6790;140.7061;0.0000;491.0400;4739.7231
134.5655;141.5926;0.0000;494.5856;4746.7231
133.5655;142.4789;0.0000;494.6992;4753.7231
132.5655;142.4789;0.0000;490.6992;4760.7231
131.6790;143.3654;0.0000;496.2449;4767.7231
130.6790;144.2518;0.0000;491.0400;4774.7231
130.6790;145.1382;0.0000;493.3584;4781.7231
129.6790;146.1382;0.0000;497.1313;4788.7231
128.6790;147.0247;0.0000;491.0400;4795.7231
128.6790;147.9111;0.0000;494.0177;4802.7231
127.6790;148.7975;0.0000;496.9041;4809.7231
126.7927;148.7975;0.0000;490.3584;4816.7231
125.7926;149.6839;0.0000;495.6769;4823.7231
125.6790;150.5703;0.0000;495.7905;4830.7231
124.7926;151.4568;0.0000;494.0177;4837.7231
123.7926;152.4568;0.0000;496.4498;4844.7231
122.7926;152.4568;0.0000;493.7905;4851.7231
121.9062;153.3431;0.0000;494.2226;4858.7231
121.7926;154.2296;0.0000;498.3362;4865.7231
120.9062;155.1160;0.0000;493.7905;4872.7231
119.9062;156.8889;0.0000;495.9955;4879.7231
118.9062;157.7753;0.0000;497.1091;4886.8364
117.9062;158.7753;0.0000;493.5634;4893.8369
117.7926;160.5481;0.0000;496.7683;4900.8364
116.9062;161.5481;0.0000;497.1091;4907.8364
115.9062;163.3210;0.0000;493.8819;4914.8369
114.9062;164.2073;0.0000;497.4276;4922.7227
113.9062;165.0938;0.0000;494.9955;4929.7231
113.0198;165.9802;0.0000;495.5411;4936.7231
112.0198;166.9802;0.0000;498.2004;4943.7227
111.9062;167.8666;0.0000;495.6548;4950.7231
110.9062;168.7531;0.0000;495.4276;4957.7231
110.7926;169.6394;0.0000;498.2004;4964.7227
109.7926;170.6394;0.0000;494.6547;4971.7231
109.6790;172.4123;0.0000;497.9732;4978.7231
108.6790;173.2987;0.0000;498.2004;4985.7227
108.5655;174.2987;0.0000;495.2004;4992.7231
107.5655;175.1852;0.0000;499.6325;4999.7231
107.5655;176.0715;0.0000;498.2004;5006.7227
106.5655;177.0715;0.0000;496.9732;5013.7231
106.4519;177.9580;0.0000;501.4054;5020.7231
105.5655;179.7308;0.0000;496.9732;5027.7236
105.4519;180.6172;0.0000;497.7461;5034.7231
104.4519;181.6172;0.0000;500.5189;5041.7231
104.4519;182.5036;0.0000;497.0868;5048.7236
103.4519;183.5036;0.0000;500.2917;5055.7231
103.3383;183.5036;0.0000;500.5189;5062.7231
103.2247;184.5036;0.0000;497.6325;5069.8369
103.2247;186.2765;0.0000;500.9510;5076.8369
103.1111;187.1629;0.0000;499.4054;5083.8369
102.9976;188.1629;0.0000;498.0646;5090.8369
102.9976;188.1629;0.0000;502.6103;5097.8369
101.9976;190.0493;0.0000;497.2917;5105.7231
101.8839;190.0493;0.0000;498.7238;5112.7231
100.8840;191.0493;0.0000;501.6103;5119.7231
100.8840;192.0493;0.0000;497.4053;5126.7231
100.7704;192.9357;0.0000;500.3831;5133.7231
99.7704;193.9357;0.0000;500.7238;5140.7231
99.6568;194.0493;0.0000;497.8375;5147.7231
99.5432;194.9357;0.0000;501.0424;5154.7231
99.4297;195.0493;0.0000;501.3831;5161.7231
99.3160;195.9357;0.0000;499.2695;5168.7231
99.2025;196.0493;0.0000;504.4745;5175.7231
100.0889;197.0493;0.0000;501.2695;5182.7231
99.9753;197.0493;0.0000;502.5880;5189.7231
99.9753;197.9357;0.0000;508.9066;5196.7231
99.8618;198.9357;0.0000;505.4745;5203.7231
98.8618;199.8222;0.0000;510.4523;5210.7231
98.8618;199.9357;0.0000;513.3387;5217.7231
98.7481;200.9357;0.0000;507.6794;5224.7227
98.6346;201.8222;0.0000;512.8844;5231.7231
98.6346;202.8222;0.0000;513.5658;5238.7231
98.5210;203.7086;0.0000;512.7708;5245.7227
98.5210;204.7086;0.0000;518.0892;5252.8369
98.4074;204.8222;0.0000;518.2029;5259.8364
98.4074;205.7086;0.0000;520.6349;5266.8364
98.4074;206.5950;0.0000;527.8398;5273.8369
99.1802;207.5950;0.0000;523.5213;5280.8369
99.1802;208.4814;0.0000;526.7041;5287.8364
99.0667;209.4814;0.0000;529.6127;5295.7231
99.0667;210.3678;0.0000;520.7485;5302.7231
99.8395;211.3678;0.0000;529.4991;5309.7231
99.7260;212.3678;0.0000;526.0670;5316.7231
99.7260;213.3678;0.0000;522.1806;5323.7231
99.6123;214.2543;0.0000;528.2720;5330.7231
99.6123;214.3678;0.0000;525.6127;5337.7231
99.6123;215.3678;0.0000;527.0448;5344.7231
99.4988;216.2543;0.0000;534.4769;5351.7231
100.3852;217.2543;0.0000;531.8176;5358.7231
100.3852;218.1406;0.0000;535.0226;5365.7231
100.2716;219.1406;0.0000;538.0225;5372.7231
100.2716;220.0271;0.0000;534.4769;5379.7231
100.1581;221.0271;0.0000;539.6818;5386.7231
100.0444;222.0271;0.0000;539.6818;5393.7231
100.0444;222.9135;0.0000;536.7954;5400.7231
100.0444;223.9135;0.0000;541.4547;5407.7231
100.8173;224.9135;0.0000;538.9089;5414.7231
100.8173;226.6864;0.0000;538.5682;5421.7231
100.8173;227.6864;0.0000;543.1139;5428.7231
100.8173;228.5728;0.0000;538.7954;5435.8364
101.5902;229.5728;0.0000;539.2275;5442.8369
101.5902;230.4592;0.0000;543.1139;5449.8369
101.4765;231.4592;0.0000;539.6818;5456.8364
101.3630;232.4592;0.0000;542.8868;5463.8364
101.3630;233.3456;0.0000;545.2275;5470.8369
101.2494;234.3456;0.0000;541.7732;5478.7236
101.1358;235.3456;0.0000;546.4324;5485.7231
101.1358;236.2320;0.0000;545.0004;5492.7231
101.0222;237.2320;0.0000;544.5460;5499.7236
101.0222;238.2320;0.0000;549.2053;5506.7231
101.9086;239.1185;0.0000;545.8867;5513.7231
102.6815;240.1185;0.0000;546.3188;5520.7231
103.4543;241.1185;0.0000;550.6374;5527.7231
104.3407;242.1185;0.0000;546.5460;5534.7231
105.1135;243.8913;0.0000;550.8646;5541.7231
106.0000;244.8913;0.0000;550.6374;5548.7231
106.7728;245.8913;0.0000;548.3188;5555.7231
107.6593;246.7776;0.0000;550.7510;5562.7231
107.5456;247.7777;0.0000;552.2053;5569.7231
108.4321;248.7777;0.0000;551.5237;5576.7231
109.2049;248.8913;0.0000;558.6151;5583.7231
109.0914;249.7777;0.0000;556.1830;5590.7231
109.9777;250.7776;0.0000;559.5016;5597.7231
109.9777;251.7777;0.0000;564.0472;5604.7231
109.9777;252.7777;0.0000;559.5016;5611.7231
109.8642;253.7777;0.0000;563.8201;5618.7231
109.8642;253.8913;0.0000;565.7065;5625.8369
110.6370;255.6641;0.0000;561.2744;5632.8364
111.4098;256.6641;0.0000;567.5930;5639.8369
112.2963;257.6641;0.0000;567.8201;5646.8369
112.2963;258.6641;0.0000;564.9336;5653.8369
113.1827;258.7776;0.0000;570.1385;5661.7231
113.9556;259.6641;0.0000;564.9336;5668.7227
113.9556;259.7777;0.0000;567.2521;5675.7227
114.7284;260.7777;0.0000;571.7977;5682.7231
114.7284;260.8913;0.0000;565.7065;5689.7231
115.6148;261.8913;0.0000;570.1385;5696.7227
115.6148;261.8913;0.0000;571.9114;5703.7227
115.6148;262.8913;0.0000;565.7065;5710.7231
116.5012;263.0049;0.0000;569.7979;5717.7227
116.5012;263.8913;0.0000;570.1385;5724.7231
117.3877;264.0049;0.0000;567.1385;5731.7231
117.2740;265.0049;0.0000;572.1164;5738.7236
117.2740;265.8913;0.0000;569.7979;5745.7231
118.1605;266.0049;0.0000;569.5707;5752.7231
119.0469;267.0049;0.0000;572.4570;5759.7231
119.0469;268.0049;0.0000;569.9114;5766.7231
119.9333;268.0049;0.0000;570.3435;5773.7227
119.8197;269.0049;0.0000;573.3435;5780.7236
120.7061;269.1185;0.0000;569.7979;5787.7231
120.7061;270.1185;0.0000;572.3435;5794.7236
120.7061;270.2320;0.0000;571.5484;5801.7236
121.5926;270.3456;0.0000;569.5707;5808.8369
121.5926;271.3456;0.0000;573.1165;5815.8364
121.5926;271.4592;0.0000;570.5707;5822.8369
122.4790;272.4592;0.0000;570.2299;5829.8369
122.4790;272.5728;0.0000;574.7756;5836.8364
123.3654;273.5727;0.0000;570.5707;5843.8369
123.3654;274.5727;0.0000;571.2300;5851.7231
124.2518;274.6864;0.0000;574.1164;5858.7227
124.1382;275.6864;1.3630;569.6842;5865.7231
125.0247;275.7999;0.0000;573.8892;5872.7231
125.0247;276.7999;1.3630;573.2300;5879.7231
125.9111;276.9135;0.0000;570.3435;5886.7231
125.9111;277.9135;0.0000;574.5484;5893.7227
125.9111;278.0271;0.0000;572.2299;5900.7231
126.7975;279.0271;1.3630;572.0028;5907.7231
126.7975;279.1406;0.0000;576.5484;5914.7231
126.7975;280.1407;1.3630;571.2300;5921.7231
127.6839;280.2543;0.0000;572.3213;5928.7227
127.6839;281.2543;0.0000;575.4349;5935.7231
128.5703;281.3678;0.0000;571.0028;5942.7231
128.5703;282.3678;0.0000;574.5484;5949.7231
129.4568;283.3678;1.3630;574.6620;5956.7231
129.4568;283.4814;0.0000;571.6620;5963.7227
130.3431;284.4814;0.0000;574.5484;5970.7231
130.3431;284.5950;0.0000;573.7756;5977.7227
131.2296;285.5950;0.0000;570.5485;5984.7231
131.3431;285.7086;0.0000;575.6620;5991.8364
132.2296;286.7086;0.0000;571.0028;5998.8369
132.2296;286.7086;0.0000;572.4349;6005.8369
133.1160;287.7086;0.0000;577.2077;6012.8364
133.1160;287.8222;0.0000;571.0028;6019.8364
134.0024;287.9357;0.0000;574.3213;6026.8369
134.0024;288.9357;0.0000;575.4349;6034.7231
135.0024;289.9357;0.0000;571.0028;6041.7231
135.8889;290.9357;0.0000;575.4349;6048.7236
136.7752;291.0493;0.0000;574.7756;6055.7231
137.6617;292.0493;0.0000;571.4349;6062.7227
137.6617;293.0493;0.0000;577.2077;6069.7231
138.5481;294.0493;0.0000;573.0028;6076.7231
139.5482;294.1629;0.0000;573.6620;6083.7236
140.4345;295.1629;0.0000;577.4349;6090.7231
140.5481;296.1629;0.0000;572.1164;6097.7227
141.4345;296.2765;0.0000;575.5484;6104.7231
142.3210;297.2765;0.0000;577.4349;6111.7231
143.2073;297.3901;0.0000;573.0028;6118.7236
144.0938;298.5036;0.0000;577.5484;6125.7231
144.9802;298.6172;0.0000;577.7756;6132.7231
145.8666;298.8444;0.0000;575.0028;6139.7231
146.7531;299.8444;0.0000;578.6620;6146.7231
146.8666;300.0715;0.0000;575.4570;6153.7227
147.7531;301.0715;0.0000;576.3435;6160.7231
148.6394;301.2987;0.0000;579.8892;6167.7231
149.5259;302.2987;0.0000;575.7979;6174.7231
150.4123;302.4123;0.0000;578.2299;6181.8369
152.2987;302.5259;0.0000;579.8892;6188.8369
153.1852;303.5259;0.0000;575.5707;6195.8364
154.0715;303.6394;0.0000;580.8892;6202.8369
155.0715;303.7531;0.0000;579.3435;6209.8364
155.9580;304.8666;0.0000;577.4570;6217.7227
156.9580;304.9802;0.0000;581.1164;6224.7231
157.8444;305.0938;0.0000;578.6843;6231.7236
158.7308;305.2074;0.0000;578.4570;6238.7231
159.6172;306.2073;0.0000;583.2300;6245.7231
160.6172;306.3210;0.0000;577.9114;6252.7236
161.5036;306.4345;0.0000;579.5707;6259.7231
162.3901;306.5481;0.0000;582.4570;6266.7231
163.3901;307.5482;0.0000;577.9114;6273.7231
164.2765;307.6617;0.0000;581.1164;6280.7231
165.2765;307.7752;0.0000;581.7979;6287.7227
166.2765;308.6617;0.0000;577.9114;6294.7231
167.1629;308.7752;0.0000;581.5707;6301.7231
168.1629;308.8889;0.0000;580.0250;6308.7231
169.0493;308.8889;10.6370;578.9114;6315.7231
169.9357;309.0024;0.0000;584.2299;6322.7227
170.9357;310.0024;0.0000;578.3657;6329.7231
171.8222;310.0024;10.6370;579.7977;6336.7231
172.7086;310.1160;0.0000;583.6842;6343.7231
174.5950;310.1160;0.0000;577.4793;6350.7231
175.4814;311.0024;0.0000;581.4570;6357.7227
177.3678;311.1160;0.0000;581.7979;6364.8369
179.1407;312.0024;0.0000;578.2522;6371.8364
180.0271;312.1160;0.0000;581.5707;6378.8369
181.9135;313.1160;0.0000;581.9114;6385.8369
182.7999;313.1160;0.0000;579.0250;6392.8369
183.7999;313.1160;0.0000;584.2299;6399.8369
184.6864;314.1160;0.0000;579.4793;6407.7227
186.4592;314.1160;0.0000;579.9114;6414.7231
187.4592;314.2296;0.0000;583.5707;6421.7231
188.3456;314.2296;0.0000;576.5707;6428.7231
189.3456;315.2296;0.0000;581.7979;6435.7231
190.3456;315.2296;0.0000;583.6842;6442.7227
192.1185;315.3431;0.0000;577.5930;6449.7236
193.0048;315.3431;0.0000;581.9114;6456.7231
193.8913;315.4568;0.0000;582.0250;6463.7231
195.7776;315.4568;0.0000;579.3658;6470.7236
196.7776;315.5703;0.0000;583.6842;6477.7227
197.6641;316.5703;0.0000;579.4793;6484.7231
199.5506;315.6839;0.0000;581.0250;6491.7236
200.4370;315.7975;0.0000;583.9114;6498.7231
201.3234;315.7975;0.0000;579.4793;6505.7231
202.3234;315.9110;0.0000;581.7979;6512.7236
204.0962;315.9110;0.0000;583.6842;6519.7231
205.0962;315.9110;0.0000;579.4793;6526.7231
205.9827;315.9110;0.0000;583.7979;6533.7231
206.8690;316.0247;0.0000;582.1385;6540.7231
207.8690;316.0247;0.0000;579.3658;6547.8369
208.7555;316.1382;0.0000;584.9114;6554.8369
210.6419;316.1382;0.0000;579.7065;6561.8369
211.5283;315.3654;0.0000;580.1164;6568.8364
212.4147;315.3654;10.6370;584.9114;6575.8369
214.3011;315.4790;0.0000;579.5930;6582.8369
215.1876;315.4790;0.0000;582.1385;6590.7231
216.1876;315.4790;0.0000;584.0250;6597.7236
217.9604;315.5926;0.0000;579.7065;6604.7231
218.8469;315.5926;0.0000;583.0250;6611.7227
219.8469;315.7061;0.0000;583.1385;6618.7231
221.6197;314.8198;0.0000;579.4793;6625.7231
222.5061;314.8198;0.0000;583.9114;6632.7236
223.5061;314.0469;0.0000;579.8201;6639.7231
225.2789;314.0469;10.6370;579.4793;6646.7227
226.2789;314.0469;0.0000;585.1385;6653.7231
227.1653;313.2741;10.6370;579.8201;6660.7231
228.1653;313.2741;0.0000;580.3657;6667.7227
229.9382;313.3877;0.0000;584.2522;6674.7231
230.9382;312.5012;0.0000;578.7065;6681.7227
232.7110;312.5012;0.0000;583.1385;6688.7231
233.5974;312.6147;0.0000;582.4794;6695.7231
235.4839;312.6147;0.0000;578.5930;6702.7227
236.3702;311.7284;0.0000;583.1385;6709.7231
238.2567;311.8419;0.0000;581.7065;6716.7231
240.0295;311.8419;0.0000;579.4793;6723.7231
241.0295;311.9556;0.0000;585.0250;6730.7236
242.9160;311.0691;0.0000;579.0472;6737.8369
244.6888;311.0691;0.0000;579.2522;6744.8364
246.5752;310.2963;0.0000;584.4794;6751.8369
247.5752;310.2963;0.0000;578.0472;6758.8369
249.3481;309.5234;0.0000;582.3657;6765.8364
250.3481;309.5234;0.0000;582.4794;6773.7231
251.3481;308.7506;0.0000;578.9336;6780.7231
253.1209;308.7506;0.0000;583.3658;6787.7231
254.1209;307.8642;0.0000;581.7065;6794.7231
255.1209;307.9778;0.0000;579.4793;6801.7227
256.0073;307.0914;0.0000;584.3657;6808.7231
257.0073;307.2049;0.0000;580.0472;6815.7231
258.0073;306.3185;0.0000;579.5930;6822.7231
258.8937;305.4321;0.0000;584.3657;6829.7231
259.8937;305.5456;0.0000;578.3879;6836.7227
260.8937;304.6593;0.0000;582.2522;6843.7231
261.8937;303.8864;0.0000;583.5930;6850.7231
262.7802;303.0000;0.0000;578.3879;6857.7231
263.7801;303.1136;0.0000;582.4794;6864.7231
263.8937;302.2272;0.0000;581.9336;6871.7227
264.7801;301.3407;0.0000;580.0472;6878.7231
265.7801;300.5679;0.0000;583.5930;6885.7231
267.6665;299.6815;0.0000;580.2744;6892.7231
268.6665;299.7951;0.0000;581.5930;6899.7231
269.6665;298.9086;0.0000;584.5930;6906.7227
271.5530;298.1358;0.0000;579.5016;6913.7231
272.5530;297.2494;0.0000;581.9336;6920.8364
273.4394;296.3630;0.0000;583.8201;6927.8364
274.4394;296.4765;0.0000;577.8423;6934.8369
276.3258;295.5901;0.0000;582.9337;6941.8369
277.3258;294.7037;0.0000;583.6151;6948.8364
278.2123;293.9309;0.0000;580.3880;6956.7227
279.2122;293.0444;0.0000;583.9336;6963.7236
280.2122;292.2716;0.0000;580.6151;6970.7231
281.2122;291.3852;0.0000;582.0472;6977.7231
283.0986;290.4988;0.0000;585.8201;6984.7236
284.0986;289.6123;0.0000;582.2744;6991.7227
284.9851;288.8395;0.0000;585.4793;6998.7231
285.9851;287.0667;0.0000;588.5929;7005.7236
286.9851;286.1803;0.0000;583.2744;7012.7231
287.9851;285.4074;0.0000;587.5930;7019.7231
288.9851;283.6346;0.0000;587.3879;7026.7236
289.9851;282.8618;0.0000;584.1608;7033.7231
290.9851;281.9754;0.0000;588.5929;7040.7231
291.9851;280.3160;0.0000;585.3880;7047.7231
291.9851;279.4297;0.0000;587.5930;7054.7231
292.9851;277.7704;0.0000;596.6842;7061.7227
293.9851;276.8839;0.0000;593.3657;7068.7236
294.0986;275.1111;0.0000;598.4570;7075.7231
294.3258;273.4519;10.6370;604.0028;7082.7231
295.3258;271.6790;1.3630;603.1164;7089.7236
295.4394;270.7927;0.0000;610.2077;7096.7227
295.5530;269.0198;0.0000;611.3213;7103.8364
296.5530;267.3606;1.3630;609.5484;7110.8369
296.6665;266.4741;0.0000;613.9805;7117.8364
296.7801;264.7013;0.0000;611.4349;7124.8364
297.8937;263.9284;0.0000;610.2990;7131.8369
298.0073;262.1556;0.0000;616.6398;7138.8364
299.1209;261.2692;0.0000;611.5484;7146.7231
299.2344;260.4964;0.0000;613.0941;7153.7231
300.2344;259.6099;0.0000;615.9805;7160.7236
300.4616;257.8371;0.0000;610.7756;7167.7231
301.4616;256.9506;0.0000;615.6398;7174.7231
301.6888;256.1778;0.0000;614.4349;7181.7236
302.6888;255.2914;1.3630;611.7756;7188.7231
302.9160;253.5186;0.0000;616.9805;7195.7227
303.9160;252.6322;0.0000;614.6620;7202.7231
304.9160;251.7457;1.3630;614.2077;7209.7231
306.0295;250.8593;0.0000;619.7534;7216.7227
306.1431;249.9729;0.0000;617.3213;7223.7236
307.2567;249.0865;0.0000;620.4126;7230.7227
308.2567;248.2001;0.0000;627.9584;7237.7231
308.4839;247.3136;0.0000;626.1854;7244.7236
309.4839;245.5408;0.0000;633.8224;7251.7227
309.7110;244.6544;0.0000;636.8224;7258.7231
309.8246;243.7680;1.3630;635.0496;7265.7236
309.9381;242.8815;0.0000;639.3682;7272.7231
310.1653;242.8815;0.0000;639.7089;7279.7231
310.2789;241.9951;1.3630;636.8224;7286.7236
310.3925;241.1087;10.6370;643.0274;7293.8369
310.6197;240.2223;0.0000;639.5953;7300.8364
310.7332;239.3359;10.6370;641.2546;7307.8369
310.8468;238.3359;0.0000;645.1410;7314.8369
311.0739;237.4495;0.0000;639.0497;7321.8369
311.1876;236.5630;0.0000;642.1410;7329.7231
311.3011;236.5630;10.6370;645.2545;7336.7231
312.4148;235.6766;0.0000;641.0496;7343.7231
312.6419;234.6766;10.6370;645.1410;7350.7227
312.7555;233.7902;1.3630;643.5953;7357.7231
313.8690;232.9038;0.0000;639.8224;7364.7231
313.9827;232.9038;0.0000;646.2545;7371.7231
314.9827;232.0174;10.6370;642.0497;7378.7231
315.0962;231.0174;0.0000;642.5953;7385.7227
315.3234;230.1310;0.0000;647.2546;7392.7231
316.4370;228.3581;0.0000;642.1633;7399.7231
316.5506;227.4717;0.0000;645.7089;7406.7231
316.6641;226.5852;0.0000;637.8447;7413.7231
316.7777;225.6989;0.0000;646.7089;7420.7236
316.8913;223.8124;0.0000;651.0274;7427.7231
317.1185;222.9260;0.0000;653.9138;7434.7231
318.1185;221.9260;0.0000;650.2545;7441.7231
318.3456;221.0396;0.0000;655.3459;7448.7231
318.4592;219.2668;0.0000;651.4818;7455.7227
318.5727;218.3803;0.0000;653.0274;7462.7231
318.6864;217.4939;0.0000;659.3459;7469.7231
318.7999;215.7211;0.0000;654.4818;7476.8364
318.9135;214.7211;0.0000;654.8003;7483.8369
319.0271;213.7211;1.3630;659.4596;7490.8369
319.2543;211.9482;0.0000;654.5953;7497.8364
319.4814;210.9482;1.3630;658.9138;7504.8369
319.7086;209.0618;0.0000;658.3682;7512.7231
319.8222;208.1754;0.0000;654.7089;7519.7236
320.0493;206.2890;0.0000;659.9138;7526.7231
321.0493;204.4026;0.0000;657.8224;7533.7231
321.2765;203.5161;0.0000;656.5953;7540.7236
321.3901;201.6297;0.0000;664.0275;7547.7231
321.6172;200.7433;0.0000;656.1632;7554.7231
320.8445;198.8569;0.0000;658.7089;7561.7231
321.0715;197.8569;0.0000;664.4818;7568.7231
321.1852;195.9705;0.0000;656.5040;7575.7227
321.4123;194.9705;0.0000;660.5731;7582.7236
321.6394;193.0840;0.0000;661.0496;7589.7231
321.8666;192.0841;0.0000;657.5040;7596.7231
321.9802;191.0841;0.0000;662.7089;7603.7231
321.3210;190.1976;0.0000;660.3904;7610.7227
321.4345;188.3112;0.0000;659.1632;7617.7231
321.6617;187.1976;0.0000;664.4818;7624.7227
321.7753;186.1976;0.0000;658.6176;7631.7236
322.0024;185.1976;0.0000;658.3903;7638.7231
322.1161;184.1976;0.0000;664.8224;7645.7227
322.2296;183.0841;0.0000;657.8447;7652.7231
322.3431;182.0840;0.0000;661.0496;7659.8359
322.4568;180.1976;10.6370;662.3904;7666.8369
321.6839;179.1976;0.0000;657.8447;7673.8364
321.7975;178.1976;10.6370;661.1632;7680.8369
321.9110;177.1976;0.0000;662.3904;7687.8369
321.1382;176.1976;0.0000;657.6176;7694.8359
321.2518;175.1976;0.0000;661.5040;7702.7231
321.3654;174.1976;0.0000;659.1854;7709.7227
320.4790;173.1976;0.0000;658.6176;7716.7231
320.5926;171.3112;0.0000;663.6176;7723.7231
320.7061;170.4248;0.0000;658.0719;7730.7227
319.8198;169.4248;0.0000;661.6176;7737.7236
319.9333;168.4248;0.0000;664.4818;7744.7227
319.1605;167.4248;0.0000;659.1854;7751.7231
319.1605;166.4248;0.0000;665.1633;7758.7236
318.3877;165.4248;0.0000;661.9584;7765.7227
318.3877;164.5384;0.0000;662.7312;7772.7231
317.6147;163.5384;1.3630;666.2769;7779.7236
316.8420;162.5384;0.0000;663.6176;7786.7231
316.9556;161.5384;0.0000;666.3904;7793.7231
316.0691;159.6519;0.0000;671.9361;7800.7236
315.2963;158.6519;0.0000;666.6176;7807.7231
315.4099;157.6519;1.3630;669.0275;7814.7227
314.6370;156.6519;0.0000;674.7089;7821.7231
313.7506;156.5384;0.0000;668.5040;7828.7231
312.9778;155.4248;0.0000;674.5953;7835.7227
312.0914;154.4248;0.0000;675.8225;7842.7236
312.2049;153.5384;0.0000;671.1633;7849.8359
311.3185;151.5384;0.0000;675.7089;7856.8364
310.5457;150.5384;0.0000;670.7312;7863.8369
309.7728;149.5384;0.0000;673.1633;7870.8369
308.8864;148.6519;1.3630;681.1411;7877.8364
308.1136;146.7656;0.0000;673.5040;7885.7236
307.2271;145.7655;0.0000;674.0497;7892.7236
306.3407;144.7655;0.0000;676.1632;7899.7227
304.6815;143.8791;0.0000;672.3904;7906.7231
303.7951;141.9927;0.0000;676.1632;7913.7236
303.0222;140.9927;0.0000;673.7311;7920.7236
302.1358;139.9927;0.0000;672.6176;7927.7231
301.3630;138.9927;0.0000;676.3904;7934.7236
300.4765;137.1063;0.0000;675.7311;7941.7231
299.5901;136.2199;0.0000;670.0719;7948.7227
298.7037;135.2199;0.0000;677.0496;7955.7236
297.9309;134.2199;0.0000;671.4126;7962.7231
297.0444;133.2199;0.0000;673.7311;7969.7227
296.2716;132.2199;0.0000;673.8447;7976.7231
296.2716;131.2199;0.0000;670.5262;7983.7227
295.3852;130.3335;0.0000;675.5040;7990.7227
294.6123;128.4470;0.0000;674.9584;7997.7236
293.7260;127.4470;0.0000;670.4126;8004.7227
292.9531;125.5606;0.0000;675.6176;8011.7231
292.0667;124.5606;0.0000;673.2990;8018.7236
291.1803;122.7878;0.0000;672.2991;8025.7227
290.2939;121.7878;0.0000;675.7311;8032.8364
289.5210;119.7878;0.0000;671.8669;8039.8369
288.6346;118.7878;0.0000;672.0719;8046.8369
288.7481;117.9014;0.0000;677.1855;8053.8359
287.8618;116.0149;0.0000;669.9805;8060.8369
286.9753;115.0149;0.0000;674.0719;8068.7227
286.2025;113.1285;0.0000;675.2991;8075.7231
285.3160;112.1285;0.0000;670.6398;8082.7231
284.4297;111.1285;0.0000;674.0719;8089.7227
283.6568;110.1285;0.0000;672.6399;8096.7231
283.6568;109.1285;0.0000;669.7534;8103.7227
282.8839;108.1285;0.0000;674.2990;8110.7231
281.9976;106.2421;0.0000;670.8670;8117.7231
281.1111;105.2421;0.0000;672.4126;8124.7227
280.3383;104.1285;0.0000;675.4126;8131.7236
279.4519;102.2421;1.3630;669.2077;8138.7227
278.6790;101.2421;0.0000;674.4126;8145.7231
277.7927;100.2421;1.3630;674.5262;8152.7236
276.9062;99.2421;0.0000;669.3213;8159.7227
275.2469;98.1285;0.0000;674.4126;8166.7231
274.3606;97.1285;0.0000;673.0941;8173.7236
273.5877;97.0149;1.3630;670.2077;8180.7236
271.8148;95.9014;0.0000;674.8669;8187.7231
270.9285;94.9014;1.3630;671.3213;8194.7236
269.2692;93.9014;0.0000;671.6399;8201.7227
267.4963;92.9014;0.0000;676.2077;8208.7236
266.6099;91.9014;0.0000;671.7534;8215.8369
264.8371;90.9014;0.0000;672.8670;8222.8359
263.9507;89.9014;0.0000;675.0941;8229.8369
262.2914;88.7878;0.0000;671.4349;8236.8359
261.4050;88.6742;0.0000;672.3213;8243.8359
259.6322;87.6742;0.0000;676.2077;8250.8369
258.7457;86.6742;0.0000;672.3213;8258.7236
257.8593;86.4470;0.0000;676.2077;8265.7227
256.0865;86.3335;0.0000;672.0028;8272.7236
255.3136;85.3335;0.0000;672.6620;8279.7236
254.4272;85.2199;0.0000;677.2077;8286.7227
252.6544;84.9927;0.0000;672.1164;8293.7236
251.7680;83.9927;0.0000;673.5484;8300.7227
249.9951;83.8791;10.6370;678.5484;8307.7227
249.1087;82.8791;0.0000;672.3435;8314.7236
247.3359;81.8791;0.0000;675.6620;8321.7236
245.5630;80.8791;0.0000;676.1164;8328.7227
244.6766;80.6519;0.0000;672.8892;8335.7227
243.7902;79.6519;0.0000;670.5707;8342.7236
242.0174;78.5384;0.0000;681.5484;8349.7227
240.3581;78.4248;0.0000;668.6843;8356.7236
239.4717;77.3112;0.0000;685.7534;8363.7236
237.6989;77.1976;0.0000;678.8892;8370.7227
236.8124;77.0840;0.0000;679.6620;8377.7236
235.0396;76.0840;0.0000;686.0941;8384.7236
234.1532;75.8569;0.0000;681.6620;8391.7227
232.3803;74.8569;0.0000;681.5484;8398.7236
230.4939;73.8569;0.0000;683.6620;8405.8359
229.6075;73.7433;0.0000;684.2078;8412.8359
227.9482;72.6297;0.0000;685.9805;8419.8369
226.1754;72.5161;0.0000;684.5485;8426.8359
225.2890;71.4026;0.0000;681.5484;8433.8369
223.5161;71.2890;0.0000;687.8670;8441.7227
221.6297;70.2890;0.0000;683.6620;8448.7236
219.8569;70.1754;0.0000;684.2078;8455.7227
218.9705;69.0618;0.0000;688.0941;8462.7227
217.1976;68.9482;1.3630;680.2299;8469.7236
216.3112;68.8347;0.0000;686.3212;8476.7236
214.5384;68.6075;1.3630;686.4349;8483.7227
213.5384;67.6075;0.0000;684.0027;8490.7227
211.7655;67.4939;0.0000;687.2076;8497.7236
210.8791;67.3803;0.0000;684.7756;8504.7227
209.1063;67.1532;0.0000;684.5485;8511.7236
208.2199;67.0396;0.0000;688.9805;8518.7236
206.4470;66.8124;0.0000;684.0027;8525.7227
204.6742;66.6989;0.0000;683.6620;8532.7236
203.6742;65.5852;0.0000;689.2077;8539.7236
201.9014;65.4717;0.0000;682.2299;8546.7227
201.0149;65.3581;0.0000;687.2076;8553.7236
199.1285;65.1310;0.0000;688.4349;8560.7227
198.2421;64.0173;0.0000;682.2299;8567.7227
196.3557;63.9038;0.0000;687.3213;8574.7236
195.4693;63.6766;0.0000;686.6620;8581.7236
193.6964;63.5631;0.0000;684.7756;8588.8359
192.6964;63.4494;0.0000;688.4349;8595.8359
190.9236;63.2223;0.0000;684.3435;8602.8359
189.9236;63.1087;0.0000;684.8892;8609.8369
189.0372;62.8815;0.0000;688.5485;8616.8359
188.1507;62.7680;0.0000;682.5707;8624.7227
187.1507;62.5408;0.0000;686.6620;8631.7236
186.2643;62.4272;0.0000;688.7756;8638.7236
185.2643;62.3136;0.0000;682.4570;8645.7236
184.2643;62.9729;0.0000;687.7756;8652.7236
183.3779;62.8593;0.0000;688.7756;8659.7227
182.3779;62.6322;0.0000;682.4570;8666.7236
182.2643;63.4050;0.0000;688.6620;8673.7236
181.3779;63.2914;0.0000;682.9114;8680.7227
180.3779;63.0643;0.0000;684.2299;8687.7236
179.3779;62.9506;0.0000;688.7756;8694.7227
179.2643;63.7235;0.0000;682.4570;8701.7236
178.3779;63.6099;1.3630;685.7756;8708.7236
178.2643;64.3827;0.0000;688.0028;8715.7227
177.3779;64.1556;0.0000;682.6842;8722.7236
176.3779;64.0420;0.0000;686.8891;8729.7227
175.4915;63.9285;0.0000;686.1163;8736.7236
174.4915;64.7013;0.0000;681.6842;8743.7236
173.4915;64.5877;0.0000;686.8891;8750.7227
172.6051;64.4741;0.0000;682.9114;8757.7236
171.6051;65.2469;0.0000;684.3435;8764.7227
170.6051;65.1334;0.0000;688.7756;8771.8359
170.4915;65.0198;0.0000;682.5707;8778.8369
169.6051;65.7926;0.0000;682.5707;8785.8359
168.6051;65.5655;0.0000;689.3435;8792.8359
167.6051;66.4519;0.0000;681.9114;8799.8369
167.4915;66.3383;0.0000;686.3435;8806.8359
166.4915;66.2247;0.0000;686.4570;8814.7227
165.6051;66.9976;0.0000;680.0250;8821.7236
164.6051;66.9976;0.0000;686.2299;8828.7236
163.6051;67.7704;0.0000;684.7979;8835.7236
161.8322;67.6568;0.0000;680.7977;8842.7236
160.8322;67.5432;0.0000;689.0028;8849.7227
158.9458;67.4297;0.0000;680.2522;8856.7236
157.9458;68.2025;0.0000;682.5707;8863.7236
156.1730;68.0889;0.0000;689.8892;8870.7236
154.2865;68.8618;0.0000;680.2522;8877.7236
153.4001;68.7481;0.0000;680.9114;8884.7227
151.5137;69.5210;0.0000;673.1609;8891.7236
150.5137;69.5210;0.0000;680.2522;8898.7236
149.6273;69.4074;0.0000;675.5930;8905.7236
149.5137;70.1802;0.0000;675.8201;8912.7236
148.6273;70.0667;0.0000;671.1385;8919.7227
147.6273;70.9531;0.0000;678.3657;8926.7236
146.6273;71.7260;0.0000;670.5016;8933.7236
145.7409;71.7260;0.0000;672.8201;8940.7236
144.7409;71.6123;0.0000;674.8201;8947.7236
143.7409;72.3852;0.0000;670.5016;8954.8359
142.8545;72.2716;0.0000;676.4570;8961.8359
140.9680;73.0444;0.0000;677.0472;8968.8369
140.0816;73.0444;0.0000;672.2744;8975.8359
139.0816;73.8173;0.0000;675.0472;8982.8359
137.3088;73.7037;1.3630;674.9337;8989.8369
136.3088;74.5902;0.0000;671.9336;8997.7227
134.4223;75.3630;0.0000;677.2521;9004.7227
133.4224;75.3630;0.0000;669.5930;9011.7236
132.5359;76.1358;0.0000;674.0472;9018.7227
130.6495;76.9086;0.0000;677.1385;9025.7236
129.6495;77.6815;1.3630;670.5016;9032.7236
128.7631;78.5679;0.0000;672.8201;9039.7227
127.7631;78.4543;0.0000;675.8201;9046.7236
126.7631;79.2272;0.0000;671.2744;9053.7236
125.7631;80.0000;0.0000;676.2521;9060.7227
124.7631;80.8865;0.0000;674.8201;9067.7236
122.8767;81.6593;1.3630;673.9337;9074.7227
121.9903;82.4321;0.0000;676.1385;9081.7227
120.9903;83.3185;1.3630;672.8201;9088.7236
119.9903;84.0914;0.0000;671.9336;9095.7236
118.9903;84.8642;0.0000;677.9114;9102.7227
117.9903;85.7506;0.0000;673.7065;9109.7227
116.9903;86.5235;0.0000;674.3657;9116.7236
116.8767;86.5235;1.3630;678.0250;9123.7236
115.8767;87.2963;0.0000;672.8201;9130.7236
115.7631;88.0691;0.0000;678.6843;9137.7236
114.7631;88.9556;1.3630;676.1385;9144.8369
113.7631;89.7284;0.0000;674.3657;9151.8359
113.6495;89.6148;0.0000;678.5707;9158.8369
112.6495;90.5012;1.3630;676.1385;9165.8379
111.6495;91.2740;1.3630;673.9114;9172.8359
110.6495;91.2740;1.3630;678.5707;9180.7236
110.5359;92.0469;0.0000;674.5930;9187.7236
109.5359;91.9333;0.0000;676.9114;9194.7227
109.4223;92.8198;0.0000;678.6843;9201.7236
109.3088;92.7061;1.3630;675.2522;9208.7227
109.1952;93.5926;0.0000;679.5707;9215.7227
108.1952;93.4790;0.0000;679.5707;9222.7236
108.0816;94.2518;0.0000;675.2522;9229.7227
107.0816;95.1382;0.0000;679.5707;9236.7227
106.9680;95.0247;0.0000;677.2521;9243.7227
106.8544;95.7975;0.0000;676.9114;9250.7236
105.8545;95.7975;0.0000;681.5707;9257.7227
105.7409;96.6839;0.0000;677.2521;9264.7227
105.6273;96.5703;0.0000;679.5707;9271.7236
105.5137;97.4568;0.0000;681.4570;9278.7227
104.4001;98.2296;0.0000;671.9336;9285.7236
104.2865;98.1160;0.0000;679.5707;9292.7236
103.4001;98.8889;0.0000;680.4570;9299.7227
103.2865;98.8889;0.0000;677.1385;9306.7236
103.1730;99.6617;0.0000;680.4570;9313.7227
102.1730;99.6617;0.0000;681.6842;9320.7227
101.9458;100.4345;0.0000;676.9114;9327.8369
101.0594;101.2073;0.0000;682.2299;9334.8359
100.9458;101.3210;0.0000;677.1385;9341.8359
99.9458;102.0938;0.0000;679.2299;9348.8369
98.9458;102.8666;0.0000;682.1164;9355.8359
97.9458;102.8666;0.0000;676.9114;9362.8369
96.9458;103.6394;0.0000;680.3435;9370.7236
95.9458;104.5259;0.0000;685.0028;9377.7236
95.8322;104.5259;0.0000;676.9114;9384.7236
94.8322;105.2987;0.0000;682.0028;9391.7236
93.8322;106.1852;0.0000;681.2299;9398.7227
92.8322;106.0715;0.0000;676.7977;9405.7236
91.8322;106.9580;0.0000;681.0028;9412.7236
90.8322;107.7308;0.0000;677.4570;9419.7236
89.8322;108.6173;0.0000;681.0028;9426.7236
88.7186;108.6173;0.0000;684.5485;9433.7227
87.7186;109.2765;0.0000;679.5707;9440.7236
86.7186;110.1629;0.0000;681.7756;9447.7236
85.7186;111.0494;0.0000;683.7757;9454.7236
84.7186;111.9357;0.0000;680.1163;9461.7236
83.8322;112.8222;0.0000;681.7756;9468.7227
82.8322;113.7085;0.0000;683.5484;9475.7236
81.8322;114.5950;0.0000;680.1163;9482.7236
81.8322;114.5950;0.0000;681.7756;9489.7227
80.8322;115.4815;0.0000;680.1163;9496.7236
79.8322;116.2543;0.0000;679.0028;9503.7227
79.7186;117.1407;1.3630;686.3212;9510.8359
78.7186;118.0271;0.0000;680.1163;9517.8369
77.7186;118.7999;0.0000;679.0028;9524.8359
77.6051;118.7999;0.0000;686.3212;9531.8359
76.6051;119.6864;0.0000;681.8891;9538.8359
75.6051;120.5727;0.0000;684.2078;9545.8359
75.4915;121.4592;0.0000;681.5484;9553.7227
74.4915;122.3456;0.0000;680.5484;9560.7236
73.4915;123.2320;0.0000;685.9805;9567.7227
72.4915;124.1185;0.0000;681.7756;9574.7236
72.3779;124.8913;0.0000;681.5484;9581.7236
71.3779;125.7777;0.0000;687.8670;9588.7227
71.2643;126.6641;0.0000;681.8891;9595.7236
70.2643;127.5506;0.0000;683.3213;9602.7236
70.1507;128.4369;0.0000;687.0941;9609.7236
70.0372;129.3234;1.3630;678.8892;9616.7236
69.0372;131.0962;0.0000;687.6399;9623.7227
68.9236;131.9827;0.0000;686.8669;9630.7236
68.8100;132.8690;0.0000;679.8891;9637.7236
67.8100;133.7555;0.0000;687.6399;9644.7236
67.6964;135.5283;0.0000;685.2077;9651.7236
66.8100;136.4148;0.0000;682.9805;9658.7227
66.6964;137.3011;0.0000;688.6399;9665.7227
66.5828;138.1876;0.0000;681.5484;9672.7236
65.5828;139.0740;1.3630;684.8670;9679.7236
65.4693;140.8468;0.0000;688.4126;9686.7227
64.4693;141.7332;0.0000;680.6620;9693.7227
64.3557;143.5060;0.0000;687.4126;9700.8369
64.2421;144.3925;0.0000;687.7534;9707.8369
63.2421;146.1653;0.0000;681.4349;9714.8359
63.2421;147.0518;0.0000;685.8669;9721.8369
62.2421;148.8246;0.0000;685.8669;9728.8359
62.1285;150.5974;0.0000;684.6398;9736.7227
62.0149;152.3702;0.0000;690.0719;9743.7227
61.0149;153.3702;0.0000;684.9805;9750.7236
60.9014;155.1431;0.0000;686.4126;9757.7227
60.7878;156.9160;0.0000;687.4126;9764.7236
59.7878;158.6888;0.0000;683.6399;9771.7236
59.6742;159.5752;0.0000;687.0719;9778.7227
58.5606;161.3481;0.0000;688.2991;9785.7236
57.6742;162.2344;0.0000;683.7534;9792.7227
57.5606;164.0073;0.0000;687.1855;9799.7227
56.5606;164.8937;0.0000;688.2991;9806.7236
56.4470;166.6665;0.0000;684.7534;9813.7227
55.4470;167.5530;0.0000;687.9584;9820.7227
55.4470;169.3258;0.0000;683.8669;9827.7227
54.4470;171.0986;1.3630;683.4126;9834.7236
54.3335;171.9851;0.0000;687.9584;9841.7227
54.3335;173.8715;0.0000;684.7534;9848.7227
53.3335;175.6443;0.0000;686.1854;9855.7236
53.2198;176.6443;0.0000;687.4126;9862.7227
53.1063;178.4172;0.0000;684.4126;9869.7236
52.9927;180.1900;1.3630;689.5040;9876.7236
52.8791;181.9628;0.0000;688.0719;9883.8359
52.7655;183.7357;0.0000;684.6398;9890.8359
52.6519;184.6221;0.0000;690.0719;9897.8369
52.5384;186.3949;0.0000;685.6398;9904.8359
52.4248;187.2814;0.0000;687.9584;9911.8359
52.3112;189.0542;0.0000;692.7311;9918.8369
52.3112;189.9406;0.0000;686.4126;9926.7236
52.1976;190.8270;0.0000;686.9584;9933.7227
52.1976;192.5999;0.0000;690.7312;9940.7236
52.0840;193.5999;0.0000;684.4126;9947.7227
51.9705;194.4863;0.0000;689.7312;9954.7227
51.9705;195.3727;10.6370;688.8447;9961.7236
51.8569;197.1456;10.6370;683.2991;9968.7236
51.7433;198.0320;0.0000;689.6176;9975.7227
51.6297;199.8048;10.6370;684.5262;9982.7227
51.5161;200.6912;0.0000;675.3213;9989.7236
51.4026;201.5777;0.0000;679.7534;9996.7227
51.4026;202.4640;0.0000;676.4349;10003.7227
51.2890;203.3505;1.3630;675.9805;10010.7236
51.1754;204.2369;0.0000;679.7534;10017.7227
51.0618;205.2369;0.0000;674.5484;10024.7236
50.9482;206.1233;0.0000;678.6398;10031.7236
50.8347;207.0098;0.0000;677.6399;10038.7227
50.7211;207.8961;0.0000;674.9805;10045.7236
50.6075;208.7826;0.0000;677.7534;10052.7227
50.6075;209.6689;0.0000;677.9805;10059.7227
50.4939;209.6689;0.0000;675.7534;10066.8369
50.3803;210.5554;1.3630;680.0719;10073.8369
51.1531;211.5554;0.0000;673.9805;10080.8359
51.0396;212.5554;0.0000;674.4126;10087.8359
50.9260;213.4418;1.3630;679.8447;10094.8379
50.8124;214.3282;0.0000;672.7534;10101.8369
50.6989;215.2147;0.0000;676.6176;10109.7227
50.5852;216.2147;0.0000;678.7311;10116.7227
50.4717;216.3282;0.0000;674.1854;10123.7236
50.4717;217.3282;0.0000;677.3903;10130.7227
51.2445;218.2147;0.0000;676.8447;10137.7227
51.1310;219.2147;0.0000;673.8447;10144.7236
51.0173;219.2147;0.0000;679.5040;10151.7227
50.9038;219.9875;1.3630;673.9584;10158.7236
50.7902;220.8739;0.0000;675.5040;10165.7236
50.6766;220.8739;1.3630;671.0719;10172.7227
51.4494;221.7603;1.3630;674.3904;10179.7236
51.3359;222.6468;0.0000;676.8224;10186.7236
51.2223;222.7603;0.0000;680.2546;10193.7227
51.1087;223.7603;0.0000;673.1633;10200.7236
50.9952;224.7603;0.0000;675.8225;10207.7227
50.8815;224.7603;1.3630;675.9361;10214.7227
51.7680;225.6468;0.0000;675.4818;10221.7236
51.6544;226.5331;0.0000;680.9138;10228.7236
51.5408;226.6468;1.3630;674.9361;10235.7227
51.5408;227.6468;0.0000;676.2324;10242.7227
52.3136;228.5331;0.0000;681.3459;10249.7236
52.2001;228.5331;1.3630;675.1411;10256.8369
52.0865;229.5331;0.0000;675.1411;10263.8359
51.9729;230.5331;0.0000;680.4596;10270.8369
51.8593;231.5331;0.0000;672.4818;10277.8359
51.7457;231.6468;0.0000;677.5731;10284.8359
51.6322;232.5331;0.0000;677.5731;10292.7227
51.6322;233.4196;1.3630;673.8003;10299.7236
51.5185;234.3060;0.0000;680.0052;10306.7227
51.2914;234.4196;1.3630;674.9138;10313.7236
51.1778;235.4196;0.0000;674.4596;10320.7236
51.0643;236.4196;0.0000;680.1188;10327.7227
50.9506;236.4196;0.0000;674.5731;10334.7236
50.8371;237.3061;0.0000;672.4596;10341.7227
50.8371;238.3060;0.0000;679.7781;10348.7227
50.7235;239.3060;0.0000;674.4596;10355.7236
50.6099;240.1924;0.0000;678.3237;10362.7227
50.4964;241.0789;0.0000;676.5508;10369.7227
50.3827;242.0789;0.0000;674.4596;10376.7227
50.2692;243.0789;0.0000;678.8694;10383.7236
50.0420;244.0789;0.0000;676.8917;10390.7227
50.8148;244.9653;0.0000;675.5508;10397.7227
50.7013;245.9653;0.0000;679.9829;10404.7236
50.5877;246.9653;0.0000;675.6644;10411.7227
50.3606;247.9653;0.0000;676.0966;10418.7236
50.2469;248.8517;0.0000;679.7557;10425.7236
51.0198;249.8517;0.0000;673.6644;10432.7227
50.9062;250.8517;0.0000;678.7559;10439.8359
50.7927;251.8517;0.0000;679.7557;10446.8369
50.6790;252.7381;0.0000;673.4373;10453.8359
50.6790;253.7381;0.0000;675.8694;10460.8359
51.3383;254.7381;0.0000;675.8694;10467.8369
51.3383;255.6245;0.0000;673.9829;10475.7236
51.2248;256.6245;0.0000;680.0743;10482.7227
51.1111;257.6245;0.0000;674.3237;10489.7236
50.9976;258.6245;0.0000;674.8694;10496.7227
51.7704;259.5110;0.0000;681.1879;10503.7227
51.7704;260.5110;0.0000;673.0966;10510.7236
51.6568;261.3973;0.0000;675.6422;10517.7227
52.5432;262.3973;0.0000;678.7559;10524.7227
52.5432;263.2838;0.0000;673.4373;10531.7227
52.4297;264.2838;0.0000;678.4152;10538.7236
53.3160;265.1702;0.0000;675.8694;10545.7227
53.3160;266.0566;0.0000;674.7557;10552.7227
53.2025;267.0566;0.0000;670.5508;10559.7236
53.0889;267.9431;0.0000;673.8694;10566.7227
53.0889;268.0566;0.0000;678.1879;10573.7236
53.8618;269.0566;0.0000;681.8471;10580.7236
53.7481;270.0566;0.0000;674.0965;10587.7227
54.5210;271.0566;0.0000;678.0743;10594.7236
55.2939;271.1703;0.0000;682.8472;10601.7227
55.1802;272.0566;0.0000;673.3015;10608.7227
56.0667;273.0566;0.0000;677.9607;10615.7236
55.9531;273.0566;0.0000;678.0743;10622.8369
56.7260;274.0566;0.0000;675.0743;10629.8359
56.7260;274.9431;0.0000;681.0521;10636.8359
56.6123;275.0566;0.0000;675.1879;10643.8379
57.3852;275.9431;0.0000;677.5065;10650.8369
57.3852;276.9431;0.0000;681.9386;10657.8359
57.2716;277.0566;0.0000;674.8471;10665.7227
58.0444;278.0566;0.0000;678.2792;10672.7236
58.0444;278.9431;0.0000;679.1656;10679.7236
58.8173;279.9431;0.0000;672.8471;10686.7227
59.5902;280.9431;1.3630;678.2792;10693.7236
59.4765;281.0566;0.0000;678.1657;10700.7227
60.2494;282.0566;0.0000;673.7336;10707.7236
60.1358;282.9430;1.3630;679.7113;10714.7236
61.0223;283.9431;0.0000;674.3928;10721.7227
61.7951;284.9431;0.0000;676.9386;10728.7236
61.6814;285.8294;0.0000;677.9385;10735.7227
62.5679;286.8294;0.0000;674.6200;10742.7227
62.4543;287.8295;0.0000;676.7113;10749.7236
63.2272;287.9431;1.3630;680.3706;10756.7227
63.2272;288.8295;0.0000;676.1657;10763.7227
64.0000;289.8295;0.0000;676.7113;10770.7236
64.7728;290.8295;0.0000;675.7113;10777.7236
64.7728;291.8295;0.0000;672.2792;10784.7227
65.5456;292.8295;1.3630;677.4841;10791.7227
65.4321;293.7159;0.0000;674.0521;10798.7236
66.3185;294.7159;0.0000;673.7113;10805.7227
66.2049;295.7159;0.0000;678.8027;10812.8359
67.0914;296.7159;0.0000;672.1657;10819.8369
66.9777;296.8294;0.0000;675.4842;10826.8359
67.8642;297.7159;0.0000;678.2571;10833.8359
68.6370;298.7159;0.0000;672.8250;10840.8369
69.5235;299.7159;0.0000;677.0298;10848.7227
69.4098;300.7159;0.0000;676.5978;10855.7227
70.1827;301.6023;0.0000;672.8250;10862.7236
71.0691;301.8294;0.0000;675.3706;10869.7236
70.9556;302.8294;0.0000;672.1657;10876.7227
71.8419;303.8294;0.0000;672.5978;10883.7236
72.6148;304.8294;0.0000;678.1434;10890.7227
73.5012;305.8294;0.0000;669.9385;10897.7236
74.2740;305.9431;0.0000;673.4842;10904.7236
75.1605;306.9431;0.0000;676.6891;10911.7227
75.0469;307.9431;0.0000;670.4842;10918.7236
75.9333;309.0566;0.0000;676.8027;10925.7227
76.7061;310.0566;0.0000;677.9163;10932.7236
77.5926;310.1702;0.0000;670.4842;10939.7236
77.4790;311.1703;0.0000;675.0298;10946.7227
78.2519;312.2838;0.0000;675.1434;10953.7236
79.1382;313.2838;0.0000;670.5978;10960.7227
80.0247;314.2838;0.0000;673.1434;10967.7236
80.7975;315.2838;0.0000;668.9385;10974.7236
80.7975;316.3973;0.0000;670.4842;10981.7227
81.6839;316.5109;0.0000;675.4619;10988.7236
82.4568;317.5110;0.0000;668.0521;10995.8369
83.3431;318.5109;0.0000;670.4842;11002.8359
84.2296;319.5110;0.0000;671.4841;11009.8359
85.1160;320.5110;1.3630;666.9385;11016.8369
86.7752;321.6245;0.0000;670.4842;11023.8359
87.6617;322.6245;0.0000;670.4842;11031.7227
88.4345;323.6245;0.0000;667.8250;11038.7236
89.3210;323.7382;0.0000;671.9163;11045.7227
89.3210;324.7381;0.0000;665.1656;11052.7236
90.2073;325.7381;0.0000;667.5978;11059.7236
90.9802;326.7381;0.0000;673.1434;11066.7227
91.8666;327.7381;0.0000;667.8250;11073.7236
92.6394;327.8517;1.3630;671.8027;11080.7227
92.6394;328.9652;0.0000;671.3706;11087.7227
93.5259;329.9652;0.0000;666.9385;11094.7236
94.2987;330.9652;1.3630;670.1434;11101.7227
95.1852;331.9652;0.0000;670.4842;11108.7227
96.0715;332.9652;1.3630;665.1656;11115.7227
96.8444;333.0788;0.0000;670.1434;11122.7236
96.8444;334.0789;0.0000;670.5978;11129.7227
97.6173;335.0789;0.0000;667.3706;11136.7227
98.5036;335.3061;0.0000;672.8027;11143.7236
98.5036;336.3060;0.0000;667.5978;11150.7227
99.2765;337.1924;0.0000;669.1434;11157.7236
100.1629;337.3060;0.0000;672.8027;11164.7236
101.0494;338.3060;0.0000;666.5977;11171.7227
101.9357;339.3060;0.0000;669.8027;11178.8359
102.7085;339.4196;0.0000;670.0299;11185.8369
102.7085;340.4196;0.0000;668.4842;11192.8369
103.5950;340.5331;0.0000;671.9163;11199.8369
104.4815;341.5331;0.0000;665.8250;11206.8379
105.2543;341.6468;0.0000;667.3706;11213.8369
106.1407;342.6468;0.0000;671.3706;11221.7227
106.1407;342.7603;0.0000;667.8250;11228.7236
107.0271;342.8739;0.0000;667.2571;11235.7227
107.7999;343.8740;0.0000;670.4842;11242.7227
108.6864;343.9875;1.3630;665.1656;11249.7236
109.5727;344.8739;0.0000;669.6891;11256.7236
110.4592;344.9875;0.0000;668.2571;11263.7227
111.2320;345.9875;0.0000;664.8250;11270.7227
112.1185;346.1011;0.0000;669.8027;11277.7227
113.0048;346.2147;0.0000;667.2571;11284.7227
113.7777;347.2147;0.0000;664.5978;11291.7236
113.7777;347.3282;0.0000;669.8027;11298.7236
114.6641;347.5554;0.0000;664.5978;11305.7227
115.5506;347.6689;0.0000;667.0298;11312.7227
116.4369;348.6689;0.0000;670.0299;11319.7236
116.3234;348.7826;1.3630;663.8250;11326.7227
117.2098;349.0098;0.0000;665.1435;11333.7236
118.0962;350.0098;1.3630;667.9163;11340.7227
118.9827;350.1233;0.0000;664.7113;11347.7227
119.8690;350.3505;0.0000;664.2571;11354.7236
120.7555;351.3505;0.0000;667.3706;11361.7236
120.7555;351.4641;0.0000;665.2571;11368.8369
121.6419;352.5777;1.3630;667.1434;11375.8359
122.4148;352.6912;0.0000;664.4843;11382.8369
123.3011;353.6912;1.3630;665.2571;11389.8359
124.1876;353.9184;0.0000;669.6891;11396.8359
125.0740;354.0319;0.0000;662.1657;11404.7227
125.9604;354.1456;0.0000;665.2571;11411.7227
126.8469;355.2591;0.0000;665.3706;11418.7227
127.7332;355.3727;1.3630;657.5064;11425.7236
127.7332;355.4863;0.0000;664.3706;11432.7236
128.6197;355.5999;1.3630;663.5978;11439.7227
129.5061;356.5998;0.0000;662.5978;11446.7227
130.3925;356.7135;0.0000;664.3706;11453.7227
131.2790;356.8270;1.3630;661.8250;11460.7227
132.1653;356.9406;0.0000;660.8250;11467.7236
133.0518;357.9406;0.0000;665.3706;11474.7227
133.9382;358.0542;0.0000;658.5064;11481.7227
133.9382;358.1678;0.0000;659.7113;11488.7227
134.8246;358.2814;0.0000;664.9385;11495.7236
135.7110;359.2813;0.0000;660.1657;11502.7227
136.5974;359.3949;0.0000;662.7113;11509.7227
136.5974;359.5085;0.0000;662.0521;11516.7227
137.3703;359.6221;10.6370;659.9385;11523.7227
138.2567;359.7357;0.0000;664.8250;11530.7236
139.1431;359.8493;0.0000;660.2792;11537.7236
140.0295;360.8493;0.0000;660.1657;11544.7227
140.0295;360.9628;0.0000;664.9385;11551.8359
141.8024;361.0764;0.0000;661.6200;11558.8369
142.6888;361.0764;0.0000;662.1657;11565.8359
143.5752;362.0764;0.0000;664.2792;11572.8369
144.4616;362.1900;0.0000;657.4150;11579.8379
146.2344;362.3036;0.0000;663.0521;11587.7227
147.1209;363.3036;0.0000;662.5064;11594.7227
148.0073;363.4172;0.0000;660.7336;11601.7236
149.7802;363.5307;0.0000;664.2792;11608.7236
150.6665;364.5307;0.0000;660.9608;11615.7227
151.5530;364.6443;0.0000;659.1879;11622.7227
153.3258;364.6443;0.0000;662.7336;11629.7236
154.2123;364.7579;0.0000;657.5286;11636.7227
156.0986;365.7579;0.0000;658.3015;11643.7236
156.9851;365.9851;0.0000;652.2101;11650.7227
158.7579;366.9851;0.0000;655.2101;11657.7227
160.5307;367.0986;0.0000;658.9608;11664.7236
162.3036;368.0986;0.0000;658.7557;11671.7236
163.1900;368.2122;0.0000;652.3237;11678.7227
165.0764;368.3258;0.0000;657.6422;11685.7227
166.8493;369.3258;0.0000;655.4373;11692.7227
168.6221;369.4393;0.0000;654.8694;11699.7227
170.3949;369.5530;10.6370;659.5287;11706.7236
172.2814;369.6665;0.0000;652.7781;11713.7236
174.0542;369.7801;0.0000;654.2101;11720.7227
174.9406;369.8937;0.0000;658.0966;11727.7227
176.8270;370.1209;0.0000;653.0052;11734.8369
178.5999;370.2344;0.0000;655.3237;11741.8369
180.4863;370.3481;0.0000;653.8917;11748.8369
182.2591;370.4616;0.0000;653.1188;11755.8379
184.0319;370.5752;0.0000;655.4373;11762.8359
185.9184;370.6888;0.0000;654.2323;11769.8359
187.6912;370.8024;10.6370;652.8917;11777.7236
189.4640;370.9160;1.3630;656.6644;11784.7227
191.3505;371.0295;0.0000;652.8003;11791.7227
193.1233;371.1431;0.0000;653.4596;11798.7236
194.8961;371.2567;0.0000;653.5732;11805.7236
196.7826;370.4839;0.0000;650.9138;11812.7227
198.5554;370.5974;0.0000;652.5731;11819.7227
200.3282;369.8246;10.6370;654.3459;11826.7227
202.2147;369.9381;0.0000;647.9138;11833.7227
203.9875;369.2789;0.0000;653.4596;11840.7236
205.7603;369.3925;10.6370;651.6866;11847.7236
207.6468;369.5060;0.0000;649.0274;11854.7227
209.4196;368.7332;0.0000;653.3459;11861.7227
211.3060;368.8468;0.0000;651.0274;11868.7236
213.0789;368.9604;0.0000;650.6866;11875.7227
214.9653;368.1876;0.0000;654.6866;11882.7236
216.7381;368.3011;0.0000;650.4818;11889.7227
218.5110;368.4148;0.0000;652.9138;11896.7227
219.5110;367.6418;0.0000;653.9138;11903.7236
221.2838;367.8690;0.0000;649.2545;11910.7236
223.0566;367.0962;0.0000;653.5732;11917.7227
224.0566;367.2097;10.6370;653.9138;11924.8359
225.8295;366.4369;0.0000;651.9138;11931.8369
227.7159;366.5505;0.0000;654.3459;11938.8359
228.6023;365.7777;0.0000;648.5953;11945.8359
230.4887;365.8913;0.0000;649.3682;11952.8369
232.2615;365.2320;0.0000;653.6867;11960.7227
233.2615;365.3456;0.0000;650.3682;11967.7227
235.1480;364.5728;0.0000;650.8003;11974.7236
236.9208;364.7999;0.0000;654.6866;11981.7236
237.9208;364.9135;0.0000;650.3682;11988.7227
238.9208;364.1407;0.0000;652.0275;11995.7227
240.6936;364.3678;0.0000;653.0274;12002.7227
241.6936;364.4814;0.0000;649.3682;12009.7227
242.5801;363.8222;0.0000;653.5732;12016.7236
243.5801;363.9357;0.0000;651.1410;12023.7227
244.5801;364.0493;0.0000;648.9138;12030.7227
245.4665;364.2765;0.0000;654.6866;12037.7227
247.3529;363.5036;0.0000;648.5953;12044.7236
248.3529;363.6172;0.0000;651.0274;12051.7227
249.3529;363.8444;0.0000;653.5732;12058.7227
250.3529;363.9580;0.0000;648.4818;12065.7227
251.3529;363.1852;0.0000;653.3459;12072.7227
252.2393;363.4123;10.6370;652.9138;12079.7236
253.2393;363.5259;1.3630;649.3682;12086.7236
254.2393;363.6394;0.0000;651.6866;12093.7227
255.2393;362.9802;0.0000;650.8003;12100.7227
257.1257;363.0938;0.0000;649.0274;12107.8369
258.1257;363.2073;0.0000;653.3459;12114.8359
259.0122;363.3210;0.0000;648.3682;12121.8369
260.0122;363.5481;0.0000;652.5731;12128.8379
261.0122;363.6617;0.0000;653.5732;12135.8359
262.8986;363.7752;0.0000;648.4818;12143.7236
263.8986;364.0024;0.0000;651.9138;12150.7236
264.8986;363.2296;0.0000;653.0274;12157.7236
265.8986;363.3431;0.0000;648.3682;12164.7227
266.8986;363.4568;0.0000;653.4596;12171.7227
267.8986;362.6839;0.0000;651.1410;12178.7236
268.8986;362.9110;0.0000;648.2546;12185.7236
269.8986;363.0247;10.6370;652.9138;12192.7236
270.0122;363.1382;0.0000;648.3682;12199.7227
271.0122;362.3654;0.0000;649.9138;12206.7227
272.0122;362.4790;0.0000;652.5731;12213.7236
273.0122;361.7061;0.0000;648.5953;12220.7236
274.0122;361.8198;0.0000;648.0275;12227.7236
274.8986;361.9333;0.0000;652.0275;12234.7227
275.8986;361.1605;0.0000;646.4818;12241.7227
276.8986;361.2741;0.0000;650.8003;12248.7236
277.8986;360.5012;0.0000;651.0274;12255.7236
278.7850;360.5012;0.0000;648.1411;12262.7236
279.7850;359.7284;0.0000;652.5731;12269.7227
280.7850;359.8420;0.0000;647.4818;12276.7227
281.6714;359.9556;0.0000;647.8003;12283.7236
282.6714;359.0691;0.0000;654.3459;12290.8369
283.5578;359.1826;0.0000;648.3682;12297.8369
285.4443;358.4099;0.0000;651.6866;12304.8379
286.4442;358.5234;0.0000;652.8003;12311.8359
287.3306;357.7506;0.0000;648.3682;12318.8359
288.3306;357.8642;0.0000;652.4595;12325.8369
289.3306;357.0913;0.0000;652.5731;12333.7227
290.3306;357.2049;0.0000;649.0274;12340.7227
291.3306;356.3185;0.0000;650.6866;12347.7236
292.3306;356.5457;0.0000;647.3682;12354.7236
294.2171;355.6593;0.0000;650.4596;12361.7236
295.2171;354.8864;0.0000;652.5731;12368.7227
296.2171;354.8864;0.0000;648.1411;12375.7227
298.1035;354.1136;0.0000;650.6866;12382.7236
299.2171;353.3407;0.0000;651.6866;12389.7236
300.2171;352.5679;0.0000;648.1411;12396.7236
302.1035;351.7951;0.0000;651.5731;12403.7227
303.1035;351.7951;0.0000;650.8003;12410.7227
304.9899;351.0222;0.0000;647.8003;12417.7236
306.1035;350.2494;0.0000;652.5731;12424.7236
307.9899;349.3630;0.0000;650.1410;12431.7236
309.9899;348.5901;0.0000;649.0274;12438.7227
311.1035;347.8173;0.0000;653.2324;12445.7227
312.1035;346.9309;0.0000;648.3682;12452.7236
314.1035;345.2716;0.0000;648.8003;12459.7236
316.1035;344.3852;0.0000;653.4596;12466.7236
317.1035;343.6123;0.0000;646.4818;12473.8379
319.1035;342.8395;0.0000;651.4596;12480.8369
320.1035;342.0667;0.0000;651.8003;12487.8359
322.1035;341.2939;0.0000;648.1411;12494.8369
323.1035;339.5211;0.0000;650.8003;12501.8369
324.2171;338.7482;0.0000;650.1410;12508.8359
326.1035;337.9753;0.0000;648.1411;12516.7227
327.2171;336.3161;0.0000;653.4596;12523.7236
328.2171;335.5432;0.0000;647.5953;12530.7227
330.2171;333.7704;0.0000;649.9138;12537.7227
331.2171;332.9976;0.0000;652.4595;12544.7227
332.3306;332.2247;0.0000;646.5953;12551.7227
333.4443;330.4519;0.0000;650.8003;12558.7236
335.4443;329.6790;0.0000;651.1410;12565.7236
336.4443;327.9062;0.0000;646.5953;12572.7227
337.5578;327.1334;0.0000;650.8003;12579.7227
338.6714;325.3605;0.0000;651.3682;12586.7227
339.7850;323.7013;10.6370;649.1410;12593.7236
341.7850;322.9285;0.0000;651.0274;12600.7236
342.7850;321.1555;0.0000;647.8224;12607.7227
343.8986;320.3828;0.0000;648.4818;12614.7227
345.8986;318.6100;0.0000;652.9138;12621.7227
347.0122;316.9507;0.0000;646.4818;12628.7236
348.1257;316.0643;0.0000;650.1410;12635.7236
349.2393;314.4050;0.0000;652.9138;12642.7227
350.3529;312.6322;0.0000;645.8224;12649.7227
351.4665;310.9729;0.0000;651.0274;12656.7227
352.4665;309.2001;0.0000;648.7089;12663.8359
352.6936;308.3136;0.0000;648.4818;12670.8369
353.8072;306.5408;0.0000;651.1410;12677.8379
355.6936;304.8816;0.0000;647.9361;12684.8359
356.8073;303.9951;0.0000;648.5953;12691.8369
357.8072;302.3359;0.0000;652.9138;12699.7236
358.9208;301.4494;0.0000;649.7089;12706.7227
359.9208;299.7902;0.0000;649.3682;12713.7227
361.0344;298.0173;0.0000;651.3682;12720.7227
362.1480;297.1310;0.0000;647.0496;12727.7227
363.1480;295.3581;0.0000;649.5953;12734.7236
364.2615;293.5852;0.0000;651.5953;12741.7236
365.3752;291.9260;0.0000;648.1633;12748.7227
365.4887;291.0396;0.0000;652.3682;12755.7227
366.6023;289.2668;0.0000;648.9361;12762.7236
367.7159;287.6075;0.0000;648.8224;12769.7227
368.7159;285.8347;0.0000;653.2546;12776.7236
369.8295;284.9483;0.0000;649.0497;12783.7227
370.8294;283.1754;0.0000;649.3682;12790.7227
371.9430;282.4026;10.6370;653.4818;12797.7236
372.9431;280.6297;0.0000;648.2768;12804.7236
373.0566;278.8569;0.0000;651.3682;12811.7227
374.1703;277.9705;0.0000;651.7089;12818.7227
375.1702;276.3112;0.0000;648.1633;12825.7227
375.3973;274.5384;0.0000;649.4818;12832.7227
376.3974;273.6519;0.0000;650.7089;12839.7236
377.3973;271.8791;0.0000;649.9361;12846.8369
377.6245;270.1063;0.0000;654.4818;12853.8359
378.6245;268.3335;0.0000;649.3904;12860.8359
378.8517;267.4470;0.0000;651.8224;12867.8369
379.8517;265.6742;0.0000;654.5953;12874.8369
380.0789;263.9013;0.0000;649.3904;12881.8369
381.0788;263.0149;0.0000;654.3682;12889.7227
381.1924;261.2421;0.0000;654.8225;12896.7236
382.3060;259.4692;0.0000;652.0496;12903.7227
382.4196;258.5828;0.0000;656.2545;12910.7236
382.6468;256.8100;0.0000;656.5953;12917.7227
382.7603;255.0372;0.0000;657.1410;12924.7227
382.9875;253.2643;0.0000;659.9138;12931.7236
382.3282;251.4915;0.0000;656.4818;12938.7236
382.4419;249.7186;10.6370;657.2545;12945.7227
381.7826;247.9458;0.0000;663.6867;12952.7227
382.0097;246.1730;10.6370;655.8224;12959.7227
382.1233;245.2866;0.0000;660.0274;12966.7227
381.4641;243.5137;10.6370;663.9138;12973.7236
381.6912;242.6273;10.6370;655.7089;12980.7236
381.9184;240.7409;10.6370;660.1410;12987.7227
381.1456;239.8545;0.0000;660.2545;12994.7227
381.3727;238.9680;10.6370;656.7089;13001.7236
381.5998;237.1952;0.0000;663.6867;13008.7227
381.7135;236.1952;0.0000;656.8224;13015.7236
381.9406;235.3088;0.0000;657.7089;13022.7227
381.2814;233.4224;0.0000;652.5040;13029.8359
381.5085;232.5359;0.0000;664.2546;13036.8359
381.7357;231.6496;0.0000;666.5731;13043.8369
381.9628;230.6495;0.0000;671.2324;13050.8369
381.1900;229.7631;0.0000;665.1410;13057.8359
381.4172;227.8767;0.0000;669.3459;13064.8369
381.6443;227.8767;0.0000;669.8003;13072.7236
381.8714;226.8767;0.0000;666.2545;13079.7227
381.9851;225.9903;0.0000;671.3459;13086.7227
382.3258;224.9903;0.0000;669.0275;13093.7227
382.5530;224.8767;0.0000;669.1411;13100.7227
382.6665;223.9903;0.0000;672.4596;13107.7236
382.8937;222.9903;0.0000;669.1411;13114.7236
383.1209;222.8767;0.0000;669.8003;13121.7227
383.2344;221.9903;0.0000;673.6866;13128.7227
383.4616;221.8767;0.0000;669.3682;13135.7227
383.6888;221.7631;0.0000;671.6866;13142.7227
383.8023;221.6495;0.0000;668.4818;13149.7236
384.0295;221.5359;0.0000;653.2990;13156.7227
384.1432;221.4224;1.3630;623.0472;13163.7227
383.4839;221.3088;0.0000;577.4078;13170.7227
383.7111;221.1952;1.3630;484.1066;13177.7236
383.8246;220.1952;0.0000;111.6971;13184.7227
32.1434;41.9114;0.0000;109.6057;1464.4009
32.2570;41.7979;0.0000;109.3786;1465.1960
32.4842;41.6842;0.0000;109.6057;1465.9911
32.7113;41.4571;0.0000;109.6057;1466.7861
32.8249;41.3435;0.0000;109.3786;1467.6948
33.0521;41.2300;0.0000;109.6057;1468.4899
33.2793;41.1163;0.0000;109.7194;1469.2849
33.3929;41.0028;0.0000;109.6057;1470.0800
33.6200;40.8892;0.0000;109.8329;1470.8751
33.7336;40.7756;0.0000;109.6057;1471.6702
33.9608;40.6621;0.0000;109.9465;1472.4652
34.1879;40.5484;0.0000;110.1736;1473.2603
34.4151;40.3213;0.0000;109.7194;1474.0553
34.6422;40.2077;0.0000;109.9465;1474.8505
34.7558;40.0942;0.0000;110.2873;1475.6454
34.9830;39.8670;0.0000;109.7194;1476.4406
35.2101;39.7534;0.0000;110.2873;1477.2356
35.3237;39.6398;0.0000;110.2873;1478.0306
35.5509;39.5262;0.0000;109.9465;1478.8257
35.6645;39.2991;0.0000;110.2873;1479.6208
35.8916;39.2991;0.0000;109.9465;1480.4159
36.0052;39.0719;0.0000;109.8329;1481.2109
36.2324;39.0719;0.0000;110.5144;1482.0060
36.3459;38.9583;0.0000;110.0601;1482.8010
36.5731;38.8447;0.0000;110.2873;1483.5962
36.6867;38.7312;0.0000;110.2873;1484.3912
36.9138;38.5040;0.0000;110.0601;1485.1863
37.1410;38.3904;0.0000;110.2873;1485.9813
37.3682;38.2768;0.0000;110.2873;1486.7765
37.4817;38.0496;0.0000;110.2873;1487.5714
37.7089;37.8225;0.0000;110.6280;1488.4801
37.9361;37.7089;0.0000;110.4008;1489.2753
38.0496;37.4817;0.0000;110.5144;1490.0702
38.1633;37.3682;0.0000;110.9687;1490.8654
38.3904;37.2546;0.0000;110.2873;1491.6604
38.5040;37.1410;0.0000;110.6280;1492.4554
38.6176;36.9138;0.0000;110.5144;1493.2505
38.8447;36.8003;1.3630;110.5144;1494.0457
38.9583;36.6867;0.0000;110.7415;1494.8407
39.0719;36.5731;1.3630;110.7415;1495.6357
39.1855;36.3459;0.0000;110.5144;1496.4309
39.4126;36.2324;0.0000;110.7415;1497.2258
39.5262;36.0052;0.0000;110.6280;1498.0210
39.6398;35.8916;0.0000;110.6280;1498.8159
39.7534;35.7780;0.0000;110.9687;1499.6111
39.9805;35.5509;0.0000;110.4008;1500.4061
40.0942;35.4373;0.0000;110.7415;1501.2013
40.2077;35.2101;0.0000;110.9687;1501.9963
40.3213;34.9830;0.0000;110.5144;1502.7913
40.4349;34.7558;0.0000;110.9687;1503.5864
40.6621;34.5287;0.0000;110.8552;1504.3815
40.7756;34.3015;0.0000;110.5144;1505.1765
41.0028;34.0743;0.0000;110.9687;1505.9717
41.1163;33.8472;0.0000;110.8552;1506.7667
41.3435;33.6200;0.0000;110.7415;1507.5616
41.4571;33.5064;0.0000;111.0823;1508.3569
41.5707;33.2793;0.0000;110.8552;1509.2655
41.6842;33.1657;0.0000;110.9687;1510.0604
41.7979;33.0521;0.0000;111.0823;1510.8557
42.0250;32.8249;0.0000;110.7415;1511.6506
42.0250;32.7113;0.0000;110.9687;1512.4457
42.1386;32.5978;0.0000;111.0823;1513.2408
42.2521;32.3706;0.0000;110.9687;1514.0359
42.3658;32.2570;0.0000;111.3094;1514.8309
42.4793;32.0299;0.0000;111.1959;1515.6261
42.5929;31.8027;0.0000;111.0823;1516.4211
42.7065;31.6891;1.3630;111.3094;1517.2161
42.7065;31.4620;0.0000;111.3094;1518.0112
42.8200;31.2348;1.3630;111.3094;1518.8063
42.9337;31.1212;0.0000;111.5366;1519.6013
43.0472;30.8941;0.0000;111.3094;1520.3965
43.0472;30.6669;0.0000;111.5366;1521.1915
43.2744;30.5533;0.0000;111.5366;1521.9866
43.2744;30.3262;0.0000;110.5144;1522.7817
43.3880;30.0990;0.0000;111.6502;1523.5767
43.5016;29.8718;0.0000;111.7638;1524.3717
43.6151;29.7583;0.0000;111.6502;1525.1669
43.6151;29.5311;0.0000;111.8773;1525.9619
43.7288;29.3039;0.0000;111.6502;1526.7570
43.8423;29.0768;0.0000;111.7638;1527.5519
43.9559;28.9632;0.0000;111.9910;1528.3472
43.9559;28.7360;0.0000;111.6502;1529.1421
44.0695;28.6224;0.0000;111.5366;1529.9371
44.1830;28.5089;0.0000;111.8773;1530.8459
44.2967;28.2817;0.0000;111.6502;1531.6409
44.2967;28.1681;0.0000;111.5366;1532.4359
44.4102;28.0545;0.0000;111.7638;1533.2311
44.5238;27.8274;0.0000;111.6502;1534.0261
44.5238;27.7138;0.0000;111.7638;1534.8212
44.6374;27.4866;0.0000;111.6502;1535.6163
44.7509;27.3730;0.0000;111.9910;1536.4114
44.7509;27.1459;0.0000;112.2181;1537.2063
44.7509;26.9187;0.0000;111.6502;1538.0016
44.7509;26.8051;0.0000;111.7638;1538.7965
44.8646;26.5780;0.0000;111.9910;1539.5916
44.8646;26.4644;0.0000;111.6502;1540.3867
44.8646;26.2372;0.0000;111.6502;1541.1818
44.9781;26.0101;1.3630;111.8773;1541.9768
44.9781;25.8965;0.0000;111.7638;1542.7720
45.0917;25.6693;1.3630;111.6502;1543.5669
45.0917;25.5557;0.0000;111.4231;1544.3619
45.0917;25.4422;0.0000;111.4231;1545.1571
45.2053;25.3286;0.0000;111.3094;1545.9521
45.2053;25.3286;1.3630;111.4231;1546.7472
45.2053;25.2150;0.0000;111.6502;1547.5424
45.2053;25.1014;1.3630;111.6502;1548.3374
45.2053;25.1014;0.0000;111.3094;1549.1323
45.2053;24.9878;0.0000;111.4231;1549.9276
45.2053;24.8743;0.0000;110.9687;1550.7225
45.2053;24.6471;0.0000;110.1736;1551.6311
45.2053;24.5335;0.0000;111.5366;1552.4264
45.3188;24.4199;0.0000;109.8329;1553.2213
45.3188;24.1928;0.0000;110.6280;1554.0164
45.3188;24.0792;0.0000;110.6280;1554.8115
45.3188;23.9656;0.0000;110.1736;1555.6066
45.4325;23.8520;0.0000;110.2873;1556.4016
45.4325;23.7384;0.0000;110.5144;1557.1968
45.4325;23.6249;0.0000;110.0601;1557.9918
45.4325;23.5113;0.0000;110.2873;1558.7867
45.4325;23.3977;0.0000;110.2873;1559.5819
45.4325;23.2841;0.0000;109.7194;1560.3770
45.4325;23.1705;0.0000;109.9465;1561.1720
45.5460;23.0570;0.0000;109.7194;1561.9672
45.5460;22.9434;0.0000;109.4922;1562.7622
45.5460;22.8298;0.0000;109.3786;1563.5571
45.5460;22.8298;0.0000;109.3786;1564.3524
45.5460;22.8298;0.0000;109.6057;1565.1473
45.5460;22.8298;0.0000;109.8329;1565.9424
45.5460;22.8298;0.0000;109.3786;1566.7375
45.5460;22.7162;0.0000;109.4922;1567.5326
45.5460;22.7162;0.0000;109.2650;1568.3276
45.5460;22.7162;0.0000;108.6971;1569.1228
45.5460;22.7162;0.0000;107.9020;1569.9178
45.4325;22.7162;0.0000;106.5390;1570.7128
45.4325;22.7162;0.0000;104.7218;1571.5078
45.4325;22.7162;0.0000;103.3588;1572.4166
45.4325;22.7162;0.0000;100.1785;1573.2115
45.4325;22.7162;0.0000;95.2945;1574.0068
45.4325;22.7162;0.0000;88.1389;1574.8018
45.4325;22.7162;1.3630;73.2598;1575.5968
45.3188;22.7162;2.7260;44.9781;1576.3918
45.3188;22.7162;4.0889;21.4668;1577.1870
69.7388;-1.8173;0.0000;45.2053;1686.5657
69.7388;-1.9309;0.0000;45.5460;1687.3606
69.7388;-1.9309;0.0000;45.6596;1688.1556
69.7388;-1.9309;0.0000;48.1584;1688.9508
69.7388;-1.9309;0.0000;51.4522;1689.7458
69.7388;-1.9309;0.0000;52.8152;1690.5409
69.7388;-1.9309;0.0000;52.4745;1691.3361
69.7388;-1.9309;0.0000;50.5436;1692.1310
69.7388;-1.8173;0.0000;44.9781;1692.9260
69.7388;-1.8173;0.0000;17.0372;1693.7212
