200.9947;202.0053;0.0000;109.4227;359631200.0000
200.9947;202.0053;0.0000;265.6600;359631200.0000
200.9947;202.0053;0.0000;271.6918;359631200.0000
200.9947;202.0053;0.0000;295.6282;359631232.0000
200.9947;202.0053;0.0000;352.4375;359631232.0000
200.9947;202.0053;0.0000;402.2522;359631232.0000
200.9947;202.0053;0.0000;431.1515;359631232.0000
200.9947;202.0053;0.0000;454.0933;359631232.0000
200.9947;202.0053;0.0000;478.9767;359631232.0000
201.9894;202.0053;0.0000;502.8761;359631264.0000
201.9894;202.0053;0.0000;522.8231;359631264.0000
201.9894;202.0053;0.0000;541.7331;359631296.0000
202.9841;202.0053;0.0000;559.6854;359631296.0000
202.9841;202.0053;0.0000;571.6431;359631296.0000
203.9788;201.0106;0.0000;586.5583;359631296.0000
203.9788;201.0106;0.0000;598.5212;359631328.0000
204.9735;201.0106;0.0000;607.4895;359631328.0000
204.9735;200.0159;0.0000;620.4206;359631328.0000
204.9735;200.0159;0.0000;626.4207;359631328.0000
205.9682;200.0159;0.0000;635.3571;359631328.0000
205.9682;200.0159;0.0000;645.3147;359631328.0000
206.9629;199.0212;0.0000;649.3041;359631360.0000
206.9629;199.0212;0.0000;658.2352;359631360.0000
207.9576;198.0265;0.0000;663.2247;359631360.0000
207.9576;198.0265;0.0000;665.2246;359631360.0000
207.9576;198.0265;0.0000;670.1770;359631360.0000
208.9523;197.0318;0.0000;672.1929;359631392.0000
208.9523;196.0371;0.0000;673.1876;359631392.0000
208.9523;196.0371;0.0000;678.1505;359631392.0000
208.9523;195.0424;0.0000;678.1611;359631424.0000
208.9523;195.0424;0.0000;681.1346;359631424.0000
208.9523;194.0477;0.0000;687.0975;359631424.0000
208.9523;194.0477;0.0000;687.1293;359631456.0000
208.9523;194.0477;0.0000;692.0710;359631456.0000
208.9523;193.0530;0.0000;696.0657;359631456.0000
208.9523;193.0530;0.0000;694.0764;359631456.0000
208.9523;193.0530;0.0000;699.0340;359631456.0000
208.9523;192.0583;0.0000;701.0392;359631456.0000
208.9523;192.0583;0.0000;699.0446;359631488.0000
208.9523;191.0636;0.0000;701.0234;359631488.0000
208.9523;191.0636;0.0000;702.0339;359631488.0000
208.9523;191.0636;0.0000;705.0022;359631488.0000
208.9523;190.0688;0.0000;709.9810;359631520.0000
208.9523;190.0688;0.0000;709.0128;359631520.0000
207.9576;190.0688;0.0000;712.9651;359631552.0000
207.9576;189.0742;0.0000;715.9545;359631552.0000
207.9576;189.0742;0.0000;714.9703;359631552.0000
207.9576;189.0742;0.0000;719.9280;359631584.0000
207.9576;189.0742;0.0000;719.9386;359631584.0000
207.9576;188.0795;0.0000;718.9598;359631584.0000
207.9576;188.0795;0.0000;722.9227;359631616.0000
206.9629;188.0795;0.0000;722.9439;359631616.0000
206.9629;187.0847;0.0000;723.9227;359631616.0000
206.9629;187.0847;0.0000;725.9068;359631616.0000
206.9629;187.0847;0.0000;725.9280;359631616.0000
205.9682;187.0847;0.0000;728.8910;359631648.0000
205.9682;186.0900;0.0000;731.8751;359631648.0000
205.9682;186.0900;0.0000;728.9121;359631648.0000
204.9735;186.0900;0.0000;735.8433;359631648.0000
204.9735;186.0900;0.0000;731.8962;359631648.0000
204.9735;186.0900;0.0000;734.8804;359631648.0000
204.9735;185.0953;0.0000;735.8538;359631680.0000
203.9788;185.0953;0.0000;735.8750;359631680.0000
203.9788;185.0953;0.0000;735.8591;359631680.0000
203.9788;185.0953;0.0000;737.8380;359631680.0000
203.9788;185.0953;0.0000;737.8486;359631680.0000
203.9788;185.0953;0.0000;739.8168;359631680.0000
202.9841;184.1006;0.0000;741.8115;359631712.0000
202.9841;184.1006;0.0000;738.8380;359631712.0000
201.9894;184.1006;0.0000;743.7903;359631712.0000
201.9894;184.1006;0.0000;742.8168;359631712.0000
200.9947;184.1006;0.0000;741.8274;359631712.0000
200.9947;184.1006;0.0000;744.7903;359631712.0000
200.9947;184.1006;0.0000;746.7956;359631744.0000
200.0000;184.1006;0.0000;746.7956;359631744.0000
200.0000;183.1059;0.0000;750.7585;359631744.0000
199.0053;183.1059;0.0000;749.7850;359631744.0000
199.0053;183.1006;0.0000;752.7532;359631744.0000
199.0053;183.1006;0.0000;755.7426;359631776.0000
198.0106;183.1006;0.0000;753.7744;359631776.0000
198.0106;183.1006;0.0000;756.7267;359631776.0000
198.0106;182.1059;0.0000;757.7374;359631776.0000
197.0159;182.1059;0.0000;755.7638;359631776.0000
197.0159;182.1059;0.0000;758.7162;359631776.0000
196.0212;182.1059;0.0000;759.7215;359631840.0000
196.0212;182.1059;0.0000;758.7321;359631840.0000
195.0265;182.1059;0.0000;761.7056;359631840.0000
195.0265;182.1059;0.0000;759.7321;359631840.0000
194.0318;182.1059;0.0000;761.7056;359631840.0000
194.0318;182.1059;0.0000;766.6897;359631840.0000
194.0318;182.1112;0.0000;763.7374;359631872.0000
193.0371;182.1112;0.0000;763.7374;359631872.0000
193.0371;182.1112;0.0000;767.7479;359631872.0000
193.0371;182.1112;0.0000;764.7850;359631872.0000
192.0424;182.1112;0.0000;767.7479;359631872.0000
192.0424;182.1112;0.0000;764.7850;359631872.0000
192.0424;182.1112;0.0000;766.7797;359631904.0000
191.0477;182.1112;0.0000;769.7639;359631904.0000
191.0477;182.1112;0.0000;764.8221;359631904.0000
190.0529;182.1112;0.0000;766.8009;359631904.0000
190.0529;182.1112;0.0000;770.7850;359631904.0000
190.0529;182.1112;0.0000;767.8274;359631904.0000
189.0583;182.1112;0.0000;769.8009;359631968.0000
189.0583;182.1112;0.0000;769.8062;359631968.0000
188.0636;183.1059;0.0000;767.8380;359631968.0000
188.0636;183.1059;0.0000;770.8062;359631968.0000
188.0636;183.1059;0.0000;771.8221;359631968.0000
187.0689;183.1059;0.0000;769.8327;359632000.0000
187.0689;183.1059;0.0000;770.8062;359632000.0000
186.0741;183.1006;0.0000;771.8326;359632000.0000
186.0794;183.1006;0.0000;772.8221;359632000.0000
186.0794;183.1006;0.0000;775.7957;359632000.0000
185.0847;183.1006;0.0000;772.8274;359632000.0000
185.0847;183.1006;0.0000;773.8062;359632032.0000
185.0847;183.1006;0.0000;778.7850;359632032.0000
185.0795;183.1006;0.0000;774.7850;359632032.0000
185.0795;183.1006;0.0000;779.6738;359632032.0000
184.0847;183.1006;0.0000;780.6208;359632032.0000
184.0847;183.1006;0.0000;778.5308;359632032.0000
183.0901;183.1006;0.0000;780.3719;359632064.0000
183.0901;184.0953;0.0000;780.1177;359632096.0000
183.0847;184.0901;0.0000;777.9058;359632096.0000
183.0847;184.0901;0.0000;785.8740;359632096.0000
183.0847;184.0901;0.0000;777.9694;359632096.0000
182.0901;184.0901;0.0000;779.0012;359632096.0000
182.0901;185.0847;0.0000;782.9800;359632128.0000
181.0953;185.0847;0.0000;779.9958;359632128.0000
181.0953;186.0794;0.0000;783.0753;359632128.0000
181.0953;186.0794;0.0000;783.1812;359632128.0000
180.1006;186.0794;0.0000;779.3030;359632128.0000
180.1006;187.0742;0.0000;784.3824;359632160.0000
179.1112;187.0742;0.0000;783.4196;359632160.0000
179.1112;187.0742;0.0000;783.4513;359632160.0000
179.1112;187.0742;0.0000;786.4460;359632160.0000
179.1112;188.0688;0.0000;783.4619;359632160.0000
178.1165;188.0688;0.0000;784.4884;359632160.0000
178.1165;188.0688;0.0000;786.4831;359632192.0000
177.1218;188.0688;0.0000;783.5096;359632192.0000
177.1218;189.0636;0.0000;786.5361;359632224.0000
177.1218;189.0636;0.0000;786.5308;359632224.0000
177.1218;189.0636;0.0000;784.5732;359632224.0000
176.1271;189.0636;0.0000;786.5891;359632224.0000
176.1271;190.0583;0.0000;786.5784;359632256.0000
175.1324;190.0583;0.0000;784.6315;359632256.0000
175.1324;190.0583;0.0000;786.6367;359632256.0000
175.1324;191.0530;0.0000;783.6473;359632256.0000
175.1324;191.0530;0.0000;785.6580;359632256.0000
174.1377;191.0530;0.0000;785.6632;359632256.0000
174.1377;192.0477;0.0000;784.6579;359632288.0000
174.1377;192.0530;0.0000;785.6791;359632288.0000
173.1430;192.0530;0.0000;788.6420;359632288.0000
173.1430;193.0477;0.0000;784.6685;359632288.0000
173.1430;193.0477;0.0000;788.6632;359632288.0000
173.1430;193.0477;0.0000;788.6420;359632288.0000
172.1536;194.0424;0.0000;786.6738;359632320.0000
172.1536;194.0424;0.0000;788.6791;359632320.0000
172.1536;194.0424;0.0000;788.6473;359632352.0000
171.1589;195.0371;0.0000;788.6791;359632352.0000
171.1589;195.0371;0.0000;790.6685;359632352.0000
171.1589;195.0371;0.0000;788.6791;359632384.0000
170.1642;196.0318;0.0000;790.7003;359632384.0000
170.1642;196.0318;0.0000;790.6844;359632384.0000
170.1642;197.0265;0.0000;786.7214;359632384.0000
169.1695;197.0265;0.0000;790.7374;359632384.0000
169.1695;197.0265;0.0000;789.7214;359632384.0000
169.1695;198.0212;0.0000;788.7374;359632416.0000
169.1748;198.0212;0.0000;789.7427;359632416.0000
168.1801;199.0159;0.0000;788.7162;359632416.0000
168.1801;200.0106;0.0000;788.7427;359632416.0000
168.1801;200.0106;0.0000;791.7321;359632416.0000
167.1907;201.0053;0.0000;788.7479;359632416.0000
167.1907;202.0000;0.0000;789.7692;359632448.0000
167.1907;201.9947;0.0000;790.7850;359632448.0000
167.1907;202.9894;0.0000;788.8168;359632448.0000
166.1960;202.9841;0.0000;790.8274;359632448.0000
166.1960;203.9788;0.0000;789.8274;359632480.0000
166.2013;204.9682;0.0000;786.8644;359632480.0000
166.2013;204.9682;0.0000;789.8645;359632512.0000
166.2013;205.9576;0.0000;788.8539;359632512.0000
166.2013;205.9576;0.0000;789.8804;359632512.0000
165.2066;206.9523;11.9364;790.8804;359632512.0000
165.2066;206.9470;0.0000;788.8751;359632512.0000
165.2066;207.9417;0.0000;789.8962;359632544.0000
165.2119;207.9417;0.0000;793.8591;359632544.0000
165.2119;207.9364;0.0000;788.8856;359632544.0000
165.2119;208.9312;0.0000;790.8910;359632544.0000
165.2119;209.9205;11.9364;789.8857;359632544.0000
165.2119;209.9153;0.0000;786.9015;359632544.0000
164.2225;210.9099;0.0000;792.8804;359632576.0000
164.2225;211.8994;0.0000;790.8751;359632576.0000
164.2225;212.8941;11.9364;789.8962;359632576.0000
164.2225;212.8888;0.0000;791.8857;359632576.0000
164.2225;213.8835;0.0000;790.8804;359632576.0000
164.2225;213.8835;0.0000;789.9016;359632576.0000
164.2225;214.8729;0.0000;792.8804;359632608.0000
164.2225;214.8729;0.0000;789.8910;359632608.0000
164.2225;215.8676;11.9364;791.9016;359632608.0000
164.2225;215.8676;0.0000;793.8751;359632608.0000
164.2172;216.8570;0.0000;790.8962;359632608.0000
164.2172;216.8570;0.0000;792.9121;359632608.0000
165.2066;217.8464;0.0000;793.8751;359632640.0000
165.2013;217.8464;11.9364;793.9068;359632640.0000
165.1960;218.8358;0.0000;796.9016;359632640.0000
165.1907;219.8305;11.9364;799.8857;359632640.0000
165.1854;219.8252;0.0000;790.9757;359632640.0000
165.1801;220.8146;0.0000;799.9916;359632640.0000
165.1748;221.8040;0.0000;795.0922;359632672.0000
165.1695;221.8040;0.0000;797.1664;359632672.0000
165.1695;222.7934;0.0000;799.1823;359632672.0000
165.1642;222.7934;0.0000;796.2300;359632672.0000
165.1642;223.7881;0.0000;800.2352;359632672.0000
165.1589;223.7881;0.0000;800.2035;359632736.0000
166.1536;224.7828;0.0000;800.2247;359632736.0000
166.1536;224.7828;0.0000;803.2194;359632736.0000
166.1536;225.7775;0.0000;801.2035;359632736.0000
166.1536;226.7723;0.0000;803.2194;359632736.0000
166.1536;226.7723;0.0000;806.1929;359632736.0000
167.1430;226.7723;0.0000;802.2141;359632768.0000
167.1430;227.7670;0.0000;805.2194;359632768.0000
167.1430;227.7670;0.0000;806.1929;359632768.0000
167.1377;227.7670;0.0000;804.2194;359632768.0000
168.1271;228.7617;0.0000;808.2194;359632768.0000
168.1271;228.7617;0.0000;806.2141;359632768.0000
168.1218;229.7564;0.0000;807.2247;359632800.0000
168.1165;229.7564;11.9364;810.2300;359632800.0000
168.1112;230.7511;0.0000;806.2405;359632800.0000
168.1112;231.7458;0.0000;809.2511;359632800.0000
169.1006;231.7458;0.0000;811.2617;359632800.0000
169.0954;231.7458;0.0000;809.2723;359632800.0000
169.0901;232.7352;0.0000;812.2830;359632864.0000
170.0795;232.7352;11.9364;814.2723;359632864.0000
170.0688;232.7352;0.0000;812.3041;359632864.0000
170.0636;233.7299;0.0000;815.3306;359632864.0000
170.0583;233.7299;0.0000;816.3253;359632864.0000
170.0530;234.7246;0.0000;814.3835;359632896.0000
171.0477;234.7246;0.0000;818.4047;359632896.0000
171.0424;235.7193;0.0000;815.4206;359632896.0000
171.0371;235.7193;0.0000;815.4471;359632896.0000
172.0318;236.7193;0.0000;819.4365;359632896.0000
172.0265;236.7193;0.0000;817.4312;359632896.0000
173.0159;236.7246;0.0000;818.4576;359632928.0000
173.0159;237.7193;0.0000;822.4207;359632928.0000
174.0053;237.7246;0.0000;822.4207;359632928.0000
174.0000;238.7193;0.0000;824.4365;359632928.0000
173.9947;238.7246;0.0000;826.4100;359632928.0000
174.9841;239.7193;0.0000;824.4259;359632928.0000
174.9788;239.7246;0.0000;828.4207;359632960.0000
174.9788;240.7193;0.0000;828.4047;359632960.0000
175.9682;240.7246;0.0000;828.4207;359632992.0000
175.9629;240.7246;0.0000;831.3994;359632992.0000
176.9576;241.7246;0.0000;827.4100;359632992.0000
176.9576;241.7246;0.0000;830.4100;359632992.0000
176.9523;242.7246;0.0000;832.3889;359633024.0000
177.9471;242.7246;0.0000;830.3941;359633024.0000
177.9471;243.7246;0.0000;833.4100;359633024.0000
177.9417;243.7299;0.0000;833.3783;359633024.0000
178.9364;244.7246;0.0000;832.3942;359633024.0000
179.9312;244.7299;0.0000;835.3941;359633056.0000
179.9312;245.7299;0.0000;834.3729;359633056.0000
180.9205;245.7299;0.0000;833.3994;359633056.0000
180.9205;245.7352;0.0000;836.3835;359633056.0000
181.9153;245.7352;0.0000;834.3782;359633056.0000
181.9153;246.7352;0.0000;837.3782;359633056.0000
181.9153;246.7405;0.0000;839.3623;359633088.0000
181.9153;246.7405;0.0000;836.3729;359633088.0000
182.9100;247.7405;0.0000;839.3782;359633088.0000
182.9100;247.7458;0.0000;841.3412;359633120.0000
183.9046;248.7458;0.0000;838.3624;359633120.0000
183.8994;248.7511;0.0000;833.4100;359633120.0000
184.8941;248.7511;0.0000;842.3306;359633152.0000
184.8941;248.7564;0.0000;841.3624;359633152.0000
185.8888;248.7617;0.0000;845.3411;359633152.0000
185.8888;249.7564;0.0000;842.3359;359633152.0000
186.8835;249.7617;0.0000;842.3571;359633152.0000
186.8835;249.7670;0.0000;847.3199;359633152.0000
187.8782;249.7670;0.0000;845.3253;359633184.0000
187.8729;249.7723;0.0000;847.3359;359633184.0000
188.8676;249.7775;0.0000;850.2988;359633184.0000
188.8676;249.7828;0.0000;846.3306;359633184.0000
189.8570;250.7828;0.0000;849.3306;359633184.0000
189.8570;250.7881;0.0000;849.3093;359633184.0000
190.8517;250.7934;0.0000;848.3306;359633216.0000
190.8517;250.7987;0.0000;851.3253;359633216.0000
191.8464;250.8040;0.0000;850.3041;359633216.0000
191.8464;250.8040;0.0000;850.3199;359633248.0000
192.8411;250.8093;0.0000;853.3041;359633248.0000
192.8411;250.8146;0.0000;851.3041;359633280.0000
193.8358;250.8199;0.0000;851.3306;359633280.0000
194.8305;250.8199;0.0000;855.2935;359633280.0000
194.8305;250.8252;0.0636;855.2935;359633280.0000
195.8252;250.8305;0.0000;855.3306;359633280.0000
196.8199;250.8305;0.0000;855.2776;359633280.0000
197.8146;250.8358;0.0000;855.2935;359633312.0000
197.8199;250.8411;0.0000;857.2988;359633312.0000
198.8146;250.8411;0.0000;857.2776;359633312.0000
198.8146;251.8411;0.0000;855.3146;359633312.0000
199.8146;251.8464;0.0000;859.2935;359633312.0000
199.8146;251.8517;0.0000;857.2882;359633312.0000
200.8146;251.8570;0.0000;858.3147;359633344.0000
201.8146;251.8623;0.0000;860.2829;359633344.0000
201.8146;251.8676;0.0000;858.2935;359633344.0000
202.8146;251.8729;0.0000;860.3199;359633344.0000
203.8146;251.8729;0.0000;860.2988;359633344.0000
204.8093;251.8782;0.0000;860.3041;359633344.0000
204.8146;251.8835;0.0000;862.3147;359633376.0000
205.8093;251.8888;0.0000;861.3041;359633376.0000
206.8093;251.8941;0.0000;860.3411;359633376.0000
207.8093;251.8994;0.0000;864.3306;359633376.0000
207.8093;251.9046;0.0000;862.3253;359633376.0000
208.8093;251.9099;0.0000;862.3571;359633408.0000
208.8146;251.9153;0.0000;865.3358;359633408.0000
209.8093;251.9153;0.0000;861.3571;359633408.0000
209.8146;251.9205;0.0000;865.3676;359633408.0000
210.8146;251.9258;0.0000;865.3411;359633408.0000
211.8093;251.9258;0.0000;863.3624;359633408.0000
212.8093;251.9312;0.0000;866.3676;359633440.0000
213.8040;250.9364;0.0000;866.3358;359633440.0000
213.8093;250.9417;0.0000;866.3623;359633440.0000
214.8040;250.9470;0.0000;866.3623;359633440.0000
214.8093;250.9470;0.0000;866.3464;359633440.0000
215.8040;250.9523;0.0000;867.3624;359633472.0000
216.8040;250.9523;0.0000;870.3358;359633504.0000
217.7987;249.9629;0.0000;867.3464;359633504.0000
217.8040;249.9682;0.0000;870.3517;359633504.0000
218.8040;249.9682;0.0000;870.3253;359633504.0000
218.8040;249.9735;0.0000;866.3571;359633504.0000
219.8040;249.9735;0.0000;872.3464;359633504.0000
219.8040;249.9788;0.0000;869.3306;359633536.0000
220.8040;248.9841;0.0000;870.3517;359633536.0000
221.7987;248.9894;0.0000;872.3412;359633536.0000
222.7987;248.9894;0.0000;869.3412;359633536.0000
222.7987;248.9947;0.0000;869.3571;359633536.0000
223.7987;248.0000;0.0000;874.3200;359633536.0000
223.8040;248.0000;0.0000;871.3306;359633568.0000
224.7987;248.0053;0.0000;874.3359;359633568.0000
225.7987;248.0053;0.0000;867.3517;359633568.0000
226.7934;247.0159;0.0000;875.3199;359633568.0000
226.7987;247.0159;0.0000;877.3306;359633568.0000
227.7934;247.0159;0.0000;875.3094;359633632.0000
227.7987;246.0265;0.0000;872.3412;359633632.0000
228.7934;246.0265;0.0000;878.3200;359633632.0000
229.7934;246.0318;0.0000;877.2935;359633632.0000
229.7987;245.0371;0.0000;878.3094;359633632.0000
230.7934;245.0424;0.0000;879.3041;359633632.0000
230.7987;245.0424;0.0000;878.2988;359633664.0000
231.7987;244.0529;0.0000;881.3041;359633664.0000
232.7987;243.0583;0.0000;880.2881;359633664.0000
233.7934;243.0583;0.0000;878.3094;359633664.0000
233.7987;243.0636;0.0000;881.3094;359633664.0000
234.7987;242.0688;0.0000;880.2881;359633664.0000
234.7987;242.0688;0.0000;878.3094;359633696.0000
235.7987;241.0742;0.0000;881.3094;359633696.0000
236.7987;241.0795;0.0000;880.2881;359633696.0000
236.7987;240.0847;0.0000;881.3094;359633696.0000
236.8040;240.0847;0.0000;883.2988;359633696.0000
237.8040;240.0847;0.0000;881.2935;359633696.0000
238.7987;239.0900;0.0000;881.3147;359633728.0000
238.8040;239.0953;0.0000;884.2776;359633760.0000
239.8040;239.0953;0.0000;883.2882;359633760.0000
239.8093;238.1006;0.0000;886.2935;359633760.0000
240.8093;237.1059;0.0000;888.2564;359633760.0000
240.8146;237.1059;0.0000;886.2829;359633760.0000
241.8146;237.1059;0.0000;888.2776;359633792.0000
241.8199;236.1112;0.0000;888.2564;359633792.0000
242.8199;236.1112;0.0000;889.2670;359633792.0000
242.8252;235.1165;0.0000;891.2617;359633792.0000
243.8252;235.1165;0.0000;890.2511;359633792.0000
243.8252;234.1218;0.0000;893.2617;359633824.0000
244.8252;234.1165;0.0000;895.2352;359633824.0000
245.8252;233.1218;0.0000;893.2352;359633824.0000
245.8305;233.1218;0.0000;896.2511;359633824.0000
245.8358;232.1271;0.0000;897.2246;359633824.0000
246.8358;232.1271;0.0000;896.2405;359633824.0000
246.8411;231.1324;0.0000;900.2405;359633856.0000
247.8411;231.1324;0.0000;900.2141;359633856.0000
247.8464;230.1377;0.0000;902.2299;359633856.0000
248.8517;230.1377;11.9364;903.2247;359633856.0000
248.8570;229.1430;0.0000;901.2246;359633856.0000
249.8570;229.1430;11.9364;905.2300;359633856.0000
249.8623;229.1430;0.0000;907.2034;359633888.0000
250.8623;228.1483;0.0000;901.2299;359633888.0000
250.8623;227.1483;0.0000;906.2299;359633888.0000
251.8623;227.1483;0.0000;909.1876;359633888.0000
252.8623;226.1536;0.0000;903.2247;359633888.0000
252.8676;226.1536;0.0000;909.2194;359633888.0000
253.8623;225.1589;0.0000;909.1876;359633920.0000
253.8676;224.1589;11.9364;908.2247;359633920.0000
254.8676;223.1642;0.0000;912.2034;359633920.0000
255.8623;223.1642;11.9364;910.1982;359633920.0000
255.8676;222.1642;0.0000;914.1929;359633920.0000
255.8729;221.1695;0.0000;916.1769;359633952.0000
256.8729;221.1695;0.0000;911.1981;359633952.0000
257.8676;220.1695;0.0000;912.2141;359633952.0000
257.8729;219.1748;11.9364;914.1770;359633984.0000
258.8729;218.1748;0.0000;906.2299;359633984.0000
258.8729;218.1748;0.0000;921.1823;359633984.0000
258.8782;217.1748;0.0000;909.2141;359634016.0000
258.8835;217.1748;0.0000;914.2141;359634016.0000
259.8835;216.1748;0.0000;917.2141;359634016.0000
260.8782;215.1801;0.0000;915.1982;359634016.0000
260.8835;214.1801;0.0000;917.2087;359634016.0000
261.8835;213.1854;0.0000;921.1928;359634016.0000
261.8888;212.1854;0.0000;917.1981;359634048.0000
261.8888;212.1854;0.0000;921.2034;359634048.0000
261.8941;211.1854;0.0000;921.1823;359634048.0000
261.8994;210.1854;0.0000;919.2141;359634048.0000
262.8994;209.1907;0.0000;922.2246;359634048.0000
262.8994;208.1907;0.0000;922.2034;359634048.0000
263.8994;208.1907;0.0000;921.2352;359634080.0000
263.9047;207.1907;0.0000;923.2352;359634080.0000
263.9100;206.1960;0.0000;921.2140;359634080.0000
263.9153;206.1907;0.0000;921.2511;359634112.0000
264.9099;205.1960;0.0000;925.2247;359634112.0000
264.9153;204.1960;0.0000;922.2352;359634112.0000
265.9153;203.1960;0.0000;923.2617;359634144.0000
265.9205;202.1960;0.0000;924.2352;359634144.0000
265.9205;201.1960;0.0000;923.2564;359634144.0000
265.9258;200.2013;0.0000;924.2776;359634144.0000
265.9258;200.1960;0.0000;926.2405;359634144.0000
265.9312;199.1960;0.0000;926.2564;359634176.0000
265.9364;198.1960;0.0000;926.2723;359634176.0000
266.9312;197.1960;0.0000;925.2458;359634176.0000
266.9364;196.2013;0.0000;923.2776;359634176.0000
267.9365;195.2013;0.0000;929.2511;359634176.0000
267.9417;194.2013;0.0000;925.2458;359634176.0000
267.9471;193.2013;0.0000;927.2670;359634208.0000
267.9523;193.1960;0.0000;926.2564;359634208.0000
267.9523;192.2013;0.0000;926.2564;359634208.0000
267.9576;191.2013;0.0636;929.2776;359634208.0000
267.9629;190.2013;0.0000;927.2511;359634240.0000
267.9629;189.2013;0.0636;928.2564;359634240.0000
267.9682;188.2013;0.0636;932.2511;359634272.0000
267.9682;187.1960;0.0000;930.2352;359634272.0000
267.9735;186.1960;0.0636;930.2565;359634272.0000
267.9735;185.1960;0.0000;932.2458;359634272.0000
267.9788;185.1907;0.0000;929.2405;359634272.0000
267.9788;184.1907;0.0636;931.2511;359634272.0000
267.9788;183.1907;0.0636;935.2247;359634304.0000
267.9788;182.1907;0.0000;930.2352;359634304.0000
267.9841;182.1854;0.0000;933.2564;359634304.0000
267.9841;181.1854;0.0000;935.2087;359634304.0000
267.9841;181.1854;0.0000;932.1876;359634304.0000
267.9894;180.1854;0.0000;936.2723;359634336.0000
267.9894;179.1854;0.0000;935.2458;359634336.0000
267.9894;178.1854;0.0000;932.2882;359634336.0000
267.9947;178.1801;0.0000;938.2564;359634336.0000
267.9947;177.1801;0.0000;934.2564;359634336.0000
267.9947;176.1748;0.0000;935.2776;359634336.0000
267.9947;176.1695;0.0000;936.2617;359634368.0000
267.9947;175.1695;0.0000;935.2617;359634368.0000
267.9947;175.1642;0.0000;937.2723;359634368.0000
268.0000;174.1642;0.0000;938.2458;359634368.0000
267.0053;174.1589;0.0000;937.2564;359634368.0000
267.0053;173.1589;0.0000;939.2617;359634368.0000
267.0053;172.1589;0.0000;938.2405;359634400.0000
267.0053;172.1536;0.0000;939.2511;359634400.0000
267.0053;171.1536;0.0000;942.2458;359634400.0000
267.0053;170.1536;0.0000;938.2405;359634400.0000
267.0000;170.1536;0.0000;938.2617;359634400.0000
267.0000;169.1536;0.0000;942.2405;359634400.0000
266.0053;168.1536;0.0000;939.2405;359634432.0000
266.0053;168.1483;11.9364;940.2511;359634432.0000
266.0053;168.1430;0.0000;944.2141;359634432.0000
266.0053;167.1377;11.9364;940.2405;359634432.0000
266.0000;167.1324;0.0000;935.2882;359634432.0000
266.0000;166.1324;0.0000;944.2141;359634432.0000
266.0000;166.1271;0.0000;942.2352;359634496.0000
265.0000;166.1218;0.0000;945.2352;359634496.0000
265.0000;165.1218;0.0000;947.1928;359634496.0000
265.0000;165.1165;0.0000;944.2352;359634496.0000
264.0053;164.1165;0.0000;947.2140;359634496.0000
264.0053;164.1112;0.0000;944.2141;359634528.0000
264.0053;163.1112;0.0000;944.2458;359634528.0000
263.0106;163.1059;0.0000;948.2034;359634528.0000
263.0106;162.1059;0.0000;946.2141;359634528.0000
263.0106;162.1006;0.0000;947.2246;359634528.0000
263.0106;162.0954;0.0000;948.1981;359634528.0000
263.0106;161.0954;0.0000;947.2140;359634560.0000
262.0159;161.0847;0.0000;948.2194;359634560.0000
262.0106;161.0795;0.0000;947.1981;359634560.0000
262.0106;160.0795;0.0000;947.2194;359634560.0000
262.0053;160.0742;0.0000;950.1982;359634560.0000
261.0106;159.0742;0.0000;947.1981;359634560.0000
261.0053;159.0688;0.0000;947.2299;359634592.0000
261.0053;158.0742;0.0000;948.2034;359634624.0000
260.0053;158.0688;0.0000;949.1876;359634624.0000
260.0053;157.0688;0.0000;940.2670;359634624.0000
260.0053;157.0636;0.0000;951.1823;359634624.0000
260.0000;157.0583;0.0000;947.2034;359634624.0000
260.0000;156.0583;0.0000;952.1981;359634656.0000
259.0053;156.0583;0.0000;950.1823;359634656.0000
259.0000;155.0583;0.0000;949.2087;359634656.0000
258.0053;155.0530;0.0636;950.1982;359634656.0000
258.0053;155.0530;0.0000;947.1981;359634656.0000
258.0053;154.0530;0.0000;950.2035;359634688.0000
257.0053;154.0477;0.0000;950.1929;359634688.0000
257.0053;153.0477;0.0000;948.1929;359634688.0000
257.0000;153.0424;0.0000;949.2194;359634688.0000
256.0053;152.0424;0.0000;950.1823;359634688.0000
256.0000;152.0371;0.0000;948.1929;359634688.0000
256.0000;151.0371;0.0000;951.1929;359634720.0000
255.0000;151.0318;0.0000;951.1664;359634720.0000
255.0000;150.0318;0.0000;948.2087;359634752.0000
254.0000;150.0265;0.0000;951.1876;359634752.0000
254.0000;149.0318;0.0000;949.1823;359634752.0000
253.0053;149.0265;0.0000;951.1876;359634752.0000
253.0000;148.0265;0.0000;954.1611;359634784.0000
253.0000;148.0265;0.0000;949.1823;359634784.0000
253.0000;147.0265;0.0000;950.1982;359634784.0000
252.0053;147.0265;0.0000;951.1611;359634784.0000
252.0000;146.0265;0.0000;948.1823;359634784.0000
252.0000;146.0265;0.0000;950.1982;359634784.0000
251.0053;145.0265;0.0000;950.1664;359634816.0000
251.0000;145.0265;0.0000;950.1823;359634816.0000
251.0000;144.0265;0.0000;954.1611;359634816.0000
250.0000;144.0212;0.0000;951.1505;359634816.0000
249.9947;143.0265;0.0000;951.1770;359634816.0000
248.9947;143.0212;0.0000;954.1505;359634816.0000
248.9894;142.0212;0.0000;950.1664;359634848.0000
247.9894;142.0212;0.0000;952.1716;359634848.0000
247.9894;142.0159;0.0000;954.1346;359634880.0000
247.9841;141.0212;0.0000;951.1611;359634880.0000
247.9841;141.0159;0.0000;954.1611;359634880.0000
247.9788;140.0212;0.0000;954.1293;359634912.0000
246.9788;140.0159;0.0000;952.1558;359634912.0000
246.9788;139.0212;0.0000;954.1611;359634912.0000
245.9788;139.0212;0.0000;954.1240;359634912.0000
245.9735;139.0159;0.0000;954.1505;359634912.0000
245.9682;139.0159;0.0000;956.1240;359634912.0000
244.9735;138.0159;0.0000;954.1293;359634944.0000
244.9682;137.0212;0.0000;954.1558;359634944.0000
243.9682;137.0159;0.0000;956.1135;359634944.0000
243.9576;136.0212;0.0000;954.1346;359634944.0000
243.9523;136.0159;0.0000;956.1505;359634944.0000
242.9523;136.0106;0.0000;956.1135;359634944.0000
242.9470;135.0106;0.0000;954.1452;359634976.0000
241.9417;135.0053;0.0000;956.1399;359634976.0000
241.9312;134.0053;0.0000;956.1082;359634976.0000
240.9312;134.0000;0.0000;956.1346;359634976.0000
240.9206;133.0000;0.0000;958.1134;359635008.0000
239.9205;132.9947;0.0000;955.1134;359635008.0000
239.9099;132.9947;0.0000;958.1240;359635040.0000
238.9099;131.9947;0.0000;958.0975;359635040.0000
238.9046;131.9947;0.0000;954.1240;359635040.0000
237.9047;130.9947;0.0000;957.1346;359635040.0000
237.8994;130.9947;0.0000;958.0975;359635040.0000
236.8994;130.9947;0.0000;955.1187;359635072.0000
236.8941;130.0000;0.0000;957.1293;359635072.0000
236.8888;129.9947;0.0000;957.0922;359635072.0000
235.8888;129.9947;0.0000;955.1399;359635072.0000
235.8835;129.0000;0.0000;957.1081;359635072.0000
235.8782;128.9947;0.0000;955.1082;359635072.0000
234.8782;128.9947;0.0000;956.1346;359635104.0000
234.8729;127.9947;0.0000;957.1081;359635104.0000
233.8729;127.9947;0.0000;955.1082;359635104.0000
232.8729;127.0000;0.0000;957.1293;359635104.0000
232.8676;126.9947;0.0000;956.0975;359635104.0000
232.8623;126.9947;0.0000;955.1134;359635136.0000
231.8623;126.9894;0.0000;958.1134;359635168.0000
231.8517;125.9947;0.0000;958.0869;359635168.0000
230.8517;125.9894;0.0000;956.1135;359635168.0000
229.8517;124.9947;0.0000;956.1135;359635168.0000
229.8411;124.9894;0.0000;954.1082;359635168.0000
229.8358;124.9894;0.0000;956.1135;359635168.0000
228.8305;124.9894;0.0000;958.1028;359635200.0000
228.8252;123.9894;11.9364;956.0975;359635200.0000
227.8199;123.9894;0.0000;957.1187;359635200.0000
226.8146;123.9841;0.0000;958.0869;359635200.0000
226.8040;122.9894;0.0000;954.1134;359635200.0000
225.7987;122.9841;0.0000;956.1240;359635232.0000
225.7881;122.9841;0.0000;957.0922;359635232.0000
224.7828;121.9841;0.0000;955.1293;359635232.0000
224.7723;121.9788;11.9364;957.1346;359635232.0000
223.7670;121.9788;0.0000;956.1135;359635232.0000
223.7564;120.9788;11.9364;956.1399;359635232.0000
222.7511;120.9788;0.0000;958.1346;359635264.0000
222.7458;120.9735;0.0000;954.1452;359635264.0000
221.7405;120.9735;0.0000;956.1558;359635264.0000
221.7299;119.9788;0.0000;956.1346;359635264.0000
220.7246;119.9735;0.0000;956.1505;359635264.0000
219.7246;119.9735;0.0000;956.1664;359635264.0000
219.7140;119.9735;11.9364;958.1293;359635296.0000
218.7140;118.9788;0.0000;955.1664;359635296.0000
218.7087;118.9735;0.0000;956.1717;359635296.0000
217.7034;117.9788;0.0000;960.1187;359635296.0000
216.7034;117.9788;0.0000;955.1770;359635296.0000
216.6981;117.9788;0.0000;959.1505;359635296.0000
215.6981;117.9788;0.0000;956.1558;359635328.0000
214.6981;116.9841;0.0000;956.1770;359635328.0000
213.6981;116.9841;0.0000;957.1505;359635328.0000
212.6981;116.9841;0.0000;951.1929;359635328.0000
212.6981;116.9841;0.0000;956.1823;359635328.0000
211.6981;116.9841;0.0000;955.1664;359635328.0000
210.6981;116.9894;0.0000;951.1982;359635392.0000
209.7034;116.9894;0.0000;954.1929;359635392.0000
208.7034;116.9894;0.0000;954.1611;359635392.0000
207.7087;116.9947;0.0000;952.2034;359635392.0000
206.7087;116.0000;0.0000;954.1876;359635392.0000
206.7034;116.0053;0.0000;952.1875;359635424.0000
205.7087;116.0053;0.0000;955.1982;359635424.0000
204.7087;116.0053;0.0000;955.1770;359635424.0000
203.7140;116.0106;0.0000;954.1823;359635424.0000
202.7140;116.0106;0.0000;954.2087;359635424.0000
200.7193;116.0159;0.0000;954.1823;359635424.0000
199.7246;116.0212;0.0000;949.2194;359635456.0000
198.7246;116.0212;0.0000;950.2300;359635456.0000
197.7299;116.0265;0.0000;949.2141;359635456.0000
196.7299;116.0318;0.0000;948.2405;359635456.0000
195.7352;116.0371;0.0000;950.2300;359635456.0000
194.7352;115.0477;0.0000;947.2405;359635456.0000
193.7405;115.0530;0.0000;949.2458;359635488.0000
192.7405;115.0583;0.0000;947.2405;359635520.0000
191.7405;115.0636;0.0000;947.2458;359635520.0000
191.7352;115.0689;0.0000;945.2723;359635520.0000
190.7405;115.0742;0.0000;947.2405;359635520.0000
189.7405;115.0795;0.0000;944.2617;359635520.0000
188.7405;115.0795;0.0000;944.2776;359635552.0000
187.7405;115.0847;0.0000;947.2405;359635552.0000
186.7405;115.0900;0.0000;944.2776;359635552.0000
186.7352;116.0900;0.0000;944.2776;359635552.0000
185.7352;116.0954;0.0000;941.2776;359635552.0000
184.7405;116.1059;0.0000;943.2882;359635584.0000
184.7352;115.1165;0.0000;942.2882;359635584.0000
183.7352;115.1218;0.0000;942.2776;359635584.0000
183.7299;115.1271;0.0000;942.3146;359635584.0000
182.7352;115.1324;0.0000;944.2723;359635584.0000
181.7352;115.1377;0.0000;940.3041;359635584.0000
180.7405;115.1377;0.0000;942.3146;359635616.0000
180.7352;115.1430;0.0000;941.2830;359635616.0000
179.7405;115.1483;0.0000;940.3200;359635648.0000
178.7405;115.1483;0.0000;943.3041;359635648.0000
178.7352;115.1536;0.0000;941.2935;359635648.0000
177.7405;115.1589;0.0000;941.3147;359635648.0000
176.7405;115.1642;0.0000;942.3093;359635680.0000
175.7405;115.1642;0.0000;938.3094;359635680.0000
175.7352;115.1695;0.0000;940.3306;359635680.0000
174.7352;115.1748;0.0000;941.2935;359635680.0000
174.7352;115.1801;0.0000;938.3253;359635680.0000
173.7352;116.1801;0.0000;940.3359;359635680.0000
172.7352;116.1854;0.0000;941.2935;359635712.0000
172.7352;116.1907;0.0000;936.3412;359635712.0000
171.7352;116.1960;0.0000;938.3464;359635712.0000
171.7299;116.1960;0.0000;935.3253;359635712.0000
170.7299;116.2013;0.0000;935.3571;359635712.0000
169.7352;116.2066;0.0000;936.3518;359635712.0000
169.7299;116.2119;0.0000;936.3412;359635744.0000
168.7299;117.2119;0.0000;934.3677;359635744.0000
167.7299;117.2119;0.0000;934.3517;359635744.0000
167.7246;117.2172;0.0000;930.3782;359635776.0000
166.7299;117.2225;0.0000;935.3729;359635776.0000
166.7246;117.2278;0.0000;934.3517;359635808.0000
165.7246;117.2383;0.0000;930.3889;359635808.0000
164.7246;117.2436;0.0000;932.3835;359635808.0000
163.7246;118.2436;0.0000;932.3623;359635808.0000
162.7299;118.2542;0.0000;929.3994;359635808.0000
162.7246;119.2542;0.0000;932.3835;359635808.0000
161.7246;119.2648;0.0000;927.3941;359635840.0000
160.7246;119.2701;0.0000;927.4153;359635840.0000
159.7246;119.2754;0.0000;929.3888;359635840.0000
159.7193;119.2807;0.0000;926.4100;359635840.0000
158.7193;120.2807;0.0000;926.4259;359635840.0000
157.7246;120.2860;0.0000;927.4047;359635840.0000
156.7246;120.2913;0.0000;925.4153;359635872.0000
155.7299;120.2966;0.0000;926.4259;359635872.0000
154.7299;121.2966;0.0000;926.4047;359635872.0000
153.7352;121.3072;0.0000;924.4365;359635872.0000
152.7352;121.3125;0.0000;926.4259;359635904.0000
151.7405;122.3125;0.0000;923.4259;359635904.0000
150.7405;122.3178;0.0000;923.4524;359635936.0000
150.7405;122.3231;0.0000;926.4259;359635936.0000
149.7405;123.3231;0.0000;923.4365;359635936.0000
148.7458;123.3284;0.0000;923.4630;359635936.0000
148.7405;123.3390;0.0000;923.4365;359635936.0000
147.7458;123.3443;0.0000;922.4471;359635968.0000
146.7458;124.3443;0.0000;923.4576;359635968.0000
146.7458;124.3496;0.0000;924.4312;359635968.0000
145.7458;125.3496;0.0000;921.4683;359635968.0000
144.7511;125.3496;0.0000;923.4576;359635968.0000
143.7564;126.3496;0.0000;921.4523;359635968.0000
143.7564;126.3602;0.0000;919.4841;359636000.0000
142.7617;126.3654;0.0000;921.4630;359636000.0000
141.7670;127.3655;0.0000;917.4789;359636000.0000
141.7670;127.3655;0.0000;918.5000;359636000.0000
140.7670;128.3707;0.0000;918.4683;359636000.0000
139.7722;128.3707;0.0000;915.4948;359636000.0000
138.7723;129.3707;0.0000;917.5000;359636032.0000
138.7723;130.3708;0.0000;919.4630;359636032.0000
137.7775;130.3761;0.0000;914.5106;359636032.0000
136.7775;131.3760;0.0000;917.4948;359636032.0000
135.7828;132.3708;0.0000;915.4895;359636032.0000
134.7881;132.3761;0.0000;912.5265;359636032.0000
133.7934;133.3707;0.0000;915.5107;359636064.0000
132.7987;133.3760;0.0000;912.5159;359636064.0000
131.8040;134.3708;0.0000;911.5530;359636064.0000
131.8093;135.3707;0.0000;914.5159;359636064.0000
130.8146;135.3707;0.0000;910.5477;359636064.0000
130.8146;135.3761;0.0000;911.5795;359636064.0000
129.8199;136.3761;0.0000;912.5530;359636096.0000
128.8199;136.3813;0.0000;909.6007;359636096.0000
128.8199;137.3761;0.0000;911.6060;359636096.0000
127.8252;138.3760;0.0000;908.5901;359636096.0000
126.8305;138.3813;0.0000;907.6271;359636096.0000
126.8305;139.3813;0.0000;913.5954;359636160.0000
125.8358;139.3866;0.0000;906.6324;359636160.0000
125.8358;140.3866;0.0000;906.6642;359636160.0000
124.8411;141.3813;0.0000;907.6589;359636160.0000
124.8411;141.3866;0.0000;905.6855;359636160.0000
124.8411;141.3919;0.0000;906.7225;359636160.0000
123.8517;142.3919;0.0000;907.6907;359636192.0000
123.8517;142.3972;0.0000;896.7755;359636192.0000
122.8570;143.3972;0.0000;906.7331;359636192.0000
122.8570;143.4025;0.0000;906.6801;359636192.0000
121.8676;144.4025;0.0000;905.7384;359636192.0000
120.8729;145.4025;0.0000;906.7119;359636192.0000
120.8729;146.4025;0.0000;903.7067;359636224.0000
119.8782;146.4078;0.0000;902.7490;359636224.0000
119.8782;147.4025;0.0000;902.7331;359636224.0000
119.8782;148.4025;0.0000;899.7596;359636224.0000
118.8835;148.4078;0.0000;902.7861;359636224.0000
118.8888;149.4078;0.0000;902.7702;359636224.0000
118.8888;149.4131;0.0000;899.8073;359636288.0000
117.8941;150.4131;0.0000;902.8073;359636288.0000
117.8941;150.4184;0.0000;902.7861;359636288.0000
116.8994;151.4184;0.0000;901.8231;359636288.0000
115.9047;152.4184;0.0000;901.8231;359636288.0000
115.9047;152.4237;0.0000;899.8179;359636352.0000
115.9047;153.4237;0.0000;901.8337;359636352.0000
114.9152;154.4237;0.0000;902.8126;359636352.0000
114.9152;154.4343;0.0000;899.8285;359636352.0000
114.9152;155.4343;0.0000;900.8497;359636352.0000
114.9152;155.4396;0.0000;901.8179;359636352.0000
113.9258;156.4396;0.0000;897.8443;359636384.0000
113.9258;156.4449;0.0000;900.8497;359636384.0000
112.9311;157.4449;0.0000;901.8231;359636384.0000
111.9364;158.4449;0.0000;898.8602;359636384.0000
111.9364;158.4502;0.0000;903.8444;359636384.0000
110.9417;159.4502;0.0000;896.8655;359636384.0000
109.9470;160.4502;0.0000;898.8814;359636416.0000
109.9470;160.4555;0.0000;901.8549;359636448.0000
108.9523;161.4555;0.0000;897.8761;359636448.0000
108.9523;162.4555;0.0000;899.8920;359636448.0000
108.9576;162.4608;0.0000;901.8602;359636448.0000
107.9682;163.4608;0.0000;897.8867;359636448.0000
106.9788;164.4608;0.0000;896.9185;359636480.0000
106.9841;165.4608;0.0000;899.8761;359636480.0000
105.9947;165.4714;0.0000;898.9079;359636480.0000
106.0000;166.4714;0.0000;896.9185;359636480.0000
105.0106;167.4714;0.0000;899.8867;359636480.0000
105.0159;167.4767;0.0000;897.9132;359636480.0000
104.0212;168.4767;0.0000;902.8920;359636512.0000
104.0265;169.4767;0.0000;896.9238;359636512.0000
103.0371;170.4714;0.0000;896.9661;359636512.0000
102.0424;170.4767;0.0000;898.9397;359636512.0000
102.0477;171.4767;0.0000;896.9714;359636512.0000
102.0477;172.4767;0.0000;897.9926;359636544.0000
102.0477;173.4767;0.0000;896.9714;359636544.0000
101.0530;174.4767;0.0000;896.0032;359636544.0000
101.0530;175.4714;0.0000;897.0085;359636576.0000
100.0636;175.4820;0.0000;896.9820;359636576.0000
99.0742;176.4820;0.0000;898.0138;359636576.0000
99.0795;177.4820;0.0000;900.0032;359636608.0000
99.0795;178.4820;0.0000;897.9979;359636608.0000
99.0847;179.4767;0.0000;897.0350;359636608.0000
98.0954;179.4820;0.0000;897.9979;359636608.0000
98.0954;180.4767;0.0000;895.0297;359636608.0000
97.1059;181.4767;0.0000;896.0508;359636608.0000
97.1059;182.4714;0.0000;897.0085;359636640.0000
97.1112;183.4714;0.0000;897.0350;359636640.0000
97.1112;183.4714;0.0000;897.0455;359636640.0000
97.1112;184.4714;0.0000;897.0085;359636640.0000
97.1165;185.4661;0.0000;894.0509;359636640.0000
97.1165;185.4714;0.0000;897.0350;359636640.0000
97.1218;186.4661;0.0000;894.0350;359636672.0000
96.1271;187.4661;0.0000;891.0826;359636672.0000
96.1271;187.4714;0.0000;894.0509;359636672.0000
96.1324;188.4661;0.0000;892.0615;359636704.0000
96.1377;189.4661;0.0000;894.0668;359636704.0000
96.1377;190.4661;0.0000;895.0456;359636736.0000
96.1430;190.4661;0.0000;891.0720;359636736.0000
95.1483;191.4661;0.0000;894.0721;359636736.0000
95.1536;192.4608;0.0000;894.0509;359636736.0000
95.1536;193.4608;0.0000;893.0721;359636736.0000
95.1536;194.4555;0.0000;886.1091;359636736.0000
95.1589;195.4502;0.0000;892.0615;359636768.0000
95.1589;196.4502;0.0000;892.0826;359636768.0000
95.1589;197.4449;0.0000;893.0615;359636768.0000
95.1642;198.4449;0.0000;890.0774;359636768.0000
95.1642;199.4396;0.0000;891.0985;359636768.0000
95.1695;200.4396;0.0000;893.0615;359636768.0000
95.1695;201.4396;0.0000;891.0773;359636800.0000
95.1748;202.4343;0.0000;893.0826;359636800.0000
94.1801;203.4343;11.9364;893.0562;359636800.0000
94.1854;204.4290;0.0000;891.0932;359636800.0000
94.1854;205.4290;11.9364;893.0774;359636800.0000
94.1907;206.4237;0.0000;891.0720;359636800.0000
94.1907;207.4237;0.0000;889.1091;359636832.0000
94.1907;208.4184;0.0000;892.0774;359636832.0000
94.1960;209.4184;11.9364;890.0880;359636832.0000
94.1960;210.4131;0.0000;891.1091;359636832.0000
94.1960;211.4131;11.9364;891.0773;359636832.0000
94.2013;212.4078;0.0000;885.1198;359636864.0000
94.2013;213.4078;0.0000;889.1144;359636864.0000
94.2066;214.4025;0.0000;889.0880;359636864.0000
94.2066;215.4025;0.0000;889.1091;359636864.0000
94.2119;216.4025;11.9364;890.1039;359636864.0000
94.2119;217.3972;0.0000;887.1038;359636864.0000
94.2172;218.3972;0.0000;889.1091;359636896.0000
94.2172;219.3919;0.0000;890.0986;359636896.0000
94.2225;220.3919;0.0000;885.1091;359636896.0000
95.2172;221.3866;0.0000;891.1038;359636896.0000
95.2225;222.3866;0.0000;889.0880;359636896.0000
95.2225;222.3866;0.0000;886.1144;359636928.0000
95.2278;223.3866;0.0000;889.1251;359636960.0000
95.2278;224.3813;0.0000;889.0880;359636960.0000
95.2330;225.3760;0.0000;887.1198;359636960.0000
95.2330;226.3760;0.0000;889.1144;359636960.0000
96.2330;227.3761;0.0000;889.0880;359636960.0000
96.2383;228.3761;0.0000;889.1144;359636960.0000
96.2436;229.3708;0.0000;891.0985;359636992.0000
96.2489;230.3707;0.0000;885.1145;359636992.0000
96.2489;231.3707;0.0000;889.1251;359636992.0000
96.2542;232.3708;0.0000;891.0879;359636992.0000
97.2542;233.3654;0.0000;889.1039;359636992.0000
97.2595;234.3654;0.0000;891.1144;359636992.0000
98.2542;235.3654;0.0000;891.0826;359637024.0000
98.2595;236.3602;0.0000;890.1091;359637024.0000
98.2648;237.3602;0.0000;891.1144;359637024.0000
98.2701;238.3549;0.0000;891.0879;359637024.0000
98.2754;240.3496;0.0000;892.1091;359637024.0000
98.2807;241.3443;0.0000;894.0986;359637056.0000
98.2860;243.3337;0.0000;893.0880;359637088.0000
98.2913;244.3337;0.0000;894.1039;359637088.0000
99.2860;246.3231;0.0000;897.0668;359637088.0000
99.2913;247.3231;0.0000;897.0721;359637088.0000
99.2966;249.3125;0.0000;897.0933;359637088.0000
99.3019;250.3125;0.0000;900.0509;359637120.0000
99.3072;251.3072;0.0000;898.0774;359637120.0000
100.3125;252.3019;0.0000;897.0933;359637120.0000
100.3178;253.3019;0.0000;898.0615;359637120.0000
100.3231;254.2966;0.0000;898.0933;359637120.0000
101.3231;255.2913;0.0000;900.0721;359637120.0000
101.3284;257.2860;0.0000;899.0668;359637152.0000
102.3284;258.2807;0.0000;900.0826;359637152.0000
102.3337;259.2754;0.0000;902.0562;359637152.0000
102.3390;260.2701;0.0000;900.0668;359637152.0000
102.3443;261.2701;0.0000;903.0774;359637152.0000
103.3443;262.2648;0.0000;903.0456;359637152.0000
103.3496;263.2595;0.0000;902.0615;359637184.0000
103.3549;264.2542;0.0000;904.0668;359637216.0000
104.3549;265.2542;0.0000;903.0456;359637216.0000
104.3602;266.2489;0.0000;900.0826;359637216.0000
105.3602;267.2437;0.0000;906.0509;359637216.0000
106.3602;267.2489;0.0000;903.0456;359637248.0000
106.3654;268.2437;0.0000;904.0615;359637248.0000
107.3655;269.2383;0.0000;906.0403;359637248.0000
107.3708;269.2383;0.0636;904.0456;359637248.0000
107.3761;270.2330;0.0000;904.0774;359637248.0000
108.3760;271.2330;0.0000;907.0244;359637248.0000
108.3813;271.2330;0.0636;904.0509;359637280.0000
108.3866;272.2278;0.0000;907.0562;359637280.0000
109.3919;272.2278;0.0000;907.0191;359637280.0000
109.3972;272.2331;0.0000;903.0668;359637280.0000
110.4025;273.2278;0.0000;906.0509;359637280.0000
110.4131;273.2330;0.0000;906.0297;359637280.0000
110.4184;274.2278;0.0000;904.0615;359637312.0000
111.4237;275.2278;0.0000;907.0455;359637312.0000
111.4290;275.2278;0.0000;905.0403;359637344.0000
112.4290;275.2278;0.0000;904.0774;359637344.0000
112.4343;276.2278;0.0000;909.0191;359637344.0000
112.4449;276.2278;0.0000;905.0456;359637344.0000
113.4449;277.2225;0.0000;906.0615;359637376.0000
113.4502;277.2225;0.0000;899.0615;359637376.0000
114.4502;278.2225;0.0000;906.0509;359637376.0000
115.4502;278.2225;0.0000;907.0562;359637376.0000
115.4608;279.2172;0.0000;908.0138;359637376.0000
115.4661;279.2172;0.0000;907.0455;359637376.0000
115.4714;280.2119;0.0000;908.0403;359637408.0000
116.4767;280.2119;0.0000;908.0244;359637408.0000
117.4767;281.2066;0.0000;907.0562;359637408.0000
117.4820;282.2066;0.0000;909.0191;359637408.0000
118.4873;282.2013;0.0000;907.0403;359637408.0000
118.4926;283.1960;0.0000;909.0456;359637440.0000
118.4979;283.1960;0.0000;909.0191;359637440.0000
119.4979;284.1907;0.0000;906.0509;359637440.0000
119.5085;284.1907;0.0000;907.0562;359637472.0000
120.5085;284.1907;0.0000;909.0191;359637472.0000
120.5138;284.1907;0.0000;908.0509;359637472.0000
120.5191;285.1854;0.0000;909.0350;359637504.0000
121.5191;285.1854;0.0000;908.0244;359637504.0000
121.5244;286.1801;0.0000;910.0456;359637504.0000
122.5296;286.1801;0.0000;911.0085;359637504.0000
122.5350;287.1695;0.0000;899.0827;359637504.0000
122.5402;287.1695;0.0636;910.0456;359637504.0000
123.5455;288.1642;0.0000;910.0139;359637536.0000
123.5508;288.1642;0.0000;909.0350;359637536.0000
124.5508;288.1642;0.0000;910.0403;359637536.0000
124.5614;289.1589;0.0000;911.0085;359637536.0000
124.5667;289.1589;0.0000;909.0403;359637536.0000
125.5667;290.1536;0.0000;910.0350;359637536.0000
125.5773;290.1483;0.0000;909.0191;359637568.0000
125.5826;290.1483;0.0000;909.0456;359637568.0000
126.5826;291.1377;0.0000;912.0032;359637568.0000
126.5932;291.1377;0.0636;909.0191;359637600.0000
127.5932;291.1377;0.0000;912.0350;359637600.0000
127.5985;292.1271;0.0636;912.0032;359637632.0000
128.5985;292.1271;0.0000;909.0244;359637632.0000
128.6091;293.1218;0.0000;912.0297;359637632.0000
129.6091;293.1165;0.0000;910.0085;359637632.0000
129.6197;293.1165;0.0000;910.0350;359637632.0000
129.6250;294.1112;0.0000;912.0191;359637632.0000
130.6303;294.1112;0.0000;909.0138;359637664.0000
130.6356;294.1059;0.0000;910.0350;359637664.0000
131.6409;295.1006;0.0000;913.0085;359637664.0000
131.6515;295.1006;0.0000;909.0191;359637664.0000
132.6515;296.0953;0.0000;911.0403;359637664.0000
133.6568;296.0901;0.0000;912.9926;359637664.0000
133.6674;296.0901;0.0000;907.0297;359637696.0000
134.6727;297.0795;0.0000;914.0191;359637696.0000
135.6727;297.0795;0.0000;911.9926;359637696.0000
135.6833;298.0688;0.0000;911.0244;359637696.0000
136.6833;298.0688;0.0000;912.0191;359637696.0000
137.6832;299.0583;0.0000;911.9979;359637696.0000
137.6938;299.0583;0.0000;912.0244;359637728.0000
138.6938;299.0530;0.0000;913.0085;359637728.0000
139.6938;300.0477;0.0000;909.0191;359637728.0000
139.6991;300.0424;0.0000;913.0244;359637728.0000
140.6991;301.0370;0.0000;913.9926;359637728.0000
141.6991;301.0318;0.0000;910.0139;359637728.0000
141.7044;301.0265;0.0000;913.0244;359637760.0000
142.7044;302.0212;0.0000;914.9767;359637760.0000
143.7044;302.0159;0.0000;910.0297;359637760.0000
144.7044;303.0053;0.0000;914.0138;359637760.0000
144.7097;303.0000;0.0000;914.9767;359637760.0000
145.7097;303.9947;0.0000;912.0191;359637792.0000
146.7044;303.9894;0.0000;914.9979;359637792.0000
146.7097;303.9841;0.0000;913.9926;359637792.0000
147.7097;304.9735;0.0000;914.0138;359637792.0000
148.7150;304.9682;0.0000;915.9821;359637792.0000
149.7150;305.9629;0.0000;912.0138;359637792.0000
150.7150;305.9576;0.0000;915.0139;359637856.0000
151.7203;306.9470;0.0000;916.9714;359637856.0000
152.7203;306.9417;0.0000;914.9979;359637856.0000
152.7256;306.9364;0.0000;916.0032;359637856.0000
153.7256;307.9312;0.0000;917.9556;359637856.0000
154.7309;307.9258;0.0000;915.9979;359637856.0000
155.7309;307.9206;0.0000;921.9661;359637888.0000
155.7362;308.9100;0.0000;916.9767;359637888.0000
156.7362;308.9047;0.0000;916.9979;359637888.0000
157.7362;309.8941;0.0000;918.9661;359637888.0000
158.7362;309.8888;0.0000;915.9927;359637888.0000
159.7415;309.8835;0.0000;918.0032;359637888.0000
160.7415;309.8782;0.0000;917.9820;359637920.0000
160.7468;310.8676;0.0000;915.0192;359637920.0000
161.7468;310.8570;0.0000;919.0138;359637920.0000
162.7468;310.8517;0.0000;918.9821;359637920.0000
163.7468;311.8411;0.0000;918.0138;359637920.0000
164.7468;311.8305;0.0000;923.9767;359637952.0000
165.7468;312.8199;0.0000;918.9873;359637984.0000
166.7468;312.8146;0.0000;919.0138;359637984.0000
167.7468;313.7987;0.0000;921.9767;359637984.0000
167.7468;313.7934;0.0000;918.0138;359637984.0000
168.7468;314.7775;0.0000;920.0562;359637984.0000
169.7468;314.7722;0.0000;922.0244;359638016.0000
170.7415;314.7617;0.0000;920.0668;359638016.0000
172.7309;315.7458;0.0636;922.0879;359638016.0000
173.7309;315.7352;11.9364;922.0826;359638016.0000
174.7256;315.7299;0.0000;922.1250;359638016.0000
175.7203;315.7193;0.0000;924.1198;359638016.0000
176.7203;316.7034;11.9364;924.1091;359638048.0000
177.7150;316.6981;0.0000;924.1356;359638048.0000
178.7097;316.6875;0.0000;925.1144;359638048.0000
180.7044;317.6769;0.0000;915.1675;359638048.0000
181.6991;317.6663;0.0000;924.1515;359638048.0000
183.6938;317.6610;0.0000;926.1091;359638048.0000
184.6885;318.6504;0.0000;924.1304;359638080.0000
185.6885;318.6451;0.0000;926.1357;359638112.0000
187.6780;318.6346;0.0000;927.0985;359638112.0000
188.6780;318.6292;0.0000;923.1515;359638112.0000
190.6674;319.6187;0.0000;928.1144;359638112.0000
191.6674;319.6133;11.9364;928.0985;359638112.0000
193.6568;319.6028;0.0000;927.1356;359638144.0000
194.6568;319.5975;0.0000;930.1039;359638144.0000
195.6568;319.5922;11.9364;926.1251;359638144.0000
197.6515;319.5869;0.0000;928.1462;359638144.0000
198.6462;319.5816;0.0000;930.1198;359638144.0000
200.6409;319.5763;0.0000;926.1621;359638176.0000
201.6409;319.5710;0.0000;930.1833;359638176.0000
203.6303;319.5657;0.0000;930.1727;359638176.0000
204.6303;319.5551;0.0000;927.2363;359638176.0000
206.6197;319.5498;0.0000;930.2363;359638176.0000
207.6144;319.5445;11.9364;930.2257;359638176.0000
208.6091;319.5392;0.0000;929.2574;359638208.0000
210.5985;319.5392;0.0000;932.2416;359638208.0000
211.5932;319.5339;11.9364;930.2363;359638240.0000
212.5879;319.5286;0.0636;930.2734;359638240.0000
214.5773;319.5233;0.0000;931.2469;359638240.0000
215.5720;319.5180;0.0636;930.2628;359638240.0000
216.5667;318.5180;0.0000;933.2681;359638272.0000
218.5561;318.5127;0.0000;934.2257;359638272.0000
219.5508;318.5074;0.0000;930.2681;359638272.0000
220.5455;318.5074;0.0636;934.2628;359638272.0000
222.5403;318.5021;0.0000;936.2257;359638272.0000
224.5297;317.5021;0.0636;933.2681;359638272.0000
225.5244;317.4968;11.9364;935.2469;359638304.0000
227.5191;317.4915;0.0000;933.2363;359638304.0000
228.5138;317.4915;0.0000;935.2628;359638304.0000
229.5138;317.4862;0.0636;937.2257;359638304.0000
230.5085;316.4863;0.0000;934.2468;359638304.0000
232.4979;316.4810;0.0000;936.2628;359638336.0000
234.4926;316.4703;0.0000;938.2203;359638336.0000
235.4873;316.4651;0.0000;938.2416;359638336.0000
236.4820;316.4597;0.0000;939.1886;359638368.0000
237.4767;316.4545;0.0000;939.2416;359638368.0000
238.4714;315.4492;0.0000;938.2733;359638368.0000
240.4608;315.4439;0.0000;940.2787;359638400.0000
241.4608;314.4439;0.0000;939.2628;359638400.0000
243.4502;314.4386;0.0000;937.3052;359638400.0000
244.4449;314.4280;0.0000;942.2522;359638400.0000
245.4396;314.4227;0.0000;940.2734;359638400.0000
246.4343;314.4174;0.0000;941.3051;359638400.0000
247.4290;314.4068;0.0000;945.2522;359638432.0000
248.4237;313.4068;0.0000;940.2839;359638432.0000
249.4184;312.4068;11.9364;942.2999;359638432.0000
251.4078;312.3962;0.0000;946.2469;359638432.0000
253.3972;311.3962;11.9364;945.2787;359638432.0000
255.3867;310.3909;0.0000;948.2574;359638432.0000
256.3813;310.3856;0.0000;947.2416;359638464.0000
258.3707;309.3803;0.0000;946.2787;359638464.0000
259.3708;308.3750;0.0000;951.2363;359638464.0000
261.3602;308.3697;0.0000;948.2468;359638496.0000
262.3549;307.3644;0.0000;951.2734;359638496.0000
264.3443;307.3591;0.0000;952.2204;359638528.0000
265.3337;306.3538;0.0000;951.2416;359638528.0000
267.3231;305.3538;0.0000;955.2521;359638528.0000
268.3178;304.3485;0.0000;955.2045;359638528.0000
270.3072;303.3485;0.0000;944.2946;359638528.0000
272.2966;302.3432;0.0000;956.2257;359638528.0000
274.2860;301.3432;0.0000;956.2045;359638560.0000
275.2807;300.3432;0.0000;955.2416;359638560.0000
277.2648;300.3379;0.0000;958.2097;359638560.0000
278.2595;299.3326;0.0000;955.2203;359638560.0000
280.2489;297.3379;0.0000;955.2521;359638560.0000
281.2437;296.3379;0.0000;958.1992;359638560.0000
283.2330;295.3379;0.0000;956.2098;359638592.0000
284.2278;294.3380;0.0000;958.2362;359638592.0000
285.2224;292.3432;0.0000;959.1886;359638592.0000
286.2172;291.3432;0.0000;956.2257;359638592.0000
287.2119;290.3380;0.0636;960.2098;359638592.0000
288.2013;289.3380;0.0000;959.1886;359638592.0000
289.1960;288.3379;0.0636;957.2204;359638624.0000
290.1907;287.3379;0.0000;960.2098;359638624.0000
291.1801;286.3379;0.0000;957.1992;359638624.0000
292.1748;285.3380;0.0000;960.2045;359638624.0000
293.1695;284.3379;0.0000;963.1727;359638624.0000
293.1642;283.3379;0.0000;958.1992;359638624.0000
294.1589;282.3326;0.0000;963.1992;359638656.0000
295.1536;282.3273;0.0000;961.1780;359638656.0000
295.1483;281.3273;0.0000;961.1992;359638656.0000
296.1430;280.3273;0.0000;955.2521;359638656.0000
297.1324;279.3273;0.0000;963.1727;359638656.0000
297.1324;278.3273;0.0000;961.2204;359638688.0000
298.1218;277.3273;0.0000;964.1833;359638688.0000
298.1218;277.3221;0.0000;963.1938;359638688.0000
299.1112;276.3221;11.9364;963.2151;359638688.0000
300.1006;275.3220;0.0000;963.1992;359638688.0000
301.0953;274.3221;0.0000;964.2097;359638688.0000
301.0900;273.3167;0.0000;966.2310;359638752.0000
302.0795;272.3168;0.0000;966.1992;359638752.0000
303.0742;271.3168;11.9364;956.2734;359638752.0000
304.0636;270.3167;0.0000;967.2416;359638752.0000
304.0583;269.3221;0.0000;967.2045;359638752.0000
305.0477;267.3273;0.0000;966.2469;359638752.0000
305.0424;266.3273;0.0000;969.2363;359638784.0000
306.0371;266.3220;0.0000;967.2204;359638784.0000
306.0318;264.3221;0.0000;968.2416;359638784.0000
307.0212;263.3221;0.0000;971.1939;359638784.0000
308.0106;262.3221;0.0000;969.2203;359638784.0000
308.0053;262.3167;11.9364;969.2681;359638784.0000
308.9947;261.3115;0.0000;972.2045;359638816.0000
308.9894;260.3115;0.0000;969.2257;359638816.0000
308.9841;259.3115;0.0000;972.2204;359638816.0000
309.9682;259.3062;0.0000;970.2098;359638816.0000
309.9630;258.3009;0.0000;972.2204;359638816.0000
310.9523;257.3008;0.0000;974.1938;359638848.0000
310.9470;256.3009;0.0000;972.1992;359638880.0000
311.9364;255.3009;0.0000;974.2098;359638880.0000
311.9312;254.2956;0.0000;976.1939;359638880.0000
311.9258;254.2903;0.0000;973.1780;359638880.0000
311.9205;253.2903;0.0000;972.2257;359638880.0000
312.9100;252.2903;0.0000;977.1621;359638912.0000
312.9047;251.2903;0.0000;974.1938;359638912.0000
313.8941;250.2903;0.0000;975.1886;359638912.0000
313.8941;249.2903;0.0000;977.1569;359638912.0000
313.8888;249.2850;0.0000;974.2045;359638912.0000
314.8782;248.2797;0.0000;977.1833;359638912.0000
314.8729;247.2797;0.0000;976.1621;359638944.0000
315.8623;246.2744;0.0000;975.1992;359638944.0000
315.8570;245.2744;0.0000;978.1674;359638944.0000
315.8517;245.2638;0.0000;977.1674;359638944.0000
315.8464;244.2638;0.0000;976.1939;359638944.0000
316.8358;242.2638;0.0000;981.1409;359638944.0000
316.8305;241.2638;0.0000;975.1780;359638976.0000
317.8252;241.2585;0.0000;981.1727;359638976.0000
317.8199;240.2532;0.0000;980.1356;359638976.0000
317.8146;239.2532;0.0000;977.1780;359638976.0000
318.8040;238.2479;0.0000;980.1674;359638976.0000
318.7987;237.2479;0.0000;978.1516;359638976.0000
318.7934;236.2479;0.0000;977.1780;359639008.0000
319.7828;235.2479;0.0000;980.1515;359639008.0000
319.7828;234.2479;0.0000;978.1462;359639008.0000
320.7722;233.2479;0.0000;979.1674;359639008.0000
320.7670;232.2426;0.0000;980.1409;359639008.0000
320.7617;231.2426;0.0000;978.1621;359639040.0000
321.7511;229.2479;0.0000;981.1621;359639040.0000
321.7458;228.2426;11.9364;981.1251;359639040.0000
322.7352;227.2426;0.0000;980.1621;359639040.0000
322.7299;226.2426;11.9364;981.1568;359639040.0000
322.7246;225.2426;0.0000;982.1198;359639040.0000
323.7087;223.2479;0.0000;980.1621;359639072.0000
323.7034;222.2479;0.0000;984.1303;359639072.0000
324.6928;221.2532;11.9364;982.1251;359639072.0000
324.6822;219.2585;0.0000;984.1409;359639104.0000
324.6769;218.2585;11.9364;984.1198;359639104.0000
325.6610;217.2585;0.0000;979.1515;359639104.0000
325.6504;216.2585;0.0000;988.1251;359639136.0000
325.6451;215.2585;0.0000;980.1462;359639136.0000
325.6346;214.2585;0.0000;982.1409;359639136.0000
325.6292;213.2585;0.0000;986.1304;359639136.0000
326.6133;211.2638;0.0000;985.1144;359639136.0000
326.6081;210.2691;0.0000;985.1198;359639136.0000
326.5975;209.2691;0.0000;988.1251;359639168.0000
326.5922;208.2691;0.0000;985.1198;359639168.0000
326.5869;206.2797;0.0000;988.1251;359639168.0000
326.5763;205.2850;0.0000;990.0880;359639168.0000
327.5657;204.2850;0.0000;988.1039;359639168.0000
327.5604;203.2903;0.0000;989.1250;359639200.0000
327.5498;201.3009;0.0000;991.0826;359639200.0000
327.5445;200.3009;0.0000;988.1092;359639200.0000
327.5339;199.3062;0.0636;993.1091;359639200.0000
327.5286;198.3062;0.0000;993.0721;359639232.0000
327.5180;197.3062;0.0000;991.1039;359639232.0000
327.5074;196.3062;0.0000;995.0826;359639264.0000
327.5021;194.3168;0.0000;990.0933;359639264.0000
327.4969;193.3167;0.0000;993.0615;359639264.0000
327.4863;191.3220;0.0000;996.1091;359639264.0000
328.4703;190.3273;0.0000;992.0562;359639264.0000
328.4650;188.3326;0.0000;994.1462;359639264.0000
328.4544;187.3379;0.0000;996.0933;359639296.0000
328.4492;186.3432;0.0000;995.1038;359639296.0000
328.4386;185.3432;0.0000;997.1304;359639296.0000
328.4333;183.3538;0.0000;997.1039;359639296.0000
328.4227;182.3538;0.0000;996.1091;359639296.0000
327.4174;181.3538;0.0000;999.1038;359639296.0000
327.4121;180.3591;0.0000;996.1251;359639328.0000
328.3962;178.3644;0.0000;996.1356;359639328.0000
328.3856;177.3697;0.0000;999.1091;359639328.0000
328.3803;175.3750;0.0000;996.1091;359639328.0000
328.3697;174.3803;0.0000;997.1409;359639360.0000
327.3644;173.3803;0.0000;999.1038;359639360.0000
327.3539;172.3856;0.0000;996.1251;359639392.0000
327.3485;170.3909;0.0000;999.1303;359639392.0000
327.3380;169.3962;11.9364;1000.0773;359639392.0000
327.3326;168.4015;0.0000;999.1198;359639392.0000
327.3221;166.4121;11.9364;1000.1144;359639392.0000
326.3221;165.4121;0.0000;1002.0880;359639424.0000
326.3115;164.4174;0.0000;999.1250;359639424.0000
326.3062;163.4227;0.0000;1001.0985;359639424.0000
326.2956;161.4333;0.0000;999.1091;359639424.0000
326.2903;160.4386;0.0000;999.1356;359639424.0000
326.2797;158.4492;0.0000;1002.0880;359639424.0000
326.2691;157.4545;0.0000;999.1038;359639456.0000
325.2691;155.4597;0.0000;1001.1250;359639456.0000
325.2585;154.4651;0.0000;1002.0774;359639456.0000
325.2532;153.4704;0.0000;999.1250;359639456.0000
324.2479;151.4809;0.0000;1002.1144;359639456.0000
324.2426;149.4862;0.0000;1002.0774;359639456.0000
323.2373;148.4915;0.0000;1000.1198;359639488.0000
323.2320;146.5021;0.0000;1002.1039;359639488.0000
323.2214;145.5074;0.0000;1001.0985;359639488.0000
322.2214;144.5127;0.0000;1002.1144;359639488.0000
322.2108;142.5233;0.0000;1005.0721;359639488.0000
321.2108;141.5286;0.0000;1002.0933;359639488.0000
321.2055;139.5392;0.0000;1003.1091;359639520.0000
321.2002;138.5445;0.0000;1005.0615;359639520.0000
320.2002;136.5551;0.0000;1002.1039;359639520.0000
320.1949;135.5604;0.0000;1005.0985;359639520.0000
319.1949;134.5657;0.0000;1004.0668;359639520.0000
318.1949;132.5816;0.0000;1004.0985;359639552.0000
318.1896;131.5869;0.0000;1005.0985;359639552.0000
317.1896;129.5975;0.0000;1004.0668;359639552.0000
316.1949;128.6081;0.0000;1004.1038;359639552.0000
316.1896;127.6134;0.0000;1008.0456;359639552.0000
315.1896;125.6239;0.0000;1004.0773;359639552.0000
314.1896;124.6293;0.0000;1005.0985;359639616.0000
313.1949;123.6398;0.0000;1004.0668;359639616.0000
313.1896;122.6451;11.9364;1002.0986;359639616.0000
312.1949;121.6557;0.0000;1006.0880;359639616.0000
312.1896;119.6663;0.0000;1006.0562;359639616.0000
311.1896;118.6716;0.0000;1004.0932;359639616.0000
311.1843;117.6769;0.0000;1005.0826;359639648.0000
310.1843;116.6875;0.0000;1005.0562;359639648.0000
309.1844;115.6928;0.0000;1004.0932;359639648.0000
309.1790;114.6981;0.0000;1008.0456;359639648.0000
308.1790;113.7087;0.0000;1005.0721;359639648.0000
307.1791;112.7140;0.0000;1005.0985;359639648.0000
306.1843;111.7193;0.0000;1005.0615;359639680.0000
306.1790;110.7299;0.0000;1005.0615;359639680.0000
305.1790;108.7405;0.0000;1010.0721;359639680.0000
304.1790;108.7458;0.0000;1007.0456;359639680.0000
303.1844;107.7511;0.0000;1007.0720;359639680.0000
302.1843;106.7564;0.0000;1008.0668;359639680.0000
302.1790;105.7670;0.0000;1006.0403;359639744.0000
301.1790;105.7670;0.0000;1006.0773;359639744.0000
300.1790;104.7775;0.0000;1009.0509;359639744.0000
300.1685;103.7828;0.0000;1005.0509;359639744.0000
299.1685;102.7881;0.0000;1007.0880;359639744.0000
298.1631;101.7934;0.0000;1008.0297;359639776.0000
297.1631;100.8040;0.0000;1005.0615;359639776.0000
297.1526;99.8093;0.0000;1007.0933;359639776.0000
296.1472;98.8199;0.0000;1008.0297;359639776.0000
296.1420;97.8252;0.0000;1006.0456;359639776.0000
295.1367;96.8358;0.0000;1007.9874;359639776.0000
294.1367;96.8358;0.0000;1008.0297;359639808.0000
294.1314;95.8411;0.0000;1006.0138;359639808.0000
293.1367;94.8517;0.0000;1008.0032;359639808.0000
293.1313;93.8570;0.0000;998.0350;359639808.0000
292.1314;93.8623;0.0000;1007.0244;359639808.0000
291.1314;92.8729;0.0000;1007.9714;359639808.0000
291.1261;92.8729;0.0000;1005.0032;359639840.0000
290.1261;91.8782;0.0000;1007.0032;359639840.0000
289.1261;90.8888;0.0000;1007.9714;359639872.0000
289.1208;89.8941;0.0000;998.0668;359639872.0000
288.1155;88.9047;0.0000;1010.9926;359639872.0000
288.1102;88.9047;0.0000;1007.9821;359639872.0000
287.1102;87.9153;0.0000;1008.9927;359639904.0000
287.0996;86.9205;11.9364;1007.9979;359639904.0000
286.0996;86.9258;0.0000;1004.9979;359639904.0000
285.0943;85.9364;0.0000;1005.0297;359639904.0000
284.0943;85.9364;0.0000;1000.0138;359639904.0000
284.0890;84.9470;0.0000;1007.9927;359639936.0000
283.0837;83.9576;0.0000;1004.0350;359639936.0000
282.0837;82.9682;11.9364;1007.9714;359639936.0000
282.0784;82.9735;0.0000;1005.0032;359639936.0000
281.0784;81.9788;0.0000;1008.0032;359639936.0000
280.0784;80.9894;0.0000;1006.9821;359639936.0000
279.0784;80.0000;0.0000;1004.0297;359639968.0000
278.0784;80.0053;0.0000;1007.0032;359639968.0000
277.0731;79.0159;11.9364;1006.9979;359639968.0000
277.0678;78.0265;0.0000;1003.0350;359640000.0000
276.0678;78.0318;11.9364;1005.0032;359640000.0000
275.0678;77.0424;0.0000;1004.9979;359640000.0000
274.0678;76.0530;0.0000;1003.0456;359640032.0000
273.0678;76.0583;0.0000;1005.0085;359640032.0000
272.0678;75.0689;0.0000;1003.0244;359640032.0000
271.0732;75.0689;11.9364;1004.0403;359640032.0000
270.0731;74.0795;0.0000;1005.0032;359640032.0000
269.0784;73.0900;0.0000;1002.0562;359640032.0000
268.0784;73.0953;11.9364;1003.0350;359640064.0000
267.0784;72.1059;0.0000;1003.0244;359640064.0000
266.0837;71.1112;0.0000;1001.0615;359640064.0000
265.0837;71.1165;11.9364;1003.0350;359640064.0000
264.0837;70.1271;11.9364;999.0455;359640064.0000
263.0837;70.1271;11.9364;1001.0615;359640096.0000
262.0890;69.1377;0.0000;1005.0138;359640096.0000
261.0890;68.1430;0.0000;1002.0456;359640096.0000
260.0943;68.1483;0.0000;1002.0562;359640096.0000
259.0996;67.1536;11.9364;1003.0297;359640128.0000
258.1049;67.1589;0.0000;1002.0615;359640128.0000
257.1049;66.1642;0.0000;1002.0615;359640160.0000
256.1102;65.1748;0.0000;1003.0297;359640160.0000
255.1102;65.1801;0.0000;1002.0615;359640160.0000
254.1155;64.1854;0.0000;1005.0297;359640160.0000
253.1208;63.1960;0.0000;1002.0456;359640160.0000
252.1208;63.1960;0.0000;1004.0615;359640160.0000
251.1261;63.2013;0.0000;1005.0297;359640192.0000
250.1314;62.2066;0.0000;1002.0615;359640192.0000
249.1367;62.2119;0.0000;1003.0668;359640192.0000
247.1420;61.2225;0.0000;1004.9979;359640192.0000
246.1473;60.2278;0.0000;1002.0615;359640192.0000
246.1420;59.2383;0.0000;1002.0668;359640192.0000
245.1473;59.2383;0.0000;1004.0350;359640224.0000
244.1526;58.2489;0.0000;1002.0668;359640224.0000
243.1526;58.2489;0.0000;1005.0562;359640224.0000
241.1631;57.2595;0.0000;1002.0456;359640224.0000
241.1579;56.2701;0.0000;1002.0774;359640256.0000
240.1632;57.2648;0.0000;1004.0350;359640256.0000
239.1631;56.2754;0.0000;999.0773;359640288.0000
238.1631;55.2860;0.0000;1001.0826;359640288.0000
237.1631;55.2860;0.0000;1002.0456;359640288.0000
236.1632;54.2966;0.0000;1001.0720;359640288.0000
235.1632;54.3019;0.0000;1003.0880;359640288.0000
234.1685;54.3019;0.0000;1002.0456;359640320.0000
233.1685;53.3125;0.0000;1000.0880;359640320.0000
232.1685;53.3178;0.0000;1001.0773;359640320.0000
231.1685;52.3231;0.0000;1001.0509;359640320.0000
230.1684;52.3284;0.0000;999.0879;359640320.0000
229.1685;51.3390;0.0000;999.0668;359640320.0000
228.1685;51.3443;0.0000;999.0879;359640352.0000
226.1738;51.3443;0.0000;999.1091;359640352.0000
225.1738;49.3602;0.0000;1002.0615;359640352.0000
224.1738;49.3655;0.0000;998.0986;359640352.0000
223.1738;49.3708;0.0000;1000.0985;359640352.0000
222.1738;49.3760;0.0000;999.0826;359640352.0000
222.1685;49.3813;0.0000;998.0986;359640384.0000
221.1684;49.3866;0.0000;998.1091;359640384.0000
220.1685;49.3919;0.0000;999.0826;359640384.0000
220.1685;49.3919;0.0000;998.0986;359640384.0000
219.1685;49.3972;0.0000;999.0826;359640384.0000
218.1685;48.4078;0.0000;997.0880;359640384.0000
217.1738;48.4131;11.9364;999.1198;359640416.0000
216.1738;48.4184;0.0000;999.0826;359640416.0000
215.1738;47.4290;0.0000;997.0880;359640416.0000
214.1790;47.4290;0.0000;999.1198;359640416.0000
213.1790;47.4343;0.0000;999.0932;359640416.0000
212.1790;47.4396;0.0000;996.1251;359640448.0000
211.1843;47.4449;0.0000;996.1091;359640448.0000
210.1844;47.4502;0.0000;995.1091;359640448.0000
209.1844;47.4555;0.0000;996.1356;359640448.0000
208.1844;47.4608;0.0000;998.0986;359640448.0000
207.1896;46.4714;0.0000;996.1091;359640448.0000
206.1896;46.4767;0.0000;997.1409;359640512.0000
205.1949;46.4820;0.0000;999.0932;359640512.0000
204.1949;46.4873;0.0000;996.1198;359640512.0000
203.2002;46.4926;0.0000;998.1304;359640512.0000
202.2055;46.4979;11.9364;996.0933;359640512.0000
201.2055;46.5085;0.0000;995.1515;359640512.0000
200.2108;46.5138;0.0000;996.1409;359640544.0000
199.2161;46.5191;0.0000;997.0933;359640544.0000
198.2161;46.5244;0.0000;995.1515;359640544.0000
197.2214;46.5350;0.0000;997.1251;359640544.0000
197.2161;46.5402;0.0000;993.1357;359640544.0000
196.2214;46.5455;0.0000;996.1516;359640544.0000
195.2267;46.5508;0.0000;996.1091;359640576.0000
194.2267;46.5561;11.9364;994.1409;359640576.0000
193.2320;46.5667;0.0000;994.1621;359640576.0000
192.2320;46.5720;0.0000;996.1038;359640576.0000
191.2373;46.5826;0.0000;993.1621;359640576.0000
190.2426;46.5879;0.0000;996.1462;359640576.0000
189.2426;46.5985;0.0000;995.1144;359640608.0000
189.2426;46.6038;0.0000;995.1409;359640640.0000
188.2426;46.6144;0.0000;995.1409;359640640.0000
187.2479;46.6250;0.0000;992.1515;359640640.0000
186.2532;46.6356;0.0000;993.1780;359640640.0000
185.2532;47.6356;0.0000;995.1356;359640672.0000
184.2585;47.6462;0.0000;992.1621;359640672.0000
183.2638;47.6568;0.0000;993.1621;359640672.0000
182.2638;47.6674;0.0000;991.1516;359640672.0000
181.2691;47.6727;0.0000;990.1780;359640672.0000
179.2744;47.6833;0.0000;993.1675;359640672.0000
179.2691;47.6885;0.0000;992.1462;359640704.0000
178.2744;47.6991;0.0000;991.1727;359640704.0000
177.2744;47.7044;0.0000;993.1675;359640704.0000
176.2797;47.7150;0.0000;993.1462;359640704.0000
175.2797;47.7203;0.0000;990.1833;359640704.0000
175.2797;47.7309;0.0000;993.1410;359640704.0000
174.2797;47.7415;11.9364;989.1621;359640736.0000
173.2850;47.7468;0.0000;990.1833;359640736.0000
173.2850;48.7521;0.0000;993.1462;359640768.0000
172.2850;48.7627;0.0000;990.1727;359640768.0000
171.2903;49.7627;0.0000;993.1621;359640768.0000
170.2956;49.7733;0.0000;990.1621;359640768.0000
169.3009;49.7839;11.9364;988.2045;359640800.0000
168.3062;49.7945;0.0000;991.1780;359640800.0000
167.3115;49.8051;0.0000;992.1515;359640800.0000
166.3168;49.8104;0.0000;993.1780;359640800.0000
165.3220;49.8209;0.0000;993.1516;359640800.0000
164.3273;49.8262;0.0000;990.1833;359640832.0000
163.3326;49.8368;0.0000;993.1939;359640832.0000
163.3326;49.8421;0.0000;992.1621;359640832.0000
162.3379;49.8474;0.0000;989.1833;359640832.0000
162.3379;49.8580;0.0000;991.1939;359640832.0000
161.3432;50.8580;0.0000;990.1621;359640832.0000
160.3485;50.8633;0.0000;990.1938;359640864.0000
160.3485;50.8686;0.0636;990.1886;359640864.0000
159.3538;50.8792;0.0636;988.1675;359640864.0000
158.3591;50.8845;0.0000;989.1992;359640896.0000
157.3644;50.8951;0.0636;991.1568;359640896.0000
156.3697;50.9004;0.0000;988.1198;359640896.0000
155.3750;50.9057;0.0000;988.1462;359640928.0000
155.3750;50.9110;0.0000;990.1144;359640928.0000
154.3803;50.9163;11.9364;986.1356;359640928.0000
153.3856;50.9216;0.0000;988.1462;359640928.0000
152.3909;51.9216;0.0000;989.1091;359640928.0000
151.3962;51.9269;0.0000;986.1515;359640928.0000
150.4015;51.9322;0.0000;985.1515;359640960.0000
149.4068;51.9375;0.0000;985.1356;359640960.0000
148.4121;51.9428;0.0000;986.1462;359640960.0000
148.4121;51.9481;0.0000;988.1357;359640960.0000
147.4174;51.9481;0.0000;984.1462;359640960.0000
146.4227;51.9534;11.9364;983.1780;359640960.0000
145.4333;52.9534;0.0000;984.1356;359640992.0000
144.4386;53.9534;0.0000;980.1621;359640992.0000
143.4439;53.9587;11.9364;981.1886;359640992.0000
142.4492;53.9640;0.0000;981.1462;359641024.0000
141.4545;53.9693;0.0000;976.1992;359641024.0000
140.4597;54.9693;0.0000;979.1938;359641056.0000
139.4650;55.9640;0.0000;978.1727;359641056.0000
139.4650;56.9640;0.0000;975.2098;359641056.0000
138.4756;56.9693;0.0000;978.1886;359641056.0000
137.4809;57.9693;0.0000;975.1886;359641056.0000
136.4862;57.9693;0.0000;978.2045;359641056.0000
135.4915;56.9799;11.9364;976.1833;359641088.0000
134.4968;56.9852;0.0000;974.2045;359641088.0000
133.5021;56.9852;11.9364;974.1780;359641088.0000
132.5127;56.9905;11.9364;972.2098;359641088.0000
131.5180;56.9958;0.0000;970.2363;359641088.0000
130.5233;57.9905;0.0000;969.2628;359641088.0000
129.5286;58.9905;0.0000;969.2203;359641120.0000
128.5339;59.9905;0.0000;969.2363;359641120.0000
127.5392;59.9905;11.9364;970.2310;359641120.0000
127.5445;59.9958;0.0000;966.2522;359641120.0000
126.5498;60.0010;0.0000;967.2787;359641120.0000
125.5551;60.9957;11.9364;969.2310;359641152.0000
125.5551;61.9957;0.0000;957.3104;359641184.0000
124.5657;62.0010;0.0000;963.3051;359641184.0000
123.5710;62.0010;11.9364;963.2680;359641184.0000
122.5763;63.0010;0.0000;963.2680;359641184.0000
121.5816;64.0010;0.0000;963.2998;359641184.0000
120.5869;65.0010;0.0000;963.2521;359641216.0000
119.5922;65.9958;0.0000;961.2946;359641216.0000
118.5975;66.0010;0.0000;961.2946;359641216.0000
118.5975;66.0063;11.9364;959.2839;359641216.0000
117.6028;66.0116;0.0000;959.3210;359641216.0000
115.6134;67.0063;11.9364;961.2787;359641216.0000
114.6187;68.0063;0.0000;957.2999;359641248.0000
113.6240;69.0063;0.0000;960.3157;359641248.0000
112.6292;69.0063;0.0000;958.2946;359641248.0000
111.6346;69.0116;0.0000;955.2998;359641248.0000
111.6346;70.0116;0.0000;957.3317;359641248.0000
110.6398;71.0116;0.0000;957.2999;359641248.0000
109.6451;71.0169;0.0000;952.3528;359641280.0000
108.6504;71.0222;0.0000;952.3422;359641280.0000
107.6557;72.0222;0.0000;957.2999;359641280.0000
106.6610;73.0222;0.0000;949.3740;359641280.0000
104.6716;74.0222;0.0000;955.3263;359641280.0000
103.6822;74.0275;0.0000;951.3422;359641280.0000
102.6875;75.0275;0.0000;951.3687;359641312.0000
101.6928;76.0275;0.0000;952.3369;359641312.0000
99.7034;77.0275;0.0000;948.3633;359641312.0000
98.7087;77.0328;0.0000;949.3793;359641312.0000
97.7193;78.0328;0.0000;950.3369;359641312.0000
96.7246;79.0328;0.0000;948.3793;359641312.0000
95.7299;80.0328;0.0000;949.3793;359641344.0000
94.7352;80.0381;0.0000;948.3475;359641344.0000
94.7352;81.0381;0.0000;946.3740;359641344.0000
92.7511;82.0381;0.0000;946.3740;359641344.0000
92.7511;82.0434;0.0000;945.3687;359641344.0000
91.7564;83.0434;0.0000;944.4110;359641376.0000
90.7617;84.0434;0.0000;948.3528;359641408.0000
89.7670;85.0434;0.0000;945.3740;359641408.0000
88.7775;85.0487;0.0000;946.4058;359641408.0000
88.7775;86.0487;0.0000;945.3634;359641408.0000
87.7828;86.0540;0.0000;944.3846;359641408.0000
87.7881;87.0540;0.0000;948.3793;359641440.0000
87.7881;87.0593;0.0000;948.3475;359641440.0000
86.7934;88.0593;0.0000;945.3951;359641472.0000
86.7987;88.0646;0.0000;946.3740;359641472.0000
86.7987;88.0699;0.0000;944.3793;359641472.0000
85.8040;89.0699;0.0000;946.3422;359641472.0000
84.8093;89.0752;0.0000;944.3740;359641504.0000
84.8093;90.0699;0.0000;943.4058;359641504.0000
83.8199;91.0699;0.0000;944.4216;359641504.0000
82.8252;92.0699;0.0000;946.3634;359641504.0000
81.8358;93.0699;0.0000;942.4111;359641504.0000
80.8464;94.0646;0.0000;945.4216;359641504.0000
79.8517;94.0699;0.0000;939.4005;359641536.0000
79.8570;95.0699;0.0000;941.4164;359641568.0000
78.8623;95.0699;0.0000;942.4111;359641568.0000
77.8729;96.0699;0.0000;939.4110;359641568.0000
77.8729;96.0752;0.0000;937.4587;359641568.0000
76.8782;97.0699;0.0000;940.4058;359641600.0000
75.8888;97.0752;0.0000;937.4376;359641600.0000
75.8888;98.0752;0.0000;937.4641;359641600.0000
74.8941;99.0699;0.0000;937.4217;359641600.0000
73.9047;100.0699;0.0000;936.4481;359641600.0000
73.9047;100.0752;0.0000;936.4534;359641600.0000
72.9153;101.0752;0.0000;935.4216;359641632.0000
71.9258;102.0752;11.9364;936.4481;359641632.0000
70.9311;103.0699;0.0000;935.4534;359641632.0000
69.9417;104.0699;0.0000;935.4269;359641632.0000
68.9470;104.0752;11.9364;933.4746;359641632.0000
68.9523;105.0752;0.0000;933.4428;359641632.0000
67.9629;106.0752;0.0000;932.4640;359641664.0000
66.9682;106.0805;0.0000;933.4640;359641664.0000
66.9735;107.0805;0.0000;935.4323;359641696.0000
65.9788;108.0805;0.0000;930.4746;359641696.0000
64.9894;109.0752;11.9364;931.4905;359641696.0000
64.9894;109.0805;0.0000;933.4534;359641696.0000
64.0000;110.0805;0.0000;930.4746;359641728.0000
63.0106;111.0805;0.0000;929.4746;359641728.0000
63.0106;112.0805;0.0000;930.4481;359641728.0000
62.0212;113.0805;11.9364;929.4852;359641728.0000
61.0265;113.0858;0.0000;930.4587;359641728.0000
61.0318;114.0858;0.0000;927.4746;359641728.0000
60.0371;115.0858;0.0000;925.5170;359641760.0000
60.0424;116.0858;0.0000;929.4534;359641760.0000
59.0477;117.0805;0.0000;927.4852;359641760.0000
59.0530;117.0858;0.0000;928.4958;359641760.0000
58.0636;118.0858;0.0000;927.4693;359641760.0000
58.0689;119.0858;0.0000;925.5064;359641792.0000
57.0742;120.0858;0.0000;929.4799;359641792.0000
56.0848;120.0911;0.0000;927.4693;359641792.0000
56.0900;122.0805;0.0000;926.4905;359641824.0000
55.0953;123.0805;0.0000;929.4534;359641824.0000
55.1006;124.0805;0.0000;925.4799;359641824.0000
54.1112;125.0805;0.0000;927.5011;359641856.0000
54.1165;126.0805;0.0000;925.4640;359641856.0000
53.1271;127.0752;0.0000;925.4852;359641856.0000
53.1324;128.0752;0.0000;922.5222;359641856.0000
52.1377;129.0752;0.0000;922.4852;359641856.0000
52.1430;131.0699;0.0000;923.5170;359641856.0000
51.1536;132.0699;0.0000;925.5117;359641888.0000
51.1589;133.0646;0.0000;922.4852;359641888.0000
50.1642;134.0646;0.0000;923.5063;359641888.0000
49.1748;136.0593;0.0000;924.5011;359641888.0000
49.1801;137.0593;0.0000;923.4799;359641888.0000
49.1854;138.0593;0.0000;922.5011;359641888.0000
48.1960;139.0593;0.0000;924.4640;359641920.0000
48.1960;141.0540;0.0000;922.4852;359641920.0000
48.2013;142.0487;0.0000;919.5328;359641920.0000
47.2119;143.0487;0.0000;924.4587;359641920.0000
47.2172;144.0487;0.0000;922.4852;359641920.0000
47.2225;145.0487;0.0000;923.4852;359641952.0000
47.2278;146.0487;11.9364;922.4640;359641952.0000
46.2436;148.0434;0.0000;922.4852;359641952.0000
46.2489;149.0434;0.0000;922.4852;359641952.0000
45.2595;150.0434;0.0000;922.4693;359641952.0000
45.2648;151.0381;0.0000;919.5117;359641952.0000
45.2648;152.0381;0.0000;922.4534;359641984.0000
45.2701;153.0381;0.0000;920.4799;359641984.0000
44.2807;154.0381;0.0000;922.5011;359641984.0000
44.2860;155.0381;0.0000;922.4693;359641984.0000
43.2966;156.0328;11.9364;918.5170;359641984.0000
43.2966;158.0275;0.0000;922.4905;359641984.0000
43.3019;159.0275;0.0000;922.4640;359642016.0000
42.3125;160.0275;11.9364;919.5011;359642016.0000
42.3178;161.0275;0.0000;922.4852;359642016.0000
42.3231;162.0275;11.9364;922.4534;359642016.0000
41.3337;163.0222;0.0000;919.5011;359642016.0000
41.3337;164.0222;0.0000;923.4799;359642048.0000
40.3443;165.0222;0.0000;918.4905;359642080.0000
40.3496;167.0116;0.0000;919.5170;359642080.0000
40.3496;168.0116;0.0000;920.4799;359642080.0000
39.3602;168.0169;0.0000;918.5011;359642080.0000
39.3654;169.0116;0.0000;919.5170;359642080.0000
39.3707;170.0116;0.0000;919.4799;359642080.0000
39.3760;171.0116;0.0000;916.5170;359642112.0000
38.3866;172.0063;0.0000;918.5063;359642112.0000
38.3866;173.0063;0.0000;920.4852;359642112.0000
38.3919;174.0011;0.0000;919.5117;359642112.0000
38.3972;175.0011;0.0000;920.4693;359642112.0000
37.4078;175.9958;0.0000;918.4905;359642144.0000
37.4131;176.9957;0.0000;922.4905;359642144.0000
37.4131;177.9904;0.0000;922.4693;359642144.0000
37.4184;178.9852;0.0000;917.4958;359642144.0000
36.4290;179.9852;0.0000;922.4852;359642144.0000
36.4343;180.9799;11.9364;922.4534;359642144.0000
36.4396;180.9852;0.0000;915.5223;359642208.0000
36.4449;181.9798;0.0000;918.4958;359642208.0000
35.4555;182.9799;0.0000;919.4693;359642208.0000
35.4608;183.9746;0.0000;916.5170;359642208.0000
35.4661;184.9693;0.0000;917.4958;359642208.0000
34.4767;185.9693;0.0000;917.4799;359642208.0000
34.4767;186.9640;0.0000;916.5170;359642240.0000
34.4820;188.9534;0.0000;917.4799;359642240.0000
34.4873;189.9481;0.0000;915.5064;359642240.0000
34.4926;190.9481;0.0000;918.5063;359642240.0000
33.4979;191.9428;11.9364;918.4693;359642240.0000
33.5032;193.9322;0.0000;914.5011;359642240.0000
33.5085;194.9322;11.9364;915.5117;359642272.0000
33.5138;195.9269;0.0000;918.4746;359642272.0000
33.5191;197.9163;0.0000;914.4958;359642272.0000
33.5244;198.9163;0.0000;918.4905;359642272.0000
33.5244;199.9110;0.0000;915.4958;359642272.0000
33.5297;201.9057;11.9364;916.5011;359642304.0000
32.5402;202.9004;0.0000;916.4852;359642336.0000
32.5455;203.9004;11.9364;915.4958;359642336.0000
32.5508;205.8898;0.0000;915.5223;359642336.0000
32.5561;206.8845;0.0000;919.4534;359642336.0000
32.5614;207.8792;0.0000;915.4958;359642336.0000
32.5667;209.8739;0.0000;916.4905;359642368.0000
32.5720;210.8686;11.9364;917.4375;359642368.0000
32.5720;211.8633;0.0000;915.4905;359642368.0000
32.5773;212.8580;11.9364;916.4799;359642368.0000
32.5826;213.8580;0.0000;915.4799;359642368.0000
32.5879;214.8528;0.0000;915.4905;359642368.0000
32.5932;215.8474;11.9364;916.4694;359642400.0000
32.5985;216.8421;0.0000;915.4694;359642400.0000
32.6038;217.8421;0.0000;916.4905;359642400.0000
32.6091;218.8369;0.0000;918.4375;359642400.0000
32.6091;219.8315;0.0000;913.4746;359642400.0000
32.6144;220.8262;0.0000;920.4641;359642400.0000
32.6197;221.8262;0.0000;917.4534;359642432.0000
32.6250;222.8209;0.0000;916.4746;359642464.0000
32.6250;223.8157;0.0000;918.4587;359642464.0000
31.6356;224.8104;0.0636;915.4641;359642464.0000
31.6409;225.8051;0.0000;919.4693;359642464.0000
31.6462;226.7998;0.0000;918.4481;359642464.0000
31.6515;227.7998;0.0000;917.4534;359642496.0000
31.6515;228.7945;0.0000;920.4641;359642496.0000
31.6621;229.7892;0.0000;922.4322;359642496.0000
31.6674;229.7892;0.0000;919.4534;359642496.0000
31.6727;230.7892;0.0000;922.4481;359642496.0000
31.6780;231.7839;0.0000;924.3951;359642528.0000
31.6885;232.7786;0.0000;919.4587;359642528.0000
31.6938;233.7786;0.0000;922.4375;359642528.0000
31.6991;234.7733;0.0000;922.4269;359642528.0000
31.7097;235.7680;0.0000;922.4481;359642528.0000
31.7150;236.7680;0.0000;924.4163;359642528.0000
31.7203;237.7627;0.0000;924.4058;359642560.0000
31.7309;237.7627;0.0000;924.4269;359642560.0000
31.7362;238.7574;0.0000;925.3899;359642592.0000
32.7415;239.7574;0.0000;924.4005;359642592.0000
32.7468;241.7468;0.0000;925.3581;359642592.0000
32.7574;242.7468;0.0000;928.3581;359642592.0000
32.7680;243.7415;0.0000;922.4163;359642624.0000
32.7786;244.7415;0.0000;928.3793;359642624.0000
32.7839;245.7362;0.0000;926.3528;359642624.0000
33.7892;246.7309;0.0000;926.3846;359642624.0000
33.7998;247.7309;0.0000;930.3475;359642624.0000
33.8104;248.7256;0.0000;925.3740;359642624.0000
33.8209;249.7203;0.0636;927.3898;359642656.0000
34.8262;250.7150;0.0000;930.3316;359642656.0000
34.8368;251.7097;0.0000;927.3581;359642656.0000
34.8421;252.7044;0.0000;930.3634;359642656.0000
35.8474;254.6938;0.0000;932.3210;359642656.0000
35.8580;255.6885;0.0000;929.3528;359642688.0000
36.8633;256.6833;0.0000;932.3263;359642688.0000
36.8739;257.6779;0.0000;933.3157;359642688.0000
36.8845;258.6727;0.0000;930.3475;359642688.0000
37.8898;259.6674;0.0000;935.3104;359642720.0000
37.9004;260.6621;0.0636;931.3264;359642720.0000
37.9110;261.6568;11.9364;933.3369;359642752.0000
38.9163;262.6515;0.0000;938.2839;359642752.0000
38.9269;263.6462;0.0000;936.2998;359642752.0000
38.9375;264.6409;0.0000;937.2946;359642752.0000
39.9428;265.6303;0.0000;937.2787;359642752.0000
39.9534;266.6250;0.0000;936.2946;359642752.0000
39.9640;267.6144;0.0636;936.3052;359642784.0000
40.9693;268.6091;0.0000;934.2786;359642784.0000
40.9799;270.5932;0.0000;936.2998;359642784.0000
40.9904;271.5879;0.0636;936.2892;359642784.0000
41.9958;272.5826;0.0000;936.2734;359642784.0000
42.0063;273.5720;0.0000;935.3051;359642784.0000
43.0116;274.5667;0.0000;938.2733;359642816.0000
43.0222;275.5614;0.0000;935.2892;359642816.0000
44.0275;276.5508;0.0000;939.2892;359642816.0000
44.0381;277.5456;0.0000;941.2522;359642816.0000
44.0487;278.5403;0.0000;939.2786;359642816.0000
45.0487;279.5297;0.0000;940.2787;359642816.0000
45.0593;281.5191;0.0000;938.2628;359642848.0000
45.0699;282.5085;0.0000;937.2946;359642848.0000
46.0699;283.5032;0.0636;940.2787;359642848.0000
46.0805;284.4926;0.0000;938.2786;359642848.0000
47.0858;285.4873;0.0000;936.3052;359642848.0000
47.0911;286.4767;0.0000;940.2468;359642880.0000
48.0964;287.4714;0.0000;939.2574;359642880.0000
48.1070;289.4555;0.0000;938.2892;359642880.0000
49.1070;290.4502;0.0000;940.2574;359642880.0000
50.1123;291.4396;0.0000;936.2839;359642880.0000
50.1229;293.4290;0.0000;939.2892;359642880.0000
51.1229;294.4237;0.0000;940.2574;359642912.0000
52.1229;295.4131;0.0000;939.2733;359642912.0000
52.1335;297.4025;0.0000;940.2734;359642912.0000
53.1335;298.3972;0.0000;939.2574;359642912.0000
53.1388;300.3813;0.0000;937.2946;359642912.0000
54.1388;301.3760;0.0000;939.2681;359642944.0000
55.1388;302.3707;0.0000;935.2787;359642976.0000
55.1440;304.3602;0.0000;939.2892;359642976.0000
56.1493;305.3496;0.0000;940.2468;359642976.0000
57.1493;306.3443;0.0000;938.2733;359642976.0000
58.1493;308.3337;0.0000;937.2946;359642976.0000
59.1493;309.3284;0.0000;939.2521;359642976.0000
60.1493;310.3178;0.0000;935.3051;359643008.0000
60.1546;312.3072;0.0636;939.2786;359643008.0000
61.1546;313.3019;11.9364;939.2574;359643008.0000
62.1546;314.2966;0.0000;936.2892;359643008.0000
63.1546;316.2807;0.0000;936.2839;359643008.0000
64.1599;317.2754;0.0000;936.2734;359643040.0000
65.1599;318.2701;0.0000;935.3051;359643040.0000
65.1652;319.2648;0.0000;938.2574;359643040.0000
66.1652;321.2542;0.0000;936.2946;359643040.0000
67.1652;322.2489;0.0000;937.2946;359643040.0000
68.1705;323.2436;0.0000;939.2521;359643040.0000
69.1705;325.2330;0.0000;938.2786;359643104.0000
70.1705;326.2224;0.0000;940.2734;359643104.0000
71.1705;327.2172;0.0000;938.2574;359643104.0000
72.1705;328.2119;0.0000;936.2998;359643104.0000
73.1705;329.2013;0.0000;939.2681;359643104.0000
74.1705;331.1907;0.0000;937.2628;359643104.0000
75.1705;332.1854;0.0636;939.2786;359643136.0000
76.1652;333.1801;0.0000;938.2574;359643136.0000
77.1652;334.1695;0.0000;936.2787;359643136.0000
78.1652;335.1642;0.0000;936.2946;359643136.0000
79.1652;336.1536;0.0000;940.2468;359643136.0000
80.1652;337.1483;0.0000;935.2734;359643136.0000
80.1705;338.1430;0.0000;939.2733;359643168.0000
81.1705;339.1324;0.0000;937.2522;359643168.0000
82.1705;340.1271;0.0000;936.2839;359643168.0000
83.1705;341.1165;0.0000;938.2733;359643168.0000
83.1758;341.1165;0.0000;936.2681;359643168.0000
84.1758;342.1060;0.0000;936.2946;359643168.0000
85.1758;343.1006;0.0000;938.2521;359643200.0000
85.1811;344.0953;0.0000;933.2839;359643232.0000
86.1811;344.0900;0.0000;936.3052;359643232.0000
86.1864;345.0847;0.0000;938.2574;359643232.0000
87.1917;346.0742;0.0000;936.2892;359643232.0000
88.1917;347.0688;0.0000;938.2839;359643264.0000
88.1970;348.0583;0.0000;938.2574;359643264.0000
89.1970;349.0529;0.0000;935.2998;359643264.0000
90.1970;350.0424;0.0000;936.2946;359643264.0000
91.1970;351.0371;0.0000;936.2734;359643264.0000
92.1970;351.0318;0.0000;935.2892;359643264.0000
93.1970;353.0212;0.0000;937.2574;359643296.0000
94.2023;353.0159;0.0000;933.2998;359643296.0000
95.2023;354.0053;0.0000;936.2946;359643296.0000
96.2023;354.0053;0.0000;936.2681;359643296.0000
97.2076;354.9947;0.0000;935.2892;359643296.0000
99.2023;355.9841;0.0000;936.2892;359643296.0000
100.2023;356.9735;0.0000;936.2681;359643328.0000
101.2076;357.9630;0.0000;935.2946;359643328.0000
102.2076;357.9630;0.0000;936.2839;359643360.0000
103.2129;358.9523;0.0000;933.2839;359643360.0000
105.2076;359.9417;0.0000;936.2946;359643360.0000
106.2129;359.9364;0.0000;938.2681;359643360.0000
108.2129;360.9258;0.0000;936.2734;359643392.0000
110.2076;361.9153;0.0000;934.3104;359643392.0000
111.2076;361.9099;0.0000;938.2574;359643392.0000
113.2076;362.8941;0.0000;934.2839;359643392.0000
115.2076;362.8888;0.0000;936.2998;359643392.0000
116.2076;363.8782;0.0000;937.2522;359643424.0000
118.2076;364.8676;0.0000;934.2998;359643424.0000
119.2076;365.8570;0.0000;937.2840;359643424.0000
121.2076;366.8464;0.0000;936.2681;359643424.0000
122.2076;366.8358;0.0000;936.2839;359643424.0000
124.2023;367.8252;0.0000;938.2681;359643424.0000
125.2076;368.8146;0.0000;936.2681;359643456.0000
127.2023;369.7987;0.0000;936.2998;359643456.0000
128.2023;370.7881;0.0000;939.2468;359643456.0000
130.2023;370.7776;0.0000;936.2787;359643488.0000
131.2023;371.7669;0.0000;935.2998;359643488.0000
133.1970;372.7564;0.0000;938.2469;359643488.0000
135.1917;372.7458;0.0000;936.2839;359643520.0000
137.1917;373.7352;0.0000;939.2681;359643520.0000
138.1917;373.7246;0.0000;938.2469;359643520.0000
140.1864;374.7140;0.0000;936.2839;359643520.0000
142.1811;374.7034;0.0000;941.2574;359643520.0000
144.1758;375.6875;0.0636;937.2681;359643520.0000
146.1758;376.6769;0.0000;938.2733;359643552.0000
147.1758;376.6663;0.0000;941.2363;359643552.0000
149.1705;377.6557;0.0000;939.2521;359643552.0000
151.1705;377.6451;0.0000;939.2786;359643552.0000
153.1652;378.6293;0.0000;937.2522;359643552.0000
155.1599;378.6240;0.0000;938.2681;359643552.0000
157.1546;379.6080;0.0000;939.2786;359643584.0000
159.1494;379.5974;0.0000;939.2363;359643584.0000
161.1440;380.5816;0.0000;938.2733;359643584.0000
162.1440;380.5710;0.0000;941.2416;359643616.0000
164.1335;380.5657;0.0000;939.2521;359643616.0000
166.1282;380.5551;0.0000;939.2681;359643648.0000
167.1335;381.5392;0.0000;942.2310;359643648.0000
169.1282;381.5339;0.0000;940.2468;359643648.0000
170.1282;382.5180;0.0000;939.2786;359643648.0000
172.1229;382.5127;0.0000;942.2416;359643648.0000
173.1229;383.4969;0.0000;939.2574;359643648.0000
175.1176;383.4863;0.0000;941.2574;359643680.0000
177.1123;383.4810;0.0000;942.2257;359643680.0000
178.1123;383.4703;0.0000;941.2469;359643680.0000
180.1070;383.4597;0.0000;943.2468;359643680.0000
182.1017;384.4439;0.0000;944.2204;359643680.0000
183.0964;384.4386;0.0000;942.2574;359643680.0000
185.0911;384.4280;0.0000;943.2310;359643712.0000
187.0858;385.4121;0.0000;942.2363;359643712.0000
188.0858;385.4015;0.0000;942.2628;359643712.0000
190.0805;385.3962;0.0000;944.2257;359643712.0000
191.0805;385.3856;0.0000;939.2574;359643712.0000
193.0752;386.3750;0.0636;944.2521;359643712.0000
194.0752;386.3644;0.0000;945.2151;359643744.0000
195.0699;386.3539;0.0000;941.2574;359643744.0000
197.0646;386.3485;0.0000;944.2416;359643744.0000
198.0646;387.3326;0.0000;944.2204;359643744.0000
200.0540;387.3220;0.0000;940.2522;359643744.0000
201.0540;387.3167;0.0000;943.2416;359643776.0000
202.0540;387.3062;0.0000;944.2310;359643776.0000
204.0434;387.2956;0.0000;945.2522;359643776.0000
205.0434;387.2850;0.0000;947.2098;359643776.0000
207.0328;387.2797;0.0000;945.2363;359643776.0000
208.0328;387.2691;0.0000;946.2469;359643776.0000
210.0222;387.2585;0.0000;947.2098;359643808.0000
211.0222;387.2532;0.0000;944.2574;359643808.0000
212.0169;387.2426;0.0000;948.2362;359643808.0000
214.0116;387.2320;0.0000;947.2257;359643808.0000
215.0063;387.2267;0.0000;945.2628;359643808.0000
216.9957;387.2161;0.0000;948.2468;359643840.0000
217.9904;387.2055;0.0000;945.2681;359643872.0000
219.9799;387.1949;0.0000;946.2787;359643872.0000
221.9640;387.1843;0.0000;947.2522;359643872.0000
222.9586;387.1738;0.0636;946.2628;359643872.0000
224.9428;387.1631;0.0000;948.2892;359643872.0000
226.9322;387.1526;0.0636;949.2363;359643872.0000
227.9269;387.1472;0.0000;947.2734;359643904.0000
229.9110;387.1367;0.0636;950.2787;359643904.0000
231.9004;387.1313;0.0636;948.2415;359643904.0000
233.8898;386.1261;0.0636;948.2681;359643904.0000
234.8792;386.1208;0.0000;949.2627;359643904.0000
236.8686;386.1155;0.0636;949.2416;359643936.0000
238.8580;386.1049;0.0000;948.2892;359643936.0000
239.8527;385.1049;0.0000;950.2363;359643936.0000
241.8421;385.0996;0.0000;950.2416;359643936.0000
243.8262;384.0943;0.0000;951.2045;359643936.0000
245.8157;384.0890;0.0000;953.2627;359643936.0000
247.8051;384.0837;0.0000;950.2946;359643968.0000
249.7945;383.0837;0.0000;952.3104;359644000.0000
250.7839;383.0784;0.0000;953.2681;359644000.0000
252.7733;382.0731;0.0000;951.3051;359644000.0000
254.7627;382.0731;0.0000;955.2839;359644000.0000
256.7521;381.0731;0.0000;955.2627;359644000.0000
257.7468;381.0678;0.0000;953.3051;359644032.0000
260.7309;380.0678;0.0000;956.2734;359644032.0000
262.7203;379.0731;0.0000;957.2681;359644032.0000
263.7150;379.0678;0.0000;955.2998;359644032.0000
265.7044;378.0678;0.0000;957.2681;359644032.0000
267.6938;377.0731;0.0000;955.2839;359644032.0000
268.6885;377.0678;0.0000;958.2892;359644064.0000
270.6779;376.0731;0.0000;959.2574;359644064.0000
272.6674;375.0784;0.0000;956.2892;359644064.0000
273.6621;374.0837;0.0000;959.2521;359644064.0000
275.6515;373.0890;0.0000;958.1674;359644064.0000
276.6462;372.0943;11.9364;956.9927;359644064.0000
278.6303;371.0996;0.0000;960.6960;359644096.0000
280.6197;370.1049;11.9364;958.1505;359644128.0000
281.6144;369.1049;0.0000;954.9312;359644128.0000
281.5011;367.0456;0.0000;959.8889;359554336.0000
282.4958;366.0509;0.0000;957.8995;359554336.0000
284.4852;365.0562;0.0000;959.8889;359554368.0000
286.4746;363.0668;0.0000;959.8889;359554368.0000
287.4693;362.0721;0.0000;957.8995;359554368.0000
289.4587;361.0774;0.0000;959.8889;359554368.0000
291.4481;360.0826;0.0000;960.8835;359554368.0000
292.4428;359.0880;0.0000;959.8889;359554368.0000
294.4322;358.0933;0.0000;961.8783;359554400.0000
295.4269;357.0985;0.0000;959.8889;359554400.0000
297.4164;356.1039;0.0000;962.8730;359554400.0000
299.4057;355.1091;0.0000;964.8624;359554400.0000
301.3952;353.1198;0.0000;960.8835;359554400.0000
303.3846;352.1250;0.0000;962.8730;359554400.0000
304.3793;351.1303;0.0000;965.8571;359554432.0000
306.3687;349.1410;0.0000;960.8835;359554432.0000
308.3581;348.1462;0.0000;965.8571;359554432.0000
309.3528;347.1515;0.0000;965.8571;359554432.0000
311.3422;346.1568;0.0000;962.8730;359554432.0000
312.3369;344.1674;0.0000;965.8571;359554432.0000
314.3263;344.1674;0.0000;962.8730;359554464.0000
315.3210;342.1780;0.0000;961.8783;359554464.0000
317.3104;342.1780;0.0000;967.8465;359554464.0000
318.3051;341.1833;0.0000;963.8677;359554464.0000
320.2945;340.1886;0.0000;965.8571;359554464.0000
321.2892;339.1939;0.0000;965.8571;359554496.0000
323.2786;337.2045;0.0000;963.8677;359554496.0000
325.2681;336.2098;0.0000;965.8571;359554496.0000
327.2574;335.2151;0.0000;965.8571;359554496.0000
328.2522;333.2257;0.0000;965.8571;359554496.0000
330.2416;331.2363;0.0000;968.8412;359554496.0000
332.2310;330.2416;0.0000;966.8518;359554528.0000
333.2257;328.2522;0.0000;967.8465;359554528.0000
334.2204;327.2574;0.0000;971.8253;359554528.0000
336.2098;326.2628;0.0000;965.8571;359554560.0000
337.2045;325.2681;0.0000;968.8412;359554560.0000
338.1992;323.2786;0.0000;967.8465;359554560.0000
340.1886;322.2839;11.9364;967.8465;359554592.0000
341.1833;321.2892;0.0000;969.8359;359554592.0000
342.1780;320.2945;11.9364;969.8359;359554592.0000
343.1727;318.3051;0.0000;967.8465;359554592.0000
345.1621;317.3104;0.0000;969.8359;359554592.0000
346.1568;315.3210;0.0000;968.8412;359554592.0000
347.1515;314.3263;0.0000;968.8412;359554624.0000
348.1462;313.3316;0.0000;971.8253;359554624.0000
350.1356;311.3422;0.0000;966.8518;359554624.0000
351.1303;310.3475;0.0000;969.8359;359554624.0000
352.1250;308.3581;0.0000;971.8253;359554624.0000
353.1198;306.3687;0.0000;967.8465;359554624.0000
354.1144;304.3793;0.0000;971.8253;359554656.0000
356.1039;302.3899;0.0000;970.8306;359554656.0000
357.0985;300.4005;0.0000;967.8465;359554656.0000
359.0880;298.4110;0.0000;971.8253;359554688.0000
360.0826;296.4216;0.0000;970.8306;359554688.0000
362.0721;294.4322;0.0000;969.8359;359554720.0000
363.0668;293.4375;0.0000;972.8201;359554720.0000
364.0615;291.4481;0.0000;970.8306;359554720.0000
365.0562;290.4534;0.0000;971.8253;359554720.0000
366.0509;289.4587;0.0000;972.8201;359554720.0000
368.0403;287.4693;0.0000;969.8359;359554720.0000
368.0403;286.4746;0.0000;971.8253;359554752.0000
369.0350;285.4799;0.0000;972.8201;359554752.0000
370.0297;283.4905;0.0000;971.8253;359554752.0000
371.0244;282.4958;0.0000;974.8094;359554752.0000
372.0191;280.5064;0.0000;973.8148;359554752.0000
373.0138;278.5170;0.0000;972.8201;359554752.0000
374.0085;277.5223;11.9364;974.8094;359554784.0000
374.0085;275.5329;0.0000;974.8094;359554784.0000
375.0032;273.5435;11.9364;974.8094;359554784.0000
375.9979;272.5488;0.0000;976.7988;359554784.0000
376.9926;270.5594;0.0000;974.8094;359554784.0000
376.9926;268.5699;0.0000;976.7988;359554784.0000
378.9821;267.5753;0.0000;976.7988;359554816.0000
378.9821;265.5858;0.0000;967.8465;359554816.0000
379.9767;263.5964;0.0000;977.7936;359554816.0000
380.9714;261.6070;0.0000;978.7883;359554816.0000
381.9662;260.6123;0.0000;977.7936;359554816.0000
381.9662;258.6229;0.0000;979.7830;359554848.0000
382.9608;256.6335;0.0000;977.7936;359554848.0000
383.9556;254.6441;0.0000;978.7883;359554848.0000
384.9503;253.6494;0.0000;980.7776;359554848.0000
384.9503;251.6600;0.0000;977.7936;359554848.0000
385.9449;250.6653;0.0000;976.7988;359554848.0000
386.9397;249.6706;0.0000;979.7830;359554880.0000
387.9344;247.6812;0.0000;977.7936;359554880.0000
387.9344;246.6865;0.0000;976.7988;359554880.0000
388.9291;245.6918;0.0000;978.7883;359554880.0000
389.9238;243.7024;0.0000;977.7936;359554880.0000
389.9238;242.7077;0.0000;978.7883;359554880.0000
390.9185;240.7183;0.0000;977.7936;359554944.0000
391.9132;239.7236;0.0000;980.7776;359554944.0000
391.9132;237.7341;0.0000;982.7671;359554944.0000
391.9132;235.7447;0.0000;977.7936;359554944.0000
391.9132;234.7500;0.0000;978.7883;359554944.0000
392.9079;232.7606;0.0000;980.7776;359554944.0000
392.9079;231.7659;0.0000;977.7936;359554976.0000
392.9079;229.7765;0.0000;977.7936;359554976.0000
393.9026;227.7871;11.9364;979.7830;359554976.0000
393.9026;226.7924;0.0000;978.7883;359554976.0000
394.8973;224.8030;11.9364;977.7936;359554976.0000
394.8973;223.8083;0.0000;975.8041;359554976.0000
394.8973;222.8136;0.0000;975.8041;359555008.0000
395.8920;221.8189;0.0000;974.8094;359555008.0000
395.8920;221.8189;11.9364;975.8041;359555008.0000
395.8920;220.8242;0.0000;977.7936;359555008.0000
395.8920;219.8295;11.9364;977.7936;359555008.0000
395.8920;219.8295;0.0000;974.8094;359555040.0000
395.8920;218.8348;0.0000;975.8041;359555072.0000
395.8920;217.8401;0.0000;971.8253;359555072.0000
395.8920;215.8507;0.0000;964.8624;359555072.0000
395.8920;214.8560;0.0000;976.7988;359555072.0000
396.8867;213.8613;0.0000;961.8783;359555072.0000
396.8867;211.8718;0.0000;968.8412;359555104.0000
396.8867;210.8771;0.0000;968.8412;359555104.0000
396.8867;209.8824;0.0000;964.8624;359555104.0000
397.8814;208.8877;0.0000;965.8571;359555104.0000
397.8814;207.8930;0.0000;967.8465;359555104.0000
397.8814;206.8983;0.0000;963.8677;359555104.0000
397.8814;205.9036;0.0000;965.8571;359555136.0000
397.8814;204.9089;0.0000;965.8571;359555136.0000
397.8814;203.9142;0.0000;960.8835;359555136.0000
397.8814;202.9195;0.0000;962.8730;359555136.0000
398.8761;201.9248;0.0000;960.8835;359555136.0000
398.8761;200.9301;0.0000;958.8942;359555136.0000
398.8761;199.9354;0.0000;957.8995;359555168.0000
398.8761;199.9354;0.0000;957.8995;359555200.0000
398.8761;199.9354;0.0000;959.8889;359555200.0000
398.8761;199.9354;0.0000;961.8783;359555200.0000
398.8761;199.9354;0.0000;957.8995;359555200.0000
398.8761;198.9407;0.0000;958.8942;359555232.0000
398.8761;198.9407;0.0000;956.9048;359555232.0000
398.8761;198.9407;0.0000;951.9313;359555232.0000
398.8761;198.9407;0.0000;944.9683;359555232.0000
397.8814;198.9407;0.0000;933.0319;359555232.0000
397.8814;198.9407;0.0000;917.1166;359555232.0000
397.8814;198.9407;0.0000;905.1802;359555264.0000
397.8814;198.9407;0.0000;877.3285;359555264.0000
397.8814;198.9407;0.0000;834.5563;359555264.0000
397.8814;198.9407;0.0000;771.8899;359555264.0000
397.8814;198.9407;11.9364;641.5837;359555264.0000
396.8867;198.9407;23.8729;393.9026;359555264.0000
396.8867;198.9407;35.8093;187.9989;359555296.0000
610.7479;-15.9152;0.0000;395.8920;359556256.0000
610.7479;-16.9100;0.0000;398.8761;359556256.0000
610.7479;-16.9100;0.0000;399.8708;359556288.0000
610.7479;-16.9100;0.0000;421.7543;359556288.0000
610.7479;-16.9100;0.0000;450.6007;359556288.0000
610.7479;-16.9100;0.0000;462.5371;359556288.0000
610.7479;-16.9100;0.0000;459.5530;359556288.0000
610.7479;-16.9100;0.0000;442.6431;359556288.0000
610.7479;-15.9152;0.0000;393.9026;359556320.0000
610.7479;-15.9152;0.0000;149.2055;359556320.0000
