258.6169;201.8584;18.8779;29.6404;3995396.2500
258.6770;201.7382;0.0000;73.3332;3995405.2500
258.7371;201.6781;9.4390;104.2628;3995414.2500
258.7371;201.6781;0.0000;120.7487;3995423.2500
258.9506;201.6179;9.4390;130.7406;3995432.0000
259.0107;201.6179;9.4390;139.9258;3995441.2500
258.2842;201.5578;0.0000;151.5965;3995450.0000
258.4046;201.4045;0.0000;161.4252;3995459.2500
258.5248;201.3443;0.0000;180.8936;3995468.5000
258.6451;201.3443;0.0000;187.3642;3995477.2500
257.0214;202.6072;0.0000;195.1790;3995530.5000
257.0214;202.5471;9.4390;213.2681;3995539.7500
256.9612;202.5471;0.0000;232.9883;3995548.5000
256.9612;202.5471;0.0000;249.2747;3995557.7500
256.9612;202.5471;0.0000;249.8694;3995566.5000
256.9010;202.5471;0.0000;261.1049;3995575.7500
256.9010;203.2736;0.0000;285.7711;3995584.5000
257.6275;203.2736;0.0000;301.2390;3995593.7500
257.6275;203.2736;10.1606;312.6729;3995602.5000
257.5674;203.2736;0.0000;325.0795;3995612.5000
257.5674;203.2736;9.4390;339.1785;3995621.2500
257.5674;203.2736;0.7217;354.5574;3995630.5000
257.5072;203.2134;0.0000;372.7697;3995639.2500
258.2938;204.0000;9.4390;389.7344;3995648.5000
258.2938;204.0000;0.0000;403.8467;3995657.2500
258.2938;203.9399;0.0000;419.0979;3995666.5000
259.0804;203.9399;0.0000;433.4895;3995675.2500
259.8670;203.0000;0.0000;445.7881;3995684.5000
259.8670;203.0000;0.0000;459.8328;3995693.5000
260.8068;202.2134;0.7217;472.5581;3995702.5000
261.5934;201.4268;0.0000;480.3847;3995711.5000
261.5934;201.4268;0.0000;499.3968;3995720.5000
262.3800;200.6403;0.0000;508.1978;3995729.5000
263.1665;199.8537;0.0000;514.8981;3995738.5000
263.1665;199.0671;0.0000;521.6458;3995747.5000
263.8930;198.2805;0.0000;527.2333;3995756.5000
264.6796;197.4940;0.7217;534.3477;3995765.5000
264.5263;197.4940;0.0000;540.2699;3995774.5000
265.3130;196.7074;0.0000;546.8186;3995783.5000
265.3130;196.0740;0.0000;556.1064;3995792.5000
265.1597;195.2875;0.7217;563.7550;3995801.5000
265.1597;194.5009;0.0000;571.7034;3995810.5000
265.1597;193.0810;0.0000;576.4911;3995819.5000
265.0064;192.2945;0.0000;580.1126;3995828.2500
265.0064;191.4478;0.0000;585.1339;3995837.5000
265.0064;190.8144;0.0000;591.1339;3995846.2500
265.0064;190.0278;0.0000;594.4218;3995855.5000
265.0064;189.2412;0.0000;598.3627;3995864.2500
264.0665;188.4547;0.0000;600.3308;3995873.5000
264.0665;187.8214;0.0000;602.2258;3995882.2500
263.2799;186.2482;0.0000;604.1610;3995891.5000
263.2799;185.6150;1.8394;605.2882;3995900.2500
262.4933;184.8284;2.5610;608.0286;3995909.5000
261.7068;184.0417;0.0000;608.6230;3995918.2500
261.7068;183.4084;1.8394;608.7045;3995927.5000
260.9202;183.4084;0.0000;610.4591;3995936.2500
260.1336;182.6219;0.0000;613.1866;3995945.5000
259.3470;181.9886;1.8394;612.7752;3995954.5000
258.5605;181.9886;0.0000;614.5640;3995963.5000
257.7739;181.9886;0.0000;615.8056;3995972.5000
256.9872;181.9285;0.0000;615.4341;3995981.5000
255.3539;182.0817;0.0000;618.3538;3995990.5000
254.5674;182.0817;0.0000;616.9302;3995999.5000
252.9942;182.0817;0.0000;616.8382;3996008.5000
251.4211;182.2350;0.7217;618.7578;3996017.5000
249.8479;182.2350;0.0000;619.3261;3996026.5000
249.0613;182.2350;0.0000;619.6599;3996035.5000
248.2747;182.2350;0.7217;621.0065;3996044.5000
246.7016;182.3883;0.0000;620.4466;3996053.5000
245.9149;183.1749;0.7217;622.3992;3996062.5000
245.1284;183.1749;0.0000;621.4391;3996071.2500
244.3418;183.3282;0.0000;622.6457;3996080.5000
243.5552;183.3282;0.0000;624.5983;3996089.2500
242.9219;184.1147;0.0000;623.5452;3996098.5000
242.1354;184.2680;0.0000;627.4839;3996107.2500
240.5622;184.2680;0.0000;626.8634;3996116.5000
239.8358;185.0546;0.0000;630.0098;3996125.2500
239.0492;185.0546;0.0000;628.1099;3996134.5000
238.4159;185.2079;0.0000;629.8161;3996143.2500
237.6895;185.9945;0.0000;627.8092;3996152.5000
236.1163;186.1478;0.0000;628.3633;3996161.2500
235.4830;186.1478;0.7217;630.0034;3996170.5000
234.7565;186.9343;0.7217;628.3633;3996179.2500
234.1232;187.8742;0.0000;629.4952;3996188.5000
233.3968;187.8742;0.0000;628.5565;3996197.5000
233.5501;188.6608;0.0000;629.9764;3996206.5000
232.8236;189.6007;0.0000;633.4091;3996215.5000
232.1904;190.3872;0.0000;631.4751;3996224.5000
231.4639;191.1738;0.0000;632.2958;3996233.5000
230.8907;192.1136;0.0000;633.2756;3996242.5000
230.3777;193.6868;0.0000;632.2756;3996251.5000
229.6513;194.4734;0.0000;634.2885;3996260.5000
229.8647;195.2600;0.0000;634.6669;3996269.5000
229.2916;196.9864;0.0000;634.9888;3996278.5000
228.7184;197.7129;0.0000;635.7551;3996287.5000
228.9920;198.4995;0.0000;636.1219;3996296.5000
228.4188;200.0726;0.0000;636.2693;3996305.5000
228.6322;200.8592;0.0000;636.4014;3996314.2500
227.9058;202.3722;0.0000;635.7292;3996323.5000
228.1192;204.0986;9.4390;636.2491;3996332.2500
228.3326;204.8251;9.4390;637.6489;3996341.5000
228.5461;206.3982;0.0000;639.5158;3996350.2500
228.7594;207.9714;9.4390;636.0768;3996359.5000
228.9127;209.4844;0.0000;639.1689;3996368.2500
229.1261;211.0576;0.0000;637.7963;3996377.5000
229.9728;212.6307;0.0000;636.0167;3996386.2500
230.1261;214.1437;0.0000;639.2231;3996395.5000
230.3395;215.6568;0.0000;637.5238;3996404.2500
230.3997;217.1698;0.0000;638.1370;3996413.5000
230.6131;218.7429;0.0000;638.6170;3996422.2500
230.7664;221.1958;0.0000;638.8905;3996431.5000
231.6131;222.7089;0.0000;642.4968;3996440.5000
231.8265;224.2219;0.0000;641.3104;3996449.5000
232.8265;225.7349;0.0000;640.6841;3996458.5000
232.8265;227.3081;0.0000;641.6309;3996467.5000
233.7664;229.6076;0.0000;639.6783;3996476.5000
233.8265;231.1207;0.0000;642.3845;3996485.5000
234.7664;232.6337;0.0000;642.0577;3996494.5000
234.7664;234.2068;9.4390;642.5048;3996503.5000
235.7063;235.7199;0.0000;642.7913;3996512.5000
236.7063;237.2329;9.4390;647.0247;3996521.5000
237.4929;238.8060;0.0000;644.3313;3996530.5000
238.4327;240.3191;9.4390;645.2510;3996539.7500
239.2193;241.0455;0.0000;645.1850;3996548.5000
240.1592;242.4655;0.0000;646.5245;3996557.7500
241.0991;243.9784;0.0000;649.1979;3996566.5000
242.0389;244.7048;0.0000;647.4584;3996575.5000
242.8255;246.2179;0.0000;647.7119;3996584.5000
244.5518;246.8512;0.0000;653.0446;3996593.5000
246.2784;247.5777;0.0000;649.8854;3996602.5000
247.0649;249.0907;0.0000;652.6188;3996611.5000
248.7913;249.8773;0.0000;652.3323;3996620.5000
250.5178;249.6638;0.0000;656.8524;3996629.5000
252.0909;250.3903;0.0000;655.5385;3996638.7500
252.8775;251.1167;0.0000;655.4453;3996647.5000
254.6039;251.8431;0.0000;656.6587;3996656.7500
256.1772;252.5695;0.0000;661.0313;3996665.5000
257.9035;253.2029;0.0000;661.6518;3996674.7500
259.6300;253.1428;0.0000;660.9051;3996683.5000
261.1430;253.7159;0.0000;664.9382;3996692.7500
262.8695;253.7159;0.0000;662.8721;3996701.5000
264.5959;253.6557;0.0000;665.8451;3996710.7500
266.1089;254.2290;0.0000;663.7259;3996719.5000
267.8354;254.1687;0.0000;665.3319;3996728.7500
270.1350;253.9554;0.0000;667.1857;3996737.5000
271.8013;253.8952;0.0000;667.5253;3996746.7500
274.1009;253.7420;0.0000;669.7717;3996755.5000
275.7672;253.6818;0.0000;671.8446;3996764.7500
277.2802;252.8351;0.0000;670.2587;3996773.5000
278.7933;252.6216;0.0000;671.6052;3996782.7500
280.4595;251.8351;0.0000;677.4247;3996791.5000
281.9725;251.6216;0.0000;673.2656;3996800.7500
283.6389;250.7749;1.8394;673.3657;3996809.5000
285.1519;250.6217;0.0000;672.8197;3996818.5000
286.0316;250.5615;0.0000;673.2396;3996827.5000
287.6979;249.6216;1.8394;674.0389;3996836.5000
289.2110;249.5615;0.0000;674.0060;3996845.5000
290.0907;248.5615;0.0000;675.5791;3996854.5000
291.6037;248.4082;11.2783;677.4387;3996863.5000
293.2700;247.5615;0.0000;677.8527;3996872.5000
294.7830;246.6216;0.7217;680.6250;3996881.7500
296.2359;245.6216;0.0000;680.0522;3996890.5000
297.9022;244.6818;0.0000;683.6246;3996900.5000
299.3551;243.8351;0.7217;684.6103;3996909.5000
301.0214;242.8952;9.4390;686.4900;3996918.5000
303.2609;241.1086;0.0000;685.2234;3996927.5000
304.7738;240.1688;0.0000;688.8295;3996936.5000
306.3800;239.2290;0.0000;687.8695;3996945.5000
307.8329;238.3822;0.0000;688.1431;3996954.5000
309.3459;237.4424;9.4390;689.6961;3996963.5000
310.9521;236.5025;0.0000;689.5428;3996972.5000
311.6785;235.5025;0.0000;695.3353;3996981.5000
313.1915;234.5626;0.0000;696.8882;3996990.5000
313.8578;232.8362;0.0000;693.5156;3996999.5000
315.3708;231.9895;0.0000;699.4613;3997008.5000
316.0973;231.0496;0.0000;697.7148;3997017.2500
316.7636;230.1098;0.0000;698.9414;3997026.5000
318.4299;228.3232;0.0000;697.8680;3997035.2500
319.0963;227.3833;0.7217;697.7148;3997044.5000
319.8227;225.8101;0.0000;699.1346;3997053.2500
321.2755;224.8703;0.7217;700.6876;3997062.5000
322.7885;223.1438;0.0000;702.6146;3997071.2500
324.2414;222.2039;0.0000;705.5545;3997080.5000
324.9679;220.4775;0.0000;703.8740;3997089.2500
325.6342;219.5376;0.0000;705.7939;3997098.5000
326.9939;218.5377;0.0000;709.8600;3997107.2500
327.6602;217.7511;0.0000;710.8929;3997116.5000
328.3867;216.0247;0.0000;710.6465;3997125.5000
329.1131;215.0848;0.0000;714.4662;3997134.5000
329.7794;214.1450;0.0000;715.5193;3997143.5000
330.5058;213.2652;0.0000;716.7258;3997152.5000
331.1721;211.5388;0.0000;718.2788;3997161.5000
331.8986;210.5989;0.0000;718.4523;3997170.5000
332.6251;209.0257;0.0000;720.6385;3997179.5000
333.3515;208.1460;0.0000;721.8648;3997188.5000
334.0779;206.4196;0.0000;722.2117;3997197.5000
334.6511;204.6931;0.0000;723.7647;3997206.5000
335.3775;203.7533;0.0000;727.3708;3997215.5000
335.2573;202.0870;0.0000;725.4841;3997224.5000
335.9837;201.3004;9.4390;727.9238;3997233.5000
336.5569;199.6341;9.4390;728.8838;3997242.5000
336.4967;197.9678;9.4390;729.5502;3997251.5000
337.1631;197.0279;0.0000;734.2495;3997260.2500
337.8895;195.3616;0.0000;734.8226;3997269.5000
337.7692;193.8486;0.0000;726.7775;3997278.2500
338.3423;192.1823;0.0000;742.3616;3997287.5000
338.2822;190.5160;0.0000;748.5212;3997296.2500
338.1619;188.8497;0.0000;751.2275;3997305.5000
338.7351;188.1232;0.0000;754.2004;3997314.2500
338.6750;186.4570;0.0000;756.2737;3997323.5000
338.6148;184.7305;0.0000;759.1865;3997332.2500
338.6148;183.0642;0.0000;765.4189;3997341.5000
338.4014;182.3378;0.0000;762.2726;3997350.2500
337.5547;180.6715;0.0000;763.9130;3997359.5000
337.4945;179.0051;0.0000;764.1194;3997368.2500
337.3412;177.3990;0.0000;765.1853;3997377.5000
336.4945;175.8860;0.0000;767.9720;3997386.5000
335.5547;174.2197;0.0000;765.2987;3997395.5000
335.4945;172.5534;0.0000;767.0651;3997404.5000
334.5547;171.1005;0.0000;768.4318;3997413.5000
333.7079;168.6476;0.0000;767.4189;3997422.5000
333.4945;166.9813;0.0000;769.4578;3997431.5000
332.7079;164.6817;0.0000;772.7244;3997440.5000
331.7079;163.0756;0.0000;768.0522;3997449.5000
330.9214;161.4092;1.8394;771.4578;3997458.5000
329.9214;159.9563;0.0000;772.0310;3997467.5000
329.1348;158.2900;0.0000;771.5510;3997476.5000
328.1348;156.8372;9.4390;772.5839;3997485.5000
326.5616;155.1709;0.0000;771.3247;3997494.5000
325.6217;153.6579;9.4390;772.3647;3997503.2500
323.8953;152.0517;0.0000;773.9836;3997512.5000
322.3221;150.5386;0.0000;771.6642;3997521.2500
320.5356;149.0256;0.0000;773.4306;3997530.5000
318.8091;147.4194;0.0000;773.6712;3997539.2500
317.2360;146.6930;0.0000;772.6642;3997548.5000
315.5096;145.1800;0.0000;772.8575;3997557.2500
313.7831;143.5739;0.0000;772.9708;3997566.5000
312.2099;142.0608;0.0000;771.9177;3997575.2500
310.4835;140.6079;0.0000;772.7372;3997584.5000
308.7570;139.7282;0.0000;773.0841;3997593.2500
307.1839;138.2753;0.7217;772.9106;3997602.5000
305.4574;136.7623;0.0000;772.8575;3997611.2500
303.7310;135.8826;0.7217;770.6372;3997620.5000
302.0045;134.3696;0.0000;771.1902;3997629.5000
299.5517;133.7033;0.0000;771.6489;3997638.5000
297.8253;132.1903;0.0000;769.2444;3997647.5000
295.3122;131.3706;0.0000;769.8634;3997656.5000
293.7391;130.6442;0.0000;771.7031;3997665.5000
290.4996;129.9178;0.0000;770.9426;3997674.5000
287.9866;129.2515;0.0000;769.0438;3997683.5000
285.4736;129.3116;0.0000;770.7303;3997692.5000
282.1740;128.4920;0.0000;768.7372;3997701.5000
279.6610;128.5521;0.0000;769.1970;3997710.5000
277.1480;127.8858;0.0000;768.3375;3997719.5000
274.8483;128.0062;0.0000;768.5839;3997728.5000
271.5488;128.0663;0.0000;769.0709;3997737.5000
269.0357;127.2467;0.0000;771.4237;3997746.5000
265.7962;127.3670;0.0000;769.1641;3997755.5000
263.4365;127.4272;0.0000;772.8505;3997764.2500
260.9836;126.7608;0.0000;768.5510;3997773.5000
257.6840;126.8209;0.0000;768.2843;3997782.2500
255.3844;126.9412;0.0000;768.5781;3997791.5000
252.8714;126.8481;9.4390;768.8575;3997800.2500
250.4185;126.9082;0.0000;768.1108;3997809.5000
247.9656;127.0285;0.7217;766.7585;3997818.5000
245.4526;127.0886;9.4390;768.1310;3997827.7500
243.7863;127.0556;0.7217;767.1381;3997836.5000
241.1801;127.1759;0.0000;768.9319;3997845.7500
237.8806;127.2360;10.1606;766.8315;3997854.5000
235.2744;127.9896;0.0000;766.2785;3997863.7500
232.8215;128.0498;0.7217;766.3386;3997872.5000
229.3686;128.1701;0.0000;767.0449;3997881.7500
226.9157;129.0769;0.0000;766.6452;3997890.5000
225.2495;129.1370;0.0000;766.2456;3997899.7500
222.6433;129.2574;0.0000;767.9917;3997908.5000
220.1904;130.1041;0.0000;767.1794;3997917.7500
218.5241;130.2243;0.0000;762.4728;3997926.5000
216.0712;130.2844;0.0000;767.0189;3997935.7500
214.4048;131.1913;0.0000;766.5792;3997944.5000
211.9520;131.2515;0.0000;767.4989;3997953.7500
209.4991;132.0982;0.0000;766.2524;3997962.5000
207.0462;132.2184;0.0000;765.5259;3997971.7500
204.5933;133.0651;0.0000;765.1992;3997980.5000
202.1404;133.9720;0.0000;764.8927;3997989.7500
199.5343;134.8188;0.0000;764.1061;3997998.5000
197.0815;135.7256;0.0000;764.4728;3998007.5000
195.3219;136.5723;0.0000;763.9140;3998016.5000
192.8691;137.4191;0.0000;762.7134;3998025.5000
190.2630;139.2056;0.0000;763.3265;3998034.5000
188.5966;140.0524;0.7217;763.1002;3998043.5000
186.2039;140.8991;0.0000;763.1344;3998052.5000
183.7510;141.8991;0.0000;763.8938;3998061.5000
181.9916;142.7458;0.0000;767.0943;3998070.7500
179.6920;144.3790;0.0000;767.7075;3998079.5000
178.0858;145.2258;0.0000;763.2877;3998088.7500
176.4194;146.0124;0.0000;762.9811;3998097.5000
174.8134;146.8591;9.4390;763.7746;3998106.7500
173.1470;148.5856;0.0000;762.8549;3998115.5000
171.5408;149.4323;0.7217;761.7416;3998124.7500
169.9347;150.2188;0.0000;762.2616;3998133.5000
169.1151;151.7920;0.0000;760.5223;3998142.7500
167.5089;152.7319;9.4390;761.5294;3998151.5000
165.9028;154.3651;0.0000;763.8017;3998160.7500
165.0832;155.9383;0.0000;760.9492;3998169.5000
163.5702;157.6647;0.0000;761.8029;3998179.5000
162.7506;159.2379;0.0000;761.5564;3998188.5000
161.1444;160.8111;0.0000;761.1625;3998197.5000
160.2647;162.5375;0.0000;761.8629;3998206.2500
158.8118;164.1107;0.0000;761.7028;3998215.5000
157.2057;165.6839;0.0000;764.1024;3998224.2500
156.3861;166.4705;0.0000;762.5894;3998233.5000
155.5665;168.2570;0.0000;761.6096;3998242.2500
154.0205;169.8302;0.0000;764.4893;3998251.5000
153.2009;171.5566;0.0000;761.7427;3998260.2500
151.5948;173.1298;0.7217;761.3431;3998269.5000
150.7751;174.7029;0.0000;761.9562;3998278.2500
150.5889;176.4294;0.0000;760.6767;3998287.5000
149.7693;178.0025;0.0000;760.6165;3998296.2500
148.9497;179.7290;0.0000;760.4102;3998305.5000
148.9167;181.3021;0.0000;759.0376;3998314.5000
148.8837;183.8151;0.0000;759.3170;3998323.5000
148.0641;185.3883;0.0000;760.2367;3998332.5000
148.0311;187.1147;0.0000;760.2770;3998341.5000
147.1514;188.6879;0.0000;759.3771;3998350.5000
147.1184;191.2009;0.0000;764.3100;3998359.5000
146.3589;192.7740;0.0000;759.6708;3998368.5000
146.3259;194.4404;0.0000;759.0174;3998377.5000
146.2929;196.8001;0.0000;758.1908;3998386.5000
145.5664;198.5266;0.0000;757.5516;3998395.5000
145.5335;200.0396;9.4390;759.6507;3998404.5000
145.4403;202.5526;0.0000;759.1247;3998413.5000
145.4073;204.2790;0.0000;752.9854;3998422.5000
145.3142;205.8522;0.0000;755.2921;3998431.5000
145.2210;208.3652;0.0000;750.0125;3998440.5000
146.0677;209.8782;0.0000;754.4724;3998449.2500
145.9747;211.6047;0.0000;750.8791;3998458.5000
146.6681;213.9043;0.0000;750.2931;3998467.2500
147.5749;216.4173;0.0000;753.1728;3998476.5000
148.2684;217.9303;0.0000;750.5667;3998485.2500
148.3886;220.4434;0.0000;750.5337;3998494.5000
149.0820;222.7430;0.0000;750.9876;3998503.2500
149.9288;224.4093;0.0000;752.3804;3998512.5000
150.6823;226.7690;0.0000;750.9275;3998521.2500
151.5290;229.2219;9.4390;751.6008;3998530.5000
152.2226;231.6748;0.0000;750.0349;3998539.2500
153.0693;233.1878;9.4390;751.0148;3998548.5000
153.8228;235.6407;9.4390;751.7812;3998557.2500
154.6696;238.0935;0.0000;750.8284;3998566.5000
155.3630;239.6065;0.0000;751.3485;3998575.5000
156.9962;241.9993;0.0000;751.3485;3998584.5000
157.6897;243.6656;0.0000;751.2553;3998593.5000
158.5365;246.1185;0.0000;751.9886;3998602.5000
160.0164;247.7848;0.0000;751.6492;3998611.5000
160.7099;250.2377;0.0000;751.7093;3998620.5000
161.5566;251.9040;0.0000;753.1360;3998629.5000
163.0366;254.3569;0.7217;751.4298;3998638.5000
163.8232;256.9029;0.0000;752.4097;3998647.5000
164.6699;258.5692;0.0000;752.3495;3998656.5000
166.1499;260.8689;0.7217;752.2766;3998665.5000
166.9967;262.5351;0.0000;755.6492;3998674.5000
168.4767;264.2014;0.0000;751.9498;3998683.5000
170.1100;265.8677;0.0000;753.5432;3998692.2500
171.6831;267.5340;0.7217;754.7966;3998701.5000
173.9497;269.2004;9.4390;752.2836;3998710.2500
175.5831;270.8666;0.0000;752.2505;3998719.5000
177.0029;272.4728;0.0000;753.2505;3998728.2500
179.4228;274.1391;9.4390;752.1574;3998737.5000
180.9959;275.8054;0.0000;752.4640;3998746.2500
183.4158;276.8384;0.0000;753.6172;3998755.5000
185.0491;278.4446;0.0000;751.7577;3998764.2500
186.6223;280.1108;0.0000;752.3107;3998773.5000
188.1023;280.9906;0.0000;752.6774;3998782.2500
189.7356;282.5968;0.0000;755.0573;3998791.5000
191.3689;283.6297;0.0000;752.8306;3998800.2500
193.0022;284.5095;0.0000;754.4240;3998809.5000
194.6355;286.1156;0.0000;751.8508;3998818.5000
196.2688;287.1487;0.0000;752.5842;3998827.5000
197.6887;287.9682;0.0000;752.6044;3998836.5000
199.3219;289.7878;0.0000;752.4309;3998845.5000
200.9552;290.6074;0.0000;752.7375;3998854.5000
203.3752;291.4871;0.0000;753.9312;3998863.5000
205.0084;292.4600;1.8394;754.4511;3998872.5000
206.5816;294.1263;0.0000;754.6646;3998881.5000
208.2149;294.9459;0.0000;752.2120;3998890.5000
209.7880;295.8256;0.0000;750.3121;3998899.5000
211.4214;296.6452;0.0000;750.4856;3998908.5000
213.7811;297.5249;0.0000;751.5457;3998917.5000
215.4144;298.4977;0.0000;751.1530;3998926.5000
216.9875;299.3775;0.0000;751.9055;3998935.2500
218.6208;300.1971;0.0000;754.8725;3998944.5000
220.3473;301.0767;0.0000;752.4053;3998953.2500
222.7672;301.8964;0.0000;750.9927;3998962.5000
224.3404;302.9294;0.0000;751.1859;3998971.2500
226.7602;302.9624;0.0000;752.4926;3998980.5000
228.4867;303.8421;0.0000;751.7864;3998989.2500
230.8464;304.8751;0.0000;751.5197;3998998.5000
232.5728;305.7548;0.7217;752.0929;3999007.2500
234.2061;305.9411;0.7217;751.7533;3999016.5000
236.5659;306.8208;0.0000;752.5197;3999025.2500
238.2924;307.8539;9.4390;752.8864;3999034.5000
239.8655;307.8868;0.0000;751.5245;3999043.2500
242.3785;308.7666;0.0000;754.0350;3999052.5000
243.9517;309.0129;0.0000;752.4750;3999061.5000
245.6781;309.8326;0.0000;754.0881;3999070.5000
248.0379;310.8655;0.0000;754.8215;3999079.5000
249.7643;310.9587;9.4390;753.7756;3999088.5000
252.2774;311.7783;0.0000;754.7555;3999097.5000
254.5769;312.0247;0.0000;754.4489;3999106.7500
256.3034;312.8443;0.0000;755.2025;3999115.5000
258.6631;312.9375;0.0000;755.7225;3999124.7500
260.3294;313.1839;0.0000;757.9890;3999133.5000
262.6891;313.2169;0.0000;757.7166;3999142.7500
264.2623;313.3101;0.0000;756.3627;3999151.5000
266.7152;313.3430;0.0000;754.8369;3999160.7500
268.2884;313.4362;0.0000;757.2637;3999169.5000
270.7412;313.4692;0.0000;757.3298;3999178.7500
272.3144;313.5623;0.0000;757.4973;3999187.5000
273.9807;313.5953;9.4390;756.1174;3999196.5000
276.2803;313.6885;0.0000;756.5703;3999205.5000
277.9466;313.7817;0.0000;755.5374;3999214.5000
279.5198;313.8146;0.0000;757.3036;3999223.5000
281.9726;313.9077;0.0000;755.6575;3999232.5000
283.4255;313.9408;0.0000;757.3840;3999241.5000
285.0918;314.0339;0.0000;757.1446;3999250.5000
287.5447;314.0669;0.0000;756.2578;3999259.7500
289.0577;314.0068;0.0000;757.8709;3999268.5000
290.6639;314.0397;0.0000;760.2047;3999277.7500
292.3301;314.1329;0.0000;758.7117;3999286.5000
294.7229;313.2261;0.0000;757.7246;3999295.7500
296.3893;313.3192;0.0000;758.0312;3999304.5000
298.0555;313.2591;0.7217;758.5112;3999313.7500
300.4483;313.2921;0.0000;759.7577;3999322.5000
302.1146;312.5986;0.7217;758.3580;3999331.7500
303.7809;312.5384;0.0000;759.3580;3999340.5000
305.3871;311.7849;0.7217;759.7577;3999349.7500
307.0533;311.8780;0.0000;759.4182;3999358.5000
308.6595;311.0313;0.7217;760.2047;3999367.7500
310.2657;311.0644;0.0000;760.5783;3999376.5000
311.9320;310.2177;0.0000;759.2649;3999385.7500
313.5381;309.5242;0.0000;761.2116;3999394.5000
315.2976;309.4640;0.0000;761.0312;3999403.7500
316.9037;308.5572;0.0000;760.4181;3999412.5000
318.5700;307.8637;0.0000;761.2446;3999421.7500
320.3295;307.0170;0.0000;760.0583;3999430.5000
321.9356;306.1102;0.0000;765.2979;3999439.5000
323.6951;305.2634;0.0000;761.6714;3999448.5000
326.1480;304.5700;0.0000;761.9050;3999457.5000
328.5407;302.9367;0.0000;762.9380;3999467.2500
330.3002;302.0900;0.0000;764.1313;3999476.5000
332.7531;300.4567;0.0000;762.5984;3999485.2500
335.1459;299.7632;0.0000;764.0312;3999494.5000
336.7520;298.1300;0.0000;763.3448;3999503.5000
339.2049;297.2833;0.0000;764.1185;3999512.5000
340.8111;295.8032;0.0000;766.0643;3999521.5000
343.2039;294.1699;0.0000;764.7847;3999530.5000
344.8099;293.3232;0.0000;764.5714;3999539.5000
346.4161;291.8432;0.0000;765.9711;3999548.5000
348.8089;290.9964;0.0000;766.9050;3999557.5000
350.4150;289.3632;9.4390;767.9312;3999566.5000
352.8078;288.6697;0.0000;768.3378;3999575.5000
354.4741;287.0364;0.0000;766.9913;3999584.5000
356.7135;285.4031;10.1606;768.8508;3999593.5000
359.1062;283.9232;0.0000;769.1244;3999602.5000
360.7125;281.5033;0.0000;768.3580;3999611.5000
362.9519;279.9301;0.0000;771.3308;3999620.5000
365.4048;278.2968;0.0000;771.4512;3999629.5000
367.7975;276.0302;0.0000;770.9312;3999638.2500
370.1902;274.3969;0.0000;771.4512;3999647.5000
372.6432;272.8237;0.0000;771.0242;3999656.2500
374.2493;270.5571;0.0000;772.3909;3999665.5000
376.6421;268.9239;0.0000;772.1573;3999674.2500
379.0348;266.5641;0.0000;772.7177;3999683.5000
381.4276;264.1442;0.0000;773.5772;3999692.2500
383.0338;262.6642;0.0000;773.9769;3999701.5000
385.3333;260.2443;0.0000;776.4772;3999710.2500
386.9395;257.8845;0.0000;776.4569;3999719.5000
389.3322;255.4647;0.0000;775.9769;3999728.2500
391.7250;253.8314;0.0000;777.3367;3999737.5000
393.4844;251.4716;0.0000;778.0430;3999746.5000
395.0906;249.2050;0.0000;783.1493;3999755.5000
396.6967;247.5718;0.0000;780.5219;3999764.5000
398.3029;245.2120;0.7217;783.6091;3999773.5000
399.1225;242.8522;0.0000;785.9890;3999782.5000
399.8819;240.4324;0.0000;783.2425;3999791.5000
401.4881;238.0727;0.0000;784.0089;3999800.5000
402.3076;235.8060;0.0000;784.5090;3999809.5000
403.0671;233.4463;0.0000;786.4287;3999818.5000
403.8867;231.8732;0.7217;786.5820;3999827.5000
404.7063;229.4533;0.0000;787.0620;3999836.5000
404.7393;227.0936;0.0000;791.7614;3999845.5000
405.4987;223.9472;0.0000;789.2483;3999854.5000
406.3184;221.5874;0.0000;789.1882;3999863.5000
406.2912;219.2277;0.0000;792.1611;3999872.5000
406.4774;216.8680;0.7217;792.1812;3999881.2500
406.5105;215.2346;9.4390;793.8875;3999890.5000
406.4833;213.0282;9.4390;797.6470;3999899.2500
406.5164;211.4551;0.0000;798.5139;3999908.5000
405.7628;209.0953;0.0000;797.4006;3999917.2500
405.0092;206.7356;0.0000;785.6619;3999926.5000
404.2556;205.1625;0.7217;802.4468;3999935.2500
403.5020;202.8027;0.0000;805.6661;3999944.5000
402.6884;200.4429;0.0000;807.6260;3999953.2500
401.1482;198.1433;0.0000;807.6862;3999962.5000
400.3946;196.5702;0.0000;810.2322;3999971.2500
399.7341;194.0571;0.0000;809.3524;3999980.5000
398.0407;191.6974;0.0000;812.8054;3999989.2500
397.3802;189.3978;0.0000;810.5388;3999998.5000
395.8401;187.0381;0.0000;810.5590;4000007.5000
394.2398;184.6784;0.0000;810.4457;4000016.5000
392.6996;182.2255;0.0000;811.0588;4000025.5000
391.9461;179.0791;0.0000;810.9858;4000034.5000
390.3458;176.7795;0.0000;811.7852;4000043.5000
388.8057;174.2666;0.0000;810.9987;4000052.5000
387.2655;171.9669;0.0000;810.8123;4000061.5000
385.8185;169.6673;0.0000;812.9385;4000070.5000
384.2783;167.1543;0.0000;811.8453;4000079.5000
382.7382;164.0681;0.0000;812.6389;4000088.5000
381.2911;161.6152;0.0000;813.4584;4000097.5000
379.7509;159.3156;0.0000;810.8123;4000106.5000
377.5775;156.0762;0.0000;813.0587;4000115.5000
376.0373;153.7766;0.0000;816.0918;4000124.2500
374.4973;151.3237;0.0000;813.6319;4000133.5000
373.1705;149.0241;0.0000;814.1519;4000142.2500
370.8438;146.5712;0.0000;812.5457;4000151.5000
369.3036;144.2716;0.0000;812.2664;4000160.2500
367.1301;141.8187;0.0000;813.4254;4000169.5000
364.8033;139.5191;0.0000;811.7864;4000178.2500
362.4767;137.0662;0.0000;811.3925;4000187.5000
360.3633;134.6133;0.0000;814.0986;4000196.2500
357.2501;133.1003;9.4390;810.6862;4000205.5000
354.9233;130.6474;0.0000;812.6990;4000214.2500
352.8100;129.1344;0.0000;812.0988;4000223.5000
349.6967;126.6815;0.0000;811.6058;4000232.2500
347.4300;124.3819;0.0000;812.2190;4000241.5000
344.5301;122.7157;0.0000;811.0657;4000250.5000
341.4770;120.4161;0.0000;812.0056;4000259.5000
338.3637;118.7497;0.0000;812.6788;4000268.5000
335.4637;116.4502;0.0000;811.0657;4000277.5000
332.4106;114.8440;0.0000;810.8322;4000286.5000
329.5708;113.3309;0.0000;814.0716;4000295.5000
325.7310;110.9382;0.0000;809.1860;4000304.5000
322.6779;109.4251;0.0000;811.2190;4000313.5000
318.8381;107.8190;0.0000;804.7529;4000322.5000
315.7850;106.3661;0.7217;811.8523;4000331.5000
311.9452;104.7599;0.0000;811.7720;4000340.5000
308.1055;103.3070;0.0000;813.0988;4000349.5000
304.4791;101.7009;0.0000;809.8594;4000358.5000
300.6393;101.0346;0.0000;810.2590;4000367.5000
296.7996;99.4284;0.0000;807.5927;4000376.5000
292.2334;98.6089;0.0000;808.7459;4000385.5000
287.6071;97.8825;0.0000;810.5055;4000394.5000
282.9807;97.0628;0.0000;809.3394;4000403.5000
278.3544;96.2433;0.0000;810.1659;4000412.5000
274.5146;95.5770;0.0000;809.5123;4000421.5000
269.9484;95.4838;0.0000;808.7459;4000430.5000
265.3221;94.6642;0.0000;810.6257;4000439.5000
260.5425;94.6312;0.0000;814.4724;4000448.7500
255.9161;93.8116;0.0000;808.2058;4000457.5000
251.2897;93.8388;0.0000;809.6656;4000466.7500
245.8769;93.8057;0.0000;809.2989;4000475.5000
241.4038;93.7728;0.0000;811.2389;4000484.7500
236.0510;93.5864;0.0000;810.9653;4000493.5000
230.6381;93.6136;0.0000;808.9323;4000502.7500
226.0118;93.5806;0.0000;809.3921;4000511.5000
221.3854;93.5476;0.0000;813.6315;4000520.7500
216.8193;93.5747;0.0000;810.2919;4000529.5000
211.4063;94.3283;0.0000;809.3319;4000538.7500
206.7800;94.2953;0.0000;807.9449;4000547.5000
202.2138;94.8956;0.0000;806.3921;4000556.7500
198.2809;95.7094;0.0000;811.2447;4000565.5000
193.6545;96.4629;0.0000;808.4581;4000574.7500
189.2416;97.1233;0.0000;807.0312;4000583.5000
184.6755;97.8770;0.0000;807.7917;4000592.7500
180.8958;99.2638;0.0000;808.2979;4000601.5000
176.4227;100.6507;0.0000;806.6704;4000610.7500
172.6431;101.3111;0.0000;807.0701;4000619.5000
168.8635;102.8512;0.0000;805.7837;4000628.5000
165.0839;104.2982;0.0000;806.8567;4000637.5000
160.5177;105.8384;0.0000;806.9498;4000646.5000
156.6449;108.0720;0.0000;805.0903;4000655.5000
152.8653;109.6122;0.0000;806.7365;4000664.5000
148.2991;111.8457;0.0000;804.7035;4000673.5000
144.5796;113.2326;0.0000;804.7635;4000682.5000
140.1667;115.4061;0.0000;805.4900;4000691.7500
136.4472;117.6397;0.0000;803.8769;4000700.5000
133.6074;119.0266;1.8394;805.2437;4000709.7500
130.6746;121.4135;0.0000;806.5831;4000718.5000
128.5283;123.5869;10.1606;799.0041;4000727.7500
125.5954;125.7604;10.1606;804.2437;4000736.5000
122.6023;127.2074;0.7217;805.2242;4000745.7500
120.4560;130.1674;0.0000;807.1761;4000755.5000
118.1564;132.4941;0.0000;808.6359;4000764.5000
116.7967;134.7277;0.0000;808.5156;4000773.5000
115.2837;137.6878;0.0000;807.7291;4000782.5000
113.9238;140.6478;0.0000;808.9754;4000791.5000
112.5641;143.6079;0.0000;808.5156;4000800.5000
111.1443;146.5679;0.0000;808.5758;4000809.5000
110.5711;150.3145;0.0000;810.4354;4000818.5000
109.9980;153.1213;9.4390;811.2623;4000827.2500
108.6382;156.1415;0.0000;810.3954;4000836.5000
107.9118;159.8881;0.0000;812.7952;4000845.2500
107.2784;162.8481;0.0000;811.5087;4000854.5000
107.3386;165.6548;0.0000;813.6018;4000863.2500
106.6122;168.6149;0.0000;812.1218;4000872.5000
106.6723;171.5749;0.0000;814.6550;4000881.2500
106.7325;175.3215;0.0000;812.1820;4000890.5000
106.7926;178.2815;0.0000;813.2952;4000899.2500
107.4860;182.0282;0.7217;812.7550;4000908.5000
108.3327;184.9281;0.0000;813.2091;4000917.2500
109.0262;188.6747;0.0000;814.0419;4000926.5000
109.8729;192.2680;0.7217;811.5688;4000935.5000
110.5663;196.0147;0.0000;811.7222;4000944.5000
112.0464;199.7613;0.0000;808.2894;4000953.5000
112.7999;202.7213;0.0000;811.2623;4000962.5000
114.2800;206.4077;0.0000;808.2692;4000971.5000
115.7599;210.0011;0.7217;801.3033;4000980.5000
117.3001;213.6875;0.0000;806.0629;4000989.5000
118.7801;217.4342;0.0000;803.4838;4000998.5000
120.1670;221.1207;0.0000;804.4166;4001007.5000
122.4336;225.6539;0.0000;802.2373;4001016.5000
123.8204;229.3404;9.4390;801.3837;4001025.5000
125.2073;233.1801;0.0000;802.1702;4001034.5000
126.5341;236.8666;0.0000;802.6902;4001043.5000
127.9209;240.7064;0.0000;801.8636;4001052.5000
129.2477;244.4530;0.0000;807.1963;4001061.5000
131.5745;248.2927;0.0000;805.0499;4001070.2500
133.6877;252.1325;0.0000;803.4368;4001079.5000
135.8612;255.8791;0.0000;805.1100;4001088.2500
137.9745;258.9323;0.0000;804.1100;4001097.5000
141.0878;262.8321;0.0000;803.8035;4001106.2500
143.2011;266.5187;9.4390;805.8695;4001115.5000
146.2544;270.3583;0.0000;806.3367;4001124.2500
149.2144;273.4717;0.0000;804.8966;4001133.5000
152.1142;277.1582;0.0000;806.2032;4001142.2500
154.2877;280.2113;0.7217;804.5560;4001151.5000
157.3409;283.2645;0.0000;808.8897;4001160.2500
160.3010;287.1043;0.0000;807.4097;4001169.5000
163.2008;290.1575;0.0000;804.7374;4001178.2500
166.1609;293.9371;0.0000;805.8967;4001187.5000
169.2141;296.9904;0.0000;807.3165;4001196.5000
172.3273;300.1036;9.4390;806.1090;4001205.5000
176.0138;303.1567;9.4390;806.9899;4001214.5000
179.1272;306.2099;19.5996;805.7434;4001223.5000
182.8738;308.4766;0.0000;806.2032;4001232.5000
186.7135;310.7431;0.0000;807.4497;4001241.5000
191.2467;313.0098;0.0000;806.8567;4001250.5000
195.7799;314.4296;0.0000;806.8035;4001259.5000
200.2529;315.7563;0.0000;809.0228;4001268.5000
204.9395;317.2364;0.0000;807.0701;4001277.5000
209.3194;318.7164;0.7217;807.6230;4001286.5000
214.7924;320.1964;0.0000;808.1031;4001295.5000
219.3256;320.8297;0.0000;808.5831;4001304.5000
224.6454;322.3098;0.0000;809.4097;4001313.2500
229.1786;323.7898;0.0000;808.4640;4001322.5000
234.4984;324.3299;0.7217;808.8897;4001331.2500
239.9714;325.7498;0.0000;805.1500;4001340.5000
245.2912;326.4432;0.0000;808.0903;4001349.2500
250.7643;327.0765;0.0000;808.6433;4001358.5000
256.2975;327.7700;9.4390;810.8896;4001367.2500
262.4038;327.6768;0.0000;810.7566;4001376.5000
267.8769;328.3101;0.0000;811.3096;4001385.2500
273.9832;328.2170;0.7217;811.6364;4001394.5000
280.2429;328.2771;0.0000;811.2367;4001403.2500
286.3492;328.9705;0.7217;812.6965;4001412.5000
292.5157;328.8172;0.0000;813.9029;4001421.2500
298.7753;328.0908;0.0000;813.1163;4001430.5000
304.8817;327.9977;0.7217;815.5161;4001439.5000
310.2015;327.8444;0.0000;813.1365;4001448.5000
316.3078;326.9646;0.0000;814.5964;4001457.5000
322.4744;326.1781;0.0000;815.6895;4001466.5000
328.5807;325.2983;0.0000;809.3240;4001475.5000
333.9005;323.7252;9.4390;817.4963;4001484.5000
340.8536;322.9386;0.0000;816.6166;4001493.5000
346.0200;321.3655;0.0000;816.0034;4001502.5000
352.1264;319.6390;0.0000;816.5564;4001511.5000
357.2928;318.0659;0.0000;818.7628;4001520.5000
362.4594;316.4927;0.0000;819.0566;4001529.5000
368.2592;314.9196;0.0000;818.9161;4001538.5000
373.4256;312.5599;9.4390;818.0566;4001547.5000
378.5922;310.9867;0.0000;820.8160;4001556.2500
383.9120;308.6270;0.0000;818.8831;4001565.5000
389.0785;307.0538;0.0000;818.9034;4001574.2500
395.1848;304.8473;0.0000;820.3961;4001583.5000
400.5046;302.4875;0.0000;821.1827;4001592.2500
404.8845;300.9145;0.0000;820.6298;4001601.5000
410.2043;298.5546;0.0000;822.9692;4001610.2500
415.3708;296.1949;0.0000;823.1427;4001619.5000
419.9040;293.8352;0.0000;822.2631;4001628.2500
424.2237;291.4754;0.0000;823.6627;4001637.5000
428.7570;289.0556;0.0000;823.2620;4001646.2500
432.3503;286.6957;0.0000;823.9895;4001655.5000
436.0969;284.3360;0.0000;825.2961;4001664.2500
438.9037;282.1296;0.0000;828.0959;4001673.7500
441.8636;279.7097;0.0000;826.8680;4001682.5000
444.7635;276.5634;0.0000;829.1357;4001691.7500
446.9370;274.2036;0.0000;828.3693;4001700.5000
449.0504;271.1505;0.0000;829.2891;4001709.7500
450.4372;268.7907;0.0000;830.3965;4001718.5000
451.8241;265.6444;0.0000;830.7893;4001727.7500
453.2110;262.4380;0.0000;833.2821;4001736.5000
454.5979;259.2917;0.0000;834.0287;4001745.7500
455.9246;256.8718;0.0000;835.1218;4001754.5000
457.3115;253.8788;0.0000;840.3013;4001763.7500
457.9118;250.7324;0.0000;839.1351;4001772.5000
459.2385;247.6792;0.0000;834.9026;4001781.7500
460.6254;244.5329;0.0000;837.2753;4001790.5000
461.0122;241.4798;0.0000;838.5289;4001799.7500
462.3991;238.3334;0.0000;837.7552;4001808.5000
462.9393;235.2803;0.0000;839.9286;4001817.5000
463.3863;232.2872;0.0000;837.4156;4001826.5000
463.9265;229.2341;0.0000;838.5087;4001835.5000
463.7401;226.1808;0.0000;843.5349;4001844.5000
463.4006;223.0345;0.0000;839.9286;4001853.5000
463.1541;219.9813;0.0000;842.4214;4001862.5000
462.9680;217.7749;0.0000;841.9818;4001871.5000
462.7816;215.5083;0.0000;844.1682;4001880.7500
462.3818;212.4551;0.0000;845.4146;4001889.5000
462.1956;210.2487;0.0000;845.6481;4001898.7500
461.8561;207.9820;0.0000;847.6812;4001907.5000
460.8832;205.7155;0.0000;852.1872;4001916.7500
460.5437;203.5090;0.0000;849.3676;4001925.5000
459.5106;202.0290;9.4390;855.7933;4001934.7500
458.3845;199.7623;9.4390;852.5811;4001943.5000
458.1982;197.7092;0.0000;847.2884;4001952.7500
457.1652;196.2291;0.0000;853.0137;4001961.5000
456.9789;194.7492;0.0000;841.1421;4001970.7500
455.9459;192.6358;0.0000;861.2062;4001979.5000
454.8197;191.1559;0.0000;865.0259;4001988.7500
454.6334;189.8291;0.0000;865.1663;4001997.5000
453.6005;188.3491;0.0000;867.3526;4002006.7500
453.6277;186.8690;0.0000;865.9327;4002015.5000
452.7479;185.3891;0.0000;867.0460;4002024.7500
451.9283;184.6956;0.0000;869.5330;4002033.5000
452.0485;183.2156;0.0000;872.4978;4002043.5000
451.1689;182.5222;0.0000;869.0460;4002052.2500
451.1358;181.7686;0.0000;870.3855;4002061.5000
450.2561;181.0752;0.7217;870.4058;4002070.2500
450.2230;180.5350;0.0000;870.8656;4002079.5000
449.3434;180.7814;0.7217;870.5990;4002088.2500
449.3103;180.2412;0.0000;868.9858;4002097.5000
449.0639;180.3344;0.0000;861.0940;4002106.2500
448.9708;180.7341;0.7217;837.5297;4002115.5000
448.7845;180.9805;0.0000;785.8218;4002124.5000
448.6914;181.2269;0.0000;705.4172;4002133.5000
449.3849;181.4734;0.0000;606.0286;4002142.5000
449.1384;181.7198;0.0000;241.6286;4002151.5000
31.3712;40.3818;0.0000;208.4789;738796.8125
31.2780;40.7815;0.0000;207.9861;738798.6875
31.1850;41.0279;0.0000;208.6594;738800.6875
31.0918;41.2142;0.0000;208.8126;738802.6250
30.8453;41.6139;0.0000;208.3198;738804.5625
30.7522;41.8603;0.7217;208.5061;738806.4375
30.5058;42.1068;0.0000;208.7797;738808.3750
30.4127;42.3532;0.0000;208.3198;738810.3125
30.2594;42.5395;0.0000;208.8728;738812.1875
30.1662;42.6326;0.0000;208.3528;738814.1250
30.2263;42.8791;0.0000;208.1064;738816.0000
30.1332;43.1254;0.0000;208.7196;738818.0000
30.0401;43.3719;0.0000;208.3470;738819.8750
30.1002;43.5582;0.0000;207.9531;738821.7500
30.1603;43.8046;0.0000;208.6264;738823.6875
30.0672;44.0510;0.0000;207.8600;738825.6250
30.1274;44.4507;0.0000;208.5663;738827.5625
30.0342;44.6370;0.0000;208.1995;738829.5000
29.9410;45.0367;0.0000;208.0133;738831.4375
29.8479;45.2831;0.0000;208.6594;738833.3125
29.9081;45.6227;0.0000;208.4130;738835.2500
29.9682;45.8691;0.0000;207.8600;738837.1875
29.8750;46.2688;0.0000;208.8339;738839.0625
29.7819;46.4551;0.0000;207.5806;738841.0000
29.8421;46.7015;0.0000;207.7940;738842.9375
29.6888;47.1013;0.0000;208.6806;738844.8750
29.7489;47.3476;1.8394;207.3011;738846.7500
29.6558;47.5340;1.8394;208.4012;738848.6875
29.6558;47.9337;0.0000;208.2208;738850.5625
29.7159;48.1800;1.8394;205.3084;738852.5000
29.7760;48.4265;0.0000;205.4948;738854.5000
29.7760;48.7661;0.0000;204.9417;738856.3750
29.8362;49.0125;0.0000;204.8816;738858.3125
29.8964;49.2589;0.0000;205.8615;738860.2500
29.9565;49.6586;0.0000;205.5219;738862.1875
29.9565;49.9051;0.0000;205.3415;738864.0625
30.0166;50.2446;0.0000;205.9216;738865.9375
30.0767;50.4910;0.0000;204.3617;738867.9375
30.1369;50.8908;0.0000;204.8215;738869.8125
30.2902;51.1371;0.0000;206.1350;738871.7500
30.3503;51.5369;0.0000;205.0019;738873.6250
30.5637;51.9366;0.0000;204.9748;738875.5625
30.6238;52.1830;0.0000;204.8215;738877.5000
30.8373;52.5226;0.7217;204.7225;738879.3750
30.9906;52.9223;0.7217;205.0950;738881.3750
31.0507;53.1687;0.7217;205.1551;738883.2500
31.2040;53.5684;0.0000;205.0019;738885.2500
31.4174;53.9681;0.0000;205.4016;738887.1250
31.6308;54.2145;0.0000;204.6352;738889.0625
31.6308;54.6143;0.0000;204.9417;738890.9375
31.8443;54.8005;0.0000;205.7353;738892.8750
32.0577;55.0469;0.0000;204.3617;738894.8125
32.4244;55.2933;0.0000;204.9748;738896.6875
32.6377;55.5398;0.0000;205.0950;738898.6250
32.9443;55.7862;0.0000;204.5150;738900.5000
33.3111;55.9724;0.0000;205.4617;738902.5000
33.5245;56.3722;0.0000;204.8816;738904.3750
33.8912;56.6186;0.0000;205.0349;738906.3125
34.2578;56.8049;0.0000;205.2814;738908.2500
34.6847;57.0513;0.0000;204.5751;738910.1875
35.0514;57.4510;0.0000;205.0349;738912.1250
35.2648;57.6975;0.0000;205.6480;738914.0000
35.6316;57.9438;0.0000;204.8156;738915.9375
35.9982;58.1302;0.0000;205.1882;738917.8125
36.2116;58.3766;0.0000;205.6150;738919.7500
36.4250;58.6230;0.0000;205.1882;738921.6875
36.6385;58.8694;0.0000;205.4346;738923.5625
36.7918;59.1159;0.0000;205.2814;738925.5000
37.0052;59.3623;0.0000;205.2814;738927.4375
37.2186;59.6087;0.0000;205.7412;738929.3750
37.4320;59.8551;0.0000;204.8816;738931.2500
37.6455;60.1016;0.0000;204.2084;738933.1875
38.0122;60.3480;0.0000;206.3543;738935.1250
38.1654;60.5013;0.0000;205.5879;738937.0625
38.3788;60.7476;0.0000;205.7412;738939.0000
38.7456;60.8408;0.0000;206.0748;738940.8750
38.9590;60.9340;0.0000;205.3084;738942.8125
39.2656;61.2405;0.0000;205.8945;738944.7500
39.4790;61.3337;0.0000;205.8945;738946.6875
39.8456;61.6403;0.0000;205.4346;738948.5625
39.9989;61.7333;0.0000;206.3543;738950.4375
40.3657;61.8866;0.0000;205.8013;738952.4375
40.6722;62.1331;0.0000;206.1079;738954.3125
40.8856;62.2863;0.0000;206.4533;738956.2500
41.1922;62.5328;0.0000;205.7082;738958.1250
41.5589;62.6861;0.0000;206.4144;738960.0625
41.9256;62.7792;0.0000;206.3601;738962.0625
42.2321;62.8723;0.0000;206.2281;738963.9375
42.5989;63.1789;0.0000;206.8412;738965.8750
42.9054;63.2720;0.0000;207.1478;738967.8750
43.2721;63.4253;0.0000;207.3613;738969.8750
43.5787;63.3652;0.0000;207.3011;738971.7500
43.9454;63.5185;0.0000;207.2080;738973.6875
44.3120;63.6718;0.0000;207.4214;738975.6250
44.4653;63.6117;0.0000;207.7609;738977.5625
44.8321;63.7649;0.0000;206.9014;738979.5000
45.1387;63.8580;0.0000;208.1218;738981.3750
45.6586;63.8580;0.0000;208.4284;738983.3125
46.0253;63.7979;0.0000;207.7221;738985.1875
46.4851;63.9512;0.0000;208.4613;738987.1875
46.9450;63.9512;0.0000;207.9685;738989.0625
47.3117;63.9512;0.0000;208.6961;738991.0000
47.7715;64.0443;0.0000;208.5757;738992.9375
48.2313;64.0443;0.7217;208.6961;738994.8750
48.6912;64.0443;0.0000;208.9696;738996.8125
49.1510;64.1976;0.0000;209.5827;738998.6875
49.7642;64.1976;0.0000;207.9898;739000.6250
50.2842;64.3509;0.0000;209.4625;739002.6250
50.7440;64.3509;0.7217;210.1298;739004.5000
51.2640;64.2908;0.0000;208.6630;739006.4375
51.7239;64.2908;0.7217;210.2501;739008.3125
52.3971;64.2306;0.0000;210.0037;739010.3125
52.8569;64.3839;0.0000;208.9967;739012.1875
53.5302;64.3839;0.0000;210.2772;739014.1250
53.9900;64.3237;0.0000;209.9436;739016.0000
54.6633;64.3237;1.8394;209.5827;739017.8750
55.1232;64.3237;0.0000;210.6440;739019.8750
55.7363;64.3237;0.0000;210.2442;739021.7500
56.1962;64.3237;2.5610;210.4907;739023.6875
56.8093;64.3237;0.0000;210.7370;739025.5625
57.4224;64.3237;0.7217;209.9494;739027.5000
58.0956;64.3237;0.0000;208.5449;739029.5000
58.7088;64.3237;0.0000;206.1335;739031.3750
59.3219;64.3839;0.0000;202.7057;739033.3125
59.9951;64.5042;0.0000;197.6929;739035.1875
60.4550;64.5643;0.7217;183.9695;739037.1875
37.5539;52.1156;0.0000;154.3541;1203.8700
38.0137;52.1156;0.0000;154.6607;1205.2496
38.6268;52.1156;0.0000;154.2008;1206.6292
39.0867;52.1156;0.0000;154.8139;1208.0087
39.5465;51.9623;0.0000;155.1205;1209.3882
40.1597;51.9623;0.0000;154.3541;1210.7677
40.6195;51.9623;0.0000;154.9672;1212.1472
41.2326;51.8090;0.0000;155.4271;1213.5267
41.8457;51.8090;0.0000;154.6607;1214.9062
42.3056;51.8090;0.0000;155.5804;1216.2858
42.9187;51.6557;0.0000;155.1205;1217.6654
43.5318;51.6557;0.0000;154.9672;1219.0449
43.9917;51.5025;0.0000;155.5804;1220.4244
44.4515;51.5025;0.0000;154.8139;1221.8040
45.0647;51.3492;0.0000;155.7336;1223.1835
45.5245;51.3492;0.0000;156.0402;1224.5630
45.9843;51.1959;0.0000;154.8139;1225.9425
46.2909;51.0426;0.0000;155.7336;1227.3220
46.7507;50.8893;0.0000;156.1935;1228.7015
47.2106;50.7361;0.0000;156.1935;1230.0812
47.5172;50.7361;0.0000;156.8066;1231.4607
47.8237;50.5828;0.0000;156.8066;1232.8402
48.1303;50.2762;0.0000;156.8066;1234.2197
48.4368;50.1229;0.0000;156.8066;1235.5992
48.7434;49.9697;0.0000;156.8066;1236.9788
49.0500;49.8164;0.0000;156.8066;1238.3583
49.5098;49.6631;0.0000;156.8066;1239.7378
49.8164;49.5098;0.0000;156.8066;1241.1173
50.1229;49.2032;0.0000;156.8066;1242.4969
50.4295;49.0500;0.0000;156.8066;1243.8765
50.7361;48.7434;0.0000;156.8066;1245.2560
51.1959;48.4368;0.0000;156.8066;1246.6355
51.5025;48.2836;0.0000;156.8066;1248.0150
51.6557;47.9770;0.0000;156.8066;1249.3945
51.9623;47.6704;0.0000;156.8066;1250.7740
52.2689;47.3639;0.0000;156.8066;1252.1536
52.7287;47.0573;0.0000;156.8066;1253.5331
53.0353;46.7507;1.8394;156.8066;1254.9127
53.3418;46.4442;0.0000;156.8066;1256.2922
53.6484;46.1376;0.0000;156.8066;1257.6718
53.8017;45.8311;0.0000;156.8066;1259.0513
54.1082;45.5245;0.0000;156.8066;1260.4308
54.2615;45.2179;0.0000;156.8066;1261.8103
54.5681;44.9114;0.0000;156.8066;1263.1898
54.7214;44.6048;0.0000;156.8066;1264.5693
55.0279;44.2982;0.0000;156.8066;1265.9489
55.1812;43.9917;0.0000;156.8066;1267.3285
55.4878;43.6851;0.0000;156.8066;1268.7080
55.6411;43.2253;0.0000;156.8066;1270.0875
55.9476;42.9187;0.0000;156.8066;1271.4670
56.1009;42.6122;0.0000;156.8066;1272.8466
56.2542;42.3056;0.0000;156.8066;1274.2261
56.4075;41.9990;0.0000;156.8066;1275.6056
56.5607;41.6925;0.0000;156.8066;1276.9851
56.7140;41.3859;0.0000;156.8066;1278.3647
56.8673;41.0793;0.0000;156.8066;1279.7443
57.0206;40.6195;0.0000;156.8066;1281.1238
57.3271;40.3129;0.0000;156.8066;1282.5033
57.6337;39.8531;0.0000;156.8066;1283.8828
57.7870;39.3933;0.0000;156.8066;1285.2623
58.0936;39.0867;0.0000;156.8066;1286.6418
58.4001;38.6268;0.0000;156.8066;1288.0214
58.5534;38.3203;0.0000;156.8066;1289.4009
58.8600;37.8604;0.0000;156.8066;1290.7805
59.0132;37.5539;0.0000;156.8066;1292.1600
59.1665;37.2473;0.0000;156.8066;1293.5396
59.3198;36.9408;0.0000;156.8066;1294.9191
59.4731;36.6342;0.0000;156.8066;1296.2986
59.6264;36.3276;0.0000;156.8066;1297.6781
59.9329;35.8678;0.0000;156.8066;1299.0576
60.0862;35.5612;0.0000;156.8066;1300.4371
60.2395;35.2547;0.0000;156.8066;1301.8167
60.5461;34.7948;0.0000;156.8066;1303.1963
60.6993;34.4883;0.0000;156.8066;1304.5758
61.0059;34.0284;0.0000;156.8066;1305.9553
61.1592;33.7219;0.0000;156.8066;1307.3348
61.4657;33.4153;0.0000;156.8066;1308.7144
61.6190;33.1087;0.0000;156.8066;1310.0939
61.7723;32.9554;0.0000;156.8066;1311.4734
61.9256;32.8022;0.0000;156.8066;1312.8529
62.0789;32.6489;0.0000;156.8066;1314.2324
62.2321;32.4956;0.0000;156.8066;1315.6121
62.3854;32.3423;1.8394;156.8066;1316.9916
62.3854;32.1890;0.0000;156.8066;1318.3711
62.5387;32.0358;1.8394;156.8066;1319.7506
62.5387;31.8825;0.0000;156.8066;1321.1301
62.5387;31.8825;0.0000;156.8066;1322.5096
62.6920;31.7292;0.0000;156.8066;1323.8892
62.6920;31.5759;0.0000;156.8066;1325.2687
62.8453;31.4226;0.0000;156.8066;1326.6482
62.9985;31.4226;0.0000;156.8066;1328.0278
62.9985;31.2694;0.0000;156.8066;1329.4073
63.1518;31.1161;0.0000;156.8066;1330.7869
63.1518;30.9628;0.0000;156.8066;1332.1664
63.3051;30.9628;0.0000;156.8066;1333.5459
63.3051;30.8095;0.0000;156.8066;1334.9254
63.3051;30.8095;0.0000;156.8066;1336.3049
63.4584;30.6562;0.0000;156.8066;1337.6844
63.4584;30.6562;0.0000;156.8066;1339.0640
63.4584;30.6562;0.0000;156.8066;1340.4436
63.6117;30.5029;0.0000;156.8066;1341.8231
63.6117;30.5029;0.0000;156.8066;1343.2026
63.6117;30.5029;0.0000;156.8066;1344.5822
63.6117;30.5029;0.0000;156.8066;1345.9617
63.6117;30.5029;0.0000;156.8066;1347.3412
63.6117;30.5029;0.0000;156.8066;1348.7207
63.6117;30.5029;0.0000;156.8066;1350.2535
63.6117;30.6562;0.0000;148.3761;1351.6331
63.6117;30.9628;0.0000;133.8144;1353.0126
63.4584;31.2694;0.0000;107.7566;1354.3921
63.1518;31.4226;1.8394;42.3056;1355.7716
