200.0615;202.9386;0.0000;7.6971;0.0000
200.0615;202.9386;0.0000;29.5446;7.0000
200.0615;202.9386;0.0000;41.1759;14.0000
200.0615;202.9386;0.0000;53.9132;21.0000
200.0615;202.9386;0.0000;77.1251;28.0000
200.0615;202.9386;0.0000;94.2755;35.0000
200.0615;202.9386;0.0000;105.4429;42.0000
200.0615;202.9386;0.0000;118.1188;49.0000
200.0615;202.9386;0.0000;122.4705;56.0000
200.1229;202.9386;0.0000;128.6378;63.0000
200.1229;202.9386;0.0000;139.2523;70.9386
200.1229;202.9386;0.0000;142.2968;77.9386
200.1843;202.9386;0.0000;151.8498;84.9386
200.1843;202.9386;0.0000;156.3413;91.9386
200.2458;202.8771;0.0000;156.3243;98.9386
200.2458;202.8771;0.0000;161.7544;105.9386
200.3072;202.8771;0.0000;165.1231;112.9386
200.3072;202.8157;0.0000;165.9218;119.9386
200.3072;202.8157;0.0000;171.9218;126.9386
200.3687;202.8157;0.0000;169.6591;133.9386
200.3687;202.8157;0.0000;172.1506;141.0000
200.4301;202.7542;0.0000;174.2735;148.0000
200.4301;202.7542;0.0000;171.0722;155.0000
200.4915;202.6928;0.0000;174.1951;162.0000
200.4915;202.6928;0.0000;176.1951;169.0000
200.4915;202.6928;0.0000;172.7481;176.0000
200.5530;202.6314;0.0000;177.5638;183.0000
200.5530;202.5699;0.0000;177.6252;190.0000
200.5530;202.5699;0.0000;176.0553;197.0000
200.5530;202.5085;0.0000;177.9324;204.0000
200.5530;202.5085;0.0000;176.2396;211.0000
200.5530;202.4470;0.0000;175.6697;218.0000
200.5530;202.4470;0.0000;181.3010;225.0000
200.5530;202.4470;0.0000;175.9769;232.0000
200.5530;202.3856;0.0000;179.0383;239.0000
200.5530;202.3856;0.0000;178.9154;246.0000
200.5530;202.3856;0.0000;176.4070;253.0000
200.5530;202.3242;0.0000;179.3455;260.9386
200.5530;202.3242;0.0000;178.2841;267.9386
200.5530;202.2627;0.0000;176.5298;274.9386
200.5530;202.2627;0.0000;179.4070;281.9386
200.5530;202.2627;0.0000;176.7756;288.9386
200.5530;202.2013;0.0000;178.0214;295.9386
200.5530;202.2013;0.0000;182.6527;302.9386
200.4915;202.2013;0.0000;178.2057;309.9386
200.4915;202.1398;0.0000;179.3286;316.9386
200.4915;202.1398;0.0000;181.1443;324.0000
200.4915;202.1398;0.0000;178.6358;331.0000
200.4915;202.1398;0.0000;180.5129;338.0000
200.4915;202.0784;0.0000;183.2672;345.0000
200.4915;202.0784;0.0000;180.6972;352.0000
200.4301;202.0784;0.0000;184.4515;359.0000
200.4301;202.0169;0.0000;181.6972;366.0000
200.4301;202.0169;0.0000;180.8816;373.0000
200.4301;202.0169;0.0000;184.6358;380.0000
200.3687;202.0169;0.0000;181.0659;387.0000
200.3687;201.9555;0.0000;181.2502;394.0000
200.3687;201.9555;0.0000;184.8201;401.0000
200.3072;201.9555;0.0000;179.6189;408.0000
200.3072;201.9555;0.0000;185.0044;415.0000
200.3072;201.9555;0.0000;185.1888;422.0000
200.3072;201.8941;0.0000;181.4960;429.0000
200.2458;201.8941;0.0000;185.2502;436.0000
200.2458;201.8941;0.0000;182.4345;443.9386
200.2458;201.8941;0.0000;180.6803;450.9386
200.2458;201.8941;0.0000;182.5574;457.9386
200.2458;201.8941;0.0000;178.9261;464.9386
200.1843;201.8326;0.0000;179.9875;471.9386
200.1843;201.8326;0.0000;181.6803;478.9386
200.1229;201.8326;0.0000;178.2333;485.9386
200.1229;201.8326;0.0000;181.9261;492.9386
200.0615;201.8326;0.0000;182.8032;499.9386
200.0615;201.8326;0.0000;179.2333;506.9386
200.0615;201.8326;0.0000;182.1718;514.0000
200.0000;201.8326;0.0000;182.1718;521.0000
200.0000;201.7712;0.0000;179.6019;528.0000
199.9386;201.7712;0.0000;183.2947;535.0000
199.9386;200.8326;0.0000;180.6633;542.0000
199.9386;200.8326;0.0000;181.7863;549.0000
199.8771;200.8326;0.0000;185.4176;556.0000
199.8771;200.8326;0.0000;179.9706;563.0000
199.8771;200.7712;0.0000;182.8477;570.0000
199.8157;200.7712;0.0000;185.5405;577.0000
199.8157;200.7712;0.0000;180.0934;584.0000
199.7543;200.7712;0.0000;182.0320;591.0000
199.7543;200.7712;0.0000;182.9091;598.0000
199.6928;200.7712;0.0000;181.2163;605.0000
199.6928;200.7712;0.0000;183.9091;612.0000
199.6314;200.7712;0.0000;181.2163;619.0000
199.6314;200.7712;0.0000;183.4007;626.9386
199.6314;201.7097;0.0000;188.8477;633.9386
199.5699;201.7097;0.0000;188.8477;640.9385
199.5699;201.7097;0.0000;194.7248;647.9386
199.5699;201.7097;0.0000;198.2947;654.9386
199.5085;201.7097;0.0000;194.7248;661.9386
199.5085;201.7097;0.0000;198.2947;668.9386
199.5085;201.7097;0.0000;199.3562;675.9386
199.4470;201.7097;0.0000;199.5405;682.9386
199.4470;201.7097;0.0000;204.8646;689.9385
199.3856;201.7097;0.0000;203.1104;697.0001
199.3856;201.7097;0.0000;204.2947;704.0000
199.3856;201.7097;0.0000;208.8032;711.0000
199.3242;201.7097;0.0000;206.1104;718.0001
199.3242;201.7097;0.0000;207.0490;725.0000
199.2627;201.7712;0.0000;210.6803;732.0000
199.2627;201.7712;0.0000;208.0490;739.0000
199.2627;201.7712;0.0000;211.8646;746.0000
199.2013;201.7712;0.0000;211.7417;753.0000
199.2013;201.7712;0.0000;208.0490;760.0000
199.1398;200.8326;0.0000;213.7417;767.0000
200.0784;200.8326;0.0000;212.8646;774.0000
200.0784;200.8326;0.0000;211.1718;781.0000
200.0170;200.8326;0.0000;213.8032;788.0001
200.0170;200.8326;0.0000;211.0490;795.0000
200.0170;200.8326;0.0000;212.2947;802.0000
199.0784;200.8326;0.0000;208.2947;809.0000
199.0784;200.8326;0.0000;193.5850;816.9386
199.0170;200.8326;0.0000;185.1994;823.9385
199.0170;200.8326;0.0000;167.2439;830.9386
198.9555;200.8326;0.0000;141.0871;837.9386
198.9555;200.8941;0.0000;96.0363;844.9386
198.0169;199.9555;0.0000;56.4939;1167.2944
198.0169;199.9555;0.0000;58.8626;1174.2944
198.0169;199.9555;0.0000;67.7566;1181.2944
197.9555;199.9555;0.0000;74.3880;1188.2944
197.9555;200.0170;0.0000;74.6338;1195.3558
197.8941;200.0170;0.0000;74.4494;1202.3558
197.8941;200.0784;0.0000;91.5278;1209.3558
197.8941;200.0784;0.0000;110.2990;1216.3558
197.8326;200.0784;0.0000;127.8859;1223.3558
197.8326;200.1398;0.0000;146.9642;1230.3558
198.7097;200.1398;0.0000;152.5341;1238.2944
198.7097;200.1398;0.0000;158.1655;1245.2944
198.7097;200.1398;0.0000;160.2270;1252.2944
198.7097;200.2013;0.0000;160.0426;1259.2944
198.6483;200.2013;0.0000;165.7354;1266.2944
198.6483;200.2013;0.0000;166.7969;1273.2944
198.5869;200.2013;0.0000;168.4897;1280.2944
198.5869;200.2627;0.0000;176.1824;1287.2944
198.5869;200.2627;0.0000;175.2439;1294.2944
198.5869;200.2627;0.0000;180.7523;1301.2944
198.5254;200.2627;0.0000;185.5681;1308.2944
198.5254;200.3242;0.0000;183.6909;1315.2944
198.4640;200.3242;0.0000;191.0765;1322.2944
198.4640;200.3242;0.0000;194.0150;1329.2944
198.4640;200.3856;0.0000;192.8922;1336.2944
198.4640;200.3856;0.0000;196.7693;1343.2943
198.4026;200.3856;0.0000;197.7079;1350.2944
198.4026;200.4470;0.0000;195.7693;1357.2944
198.4026;201.3856;0.0000;200.5235;1364.2944
198.3411;201.3856;0.0000;196.9536;1371.2944
198.3411;201.4470;0.0000;197.6464;1378.2944
198.3411;201.4470;0.0000;200.7079;1385.3558
198.3411;201.4470;0.0000;196.9536;1392.3558
199.2182;201.5085;0.0000;200.5850;1399.3558
199.2182;201.5085;0.0000;203.5235;1406.3558
199.2182;201.5085;0.0000;197.8922;1413.3557
199.1568;201.5699;0.0000;203.5235;1421.2944
199.1568;201.5699;0.0000;203.6464;1428.2944
199.1568;201.5699;0.0000;203.5235;1435.2944
199.0954;201.6314;0.0000;209.2778;1442.2944
199.0954;201.6314;0.0000;206.4621;1449.2944
199.0954;201.6928;0.0000;209.0320;1456.2944
199.0339;201.6928;0.0000;215.8477;1463.2944
199.0339;201.6928;0.0000;212.0320;1470.2944
199.0339;201.7542;0.0000;213.8477;1477.2944
199.9725;201.7542;0.0000;215.7863;1484.2944
199.9110;201.8157;0.0000;210.0934;1491.2944
199.9110;201.8771;0.0000;214.7862;1498.2944
199.9110;201.8771;0.0000;215.9091;1505.2944
200.7881;201.9386;0.0000;215.7248;1512.2944
200.7881;202.0000;0.0000;220.4790;1519.2944
200.7881;201.0614;0.0000;224.2947;1526.2944
200.7881;201.1229;0.0000;227.9261;1533.2944
200.7267;200.1843;0.0000;231.8032;1540.2944
200.7267;200.2458;0.0000;230.8032;1547.2944
201.6653;199.3686;0.0000;234.3731;1554.2944
201.6653;199.3686;0.0000;237.3731;1561.2944
201.6653;198.4915;0.0000;234.4959;1568.3558
201.6653;198.4915;0.0000;240.1888;1575.3558
201.6038;198.5530;0.7373;241.1888;1582.3558
201.6038;197.6144;0.0000;238.2502;1589.3558
201.6038;197.6759;0.0000;243.0044;1596.3558
202.5424;197.6759;0.0000;240.4345;1604.2944
202.5424;196.7373;0.0000;240.1273;1611.2944
202.5424;196.7987;0.0000;243.0659;1618.2944
202.5424;195.9216;0.7373;241.1273;1625.2944
202.5424;194.9831;0.0000;240.9430;1632.2944
203.4195;195.0445;0.0000;243.1888;1639.2944
203.4195;194.1674;0.0000;240.2502;1646.2944
203.4195;194.2288;0.7373;243.0044;1653.2944
203.4195;193.2903;0.0000;243.1273;1660.2944
203.4195;193.3517;0.0000;241.1888;1667.2944
203.4195;193.3517;0.0000;243.9430;1674.2944
203.4195;192.4746;0.0000;243.1888;1681.2944
203.4195;192.4746;0.0000;242.0659;1688.2944
203.4195;192.5360;0.7373;245.9430;1695.2944
203.4195;192.5360;0.0000;243.2502;1702.2944
202.4809;191.6589;0.0000;244.0044;1709.2944
202.4809;191.6589;0.0000;248.8201;1716.2943
201.6038;190.7818;0.0000;243.2502;1723.2944
200.6653;190.7818;0.7373;248.8816;1730.2944
199.7267;189.9047;0.0000;250.9430;1737.2944
198.7881;189.9661;0.7373;251.1273;1744.2944
197.8496;189.0275;0.0000;258.0828;1751.3558
196.9110;188.1504;0.0000;269.8985;1758.3557
195.9725;187.2733;0.0000;282.7311;1765.3560
195.0339;187.2733;0.0000;297.8709;1772.3560
195.0339;186.3962;0.0000;302.6866;1779.3558
194.0954;186.3962;0.0000;308.1337;1786.3558
194.0954;186.4576;0.0000;313.0722;1794.2944
193.1568;186.4576;0.0000;307.4409;1801.2944
193.2182;186.5191;0.0000;311.1951;1808.2944
193.2182;186.5191;0.0000;313.2566;1815.2944
193.2182;186.5805;0.0000;308.4409;1822.2943
193.2182;186.6420;0.0000;313.2566;1829.2944
193.2182;186.6420;0.0000;311.5638;1836.2944
192.3411;186.6420;0.0000;311.3180;1843.2944
192.3411;186.7034;0.0000;315.2566;1850.2944
192.3411;186.7034;0.0000;311.5638;1857.2944
191.4025;186.7034;0.0000;314.2566;1864.2944
190.5254;186.7648;0.0000;318.2566;1871.2943
190.5254;186.7648;0.0000;315.3180;1878.2944
189.5869;186.8263;0.0000;318.1951;1885.2944
188.6483;186.8263;0.7373;322.1337;1892.2944
187.7098;186.8877;0.0000;320.0108;1899.2944
187.7098;186.9492;0.0000;324.8879;1906.2944
186.8326;186.9492;0.0000;328.7650;1913.2944
185.8941;186.9492;0.0000;328.6421;1920.2944
184.9555;186.0720;0.0000;333.5193;1927.2944
184.0784;186.0720;0.7373;333.6421;1934.3560
182.2013;186.0720;0.0000;337.2735;1941.3558
181.2627;186.1335;0.0000;344.9663;1948.3558
180.3242;186.1335;0.0000;345.0277;1955.3558
179.3856;186.1949;0.0000;353.3519;1962.3557
179.4470;186.1949;0.0000;361.1061;1969.3560
178.5085;186.2564;0.0000;360.9218;1977.2944
177.5699;186.2564;0.0000;365.6146;1984.2943
177.6314;187.2563;0.0000;367.7375;1991.2944
176.6928;187.2563;0.0000;364.7989;1998.2944
175.8157;188.1949;0.0000;370.4917;2005.2944
175.8157;188.2564;0.0000;367.9218;2012.2944
174.9386;189.1949;0.0000;367.9218;2019.2944
174.0000;189.2564;0.0000;372.7375;2026.2943
173.0615;190.1949;0.0000;370.0447;2033.2944
172.1843;190.2564;0.0000;370.8603;2040.2944
171.2458;191.1949;0.0000;373.9218;2047.2944
171.2458;191.2563;0.0000;371.1061;2054.2944
170.3687;192.1949;0.0000;373.9218;2061.2944
169.4301;192.1949;0.0000;373.1676;2068.2944
169.4915;193.1949;0.0000;371.0447;2075.2944
169.4915;193.1949;0.0000;374.0447;2082.2944
168.5530;194.1949;0.0000;372.2905;2089.2944
168.6144;194.1949;0.0000;371.2290;2096.2944
168.6144;195.1949;0.0000;377.0447;2103.2944
167.6758;196.1335;0.0000;371.4133;2110.2944
167.7373;196.1949;0.0000;373.2290;2117.2944
167.7987;197.1335;0.0000;376.2290;2124.3560
167.7987;198.1335;0.0000;371.4747;2131.3560
166.9216;198.1335;0.0000;375.1675;2138.3560
166.9216;199.0720;0.0000;375.3519;2145.3560
166.9831;199.0720;0.0000;372.4133;2152.3557
166.9831;200.0720;0.0000;375.4133;2160.2944
166.9831;201.0106;0.0000;374.5977;2167.2944
166.9831;201.0106;0.0000;373.4748;2174.2944
167.0445;202.0106;0.0000;377.4133;2181.2944
167.0445;202.9492;0.0000;372.8434;2188.2944
167.1059;203.9492;0.0000;373.5977;2195.2944
166.1674;204.8877;0.0000;377.0447;2202.2944
166.2288;204.8877;0.0000;371.9663;2209.2944
166.2288;205.8263;0.0000;376.5977;2216.2944
166.2903;206.7648;0.0000;376.8434;2223.2944
166.2903;206.8263;0.0000;372.9048;2230.2944
166.3517;207.7648;0.0000;376.6591;2237.2944
166.3517;208.7034;0.0000;375.0892;2244.2944
166.4131;208.7034;0.0000;374.0277;2251.2944
165.4746;209.6419;0.0000;377.9048;2258.2944
165.5360;210.5805;0.0000;374.3349;2265.2944
165.5360;211.5191;0.0000;375.9663;2272.2944
164.6589;212.5191;0.0000;378.9663;2279.2944
164.6589;213.4576;0.0000;375.2121;2286.2944
164.7203;214.3962;0.0000;377.9663;2293.2944
164.7203;215.3348;0.0000;380.0277;2300.2944
164.7818;216.2733;0.0000;375.2735;2307.3560
164.7818;216.2733;0.0000;378.0892;2314.3557
164.8432;217.2119;0.0000;378.2735;2321.3560
164.8432;218.1504;0.0000;376.2735;2328.3560
164.9047;219.0890;0.0000;380.9663;2335.3560
164.9661;219.0890;0.0000;378.3964;2342.3560
164.9661;220.0275;11.2627;378.3964;2350.2944
165.0275;220.9661;0.0000;384.9663;2357.2944
165.0890;220.9661;0.0000;375.5807;2364.2944
165.1504;221.9047;0.0000;378.3964;2371.2944
166.0890;222.8432;0.0000;381.3349;2378.2944
166.1504;222.8432;0.0000;377.5807;2385.2944
166.1504;223.8432;0.0000;382.1506;2392.2944
167.1504;224.7818;0.0000;382.3964;2399.2944
167.1504;225.7204;0.0000;379.4578;2406.2944
168.1504;226.6589;0.0000;385.1506;2413.2944
169.1504;227.5975;0.0000;381.5193;2420.2944
169.1504;228.5360;0.0000;381.3964;2427.2944
170.1504;229.4746;0.0000;388.0892;2434.2944
171.1504;229.4746;0.0000;384.3349;2441.2944
171.2119;230.4131;0.0000;385.2735;2448.2944
172.1504;231.3517;0.0000;389.1506;2455.2944
172.2119;232.2903;0.0000;386.2735;2462.2944
173.2119;233.2288;0.0000;391.8434;2469.2944
174.2119;234.1674;0.0000;393.9663;2476.2944
174.2119;235.1059;0.0000;391.0277;2483.2944
175.2119;236.0445;0.0000;396.6591;2490.3560
176.1504;236.9831;0.0000;395.9048;2497.3557
176.2119;236.9831;0.0000;395.6591;2504.3560
177.1504;237.9216;0.0000;401.5362;2511.3560
178.1504;238.8602;0.0000;396.8434;2518.3557
178.2119;238.8602;0.0000;398.5976;2525.3560
179.2119;239.7987;0.0000;402.5362;2533.2944
179.2733;239.7373;0.0000;396.9048;2540.2944
180.2119;240.6759;0.0000;401.5977;2547.2944
180.2733;241.6144;0.0000;401.5977;2554.2944
181.2119;241.6144;0.0000;398.7820;2561.2944
181.2733;242.5530;0.0000;402.5977;2568.2944
182.2733;242.5530;0.0000;400.9048;2575.2944
182.3347;243.4301;0.0000;399.7820;2582.2944
183.2733;244.3687;0.0000;403.7205;2589.2944
184.2733;244.3687;0.0000;399.0277;2596.2944
184.2733;245.3072;0.0000;400.6591;2603.2944
185.2733;245.3072;0.0000;404.7820;2610.2944
185.2733;246.2458;0.0000;398.9663;2617.2944
186.2733;246.1843;0.0000;403.7205;2624.2944
186.3347;247.1229;0.0000;403.8434;2631.2944
187.3348;247.1229;0.0000;400.8434;2638.2944
187.3348;248.0614;0.0000;403.6591;2645.2944
188.3348;248.0000;0.0000;402.0892;2652.2944
189.2733;248.0000;0.0000;400.9663;2659.2944
189.3347;248.9386;0.0000;404.9048;2666.2944
190.3347;248.9386;0.0000;400.7205;2673.2944
190.3962;249.8157;0.0000;403.0892;2680.3560
191.3348;249.8157;0.0000;406.9663;2687.3560
191.3962;249.8157;0.0000;401.2121;2694.3560
192.3348;250.6928;0.0000;403.8434;2701.3560
192.3962;250.6928;0.0000;406.0892;2708.3557
193.3962;251.6314;0.0000;400.3964;2716.2944
194.3348;251.5699;0.0000;404.2121;2723.2944
194.3962;252.5085;0.0000;404.2735;2730.2944
195.3348;252.5085;0.0000;402.3349;2737.2944
196.3348;253.3856;0.0000;406.2735;2744.2944
197.3347;253.3242;0.0000;402.4578;2751.2944
197.3962;253.3242;0.0000;404.2121;2758.2944
198.3348;254.2627;0.0000;407.2121;2765.2944
199.3348;254.2013;0.0000;402.4578;2772.2944
199.3348;254.2013;0.0000;404.2121;2779.2944
200.3347;254.1398;0.0000;407.2121;2786.2944
201.3347;255.0784;0.0000;402.4578;2793.2944
201.3347;255.0169;0.0000;407.2121;2800.2944
202.2733;255.0169;0.0000;407.3349;2807.2944
203.2733;255.0169;0.0000;404.3964;2814.2944
203.3348;254.9555;0.0000;408.1506;2821.2944
204.2733;255.8941;0.0000;404.5807;2828.2944
205.2733;255.8941;0.0000;405.4578;2835.2944
206.2119;255.8326;0.0000;409.3964;2842.2944
207.2119;255.7712;0.0000;404.8265;2849.2944
208.1504;255.7712;0.0000;407.5193;2856.2944
209.1504;255.7712;0.0000;408.5807;2863.3560
210.0890;255.7097;0.0000;404.8265;2870.3560
211.0890;255.7097;0.0000;407.7036;2877.3560
212.0275;255.6483;0.0000;408.7650;2884.3557
213.0275;255.6483;0.0000;405.8879;2891.3560
213.0275;255.5869;0.0000;410.7650;2898.3560
214.0275;254.6483;0.0000;408.0722;2906.2944
215.0275;254.5869;0.0000;406.0722;2913.2944
215.9661;254.5869;0.0000;411.8879;2920.2944
216.9047;254.5254;0.0000;408.1951;2927.2944
217.9047;254.5254;0.0000;410.0108;2934.2944
218.8432;254.4640;0.0000;414.0108;2941.2944
219.8432;254.4640;0.0000;409.3180;2948.2944
220.7818;254.4025;0.0000;414.1337;2955.2944
222.7203;254.4025;0.7373;414.1951;2962.2944
223.6589;254.3411;0.0000;412.1951;2969.2944
224.6589;254.3411;0.7373;417.1337;2976.2944
225.5975;254.3411;0.0000;414.4409;2983.2944
226.5975;254.2797;0.0000;413.1337;2990.2944
226.5975;253.2797;0.0000;418.1337;2997.2944
227.5975;253.2797;0.0000;413.6252;3004.2944
228.5975;253.2182;0.0000;414.1951;3011.2944
229.5360;253.2182;0.0000;419.2566;3018.2944
229.5975;253.1568;0.0000;413.6252;3025.2944
230.5360;252.1568;0.7373;419.1951;3032.2944
231.5360;252.0953;0.0000;419.4409;3039.2944
231.5975;252.0953;0.7373;416.5023;3046.3560
232.5360;251.0953;0.0000;419.5637;3053.3560
233.4746;251.0339;0.0000;418.7481;3060.3560
234.4746;251.0339;0.0000;417.5023;3067.3560
234.5360;250.0339;0.0000;421.3180;3074.3557
235.4746;249.9725;0.7373;416.7481;3081.3560
236.4746;248.9725;0.0000;418.1337;3089.2944
236.4746;248.9725;0.0000;424.6866;3096.2944
237.4131;247.9725;0.0000;418.3180;3103.2944
238.3517;247.9725;0.0000;423.3180;3110.2944
239.3517;246.9725;0.0000;426.3180;3117.2944
239.4131;246.9110;0.0000;421.5023;3124.2944
240.3517;245.9110;0.0000;425.3794;3131.2944
241.3517;245.8496;0.0000;426.5638;3138.2944
242.2903;244.8496;0.0000;423.5023;3145.2944
242.2903;244.8496;0.0000;428.4409;3152.2944
243.2288;243.8496;0.0000;424.6866;3159.2944
244.1674;242.8496;0.0000;428.3180;3166.2944
245.1674;242.7881;0.0000;433.1951;3173.2944
245.1674;241.7881;0.0000;429.4409;3180.2944
246.1674;241.7881;0.0000;434.0722;3187.2944
247.1059;240.7881;0.0000;436.0722;3194.2944
248.0445;240.7267;0.0000;430.3180;3201.2944
248.9831;239.7881;0.0000;436.8879;3208.2944
249.0445;239.7267;0.0000;436.1951;3215.2944
249.9831;238.7267;0.0000;435.0722;3222.2944
250.9831;237.7267;0.0000;440.7650;3229.2944
251.9216;236.7267;0.0000;437.0722;3236.3560
251.9216;235.7267;0.0000;439.8265;3243.3560
252.8602;235.6653;0.0000;444.5807;3250.3560
252.8602;234.7267;0.0000;440.0108;3257.3560
253.7987;233.7267;0.0000;442.8264;3264.3560
254.7373;232.7267;0.0000;445.6421;3272.2944
254.7987;231.7267;0.0000;439.9493;3279.2944
255.7373;231.6653;0.0000;443.5807;3286.2944
256.7373;230.6653;0.0000;444.8879;3293.2944
257.6758;229.6653;0.0000;439.9493;3300.2944
258.6144;228.6653;0.0000;445.7036;3307.2944
259.5530;227.7267;0.0000;442.8264;3314.2944
259.5530;227.6653;0.0000;442.8264;3321.2944
260.4915;226.6653;11.2627;449.5807;3328.2944
261.4301;225.6653;0.0000;442.8879;3335.2944
261.4301;224.6653;11.2627;444.8265;3342.2944
262.3687;223.6653;11.2627;447.8879;3349.2944
262.3687;221.7267;0.0000;443.0722;3356.2944
263.3072;220.7267;11.2627;446.8265;3363.2944
263.3072;219.7267;0.0000;446.9494;3370.2944
264.2458;218.7881;0.0000;443.0108;3377.2944
264.2458;217.7881;11.2627;446.8879;3384.2944
264.2458;216.7881;11.2627;446.1951;3391.2944
264.2458;215.7881;0.0000;443.0722;3398.2944
265.1843;214.8496;0.0000;449.8265;3405.2944
265.1843;213.8496;0.0000;443.3794;3412.2944
265.1843;213.8496;0.0000;436.6252;3419.3557
266.1229;212.8496;0.0000;455.6421;3426.3560
266.1229;211.8496;0.0000;449.9493;3433.3560
266.1229;210.8496;0.0000;454.4578;3440.3557
267.0615;209.9110;0.0000;454.8265;3447.3560
267.0615;208.9110;0.0000;450.8265;3455.2944
267.0615;206.9725;0.0000;455.5807;3462.2944
267.0615;206.0339;0.0000;453.7650;3469.2944
267.0615;205.0339;0.0000;452.7650;3476.2944
267.0615;204.0953;0.0000;456.6422;3483.2942
268.0000;203.0954;0.0000;452.9493;3490.2944
267.9386;202.1568;0.0000;453.8264;3497.2944
267.9386;201.1568;0.0000;456.7650;3504.2944
267.9386;200.1568;0.0000;452.0108;3511.2944
267.9386;199.2182;0.0000;454.8879;3518.2944
267.9386;198.2182;0.0000;456.9494;3525.2944
267.9386;197.2182;0.0000;452.0108;3532.2944
267.0000;197.2182;0.0000;455.7650;3539.2944
267.0000;196.2182;0.0000;456.0108;3546.2944
266.9386;195.2182;0.0000;453.0108;3553.2944
266.9386;194.2797;0.7373;455.8879;3560.2944
266.9386;193.3411;0.0000;453.3180;3567.2944
266.9386;191.4025;0.7373;454.0108;3574.2944
266.0000;190.4640;0.0000;457.4578;3581.2944
266.0000;189.4640;0.0000;453.3180;3588.2944
266.0000;188.5254;0.0000;455.0722;3595.2944
265.0000;187.5869;0.0000;458.0722;3602.3560
265.0000;186.5869;0.0000;452.5638;3609.3560
265.0000;185.6483;0.0000;457.0722;3616.3557
264.9386;184.6483;0.0000;456.3180;3623.3560
264.9386;183.7098;0.0000;453.3180;3630.3557
264.9386;182.7097;0.0000;458.9493;3637.3557
264.8771;181.7712;0.0000;455.4409;3645.2944
264.8771;180.7712;0.0000;455.3180;3652.2944
264.8771;179.8326;0.0000;458.1951;3659.2944
264.8771;178.8941;0.0000;454.5023;3666.2944
264.8771;177.8941;0.0000;456.3180;3673.2944
264.8157;176.0170;0.0000;458.2566;3680.2944
263.8771;175.0784;0.0000;453.5023;3687.2944
263.8771;174.0784;0.0000;457.2566;3694.2944
262.9386;173.1398;0.0000;456.5023;3701.2944
262.8771;172.1398;0.0000;453.5023;3708.2944
261.9386;171.2013;0.0000;459.1337;3715.2944
261.9386;171.1398;0.0000;455.4409;3722.2944
260.9386;170.2013;0.0000;453.6252;3729.2944
260.9386;169.2013;0.0000;458.7036;3736.2944
260.9386;168.2627;0.0000;454.6866;3743.2944
260.0000;167.3242;0.0000;454.4409;3750.2944
260.0000;166.3242;0.0000;458.5023;3757.2944
259.9386;166.3242;0.0000;453.6866;3764.2944
259.0000;165.3242;0.0000;457.3794;3771.2944
258.9386;164.3856;11.2627;456.5023;3778.2944
258.9386;164.3856;0.0000;453.5023;3785.2944
258.9386;163.3856;0.0000;457.4409;3792.3560
257.9386;162.4470;0.0000;455.5638;3799.3560
257.9386;161.4470;0.0000;453.5638;3806.3560
257.0000;160.5085;0.0000;459.2566;3813.3560
256.9386;159.5085;0.0000;453.6866;3820.3560
256.0000;158.5699;0.0000;453.5638;3828.2944
256.0000;157.5699;0.0000;456.5638;3835.2944
255.0000;156.6313;0.0000;451.8710;3842.2944
255.0000;155.6314;0.0000;456.3795;3849.2944
254.0000;154.6928;0.0000;455.6252;3856.2944
254.0000;154.6314;0.0000;452.6866;3863.2944
253.9386;153.6928;0.0000;455.6252;3870.2944
253.0000;152.6928;0.0000;453.9324;3877.2944
253.0000;152.6928;0.0000;452.6866;3884.2944
253.0000;151.6928;0.0000;456.5023;3891.2944
252.9386;151.6928;0.0000;450.9324;3898.2944
252.0000;150.6928;0.0000;451.6866;3905.2944
252.0000;150.6928;0.0000;456.5023;3912.2944
251.9386;149.6928;0.0000;450.8710;3919.2944
251.0000;149.6928;0.0000;453.6866;3926.2944
251.0000;148.6928;0.0000;453.9324;3933.2944
250.0000;147.7542;0.0000;449.0553;3940.2944
249.0614;147.6928;0.0000;453.7481;3947.2944
248.0614;146.7542;0.0000;452.0553;3954.2944
247.1229;145.7542;0.0000;450.8710;3961.2944
246.1229;145.7542;0.0000;453.8095;3968.2944
246.1229;144.8157;0.0000;449.2396;3975.3560
245.1843;144.7542;0.0000;450.9324;3982.3560
245.1843;143.8157;0.0000;453.9324;3989.3557
244.2458;143.7542;0.0000;448.3010;3996.3560
243.2458;142.8157;0.0000;450.9938;4003.3560
243.2458;142.7542;0.0000;453.9324;4011.2944
242.2458;142.7542;0.0000;447.3625;4018.2944
241.3072;141.8157;0.0000;452.0553;4025.2944
240.3687;141.8157;0.0000;449.3625;4032.2944
240.3072;140.8157;0.0000;448.3010;4039.2944
239.3687;140.7543;0.0000;452.9938;4046.2944
238.3686;139.8157;0.0000;447.4854;4053.2944
236.4915;139.7542;0.0000;449.2396;4060.2944
235.5530;138.8157;0.0000;454.0553;4067.2944
234.5530;137.8771;0.0000;447.4854;4074.2944
233.6144;136.8771;0.0000;451.1167;4081.2944
231.6759;135.9386;0.0000;452.1782;4088.2944
229.7987;134.9386;0.0000;446.5468;4095.2944
228.7987;134.0000;0.0000;451.2396;4102.2944
226.9216;133.0000;0.0000;449.4854;4109.2944
225.9216;132.0614;0.0000;446.4854;4116.2944
224.0445;132.0614;0.0000;451.3625;4123.2944
223.0445;131.0614;0.0000;446.6697;4130.2944
222.1059;131.0614;0.0000;447.3625;4137.2944
221.1059;130.0614;0.0000;452.2396;4144.2944
220.1674;130.0614;0.0000;446.6697;4151.2944
219.1674;130.0614;0.0000;447.4239;4158.3555
218.2288;130.0000;0.0000;451.3010;4165.3560
217.2903;129.0614;0.0000;444.7311;4172.3560
216.2903;129.0614;0.0000;451.1782;4179.3560
215.3517;129.0000;0.0000;447.5468;4186.3555
214.4131;128.0614;0.0000;445.5468;4193.3560
213.4131;128.0614;0.0000;451.2396;4201.2944
212.4746;127.0614;0.0000;447.5468;4208.2944
211.4746;127.0614;0.0000;445.5468;4215.2944
210.4746;127.0000;0.0000;451.3010;4222.2944
209.5360;126.0614;0.0000;444.6697;4229.2944
208.5975;126.0614;0.0000;446.4854;4236.2944
207.5975;125.1229;0.0000;449.4854;4243.2944
205.7204;125.0614;0.0000;444.7925;4250.2944
204.7203;124.1229;0.0000;447.4854;4257.2944
203.7203;124.0614;0.0000;447.4854;4264.2944
201.8432;123.1229;0.0000;444.5468;4271.2944
200.9047;123.1229;0.0000;447.4854;4278.2944
198.9661;123.1229;0.0000;447.6083;4285.2944
198.0276;122.1229;0.7373;444.6697;4292.2944
196.0890;122.1229;0.0000;449.4239;4299.2944
194.1504;121.1843;0.0000;444.7925;4306.2944
192.2733;121.1229;0.0000;445.4854;4313.2944
190.3347;120.1843;0.0000;449.3625;4320.2944
188.4576;120.1843;0.0000;444.7311;4327.2944
186.5191;119.1843;0.0000;449.3010;4334.2944
184.6420;118.2458;0.7373;452.2396;4341.2944
182.7034;118.2458;0.0000;447.4854;4348.3555
180.8263;117.2458;0.7373;452.1782;4355.3555
178.8877;117.2458;0.0000;453.2396;4362.3560
177.9492;116.3072;0.0000;451.1167;4369.3555
176.0106;116.3072;0.0000;454.9938;4376.3560
174.1335;116.2458;0.0000;451.2396;4384.2944
172.1949;115.3072;0.0000;454.0553;4391.2944
171.1949;115.3072;0.0000;456.8710;4398.2944
169.3178;115.3072;0.7373;452.3010;4405.2944
168.3178;115.2458;0.0000;455.8710;4412.2944
167.3792;114.3072;0.0000;457.8095;4419.2944
165.4407;114.2458;0.0000;452.4240;4426.2944
164.4407;114.2458;0.0000;457.7481;4433.2944
163.5021;114.2458;0.0000;457.0553;4440.2944
162.5021;114.2458;0.0000;454.9938;4447.2944
161.5021;114.1843;0.0000;458.7481;4454.2944
160.5021;114.1843;0.0000;455.0553;4461.2944
159.5021;114.1843;0.0000;456.5638;4468.2944
159.5021;114.1843;0.0000;459.6866;4475.2944
158.5021;114.1843;0.0000;455.8710;4482.2944
157.5021;115.1229;0.0000;457.5023;4489.2944
157.4407;115.1229;0.0000;459.5638;4496.2944
156.4407;115.1229;0.0000;453.9324;4503.2944
156.3792;116.0614;0.0000;459.4409;4510.2944
155.3792;116.0000;0.0000;458.6252;4517.2944
154.4407;116.9386;0.0000;456.6252;4524.2944
154.3792;116.9386;0.0000;461.5023;4531.3555
153.3792;116.9386;0.0000;457.7481;4538.3560
153.3178;117.8771;0.0000;457.6866;4545.3555
152.3178;117.8771;0.0000;462.3794;4552.3560
151.2564;118.8157;0.0000;457.6866;4559.3560
151.1949;119.7542;0.0000;459.2566;4567.2944
150.1949;119.7542;0.0000;462.1336;4574.2944
150.1335;120.6928;0.0000;458.3180;4581.2944
149.1335;121.6314;0.0000;462.0108;4588.2944
149.0720;122.5699;0.0000;462.1336;4595.2944
148.0720;123.4470;0.0000;461.0108;4602.2944
148.0106;124.3856;0.0000;463.9494;4609.2944
147.0106;125.3242;0.0000;461.0108;4616.2944
146.0106;126.2627;0.0000;461.9493;4623.2944
145.0720;127.2013;0.0000;464.6422;4630.2944
145.0106;128.1398;0.0000;461.0108;4637.2944
144.0106;129.0784;0.0000;461.7650;4644.2944
143.0106;129.0784;0.0000;464.5807;4651.2944
142.0106;130.0170;0.0000;461.0108;4658.2944
141.0106;130.9555;0.0000;464.5807;4665.2944
140.0720;131.9555;0.0000;464.5807;4672.2944
139.0720;132.8941;0.0000;461.5807;4679.2944
139.0106;134.7712;0.0000;465.4579;4686.2944
138.0720;135.6483;0.0000;464.4578;4693.2944
137.0720;136.5869;0.0000;462.5807;4700.2944
136.1335;137.5254;0.0000;469.1506;4707.2944
136.0720;138.4640;0.0000;463.6421;4714.3555
135.0720;139.4025;0.0000;465.2735;4721.3560
135.0106;139.4025;0.0000;469.1506;4728.3560
134.0720;140.3411;0.0000;462.5193;4735.3560
134.0106;141.2797;0.0000;468.0892;4742.3555
133.0106;141.2797;0.0000;468.2735;4749.3560
132.0720;142.2182;0.0000;464.3964;4757.2944
132.0106;143.1568;0.0000;468.1506;4764.2944
131.0106;144.0953;0.0000;468.2121;4771.2944
130.0106;144.0953;0.0000;464.2121;4778.2944
129.0720;145.0339;0.0000;469.9663;4785.2944
128.0720;145.9725;0.0000;464.3964;4792.2944
128.0720;146.9110;0.0000;467.0277;4799.2944
127.0720;147.9110;0.0000;470.9048;4806.2944
126.0720;148.8496;0.0000;464.3964;4813.2944
126.0720;149.7881;0.0000;467.8434;4820.2944
125.0720;150.7267;0.0000;470.7820;4827.2944
124.1335;150.7267;0.0000;464.0277;4834.2944
123.1335;151.6653;0.0000;469.6591;4841.2944
123.0720;152.6038;0.0000;469.7205;4848.2944
122.1335;153.5424;0.0000;467.8434;4855.2944
121.1335;154.5424;0.0000;470.5362;4862.2944
120.1335;154.5424;0.0000;467.7205;4869.2944
119.1949;155.4809;0.0000;468.4133;4876.2944
119.1335;156.4195;0.0000;472.4747;4883.2944
118.1949;157.3581;0.0000;467.7205;4890.2944
117.1949;159.2352;0.0000;470.2905;4897.2944
116.1949;160.1737;0.0000;471.3519;4904.3555
115.1949;161.1737;0.0000;467.5977;4911.3560
115.1335;163.0509;0.0000;471.1676;4918.3560
114.1949;164.0508;0.0000;471.3519;4925.3555
113.1949;165.9280;0.0000;468.2290;4932.3560
112.1949;166.8665;0.0000;471.9833;4940.2939
111.1949;167.8051;0.0000;469.2905;4947.2944
110.2564;168.7436;0.0000;470.0447;4954.2944
109.2564;169.7437;0.0000;472.8604;4961.2944
109.1949;170.6822;0.0000;470.1061;4968.2944
108.1949;171.6208;0.0000;469.9833;4975.2944
108.1335;172.5593;0.0000;472.8604;4982.2944
107.1335;173.5593;0.0000;469.1061;4989.2944
107.0720;175.4364;0.0000;472.7375;4996.2944
106.0720;176.3750;0.0000;472.8604;5003.2939
106.0106;177.3750;0.0000;469.8604;5010.2944
105.0106;178.3136;0.0000;474.5532;5017.2944
105.0106;179.2521;0.0000;472.8604;5024.2939
104.0106;180.2521;0.0000;471.7375;5031.2944
103.9492;181.1907;0.0000;476.4303;5038.2944
103.0106;183.0678;0.0000;471.7375;5045.2949
102.9492;184.0063;0.0000;472.6146;5052.2944
101.9492;185.0063;0.0000;475.4917;5059.2944
101.9492;185.9449;0.0000;471.7989;5066.2944
100.9492;186.9449;0.0000;475.3688;5073.2944
100.8877;186.9449;0.0000;475.4917;5080.2944
100.8263;187.9449;0.0000;472.5532;5087.3560
100.8263;189.8220;0.0000;476.1845;5094.3560
100.7648;190.7606;0.0000;474.4303;5101.3555
100.7034;191.7606;0.0000;473.2460;5108.3560
100.7034;191.7606;0.0000;478.0002;5115.3560
99.7034;193.6991;0.0000;472.3688;5123.2944
99.6419;193.6991;0.0000;474.0616;5130.2944
98.6420;194.6991;0.0000;477.0002;5137.2944
98.6420;195.6991;0.0000;472.4303;5144.2944
98.5805;196.6377;0.0000;475.8773;5151.2944
97.5805;197.6377;0.0000;476.0616;5158.2944
97.5191;197.6991;0.0000;473.1231;5165.2944
97.4576;198.6377;0.0000;476.6930;5172.2944
97.3962;198.6992;0.0000;476.8773;5179.2944
97.3347;199.6377;0.0000;474.8159;5186.2944
97.2733;199.6991;0.0000;480.3858;5193.2944
98.2119;200.6992;0.0000;476.8159;5200.2944
98.1504;200.6992;0.0000;478.4472;5207.2944
98.1504;201.6377;0.0000;485.0786;5214.2944
98.0890;202.6377;0.0000;481.3857;5221.2944
97.0890;203.5762;0.0000;486.8328;5228.2944
97.0890;203.6377;0.0000;489.7714;5235.2944
97.0275;204.6377;0.0000;483.9557;5242.2944
96.9661;205.5762;0.0000;489.5256;5249.2944
96.9661;206.5763;0.0000;489.8942;5256.2944
96.9047;207.5148;0.0000;489.4642;5263.2939
96.9047;208.5148;0.0000;495.0955;5270.3560
96.8432;208.5763;0.0000;495.1570;5277.3560
96.8432;209.5148;0.0000;497.8498;5284.3555
96.8432;210.4534;0.0000;505.4197;5291.3560
97.7203;211.4534;0.0000;500.7883;5298.3555
97.7203;212.3919;0.0000;504.8053;5305.3555
97.6589;213.3919;0.0000;507.2968;5313.2944
97.6589;214.3305;0.0000;497.9112;5320.2944
98.5360;215.3305;0.0000;507.2353;5327.2944
98.4746;216.3305;0.0000;503.5425;5334.2944
98.4746;217.3305;0.0000;499.6040;5341.2944
98.4131;218.2690;0.0000;506.1124;5348.2944
98.4131;218.3305;0.0000;503.2968;5355.2944
98.4131;219.3305;0.0000;504.9896;5362.2944
98.3517;220.2691;0.0000;512.6824;5369.2944
99.2903;221.2691;0.0000;509.8667;5376.2944
99.2903;222.2076;0.0000;513.4366;5383.2944
99.2288;223.2076;0.0000;516.4366;5390.2944
99.2288;224.1462;0.0000;512.6824;5397.2944
99.1674;225.1462;0.0000;518.2523;5404.2944
99.1059;226.1461;0.0000;518.2523;5411.2944
99.1059;227.0847;0.0000;515.3137;5418.2944
99.1059;228.0847;0.0000;520.1294;5425.2944
99.9831;229.0847;0.0000;517.3752;5432.2944
99.9831;230.9619;0.0000;517.1909;5439.2944
99.9831;231.9619;0.0000;521.9451;5446.2944
99.9831;232.9004;0.0000;517.3137;5453.3555
100.8602;233.9004;0.0000;518.0065;5460.3555
100.8602;234.8390;0.0000;521.9451;5467.3560
100.7987;235.8390;0.0000;518.2523;5474.3555
100.7373;236.8390;0.0000;521.8222;5481.3555
100.7373;237.7775;0.0000;524.0065;5488.3560
100.6759;238.7775;0.0000;520.7607;5496.2949
100.6144;239.7775;0.0000;525.5764;5503.2944
100.6144;240.7161;0.0000;523.8837;5510.2944
100.5530;241.7161;0.0000;523.6379;5517.2949
100.5530;242.7161;0.0000;528.4536;5524.2944
101.4915;243.6546;0.0000;524.8222;5531.2944
102.3687;244.6547;0.0000;525.5150;5538.2944
103.2458;245.6546;0.0000;530.1464;5545.2944
104.1843;246.6546;0.0000;525.6379;5552.2944
105.0614;248.5318;0.0000;530.2692;5559.2944
106.0000;249.5318;0.0000;530.1464;5566.2944
106.8771;250.5318;0.0000;527.5150;5573.2944
107.8157;251.4703;0.0000;530.2078;5580.2944
107.7542;252.4703;0.0000;531.4536;5587.2944
108.6928;253.4703;0.0000;531.0848;5594.2944
109.5699;253.5318;0.0000;538.5934;5601.2944
109.5085;254.4703;0.0000;535.9006;5608.2944
110.4470;255.4703;0.0000;539.5319;5615.2944
110.4470;256.4703;0.0000;544.2861;5622.2944
110.4470;257.4703;0.0000;539.5319;5629.2944
110.3856;258.4703;0.0000;544.1633;5636.2944
110.3856;258.5317;0.0000;546.1018;5643.3560
111.2627;260.4089;0.0000;541.4091;5650.3560
112.1398;261.4089;0.0000;548.0404;5657.3555
113.0784;262.4089;0.0000;548.1633;5664.3560
113.0784;263.4089;0.0000;545.2247;5671.3555
114.0169;263.4703;0.0000;550.7946;5679.2944
114.8941;264.4089;0.0000;545.2247;5686.2944
114.8941;264.4703;0.0000;547.8561;5693.2939
115.7712;265.4703;0.0000;552.6103;5700.2944
115.7712;265.5317;0.0000;546.1018;5707.2944
116.7097;266.5317;0.0000;550.7946;5714.2944
116.7097;266.5317;0.0000;552.6718;5721.2944
116.7097;267.5317;0.0000;546.1018;5728.2944
117.6483;267.5932;0.0000;550.6104;5735.2939
117.6483;268.5317;0.0000;550.7946;5742.2944
118.5869;268.5932;0.0000;547.7946;5749.2944
118.5254;269.5932;0.0000;553.2417;5756.2949
118.5254;270.5317;0.0000;550.6104;5763.2944
119.4640;270.5932;0.0000;550.4874;5770.2944
120.4025;271.5932;0.0000;553.4260;5777.2949
120.4025;272.5932;0.0000;550.6718;5784.2944
121.3411;272.5932;0.0000;551.3645;5791.2944
121.2797;273.5932;0.0000;554.3645;5798.2949
122.2182;273.6546;0.0000;550.6104;5805.2944
122.2182;274.6547;0.0000;553.3646;5812.2944
122.2182;274.7161;0.0000;552.9344;5819.2944
123.1568;274.7775;0.0000;550.4874;5826.3560
123.1568;275.7775;0.0000;554.2417;5833.3555
123.1568;275.8390;0.0000;551.4874;5840.3560
124.0953;276.8390;0.0000;551.3031;5847.3560
124.0953;276.9004;0.0000;556.0573;5854.3555
125.0339;277.9004;0.0000;551.4874;5861.3560
125.0339;278.9004;0.0000;552.3031;5869.2944
125.9725;278.9619;0.0000;555.2417;5876.2944
125.9110;279.9619;0.7373;550.5488;5883.2944
126.8496;280.0233;0.0000;555.1188;5890.2944
126.8496;281.0233;0.7373;554.3031;5897.2944
127.7881;281.0847;0.0000;551.3645;5904.2944
127.7881;282.0847;0.0000;555.9344;5911.2944
127.7881;282.1462;0.0000;553.3031;5918.2944
128.7267;283.1462;0.7373;553.1802;5925.2944
128.7267;283.2076;0.0000;557.9344;5932.2944
128.7267;284.2076;0.7373;552.3031;5939.2944
129.6653;284.2690;0.0000;553.8115;5946.2944
129.6653;285.2690;0.0000;556.8730;5953.2944
130.6038;285.3305;0.0000;552.1802;5960.2944
130.6038;286.3305;0.0000;555.9344;5967.2944
131.5424;287.3305;0.7373;555.9959;5974.2944
131.5424;287.3919;0.0000;552.9959;5981.2944
132.4809;288.3920;0.0000;555.9344;5988.2944
132.4809;288.4534;0.0000;555.0574;5995.2944
133.4195;289.4534;0.0000;551.9344;6002.2944
133.4809;289.5148;0.0000;556.9959;6009.3560
134.4195;290.5148;0.0000;552.1802;6016.3555
134.4195;290.5148;0.0000;553.8730;6023.3560
135.3581;291.5148;0.0000;558.7501;6030.3555
135.3581;291.5763;0.0000;552.1802;6037.3555
136.2966;291.6377;0.0000;555.8116;6044.3560
136.2966;292.6377;0.0000;556.8730;6052.2944
137.2966;293.6377;0.0000;552.1802;6059.2944
138.2352;294.6377;0.0000;556.8730;6066.2944
139.1737;294.6991;0.0000;556.0573;6073.2944
140.1123;295.6992;0.0000;552.8730;6080.2944
140.1123;296.6992;0.0000;558.7501;6087.2944
141.0508;297.6991;0.0000;554.1802;6094.2944
142.0508;297.7606;0.0000;554.9959;6101.2944
142.9894;298.7606;0.0000;558.8730;6108.2944
143.0508;299.7606;0.0000;553.2417;6115.2944
143.9894;299.8220;0.0000;556.9344;6122.2944
144.9280;300.8220;0.0000;558.8730;6129.2944
145.8665;300.8835;0.0000;554.1802;6136.2944
146.8051;301.9449;0.0000;558.9344;6143.2944
147.7437;302.0063;0.0000;559.0573;6150.2944
148.6822;302.1292;0.0000;556.1802;6157.2944
149.6208;303.1292;0.0000;559.9959;6164.2944
149.6822;303.2521;0.0000;556.4260;6171.2944
150.6208;304.2521;0.0000;557.3646;6178.2944
151.5593;304.3750;0.0000;561.1188;6185.2944
152.4979;305.3750;0.0000;556.6103;6192.2944
153.4364;305.4364;0.0000;559.3031;6199.3560
155.3750;305.4979;0.0000;561.1188;6206.3560
156.3136;306.4979;0.0000;556.4874;6213.3555
157.2521;306.5593;0.0000;562.1188;6220.3560
158.2521;306.6208;0.0000;560.3646;6227.3555
159.1907;307.6822;0.0000;558.4260;6235.2944
160.1907;307.7437;0.0000;562.2417;6242.2944
161.1292;307.8051;0.0000;559.5489;6249.2949
162.0678;307.8665;0.0000;559.4260;6256.2944
163.0063;308.8665;0.0000;564.3031;6263.2944
164.0063;308.9279;0.0000;558.6718;6270.2949
164.9449;308.9894;0.0000;560.4874;6277.2944
165.8835;309.0508;0.0000;563.4260;6284.2944
166.8835;310.0508;0.0000;558.6718;6291.2944
167.8220;310.1123;0.0000;562.2417;6298.2944
168.8220;310.1737;0.0000;562.6103;6305.2944
169.8220;311.1123;0.0000;558.6718;6312.2944
170.7606;311.1737;0.0000;562.4874;6319.2944
171.7606;311.2352;0.0000;560.7332;6326.2944
172.6991;311.2352;11.2627;559.6718;6333.2944
173.6377;311.2966;0.0000;565.3031;6340.2944
174.6377;312.2966;0.0000;558.9175;6347.2944
175.5763;312.2966;11.2627;560.6103;6354.2944
176.5148;312.3581;0.0000;564.5488;6361.2944
178.4534;312.3581;0.0000;557.9790;6368.2944
179.3919;313.2966;0.0000;562.4260;6375.2944
181.3305;313.3581;0.0000;562.6103;6382.3560
183.2076;314.2966;0.0000;558.8561;6389.3555
184.1462;314.3581;0.0000;562.4874;6396.3560
186.0847;315.3581;0.0000;562.6718;6403.3560
187.0233;315.3581;0.0000;559.7332;6410.3555
188.0233;315.3581;0.0000;565.3031;6417.3560
188.9619;316.3581;0.0000;559.9789;6425.2939
190.8390;316.3581;0.0000;560.6718;6432.2944
191.8390;316.4195;0.0000;564.4874;6439.2944
192.7775;316.4195;0.0000;557.4874;6446.2949
193.7775;317.4195;0.0000;562.6103;6453.2944
194.7775;317.4195;0.0000;564.5488;6460.2944
196.6546;317.4809;0.0000;558.0404;6467.2949
197.5932;317.4809;0.0000;562.6718;6474.2944
198.5318;317.5424;0.0000;562.7332;6481.2944
200.4703;317.5424;0.0000;559.9175;6488.2949
201.4703;317.6038;0.0000;564.5488;6495.2944
202.4089;318.6038;0.0000;559.9789;6502.2944
204.3474;317.6653;0.0000;561.7332;6509.2949
205.2860;317.7267;0.0000;564.6718;6516.2944
206.2245;317.7267;0.0000;559.9789;6523.2944
207.2245;317.7881;0.0000;562.6103;6530.2949
209.1017;317.7881;0.0000;564.5488;6537.2944
210.1017;317.7881;0.0000;559.9789;6544.2944
211.0402;317.7881;0.0000;564.6103;6551.2944
211.9788;317.8496;0.0000;562.7946;6558.2944
212.9788;317.8496;0.0000;559.9175;6565.3560
213.9173;317.9110;0.0000;565.6718;6572.3560
215.8559;317.9110;0.0000;560.1018;6579.3560
216.7944;317.0339;0.0000;561.2417;6586.3555
217.7330;317.0339;11.2627;565.6718;6593.3560
219.6716;317.0953;0.0000;560.0404;6600.3560
220.6101;317.0953;0.0000;562.7946;6608.2944
221.6101;317.0953;0.0000;564.7332;6615.2944
223.4873;317.1568;0.0000;560.1018;6622.2944
224.4258;317.1568;0.0000;563.7332;6629.2944
225.4258;317.2182;0.0000;563.7946;6636.2944
227.3029;316.2797;0.0000;559.9789;6643.2944
228.2415;316.2797;0.0000;564.6718;6650.2944
229.2415;315.4025;0.0000;560.1633;6657.2944
231.1186;315.4025;11.2627;559.9789;6664.2944
232.1186;315.4025;0.0000;565.7946;6671.2944
233.0572;314.5255;11.2627;560.1633;6678.2944
234.0572;314.5255;0.0000;560.9175;6685.2944
235.9343;314.5869;0.0000;564.8561;6692.2944
236.9343;313.6483;0.0000;559.1018;6699.2944
238.8114;313.6483;0.0000;563.7946;6706.2944
239.7500;313.7097;0.0000;562.9789;6713.2944
241.6885;313.7097;0.0000;559.0404;6720.2944
242.6271;312.7712;0.0000;563.7946;6727.2944
244.5656;312.8326;0.0000;562.1018;6734.2944
246.4427;312.8326;0.0000;559.9789;6741.2944
247.4427;312.8941;0.0000;565.7332;6748.2944
249.3813;311.9555;0.0000;559.2861;6755.3560
251.2584;311.9555;0.0000;559.8561;6762.3560
253.1970;311.0784;0.0000;564.9789;6769.3564
254.1970;311.0784;0.0000;558.2861;6776.3555
256.0741;310.2013;0.0000;562.9175;6783.3555
257.0741;310.2013;0.0000;562.9789;6791.2939
258.0741;309.3242;0.0000;559.2247;6798.2944
259.9512;309.3242;0.0000;563.9175;6805.2944
260.9512;308.3856;0.0000;562.1018;6812.2949
261.9512;308.4470;0.0000;559.9789;6819.2939
262.8898;307.5085;0.0000;564.9175;6826.2939
263.8898;307.5699;0.0000;560.2861;6833.2944
264.8898;306.6314;0.0000;560.0404;6840.2944
265.8283;305.6928;0.0000;564.9175;6847.2949
266.8283;305.7542;0.0000;558.4705;6854.2939
267.8283;304.8157;0.0000;562.8561;6861.2944
268.8284;303.9386;0.0000;564.0404;6868.2944
269.7669;303.0000;0.0000;558.4705;6875.2944
270.7669;303.0615;0.0000;562.9789;6882.2949
270.8283;302.1229;0.0000;562.2247;6889.2939
271.7669;301.1843;0.0000;560.2861;6896.2944
272.7669;300.3072;0.0000;564.0404;6903.2944
274.7054;299.3686;0.0000;560.4091;6910.2949
275.7054;299.4301;0.0000;562.0404;6917.2949
276.7054;298.4915;0.0000;565.0404;6924.2939
278.6440;297.6144;0.0000;559.5319;6931.2944
279.6440;296.6758;0.0000;562.2247;6938.3555
280.5826;295.7373;0.0000;564.1633;6945.3560
281.5826;295.7987;0.0000;557.7162;6952.3555
283.5211;294.8602;0.0000;563.2247;6959.3555
284.5211;293.9216;0.0000;563.5933;6966.3555
285.4597;293.0445;0.0000;560.4705;6974.2944
286.4597;292.1059;0.0000;564.2247;6981.2949
287.4597;291.2288;0.0000;560.5933;6988.2944
288.4597;290.2903;0.0000;562.2861;6995.2949
290.3983;289.3517;0.0000;566.1633;7002.2944
291.3983;288.4131;0.0000;562.4091;7009.2944
292.3369;287.5360;0.0000;565.9790;7016.2944
293.3368;285.6589;0.0000;569.0404;7023.2949
294.3368;284.7204;0.0000;563.4091;7030.2949
295.3368;283.8432;0.0000;568.0404;7037.2939
296.3369;281.9661;0.0000;567.4705;7044.2949
297.3368;281.0890;0.0000;564.3477;7051.2944
298.3368;280.1505;0.0000;569.0404;7058.2949
299.3368;278.3347;0.0000;565.4705;7065.2944
299.3368;277.3962;0.0000;568.0404;7072.2939
300.3369;275.5805;0.0000;577.5488;7079.2944
301.3368;274.6419;0.0000;573.9175;7086.2949
301.3983;272.7648;0.0000;579.4260;7093.2949
301.5211;270.9492;11.2627;585.1802;7100.2939
302.5211;269.0720;0.7373;584.2417;7107.2944
302.5826;268.1335;0.0000;591.7501;7114.2944
302.6440;266.2564;0.0000;592.8116;7121.3560
303.6440;264.4407;0.7373;590.9344;7128.3564
303.7054;263.5021;0.0000;595.6272;7135.3555
303.7669;261.6250;0.0000;592.8730;7142.3555
304.8284;260.7479;0.0000;592.2585;7149.3560
304.8898;258.8708;0.0000;598.4429;7156.3560
305.9512;257.9323;0.0000;592.9344;7164.2944
306.0126;257.0551;0.0000;594.6887;7171.2949
307.0127;256.1165;0.0000;597.6273;7178.2944
307.1356;254.2394;0.0000;592.0574;7185.2939
308.1356;253.3009;0.0000;597.4429;7192.2944
308.2585;252.4237;0.0000;595.8730;7199.2949
309.2585;251.4852;0.7373;593.0574;7206.2949
309.3813;249.6081;0.0000;598.6272;7213.2939
310.3813;248.6695;0.0000;595.9959;7220.2944
311.3813;247.7309;0.7373;595.7501;7227.2944
312.4427;246.7924;0.0000;601.5044;7234.2944
312.5042;245.8539;0.0000;598.8115;7241.2949
313.5656;244.9153;0.0000;602.3201;7248.2939
314.5656;243.9767;0.0000;610.0743;7255.2944
314.6885;243.0382;0.0000;608.1971;7262.2949
315.6885;241.1610;0.0000;616.4598;7269.2949
315.8114;240.2225;0.0000;619.4598;7276.2949
315.8728;239.2839;0.7373;617.5828;7283.2944
315.9343;238.3454;0.0000;622.2141;7290.2944
316.0572;238.3454;0.0000;622.3984;7297.2944
316.1186;237.4068;0.7373;619.4598;7304.2949
316.1801;236.4682;11.2627;626.0298;7311.3555
316.3029;235.5297;0.0000;622.3370;7318.3555
316.3644;234.5911;11.2627;624.1527;7325.3560
316.4258;233.5911;0.0000;628.0912;7332.3560
316.5487;232.6526;0.0000;621.5828;7339.3560
316.6101;231.7140;0.0000;625.0912;7347.2944
316.6716;231.7140;11.2627;628.1526;7354.2949
317.7330;230.7755;0.0000;623.5828;7361.2939
317.8559;229.7755;11.2627;628.0912;7368.2944
317.9174;228.8369;0.7373;626.3370;7375.2944
318.9788;227.8983;0.0000;622.4598;7382.2949
319.0402;227.8983;0.0000;629.1526;7389.2949
320.0402;226.9598;11.2627;624.5828;7396.2939
320.1017;225.9598;0.0000;625.3370;7403.2944
320.2245;225.0212;0.0000;630.1527;7410.2944
321.2860;223.1441;0.0000;624.6442;7417.2949
321.3474;222.2055;0.0000;628.3984;7424.2939
321.4089;221.2670;0.0000;620.0128;7431.2944
321.4703;220.3284;0.0000;629.3984;7438.2949
321.5317;218.3899;0.0000;634.0298;7445.2944
321.6547;217.4513;0.0000;636.9683;7452.2949
322.6547;216.4513;0.0000;633.1526;7459.2944
322.7775;215.5128;0.0000;638.6611;7466.2944
322.8390;213.6356;0.0000;634.2756;7473.2944
322.9004;212.6971;0.0000;636.0298;7480.2949
322.9619;211.7585;0.0000;642.6611;7487.2949
323.0233;209.8814;0.0000;637.2756;7494.3555
323.0847;208.8814;0.0000;637.9069;7501.3560
323.1462;207.8814;0.7373;642.7226;7508.3560
323.2690;206.0043;0.0000;637.3370;7515.3560
323.3919;205.0043;0.7373;641.9683;7522.3555
323.5148;203.0657;0.0000;641.2141;7530.2949
323.5763;202.1272;0.0000;637.3984;7537.2944
323.6992;200.1886;0.0000;642.9683;7544.2939
324.6991;198.2500;0.0000;640.4598;7551.2944
324.8220;197.3115;0.0000;639.3370;7558.2949
324.8835;195.3729;0.0000;647.0298;7565.2949
325.0063;194.4344;0.0000;638.6442;7572.2939
324.1292;192.4958;0.0000;641.3984;7579.2944
324.2521;191.4958;0.0000;647.2756;7586.2944
324.3136;189.5573;0.0000;638.8285;7593.2944
324.4364;188.5573;0.0000;643.7841;7600.2949
324.5593;186.6187;0.0000;643.5828;7607.2939
324.6822;185.6187;0.0000;639.8285;7614.2944
324.7436;184.6187;0.0000;645.3984;7621.2944
323.9279;183.6801;0.0000;642.7671;7628.2949
323.9894;181.7416;0.0000;641.6442;7635.2949
324.1123;180.6801;0.0000;647.2756;7642.2939
324.1737;179.6801;0.0000;640.8900;7649.2944
324.2966;178.6801;0.0000;640.7670;7656.2944
324.3581;177.6801;0.0000;647.4598;7663.2949
324.4195;176.6187;0.0000;640.0128;7670.2939
324.4809;175.6187;0.0000;643.5828;7677.3555
324.5424;173.6801;11.2627;644.7671;7684.3560
323.6653;172.6801;0.0000;640.0128;7691.3560
323.7267;171.6801;11.2627;643.6442;7698.3560
323.7881;170.6801;0.0000;644.7671;7705.3555
322.9110;169.6801;0.0000;639.8900;7712.3555
322.9724;168.6801;0.0000;643.8285;7720.2939
323.0339;167.6801;0.0000;641.1971;7727.2944
322.0953;166.6801;0.0000;640.8900;7734.2949
322.1568;164.7416;0.0000;645.8900;7741.2949
322.2182;163.8030;0.0000;640.1357;7748.2949
321.2797;162.8030;0.0000;643.8899;7755.2944
321.3411;161.8030;0.0000;647.2756;7762.2944
320.4640;160.8030;0.0000;641.1971;7769.2944
320.4640;159.8030;0.0000;647.6442;7776.2949
319.5869;158.8030;0.0000;644.0743;7783.2939
319.5869;157.8645;0.0000;644.9514;7790.2944
318.7097;156.8644;0.7373;648.7056;7797.2949
317.8326;155.8645;0.0000;645.8900;7804.2944
317.8941;154.8644;0.0000;648.7670;7811.2949
316.9555;152.9259;0.0000;654.5214;7818.2944
316.0784;151.9259;0.0000;648.8900;7825.2944
316.1398;150.9259;0.7373;652.0298;7832.2944
315.2627;149.9259;0.0000;657.3984;7839.2949
314.3242;149.8645;0.0000;650.8285;7846.2949
313.4470;148.8030;0.0000;657.3370;7853.2939
312.5085;147.8030;0.0000;658.4599;7860.2949
312.5699;146.8644;0.0000;653.6442;7867.3555
311.6314;144.8644;0.0000;658.3984;7874.3560
310.7543;143.8645;0.0000;652.9514;7881.3555
309.8771;142.8644;0.0000;655.6442;7888.3555
308.9386;141.9259;0.7373;664.0913;7895.3555
308.0615;139.9873;0.0000;655.8285;7903.2939
307.1229;138.9873;0.0000;656.5828;7910.2949
306.1843;137.9873;0.0000;658.6442;7917.2944
304.3687;137.0488;0.0000;654.7671;7924.2949
303.4301;135.1102;0.0000;658.6442;7931.2944
302.5530;134.1102;0.0000;655.9514;7938.2944
301.6144;133.1102;0.0000;654.8900;7945.2944
300.7373;132.1102;0.0000;658.7671;7952.2949
299.7987;130.1717;0.0000;657.9514;7959.2949
298.8602;129.2331;0.0000;652.1357;7966.2939
297.9216;128.2331;0.0000;659.5828;7973.2949
297.0445;127.2331;0.0000;653.3201;7980.2944
296.1059;126.2331;0.0000;655.9514;7987.2949
295.2288;125.2331;0.0000;656.0128;7994.2944
295.2288;124.2331;0.0000;652.3815;8001.2939
294.2903;123.2945;0.0000;657.8285;8008.2944
293.4131;121.3560;0.0000;657.0743;8015.2949
292.4746;120.3560;0.0000;652.3200;8022.2949
291.5975;118.4174;0.0000;657.8900;8029.2939
290.6589;117.4174;0.0000;655.2585;8036.2944
289.7204;115.5403;0.0000;654.2586;8043.2944
288.7818;114.5403;0.0000;657.9514;8050.3560
287.9047;112.5403;0.0000;653.5658;8057.3564
286.9661;111.5403;0.0000;654.1357;8064.3555
287.0275;110.6017;0.0000;659.1971;8071.3555
286.0890;108.6632;0.0000;651.6272;8078.3560
285.1504;107.6632;0.0000;656.1357;8086.2944
284.2733;105.7246;0.0000;657.2586;8093.2944
283.3347;104.7246;0.0000;652.4429;8100.2949
282.3962;103.7246;0.0000;656.1357;8107.2949
281.5191;102.7246;0.0000;654.4430;8114.2939
281.5191;101.7246;0.0000;651.5044;8121.2944
280.6419;100.7246;0.0000;656.2585;8128.2944
279.7034;98.7861;0.0000;652.5658;8135.2949
278.7648;97.7861;0.0000;654.3201;8142.2939
277.8877;96.7246;0.0000;657.3200;8149.2944
276.9492;94.7861;0.7373;650.7501;8156.2944
276.0721;93.7861;0.0000;656.3201;8163.2944
275.1335;92.7861;0.7373;656.3815;8170.2949
274.1949;91.7861;0.0000;650.8116;8177.2939
272.3792;90.7246;0.0000;656.3201;8184.2944
271.4407;89.7246;0.0000;654.6887;8191.2949
270.5636;89.6632;0.7373;651.7501;8198.2949
268.6865;88.6018;0.0000;656.5658;8205.2949
267.7479;87.6018;0.7373;652.8115;8212.2949
265.9322;86.6018;0.0000;653.4430;8219.2949
264.0551;85.6018;0.0000;657.7501;8226.2949
263.1165;84.6018;0.0000;653.5044;8233.3564
261.2394;83.6018;0.0000;654.5658;8240.3555
260.3008;82.6018;0.0000;656.6887;8247.3555
258.4852;81.5403;0.0000;652.8730;8254.3555
257.5466;81.4789;0.0000;653.8116;8261.3555
255.6695;80.4789;0.0000;657.7501;8268.3555
254.7310;79.4789;0.0000;653.8116;8276.2949
253.7924;79.3560;0.0000;657.7501;8283.2949
251.9153;79.2945;0.0000;653.1802;8290.2949
251.0381;78.2945;0.0000;653.9959;8297.2949
250.0996;78.2331;0.0000;658.7501;8304.2939
248.2225;78.1102;0.0000;653.2417;8311.2949
247.2839;77.1102;0.0000;654.9344;8318.2949
245.4068;77.0488;11.2627;659.9344;8325.2939
244.4682;76.0488;0.0000;653.3645;8332.2949
242.5911;75.0488;0.0000;656.9959;8339.2949
240.7140;74.0488;0.0000;657.2417;8346.2949
239.7755;73.9259;0.0000;654.1188;8353.2949
238.8369;72.9259;0.0000;651.4874;8360.2949
236.9598;71.8645;0.0000;662.9344;8367.2939
235.1441;71.8030;0.0000;649.5490;8374.2949
234.2055;70.7416;0.0000;667.5044;8381.2949
232.3284;70.6801;0.0000;660.1188;8388.2939
231.3899;70.6187;0.0000;660.9958;8395.2949
229.5127;69.6187;0.0000;667.6887;8402.2949
228.5742;69.4958;0.0000;662.9959;8409.2949
226.6971;68.4958;0.0000;662.9344;8416.2949
224.7585;67.4958;0.0000;664.9959;8423.3555
223.8199;67.4344;0.0000;665.7502;8430.3555
222.0043;66.3729;0.0000;667.6272;8437.3555
220.1272;66.3115;0.0000;665.9344;8444.3555
219.1886;65.2500;0.0000;662.9344;8451.3564
217.3115;65.1886;0.0000;669.5658;8459.2949
215.3729;64.1886;0.0000;664.9959;8466.2949
213.4958;64.1272;0.0000;665.7502;8473.2949
212.5573;63.0657;0.0000;669.6887;8480.2939
210.6801;63.0043;0.7373;661.3031;8487.2949
209.7415;62.9428;0.0000;667.8116;8494.2949
207.8644;62.8200;0.7373;667.8730;8501.2939
206.8644;61.8200;0.0000;665.1802;8508.2949
204.9873;61.7585;0.0000;668.7501;8515.2949
204.0488;61.6971;0.0000;666.0574;8522.2949
202.1717;61.5742;0.0000;665.9344;8529.2949
201.2331;61.5127;0.0000;670.6272;8536.2949
199.3560;61.3899;0.0000;665.1802;8543.2939
197.4789;61.3284;0.0000;664.9959;8550.2949
196.4789;60.2670;0.0000;670.7501;8557.2949
194.6017;60.2055;0.0000;663.3031;8564.2949
193.6632;60.1441;0.0000;668.7501;8571.2949
191.7246;60.0212;0.0000;669.8730;8578.2949
190.7861;58.9598;0.0000;663.3031;8585.2939
188.8475;58.8983;0.0000;668.8115;8592.2949
187.9090;58.7754;0.0000;667.9959;8599.2949
186.0318;58.7140;0.0000;666.0574;8606.3555
185.0318;58.6526;0.0000;669.8730;8613.3555
183.1547;58.5297;0.0000;665.3646;8620.3555
182.1547;58.4682;0.0000;666.1188;8627.3555
181.2162;58.3454;0.0000;669.9344;8634.3555
180.2776;58.2839;0.0000;663.4874;8642.2949
179.2776;58.1610;0.0000;667.9959;8649.2949
178.3391;58.0996;0.0000;670.0574;8656.2949
177.3391;58.0382;0.0000;663.4260;8663.2949
176.3391;58.8538;0.0000;669.0574;8670.2949
175.4005;58.7924;0.0000;670.0574;8677.2949
174.4005;58.6695;0.0000;663.4260;8684.2949
174.3391;59.5466;0.0000;669.9959;8691.2949
173.4005;59.4852;0.0000;663.6718;8698.2949
172.4005;59.3623;0.0000;665.3031;8705.2949
171.4005;59.3009;0.0000;670.0574;8712.2949
171.3391;60.1780;0.0000;663.4260;8719.2949
170.4005;60.1165;0.7373;667.0574;8726.2949
170.3391;60.9937;0.0000;669.1802;8733.2949
169.4005;60.8708;0.0000;663.5488;8740.2949
168.4005;60.8093;0.0000;668.1188;8747.2949
167.4619;60.7479;0.0000;667.2417;8754.2949
166.4619;61.6250;0.0000;662.5488;8761.2949
165.4619;61.5636;0.0000;668.1188;8768.2949
164.5233;61.5021;0.0000;663.6718;8775.2949
163.5234;62.3792;0.0000;665.3646;8782.2939
162.5233;62.3178;0.0000;670.0574;8789.3555
162.4619;62.2564;0.0000;663.4874;8796.3555
161.5234;63.1335;0.0000;663.4874;8803.3555
160.5233;63.0106;0.0000;670.3646;8810.3555
159.5234;63.9492;0.0000;662.6718;8817.3555
159.4619;63.8877;0.0000;667.3646;8824.3555
158.4619;63.8263;0.0000;667.4260;8832.2949
157.5234;64.7034;0.0000;660.7332;8839.2949
156.5233;64.7034;0.0000;667.3031;8846.2949
155.5234;65.5805;0.0000;665.6104;8853.2949
153.6462;65.5191;0.0000;661.6102;8860.2949
152.6462;65.4576;0.0000;670.1802;8867.2949
150.7077;65.3962;0.0000;660.8561;8874.2949
149.7077;66.2733;0.0000;663.4874;8881.2949
147.8306;66.2119;0.0000;671.1188;8888.2949
145.8920;67.0890;0.0000;660.8561;8895.2949
144.9534;67.0275;0.0000;661.6718;8902.2949
143.0149;67.9047;0.0000;653.3477;8909.2949
142.0149;67.9047;0.0000;660.8561;8916.2949
141.0763;67.8432;0.0000;656.0404;8923.2949
141.0149;68.7203;0.0000;656.1633;8930.2949
140.0763;68.6589;0.0000;651.7947;8937.2949
139.0763;69.5975;0.0000;658.9175;8944.2949
138.0763;70.4746;0.0000;650.5320;8951.2949
137.1378;70.4746;0.0000;653.1633;8958.2949
136.1378;70.4131;0.0000;655.1633;8965.2949
135.1378;71.2903;0.0000;650.5320;8972.3555
134.1992;71.2288;0.0000;657.4260;8979.3555
132.2607;72.1059;0.0000;657.2861;8986.3564
131.3221;72.1059;0.0000;652.4091;8993.3555
130.3221;72.9831;0.0000;655.2861;9000.3555
128.4450;72.9216;0.7373;655.2247;9007.3564
127.4450;73.8602;0.0000;652.2247;9015.2939
125.5064;74.7373;0.0000;657.8561;9022.2949
124.5064;74.7373;0.0000;650.0404;9029.2949
123.5679;75.6144;0.0000;654.2861;9036.2949
121.6293;76.4915;0.0000;657.7946;9043.2949
120.6293;77.3687;0.7373;650.5320;9050.2949
119.6908;78.3072;0.0000;653.1633;9057.2939
118.6908;78.2458;0.0000;656.1633;9064.2949
117.6908;79.1229;0.0000;651.4091;9071.2949
116.6908;80.0000;0.0000;656.8561;9078.2939
115.6908;80.9386;0.0000;655.1633;9085.2949
113.7522;81.8157;0.7373;654.2247;9092.2949
112.8136;82.6928;0.0000;656.7947;9099.2949
111.8136;83.6314;0.7373;653.1633;9106.2949
110.8136;84.5085;0.0000;652.2247;9113.2949
109.8136;85.3856;0.0000;658.6718;9120.2939
108.8136;86.3242;0.0000;654.1018;9127.2949
107.8136;87.2013;0.0000;654.9175;9134.2949
107.7522;87.2013;0.7373;658.7332;9141.2949
106.7522;88.0784;0.0000;653.1633;9148.2949
106.6908;88.9555;0.0000;659.5490;9155.2949
105.6908;89.8941;0.7373;656.7947;9162.3564
104.6908;90.7712;0.0000;654.9175;9169.3555
104.6293;90.7097;0.0000;659.4874;9176.3555
103.6293;91.6483;0.7373;656.7947;9183.3564
102.6293;92.5254;0.7373;654.6718;9190.3555
101.6293;92.5254;0.7373;659.4874;9198.2949
101.5679;93.4025;0.0000;655.0404;9205.2949
100.5679;93.3411;0.0000;657.6718;9212.2949
100.5064;94.2797;0.0000;659.5490;9219.2949
100.4450;94.2182;0.7373;655.8561;9226.2949
100.3835;95.1568;0.0000;660.4874;9233.2939
99.3835;95.0953;0.0000;660.4874;9240.2949
99.3221;95.9725;0.0000;655.8561;9247.2949
98.3221;96.9110;0.0000;660.4874;9254.2939
98.2607;96.8496;0.0000;657.8561;9261.2949
98.1992;97.7267;0.0000;657.6718;9268.2949
97.1992;97.7267;0.0000;662.4874;9275.2949
97.1378;98.6653;0.0000;657.8561;9282.2949
97.0763;98.6038;0.0000;660.4874;9289.2949
97.0149;99.5424;0.0000;662.4260;9296.2939
95.9535;100.4195;0.0000;652.2247;9303.2949
95.8920;100.3580;0.0000;660.4874;9310.2949
94.9535;101.2352;0.0000;661.4259;9317.2939
94.8920;101.2352;0.0000;657.7946;9324.2949
94.8306;102.1123;0.0000;661.4259;9331.2949
93.8306;102.1123;0.0000;662.5488;9338.2949
93.7077;102.9894;0.0000;657.6718;9345.3555
92.7691;103.8665;0.0000;663.3031;9352.3555
92.7077;103.9280;0.0000;657.7946;9359.3555
91.7077;104.8051;0.0000;660.3031;9366.3555
90.7077;105.6822;0.0000;663.2417;9373.3555
89.7077;105.6822;0.0000;657.6718;9380.3555
88.7077;106.5593;0.0000;661.3645;9388.2949
87.7077;107.4979;0.0000;666.1802;9395.2949
87.6463;107.4979;0.0000;657.6718;9402.2949
86.6463;108.3750;0.0000;663.1802;9409.2949
85.6463;109.3136;0.0000;662.3031;9416.2949
84.6463;109.2521;0.0000;657.6102;9423.2949
83.6463;110.1907;0.0000;662.1802;9430.2949
82.6463;111.0678;0.0000;658.4260;9437.2949
81.6463;112.0063;0.0000;662.1802;9444.2949
80.5848;112.0063;0.0000;665.9344;9451.2949
79.5848;112.8220;0.0000;660.4874;9458.2949
78.5848;113.7606;0.0000;663.0574;9465.2949
77.5848;114.6992;0.0000;665.0574;9472.2949
76.5848;115.6377;0.0000;661.2416;9479.2949
75.6463;116.5763;0.0000;663.0574;9486.2949
74.6463;117.5148;0.0000;664.9344;9493.2949
73.6463;118.4534;0.0000;661.2416;9500.2949
73.6463;118.4534;0.0000;663.0574;9507.2949
72.6463;119.3919;0.0000;661.2416;9514.2949
71.6463;120.2691;0.0000;660.1802;9521.2949
71.5848;121.2076;0.7373;667.8116;9528.3555
70.5848;122.1462;0.0000;661.2416;9535.3555
69.5848;123.0233;0.0000;660.1802;9542.3555
69.5234;123.0233;0.0000;667.8116;9549.3555
68.5234;123.9618;0.0000;663.1188;9556.3555
67.5234;124.9004;0.0000;665.7502;9563.3555
67.4619;125.8390;0.0000;662.9344;9571.2949
66.4619;126.7775;0.0000;661.9344;9578.2949
65.4619;127.7161;0.0000;667.6272;9585.2949
64.4619;128.6546;0.0000;663.0574;9592.2949
64.4005;129.5318;0.0000;662.9344;9599.2949
63.4005;130.4703;0.0000;669.5658;9606.2949
63.3390;131.4089;0.0000;663.1188;9613.2949
62.3390;132.3474;0.0000;664.8116;9620.2949
62.2776;133.2860;0.0000;668.6887;9627.2949
62.2162;134.2245;0.7373;660.1188;9634.2949
61.2162;136.1017;0.0000;669.4430;9641.2949
61.1547;137.0402;0.0000;668.5658;9648.2949
61.0933;137.9788;0.0000;661.1188;9655.2949
60.0933;138.9173;0.0000;669.4430;9662.2949
60.0318;140.7944;0.0000;666.7501;9669.2949
59.0933;141.7330;0.0000;664.6272;9676.2949
59.0318;142.6716;0.0000;670.4430;9683.2939
58.9704;143.6101;0.0000;662.9344;9690.2949
57.9704;144.5487;0.7373;666.5658;9697.2949
57.9090;146.4258;0.0000;670.3201;9704.2949
56.9090;147.3644;0.0000;661.9959;9711.2949
56.8475;149.2415;0.0000;669.3201;9718.3555
56.7861;150.1801;0.0000;669.5044;9725.3555
55.7861;152.0572;0.0000;662.8730;9732.3555
55.7861;152.9957;0.0000;667.5658;9739.3564
54.7861;154.8728;0.0000;667.5658;9746.3555
54.7246;156.7500;0.0000;666.4429;9754.2949
54.6632;158.6271;0.0000;672.1357;9761.2949
53.6632;159.6271;0.0000;666.6273;9768.2949
53.6018;161.5042;0.0000;668.3200;9775.2939
53.5403;163.3813;0.0000;669.3201;9782.2949
52.5403;165.2584;0.0000;665.4430;9789.2949
52.4789;166.1970;0.0000;669.1357;9796.2939
51.4174;168.0741;0.0000;670.2586;9803.2949
50.4789;169.0127;0.0000;665.5044;9810.2949
50.4174;170.8898;0.0000;669.1971;9817.2949
49.4174;171.8283;0.0000;670.2586;9824.2949
49.3560;173.7055;0.0000;666.5044;9831.2949
48.3560;174.6440;0.0000;670.0743;9838.2939
48.3560;176.5211;0.0000;665.5658;9845.2949
47.3560;178.3983;0.7373;665.3200;9852.2949
47.2945;179.3368;0.0000;670.0743;9859.2939
47.2945;181.2754;0.0000;666.5044;9866.2949
46.2945;183.1525;0.0000;668.1971;9873.2949
46.2331;184.1525;0.0000;669.3201;9880.2949
46.1717;186.0296;0.0000;666.3201;9887.2949
46.1102;187.9067;0.7373;671.8285;9894.2949
46.0488;189.7838;0.0000;670.1357;9901.3555
45.9873;191.6609;0.0000;666.4429;9908.3555
45.9259;192.5995;0.0000;672.1357;9915.3564
45.8645;194.4766;0.0000;667.4429;9922.3555
45.8030;195.4152;0.0000;670.0743;9929.3555
45.7416;197.2923;0.0000;674.9514;9936.3564
45.7416;198.2309;0.0000;668.3200;9944.2949
45.6801;199.1694;0.0000;669.0743;9951.2939
45.6801;201.0465;0.0000;672.9514;9958.2949
45.6187;202.0465;0.0000;666.3201;9965.2949
45.5573;202.9851;0.0000;671.9514;9972.2939
45.5573;203.9237;11.2627;671.0128;9979.2949
45.4958;205.8008;11.2627;665.2586;9986.2949
45.4344;206.7393;0.0000;671.8900;9993.2949
45.3729;208.6165;11.2627;666.3815;10000.2949
45.3115;209.5550;0.0000;656.8116;10007.2949
45.2500;210.4936;0.0000;661.5044;10014.2939
45.2500;211.4321;0.0000;657.8730;10021.2949
45.1886;212.3707;0.7373;657.6272;10028.2949
45.1272;213.3092;0.0000;661.5044;10035.2939
45.0657;214.3092;0.0000;655.9344;10042.2949
45.0043;215.2478;0.0000;660.4429;10049.2949
44.9428;216.1864;0.0000;659.4430;10056.2949
44.8814;217.1249;0.0000;656.6272;10063.2949
44.8200;218.0635;0.0000;659.5044;10070.2949
44.8200;219.0020;0.0000;659.6272;10077.2939
44.7585;219.0020;0.0000;657.5044;10084.3555
44.6971;219.9406;0.7373;662.1357;10091.3564
45.5742;220.9406;0.0000;655.6273;10098.3555
45.5127;221.9406;0.0000;656.3201;10105.3555
45.4513;222.8792;0.7373;662.0128;10112.3564
45.3899;223.8177;0.0000;654.5044;10119.3555
45.3284;224.7563;0.0000;658.8900;10127.2939
45.2670;225.7563;0.0000;660.9514;10134.2949
45.2055;225.8177;0.0000;656.1971;10141.2949
45.2055;226.8177;0.0000;659.7670;10148.2939
46.0827;227.7563;0.0000;659.0128;10155.2949
46.0212;228.7563;0.0000;656.0128;10162.2949
45.9598;228.7563;0.0000;661.8285;10169.2949
45.8983;229.6334;0.7373;656.0743;10176.2949
45.8369;230.5720;0.0000;657.8285;10183.2949
45.7755;230.5720;0.7373;653.1357;10190.2939
46.6526;231.5105;0.7373;656.7670;10197.2949
46.5911;232.4491;0.0000;659.4598;10204.2949
46.5297;232.5105;0.0000;663.1527;10211.2949
46.4682;233.5105;0.0000;655.6442;10218.2949
46.4068;234.5105;0.0000;658.4599;10225.2949
46.3454;234.5105;0.7373;658.5214;10232.2939
47.2839;235.4491;0.0000;658.2756;10239.2949
47.2225;236.3876;0.0000;663.9683;10246.2949
47.1610;236.4491;0.7373;657.5214;10253.2939
47.1610;237.4491;0.0000;659.5997;10260.2949
48.0382;238.3876;0.0000;664.6611;10267.2949
47.9767;238.3876;0.7373;658.0913;10274.3555
47.9153;239.3876;0.0000;658.0913;10281.3555
47.8538;240.3876;0.0000;663.7226;10288.3555
47.7924;241.3876;0.0000;655.2756;10295.3555
47.7309;241.4491;0.0000;660.7841;10302.3555
47.6695;242.3876;0.0000;660.7841;10310.2949
47.6695;243.3262;0.7373;656.9069;10317.2949
47.6081;244.2647;0.0000;663.4768;10324.2949
47.4852;244.3262;0.7373;657.9683;10331.2949
47.4237;245.3262;0.0000;657.7226;10338.2949
47.3623;246.3262;0.0000;663.5383;10345.2939
47.3009;246.3262;0.0000;657.7841;10352.2949
47.2394;247.2648;0.0000;655.7226;10359.2949
47.2394;248.2647;0.0000;663.3539;10366.2939
47.1780;249.2648;0.0000;657.7226;10373.2949
47.1165;250.2033;0.0000;662.1082;10380.2949
47.0551;251.1419;0.0000;660.2311;10387.2949
46.9937;252.1419;0.0000;657.7226;10394.2949
46.9322;253.1419;0.0000;662.8624;10401.2949
46.8093;254.1419;0.0000;660.4154;10408.2949
47.6864;255.0804;0.0000;659.2311;10415.2949
47.6250;256.0804;0.0000;663.9238;10422.2949
47.5636;257.0804;0.0000;659.2925;10429.2939
47.4407;258.0804;0.0000;659.9853;10436.2949
47.3792;259.0190;0.0000;663.8009;10443.2949
48.2564;260.0190;0.0000;657.2925;10450.2949
48.1949;261.0190;0.0000;662.8010;10457.3555
48.1335;262.0190;0.0000;663.8009;10464.3555
48.0720;262.9576;0.0000;657.1696;10471.3555
48.0720;263.9576;0.0000;659.8624;10478.3555
48.8877;264.9576;0.0000;659.8624;10485.3564
48.8877;265.8961;0.0000;657.9238;10493.2949
48.8263;266.8961;0.0000;664.4323;10500.2949
48.7648;267.8961;0.0000;658.1082;10507.2949
48.7034;268.8961;0.0000;658.8624;10514.2949
49.5805;269.8347;0.0000;665.4937;10521.2949
49.5805;270.8347;0.0000;656.9853;10528.2949
49.5191;271.7732;0.0000;659.7395;10535.2949
50.4576;272.7732;0.0000;662.8010;10542.2939
50.4576;273.7118;0.0000;657.1696;10549.2949
50.3962;274.7118;0.0000;662.6167;10556.2949
51.3347;275.6503;0.0000;659.8624;10563.2949
51.3347;276.5889;0.0000;658.8009;10570.2949
51.2733;277.5889;0.0000;654.2311;10577.2949
51.2119;278.5275;0.0000;657.8624;10584.2939
51.2119;278.5889;0.0000;662.4938;10591.2949
52.0890;279.5889;0.0000;666.3094;10598.2949
52.0275;280.5889;0.0000;657.9852;10605.2939
52.9047;281.5889;0.0000;662.4323;10612.2949
53.7818;281.6504;0.0000;667.3094;10619.2949
53.7203;282.5889;0.0000;657.5552;10626.2949
54.6589;283.5889;0.0000;662.3708;10633.2949
54.5975;283.5889;0.0000;662.4323;10640.3555
55.4746;284.5889;0.0000;659.4323;10647.3555
55.4746;285.5275;0.0000;665.8794;10654.3555
55.4131;285.5889;0.0000;659.4937;10661.3564
56.2903;286.5275;0.0000;662.1251;10668.3555
56.2903;287.5275;0.0000;666.8180;10675.3555
56.2288;287.5889;0.0000;659.3094;10683.2949
57.1059;288.5889;0.0000;663.0022;10690.2949
57.1059;289.5275;0.0000;663.9408;10697.2949
57.9831;290.5275;0.0000;657.3094;10704.2949
58.8602;291.5275;0.7373;663.0022;10711.2949
58.7987;291.5889;0.0000;662.9408;10718.2949
59.6758;292.5889;0.0000;658.2480;10725.2949
59.6144;293.5274;0.7373;664.6950;10732.2949
60.5530;294.5275;0.0000;659.0637;10739.2949
61.4301;295.5275;0.0000;661.8179;10746.2949
61.3686;296.4660;0.0000;662.8179;10753.2949
62.3072;297.4660;0.0000;659.1865;10760.2939
62.2458;298.4660;0.0000;661.6950;10767.2949
63.1229;298.5275;0.7373;665.5107;10774.2949
63.1229;299.4660;0.0000;660.9408;10781.2949
64.0000;300.4660;0.0000;661.6950;10788.2949
64.8771;301.4660;0.0000;660.6950;10795.2949
64.8771;302.4660;0.0000;657.0022;10802.2949
65.7542;303.4660;0.7373;662.5721;10809.2949
65.6928;304.4046;0.0000;658.8793;10816.2949
66.6314;305.4046;0.0000;658.6950;10823.2939
66.5699;306.4046;0.0000;664.2035;10830.3555
67.5085;307.4046;0.0000;656.9408;10837.3564
67.4470;307.4660;0.0000;660.5721;10844.3555
68.3856;308.4046;0.0000;663.4493;10851.3555
69.2627;309.4046;0.0000;657.7565;10858.3555
70.2013;310.4046;0.0000;662.3264;10866.2939
70.1398;311.4046;0.0000;661.6335;10873.2949
71.0169;312.3431;0.0000;657.7565;10880.2949
71.9555;312.4660;0.0000;660.5107;10887.2949
71.8941;313.4660;0.0000;656.9408;10894.2949
72.8326;314.4660;0.0000;657.6336;10901.2949
73.7097;315.4660;0.0000;663.3878;10908.2949
74.6483;316.4660;0.0000;654.8179;10915.2949
75.5254;316.5275;0.0000;658.5721;10922.2949
76.4640;317.5275;0.0000;662.1420;10929.2949
76.4025;318.5275;0.0000;655.5721;10936.2949
77.3411;319.5889;0.0000;662.2035;10943.2949
78.2182;320.5889;0.0000;663.2649;10950.2949
79.1568;320.6503;0.0000;655.5721;10957.2949
79.0953;321.6504;0.0000;660.3264;10964.2949
79.9725;322.7118;0.0000;660.3878;10971.2949
80.9110;323.7118;0.0000;655.6336;10978.2949
81.8496;324.7118;0.0000;658.3878;10985.2949
82.7267;325.7118;0.0000;653.8179;10992.2949
82.7267;326.7732;0.0000;655.5721;10999.2949
83.6653;326.8347;0.0000;661.0192;11006.2949
84.5424;327.8347;0.0000;652.8793;11013.3555
85.4809;328.8347;0.0000;655.5721;11020.3555
86.4195;329.8347;0.0000;656.5721;11027.3555
87.3581;330.8347;0.7373;651.8179;11034.3555
89.1737;331.8961;0.0000;655.5721;11041.3555
90.1123;332.8961;0.0000;655.5721;11049.2949
90.9894;333.8961;0.0000;652.7565;11056.2949
91.9280;333.9576;0.0000;657.2649;11063.2949
91.9280;334.9576;0.0000;649.9408;11070.2949
92.8665;335.9576;0.0000;652.6336;11077.2949
93.7436;336.9575;0.0000;658.3878;11084.2939
94.6822;337.9576;0.0000;652.7565;11091.2949
95.5593;338.0190;0.7373;657.2035;11098.2949
95.5593;339.0804;0.0000;656.5107;11105.2949
96.4979;340.0804;0.0000;651.8179;11112.2949
97.3750;341.0804;0.7373;655.3878;11119.2949
98.3136;342.0804;0.0000;655.5721;11126.2949
99.2521;343.0804;0.7373;649.9408;11133.2949
100.1292;343.1418;0.0000;655.3878;11140.2949
100.1292;344.1419;0.0000;655.6336;11147.2939
101.0063;345.1419;0.0000;652.5107;11154.2949
101.9449;345.2648;0.0000;658.2035;11161.2949
101.9449;346.2648;0.0000;652.6336;11168.2949
102.8220;347.2033;0.0000;654.3878;11175.2949
103.7606;347.2648;0.0000;658.2035;11182.2949
104.6992;348.2648;0.0000;651.6335;11189.2949
105.6377;349.2647;0.0000;655.2035;11196.3555
106.5148;349.3262;0.0000;655.3264;11203.3564
106.5148;350.3262;0.0000;653.5721;11210.3555
107.4534;350.3876;0.0000;657.2649;11217.3555
108.3919;351.3876;0.0000;650.7565;11224.3555
109.2691;351.4491;0.0000;652.5107;11231.3564
110.2076;352.4491;0.0000;656.5107;11239.2949
110.2076;352.5105;0.0000;652.7565;11246.2949
111.1462;352.5720;0.0000;652.4493;11253.2949
112.0233;353.5720;0.0000;655.5721;11260.2939
112.9618;353.6334;0.7373;649.9408;11267.2949
113.9004;354.5720;0.0000;655.1420;11274.2949
114.8390;354.6334;0.0000;653.4493;11281.2949
115.7161;355.6334;0.0000;649.7565;11288.2949
116.6546;355.6948;0.0000;655.2035;11295.2949
117.5932;355.7563;0.0000;652.4493;11302.2939
118.4703;356.7563;0.0000;649.6336;11309.2949
118.4703;356.8177;0.0000;655.2035;11316.2949
119.4089;356.9406;0.0000;649.6336;11323.2939
120.3474;357.0021;0.0000;652.3264;11330.2949
121.2860;358.0020;0.0000;655.3264;11337.2949
121.2246;358.0635;0.7373;648.7565;11344.2949
122.1631;358.1864;0.0000;650.3878;11351.2949
123.1017;359.1864;0.7373;653.2649;11358.2949
124.0402;359.2478;0.0000;649.6950;11365.2939
124.9788;359.3707;0.0000;649.4493;11372.2949
125.9173;360.3707;0.0000;652.5107;11379.2949
125.9173;360.4321;0.0000;650.4493;11386.3555
126.8559;361.4936;0.7373;652.3878;11393.3555
127.7330;361.5551;0.0000;649.5721;11400.3555
128.6716;362.5550;0.7373;650.4493;11407.3555
129.6101;362.6779;0.0000;655.1420;11414.3555
130.5487;362.7393;0.0000;646.9408;11422.2949
131.4872;362.8008;0.0000;650.4493;11429.2949
132.4258;363.8622;0.0000;650.5107;11436.2939
133.3644;363.9236;0.7373;642.1251;11443.2949
133.3644;363.9851;0.0000;649.5107;11450.2949
134.3029;364.0465;0.7373;648.6335;11457.2949
135.2415;365.0465;0.0000;647.6336;11464.2949
136.1801;365.1080;0.0000;649.5107;11471.2949
137.1186;365.1694;0.7373;646.7565;11478.2939
138.0572;365.2309;0.0000;645.7565;11485.2949
138.9957;366.2309;0.0000;650.5107;11492.2949
139.9343;366.2923;0.0000;643.1251;11499.2949
139.9343;366.3538;0.0000;644.6950;11506.2949
140.8728;366.4152;0.0000;649.8179;11513.2949
141.8114;367.4152;0.0000;644.9408;11520.2949
142.7500;367.4766;0.0000;647.6950;11527.2949
142.7500;367.5381;0.0000;646.8794;11534.2949
143.6271;367.5995;11.2627;644.8179;11541.2939
144.5656;367.6609;0.0000;649.7565;11548.2949
145.5042;367.7224;0.0000;645.0022;11555.2949
146.4427;368.7224;0.0000;644.9408;11562.2949
146.4427;368.7838;0.0000;649.8179;11569.3555
148.3199;368.8453;0.0000;646.1865;11576.3555
149.2584;368.8453;0.0000;646.9408;11583.3555
150.1970;369.8453;0.0000;649.0022;11590.3555
151.1355;369.9067;0.0000;641.6166;11597.3564
153.0126;369.9682;0.0000;647.8793;11605.2949
153.9512;370.9682;0.0000;647.1251;11612.2949
154.8898;371.0296;0.0000;645.2480;11619.2949
156.7669;371.0911;0.0000;649.0022;11626.2949
157.7055;372.0911;0.0000;645.3708;11633.2949
158.6440;372.1525;0.0000;643.4937;11640.2949
160.5211;372.1525;0.0000;647.2480;11647.2949
161.4597;372.2139;0.0000;641.6780;11654.2939
163.3983;373.2139;0.0000;642.5552;11661.2949
164.3368;373.3369;0.0000;636.0468;11668.2949
166.2139;374.3369;0.0000;639.0468;11675.2949
168.0910;374.3983;0.0000;643.3708;11682.2949
169.9682;375.3983;0.0000;642.8009;11689.2949
170.9067;375.4597;0.0000;636.1082;11696.2949
172.8453;375.5211;0.0000;641.7395;11703.2949
174.7224;376.5211;0.0000;639.1696;11710.2949
176.5995;376.5826;0.0000;638.8624;11717.2939
178.4767;376.6440;11.2627;643.6781;11724.2949
180.4152;376.7054;0.0000;636.3539;11731.2949
182.2923;376.7669;0.0000;638.0468;11738.2949
183.2309;376.8283;0.0000;641.9853;11745.2949
185.1694;376.9512;0.0000;636.4768;11752.3555
187.0465;377.0126;0.0000;639.1082;11759.3555
188.9851;377.0741;0.0000;637.4154;11766.3555
190.8622;377.1356;0.0000;636.5383;11773.3564
192.7393;377.1970;0.0000;639.1696;11780.3555
194.6779;377.2584;0.0000;637.5997;11787.3555
196.5550;377.3199;11.2627;636.4154;11795.2949
198.4321;377.3813;0.7373;640.2925;11802.2949
200.3707;377.4427;0.0000;635.9069;11809.2949
202.2478;377.5042;0.0000;636.7226;11816.2949
204.1249;377.5656;0.0000;636.7841;11823.2949
206.0635;376.6885;0.0000;633.9683;11830.2939
207.9406;376.7499;0.0000;635.7841;11837.2949
209.8177;375.8729;11.2627;637.6611;11844.2949
211.7563;375.9343;0.0000;630.9683;11851.2949
213.6334;375.1186;0.0000;636.7226;11858.2949
215.5105;375.1801;11.2627;634.8455;11865.2949
217.4491;375.2415;0.0000;632.0298;11872.2939
219.3262;374.3644;0.0000;636.6611;11879.2949
221.2648;374.4258;0.0000;634.0298;11886.2949
223.1419;374.4872;0.0000;633.8455;11893.2949
225.0804;373.6102;0.0000;637.8455;11900.2949
226.9575;373.6716;0.0000;633.2756;11907.2949
228.8347;373.7330;0.0000;635.9683;11914.2949
229.8347;372.8559;0.0000;636.9683;11921.2949
231.7118;372.9788;0.0000;632.1526;11928.2949
233.5889;372.1017;0.0000;636.7841;11935.2939
234.5889;372.1631;11.2627;636.9683;11942.3555
236.4660;371.2860;0.0000;634.9683;11949.3564
238.4046;371.3474;0.0000;637.6611;11956.3555
239.3431;370.4703;0.0000;631.3370;11963.3555
241.2817;370.5317;0.0000;632.2141;11970.3555
243.1588;369.7161;0.0000;636.8455;11978.2949
244.1588;369.7775;0.0000;633.2141;11985.2939
246.0974;368.9004;0.0000;633.9069;11992.2949
247.9745;369.0233;0.0000;637.8455;11999.2949
248.9745;369.0847;0.0000;633.2141;12006.2949
249.9745;368.2076;0.0000;635.0298;12013.2949
251.8516;368.3305;0.0000;636.0298;12020.2949
252.8516;368.3919;0.0000;632.2141;12027.2949
253.7902;367.5763;0.0000;636.7841;12034.2949
254.7902;367.6377;0.0000;634.0912;12041.2949
255.7902;367.6992;0.0000;631.9683;12048.2939
256.7287;367.8220;0.0000;637.8455;12055.2949
258.6673;366.9449;0.0000;631.3370;12062.2949
259.6673;367.0063;0.0000;634.0298;12069.2949
260.6673;367.1292;0.0000;636.7841;12076.2949
261.6673;367.1907;0.0000;631.2756;12083.2949
262.6673;366.3135;0.0000;636.6611;12090.2949
263.6058;366.4364;11.2627;635.9683;12097.2949
264.6059;366.4979;0.7373;632.2141;12104.2949
265.6058;366.5593;0.0000;634.8455;12111.2939
266.6058;365.7437;0.0000;633.9069;12118.2949
268.5444;365.8051;0.0000;632.0298;12125.3555
269.5444;365.8665;0.0000;636.6611;12132.3555
270.4830;365.9279;0.0000;631.2141;12139.3555
271.4830;366.0508;0.0000;635.7841;12146.3555
272.4830;366.1123;0.0000;636.7841;12153.3555
274.4215;366.1737;0.0000;631.2756;12161.2949
275.4215;366.2966;0.0000;634.9683;12168.2949
276.4215;365.4195;0.0000;636.0298;12175.2949
277.4215;365.4809;0.0000;631.2141;12182.2949
278.4215;365.5424;0.0000;636.7226;12189.2949
279.4215;364.6653;0.0000;634.0912;12196.2949
280.4215;364.7881;0.0000;631.1527;12203.2949
281.4215;364.8496;11.2627;635.9683;12210.2949
281.4830;364.9110;0.0000;631.2141;12217.2949
282.4830;364.0339;0.0000;632.9683;12224.2949
283.4830;364.0953;0.0000;635.7841;12231.2949
284.4830;363.2182;0.0000;631.3370;12238.2949
285.4830;363.2797;0.0000;631.0298;12245.2949
286.4215;363.3411;0.0000;635.0298;12252.2949
287.4215;362.4640;0.0000;629.2756;12259.2949
288.4215;362.5255;0.0000;633.9069;12266.2949
289.4215;361.6483;0.0000;634.0298;12273.2949
290.3601;361.6483;0.0000;631.0913;12280.2949
291.3601;360.7712;0.0000;635.7841;12287.2949
292.3601;360.8326;0.0000;630.2756;12294.2949
293.2986;360.8941;0.0000;630.9069;12301.2949
294.2987;359.9555;0.0000;637.6611;12308.3555
295.2372;360.0169;0.0000;631.2141;12315.3555
297.1758;359.1398;0.0000;634.8455;12322.3555
298.1758;359.2013;0.0000;635.9069;12329.3555
299.1143;358.3242;0.0000;631.2141;12336.3555
300.1143;358.3856;0.0000;635.7227;12343.3564
301.1143;357.5085;0.0000;635.7841;12351.2949
302.1143;357.5699;0.0000;632.0298;12358.2949
303.1143;356.6313;0.0000;633.8455;12365.2949
304.1143;356.7543;0.0000;630.2141;12372.2949
306.0529;355.8157;0.0000;633.7226;12379.2949
307.0529;354.9386;0.0000;635.7841;12386.2949
308.0529;354.9386;0.0000;631.0913;12393.2949
309.9915;354.0615;0.0000;633.8455;12400.2949
311.0529;353.1843;0.0000;634.8455;12407.2949
312.0529;352.3072;0.0000;631.0913;12414.2949
313.9914;351.4301;0.0000;634.7840;12421.2949
314.9915;351.4301;0.0000;633.9069;12428.2949
316.9300;350.5530;0.0000;630.9069;12435.2949
317.9915;349.6758;0.0000;635.7841;12442.2949
319.9300;348.7373;0.0000;633.0912;12449.2949
321.9300;347.8602;0.0000;632.0298;12456.2949
322.9915;346.9831;0.0000;636.5997;12463.2949
323.9915;346.0445;0.0000;631.2141;12470.2949
325.9915;344.2288;0.0000;631.9069;12477.2949
327.9914;343.2903;0.0000;636.7226;12484.2949
328.9915;342.4131;0.0000;629.2756;12491.3564
330.9915;341.5360;0.0000;634.7226;12498.3564
331.9915;340.6589;0.0000;634.9069;12505.3555
333.9915;339.7818;0.0000;631.0913;12512.3555
334.9914;337.9047;0.0000;633.9069;12519.3564
336.0529;337.0276;0.0000;633.0912;12526.3555
337.9914;336.1504;0.0000;631.0913;12534.2949
339.0529;334.3348;0.0000;636.7226;12541.2949
340.0529;333.4576;0.0000;630.3370;12548.2939
342.0529;331.5805;0.0000;632.9683;12555.2949
343.0529;330.7034;0.0000;635.7227;12562.2949
344.1143;329.8263;0.0000;629.3370;12569.2949
345.1758;327.9492;0.0000;633.9069;12576.2949
347.1758;327.0721;0.0000;634.0912;12583.2949
348.1758;325.1949;0.0000;629.3370;12590.2949
349.2372;324.3178;0.0000;633.9069;12597.2949
350.2986;322.4407;0.0000;634.2141;12604.2949
351.3601;320.6250;11.2627;632.0912;12611.2949
353.3601;319.7479;0.0000;634.0298;12618.2949
354.3601;317.8708;0.0000;630.4598;12625.2949
355.4215;316.9937;0.0000;631.2756;12632.2949
357.4215;315.1166;0.0000;635.9683;12639.2949
358.4830;313.3009;0.0000;629.2756;12646.2949
359.5444;312.3623;0.0000;633.0912;12653.2949
360.6058;310.5466;0.0000;635.9683;12660.2949
361.6673;308.6695;0.0000;628.4598;12667.2949
362.7287;306.8538;0.0000;634.0298;12674.2949
363.7287;304.9767;0.0000;631.3984;12681.3555
363.8516;304.0381;0.0000;631.2756;12688.3555
364.9130;302.1610;0.0000;634.0912;12695.3555
366.8516;300.3454;0.0000;630.5214;12702.3555
367.9131;299.4068;0.0000;631.3370;12709.3564
368.9130;297.5911;0.0000;635.9683;12717.2949
369.9745;296.6526;0.0000;632.3984;12724.2949
370.9745;294.8369;0.0000;632.2141;12731.2949
372.0359;292.9598;0.0000;634.2141;12738.2949
373.0974;292.0212;0.0000;629.5828;12745.2949
374.0974;290.1441;0.0000;632.3370;12752.2949
375.1588;288.2670;0.0000;634.3370;12759.2949
376.2203;286.4513;0.0000;630.6442;12766.2939
376.2817;285.5128;0.0000;635.2141;12773.2949
377.3431;283.6356;0.0000;631.5214;12780.2949
378.4046;281.8199;0.0000;631.4598;12787.2949
379.4046;279.9428;0.0000;636.1527;12794.2949
380.4660;279.0043;0.0000;631.5828;12801.2949
381.4660;277.1271;0.0000;632.2141;12808.2949
382.5275;276.2501;11.2627;636.2756;12815.2949
383.5275;274.3729;0.0000;630.7057;12822.2949
383.5889;272.4958;0.0000;634.2141;12829.2939
384.6504;271.5573;0.0000;634.3984;12836.2949
385.6503;269.7415;0.0000;630.6442;12843.2949
385.7733;267.8644;0.0000;632.2755;12850.2949
386.7733;266.9259;0.0000;633.3984;12857.2949
387.7732;265.0488;0.0000;632.5214;12864.3555
387.8961;263.1716;0.0000;637.2756;12871.3555
388.8961;261.2946;0.0000;631.7671;12878.3555
389.0190;260.3560;0.0000;634.4598;12885.3564
390.0190;258.4789;0.0000;637.3370;12892.3555
390.1419;256.6017;0.0000;631.7671;12899.3555
391.1418;255.6632;0.0000;637.2141;12907.2949
391.2033;253.7861;0.0000;637.4599;12914.2949
392.2647;251.9090;0.0000;634.5828;12921.2949
392.3262;250.9704;0.0000;639.1526;12928.2949
392.4491;249.0933;0.0000;639.3370;12935.2949
392.5105;247.2162;0.0000;640.0912;12942.2939
392.6334;245.3391;0.0000;642.9683;12949.2949
391.8177;243.4619;0.0000;639.2756;12956.2949
391.8792;241.5848;11.2627;640.1526;12963.2949
391.0635;239.7077;0.0000;646.8455;12970.2949
391.1864;237.8306;11.2627;638.4598;12977.2949
391.2478;236.8920;0.0000;643.0298;12984.2949
390.4321;235.0149;11.2627;646.9683;12991.2949
390.5550;234.0763;11.2627;638.3984;12998.2949
390.6779;232.1378;11.2627;643.0912;13005.2939
389.8008;231.1992;0.0000;643.1526;13012.2949
389.9237;230.2607;11.2627;639.3984;13019.2949
390.0465;228.3835;0.0000;646.8455;13026.2949
390.1080;227.3835;0.0000;639.4598;13033.2949
390.2309;226.4450;0.0000;640.3984;13040.2949
389.4152;224.5064;0.0000;634.8285;13047.3555
389.5381;223.5679;0.0000;647.1527;13054.3555
389.6609;222.6293;0.0000;649.7841;13061.3564
389.7838;221.6293;0.0000;654.5997;13068.3555
388.9067;220.6908;0.0000;648.0912;13075.3555
389.0296;218.7522;0.0000;652.6611;13082.3555
389.1525;218.7522;0.0000;652.9069;13090.2949
389.2754;217.7522;0.0000;649.1526;13097.2949
389.3369;216.8136;0.0000;654.6611;13104.2949
389.5211;215.8136;0.0000;652.0298;13111.2949
389.6440;215.7522;0.0000;652.0913;13118.2939
389.7054;214.8136;0.0000;655.7226;13125.2949
389.8284;213.8136;0.0000;652.0913;13132.2949
389.9512;213.7522;0.0000;652.9069;13139.2949
390.0127;212.8136;0.0000;656.8455;13146.2949
390.1356;212.7522;0.0000;652.2141;13153.2949
390.2584;212.6908;0.0000;654.8455;13160.2939
390.3199;212.6293;0.0000;651.2756;13167.2949
390.4427;212.5679;0.0000;635.2585;13174.2949
390.5042;212.5064;0.7373;603.2861;13181.2949
389.6885;212.4450;0.0000;554.7269;13188.2949
389.8114;212.3835;0.7373;456.0553;13195.2949
389.8728;211.3835;0.0000;61.7991;13202.2949
17.3878;22.6717;0.0000;59.2906;792.1594
17.4492;22.6103;0.0000;59.1677;792.5894
17.5721;22.5489;0.0000;59.2906;793.0195
17.6950;22.4260;0.0000;59.2906;793.4496
17.7564;22.3645;0.0000;59.1677;793.9412
17.8793;22.3031;0.0000;59.2906;794.3713
18.0022;22.2416;0.0000;59.3521;794.8013
18.0637;22.1802;0.0000;59.2906;795.2314
18.1865;22.1188;0.0000;59.4135;795.6615
18.2480;22.0573;0.0000;59.2906;796.0916
18.3709;21.9959;0.0000;59.4749;796.5217
18.4937;21.9344;0.0000;59.5978;796.9518
18.6166;21.8116;0.0000;59.3521;797.3818
18.7395;21.7501;0.0000;59.4749;797.8120
18.8009;21.6887;0.0000;59.6593;798.2420
18.9238;21.5658;0.0000;59.3521;798.6721
19.0467;21.5044;0.0000;59.6593;799.1022
19.1081;21.4429;0.0000;59.6593;799.5323
19.2310;21.3815;0.0000;59.4749;799.9623
19.2925;21.2586;0.0000;59.6593;800.3925
19.4154;21.2586;0.0000;59.4749;800.8225
19.4768;21.1357;0.0000;59.4135;801.2526
19.5997;21.1357;0.0000;59.7822;801.6827
19.6611;21.0743;0.0000;59.5364;802.1128
19.7840;21.0128;0.0000;59.6593;802.5429
19.8454;20.9514;0.0000;59.6593;802.9730
19.9683;20.8285;0.0000;59.5364;803.4031
20.0912;20.7671;0.0000;59.6593;803.8331
20.2141;20.7056;0.0000;59.6593;804.2632
20.2755;20.5827;0.0000;59.6593;804.6933
20.3984;20.4599;0.0000;59.8436;805.1849
20.5213;20.3984;0.0000;59.7207;805.6149
20.5827;20.2755;0.0000;59.7822;806.0450
20.6442;20.2141;0.0000;60.0279;806.4751
20.7671;20.1526;0.0000;59.6593;806.9052
20.8285;20.0912;0.0000;59.8436;807.3353
20.8899;19.9683;0.0000;59.7822;807.7654
21.0128;19.9069;0.7373;59.7822;808.1955
21.0743;19.8454;0.0000;59.9050;808.6255
21.1357;19.7840;0.7373;59.9050;809.0557
21.1971;19.6611;0.0000;59.7822;809.4858
21.3200;19.5997;0.0000;59.9050;809.9158
21.3815;19.4768;0.0000;59.8436;810.3459
21.4429;19.4154;0.0000;59.8436;810.7759
21.5044;19.3539;0.0000;60.0279;811.2061
21.6272;19.2310;0.0000;59.7207;811.6361
21.6887;19.1696;0.0000;59.9050;812.0663
21.7501;19.0467;0.0000;60.0279;812.4963
21.8116;18.9238;0.0000;59.7822;812.9264
21.8730;18.8009;0.0000;60.0279;813.3566
21.9959;18.6781;0.0000;59.9665;813.7866
22.0573;18.5552;0.0000;59.7822;814.2167
22.1802;18.4323;0.0000;60.0279;814.6468
22.2416;18.3094;0.0000;59.9665;815.0768
22.3645;18.1865;0.0000;59.9050;815.5069
22.4260;18.1251;0.0000;60.0894;815.9371
22.4874;18.0022;0.0000;59.9665;816.4286
22.5489;17.9408;0.0000;60.0279;816.8586
22.6103;17.8793;0.0000;60.0894;817.2888
22.7332;17.7564;0.0000;59.9050;817.7188
22.7332;17.6950;0.0000;60.0279;818.1489
22.7946;17.6336;0.0000;60.0894;818.5790
22.8561;17.5107;0.0000;60.0279;819.0091
22.9175;17.4492;0.0000;60.2122;819.4391
22.9789;17.3264;0.0000;60.1508;819.8693
23.0404;17.2035;0.0000;60.0894;820.2994
23.1018;17.1420;0.7373;60.2122;820.7294
23.1018;17.0192;0.0000;60.2122;821.1595
23.1633;16.8963;0.7373;60.2122;821.5896
23.2247;16.8348;0.0000;60.3351;822.0197
23.2862;16.7120;0.0000;60.2122;822.4498
23.2862;16.5891;0.0000;60.3351;822.8799
23.4090;16.5276;0.0000;60.3351;823.3099
23.4090;16.4048;0.0000;59.7822;823.7401
23.4705;16.2819;0.0000;60.3966;824.1702
23.5319;16.1590;0.0000;60.4580;824.6002
23.5934;16.0976;0.0000;60.3966;825.0303
23.5934;15.9747;0.0000;60.5194;825.4604
23.6548;15.8518;0.0000;60.3966;825.8904
23.7162;15.7289;0.0000;60.4580;826.3205
23.7777;15.6675;0.0000;60.5809;826.7507
23.7777;15.5446;0.0000;60.3966;827.1807
23.8391;15.4831;0.0000;60.3351;827.6108
23.9006;15.4217;0.0000;60.5194;828.1024
23.9620;15.2988;0.0000;60.3966;828.5324
23.9620;15.2374;0.0000;60.3351;828.9625
24.0234;15.1759;0.0000;60.4580;829.3926
24.0849;15.0531;0.0000;60.3966;829.8227
24.0849;14.9916;0.0000;60.4580;830.2527
24.1463;14.8687;0.0000;60.3966;830.6829
24.2078;14.8073;0.0000;60.5809;831.1130
24.2078;14.6844;0.0000;60.7038;831.5430
24.2078;14.5615;0.0000;60.3966;831.9731
24.2078;14.5001;0.0000;60.4580;832.4032
24.2692;14.3772;0.0000;60.5809;832.8333
24.2692;14.3158;0.0000;60.3966;833.2634
24.2692;14.1929;0.0000;60.3966;833.6935
24.3307;14.0700;0.7373;60.5194;834.1235
24.3307;14.0086;0.0000;60.4580;834.5537
24.3921;13.8857;0.7373;60.3966;834.9838
24.3921;13.8242;0.0000;60.2737;835.4138
24.3921;13.7628;0.0000;60.2737;835.8440
24.4535;13.7014;0.0000;60.2122;836.2740
24.4535;13.7014;0.7373;60.2737;836.7041
24.4535;13.6399;0.0000;60.3966;837.1342
24.4535;13.5785;0.7373;60.3966;837.5643
24.4535;13.5785;0.0000;60.2122;837.9943
24.4535;13.5170;0.0000;60.2737;838.4245
24.4535;13.4556;0.0000;60.0279;838.8546
24.4535;13.3327;0.0000;59.5978;839.3461
24.4535;13.2713;0.0000;60.3351;839.7762
24.5150;13.2098;0.0000;59.4135;840.2062
24.5150;13.0870;0.0000;59.8436;840.6363
24.5150;13.0255;0.0000;59.8436;841.0665
24.5150;12.9641;0.0000;59.5978;841.4965
24.5764;12.9026;0.0000;59.6593;841.9266
24.5764;12.8412;0.0000;59.7822;842.3568
24.5764;12.7798;0.0000;59.5364;842.7868
24.5764;12.7183;0.0000;59.6593;843.2169
24.5764;12.6569;0.0000;59.6593;843.6470
24.5764;12.5954;0.0000;59.3521;844.0770
24.5764;12.5340;0.0000;59.4749;844.5071
24.6379;12.4726;0.0000;59.3521;844.9373
24.6379;12.4111;0.0000;59.2292;845.3673
24.6379;12.3497;0.0000;59.1677;845.7974
24.6379;12.3497;0.0000;59.1677;846.2275
24.6379;12.3497;0.0000;59.2906;846.6576
24.6379;12.3497;0.0000;59.4135;847.0876
24.6379;12.3497;0.0000;59.1677;847.5178
24.6379;12.2882;0.0000;59.2292;847.9478
24.6379;12.2882;0.0000;59.1063;848.3779
24.6379;12.2882;0.0000;58.7991;848.8080
24.6379;12.2882;0.0000;58.3690;849.2381
24.5764;12.2882;0.0000;57.6317;849.6682
24.5764;12.2882;0.0000;56.6486;850.0982
24.5764;12.2882;0.0000;55.9114;850.5898
24.5764;12.2882;0.0000;54.1910;851.0198
24.5764;12.2882;0.0000;51.5490;851.4500
24.5764;12.2882;0.0000;47.6782;851.8801
24.5764;12.2882;0.7373;39.6295;852.3101
24.5150;12.2882;1.4746;24.3307;852.7402
24.5150;12.2882;2.2119;11.6124;853.1703
37.7248;-0.9831;0.0000;24.4535;912.3381
37.7248;-1.0445;0.0000;24.6379;912.7681
37.7248;-1.0445;0.0000;24.6993;913.1982
37.7248;-1.0445;0.0000;26.0510;913.6284
37.7248;-1.0445;0.0000;27.8328;914.0584
37.7248;-1.0445;0.0000;28.5701;914.4885
37.7248;-1.0445;0.0000;28.3858;914.9186
37.7248;-1.0445;0.0000;27.3413;915.3486
37.7248;-0.9831;0.0000;24.3307;915.7787
37.7248;-0.9831;0.0000;9.2162;916.2089
