200.1319;202.8681;0.0000;15.3803;231519328.0000
200.1319;202.8681;0.0000;47.3781;231519360.0000
200.1319;202.8681;0.0000;58.5865;231519376.0000
200.1319;202.8681;0.0000;72.1697;231519376.0000
200.1319;202.8681;0.0000;97.9191;231519376.0000
200.1319;202.8681;0.0000;117.5366;231519392.0000
200.1319;202.8681;0.0000;130.0433;231519392.0000
200.1319;202.8681;0.0000;143.4945;231519392.0000
200.1319;202.8681;0.0000;149.3969;231519392.0000
200.2639;202.8681;0.0000;156.9036;231519408.0000
200.2639;202.8681;0.0000;168.2229;231519408.0000
200.2639;202.8681;0.0000;172.4657;231519424.0000
200.3958;202.8681;0.0000;182.6530;231519440.0000
200.3958;202.8681;0.0000;187.7085;231519440.0000
200.5277;202.7361;0.0000;188.8194;231519440.0000
200.5277;202.7361;0.0000;194.7428;231519456.0000
200.6596;202.7361;0.0000;198.5344;231519456.0000
200.6596;202.6042;0.0000;200.2495;231519456.0000
200.6596;202.6042;0.0000;206.2495;231519488.0000
200.7916;202.6042;0.0000;204.8326;231519488.0000
200.7916;202.6042;0.0000;207.8881;231519488.0000
200.9235;202.4723;0.0000;210.1519;231519488.0000
200.9235;202.4723;0.0000;207.8670;231519504.0000
201.0554;202.3404;0.0000;211.1309;231519504.0000
201.0554;202.3404;0.0000;213.1309;231519504.0000
201.0554;202.3404;0.0000;210.3182;231519520.0000
201.1874;202.2084;0.0000;214.9224;231519520.0000
201.1874;202.0765;0.0000;215.0544;231519520.0000
201.1874;202.0765;0.0000;213.9779;231519536.0000
201.1874;201.9446;0.0000;215.7140;231519536.0000
201.1874;201.9446;0.0000;214.3737;231519536.0000
201.1874;201.8126;0.0000;214.2971;231519536.0000
201.1874;201.8126;0.0000;219.5056;231519552.0000
201.1874;201.8126;0.0000;214.9568;231519568.0000
201.1874;201.6807;0.0000;218.0887;231519568.0000
201.1874;201.6807;0.0000;217.8249;231519584.0000
201.1874;201.6807;0.0000;215.8803;231519584.0000
201.1874;201.5488;0.0000;218.7484;231519584.0000
201.1874;201.5488;0.0000;217.6165;231519600.0000
201.1874;201.4168;0.0000;216.1442;231519600.0000
201.1874;201.4168;0.0000;218.8803;231519600.0000
201.1874;201.4168;0.0000;216.6719;231519616.0000
201.1874;201.2849;0.0000;218.1996;231519616.0000
201.1874;201.2849;0.0000;222.4080;231519616.0000
201.0554;201.2849;0.0000;218.5954;231519616.0000
201.0554;201.1530;0.0000;219.8593;231519632.0000
201.0554;201.1530;0.0000;221.4635;231519632.0000
201.0554;201.1530;0.0000;219.5189;231519648.0000
201.0554;201.1530;0.0000;221.2550;231519664.0000
201.0554;201.0211;0.0000;223.7273;231519696.0000
201.0554;201.0211;0.0000;221.6508;231519696.0000
200.9235;201.0211;0.0000;225.1231;231519712.0000
200.9235;200.8891;0.0000;222.6508;231519712.0000
200.9235;200.8891;0.0000;222.0466;231519712.0000
200.9235;200.8891;0.0000;225.5189;231519728.0000
200.7916;200.8891;0.0000;222.4424;231519728.0000
200.7916;200.7572;0.0000;222.8382;231519728.0000
200.7916;200.7572;0.0000;225.9147;231519728.0000
200.6596;200.7572;0.0000;221.6298;231519744.0000
200.6596;200.7572;0.0000;226.3105;231519744.0000
200.6596;200.7572;0.0000;226.7063;231519744.0000
200.6596;200.6253;0.0000;223.3659;231519760.0000
200.5277;200.6253;0.0000;226.8382;231519760.0000
200.5277;200.6253;0.0000;224.2340;231519760.0000
200.5277;200.6253;0.0000;222.7617;231519776.0000
200.5277;200.6253;0.0000;224.4978;231519792.0000
200.5277;200.6253;0.0000;221.2894;231519808.0000
200.3958;200.4933;0.0000;222.4213;231519824.0000
200.3958;200.4933;0.0000;223.7617;231519824.0000
200.2639;200.4933;0.0000;220.9491;231519824.0000
200.2639;200.4933;0.0000;224.2894;231519824.0000
200.1319;200.4933;0.0000;225.0256;231519840.0000
200.1319;200.4933;0.0000;221.9491;231519840.0000
200.1319;200.4933;0.0000;224.8171;231519840.0000
200.0000;200.4933;0.0000;224.8171;231519856.0000
200.0000;200.3614;0.0000;222.7407;231519856.0000
199.8681;200.3614;0.0000;226.0810;231519856.0000
199.8681;199.4933;0.0000;223.8726;231519872.0000
199.8681;199.4933;0.0000;225.1364;231519872.0000
199.7361;199.4933;0.0000;228.3448;231519872.0000
199.7361;199.4933;0.0000;223.5322;231519888.0000
199.7361;199.3614;0.0000;226.2684;231519888.0000
199.6042;199.3614;0.0000;228.6087;231519904.0000
199.6042;199.3614;0.0000;223.7961;231519904.0000
199.4723;199.3614;0.0000;225.6642;231519952.0000
199.4723;199.3614;0.0000;226.4003;231519952.0000
199.3404;199.3614;0.0000;225.0599;231519952.0000
199.3404;199.3614;0.0000;227.4003;231519968.0000
199.2084;199.3614;0.0000;225.0599;231519968.0000
199.2084;199.3614;0.0000;227.4557;231519968.0000
199.2084;200.2295;0.0000;232.2684;231519984.0000
199.0765;200.2295;0.0000;232.2684;231519984.0000
199.0765;200.2295;0.0000;238.0045;231519984.0000
199.0765;200.2295;0.0000;241.0810;231520000.0000
198.9446;200.2295;0.0000;238.0045;231520000.0000
198.9446;200.2295;0.0000;241.0810;231520000.0000
198.9446;200.2295;0.0000;242.2129;231520000.0000
198.8126;200.2295;0.0000;242.6087;231520016.0000
198.8126;200.2295;0.0000;247.1575;231520032.0000
198.6807;200.2295;0.0000;245.6852;231520032.0000
198.6807;200.2295;0.0000;247.0810;231520048.0000
198.6807;200.2295;0.0000;251.0256;231520048.0000
198.5488;200.2295;0.0000;248.6852;231520064.0000
198.5488;200.2295;0.0000;249.5533;231520080.0000
198.4168;200.3614;0.0000;252.7617;231520080.0000
198.4168;200.3614;0.0000;250.5533;231520080.0000
198.4168;200.3614;0.0000;254.1575;231520080.0000
198.2849;200.3614;0.0000;253.8936;231520096.0000
198.2849;200.3614;0.0000;250.5533;231520096.0000
198.1530;199.4933;0.0000;255.8936;231520096.0000
199.0211;199.4933;0.0000;255.1575;231520112.0000
199.0211;199.4933;0.0000;253.8171;231520112.0000
198.8891;199.4933;0.0000;256.0256;231520112.0000
198.8891;199.4933;0.0000;253.5533;231520128.0000
198.8891;199.4933;0.0000;255.0810;231520144.0000
198.0211;199.4933;0.0000;251.0810;231520144.0000
198.0211;199.4933;0.0000;237.8515;231520160.0000
197.8891;199.4933;0.0000;230.1708;231520160.0000
197.8891;199.4933;0.0000;213.4136;231520160.0000
197.7572;199.4933;0.0000;189.3715;231520160.0000
197.7572;199.6253;0.0000;147.7041;231520192.0000
196.8891;198.7572;0.0000;110.9812;231520496.0000
196.8891;198.7572;0.0000;113.7728;231520496.0000
196.8891;198.7572;0.0000;121.3981;231520496.0000
196.7572;198.7572;0.0000;127.6065;231520512.0000
196.7572;198.8891;0.0000;128.1342;231520512.0000
196.6253;198.8891;0.0000;127.7384;231520512.0000
196.6253;199.0211;0.0000;143.7595;231520528.0000
196.6253;199.0211;0.0000;161.1209;231520528.0000
196.4933;199.0211;0.0000;177.0865;231520528.0000
196.4933;199.1530;0.0000;195.1076;231520544.0000
197.2295;199.1530;0.0000;200.1841;231520560.0000
197.2295;199.1530;0.0000;205.3925;231520560.0000
197.2295;199.1530;0.0000;207.5244;231520560.0000
197.2295;199.2849;0.0000;207.1287;231520576.0000
197.0976;199.2849;0.0000;212.4690;231520576.0000
197.0976;199.2849;0.0000;213.6010;231520576.0000
196.9657;199.2849;0.0000;214.9413;231520592.0000
196.9657;199.4168;0.0000;222.2816;231520608.0000
196.9657;199.4168;0.0000;221.4136;231520608.0000
196.9657;199.4168;0.0000;226.3582;231520624.0000
196.8337;199.4168;0.0000;230.9624;231520624.0000
196.8337;199.5488;0.0000;229.2262;231520624.0000
196.7018;199.5488;0.0000;235.9069;231520624.0000
196.7018;199.5488;0.0000;238.7750;231520640.0000
196.7018;199.6807;0.0000;237.5112;231520640.0000
196.7018;199.6807;0.0000;241.2473;231520640.0000
196.5698;199.6807;0.0000;242.1154;231520688.0000
196.5698;199.8126;0.0000;240.2473;231520688.0000
196.5698;200.6807;0.0000;244.7196;231520688.0000
196.4379;200.6807;0.0000;241.6431;231520704.0000
196.4379;200.8126;0.0000;241.9835;231520704.0000
196.4379;200.8126;0.0000;245.1154;231520704.0000
196.4379;200.8126;0.0000;241.6431;231520720.0000
197.1740;200.9446;0.0000;244.8515;231520720.0000
197.1740;200.9446;0.0000;247.7196;231520720.0000
197.1740;200.9446;0.0000;242.5112;231520736.0000
197.0421;201.0765;0.0000;247.7196;231520752.0000
197.0421;201.0765;0.0000;247.9834;231520752.0000
197.0421;201.0765;0.0000;247.7196;231520752.0000
196.9102;201.2084;0.0000;253.1918;231520768.0000
196.9102;201.2084;0.0000;250.5877;231520768.0000
196.9102;201.3404;0.0000;252.6641;231520784.0000
196.7783;201.3404;0.0000;259.2684;231520800.0000
196.7783;201.3404;0.0000;255.6641;231520800.0000
196.7783;201.4723;0.0000;257.2684;231520800.0000
197.6463;201.4723;0.0000;259.1364;231520816.0000
197.5144;201.6042;0.0000;253.7961;231520816.0000
197.5144;201.7361;0.0000;258.1364;231520816.0000
197.5144;201.7361;0.0000;259.4003;231520816.0000
198.2505;201.8681;0.0000;259.0045;231520832.0000
198.2505;202.0000;0.0000;263.4768;231520832.0000
198.2505;201.1319;0.0000;267.0810;231520832.0000
198.2505;201.2639;0.0000;270.2894;231520848.0000
198.1186;200.3958;0.0000;274.0256;231520848.0000
198.1186;200.5277;0.0000;273.0256;231520848.0000
198.9867;199.7916;0.0000;276.1021;231520864.0000
198.9867;199.7916;0.0000;279.1021;231520864.0000
198.9867;199.0554;0.0000;276.3659;231520864.0000
198.9867;199.0554;0.0000;281.7063;231520880.0000
198.8548;199.1874;1.5832;282.7063;231520896.0000
198.8548;198.3193;0.0000;279.8382;231520896.0000
198.8548;198.4512;0.0000;284.3105;231520896.0000
199.7229;198.4512;0.0000;282.2340;231520912.0000
199.7229;197.5832;0.0000;281.5743;231520912.0000
199.7229;197.7151;0.0000;284.4424;231520912.0000
199.7229;196.9789;1.5832;282.5743;231520928.0000
199.7229;196.1109;0.0000;282.1786;231520928.0000
200.4590;196.2428;0.0000;284.7063;231520928.0000
200.4590;195.5066;0.0000;281.8382;231520944.0000
200.4590;195.6386;1.5832;284.3105;231520944.0000
200.4590;194.7705;0.0000;284.5743;231520944.0000
200.4590;194.9025;0.0000;282.7063;231520944.0000
200.4590;194.9025;0.0000;285.1786;231520992.0000
200.4590;194.1663;0.0000;284.7063;231520992.0000
200.4590;194.1663;0.0000;283.4424;231521008.0000
200.4590;194.2982;1.5832;287.1786;231521024.0000
200.4590;194.2982;0.0000;284.8382;231521024.0000
199.5909;193.5621;0.0000;285.3105;231521024.0000
199.5909;193.5621;0.0000;289.9147;231521040.0000
198.8548;192.8260;0.0000;284.8382;231521040.0000
197.9867;192.8260;1.5832;290.0466;231521040.0000
197.1186;192.0898;0.0000;292.1786;231521056.0000
196.2505;192.2217;1.5832;292.5743;231521056.0000
195.3825;191.3537;0.0000;298.3315;231521056.0000
194.5144;190.6175;0.0000;309.9358;231521056.0000
193.6463;189.8814;0.0000;321.4291;231521072.0000
192.7783;189.8814;0.0000;335.5821;231521072.0000
192.7783;189.1452;0.0000;340.1863;231521072.0000
191.9102;189.1452;0.0000;344.9990;231521088.0000
191.9102;189.2772;0.0000;349.8670;231521088.0000
191.0421;189.2772;0.0000;344.6586;231521120.0000
191.1741;189.4091;0.0000;348.1309;231521136.0000
191.1741;189.4091;0.0000;350.2628;231521136.0000
191.1741;189.5410;0.0000;345.6586;231521136.0000
191.1741;189.6730;0.0000;350.2628;231521152.0000
191.1741;189.6730;0.0000;348.9224;231521152.0000
190.4379;189.6730;0.0000;348.3947;231521152.0000
190.4379;189.8049;0.0000;352.2628;231521152.0000
190.4379;189.8049;0.0000;348.9224;231521168.0000
189.5698;189.8049;0.0000;351.2628;231521168.0000
188.8337;189.9368;0.0000;355.2628;231521168.0000
188.8337;189.9368;0.0000;352.3947;231521184.0000
187.9656;190.0687;0.0000;355.1309;231521184.0000
187.0976;190.0687;1.5832;358.9990;231521184.0000
186.2295;190.2007;0.0000;356.7351;231521200.0000
186.2295;190.3326;0.0000;361.4712;231521200.0000
185.4933;190.3326;0.0000;365.2074;231521216.0000
184.6253;190.3326;0.0000;364.9435;231521232.0000
183.7572;189.5965;0.0000;369.6797;231521264.0000
183.0211;189.5965;1.5832;369.9435;231521264.0000
181.2849;189.5965;0.0000;373.1519;231521264.0000
180.4168;189.7284;0.0000;380.4923;231521280.0000
179.5488;189.7284;0.0000;380.6242;231521280.0000
178.6807;189.8603;0.0000;388.1730;231521280.0000
178.8126;189.8603;0.0000;395.6453;231521296.0000
177.9446;189.9922;0.0000;395.2495;231521296.0000
177.0765;189.9922;0.0000;399.5898;231521296.0000
177.2084;190.9922;0.0000;401.8537;231521312.0000
176.3404;190.9922;0.0000;398.9856;231521312.0000
175.6042;191.8603;0.0000;404.3260;231521312.0000
175.6042;191.9922;0.0000;402.2495;231521328.0000
174.8681;192.8603;0.0000;402.2495;231521328.0000
174.0000;192.9922;0.0000;406.8537;231521344.0000
173.1319;193.8603;0.0000;404.5134;231521344.0000
172.3958;193.9922;0.0000;405.1176;231521360.0000
171.5277;194.8603;0.0000;408.2495;231521360.0000
171.5277;194.9922;0.0000;405.6453;231521360.0000
170.7916;195.8603;0.0000;408.2495;231521392.0000
169.9235;195.8603;0.0000;407.7772;231521392.0000
170.0554;196.8603;0.0000;405.5134;231521392.0000
170.0554;196.8603;0.0000;408.5134;231521408.0000
169.1874;197.8603;0.0000;407.0411;231521408.0000
169.3193;197.8603;0.0000;405.9091;231521408.0000
169.3193;198.8603;0.0000;411.5134;231521408.0000
168.4512;199.7284;0.0000;406.3049;231521424.0000
168.5832;199.8603;0.0000;407.9091;231521424.0000
168.7151;200.7284;0.0000;410.9091;231521424.0000
168.7151;201.7284;0.0000;406.4369;231521440.0000
167.9789;201.7284;0.0000;409.7772;231521456.0000
167.9789;202.5965;0.0000;410.1730;231521456.0000
168.1109;202.5965;0.0000;407.3049;231521472.0000
168.1109;203.5965;0.0000;410.3049;231521472.0000
168.1109;204.4645;0.0000;409.7007;231521472.0000
168.1109;204.4645;0.0000;408.4369;231521488.0000
168.2428;205.4645;0.0000;412.3049;231521488.0000
168.2428;206.3326;0.0000;408.2285;231521504.0000
168.3747;207.3326;0.0000;408.7007;231521504.0000
167.5067;208.2007;0.0000;411.5134;231521520.0000
167.6386;208.2007;0.0000;407.4923;231521520.0000
167.6386;209.0687;0.0000;411.7007;231521520.0000
167.7705;209.9368;0.0000;412.2285;231521536.0000
167.7705;210.0687;0.0000;408.3604;231521536.0000
167.9024;210.9368;0.0000;411.8326;231521536.0000
167.9024;211.8049;0.0000;410.7562;231521552.0000
168.0344;211.8049;0.0000;409.6242;231521584.0000
167.1663;212.6730;0.0000;413.3604;231521584.0000
167.2982;213.5410;0.0000;410.2839;231521600.0000
167.2982;214.4091;0.0000;411.4923;231521600.0000
166.5621;215.4091;0.0000;414.4923;231521600.0000
166.5621;216.2772;0.0000;411.0200;231521600.0000
166.6940;217.1452;0.0000;413.4923;231521616.0000
166.6940;218.0133;0.0000;415.6242;231521616.0000
166.8260;218.8814;0.0000;411.1519;231521616.0000
166.8260;218.8814;0.0000;413.7562;231521648.0000
166.9579;219.7495;0.0000;414.1519;231521648.0000
166.9579;220.6175;0.0000;412.1519;231521648.0000
167.0898;221.4856;0.0000;416.4923;231521664.0000
167.2217;221.4856;0.0000;414.4158;231521664.0000
167.2217;222.3537;10.4168;414.4158;231521664.0000
167.3537;223.2217;0.0000;420.4923;231521680.0000
167.4856;223.2217;0.0000;411.8116;231521696.0000
167.6175;224.0898;0.0000;414.4158;231521696.0000
168.4856;224.9579;0.0000;417.2839;231521696.0000
168.6175;224.9579;0.0000;413.8116;231521712.0000
168.6175;225.9579;0.0000;417.8881;231521712.0000
169.6175;226.8260;0.0000;418.4158;231521712.0000
169.6175;227.6940;0.0000;415.5477;231521728.0000
170.6175;228.5621;0.0000;420.8881;231521728.0000
171.6175;229.4302;0.0000;417.6797;231521728.0000
171.6175;230.2982;0.0000;417.4158;231521744.0000
172.6175;231.1663;0.0000;423.7562;231521744.0000
173.6175;231.1663;0.0000;420.2839;231521760.0000
173.7494;232.0344;0.0000;421.1519;231521776.0000
174.6175;232.9025;0.0000;424.8881;231521776.0000
174.7495;233.7705;0.0000;422.1519;231521776.0000
175.7495;234.6386;0.0000;427.2285;231521776.0000
176.7494;235.5067;0.0000;429.4923;231521824.0000
176.7494;236.3747;0.0000;426.6242;231521824.0000
177.7494;237.2428;0.0000;431.8326;231521824.0000
178.6175;238.1109;0.0000;431.3604;231521840.0000
178.7494;238.1109;0.0000;430.8326;231521840.0000
179.6175;238.9789;0.0000;436.5688;231521840.0000
180.6175;239.8470;0.0000;432.2285;231521856.0000
180.7494;239.8470;0.0000;433.7007;231521856.0000
181.7494;240.7151;0.0000;437.5688;231521856.0000
181.8814;240.5832;0.0000;432.3604;231521872.0000
182.7494;241.4512;0.0000;436.7007;231521872.0000
182.8814;242.3193;0.0000;436.7007;231521872.0000
183.7495;242.3193;0.0000;434.0965;231521872.0000
183.8814;243.1874;0.0000;437.7007;231521888.0000
184.8814;243.1874;0.0000;436.3603;231521888.0000
185.0133;243.9235;0.0000;435.0965;231521888.0000
185.8814;244.7916;0.0000;438.9646;231521920.0000
186.8814;244.7916;0.0000;434.6242;231521920.0000
186.8814;245.6596;0.0000;435.8326;231521920.0000
187.8814;245.6596;0.0000;440.0965;231521936.0000
187.8814;246.5277;0.0000;434.4923;231521936.0000
188.8814;246.3958;0.0000;438.9646;231521936.0000
189.0133;247.2639;0.0000;439.2285;231521936.0000
190.0133;247.2639;0.0000;436.2285;231521952.0000
190.0133;248.1319;0.0000;438.8326;231521952.0000
191.0133;248.0000;0.0000;437.7562;231521952.0000
191.8814;248.0000;0.0000;436.4923;231521968.0000
192.0133;248.8681;0.0000;440.3604;231521968.0000
193.0133;248.8681;0.0000;435.9645;231521968.0000
193.1452;249.6042;0.0000;438.7562;231521984.0000
194.0133;249.6042;0.0000;442.4923;231521984.0000
194.1452;249.6042;0.0000;437.0200;231522000.0000
195.0133;250.3404;0.0000;439.2285;231522016.0000
195.1453;250.3404;0.0000;441.7561;231522032.0000
196.1452;251.2084;0.0000;436.4158;231522032.0000
197.0133;251.0765;0.0000;440.0200;231522032.0000
197.1452;251.9446;0.0000;440.1519;231522048.0000
198.0133;251.9446;0.0000;438.2839;231522048.0000
199.0133;252.6807;0.0000;442.1519;231522048.0000
200.0133;252.5488;0.0000;438.5477;231522064.0000
200.1453;252.5488;0.0000;440.0200;231522064.0000
201.0133;253.4168;0.0000;443.0200;231522064.0000
202.0133;253.2849;0.0000;438.5477;231522080.0000
202.0133;253.2849;0.0000;440.0200;231522080.0000
203.0133;253.1530;0.0000;443.0200;231522080.0000
204.0133;254.0211;0.0000;438.5477;231522096.0000
204.0133;253.8891;0.0000;443.0200;231522096.0000
204.8814;253.8891;0.0000;443.2839;231522096.0000
205.8814;253.8891;0.0000;440.4158;231522096.0000
206.0133;253.7572;0.0000;443.8881;231522128.0000
206.8814;254.6253;0.0000;440.8116;231522160.0000
207.8814;254.6253;0.0000;441.5477;231522160.0000
208.7494;254.4934;0.0000;445.4158;231522176.0000
209.7495;254.3614;0.0000;441.3393;231522176.0000
210.6175;254.3614;0.0000;443.6797;231522176.0000
211.6175;254.3614;0.0000;444.8116;231522192.0000
212.4856;254.2295;0.0000;441.3393;231522192.0000
213.4856;254.2295;0.0000;444.0754;231522192.0000
214.3537;254.0976;0.0000;445.2074;231522192.0000
215.3537;254.0976;0.0000;442.4712;231522208.0000
215.3537;253.9656;0.0000;447.2074;231522208.0000
216.3537;253.0976;0.0000;444.8670;231522208.0000
217.3537;252.9656;0.0000;442.8670;231522224.0000
218.2217;252.9656;0.0000;448.4712;231522224.0000
219.0898;252.8337;0.0000;445.1309;231522224.0000
220.0898;252.8337;0.0000;446.7351;231522256.0000
220.9579;252.7018;0.0000;450.7351;231522256.0000
221.9579;252.7018;0.0000;446.3947;231522256.0000
222.8259;252.5698;0.0000;450.9990;231522288.0000
224.6940;252.5698;1.5832;451.1309;231522288.0000
225.5621;252.4379;0.0000;449.1309;231522288.0000
226.5621;252.4379;1.5832;453.9990;231522288.0000
227.4302;252.4379;0.0000;451.6586;231522304.0000
228.4302;252.3060;0.0000;449.9990;231522304.0000
228.4302;251.3060;0.0000;454.9990;231522304.0000
229.4302;251.3060;0.0000;451.0544;231522320.0000
230.4302;251.1740;0.0000;451.1309;231522320.0000
231.2982;251.1740;0.0000;456.2628;231522320.0000
231.4302;251.0421;0.0000;451.0544;231522336.0000
232.2982;250.0421;1.5832;456.1309;231522336.0000
233.2982;249.9102;0.0000;456.6586;231522336.0000
233.4302;249.9102;1.5832;453.7906;231522368.0000
234.2982;248.9102;0.0000;456.9224;231522368.0000
235.1663;248.7783;0.0000;456.3182;231522368.0000
236.1663;248.7783;0.0000;454.7905;231522368.0000
236.2982;247.7783;0.0000;458.3947;231522384.0000
237.1663;247.6463;1.5832;454.3182;231522400.0000
238.1663;246.6463;0.0000;454.9990;231522400.0000
238.1663;246.6463;0.0000;462.1863;231522416.0000
239.0344;245.6463;0.0000;455.3947;231522416.0000
239.9025;245.6463;0.0000;460.3947;231522416.0000
240.9024;244.6463;0.0000;463.3947;231522432.0000
241.0344;244.5144;0.0000;458.7905;231522432.0000
241.9024;243.5144;0.0000;462.5267;231522432.0000
242.9024;243.3825;0.0000;463.9225;231522448.0000
243.7705;242.3825;0.0000;460.7905;231522448.0000
243.7705;242.3825;0.0000;465.6586;231522448.0000
244.6386;241.3825;0.0000;462.1863;231522480.0000
245.5067;240.3825;0.0000;465.3947;231522496.0000
246.5067;240.2505;0.0000;470.1309;231522496.0000
246.5067;239.2506;0.0000;466.6586;231522496.0000
247.5067;239.2506;0.0000;470.8670;231522512.0000
248.3747;238.2505;0.0000;472.8670;231522512.0000
249.2428;238.1186;0.0000;467.3947;231522512.0000
250.1109;237.2505;0.0000;473.4713;231522544.0000
250.2428;237.1186;0.0000;473.1309;231522544.0000
251.1109;236.1186;0.0000;471.8670;231522544.0000
252.1109;235.1186;0.0000;477.2074;231522560.0000
252.9789;234.1186;0.0000;473.8670;231522560.0000
252.9789;233.1186;0.0000;476.3393;231522560.0000
253.8470;232.9867;0.0000;480.8116;231522560.0000
253.8470;232.1186;0.0000;476.7351;231522576.0000
254.7151;231.1186;0.0000;479.3394;231522576.0000
255.5832;230.1186;0.0000;481.9435;231522592.0000
255.7151;229.1186;0.0000;476.6032;231522608.0000
256.5832;228.9867;0.0000;479.8116;231522608.0000
257.5832;227.9867;0.0000;481.4713;231522608.0000
258.4512;226.9867;0.0000;476.6032;231522624.0000
259.3193;225.9867;0.0000;482.0754;231522624.0000
260.1874;225.1186;0.0000;479.3394;231522624.0000
260.1874;224.9867;0.0000;479.3394;231522640.0000
261.0554;223.9867;10.4168;485.8116;231522640.0000
261.9235;222.9867;0.0000;479.4713;231522656.0000
261.9235;221.9867;10.4168;481.3393;231522656.0000
262.7916;220.9867;10.4168;484.4713;231522672.0000
262.7916;219.1186;0.0000;479.8670;231522672.0000
263.6597;218.1186;10.4168;483.3393;231522672.0000
263.6597;217.1186;0.0000;483.6032;231522688.0000
264.5277;216.2506;0.0000;479.7351;231522688.0000
264.5277;215.2506;10.4168;483.4713;231522704.0000
264.5277;214.2505;10.4168;483.1309;231522720.0000
264.5277;213.2506;0.0000;479.8670;231522720.0000
265.3958;212.3825;0.0000;486.3393;231522720.0000
265.3958;211.3825;0.0000;480.5267;231522720.0000
265.3958;211.3825;0.0000;474.0544;231522736.0000
266.2639;210.3825;0.0000;491.9435;231522736.0000
266.2639;209.3825;0.0000;486.6031;231522736.0000
266.2639;208.3825;0.0000;490.5477;231522752.0000
267.1319;207.5144;0.0000;491.3393;231522752.0000
267.1319;206.5144;0.0000;487.3393;231522752.0000
267.1319;204.6463;0.0000;491.8116;231522768.0000
267.1319;203.7783;0.0000;490.2074;231522768.0000
267.1319;202.7783;0.0000;489.2074;231522768.0000
267.1319;201.9102;0.0000;492.9435;231522784.0000
268.0000;200.9102;0.0000;489.6032;231522784.0000
267.8681;200.0421;0.0000;490.3393;231522816.0000
267.8681;199.0421;0.0000;493.2074;231522816.0000
267.8681;198.0421;0.0000;488.7351;231522832.0000
267.8681;197.1740;0.0000;491.4712;231522832.0000
267.8681;196.1741;0.0000;493.6032;231522832.0000
267.8681;195.1740;0.0000;488.7351;231522848.0000
267.0000;195.1740;0.0000;492.2074;231522848.0000
267.0000;194.1740;0.0000;492.7351;231522848.0000
266.8681;193.1741;0.0000;489.7351;231522864.0000
266.8681;192.3060;1.5832;492.4712;231522864.0000
266.8681;191.4379;0.0000;490.3947;231522864.0000
266.8681;189.5698;1.5832;490.7351;231522880.0000
266.0000;188.7018;0.0000;493.5477;231522880.0000
266.0000;187.7018;0.0000;490.3947;231522880.0000
266.0000;186.8337;0.0000;491.8670;231522896.0000
265.0000;185.9656;0.0000;494.8670;231522912.0000
265.0000;184.9656;0.0000;489.9225;231522928.0000
265.0000;184.0976;0.0000;493.8670;231522928.0000
264.8681;183.0976;0.0000;493.3947;231522944.0000
264.8681;182.2295;0.0000;490.3947;231522944.0000
264.8681;181.2295;0.0000;495.6031;231522944.0000
264.7361;180.3614;0.0000;492.6586;231522960.0000
264.7361;179.3614;0.0000;492.3947;231522960.0000
264.7361;178.4933;0.0000;495.1309;231522960.0000
264.7361;177.6253;0.0000;491.7905;231522976.0000
264.7361;176.6253;0.0000;493.3947;231522976.0000
264.6042;174.8891;0.0000;495.2628;231522976.0000
263.7361;174.0211;0.0000;490.7906;231522976.0000
263.7361;173.0211;0.0000;494.2628;231522992.0000
262.8681;172.1530;0.0000;493.7905;231522992.0000
262.7361;171.1530;0.0000;490.7906;231522992.0000
261.8681;170.2849;0.0000;495.9990;231523008.0000
261.8681;170.1530;0.0000;492.6586;231523024.0000
260.8681;169.2849;0.0000;491.0544;231523056.0000
260.8681;168.2849;0.0000;495.0754;231523072.0000
260.8681;167.4168;0.0000;492.1863;231523072.0000
260.0000;166.5488;0.0000;491.6586;231523072.0000
260.0000;165.5488;0.0000;495.7906;231523072.0000
259.8681;165.5488;0.0000;491.1863;231523088.0000
259.0000;164.5488;0.0000;494.5267;231523088.0000
258.8681;163.6807;10.4168;493.7905;231523088.0000
258.8681;163.6807;0.0000;490.7906;231523104.0000
258.8681;162.6807;0.0000;494.6586;231523104.0000
257.8681;161.8126;0.0000;492.9224;231523104.0000
257.8681;160.8126;0.0000;490.9225;231523120.0000
257.0000;159.9446;0.0000;496.2628;231523120.0000
256.8681;158.9446;0.0000;491.1863;231523120.0000
256.0000;158.0765;0.0000;490.9225;231523136.0000
256.0000;157.0765;0.0000;493.9225;231523152.0000
255.0000;156.2084;0.0000;489.5821;231523152.0000
255.0000;155.2084;0.0000;493.5267;231523184.0000
254.0000;154.3404;0.0000;493.0544;231523184.0000
254.0000;154.2084;0.0000;490.1863;231523184.0000
253.8681;153.3404;0.0000;493.0544;231523184.0000
253.0000;152.3404;0.0000;491.7141;231523200.0000
253.0000;152.3404;0.0000;490.1863;231523200.0000
253.0000;151.3404;0.0000;493.7905;231523200.0000
252.8681;151.3404;0.0000;488.7141;231523216.0000
252.0000;150.3404;0.0000;489.1863;231523216.0000
252.0000;150.3404;0.0000;493.7905;231523216.0000
251.8681;149.3404;0.0000;488.5821;231523232.0000
251.0000;149.3404;0.0000;491.1863;231523232.0000
251.0000;148.3404;0.0000;491.7141;231523232.0000
250.0000;147.4723;0.0000;486.9779;231523232.0000
249.1319;147.3404;0.0000;491.3182;231523248.0000
248.1319;146.4723;0.0000;489.9779;231523264.0000
247.2639;145.4723;0.0000;488.5821;231523264.0000
246.2639;145.4723;0.0000;491.4502;231523280.0000
246.2639;144.6042;0.0000;487.3737;231523296.0000
245.3958;144.4723;0.0000;488.7141;231523296.0000
245.3958;143.6042;0.0000;491.7141;231523312.0000
244.5277;143.4723;0.0000;486.5056;231523312.0000
243.5277;142.6042;0.0000;488.8459;231523312.0000
243.5277;142.4723;0.0000;491.7141;231523328.0000
242.5277;142.4723;0.0000;485.6375;231523328.0000
241.6596;141.6042;0.0000;489.9779;231523328.0000
240.7916;141.6042;0.0000;487.6375;231523328.0000
240.6596;140.6042;0.0000;486.5056;231523344.0000
239.7916;140.4723;0.0000;490.8459;231523344.0000
238.7916;139.6042;0.0000;485.9014;231523344.0000
237.0555;139.4723;0.0000;487.3737;231523360.0000
236.1874;138.6042;0.0000;491.9779;231523392.0000
235.1874;137.7361;0.0000;485.9014;231523392.0000
234.3193;136.7361;0.0000;489.1098;231523408.0000
232.4512;135.8681;0.0000;490.2418;231523408.0000
230.7151;134.8681;0.0000;485.0333;231523408.0000
229.7151;134.0000;0.0000;489.3737;231523424.0000
227.9789;133.0000;0.0000;487.9014;231523440.0000
226.9789;132.1319;0.0000;484.9014;231523440.0000
225.2428;132.1319;0.0000;489.6375;231523440.0000
224.2428;131.1319;0.0000;485.2971;231523456.0000
223.3747;131.1319;0.0000;485.6375;231523456.0000
222.3747;130.1319;0.0000;490.3737;231523456.0000
221.5067;130.1319;0.0000;485.2971;231523472.0000
220.5067;130.1319;0.0000;485.7695;231523472.0000
219.6386;130.0000;0.0000;489.5056;231523472.0000
218.7705;129.1319;0.0000;483.4291;231523488.0000
217.7705;129.1319;0.0000;489.2417;231523504.0000
216.9024;129.0000;0.0000;486.0333;231523504.0000
216.0344;128.1319;0.0000;484.0333;231523504.0000
215.0344;128.1319;0.0000;489.3737;231523520.0000
214.1663;127.1319;0.0000;486.0333;231523520.0000
213.1663;127.1319;0.0000;484.0333;231523520.0000
212.1663;127.0000;0.0000;489.5056;231523536.0000
211.2982;126.1319;0.0000;483.2972;231523536.0000
210.4302;126.1319;0.0000;484.9014;231523552.0000
209.4302;125.2639;0.0000;487.9014;231523568.0000
207.6940;125.1319;0.0000;483.5610;231523568.0000
206.6940;124.2639;0.0000;485.9014;231523568.0000
205.6940;124.1319;0.0000;485.9014;231523584.0000
203.9579;123.2639;0.0000;483.0333;231523584.0000
203.0898;123.2639;0.0000;485.9014;231523584.0000
201.2217;123.2639;0.0000;486.1653;231523584.0000
200.3537;122.2639;1.5832;483.2972;231523616.0000
198.4856;122.2639;0.0000;487.7695;231523616.0000
196.6175;121.3958;0.0000;483.5610;231523616.0000
194.8814;121.2639;0.0000;483.9014;231523632.0000
193.0133;120.3958;0.0000;487.6375;231523632.0000
191.2772;120.3958;0.0000;483.4291;231523632.0000
189.4091;119.3958;0.0000;487.5056;231523648.0000
187.6730;118.5277;1.5832;490.3737;231523648.0000
185.8049;118.5277;0.0000;485.9014;231523648.0000
184.0687;117.5277;1.5832;490.2418;231523664.0000
182.2007;117.5277;0.0000;491.3737;231523696.0000
181.3326;116.6596;0.0000;489.1098;231523696.0000
179.4645;116.6596;0.0000;492.8459;231523696.0000
177.7284;116.5277;0.0000;489.3737;231523712.0000
175.8603;115.6596;0.0000;491.9779;231523712.0000
174.8603;115.6596;0.0000;494.5821;231523712.0000
173.1242;115.6596;1.5832;490.5056;231523744.0000
172.1242;115.5277;0.0000;493.5821;231523744.0000
171.2561;114.6596;0.0000;495.4502;231523744.0000
169.3880;114.5277;0.0000;490.7695;231523760.0000
168.3880;114.5277;0.0000;495.3182;231523760.0000
167.5200;114.5277;0.0000;494.9779;231523760.0000
166.5200;114.5277;0.0000;492.8459;231523776.0000
165.5200;114.3958;0.0000;496.3182;231523776.0000
164.5200;114.3958;0.0000;492.9779;231523776.0000
163.5200;114.3958;0.0000;493.9225;231523776.0000
163.5200;114.3958;0.0000;497.1863;231523792.0000
162.5200;114.3958;0.0000;493.5821;231523792.0000
161.5200;115.2639;0.0000;494.7906;231523792.0000
161.3880;115.2639;0.0000;496.9224;231523808.0000
160.3880;115.2639;0.0000;491.7141;231523808.0000
160.2561;116.1319;0.0000;496.6586;231523808.0000
159.2561;116.0000;0.0000;496.0544;231523840.0000
158.3880;116.8681;0.0000;494.0544;231523840.0000
158.2561;116.8681;0.0000;498.7905;231523840.0000
157.2561;116.8681;0.0000;495.3182;231523856.0000
157.1242;117.7361;0.0000;495.1863;231523856.0000
156.1242;117.7361;0.0000;499.5267;231523856.0000
154.9922;118.6042;0.0000;495.1863;231523856.0000
154.8603;119.4723;0.0000;496.2628;231523872.0000
153.8603;119.4723;0.0000;498.9990;231523872.0000
153.7284;120.3404;0.0000;495.3947;231523872.0000
152.7284;121.2084;0.0000;498.7351;231523888.0000
152.5965;122.0765;0.0000;498.9990;231523888.0000
151.5965;122.8126;0.0000;497.7351;231523888.0000
151.4645;123.6807;0.0000;500.6031;231523904.0000
150.4645;124.5488;0.0000;497.7351;231523920.0000
149.4645;125.4168;0.0000;498.6032;231523920.0000
148.5965;126.2849;0.0000;500.9435;231523968.0000
148.4645;127.1530;0.0000;497.7351;231523968.0000
147.4645;128.0211;0.0000;498.2074;231523968.0000
146.4645;128.0211;0.0000;500.8116;231523968.0000
145.4645;128.8891;0.0000;497.7351;231523984.0000
144.4645;129.7572;0.0000;500.8116;231523984.0000
143.5965;130.7572;0.0000;500.8116;231523984.0000
142.5965;131.6253;0.0000;497.8116;231524000.0000
142.4645;133.3614;0.0000;501.5477;231524000.0000
141.5965;134.0976;0.0000;500.5477;231524000.0000
140.5965;134.9656;0.0000;498.8116;231524016.0000
139.7284;135.8337;0.0000;504.8881;231524016.0000
139.5965;136.7018;0.0000;499.9435;231524016.0000
138.5965;137.5698;0.0000;501.1519;231524016.0000
138.4645;137.5698;0.0000;504.8881;231524032.0000
137.5965;138.4379;0.0000;498.6797;231524032.0000
137.4645;139.3060;0.0000;503.7562;231524064.0000
136.4645;139.3060;0.0000;504.1519;231524080.0000
135.5965;140.1741;0.0000;500.4158;231524080.0000
135.4645;141.0421;0.0000;503.8881;231524080.0000
134.4645;141.9102;0.0000;504.0200;231524096.0000
133.4645;141.9102;0.0000;500.0200;231524096.0000
132.5965;142.7783;0.0000;505.4923;231524096.0000
131.5965;143.6463;0.0000;500.4158;231524112.0000
131.5965;144.5144;0.0000;502.6242;231524112.0000
130.5965;145.5144;0.0000;506.3604;231524112.0000
129.5965;146.3825;0.0000;500.4158;231524112.0000
129.5965;147.2505;0.0000;503.2285;231524128.0000
128.5965;148.1186;0.0000;506.0965;231524128.0000
127.7284;148.1186;0.0000;499.6242;231524128.0000
126.7284;148.9867;0.0000;504.8326;231524144.0000
126.5965;149.8548;0.0000;504.9645;231524144.0000
125.7284;150.7228;0.0000;503.2285;231524160.0000
124.7284;151.7228;0.0000;505.5688;231524176.0000
123.7284;151.7228;0.0000;502.9646;231524176.0000
122.8603;152.5909;0.0000;503.3049;231524192.0000
122.7284;153.4590;0.0000;507.4369;231524208.0000
121.8603;154.3270;0.0000;502.9646;231524208.0000
120.8603;156.0632;0.0000;505.0411;231524208.0000
119.8603;156.9313;0.0000;506.1730;231524208.0000
118.8603;157.9313;0.0000;502.7007;231524224.0000
118.7284;159.6674;0.0000;505.7772;231524224.0000
117.8603;160.6674;0.0000;506.1730;231524224.0000
116.8603;162.4035;0.0000;502.9091;231524240.0000
115.8603;163.2716;0.0000;506.3814;231524240.0000
114.8603;164.1397;0.0000;504.0411;231524240.0000
113.9922;165.0078;0.0000;504.5134;231524256.0000
112.9922;166.0078;0.0000;507.1176;231524256.0000
112.8603;166.8758;0.0000;504.6453;231524288.0000
111.8603;167.7439;0.0000;504.3814;231524304.0000
111.7284;168.6120;0.0000;507.1176;231524304.0000
110.7284;169.6120;0.0000;503.6453;231524304.0000
110.5965;171.3481;0.0000;506.8537;231524304.0000
109.5965;172.2162;0.0000;507.1176;231524336.0000
109.4645;173.2162;0.0000;504.1176;231524336.0000
108.4645;174.0842;0.0000;508.4579;231524336.0000
108.4645;174.9523;0.0000;507.1176;231524352.0000
107.4645;175.9523;0.0000;505.8538;231524352.0000
107.3326;176.8204;0.0000;510.1941;231524352.0000
106.4645;178.5565;0.0000;505.8538;231524368.0000
106.3326;179.4246;0.0000;506.5898;231524368.0000
105.3326;180.4246;0.0000;509.3260;231524368.0000
105.3326;181.2927;0.0000;505.9857;231524368.0000
104.3326;182.2927;0.0000;509.0621;231524384.0000
104.2007;182.2927;0.0000;509.3260;231524400.0000
104.0687;183.2927;0.0000;506.4579;231524400.0000
104.0687;185.0288;0.0000;509.6664;231524416.0000
103.9368;185.8969;0.0000;508.1941;231524416.0000
103.8049;186.8969;0.0000;506.7983;231524416.0000
103.8049;186.8969;0.0000;511.2706;231524432.0000
102.8049;188.7649;0.0000;506.0621;231524432.0000
102.6730;188.7649;0.0000;507.4025;231524448.0000
101.6730;189.7650;0.0000;510.2706;231524464.0000
101.6730;190.7650;0.0000;506.1940;231524464.0000
101.5410;191.6330;0.0000;509.0067;231524464.0000
100.5410;192.6330;0.0000;509.4025;231524464.0000
100.4091;192.7650;0.0000;506.5344;231524480.0000
100.2772;193.6330;0.0000;509.6109;231524480.0000
100.1453;193.7649;0.0000;510.0067;231524480.0000
100.0133;194.6330;0.0000;507.8748;231524496.0000
99.8814;194.7650;0.0000;512.9513;231524512.0000
100.7494;195.7650;0.0000;509.8748;231524512.0000
100.6175;195.7650;0.0000;511.0832;231524528.0000
100.6175;196.6330;0.0000;517.2916;231524528.0000
100.4856;197.6330;0.0000;513.9513;231524528.0000
99.4856;198.5011;0.0000;518.7639;231524544.0000
99.4856;198.6330;0.0000;521.6320;231524544.0000
99.3537;199.6330;0.0000;516.0278;231524544.0000
99.2217;200.5011;0.0000;521.1042;231524544.0000
99.2217;201.5011;0.0000;521.8959;231524592.0000
99.0898;202.3692;0.0000;520.9724;231524592.0000
99.0898;203.3692;0.0000;526.1808;231524592.0000
98.9579;203.5011;0.0000;526.3127;231524608.0000
98.9579;204.3692;0.0000;528.6530;231524608.0000
98.9579;205.2372;0.0000;535.7296;231524608.0000
99.6940;206.2372;0.0000;531.5211;231524624.0000
99.6940;207.1053;0.0000;534.4102;231524624.0000
99.5621;208.1053;0.0000;537.4657;231524640.0000
99.5621;208.9734;0.0000;528.7850;231524656.0000
100.2982;209.9734;0.0000;537.3337;231524656.0000
100.1663;210.9734;0.0000;533.9934;231524656.0000
100.1663;211.9734;0.0000;530.1254;231524656.0000
100.0344;212.8415;0.0000;536.0699;231524672.0000
100.0344;212.9734;0.0000;533.4657;231524672.0000
100.0344;213.9734;0.0000;534.8060;231524672.0000
99.9024;214.8415;0.0000;542.1464;231524688.0000
100.7705;215.8415;0.0000;539.5421;231524688.0000
100.7705;216.7095;0.0000;542.6187;231524704.0000
100.6386;217.7095;0.0000;545.6187;231524720.0000
100.6386;218.5776;0.0000;542.1464;231524720.0000
100.5066;219.5776;0.0000;547.2229;231524720.0000
100.3747;220.5776;0.0000;547.2229;231524736.0000
100.3747;221.4457;0.0000;544.3548;231524736.0000
100.3747;222.4457;0.0000;548.9590;231524752.0000
101.1109;223.4457;0.0000;546.4867;231524752.0000
101.1109;225.1818;0.0000;546.0909;231524768.0000
101.1109;226.1818;0.0000;550.5632;231524768.0000
101.1109;227.0499;0.0000;546.3549;231524768.0000
101.8470;228.0499;0.0000;546.6952;231524784.0000
101.8470;228.9180;0.0000;550.5632;231524784.0000
101.7151;229.9180;0.0000;547.2229;231524784.0000
101.5832;230.9180;0.0000;550.2994;231524800.0000
101.5832;231.7860;0.0000;552.6952;231524800.0000
101.4512;232.7860;0.0000;549.1674;231524800.0000
101.3193;233.7860;0.0000;553.7717;231524816.0000
101.3193;234.6541;0.0000;552.4313;231524816.0000
101.1874;235.6541;0.0000;551.9036;231524816.0000
101.1874;236.6541;0.0000;556.5078;231524816.0000
102.0555;237.5222;0.0000;553.2994;231524832.0000
102.7916;238.5222;0.0000;553.6398;231524864.0000
103.5277;239.5222;0.0000;557.8481;231524864.0000
104.3958;240.5222;0.0000;553.9036;231524880.0000
105.1319;242.2583;0.0000;558.1120;231524880.0000
106.0000;243.2583;0.0000;557.8481;231524880.0000
106.7361;244.2583;0.0000;555.6398;231524896.0000
107.6042;245.1264;0.0000;557.9800;231524896.0000
107.4723;246.1264;0.0000;559.5078;231524896.0000
108.3404;247.1264;0.0000;558.7162;231524896.0000
109.0765;247.2583;0.0000;565.6608;231524912.0000
108.9446;248.1264;0.0000;563.3204;231524912.0000
109.8126;249.1264;0.0000;566.5289;231524912.0000
109.8126;250.1264;0.0000;571.0012;231524928.0000
109.8126;251.1264;0.0000;566.5289;231524928.0000
109.6807;252.1264;0.0000;570.7373;231524928.0000
109.6807;252.2583;0.0000;572.6053;231524960.0000
110.4168;253.9944;0.0000;568.2650;231524976.0000
111.1530;254.9944;0.0000;574.4734;231524976.0000
112.0211;255.9944;0.0000;574.7373;231524992.0000
112.0211;256.9944;0.0000;571.8693;231524992.0000
112.8891;257.1264;0.0000;576.9457;231524992.0000
113.6253;257.9944;0.0000;571.8693;231524992.0000
113.6253;258.1264;0.0000;574.0776;231525008.0000
114.3614;259.1264;0.0000;578.5499;231525008.0000
114.3614;259.2583;0.0000;572.6053;231525008.0000
115.2295;260.2583;0.0000;576.9457;231525024.0000
115.2295;260.2583;0.0000;578.6819;231525024.0000
115.2295;261.2583;0.0000;572.6053;231525024.0000
116.0976;261.3902;0.0000;576.5499;231525040.0000
116.0976;262.2583;0.0000;576.9457;231525040.0000
116.9656;262.3902;0.0000;573.9457;231525040.0000
116.8337;263.3902;0.0000;578.7584;231525056.0000
116.8337;264.2583;0.0000;576.5499;231525072.0000
117.7018;264.3902;0.0000;576.2861;231525088.0000
118.5698;265.3902;0.0000;579.1541;231525088.0000
118.5698;266.3902;0.0000;576.6819;231525104.0000
119.4379;266.3902;0.0000;577.0222;231525104.0000
119.3060;267.3902;0.0000;580.0222;231525104.0000
120.1740;267.5222;0.0000;576.5499;231525120.0000
120.1740;268.5222;0.0000;579.0222;231525120.0000
120.1740;268.6541;0.0000;578.0987;231525120.0000
121.0421;268.7860;0.0000;576.2861;231525136.0000
121.0421;269.7860;0.0000;579.7584;231525136.0000
121.0421;269.9180;0.0000;577.2861;231525136.0000
121.9102;270.9180;0.0000;576.8903;231525136.0000
121.9102;271.0499;0.0000;581.3626;231525152.0000
122.7783;272.0499;0.0000;577.2861;231525152.0000
122.7783;273.0499;0.0000;577.8903;231525152.0000
123.6463;273.1818;0.0000;580.7584;231525200.0000
123.5144;274.1818;1.5832;576.4180;231525200.0000
124.3825;274.3138;0.0000;580.4945;231525200.0000
124.3825;275.3137;1.5832;579.8903;231525232.0000
125.2506;275.4457;0.0000;577.0222;231525232.0000
125.2506;276.4457;0.0000;581.0987;231525232.0000
125.2506;276.5776;0.0000;578.8903;231525248.0000
126.1186;277.5776;1.5832;578.6264;231525248.0000
126.1186;277.7095;0.0000;583.0987;231525248.0000
126.1186;278.7095;1.5832;577.8903;231525264.0000
126.9867;278.8415;0.0000;578.8348;231525264.0000
126.9867;279.8415;0.0000;581.9668;231525264.0000
127.8548;279.9734;0.0000;577.6265;231525264.0000
127.8548;280.9734;0.0000;581.0987;231525280.0000
128.7228;281.9734;1.5832;581.2307;231525280.0000
128.7228;282.1053;0.0000;578.2306;231525280.0000
129.5909;283.1053;0.0000;581.0987;231525312.0000
129.5909;283.2372;0.0000;580.3625;231525312.0000
130.4590;284.2372;0.0000;577.0988;231525312.0000
130.5909;284.3691;0.0000;582.2307;231525328.0000
131.4590;285.3692;0.0000;577.6265;231525328.0000
131.4590;285.3692;0.0000;578.9668;231525344.0000
132.3270;286.3692;0.0000;583.7029;231525344.0000
132.3270;286.5011;0.0000;577.6265;231525360.0000
133.1951;286.6330;0.0000;580.8348;231525360.0000
133.1951;287.6330;0.0000;581.9668;231525360.0000
134.1951;288.6330;0.0000;577.6265;231525376.0000
135.0632;289.6330;0.0000;581.9668;231525376.0000
135.9313;289.7650;0.0000;581.3626;231525376.0000
136.7993;290.7650;0.0000;577.9668;231525392.0000
136.7993;291.7650;0.0000;583.7029;231525392.0000
137.6674;292.7650;0.0000;579.6264;231525392.0000
138.6674;292.8969;0.0000;580.2306;231525424.0000
139.5355;293.8969;0.0000;583.9668;231525424.0000
139.6674;294.8969;0.0000;578.7584;231525424.0000
140.5355;295.0288;0.0000;582.0987;231525424.0000
141.4035;296.0288;0.0000;583.9668;231525440.0000
142.2716;296.1608;0.0000;579.6264;231525440.0000
143.1397;297.2927;0.0000;584.0987;231525440.0000
144.0078;297.4246;0.0000;584.3625;231525456.0000
144.8758;297.6885;0.0000;581.6264;231525488.0000
145.7439;298.6885;0.0000;585.2306;231525488.0000
145.8759;298.9523;0.0000;582.1541;231525504.0000
146.7439;299.9523;0.0000;583.0222;231525504.0000
147.6120;300.2162;0.0000;586.4945;231525504.0000
148.4800;301.2162;0.0000;582.5499;231525520.0000
149.3481;301.3481;0.0000;584.8903;231525520.0000
151.2162;301.4801;0.0000;586.4945;231525520.0000
152.0842;302.4800;0.0000;582.2861;231525536.0000
152.9523;302.6120;0.0000;587.4945;231525552.0000
153.9523;302.7439;0.0000;586.0222;231525552.0000
154.8204;303.8758;0.0000;584.1541;231525552.0000
155.8204;304.0078;0.0000;587.7584;231525568.0000
156.6885;304.1397;0.0000;585.4180;231525568.0000
157.5565;304.2716;0.0000;585.1541;231525568.0000
158.4246;305.2716;0.0000;589.8903;231525584.0000
159.4246;305.4035;0.0000;584.6819;231525584.0000
160.2927;305.5355;0.0000;586.2861;231525584.0000
161.1608;305.6674;0.0000;589.1541;231525616.0000
162.1608;306.6674;0.0000;584.6819;231525616.0000
163.0288;306.7993;0.0000;587.7584;231525616.0000
164.0288;306.9313;0.0000;588.5499;231525616.0000
165.0288;307.7993;0.0000;584.6819;231525632.0000
165.8969;307.9313;0.0000;588.2861;231525632.0000
166.8969;308.0632;0.0000;586.8138;231525648.0000
167.7650;308.0632;10.4168;585.6819;231525664.0000
168.6330;308.1951;0.0000;590.8903;231525664.0000
169.6330;309.1951;0.0000;585.2095;231525664.0000
170.5011;309.1951;10.4168;586.5499;231525680.0000
171.3692;309.3270;0.0000;590.4180;231525680.0000
173.2372;309.3270;0.0000;584.3416;231525680.0000
174.1053;310.1951;0.0000;588.1541;231525680.0000
175.9734;310.3271;0.0000;588.5499;231525696.0000
177.7095;311.1951;0.0000;585.0776;231525696.0000
178.5776;311.3270;0.0000;588.2861;231525696.0000
180.4457;312.3270;0.0000;588.6819;231525712.0000
181.3138;312.3270;0.0000;585.8138;231525712.0000
182.3137;312.3270;0.0000;590.8903;231525712.0000
183.1818;313.3271;0.0000;586.3415;231525728.0000
184.9180;313.3271;0.0000;586.6819;231525728.0000
185.9180;313.4590;0.0000;590.2861;231525728.0000
186.7860;313.4590;0.0000;583.2861;231525776.0000
187.7860;314.4590;0.0000;588.5499;231525776.0000
188.7860;314.4590;0.0000;590.4180;231525776.0000
190.5222;314.5909;0.0000;584.4735;231525776.0000
191.3902;314.5909;0.0000;588.6819;231525792.0000
192.2583;314.7228;0.0000;588.8138;231525792.0000
194.1264;314.7228;0.0000;586.2096;231525792.0000
195.1264;314.8547;0.0000;590.4180;231525808.0000
195.9944;315.8548;0.0000;586.3415;231525808.0000
197.8625;314.9867;0.0000;587.8138;231525808.0000
198.7306;315.1186;0.0000;590.6819;231525824.0000
199.5987;315.1186;0.0000;586.3415;231525824.0000
200.5987;315.2505;0.0000;588.5499;231525824.0000
202.3348;315.2505;0.0000;590.4180;231525856.0000
203.3348;315.2505;0.0000;586.3415;231525856.0000
204.2029;315.2505;0.0000;590.5499;231525856.0000
205.0710;315.3825;0.0000;588.9457;231525872.0000
206.0710;315.3825;0.0000;586.2096;231525888.0000
206.9390;315.5144;0.0000;591.6819;231525888.0000
208.8071;315.5144;0.0000;586.6053;231525888.0000
209.6752;314.7783;0.0000;586.7584;231525904.0000
210.5432;314.7783;10.4168;591.6819;231525904.0000
212.4113;314.9102;0.0000;586.4734;231525904.0000
213.2794;314.9102;0.0000;588.9457;231525920.0000
214.2794;314.9102;0.0000;590.8138;231525920.0000
216.0155;315.0421;0.0000;586.6053;231525920.0000
216.8836;315.0421;0.0000;589.8138;231525936.0000
217.8836;315.1741;0.0000;589.9457;231525936.0000
219.6197;314.3060;0.0000;586.3415;231525936.0000
220.4878;314.3060;0.0000;590.6819;231525936.0000
221.4878;313.5698;0.0000;586.7373;231525952.0000
223.2239;313.5698;10.4168;586.3415;231525968.0000
224.2240;313.5698;0.0000;591.9457;231525984.0000
225.0920;312.8337;10.4168;586.7373;231526000.0000
226.0920;312.8337;0.0000;587.2096;231526000.0000
227.8282;312.9656;0.0000;591.0776;231526000.0000
228.8282;312.0976;0.0000;585.6053;231526016.0000
230.5643;312.0976;0.0000;589.9457;231526016.0000
231.4323;312.2295;0.0000;589.3416;231526016.0000
233.3004;312.2295;0.0000;585.4734;231526032.0000
234.1685;311.3615;0.0000;589.9457;231526032.0000
236.0366;311.4933;0.0000;588.6053;231526032.0000
237.7727;311.4933;0.0000;586.3415;231526032.0000
238.7727;311.6253;0.0000;591.8138;231526048.0000
240.6408;310.7572;0.0000;586.0012;231526048.0000
242.3769;310.7572;0.0000;586.0776;231526048.0000
244.2450;310.0211;0.0000;591.3415;231526064.0000
245.2450;310.0211;0.0000;585.0012;231526064.0000
246.9812;309.2849;0.0000;589.2096;231526096.0000
247.9812;309.2849;0.0000;589.3416;231526128.0000
248.9811;308.5488;0.0000;585.8693;231526128.0000
250.7173;308.5488;0.0000;590.2095;231526128.0000
251.7173;307.6807;0.0000;588.6053;231526144.0000
252.7173;307.8127;0.0000;586.3415;231526144.0000
253.5854;306.9446;0.0000;591.2096;231526144.0000
254.5854;307.0765;0.0000;587.0012;231526144.0000
255.5854;306.2084;0.0000;586.4734;231526160.0000
256.4534;305.3404;0.0000;591.2096;231526160.0000
257.4534;305.4723;0.0000;585.3970;231526160.0000
258.4534;304.6042;0.0000;589.0776;231526176.0000
259.4534;303.8681;0.0000;590.4734;231526176.0000
260.3215;303.0000;0.0000;585.3970;231526176.0000
261.3215;303.1319;0.0000;589.3416;231526192.0000
261.4534;302.2639;0.0000;588.8693;231526192.0000
262.3215;301.3958;0.0000;587.0012;231526208.0000
263.3215;300.6597;0.0000;590.4734;231526208.0000
265.1896;299.7916;0.0000;587.2650;231526224.0000
266.1895;299.9235;0.0000;588.4734;231526224.0000
267.1896;299.0554;0.0000;591.4734;231526240.0000
269.0576;298.3193;0.0000;586.5289;231526256.0000
270.0576;297.4512;0.0000;588.8693;231526256.0000
270.9257;296.5832;0.0000;590.7373;231526256.0000
271.9257;296.7151;0.0000;584.9247;231526272.0000
273.7938;295.8470;0.0000;589.8693;231526272.0000
274.7938;294.9789;0.0000;590.6608;231526272.0000
275.6618;294.2428;0.0000;587.3969;231526288.0000
276.6619;293.3747;0.0000;590.8693;231526288.0000
277.6619;292.6386;0.0000;587.6608;231526288.0000
278.6619;291.7705;0.0000;589.0012;231526288.0000
280.5299;290.9024;0.0000;592.7373;231526304.0000
281.5299;290.0344;0.0000;589.2650;231526320.0000
282.3980;289.2982;0.0000;592.3415;231526320.0000
283.3980;287.5621;0.0000;595.4734;231526336.0000
284.3980;286.6940;0.0000;590.2650;231526336.0000
285.3980;285.9579;0.0000;594.4735;231526336.0000
286.3980;284.2217;0.0000;594.3970;231526352.0000
287.3980;283.4856;0.0000;591.1331;231526384.0000
288.3980;282.6175;0.0000;595.4734;231526384.0000
289.3980;281.0133;0.0000;592.3969;231526400.0000
289.3980;280.1453;0.0000;594.4735;231526400.0000
290.3980;278.5410;0.0000;603.4180;231526400.0000
291.3980;277.6730;0.0000;600.2095;231526400.0000
291.5299;275.9368;0.0000;605.1541;231526416.0000
291.7938;274.3326;10.4168;610.6264;231526416.0000
292.7938;272.5964;1.5832;609.7584;231526416.0000
292.9257;271.7284;0.0000;616.7029;231526432.0000
293.0576;269.9922;0.0000;617.8348;231526448.0000
294.0576;268.3880;1.5832;616.0987;231526448.0000
294.1895;267.5200;0.0000;620.4391;231526464.0000
294.3215;265.7838;0.0000;617.9668;231526464.0000
295.4534;265.0477;0.0000;616.6475;231526464.0000
295.5853;263.3115;0.0000;623.0432;231526464.0000
296.7173;262.4435;0.0000;618.0987;231526480.0000
296.8492;261.7073;0.0000;619.5710;231526480.0000
297.8492;260.8392;0.0000;622.4391;231526496.0000
298.1131;259.1031;0.0000;617.3625;231526512.0000
299.1131;258.2350;0.0000;622.0433;231526512.0000
299.3770;257.4989;0.0000;620.9668;231526512.0000
300.3769;256.6308;1.5832;618.3626;231526528.0000
300.6408;254.8947;0.0000;623.4391;231526528.0000
301.6408;254.0266;0.0000;621.2306;231526528.0000
302.6408;253.1585;1.5832;620.7029;231526544.0000
303.7727;252.2905;0.0000;626.1752;231526560.0000
303.9046;251.4224;0.0000;623.8348;231526560.0000
305.0366;250.5543;0.0000;626.7794;231526560.0000
306.0366;249.6862;0.0000;634.2517;231526576.0000
306.3004;248.8182;0.0000;632.5155;231526576.0000
307.3004;247.0821;0.0000;639.9324;231526576.0000
307.5643;246.2140;0.0000;642.9324;231526592.0000
307.6962;245.3459;1.5832;641.1963;231526592.0000
307.8282;244.4778;0.0000;645.4047;231526592.0000
308.0920;244.4778;0.0000;645.8005;231526608.0000
308.2239;243.6098;1.5832;642.9324;231526640.0000
308.3559;242.7417;10.4168;649.0089;231526640.0000
308.6197;241.8736;0.0000;645.6686;231526656.0000
308.7516;241.0056;10.4168;647.2728;231526656.0000
308.8836;240.0056;0.0000;651.1409;231526656.0000
309.1474;239.1375;0.0000;645.1963;231526656.0000
309.2794;238.2694;0.0000;648.1409;231526688.0000
309.4113;238.2694;10.4168;651.2728;231526688.0000
310.5432;237.4013;0.0000;647.1963;231526688.0000
310.8071;236.4013;10.4168;651.1409;231526704.0000
310.9390;235.5333;1.5832;649.6686;231526704.0000
312.0710;234.6652;0.0000;645.9324;231526704.0000
312.2029;234.6652;0.0000;652.2728;231526720.0000
313.2029;233.7971;10.4168;648.1963;231526720.0000
313.3348;232.7971;0.0000;648.6686;231526720.0000
313.5987;231.9290;0.0000;653.2728;231526736.0000
314.7306;230.1929;0.0000;648.3282;231526736.0000
314.8625;229.3248;0.0000;651.8005;231526736.0000
314.9944;228.4568;0.0000;644.1198;231526736.0000
315.1264;227.5887;0.0000;652.8005;231526752.0000
315.2583;225.7206;0.0000;657.0089;231526752.0000
315.5222;224.8526;0.0000;659.8770;231526752.0000
316.5222;223.8526;0.0000;656.2728;231526768.0000
316.7860;222.9845;0.0000;661.2173;231526784.0000
316.9180;221.2484;0.0000;657.5366;231526784.0000
317.0499;220.3803;0.0000;659.0089;231526800.0000
317.1818;219.5122;0.0000;665.2173;231526800.0000
317.3138;217.7761;0.0000;660.5366;231526800.0000
317.4457;216.7761;0.0000;660.7451;231526816.0000
317.5776;215.7761;1.5832;665.3492;231526816.0000
317.8415;214.0399;0.0000;660.6686;231526816.0000
318.1053;213.0399;1.5832;664.8770;231526816.0000
318.3692;211.1719;0.0000;664.4047;231526832.0000
318.5011;210.3038;0.0000;660.8005;231526832.0000
318.7650;208.4357;0.0000;665.8770;231526832.0000
319.7650;206.5677;0.0000;663.9324;231526848.0000
320.0288;205.6996;0.0000;662.6686;231526864.0000
320.1608;203.8315;0.0000;670.0089;231526864.0000
320.4246;202.9634;0.0000;662.3282;231526880.0000
319.6885;201.0954;0.0000;664.8005;231526896.0000
319.9523;200.0954;0.0000;670.5366;231526896.0000
320.0843;198.2273;0.0000;662.7240;231526912.0000
320.3481;197.2273;0.0000;666.4812;231526912.0000
320.6120;195.3592;0.0000;667.1963;231526912.0000
320.8759;194.3592;0.0000;663.7240;231526912.0000
321.0078;193.3592;0.0000;668.8005;231526928.0000
320.4036;192.4911;0.0000;666.5920;231526928.0000
320.5355;190.6231;0.0000;665.3282;231526928.0000
320.7993;189.4911;0.0000;670.5366;231526944.0000
320.9313;188.4911;0.0000;664.8559;231526944.0000
321.1951;187.4911;0.0000;664.5920;231526944.0000
321.3271;186.4911;0.0000;670.9324;231526960.0000
321.4590;185.3592;0.0000;664.1198;231526960.0000
321.5909;184.3592;0.0000;667.1963;231526960.0000
321.7228;182.4911;10.4168;668.5920;231526960.0000
320.9867;181.4911;0.0000;664.1198;231527024.0000
321.1187;180.4911;10.4168;667.3282;231527024.0000
321.2505;179.4911;0.0000;668.5920;231527024.0000
320.5144;178.4911;0.0000;663.8559;231527040.0000
320.6463;177.4911;0.0000;667.7240;231527040.0000
320.7783;176.4911;0.0000;665.5156;231527040.0000
319.9102;175.4911;0.0000;664.8559;231527056.0000
320.0421;173.6231;0.0000;669.8559;231527056.0000
320.1741;172.7550;0.0000;664.3836;231527056.0000
319.3060;171.7550;0.0000;667.8560;231527072.0000
319.4379;170.7550;0.0000;670.5366;231527072.0000
318.7018;169.7550;0.0000;665.5156;231527072.0000
318.7018;168.7550;0.0000;671.3282;231527072.0000
317.9656;167.7550;0.0000;668.2517;231527088.0000
317.9656;166.8869;0.0000;668.9878;231527088.0000
317.2295;165.8869;1.5832;672.4601;231527104.0000
316.4933;164.8869;0.0000;669.8559;231527120.0000
316.6253;163.8869;0.0000;672.5920;231527120.0000
315.7572;162.0189;0.0000;678.0643;231527136.0000
315.0211;161.0189;0.0000;672.8560;231527152.0000
315.1530;160.0188;1.5832;675.0089;231527152.0000
314.4168;159.0188;0.0000;680.8005;231527152.0000
313.5488;158.8869;0.0000;674.7240;231527168.0000
312.8126;157.7550;0.0000;680.6685;231527168.0000
311.9446;156.7550;0.0000;681.9324;231527168.0000
312.0765;155.8869;0.0000;677.3282;231527168.0000
311.2084;153.8869;0.0000;681.8005;231527184.0000
310.4723;152.8869;0.0000;676.9879;231527184.0000
309.7361;151.8869;0.0000;679.3281;231527184.0000
308.8681;151.0188;1.5832;687.1408;231527200.0000
308.1319;149.1508;0.0000;679.7240;231527200.0000
307.2639;148.1508;0.0000;680.1963;231527200.0000
306.3958;147.1508;0.0000;682.3282;231527232.0000
304.7916;146.2827;0.0000;678.5920;231527232.0000
303.9235;144.4147;0.0000;682.3282;231527232.0000
303.1874;143.4147;0.0000;679.9879;231527248.0000
302.3193;142.4147;0.0000;678.8559;231527280.0000
301.5832;141.4147;0.0000;682.5920;231527280.0000
300.7151;139.5466;0.0000;681.9879;231527280.0000
299.8470;138.6785;0.0000;676.3836;231527296.0000
298.9789;137.6785;0.0000;683.1963;231527296.0000
298.2428;136.6785;0.0000;677.7794;231527296.0000
297.3747;135.6785;0.0000;679.9879;231527312.0000
296.6385;134.6785;0.0000;680.1198;231527312.0000
296.6385;133.6785;0.0000;676.9113;231527312.0000
295.7705;132.8104;0.0000;681.7240;231527328.0000
295.0344;130.9424;0.0000;681.2517;231527328.0000
294.1663;129.9424;0.0000;676.7794;231527328.0000
293.4302;128.0743;0.0000;681.8560;231527360.0000
292.5621;127.0743;0.0000;679.6475;231527360.0000
291.6940;125.3382;0.0000;678.6475;231527360.0000
290.8260;124.3382;0.0000;681.9879;231527360.0000
290.0898;122.3382;0.0000;678.3071;231527376.0000
289.2217;121.3382;0.0000;678.3836;231527376.0000
289.3537;120.4701;0.0000;683.5156;231527392.0000
288.4856;118.6020;0.0000;676.4390;231527408.0000
287.6175;117.6020;0.0000;680.3836;231527408.0000
286.8814;115.7339;0.0000;681.6475;231527408.0000
286.0133;114.7339;0.0000;677.0433;231527424.0000
285.1453;113.7339;0.0000;680.3836;231527424.0000
284.4091;112.7339;0.0000;679.0433;231527424.0000
284.4091;111.7339;0.0000;676.1752;231527440.0000
283.6729;110.7339;0.0000;680.6475;231527440.0000
282.8049;108.8659;0.0000;677.3071;231527440.0000
281.9368;107.8659;0.0000;678.7794;231527456.0000
281.2007;106.7339;0.0000;681.7794;231527472.0000
280.3326;104.8659;1.5832;675.7029;231527472.0000
279.5964;103.8659;0.0000;680.7794;231527472.0000
278.7284;102.8659;1.5832;680.9113;231527488.0000
277.8603;101.8659;0.0000;675.8348;231527488.0000
276.2561;100.7339;0.0000;680.7794;231527488.0000
275.3880;99.7339;0.0000;679.5710;231527504.0000
274.6519;99.6020;1.5832;676.7029;231527504.0000
272.9158;98.4701;0.0000;681.3071;231527536.0000
272.0477;97.4701;1.5832;677.8348;231527536.0000
270.4435;96.4701;0.0000;678.0433;231527552.0000
268.7073;95.4701;0.0000;682.7029;231527552.0000
267.8392;94.4701;0.0000;678.1752;231527552.0000
266.1031;93.4701;0.0000;679.3071;231527568.0000
265.2350;92.4701;0.0000;681.5710;231527568.0000
263.6308;91.3382;0.0000;677.9668;231527584.0000
262.7628;91.2062;0.0000;678.8348;231527600.0000
261.0266;90.2062;0.0000;682.7029;231527600.0000
260.1585;89.2062;0.0000;678.8348;231527600.0000
259.2905;88.9424;0.0000;682.7029;231527616.0000
257.5543;88.8104;0.0000;678.6264;231527616.0000
256.8182;87.8104;0.0000;679.2306;231527616.0000
255.9501;87.6785;0.0000;683.7029;231527616.0000
254.2140;87.4147;0.0000;678.7584;231527632.0000
253.3459;86.4147;0.0000;680.0987;231527632.0000
251.6098;86.2827;10.4168;685.0987;231527632.0000
250.7417;85.2827;0.0000;679.0222;231527664.0000
249.0056;84.2827;0.0000;682.2306;231527664.0000
247.2694;83.2827;0.0000;682.7584;231527664.0000
246.4013;83.0188;0.0000;679.4945;231527680.0000
245.5333;82.0188;0.0000;677.2861;231527680.0000
243.7971;80.8869;0.0000;688.0987;231527696.0000
242.1929;80.7550;0.0000;675.4180;231527712.0000
241.3249;79.6231;0.0000;692.1752;231527712.0000
239.5887;79.4911;0.0000;685.4945;231527712.0000
238.7206;79.3592;0.0000;686.2306;231527712.0000
236.9845;78.3592;0.0000;692.5710;231527728.0000
236.1164;78.0954;0.0000;688.2306;231527728.0000
234.3803;77.0954;0.0000;688.0987;231527728.0000
232.5122;76.0954;0.0000;690.2307;231527744.0000
231.6441;75.9634;0.0000;690.7029;231527744.0000
230.0399;74.8315;0.0000;692.4391;231527744.0000
228.3038;74.6996;0.0000;691.0987;231527760.0000
227.4357;73.5676;0.0000;688.0987;231527760.0000
225.6996;73.4357;0.0000;694.3071;231527760.0000
223.8315;72.4357;0.0000;690.2307;231527776.0000
222.0954;72.3038;0.0000;690.7029;231527776.0000
221.2273;71.1718;0.0000;694.5710;231527792.0000
219.4911;71.0399;1.5832;686.8903;231527792.0000
218.6231;70.9080;0.0000;692.8348;231527808.0000
216.8869;70.6441;1.5832;692.9668;231527808.0000
215.8869;69.6441;0.0000;690.6265;231527808.0000
214.1508;69.5122;0.0000;693.7029;231527824.0000
213.2827;69.3803;0.0000;691.3625;231527824.0000
211.5466;69.1164;0.0000;691.0987;231527824.0000
210.6785;68.9845;0.0000;695.4391;231527840.0000
208.9424;68.7206;0.0000;690.6265;231527840.0000
207.2062;68.5887;0.0000;690.2307;231527840.0000
206.2062;67.4568;0.0000;695.7029;231527840.0000
204.4701;67.3249;0.0000;688.8903;231527856.0000
203.6020;67.1929;0.0000;693.7029;231527856.0000
201.7339;66.9290;0.0000;694.9668;231527856.0000
200.8659;65.7971;0.0000;688.8903;231527904.0000
198.9978;65.6652;0.0000;693.8348;231527904.0000
198.1297;65.4013;0.0000;693.2306;231527920.0000
196.3936;65.2694;0.0000;691.3625;231527936.0000
195.3936;65.1375;0.0000;694.9668;231527936.0000
193.6575;64.8736;0.0000;691.0222;231527936.0000
192.6575;64.7417;0.0000;691.4944;231527952.0000
191.7894;64.4778;0.0000;695.0987;231527952.0000
190.9213;64.3459;0.0000;689.2861;231527952.0000
189.9213;64.0820;0.0000;693.2306;231527952.0000
189.0532;63.9501;0.0000;695.3626;231527968.0000
188.0532;63.8182;0.0000;689.1541;231527968.0000
187.0532;64.4224;0.0000;694.3625;231527968.0000
186.1852;64.2905;0.0000;695.3626;231527984.0000
185.1852;64.0266;0.0000;689.1541;231527984.0000
185.0532;64.7628;0.0000;695.2307;231527984.0000
184.1852;64.6308;0.0000;689.6819;231528000.0000
183.1852;64.3670;0.0000;690.8903;231528016.0000
182.1852;64.2351;0.0000;695.3626;231528032.0000
182.0532;64.9712;0.0000;689.1541;231528048.0000
181.1852;64.8392;1.5832;692.3625;231528048.0000
181.0532;65.5754;0.0000;694.6264;231528048.0000
180.1852;65.3115;0.0000;689.4180;231528048.0000
179.1852;65.1796;0.0000;693.4945;231528064.0000
178.3171;65.0477;0.0000;692.7584;231528064.0000
177.3171;65.7838;0.0000;688.4180;231528064.0000
176.3171;65.6519;0.0000;693.4945;231528080.0000
175.4490;65.5200;0.0000;689.6819;231528080.0000
174.4490;66.2561;0.0000;691.0222;231528080.0000
173.4490;66.1242;0.0000;695.3626;231528096.0000
173.3171;65.9922;0.0000;689.2861;231528096.0000
172.4490;66.7284;0.0000;689.2861;231528096.0000
171.4490;66.4645;0.0000;696.0222;231528112.0000
170.4490;67.3326;0.0000;688.6819;231528128.0000
170.3171;67.2007;0.0000;693.0222;231528128.0000
169.3171;67.0687;0.0000;693.1541;231528128.0000
168.4490;67.8049;0.0000;686.8138;231528176.0000
167.4490;67.8049;0.0000;692.8903;231528176.0000
166.4490;68.5410;0.0000;691.5499;231528176.0000
164.7129;68.4091;0.0000;687.5499;231528192.0000
163.7129;68.2772;0.0000;695.6265;231528192.0000
161.8448;68.1452;0.0000;687.0776;231528192.0000
160.8448;68.8814;0.0000;689.2861;231528208.0000
159.1087;68.7494;0.0000;696.4945;231528208.0000
157.2406;69.4856;0.0000;687.0776;231528208.0000
156.3725;69.3537;0.0000;687.6819;231528224.0000
154.5045;70.0898;0.0000;680.1331;231528224.0000
153.5045;70.0898;0.0000;687.0776;231528224.0000
152.6364;69.9579;0.0000;682.4735;231528224.0000
152.5045;70.6940;0.0000;682.7373;231528240.0000
151.6364;70.5621;0.0000;677.9457;231528256.0000
150.6364;71.4302;0.0000;685.2096;231528256.0000
149.6364;72.1663;0.0000;677.5289;231528272.0000
148.7683;72.1663;0.0000;679.7373;231528272.0000
147.7683;72.0344;0.0000;681.7373;231528272.0000
146.7683;72.7705;0.0000;677.5289;231528304.0000
145.9002;72.6386;0.0000;683.1541;231528304.0000
144.0322;73.3747;0.0000;684.0012;231528304.0000
143.1641;73.3747;0.0000;679.2650;231528304.0000
142.1641;74.1109;0.0000;682.0012;231528320.0000
140.4279;73.9789;1.5832;681.8693;231528320.0000
139.4280;74.8470;0.0000;678.8693;231528320.0000
137.5599;75.5832;0.0000;684.0776;231528336.0000
136.5599;75.5832;0.0000;676.4734;231528336.0000
135.6918;76.3193;0.0000;681.0012;231528336.0000
133.8237;77.0555;0.0000;683.9457;231528352.0000
132.8237;77.7916;1.5832;677.5289;231528368.0000
131.9557;78.6596;0.0000;679.7373;231528368.0000
130.9557;78.5277;0.0000;682.7373;231528384.0000
129.9557;79.2639;0.0000;678.2650;231528384.0000
128.9557;80.0000;0.0000;683.0776;231528384.0000
127.9557;80.8681;0.0000;681.7373;231528384.0000
126.0876;81.6042;1.5832;680.8693;231528400.0000
125.2195;82.3404;0.0000;682.9457;231528416.0000
124.2195;83.2084;1.5832;679.7373;231528416.0000
123.2195;83.9446;0.0000;678.8693;231528432.0000
122.2195;84.6807;0.0000;684.6819;231528432.0000
121.2195;85.5488;0.0000;680.6053;231528432.0000
120.2195;86.2849;0.0000;681.2096;231528448.0000
120.0876;86.2849;1.5832;684.8138;231528448.0000
119.0876;87.0211;0.0000;679.7373;231528448.0000
118.9557;87.7572;0.0000;685.4180;231528464.0000
117.9557;88.6253;1.5832;682.9457;231528496.0000
116.9557;89.3614;0.0000;681.2096;231528496.0000
116.8237;89.2295;0.0000;685.2861;231528496.0000
115.8237;90.0976;1.5832;682.9457;231528512.0000
114.8237;90.8337;1.5832;680.6819;231528512.0000
113.8237;90.8337;1.5832;685.2861;231528512.0000
113.6918;91.5698;0.0000;681.4734;231528528.0000
112.6918;91.4379;0.0000;683.6819;231528528.0000
112.5599;92.3060;0.0000;685.4180;231528528.0000
112.4280;92.1741;1.5832;682.0776;231528560.0000
112.2960;93.0421;0.0000;686.2861;231528560.0000
111.2960;92.9102;0.0000;686.2861;231528560.0000
111.1641;93.6463;0.0000;682.0776;231528576.0000
110.1641;94.5144;0.0000;686.2861;231528576.0000
110.0322;94.3825;0.0000;684.0776;231528576.0000
109.9003;95.1186;0.0000;683.6819;231528576.0000
108.9002;95.1186;0.0000;688.2861;231528608.0000
108.7683;95.9867;0.0000;684.0776;231528608.0000
108.6364;95.8548;0.0000;686.2861;231528608.0000
108.5045;96.7228;0.0000;688.1541;231528624.0000
107.3725;97.4590;0.0000;678.8693;231528624.0000
107.2406;97.3270;0.0000;686.2861;231528624.0000
106.3725;98.0632;0.0000;687.1541;231528640.0000
106.2406;98.0632;0.0000;683.9457;231528640.0000
106.1087;98.7993;0.0000;687.1541;231528640.0000
105.1087;98.7993;0.0000;688.4180;231528640.0000
104.8448;99.5355;0.0000;683.6819;231528656.0000
103.9767;100.2716;0.0000;688.8903;231528656.0000
103.8448;100.4035;0.0000;683.9457;231528656.0000
102.8448;101.1397;0.0000;685.8903;231528672.0000
101.8448;101.8758;0.0000;688.7584;231528672.0000
100.8448;101.8758;0.0000;683.6819;231528672.0000
99.8448;102.6120;0.0000;687.0222;231528704.0000
98.8448;103.4800;0.0000;691.6264;231528704.0000
98.7129;103.4800;0.0000;683.6819;231528704.0000
97.7129;104.2162;0.0000;688.6264;231528720.0000
96.7129;105.0843;0.0000;687.8903;231528720.0000
95.7129;104.9523;0.0000;683.5499;231528720.0000
94.7129;105.8204;0.0000;687.6264;231528736.0000
93.7129;106.5565;0.0000;684.1541;231528736.0000
92.7129;107.4246;0.0000;687.6264;231528736.0000
91.5809;107.4246;0.0000;691.0987;231528736.0000
90.5809;108.0288;0.0000;686.2861;231528752.0000
89.5809;108.8969;0.0000;688.3625;231528752.0000
88.5809;109.7649;0.0000;690.3626;231528752.0000
87.5809;110.6330;0.0000;686.7584;231528800.0000
86.7129;111.5011;0.0000;688.3625;231528800.0000
85.7129;112.3692;0.0000;690.0987;231528800.0000
84.7129;113.2372;0.0000;686.7584;231528832.0000
84.7129;113.2372;0.0000;688.3625;231528832.0000
83.7129;114.1053;0.0000;686.7584;231528832.0000
82.7129;114.8415;0.0000;685.6265;231528832.0000
82.5809;115.7095;1.5832;692.8348;231528848.0000
81.5809;116.5776;0.0000;686.7584;231528848.0000
80.5809;117.3137;0.0000;685.6265;231528848.0000
80.4490;117.3137;0.0000;692.8348;231528864.0000
79.4490;118.1818;0.0000;688.4945;231528864.0000
78.4490;119.0499;0.0000;690.7029;231528864.0000
78.3171;119.9180;0.0000;688.0987;231528880.0000
77.3171;120.7860;0.0000;687.0987;231528880.0000
76.3171;121.6541;0.0000;692.4391;231528880.0000
75.3171;122.5221;0.0000;688.3625;231528896.0000
75.1852;123.2583;0.0000;688.0987;231528896.0000
74.1852;124.1264;0.0000;694.3071;231528912.0000
74.0532;124.9944;0.0000;688.4945;231528928.0000
73.0532;125.8625;0.0000;689.8348;231528944.0000
72.9213;126.7306;0.0000;693.5710;231528944.0000
72.7894;127.5987;1.5832;685.4945;231528944.0000
71.7894;129.3348;0.0000;694.0433;231528960.0000
71.6575;130.2029;0.0000;693.3071;231528960.0000
71.5255;131.0710;0.0000;686.4944;231528960.0000
70.5255;131.9390;0.0000;694.0433;231528976.0000
70.3936;133.6752;0.0000;691.7029;231528976.0000
69.5255;134.5432;0.0000;689.4391;231528976.0000
69.3936;135.4113;0.0000;695.0433;231528992.0000
69.2616;136.2794;0.0000;688.0987;231528992.0000
68.2616;137.1474;1.5832;691.3071;231528992.0000
68.1297;138.8836;0.0000;694.7794;231528992.0000
67.1297;139.7516;0.0000;687.2306;231529008.0000
66.9978;141.4878;0.0000;693.7794;231529008.0000
66.8659;142.3559;0.0000;694.1752;231529024.0000
65.8659;144.0920;0.0000;687.9668;231529040.0000
65.8659;144.9601;0.0000;692.3071;231529072.0000
64.8659;146.6962;0.0000;692.3071;231529072.0000
64.7339;148.4323;0.0000;691.0432;231529088.0000
64.6020;150.1685;0.0000;696.3836;231529088.0000
63.6020;151.1685;0.0000;691.4391;231529088.0000
63.4701;152.9046;0.0000;692.7794;231529104.0000
63.3382;154.6408;0.0000;693.7794;231529104.0000
62.3382;156.3769;0.0000;690.0432;231529104.0000
62.2062;157.2450;0.0000;693.3836;231529104.0000
61.0743;158.9812;0.0000;694.6475;231529120.0000
60.2062;159.8492;0.0000;690.1752;231529120.0000
60.0743;161.5854;0.0000;693.5156;231529120.0000
59.0743;162.4534;0.0000;694.6475;231529136.0000
58.9424;164.1895;0.0000;691.1752;231529136.0000
57.9424;165.0576;0.0000;694.2517;231529152.0000
57.9424;166.7938;0.0000;690.3071;231529168.0000
56.9424;168.5299;1.5832;689.7794;231529168.0000
56.8104;169.3980;0.0000;694.2517;231529168.0000
56.8104;171.2661;0.0000;691.1752;231529184.0000
55.8104;173.0022;0.0000;692.5156;231529200.0000
55.6785;174.0022;0.0000;693.7794;231529200.0000
55.5466;175.7384;0.0000;690.7794;231529200.0000
55.4147;177.4745;1.5832;695.7240;231529216.0000
55.2827;179.2106;0.0000;694.3837;231529216.0000
55.1508;180.9468;0.0000;691.0432;231529216.0000
55.0188;181.8148;0.0000;696.3836;231529232.0000
54.8869;183.5510;0.0000;692.0432;231529232.0000
54.7550;184.4191;0.0000;694.2517;231529232.0000
54.6231;186.1552;0.0000;698.9879;231529248.0000
54.6231;187.0233;0.0000;692.7794;231529248.0000
54.4911;187.8913;0.0000;693.2517;231529264.0000
54.4911;189.6275;0.0000;696.9879;231529264.0000
54.3592;190.6275;0.0000;690.7794;231529280.0000
54.2273;191.4956;0.0000;695.9879;231529280.0000
54.2273;192.3636;10.4168;695.1198;231529280.0000
54.0954;194.0997;10.4168;689.6475;231529296.0000
53.9634;194.9678;0.0000;695.8559;231529312.0000
53.8315;196.7040;10.4168;690.9114;231529312.0000
53.6996;197.5721;0.0000;681.8348;231529328.0000
53.5676;198.4401;0.0000;686.1752;231529328.0000
53.5676;199.3082;0.0000;682.9668;231529328.0000
53.4357;200.1763;1.5832;682.4390;231529344.0000
53.3038;201.0443;0.0000;686.1752;231529344.0000
53.1718;202.0443;0.0000;681.0987;231529344.0000
53.0399;202.9124;0.0000;685.0432;231529344.0000
52.9080;203.7805;0.0000;684.0433;231529360.0000
52.7761;204.6486;0.0000;681.4390;231529360.0000
52.6441;205.5166;0.0000;684.1752;231529392.0000
52.6441;206.3847;0.0000;684.4391;231529408.0000
52.5122;206.3847;0.0000;682.1752;231529408.0000
52.3803;207.2528;1.5832;686.3836;231529408.0000
53.1164;208.2528;0.0000;680.4390;231529424.0000
52.9845;209.2528;0.0000;680.7794;231529424.0000
52.8526;210.1208;1.5832;686.1198;231529424.0000
52.7206;210.9889;0.0000;679.1752;231529456.0000
52.5887;211.8570;0.0000;682.8560;231529456.0000
52.4568;212.8569;0.0000;684.9878;231529456.0000
52.3249;212.9889;0.0000;680.5156;231529456.0000
52.3249;213.9889;0.0000;683.5920;231529472.0000
53.0610;214.8570;0.0000;683.1198;231529472.0000
52.9290;215.8570;0.0000;680.1198;231529472.0000
52.7971;215.8570;0.0000;685.7240;231529488.0000
52.6652;216.5931;1.5832;680.2517;231529488.0000
52.5333;217.4612;0.0000;681.7240;231529504.0000
52.4013;217.4612;1.5832;677.3836;231529520.0000
53.1375;218.3293;1.5832;680.5920;231529520.0000
53.0056;219.1973;0.0000;682.9324;231529520.0000
52.8736;219.3293;0.0000;686.2728;231529536.0000
52.7417;220.3293;0.0000;679.3281;231529536.0000
52.6098;221.3293;0.0000;681.9324;231529536.0000
52.4778;221.3293;1.5832;682.0643;231529536.0000
53.3459;222.1973;0.0000;681.5366;231529552.0000
53.2140;223.0654;0.0000;686.8770;231529552.0000
53.0820;223.1973;1.5832;681.0643;231529568.0000
53.0820;224.1973;0.0000;682.0854;231529584.0000
53.8182;225.0654;0.0000;687.2173;231529584.0000
53.6863;225.0654;1.5832;681.1409;231529584.0000
53.5543;226.0654;0.0000;681.1409;231529600.0000
53.4224;227.0654;0.0000;686.3492;231529600.0000
53.2905;228.0654;0.0000;678.5366;231529632.0000
53.1585;228.1973;0.0000;683.4812;231529632.0000
53.0266;229.0654;0.0000;683.4812;231529648.0000
53.0266;229.9335;1.5832;679.7451;231529648.0000
52.8947;230.8015;0.0000;685.8215;231529648.0000
52.6308;230.9335;1.5832;680.8770;231529664.0000
52.4989;231.9335;0.0000;680.3492;231529664.0000
52.3670;232.9335;0.0000;685.9535;231529664.0000
52.2351;232.9335;0.0000;680.4812;231529680.0000
52.1031;233.8015;0.0000;678.3492;231529680.0000
52.1031;234.8015;0.0000;685.5576;231529680.0000
51.9712;235.8015;0.0000;680.3492;231529696.0000
51.8392;236.6696;0.0000;684.0300;231529696.0000
51.7073;237.5377;0.0000;682.2938;231529696.0000
51.5754;238.5377;0.0000;680.3492;231529696.0000
51.4435;239.5377;0.0000;684.5023;231529712.0000
51.1796;240.5377;0.0000;682.6896;231529728.0000
51.9158;241.4058;0.0000;681.2938;231529728.0000
51.7838;242.4058;0.0000;685.6342;231529744.0000
51.6519;243.4058;0.0000;681.4258;231529744.0000
51.3880;244.4058;0.0000;681.7661;231529744.0000
51.2561;245.2738;0.0000;685.3704;231529760.0000
51.9922;246.2738;0.0000;679.4258;231529760.0000
51.8603;247.2738;0.0000;684.3703;231529760.0000
51.7284;248.2738;0.0000;685.3704;231529776.0000
51.5965;249.1419;0.0000;679.1619;231529776.0000
51.5965;250.1419;0.0000;681.5023;231529776.0000
52.2007;251.1419;0.0000;681.5023;231529776.0000
52.2007;252.0099;0.0000;679.6342;231529792.0000
52.0687;253.0099;0.0000;685.5787;231529792.0000
51.9368;254.0099;0.0000;680.0300;231529808.0000
51.8049;255.0099;0.0000;680.5023;231529824.0000
52.5410;255.8780;0.0000;686.7107;231529840.0000
52.5410;256.8780;0.0000;678.7661;231529840.0000
52.4091;257.7461;0.0000;681.2384;231529856.0000
53.2772;258.7461;0.0000;684.3703;231529856.0000
53.2772;259.6142;0.0000;679.1619;231529856.0000
53.1452;260.6142;0.0000;683.9745;231529872.0000
54.0133;261.4822;0.0000;681.5023;231529872.0000
54.0133;262.3503;0.0000;680.3704;231529872.0000
53.8814;263.3503;0.0000;676.2938;231529872.0000
53.7494;264.2184;0.0000;679.5023;231529888.0000
53.7494;264.3503;0.0000;683.7107;231529888.0000
54.4856;265.3503;0.0000;687.3149;231529888.0000
54.3537;266.3503;0.0000;679.7661;231529904.0000
55.0898;267.3503;0.0000;683.5787;231529904.0000
55.8260;267.4822;0.0000;688.3149;231529904.0000
55.6940;268.3503;0.0000;678.8426;231529920.0000
56.5621;269.3503;0.0000;683.4468;231529968.0000
56.4302;269.3503;0.0000;683.5787;231529968.0000
57.1663;270.3503;0.0000;680.5787;231529968.0000
57.1663;271.2184;0.0000;686.3914;231529984.0000
57.0344;271.3503;0.0000;680.7107;231529984.0000
57.7705;272.2184;0.0000;682.9191;231529984.0000
57.7705;273.2184;0.0000;687.2595;231530000.0000
57.6386;273.3503;0.0000;680.3149;231530000.0000
58.3747;274.3503;0.0000;683.6553;231530000.0000
58.3747;275.2184;0.0000;684.5233;231530016.0000
59.1109;276.2184;0.0000;678.3149;231530016.0000
59.8470;277.2184;1.5832;683.6553;231530016.0000
59.7151;277.3503;0.0000;683.5233;231530032.0000
60.4512;278.3503;0.0000;679.1829;231530032.0000
60.3193;279.2184;1.5832;684.9956;231530032.0000
61.1874;280.2184;0.0000;679.7872;231530032.0000
61.9235;281.2184;0.0000;682.2595;231530064.0000
61.7916;282.0865;0.0000;683.2595;231530064.0000
62.6596;283.0865;0.0000;680.0510;231530080.0000
62.5277;284.0865;0.0000;681.9956;231530096.0000
63.2639;284.2184;1.5832;685.5999;231530096.0000
63.2639;285.0865;0.0000;681.5233;231530096.0000
64.0000;286.0865;0.0000;681.9956;231530112.0000
64.7361;287.0865;0.0000;680.9956;231530112.0000
64.7361;288.0865;0.0000;677.6552;231530112.0000
65.4723;289.0865;1.5832;682.7318;231530128.0000
65.3404;289.9545;0.0000;679.3914;231530128.0000
66.2084;290.9545;0.0000;678.9956;231530128.0000
66.0765;291.9545;0.0000;683.9402;231530128.0000
66.9446;292.9545;0.0000;677.5233;231530144.0000
66.8126;293.0865;0.0000;680.7318;231530144.0000
67.6807;293.9545;0.0000;683.4679;231530144.0000
68.4168;294.9545;0.0000;678.1275;231530176.0000
69.2849;295.9545;0.0000;682.2040;231530176.0000
69.1530;296.9545;0.0000;681.8636;231530176.0000
69.8891;297.8226;0.0000;678.1275;231530192.0000
70.7572;298.0865;0.0000;680.5999;231530208.0000
70.6253;299.0865;0.0000;677.5233;231530208.0000
71.4934;300.0865;0.0000;677.8636;231530224.0000
72.2295;301.0865;0.0000;683.3359;231530224.0000
73.0976;302.0865;0.0000;675.2595;231530224.0000
73.8337;302.2184;0.0000;678.7318;231530224.0000
74.7018;303.2184;0.0000;681.8082;231530240.0000
74.5698;304.2184;0.0000;675.7318;231530240.0000
75.4379;305.3503;0.0000;681.9402;231530240.0000
76.1740;306.3503;0.0000;683.0721;231530256.0000
77.0421;306.4822;0.0000;675.7318;231530256.0000
76.9102;307.4822;0.0000;680.2040;231530256.0000
77.6463;308.6142;0.0000;680.3360;231530304.0000
78.5144;309.6142;0.0000;675.8636;231530304.0000
79.3825;310.6142;0.0000;678.3359;231530304.0000
80.1186;311.6142;0.0000;674.2595;231530320.0000
80.1186;312.7461;0.0000;675.7318;231530320.0000
80.9867;312.8780;0.0000;680.5444;231530320.0000
81.7228;313.8780;0.0000;673.3914;231530320.0000
82.5909;314.8780;0.0000;675.7318;231530352.0000
83.4590;315.8780;0.0000;676.7318;231530352.0000
84.3270;316.8780;1.5832;672.2595;231530352.0000
85.9313;318.0100;0.0000;675.7318;231530368.0000
86.7993;319.0100;0.0000;675.7318;231530368.0000
87.5355;320.0100;0.0000;673.1275;231530368.0000
88.4035;320.1419;0.0000;677.0721;231530384.0000
88.4035;321.1419;0.0000;670.5233;231530384.0000
89.2716;322.1419;0.0000;672.8636;231530384.0000
90.0078;323.1419;0.0000;678.3359;231530416.0000
90.8758;324.1419;0.0000;673.1275;231530416.0000
91.6120;324.2738;1.5832;676.9402;231530416.0000
91.6120;325.4057;0.0000;676.5999;231530416.0000
92.4800;326.4057;0.0000;672.2595;231530432.0000
93.2162;327.4057;1.5832;675.3359;231530432.0000
94.0842;328.4057;0.0000;675.7318;231530432.0000
94.9523;329.4057;1.5832;670.5233;231530448.0000
95.6885;329.5377;0.0000;675.3359;231530448.0000
95.6885;330.5377;0.0000;675.8636;231530464.0000
96.4246;331.5377;0.0000;672.5999;231530480.0000
97.2927;331.8015;0.0000;677.9402;231530480.0000
97.2927;332.8015;0.0000;672.8636;231530480.0000
98.0288;333.6696;0.0000;674.3359;231530480.0000
98.8969;333.8015;0.0000;677.9402;231530496.0000
99.7649;334.8015;0.0000;671.8636;231530496.0000
100.6330;335.8015;0.0000;674.9402;231530528.0000
101.3692;335.9335;0.0000;675.2040;231530544.0000
101.3692;336.9335;0.0000;673.7318;231530544.0000
102.2372;337.0654;0.0000;677.0721;231530544.0000
103.1053;338.0654;0.0000;671.1276;231530560.0000
103.8415;338.1973;0.0000;672.5999;231530560.0000
104.7095;339.1973;0.0000;676.5999;231530560.0000
104.7095;339.3293;0.0000;673.1275;231530576.0000
105.5776;339.4612;0.0000;672.4679;231530576.0000
106.3138;340.4612;0.0000;675.7318;231530576.0000
107.1818;340.5931;1.5832;670.5233;231530576.0000
108.0499;341.4612;0.0000;674.8082;231530608.0000
108.9180;341.5931;0.0000;673.4679;231530608.0000
109.6541;342.5931;0.0000;670.1276;231530608.0000
110.5222;342.7250;0.0000;674.9402;231530624.0000
111.3902;342.8570;0.0000;672.4679;231530624.0000
112.1264;343.8570;0.0000;669.8636;231530640.0000
112.1264;343.9889;0.0000;674.9402;231530656.0000
112.9944;344.2528;0.0000;669.8636;231530656.0000
113.8625;344.3847;0.0000;672.2040;231530656.0000
114.7306;345.3847;0.0000;675.2040;231530672.0000
114.5987;345.5166;1.5832;669.1276;231530672.0000
115.4667;345.7805;0.0000;670.3359;231530672.0000
116.3348;346.7805;1.5832;673.0721;231530672.0000
117.2029;346.9124;0.0000;669.9956;231530688.0000
118.0710;347.1762;0.0000;669.4679;231530688.0000
118.9390;348.1763;0.0000;672.5999;231530688.0000
118.9390;348.3082;0.0000;670.4679;231530704.0000
119.8071;349.4401;1.5832;672.3359;231530704.0000
120.5432;349.5720;0.0000;669.7317;231530704.0000
121.4113;350.5721;1.5832;670.4679;231530720.0000
122.2794;350.8359;0.0000;674.8082;231530720.0000
123.1474;350.9678;0.0000;667.5233;231530720.0000
124.0155;351.0998;0.0000;670.4679;231530752.0000
124.8836;352.2317;0.0000;670.5999;231530752.0000
125.7517;352.3636;1.5832;662.9191;231530752.0000
125.7517;352.4956;0.0000;669.5999;231530752.0000
126.6197;352.6275;1.5832;668.8636;231530768.0000
127.4878;353.6275;0.0000;667.8636;231530768.0000
128.3559;353.7594;0.0000;669.5999;231530768.0000
129.2239;353.8913;1.5832;667.1275;231530784.0000
130.0920;354.0233;0.0000;666.1276;231530784.0000
130.9601;355.0233;0.0000;670.5999;231530784.0000
131.8282;355.1552;0.0000;663.9191;231530800.0000
131.8282;355.2871;0.0000;664.9956;231530800.0000
132.6962;355.4190;0.0000;670.2595;231530800.0000
133.5643;356.4191;0.0000;665.5233;231530816.0000
134.4323;356.5510;0.0000;667.9956;231530832.0000
134.4323;356.6829;0.0000;667.3914;231530832.0000
135.1685;356.8148;10.4168;665.2595;231530864.0000
136.0366;356.9468;0.0000;670.1276;231530880.0000
136.9046;357.0787;0.0000;665.6553;231530880.0000
137.7727;358.0787;0.0000;665.5233;231530880.0000
137.7727;358.2106;0.0000;670.2595;231530896.0000
139.5089;358.3426;0.0000;667.0510;231530896.0000
140.3769;358.3426;0.0000;667.5233;231530896.0000
141.2450;359.3426;0.0000;669.6553;231530912.0000
142.1131;359.4745;0.0000;662.9745;231530912.0000
143.8492;359.6064;0.0000;668.3914;231530912.0000
144.7173;360.6064;0.0000;667.9191;231530928.0000
145.5854;360.7384;0.0000;666.1830;231530928.0000
147.3215;360.8703;0.0000;669.6553;231530928.0000
148.1896;361.8703;0.0000;666.4468;231530928.0000
149.0576;362.0022;0.0000;664.7107;231530944.0000
150.7938;362.0022;0.0000;668.1829;231530944.0000
151.6618;362.1341;0.0000;663.1064;231530976.0000
153.5299;363.1342;0.0000;663.8426;231530992.0000
154.3980;363.3980;0.0000;657.8981;231530992.0000
156.1341;364.3980;0.0000;660.8980;231530992.0000
157.8703;364.5299;0.0000;664.4468;231531008.0000
159.6064;365.5299;0.0000;664.3703;231531008.0000
160.4745;365.6619;0.0000;658.0300;231531008.0000
162.3425;365.7938;0.0000;663.2384;231531008.0000
164.0787;366.7938;0.0000;661.1619;231531024.0000
165.8148;366.9257;0.0000;660.5023;231531024.0000
167.5510;367.0576;10.4168;665.1064;231531024.0000
169.4191;367.1896;0.0000;658.5577;231531040.0000
171.1552;367.3215;0.0000;659.8980;231531040.0000
172.0233;367.4534;0.0000;663.7661;231531040.0000
173.8914;367.7173;0.0000;658.8215;231531056.0000
175.6275;367.8492;0.0000;661.0300;231531056.0000
177.4956;367.9812;0.0000;659.6896;231531072.0000
179.2317;368.1131;0.0000;658.9535;231531088.0000
180.9678;368.2450;0.0000;661.1619;231531088.0000
182.8359;368.3770;0.0000;660.0854;231531104.0000
184.5721;368.5089;10.4168;658.6896;231531104.0000
186.3082;368.6408;1.5832;662.4258;231531120.0000
188.1763;368.7727;0.0000;658.7451;231531120.0000
189.9124;368.9047;0.0000;659.3492;231531120.0000
191.6486;369.0366;0.0000;659.4812;231531136.0000
193.5166;368.3004;0.0000;656.8770;231531136.0000
195.2527;368.4324;0.0000;658.4812;231531136.0000
196.9889;367.6962;10.4168;660.2173;231531152.0000
198.8570;367.8282;0.0000;653.8770;231531152.0000
200.5931;367.2239;0.0000;659.3492;231531152.0000
202.3293;367.3559;10.4168;657.6132;231531168.0000
204.1973;367.4878;0.0000;655.0089;231531168.0000
205.9335;366.7516;0.0000;659.2173;231531200.0000
207.8015;366.8836;0.0000;657.0089;231531200.0000
209.5377;367.0155;0.0000;656.6132;231531216.0000
211.4058;366.2794;0.0000;660.6132;231531216.0000
213.1419;366.4113;0.0000;656.5366;231531216.0000
214.8780;366.5433;0.0000;658.8770;231531248.0000
215.8780;365.8071;0.0000;659.8770;231531248.0000
217.6142;366.0710;0.0000;655.2728;231531248.0000
219.3503;365.3348;0.0000;659.4812;231531264.0000
220.3503;365.4667;10.4168;659.8770;231531264.0000
222.0865;364.7306;0.0000;657.8770;231531264.0000
223.9545;364.8625;0.0000;660.2173;231531264.0000
224.8226;364.1263;0.0000;654.6686;231531280.0000
226.6907;364.2583;0.0000;655.4047;231531280.0000
228.4268;363.6541;0.0000;659.6132;231531280.0000
229.4268;363.7860;0.0000;656.4047;231531296.0000
231.2949;363.0499;0.0000;656.7451;231531312.0000
233.0310;363.3138;0.0000;660.6132;231531312.0000
234.0310;363.4457;0.0000;656.4047;231531328.0000
235.0310;362.7095;0.0000;658.0089;231531328.0000
236.7672;362.9734;0.0000;659.0089;231531328.0000
237.7672;363.1053;0.0000;655.4047;231531344.0000
238.6352;362.5011;0.0000;659.4812;231531344.0000
239.6352;362.6330;0.0000;657.1409;231531360.0000
240.6352;362.7650;0.0000;654.8770;231531360.0000
241.5033;363.0288;0.0000;660.6132;231531376.0000
243.3714;362.2927;0.0000;654.6686;231531376.0000
244.3714;362.4246;0.0000;657.0089;231531376.0000
245.3714;362.6884;0.0000;659.4812;231531392.0000
246.3714;362.8204;0.0000;654.5366;231531392.0000
247.3714;362.0842;0.0000;659.2173;231531392.0000
248.2394;362.3481;10.4168;658.8770;231531408.0000
249.2394;362.4800;1.5832;655.4047;231531440.0000
250.2394;362.6120;0.0000;657.6132;231531440.0000
251.2395;362.0078;0.0000;656.7451;231531456.0000
253.1075;362.1397;0.0000;655.0089;231531456.0000
254.1075;362.2716;0.0000;659.2173;231531456.0000
254.9756;362.4036;0.0000;654.4047;231531456.0000
255.9756;362.6674;0.0000;658.4812;231531472.0000
256.9756;362.7993;0.0000;659.4812;231531472.0000
258.8437;362.9313;0.0000;654.5366;231531472.0000
259.8437;363.1951;0.0000;657.8770;231531504.0000
260.8437;362.4590;0.0000;659.0089;231531504.0000
261.8437;362.5909;0.0000;654.4047;231531504.0000
262.8437;362.7228;0.0000;659.3492;231531520.0000
263.8437;361.9867;0.0000;657.1409;231531520.0000
264.8437;362.2505;0.0000;654.2728;231531520.0000
265.8437;362.3825;10.4168;658.8770;231531536.0000
265.9756;362.5144;0.0000;654.4047;231531552.0000
266.9756;361.7783;0.0000;655.8770;231531552.0000
267.9756;361.9102;0.0000;658.4812;231531552.0000
268.9756;361.1740;0.0000;654.6686;231531568.0000
269.9756;361.3060;0.0000;654.0089;231531568.0000
270.8437;361.4379;0.0000;658.0089;231531568.0000
271.8437;360.7018;0.0000;652.5366;231531584.0000
272.8437;360.8337;0.0000;656.7451;231531584.0000
273.8437;360.0976;0.0000;657.0089;231531584.0000
274.7117;360.0976;0.0000;654.1409;231531600.0000
275.7117;359.3614;0.0000;658.4812;231531600.0000
276.7117;359.4933;0.0000;653.5366;231531600.0000
277.5798;359.6253;0.0000;653.7451;231531616.0000
278.5798;358.7572;0.0000;660.2173;231531616.0000
279.4479;358.8891;0.0000;654.4047;231531616.0000
281.3160;358.1530;0.0000;657.6132;231531616.0000
282.3159;358.2849;0.0000;658.7451;231531648.0000
283.1840;357.5488;0.0000;654.4047;231531648.0000
284.1840;357.6807;0.0000;658.3492;231531648.0000
285.1840;356.9446;0.0000;658.4812;231531664.0000
286.1840;357.0765;0.0000;655.0089;231531664.0000
287.1840;356.2084;0.0000;656.6132;231531664.0000
288.1840;356.4723;0.0000;653.4047;231531680.0000
290.0521;355.6042;0.0000;656.3492;231531680.0000
291.0521;354.8681;0.0000;658.4812;231531680.0000
292.0521;354.8681;0.0000;654.1409;231531696.0000
293.9202;354.1319;0.0000;656.6132;231531696.0000
295.0521;353.3958;0.0000;657.6132;231531696.0000
296.0521;352.6596;0.0000;654.1409;231531696.0000
297.9201;351.9235;0.0000;657.4812;231531712.0000
298.9202;351.9235;0.0000;656.7451;231531728.0000
300.7882;351.1874;0.0000;653.7451;231531728.0000
301.9202;350.4512;0.0000;658.4812;231531744.0000
303.7882;349.5832;0.0000;656.1409;231531776.0000
305.7882;348.8470;0.0000;655.0089;231531776.0000
306.9202;348.1109;0.0000;659.0854;231531792.0000
307.9201;347.2428;0.0000;654.4047;231531792.0000
309.9202;345.6386;0.0000;654.7451;231531792.0000
311.9202;344.7705;0.0000;659.3492;231531792.0000
312.9201;344.0344;0.0000;652.5366;231531808.0000
314.9202;343.2982;0.0000;657.3492;231531808.0000
315.9201;342.5621;0.0000;657.7451;231531808.0000
317.9201;341.8259;0.0000;654.1409;231531824.0000
318.9201;340.0898;0.0000;656.7451;231531824.0000
320.0521;339.3536;0.0000;656.1409;231531824.0000
321.9201;338.6175;0.0000;654.1409;231531840.0000
323.0521;337.0133;0.0000;659.3492;231531840.0000
324.0521;336.2772;0.0000;653.6686;231531840.0000
326.0521;334.5410;0.0000;655.8770;231531872.0000
327.0521;333.8049;0.0000;658.3492;231531888.0000
328.1841;333.0688;0.0000;652.6686;231531888.0000
329.3159;331.3326;0.0000;656.7451;231531888.0000
331.3159;330.5965;0.0000;657.1409;231531904.0000
332.3159;328.8603;0.0000;652.6686;231531904.0000
333.4479;328.1242;0.0000;656.7451;231531904.0000
334.5798;326.3881;0.0000;657.4047;231531920.0000
335.7117;324.7838;10.4168;655.1409;231531920.0000
337.7117;324.0477;0.0000;657.0089;231531920.0000
338.7117;322.3116;0.0000;653.9324;231531936.0000
339.8437;321.5754;0.0000;654.5366;231531936.0000
341.8437;319.8392;0.0000;658.8770;231531936.0000
342.9756;318.2351;0.0000;652.5366;231531952.0000
344.1075;317.3670;0.0000;656.1409;231531952.0000
345.2394;315.7628;0.0000;658.8770;231531952.0000
346.3714;314.0266;0.0000;651.9324;231531952.0000
347.5033;312.4224;0.0000;657.0089;231531984.0000
348.5033;310.6862;0.0000;654.8005;231532000.0000
348.7672;309.8182;0.0000;654.5366;231532000.0000
349.8991;308.0821;0.0000;657.1409;231532016.0000
351.7672;306.4778;0.0000;654.0643;231532016.0000
352.8991;305.6098;0.0000;654.6686;231532016.0000
353.8991;304.0056;0.0000;658.8770;231532032.0000
355.0310;303.1375;0.0000;655.8005;231532032.0000
356.0311;301.5333;0.0000;655.4047;231532032.0000
357.1630;299.7971;0.0000;657.4047;231532048.0000
358.2949;298.9290;0.0000;653.1963;231532048.0000
359.2949;297.1929;0.0000;655.6686;231532048.0000
360.4268;295.4568;0.0000;657.6686;231532048.0000
361.5587;293.8526;0.0000;654.3282;231532064.0000
361.6907;292.9845;0.0000;658.4047;231532064.0000
362.8226;291.2484;0.0000;655.0643;231532064.0000
363.9545;289.6441;0.0000;654.9324;231532112.0000
364.9545;287.9080;0.0000;659.2728;231532112.0000
366.0865;287.0399;0.0000;655.1963;231532112.0000
367.0865;285.3038;0.0000;655.4047;231532144.0000
368.2184;284.5677;10.4168;659.5366;231532144.0000
369.2184;282.8315;0.0000;654.4601;231532144.0000
369.3503;281.0954;0.0000;657.4047;231532144.0000
370.4822;280.2273;0.0000;657.8005;231532160.0000
371.4822;278.6231;0.0000;654.3282;231532160.0000
371.7461;276.8869;0.0000;655.5366;231532160.0000
372.7461;276.0189;0.0000;656.8005;231532176.0000
373.7461;274.2827;0.0000;656.0643;231532176.0000
374.0099;272.5466;0.0000;660.5366;231532176.0000
375.0099;270.8104;0.0000;655.5920;231532192.0000
375.2738;269.9424;0.0000;657.9324;231532192.0000
376.2738;268.2062;0.0000;660.6686;231532192.0000
376.5377;266.4701;0.0000;655.5920;231532224.0000
377.5377;265.6020;0.0000;660.4047;231532224.0000
377.6696;263.8658;0.0000;660.9324;231532224.0000
378.8015;262.1297;0.0000;658.1963;231532240.0000
378.9335;261.2616;0.0000;662.2728;231532240.0000
379.1973;259.5255;0.0000;662.6686;231532256.0000
379.3293;257.7894;0.0000;663.1409;231532256.0000
379.5931;256.0532;0.0000;665.8770;231532272.0000
378.9889;254.3171;0.0000;662.5366;231532272.0000
379.1208;252.5809;10.4168;663.2728;231532272.0000
378.5166;250.8448;0.0000;669.6132;231532288.0000
378.7805;249.1086;10.4168;661.9324;231532288.0000
378.9124;248.2406;0.0000;666.0089;231532288.0000
378.3082;246.5045;10.4168;669.8770;231532304.0000
378.5720;245.6364;10.4168;661.8005;231532304.0000
378.8359;243.7683;10.4168;666.1409;231532304.0000
378.0998;242.9003;0.0000;666.2728;231532336.0000
378.3636;242.0322;10.4168;662.8005;231532352.0000
378.6275;240.2960;0.0000;669.6132;231532352.0000
378.7594;239.2960;0.0000;662.9324;231532352.0000
379.0233;238.4279;0.0000;663.8005;231532368.0000
378.4191;236.5599;0.0000;658.7240;231532368.0000
378.6829;235.6918;0.0000;670.2728;231532368.0000
378.9468;234.8237;0.0000;672.4812;231532384.0000
379.2106;233.8237;0.0000;677.0854;231532400.0000
378.4745;232.9557;0.0000;671.1409;231532400.0000
378.7383;231.0876;0.0000;675.2173;231532416.0000
379.0022;231.0876;0.0000;675.7451;231532416.0000
379.2661;230.0876;0.0000;672.2727;231532416.0000
379.3980;229.2195;0.0000;677.2173;231532416.0000
379.7938;228.2195;0.0000;675.0089;231532432.0000
380.0576;228.0876;0.0000;675.1409;231532432.0000
380.1895;227.2195;0.0000;678.3492;231532448.0000
380.4534;226.2195;0.0000;675.1409;231532464.0000
380.7173;226.0876;0.0000;675.7451;231532464.0000
380.8492;225.2195;0.0000;679.6132;231532464.0000
381.1131;225.0876;0.0000;675.4047;231532480.0000
381.3770;224.9557;0.0000;677.6131;231532480.0000
381.5089;224.8237;0.0000;674.5366;231532480.0000
381.7727;224.6918;0.0000;659.6475;231532496.0000
381.9046;224.5599;1.5832;630.0012;231532496.0000
381.3004;224.4280;0.0000;585.3892;231532496.0000
381.5643;224.2960;1.5832;493.9779;231532512.0000
381.6962;223.2960;0.0000;129.2562;231532528.0000
37.3359;48.6819;0.0000;127.3116;228617024.0000
37.4679;48.5499;0.0000;127.0478;228617024.0000
37.7317;48.4180;0.0000;127.3116;228617024.0000
37.9956;48.1542;0.0000;127.3116;228617024.0000
38.1275;48.0222;0.0000;127.0478;228617024.0000
38.3914;47.8903;0.0000;127.3116;228617024.0000
38.6552;47.7583;0.0000;127.4435;228617024.0000
38.7872;47.6264;0.0000;127.3116;228617024.0000
39.0510;47.4945;0.0000;127.5755;228617024.0000
39.1830;47.3626;0.0000;127.3116;228617024.0000
39.4468;47.2306;0.0000;127.7074;228617024.0000
39.7107;47.0987;0.0000;127.9713;228617024.0000
39.9745;46.8349;0.0000;127.4435;228617024.0000
40.2384;46.7029;0.0000;127.7074;228617024.0000
40.3703;46.5710;0.0000;128.1032;228617024.0000
40.6342;46.3071;0.0000;127.4435;228617024.0000
40.8980;46.1752;0.0000;128.1032;228617024.0000
41.0300;46.0433;0.0000;128.1032;228617024.0000
41.2938;45.9113;0.0000;127.7074;228617024.0000
41.4257;45.6475;0.0000;128.1032;228617024.0000
41.6896;45.6475;0.0000;127.7074;228617024.0000
41.8215;45.3836;0.0000;127.5755;228617024.0000
42.0854;45.3836;0.0000;128.3671;228617024.0000
42.2173;45.2517;0.0000;127.8393;228617024.0000
42.4812;45.1198;0.0000;128.1032;228617024.0000
42.6131;44.9878;0.0000;128.1032;228617024.0000
42.8770;44.7240;0.0000;127.8393;228617024.0000
43.1408;44.5921;0.0000;128.1032;228617024.0000
43.4047;44.4601;0.0000;128.1032;228617024.0000
43.5366;44.1963;0.0000;128.1032;228617024.0000
43.8005;43.9324;0.0000;128.4990;228617024.0000
44.0644;43.8005;0.0000;128.2351;228617024.0000
44.1963;43.5366;0.0000;128.3671;228617024.0000
44.3282;43.4047;0.0000;128.8948;228617024.0000
44.5921;43.2728;0.0000;128.1032;228617056.0000
44.7240;43.1408;0.0000;128.4990;228617056.0000
44.8559;42.8770;0.0000;128.3671;228617056.0000
45.1198;42.7450;1.5832;128.3671;228617056.0000
45.2517;42.6131;0.0000;128.6309;228617056.0000
45.3836;42.4812;1.5832;128.6309;228617056.0000
45.5155;42.2173;0.0000;128.3671;228617056.0000
45.7794;42.0854;0.0000;128.6309;228617056.0000
45.9113;41.8215;0.0000;128.4990;228617056.0000
46.0433;41.6896;0.0000;128.4990;228617056.0000
46.1752;41.5577;0.0000;128.8948;228617056.0000
46.4391;41.2938;0.0000;128.2351;228617056.0000
46.5710;41.1619;0.0000;128.6309;228617056.0000
46.7029;40.8980;0.0000;128.8948;228617056.0000
46.8349;40.6342;0.0000;128.3671;228617056.0000
46.9668;40.3703;0.0000;128.8948;228617056.0000
47.2306;40.1065;0.0000;128.7628;228617056.0000
47.3626;39.8426;0.0000;128.3671;228617056.0000
47.6264;39.5787;0.0000;128.8948;228617072.0000
47.7583;39.3149;0.0000;128.7628;228617072.0000
48.0222;39.0510;0.0000;128.6309;228617072.0000
48.1542;38.9191;0.0000;129.0267;228617072.0000
48.2861;38.6552;0.0000;128.7628;228617072.0000
48.4180;38.5233;0.0000;128.8948;228617072.0000
48.5499;38.3914;0.0000;129.0267;228617072.0000
48.8138;38.1275;0.0000;128.6309;228617072.0000
48.8138;37.9956;0.0000;128.8948;228617072.0000
48.9457;37.8637;0.0000;129.0267;228617072.0000
49.0776;37.5998;0.0000;128.8948;228617072.0000
49.2096;37.4679;0.0000;129.2906;228617072.0000
49.3415;37.2040;0.0000;129.1586;228617072.0000
49.4734;36.9402;0.0000;129.0267;228617072.0000
49.6054;36.8082;1.5832;129.2906;228617072.0000
49.6054;36.5444;0.0000;129.2906;228617072.0000
49.7373;36.2805;1.5832;129.2906;228617072.0000
49.8692;36.1486;0.0000;129.5544;228617072.0000
50.0011;35.8847;0.0000;129.2906;228617088.0000
50.0011;35.6209;0.0000;129.5544;228617088.0000
50.2650;35.4889;0.0000;129.5544;228617088.0000
50.2650;35.2251;0.0000;128.3671;228617088.0000
50.3969;34.9612;0.0000;129.6863;228617088.0000
50.5289;34.6974;0.0000;129.8183;228617088.0000
50.6608;34.5654;0.0000;129.6863;228617088.0000
50.6608;34.3016;0.0000;129.9502;228617088.0000
50.7927;34.0377;0.0000;129.6863;228617088.0000
50.9247;33.7739;0.0000;129.8183;228617088.0000
51.0566;33.6419;0.0000;130.0821;228617088.0000
51.0566;33.3781;0.0000;129.6863;228617088.0000
51.1885;33.2461;0.0000;129.5544;228617088.0000
51.3204;33.1142;0.0000;129.9502;228617088.0000
51.4524;32.8504;0.0000;129.6863;228617088.0000
51.4524;32.7184;0.0000;129.5544;228617088.0000
51.5843;32.5865;0.0000;129.8183;228617088.0000
51.7162;32.3226;0.0000;129.6863;228617088.0000
51.7162;32.1907;0.0000;129.8183;228617088.0000
51.8481;31.9269;0.0000;129.6863;228617104.0000
51.9801;31.7949;0.0000;130.0821;228617104.0000
51.9801;31.5311;0.0000;130.3460;228617104.0000
51.9801;31.2672;0.0000;129.6863;228617104.0000
51.9801;31.1353;0.0000;129.8183;228617104.0000
52.1120;30.8714;0.0000;130.0821;228617104.0000
52.1120;30.7395;0.0000;129.6863;228617104.0000
52.1120;30.4756;0.0000;129.6863;228617104.0000
52.2440;30.2118;1.5832;129.9502;228617104.0000
52.2440;30.0799;0.0000;129.8183;228617104.0000
52.3759;29.8160;1.5832;129.6863;228617104.0000
52.3759;29.6841;0.0000;129.4225;228617104.0000
52.3759;29.5521;0.0000;129.4225;228617104.0000
52.5078;29.4202;0.0000;129.2906;228617104.0000
52.5078;29.4202;1.5832;129.4225;228617104.0000
52.5078;29.2883;0.0000;129.6863;228617104.0000
52.5078;29.1563;1.5832;129.6863;228617104.0000
52.5078;29.1563;0.0000;129.2906;228617104.0000
52.5078;29.0244;0.0000;129.4225;228617136.0000
52.5078;28.8925;0.0000;128.8948;228617136.0000
52.5078;28.6286;0.0000;127.9713;228617136.0000
52.5078;28.4967;0.0000;129.5544;228617136.0000
52.6397;28.3648;0.0000;127.5755;228617136.0000
52.6397;28.1009;0.0000;128.4990;228617136.0000
52.6397;27.9690;0.0000;128.4990;228617136.0000
52.6397;27.8371;0.0000;127.9713;228617136.0000
52.7717;27.7051;0.0000;128.1032;228617136.0000
52.7717;27.5732;0.0000;128.3671;228617136.0000
52.7717;27.4412;0.0000;127.8393;228617136.0000
52.7717;27.3093;0.0000;128.1032;228617136.0000
52.7717;27.1774;0.0000;128.1032;228617136.0000
52.7717;27.0455;0.0000;127.4435;228617136.0000
52.7717;26.9135;0.0000;127.7074;228617136.0000
52.9036;26.7816;0.0000;127.4435;228617136.0000
52.9036;26.6497;0.0000;127.1797;228617136.0000
52.9036;26.5178;0.0000;127.0478;228617136.0000
52.9036;26.5178;0.0000;127.0478;228617152.0000
52.9036;26.5178;0.0000;127.3116;228617152.0000
52.9036;26.5178;0.0000;127.5755;228617152.0000
52.9036;26.5178;0.0000;127.0478;228617152.0000
52.9036;26.3858;0.0000;127.1797;228617152.0000
52.9036;26.3858;0.0000;126.9158;228617152.0000
52.9036;26.3858;0.0000;126.2562;228617152.0000
52.9036;26.3858;0.0000;125.3327;228617152.0000
52.7717;26.3858;0.0000;123.7495;228617152.0000
52.7717;26.3858;0.0000;121.6387;228617152.0000
52.7717;26.3858;0.0000;120.0555;228617152.0000
52.7717;26.3858;0.0000;116.3615;228617152.0000
52.7717;26.3858;0.0000;110.6886;228617152.0000
52.7717;26.3858;0.0000;102.3770;228617152.0000
52.7717;26.3858;1.5832;85.0943;228617152.0000
52.6397;26.3858;3.1663;52.2440;228617152.0000
52.6397;26.3858;4.7494;24.9346;228617152.0000
81.0045;-2.1109;0.0000;52.5078;228617280.0000
81.0045;-2.2428;0.0000;52.9036;228617280.0000
81.0045;-2.2428;0.0000;53.0355;228617280.0000
81.0045;-2.2428;0.0000;55.9379;228617280.0000
81.0045;-2.2428;0.0000;59.7639;228617280.0000
81.0045;-2.2428;0.0000;61.3471;228617280.0000
81.0045;-2.2428;0.0000;60.9513;228617280.0000
81.0045;-2.2428;0.0000;58.7085;228617280.0000
81.0045;-2.1109;0.0000;52.2440;228617280.0000
81.0045;-2.1109;0.0000;19.7894;228617280.0000
