221.2117;196.7883;0.0000;226.6102;497874.4062
221.8434;195.5249;0.0000;232.7117;497883.4062
222.4751;194.8932;0.0000;242.3416;497892.4062
222.4751;194.8932;0.0000;255.1832;497901.4688
223.4751;194.2616;0.0000;256.0248;497910.4375
224.1068;194.2616;0.0000;258.7081;497919.4375
224.7384;193.6299;0.0000;266.3896;497928.4375
226.0018;193.2616;0.0000;264.2277;497937.4062
227.2651;192.6299;0.0000;236.9039;497946.4062
228.5285;192.6299;0.0000;157.7296;497955.4375
211.4733;205.8950;0.0000;96.4004;498430.5938
211.4733;205.2633;0.0000;134.2954;498439.5938
210.8416;205.2633;0.0000;161.2421;498448.5938
210.8416;205.2633;0.0000;179.8203;498457.5938
210.8416;205.2633;0.0000;200.8720;498466.5625
210.2100;205.2633;0.0000;228.7670;498475.5625
210.2100;204.6317;0.0000;251.5036;498484.6250
209.5783;204.6317;0.0000;276.7670;498493.5938
209.5783;204.6317;7.5801;293.1353;498502.5938
208.9466;204.6317;0.0000;308.9769;498511.5938
208.9466;204.6317;0.0000;320.2919;498520.5938
208.9466;204.6317;7.5801;325.6602;498529.5938
208.3149;204.0000;0.0000;338.8702;498538.6250
208.3149;204.0000;0.0000;345.1851;498547.5938
208.3149;204.0000;0.0000;351.2901;498556.5938
208.3149;203.3683;0.0000;358.1833;498565.5938
208.3149;203.3683;0.0000;363.4983;498574.5938
208.3149;203.0000;0.0000;367.0766;498583.5625
208.3149;203.0000;0.0000;375.3382;498592.6250
208.6833;203.0000;7.5801;380.9164;498601.6250
208.6833;203.0000;0.0000;390.3898;498610.5938
208.6833;203.0000;0.0000;398.3898;498619.5938
208.6833;203.0000;0.0000;406.9698;498628.5938
208.6833;203.0000;0.0000;416.6015;498637.5938
208.6833;203.0000;0.0000;425.9182;498646.5938
208.0516;203.0000;0.0000;430.4983;498655.6250
208.0516;203.0000;7.5801;441.1833;498664.5938
207.6833;203.0000;0.0000;453.8168;498673.5938
207.6833;203.0000;0.0000;462.7136;498682.5938
207.6833;203.3683;0.0000;473.9253;498691.5938
207.3150;203.3683;7.5801;486.9271;498700.5625
207.3150;203.3683;0.0000;497.2972;498709.6250
207.3150;203.7366;0.0000;507.0872;498718.5938
206.9466;203.7366;0.0000;514.5623;498727.5938
206.9466;203.1050;0.0000;523.5107;498736.5938
206.9466;203.4733;0.0000;529.5107;498745.5938
206.9466;203.4733;0.0000;534.7225;498754.5938
206.9466;203.4733;0.0000;543.8808;498763.6250
206.5783;203.4733;0.0000;552.5659;498772.6562
206.5783;203.8416;0.0000;559.6726;498781.5938
206.5783;203.8416;0.0000;569.2527;498790.5938
206.5783;204.2100;4.4199;574.8844;498799.5938
206.5783;204.2100;12.0000;582.9894;498808.5625
206.5783;204.2100;0.0000;585.9378;498817.5625
206.5783;204.5783;4.4199;590.5178;498826.6250
206.5783;204.5783;0.0000;598.2029;498835.5938
206.5783;204.5783;0.0000;605.3613;498844.5938
206.5783;204.9466;4.4199;609.7314;498853.5938
206.5783;204.9466;0.0000;622.3114;498862.5938
206.5783;204.9466;0.0000;631.6281;498871.5938
206.5783;204.3149;0.0000;638.4716;498880.6250
205.9466;204.6833;0.0000;642.6815;498889.5938
205.9466;204.6833;0.0000;657.0516;498898.5938
205.9466;204.6833;0.0000;663.1050;498907.5938
205.9466;205.0516;7.5801;666.3149;498916.5938
205.9466;205.0516;0.0000;673.5267;498925.5625
205.9466;205.0516;0.0000;675.7900;498934.6250
205.9466;205.0516;7.5801;680.0000;498943.6250
205.9466;205.4199;0.0000;675.7900;498952.5938
205.9466;205.4199;7.5801;678.1050;498961.5938
205.9466;205.4199;0.0000;679.5782;498970.5938
205.9466;205.7883;0.0000;678.2100;498979.5938
205.9466;205.7883;0.0000;680.5250;498988.5938
206.3149;205.7883;0.0000;682.2616;498997.6250
206.3149;206.1566;0.0000;679.8398;499006.5938
206.3149;206.1566;0.0000;681.1548;499015.5938
206.9466;206.1566;0.0000;681.1548;499024.5938
206.9466;206.1566;0.0000;682.2598;499033.5938
207.3150;206.5249;0.0000;684.4697;499042.5625
207.9466;206.5249;0.0000;679.1014;499051.6250
207.9466;206.8932;0.0000;685.7332;499060.5938
208.3149;206.8932;7.5801;689.7331;499069.5938
208.9466;206.8932;7.5801;685.7332;499078.5938
209.3149;207.2616;0.0000;683.1531;499087.5938
209.9466;207.2616;0.0000;688.5747;499096.5938
210.3149;207.2616;0.0000;688.2064;499105.6250
210.9466;207.6299;0.0000;690.7847;499114.6250
211.3150;207.6299;0.0000;686.9946;499123.5938
211.9466;207.6299;0.0000;691.8896;499132.5938
212.9466;207.9982;0.0000;694.7313;499141.5938
214.5783;207.9982;0.0000;693.7314;499150.5938
215.2100;207.9982;0.0000;696.6780;499159.5625
216.2100;207.9982;0.0000;693.2029;499168.6250
217.2100;208.3665;0.0000;700.3097;499177.5938
218.2100;207.7349;0.0000;702.1512;499186.5938
219.8416;207.7349;0.0000;703.5196;499195.5938
220.8416;207.7349;0.0000;706.3096;499204.5938
221.8416;207.7349;0.0000;702.7296;499213.5938
222.4733;207.1032;0.0000;706.4146;499222.6250
223.4733;207.4715;0.0000;708.1512;499231.5938
224.4733;206.8399;0.0000;709.6246;499240.5938
225.4733;206.8399;0.0000;709.4146;499249.5938
226.4733;206.8399;0.0000;715.4147;499258.5938
226.8416;206.2082;0.0000;712.3613;499267.5625
227.8416;206.2082;0.0000;712.4146;499276.6250
228.4733;206.2082;0.0000;714.7830;499285.6250
228.8416;205.5765;0.0000;715.4147;499294.5938
229.8416;204.9449;0.0000;716.5730;499303.5938
230.4733;204.3132;0.0000;718.0463;499312.5938
231.4733;204.3132;0.0000;717.3097;499321.5938
231.8416;204.0498;0.0000;718.9413;499330.5938
232.4733;203.4182;0.0000;720.0463;499339.6250
233.4733;202.7865;0.0000;719.5730;499348.5938
234.4733;202.1548;0.0000;723.3096;499357.5938
234.4733;202.1548;0.0000;727.0463;499366.5938
234.8416;201.5231;0.0000;724.7313;499375.5938
235.4733;200.8915;0.0000;727.9413;499384.5625
235.8416;200.2598;0.0000;729.0463;499393.6250
235.8416;200.2598;0.0000;729.2047;499402.5938
236.2100;199.6281;0.0000;731.7830;499411.5938
237.2100;198.9965;0.0000;734.9413;499420.5938
237.2100;198.9965;0.0000;732.6780;499430.0000
237.5783;198.3648;0.0000;734.8879;499438.9688
237.5783;197.7331;0.0000;736.6780;499447.9688
237.9466;197.3648;0.0000;737.5197;499456.9688
238.3149;196.7331;0.0000;741.6246;499465.9688
238.6833;196.1014;0.0000;740.3096;499474.9688
238.6833;195.4698;0.0000;743.7830;499483.9688
239.0516;195.1014;0.0000;745.2562;499493.0312
239.4199;194.4698;0.0000;744.3096;499501.9375
239.4199;193.8381;0.0000;749.0463;499510.9375
239.7883;193.8381;0.0000;746.4680;499519.9375
240.1566;192.8381;0.0000;752.2047;499528.9375
240.1566;192.2064;0.0000;753.2563;499537.9375
240.1566;191.5747;0.0000;753.5196;499547.6250
240.5249;190.9431;0.0000;755.5196;499556.5938
240.5249;190.3114;0.0000;758.4663;499565.5938
240.8932;189.9431;0.0000;757.1513;499574.5938
241.2616;189.3114;0.0000;759.6246;499583.5938
240.6299;188.3114;0.0000;762.7296;499592.5938
240.9982;188.3114;0.0000;762.5196;499601.6250
241.3665;187.6797;0.0000;763.9929;499610.5938
240.7349;186.6797;0.0000;766.5196;499619.5938
241.1032;186.0481;0.0000;765.6246;499628.5938
240.4715;185.0481;0.0000;770.6246;499637.5625
240.2082;184.4164;0.0000;770.4662;499646.5625
239.5765;184.0481;0.0000;772.5712;499655.5625
239.3132;183.4164;0.0000;776.1495;499664.6250
238.6815;182.7847;0.0000;775.2029;499673.5938
238.0498;181.7847;0.0000;779.4128;499682.5938
237.7865;181.7847;0.0000;783.5178;499691.5938
237.1548;180.7847;0.0000;781.5712;499700.5938
236.8915;180.1530;4.4199;784.6763;499709.5938
236.2598;179.7847;0.0000;787.2029;499718.6562
235.9965;179.1530;0.0000;785.8346;499727.5938
235.7331;178.7847;4.4199;786.7812;499736.5938
235.1014;178.1530;0.0000;787.6761;499745.5938
234.8381;177.1530;0.0000;787.6761;499754.5625
234.2064;176.7847;4.4199;790.2545;499763.5625
233.9431;176.1530;0.0000;791.3079;499772.6250
233.3114;175.7847;7.5801;792.7278;499781.6250
232.0480;174.7847;0.0000;787.5712;499790.5938
231.7847;174.4164;0.0000;801.8844;499799.5938
230.5214;173.7847;7.5801;802.3043;499808.5938
230.2580;173.4164;0.0000;803.0410;499817.5938
228.9947;172.4164;0.0000;803.7776;499826.5938
228.3630;172.0480;0.0000;804.8826;499835.6562
227.4680;171.6797;0.0000;806.3560;499844.5938
226.2046;171.0481;0.0000;807.9875;499853.5938
225.5730;170.6797;0.0000;809.8293;499862.5938
224.6779;170.3114;0.0000;809.4609;499871.5625
224.0463;169.3114;0.0000;812.0392;499880.5625
223.4146;168.9431;0.0000;813.8809;499889.6250
222.1513;168.5747;0.0000;811.9342;499898.5938
221.5196;167.9431;0.0000;814.8808;499907.5938
220.8879;167.5747;0.0000;816.3541;499916.5938
219.6246;167.2064;0.0000;813.1442;499925.5938
219.3612;166.2064;0.0000;816.7224;499934.5938
218.0979;165.8381;7.5801;816.3541;499943.6250
217.4662;165.8381;0.0000;815.9858;499952.6562
216.2029;165.4698;7.5801;817.8275;499961.5938
215.5712;165.1014;0.0000;818.2491;499970.5938
214.3079;164.7331;0.0000;820.6175;499979.5938
213.6762;164.3648;0.0000;820.3008;499988.5625
212.4128;163.9965;0.0000;817.3541;499997.5625
211.4128;162.9965;0.0000;819.5641;500006.6250
210.1495;162.9965;0.0000;819.6691;500015.5938
209.5178;162.6281;0.0000;819.5641;500024.5938
208.8861;162.2598;0.0000;821.6691;500033.5938
207.6228;161.8915;0.0000;819.9325;500042.5938
206.9911;162.1548;0.0000;818.5641;500051.5938
205.7278;161.7865;0.0000;820.4058;500060.6250
205.0961;161.4182;0.0000;818.9324;500069.5938
204.4644;161.4182;0.0000;820.4058;500078.5938
203.8328;161.6815;0.0000;823.3524;500087.5938
203.2011;161.3132;0.0000;820.4058;500096.5938
202.2011;160.9449;0.0000;822.2474;500105.5625
201.5694;160.5765;0.0000;823.3524;500114.6250
200.3061;160.8399;0.0000;819.2474;500123.6250
199.6744;160.8399;0.0000;824.1941;500132.5938
198.6744;161.1032;0.0000;822.7207;500141.5938
198.0427;161.3665;0.0000;821.4574;500150.5938
196.7794;160.9982;0.0000;823.2990;500159.5938
196.1477;161.2616;0.0000;822.2991;500168.5938
194.8844;161.8932;0.0000;826.1940;500177.6562
193.8844;162.1566;0.0000;823.4039;500186.5938
193.2527;162.4199;0.0000;821.1940;500195.5938
191.9893;162.6833;0.0000;824.4039;500204.5938
190.9893;163.3150;0.0000;825.8773;500213.5625
190.3577;163.5783;0.0000;823.2990;500222.5625
189.7260;163.2100;0.0000;824.1406;500231.6250
189.7260;163.4733;0.0000;823.5089;500240.5938
188.7260;164.1050;0.0000;823.5089;500249.5938
188.0943;164.3683;0.0000;827.5090;500258.5938
187.4627;164.6317;0.0000;825.1406;500267.5938
187.0943;165.5267;0.0000;824.3506;500276.5938
186.4627;166.1584;0.0000;826.3506;500285.6250
186.0943;166.4217;0.0000;822.2456;500294.6562
185.4627;166.6850;0.0000;825.0873;500303.5938
185.0943;167.9484;0.0000;827.4556;500312.5938
184.4627;168.2117;0.0000;825.5089;500321.5938
183.4627;168.4751;0.0000;824.1923;500330.5625
183.4627;169.1068;0.0000;825.4556;500339.5625
182.4627;170.0018;0.0000;825.1406;500348.6250
182.4627;170.2651;4.4199;826.1923;500357.5938
181.4627;171.5285;0.0000;825.1923;500366.5938
181.4627;171.7918;0.0000;825.9290;500375.5938
180.4627;173.0552;0.0000;826.0338;500384.5938
180.4627;173.3185;0.0000;823.9823;500393.5938
180.0943;173.9502;0.0000;827.4556;500402.6250
179.7260;174.8452;0.0000;827.5072;500411.5938
179.7260;175.4769;0.0000;823.8240;500420.5938
178.7260;176.1085;0.0000;826.6655;500429.5938
178.3577;177.0035;0.0000;829.1922;500438.5938
178.3577;177.6352;0.0000;824.8239;500447.5625
177.9893;178.2669;0.0000;827.6655;500456.6250
177.6210;179.1619;0.0000;825.5605;500465.6250
177.6210;179.7936;0.0000;827.2972;500474.5938
177.2527;181.0569;0.0000;826.4022;500483.5938
176.8844;181.3203;0.0000;823.4556;500492.5938
176.8844;182.5836;7.5801;824.9288;500501.5938
176.5161;183.2153;0.0000;827.6655;500510.5938
176.1477;183.4786;7.5801;821.2972;500519.6250
175.7794;184.1103;0.0000;822.1389;500528.5938
176.0427;185.3737;0.0000;817.4538;500537.5938
175.6744;186.0053;0.0000;823.1923;500546.5938
175.3061;186.9003;0.0000;822.2438;500555.5938
175.3061;187.5320;0.0000;820.5072;500564.5625
175.5694;188.1637;0.0000;816.2439;500573.6250
175.2011;189.4270;0.0000;823.1389;500582.5938
174.8328;190.0587;0.0000;821.0339;500591.5938
174.4644;190.9537;0.0000;822.4022;500600.5938
174.0961;191.5854;0.0000;823.5072;500609.5938
173.7278;192.8487;0.0000;821.9290;500618.5938
174.3595;194.1121;0.0000;822.0339;500627.6250
173.9911;194.7438;0.0000;824.6656;500636.6562
173.6228;195.6388;0.0000;821.2972;500645.5938
173.8861;196.9021;0.0000;824.4022;500654.5938
173.8861;197.5338;0.0000;824.2972;500663.5938
174.1495;198.7971;0.0000;822.9289;500672.5625
173.7812;199.4288;0.0000;824.6656;500681.5625
174.4128;200.6921;0.0000;824.4556;500690.6250
174.0445;200.9555;0.0000;823.6655;500699.5938
174.3079;201.5872;0.0000;826.1389;500708.9375
174.5712;202.8505;7.5801;824.3506;500717.9688
174.2029;203.4822;0.0000;824.2972;500727.0000
174.4662;204.3772;7.5801;826.6655;500735.9688
174.3612;205.6405;0.0000;824.8773;500744.9688
173.9929;206.2722;7.5801;825.9290;500753.9688
173.8879;207.1672;0.0000;825.0873;500762.9688
174.1513;207.7989;7.5801;825.7190;500771.9688
173.4146;209.0623;0.0000;826.9289;500781.0312
173.6779;210.3256;0.0000;826.4556;500789.9375
173.9413;210.9573;0.0000;825.9823;500798.9375
173.8363;212.2206;0.0000;830.6655;500807.9375
174.0997;212.8523;0.0000;828.7723;500816.9375
174.3630;214.1156;0.0000;829.7190;500825.9375
174.6263;214.7473;0.0000;831.1923;500835.5938
174.8897;216.0107;0.0000;828.2457;500844.6250
175.1530;216.6423;0.0000;830.4556;500853.5938
175.4164;217.2740;0.0000;829.3506;500862.5938
175.6797;218.5373;0.0000;829.9822;500871.5938
175.9431;219.1690;0.0000;831.0872;500880.5938
176.2064;220.4323;0.0000;830.3506;500889.5938
176.1014;221.0640;0.0000;830.3506;500898.6562
176.3648;222.3274;0.0000;831.7189;500907.5938
176.8915;222.9590;0.0000;833.2991;500916.5938
177.1548;223.5907;0.0000;832.2456;500925.5938
177.0498;224.5907;0.0000;833.7189;500934.5625
177.3132;225.2224;7.5801;831.7723;500943.5625
178.2082;225.8541;0.0000;836.6674;500952.6250
178.4715;226.8541;0.0000;835.1406;500961.6250
178.9982;227.4857;0.0000;838.1940;500970.5938
179.6299;228.1174;0.0000;839.6674;500979.5938
180.5249;228.7491;0.0000;837.0356;500988.5938
180.7883;228.7491;0.0000;836.2990;500997.5938
181.6833;229.3807;0.0000;839.6674;501006.5938
181.9466;229.7491;0.0000;837.4574;501015.6562
182.8416;230.3807;7.5801;838.5624;501024.5938
183.7367;230.3807;0.0000;840.2990;501033.5938
184.6317;230.3807;0.0000;838.9841;501042.5625
185.5267;230.7491;0.0000;843.3524;501051.5625
186.4217;231.3808;0.0000;841.1940;501060.5938
187.3167;231.3808;0.0000;840.9841;501069.6250
187.9484;231.7491;0.0000;844.9840;501078.5938
188.8434;231.7491;0.0000;844.8791;501087.5938
189.7384;231.7491;0.0000;841.9840;501096.5938
190.0018;232.1174;0.0000;845.6157;501105.5938
191.2651;232.1174;0.0000;841.8790;501114.5938
192.1601;232.1174;0.0000;844.3524;501123.6562
193.0551;232.1174;0.0000;844.9840;501132.6562
193.9502;233.1174;0.0000;842.1425;501141.5938
195.4769;233.1174;0.0000;843.8790;501150.5938
196.3719;233.4857;0.0000;844.3524;501159.5625
197.2669;233.4857;7.5801;843.8790;501168.5625
198.1619;233.4857;0.0000;845.3524;501177.5938
198.6886;233.8541;0.0000;845.1424;501186.6250
199.5836;233.8541;0.0000;844.5107;501195.5938
200.4786;234.2224;0.0000;846.8790;501204.5938
201.3737;234.2224;0.0000;846.9324;501213.5938
202.2687;234.5907;0.0000;846.1425;501222.5938
203.1637;234.5907;0.0000;848.3524;501231.5938
204.0587;234.9590;0.0000;844.6691;501240.6562
204.3221;234.9590;0.0000;846.7741;501249.5938
205.2171;235.3274;0.0000;847.7740;501258.5938
206.7437;235.3274;0.0000;846.5641;501267.5938
207.6388;235.0640;0.0000;848.7740;501276.5625
208.5338;235.0640;0.0000;846.3008;501285.5625
209.1655;235.4324;0.0000;849.0908;501294.6250
210.0605;234.8007;0.0000;848.4058;501303.6250
210.3238;235.1690;0.0000;849.0908;501312.5938
211.2188;235.5373;0.0000;849.4591;501321.5938
211.4822;235.5373;0.0000;852.1958;501330.5938
211.7455;235.9057;0.0000;847.9858;501339.5938
212.3772;235.2740;0.0000;853.0908;501348.5938
212.6405;235.6423;0.0000;852.9324;501357.6562
212.9039;235.0107;0.0000;852.9858;501366.5938
214.1672;235.3790;0.0000;854.7225;501375.5938
214.4306;234.7473;0.0000;854.6174;501384.5938
215.6939;235.1156;0.0000;855.5126;501393.5625
215.9573;234.4839;0.0000;859.0392;501402.5625
216.5889;234.2206;0.0000;857.1442;501411.6250
217.4840;234.2206;0.0000;858.4075;501420.5938
218.1156;233.9573;0.0000;860.5125;501429.5938
218.3790;233.6939;0.0000;857.7242;501438.5938
219.0106;233.0623;0.0000;860.5659;501447.5938
219.9057;232.7989;0.0000;862.4075;501456.5938
220.5373;232.5356;0.0000;861.0927;501465.6562
220.8007;231.9039;0.0000;862.8292;501474.6562
221.4324;231.0089;0.0000;862.8292;501483.5938
221.6957;230.7455;0.0000;863.0927;501492.5938
222.3274;230.4822;0.0000;865.8292;501501.5625
222.5907;230.2188;0.0000;865.9875;501510.5625
222.8541;229.9555;0.0000;866.6193;501519.5938
223.4857;229.6921;0.0000;869.6193;501528.6250
223.7491;229.4288;7.5801;867.4093;501537.5938
223.7491;228.9021;0.0000;870.2509;501546.5938
224.3808;228.6388;0.0000;869.6193;501555.5938
224.6441;228.0071;7.5801;868.0410;501564.5938
225.2758;227.7438;0.0000;869.9875;501573.5938
225.5391;227.4804;0.0000;869.1459;501582.6562
226.1708;227.2171;0.0000;867.3043;501591.5938
226.1708;226.9537;7.5801;871.7776;501600.5938
226.4341;226.6904;0.0000;871.4093;501609.5938
227.0658;226.4270;0.0000;872.3043;501618.5625
226.6975;225.5320;0.0000;873.3043;501627.5625
227.3291;225.2687;0.0000;872.5676;501636.6250
227.3291;225.0053;0.0000;873.3043;501645.6250
227.9608;225.1103;0.0000;874.6726;501654.5938
228.5925;224.2153;0.0000;872.0944;501663.5938
228.5925;223.9519;0.0000;872.9359;501672.5938
228.8558;223.6886;0.0000;874.3043;501681.5938
229.4875;222.7936;0.0000;872.4628;501690.5938
230.1192;222.8986;0.0000;874.6726;501699.6562
230.7508;222.6352;0.0000;872.8311;501708.5938
231.3825;221.7402;0.0000;871.8311;501717.5938
232.0142;221.8452;0.0000;874.5677;501726.5938
231.6459;220.9502;0.0000;872.7260;501735.5625
232.2775;221.0551;0.0000;874.1993;501744.5625
232.9092;220.1601;0.0000;874.9360;501753.6250
233.5409;219.8968;0.0000;872.6210;501762.5938
234.1725;219.3701;4.4199;874.3578;501771.5938
234.1725;219.1068;0.0000;875.3577;501780.5938
234.8042;218.2117;0.0000;869.4645;501789.5938
234.8042;217.9484;0.0000;870.5695;501798.5938
235.4359;217.0534;0.0000;869.0961;501807.6250
235.4359;216.7900;0.0000;870.7278;501816.6562
236.0676;216.2633;0.0000;873.6228;501825.5938
236.0676;216.0000;0.0000;868.7278;501834.5938
236.6992;215.1050;0.0000;872.6229;501843.5938
237.0676;214.8416;0.0000;872.3061;501852.5625
237.6992;213.9466;0.0000;869.8861;501861.5625
237.6992;214.0516;0.0000;872.7278;501870.6250
238.3309;213.1566;0.0000;874.4645;501879.5938
238.6992;212.8932;0.0000;873.2545;501888.5938
238.6992;212.9982;0.0000;874.9911;501897.5938
239.0676;212.7349;7.5801;873.9912;501906.5938
239.6992;212.2082;7.5801;874.1495;501915.5938
239.6992;211.9449;0.0000;875.9912;501924.6562
240.0676;212.0498;0.0000;877.3595;501933.5938
240.0676;211.1548;0.0000;866.7794;501942.5938
240.4359;210.8915;0.0000;886.9395;501951.5938
240.4359;210.9965;0.0000;881.7295;501960.5625
240.8042;210.1014;0.0000;884.2029;501969.5625
240.8042;210.2064;0.0000;886.9395;501978.6250
241.1725;209.9431;0.0000;885.8879;501987.6250
241.5409;209.0481;0.0000;888.7296;501996.9375
240.9092;209.1530;0.0000;887.9930;502005.9688
241.2775;208.2580;0.0000;888.8879;502014.9688
241.2775;207.9947;0.0000;890.6246;502024.0000
241.0142;208.0997;0.0000;890.8879;502032.9688
241.0142;207.2047;0.0000;895.0463;502041.9688
241.0142;206.9413;0.0000;893.6246;502050.9688
240.7509;206.0463;0.0000;893.3097;502059.9688
240.7509;205.7829;0.0000;897.3096;502068.9688
240.4875;204.8879;0.0000;895.5197;502078.0000
240.4875;204.6246;0.0000;896.4680;502086.9375
240.2242;203.7296;0.0000;899.3096;502095.9375
239.5925;203.4662;0.0000;897.0463;502104.9375
239.3291;203.2029;0.0000;896.9413;502114.5625
239.3291;202.3079;0.0000;899.7830;502123.5938
239.0658;202.0445;0.0000;898.2047;502132.6250
237.8025;201.1495;0.0000;898.5729;502141.6250
237.5391;200.8861;0.0000;901.8363;502150.5938
237.2758;199.9911;0.0000;898.7314;502159.5938
236.6441;199.3595;0.0000;901.2046;502168.5938
235.7491;198.4644;0.0000;905.4680;502177.5938
235.4857;198.2011;0.0000;904.2580;502186.5938
234.5907;196.9377;0.0000;904.2046;502195.6562
234.3274;196.6744;0.0000;904.9413;502204.5938
234.0640;196.0427;7.5801;904.2046;502213.5938
233.1690;195.1477;0.0000;905.3097;502222.5625
232.9057;194.8844;7.5801;903.8363;502231.5625
232.6423;194.2527;0.0000;904.8363;502240.5938
231.7473;193.3577;7.5801;905.3097;502249.6250
231.4839;193.0943;0.0000;905.4680;502258.5938
230.5889;192.4627;7.5801;905.4680;502267.5938
229.6939;191.5677;0.0000;910.2046;502276.5938
229.4306;190.9360;0.0000;905.0997;502285.5938
228.5356;190.6726;0.0000;909.8363;502294.5938
228.0089;190.0410;0.0000;907.9413;502303.6562
227.1138;188.7776;0.0000;906.4680;502312.6562
226.8505;188.5143;0.0000;908.9413;502321.5938
226.3238;187.8826;0.0000;908.4680;502330.5625
225.4288;186.6193;0.0000;910.2046;502339.5625
224.9021;185.9876;0.0000;910.9413;502348.5938
224.6388;185.7242;0.0000;910.0997;502357.5938
223.7438;185.0926;0.0000;910.2046;502366.6250
223.2171;184.4609;0.0000;914.0463;502375.5938
222.9537;183.8292;0.0000;910.3630;502384.5938
222.0587;183.5659;0.0000;910.9413;502393.5938
221.1637;182.9342;0.0000;914.0463;502402.5938
220.9003;182.3025;0.0000;913.0997;502411.5938
220.0053;182.0392;0.0000;912.0463;502420.6562
219.1103;181.4075;0.0000;911.8364;502429.5938
218.2153;180.7758;0.0000;910.8363;502438.5938
217.3203;180.5125;0.0000;912.3097;502447.5625
216.4253;179.8808;0.0000;915.0996;502456.5625
215.5302;179.2491;0.0000;911.8364;502465.5938
214.6352;178.9858;0.0000;915.6780;502474.6250
214.3719;178.3541;0.0000;911.4680;502483.6250
213.1085;177.7225;7.5801;914.0463;502492.5938
212.2135;177.4591;0.0000;915.6780;502501.5938
211.3185;176.8275;0.0000;913.8363;502510.5938
210.0551;176.8275;0.0000;915.3097;502519.5938
209.7918;176.1958;0.0000;916.5730;502528.5938
208.8968;175.9324;0.0000;914.8363;502537.6562
208.0018;175.3008;0.0000;916.5730;502546.5938
207.7384;175.3008;0.0000;914.5730;502555.5938
206.8434;175.0374;0.0000;916.9413;502564.5625
205.9484;174.4057;0.0000;917.7830;502573.5625
205.0534;174.4057;0.0000;915.8363;502582.5938
204.1584;173.7741;0.0000;917.4146;502591.6250
203.2634;173.5107;0.0000;917.8880;502600.5938
202.6317;172.8791;0.0000;917.3096;502609.5938
201.7366;172.8791;0.0000;919.1513;502618.5938
200.8416;172.2474;0.0000;919.8879;502627.5938
199.9466;171.6157;0.0000;918.8879;502636.5938
199.4199;171.6157;0.0000;920.0979;502645.6562
198.5249;171.3524;0.0000;919.6246;502654.6562
197.6299;170.7207;0.0000;915.5712;502663.5938
196.7349;170.7207;7.5801;920.7296;502672.5938
195.8399;170.7207;0.0000;918.8879;502681.5625
194.3132;170.0890;0.0000;919.3613;502690.5625
193.4182;170.0890;0.0000;921.2029;502699.5938
192.5231;169.8257;0.0000;918.6246;502708.6250
190.9965;169.8257;0.0000;921.8346;502717.5938
190.1014;169.8257;7.5801;922.2029;502726.5938
189.2064;169.1940;0.0000;921.4662;502735.5938
188.3114;169.1940;0.0000;923.3079;502744.5938
186.7847;169.1940;0.0000;922.9396;502753.5938
185.8897;169.1940;0.0000;922.3079;502762.6562
184.3630;169.1940;0.0000;923.7812;502771.5938
183.8363;169.1940;7.5801;921.9396;502780.5938
182.9413;168.5623;0.0000;924.1495;502789.5625
181.4146;168.9307;0.0000;925.6228;502798.5625
180.5196;168.9307;0.0000;924.4128;502807.5625
179.6246;168.9307;0.0000;925.5178;502816.6250
178.7296;168.9307;0.0000;926.1495;502825.6250
177.8345;168.9307;7.5801;924.4128;502834.5938
176.9395;168.9307;0.0000;925.9912;502843.5938
175.4128;168.9307;0.0000;925.5178;502852.5938
174.5178;169.5623;0.0000;926.1495;502861.5938
173.6228;169.5623;0.0000;925.6228;502870.5938
172.4644;169.1940;0.0000;925.8862;502879.6562
171.2011;169.1940;0.0000;926.6229;502888.5938
170.0427;169.8257;0.0000;926.3595;502897.5938
169.1477;169.8257;0.0000;924.5178;502906.5625
167.6210;169.8257;0.0000;926.6229;502915.5625
166.7260;170.0890;0.0000;928.0962;502924.5938
165.8310;170.0890;0.0000;926.5178;502933.6250
164.3043;170.7207;0.0000;927.4645;502942.5938
163.4093;170.3524;0.0000;927.4645;502951.5938
162.5143;170.9840;0.0000;927.9911;502960.5938
161.3559;171.6157;0.0000;928.8328;502969.5938
160.4609;171.2474;0.0000;928.0962;502978.5938
159.5659;171.8791;0.0000;931.4645;502987.6562
158.4075;172.1424;0.0000;930.5695;502996.6562
157.5125;172.7741;0.0000;927.9911;503005.5938
156.9858;173.0374;0.0000;930.0961;503014.5938
156.0908;173.6691;0.0000;932.2011;503023.5625
155.1958;173.9324;0.0000;929.0961;503032.5625
155.3008;174.5641;0.0000;930.8328;503041.5938
154.4057;174.8275;0.0000;931.7278;503050.6250
153.5107;175.4591;0.0000;932.5178;503059.5938
152.9840;175.7225;0.0000;931.4645;503068.5938
152.0890;176.3541;0.0000;933.2545;503077.5938
151.1940;176.6175;0.0000;930.3595;503086.5938
151.2990;176.8808;0.0000;933.5695;503095.5938
150.4040;177.5125;0.0000;929.1495;503104.6562
149.5089;177.7758;0.0000;932.0961;503113.5938
149.6139;178.4075;0.0000;931.5694;503122.5938
148.7189;178.6709;0.0000;931.3595;503131.5938
148.4556;179.3025;0.0000;932.8328;503140.5625
148.5605;179.5659;0.0000;931.4645;503149.5625
148.2972;180.1975;0.0000;931.8328;503158.6250
147.4022;180.4609;0.0000;933.9377;503167.6250
147.5072;181.0926;0.0000;931.4645;503176.5938
147.2438;181.9876;0.0000;932.3060;503185.5938
147.9805;182.6192;0.0000;932.0427;503194.5938
147.7171;183.5143;0.0000;930.7278;503203.5938
147.4538;184.1459;0.0000;931.8328;503212.5938
147.1904;185.0410;0.0000;933.3062;503221.6562
146.9271;186.3043;7.5801;931.4645;503230.5938
146.6638;187.1993;0.0000;932.6744;503239.5938
146.4004;188.4627;0.0000;932.5695;503248.5625
147.1371;189.3577;0.0000;932.8328;503257.5625
146.8737;190.6210;0.0000;933.3062;503266.5625
146.6104;191.5161;0.0000;932.5695;503275.6250
146.9787;192.4111;0.0000;933.9377;503284.9375
146.7154;193.0427;0.0000;933.4111;503293.9688
146.4520;193.9377;0.0000;931.0961;503302.9688
146.1887;194.8328;0.0000;933.5695;503312.0000
145.9253;196.0961;0.0000;935.7794;503321.0000
146.2937;196.3595;0.0000;933.9377;503329.9688
146.0303;197.2545;0.0000;934.6744;503338.9688
145.3986;198.1495;0.0000;938.3060;503347.9688
145.1353;199.0445;0.0000;934.0428;503356.9688
144.8719;200.5712;0.0000;936.1478;503365.9375
144.6086;201.4662;0.0000;934.7794;503375.0000
144.7136;202.3612;0.0000;936.1478;503383.9375
145.0819;202.8879;0.0000;934.5160;503392.9375
144.8186;204.4146;0.0000;933.4111;503402.5625
144.5552;205.3096;0.0000;934.5160;503411.5938
144.2919;206.2047;0.0000;935.2527;503420.5938
144.6602;207.7313;0.0000;932.4110;503429.6250
144.3969;208.6263;0.0000;933.8844;503438.5938
144.1335;209.5214;0.0000;933.3577;503447.5938
144.5018;210.0480;0.0000;931.5161;503456.5938
144.5018;211.5747;0.0000;933.7261;503465.5938
144.2385;212.4698;0.0000;931.7261;503474.5938
144.9752;213.6281;0.0000;928.7260;503483.6562
145.3435;214.5231;0.0000;932.9894;503492.6562
145.7118;215.0498;0.0000;927.9894;503501.5938
145.8168;215.5765;0.0000;924.9360;503510.5625
146.1851;216.7349;0.0000;925.4094;503519.5625
146.5535;217.6299;0.0000;921.8309;503528.5938
146.9218;218.7883;0.0000;924.4093;503537.5938
147.2901;219.6833;0.0000;924.1460;503546.6250
147.9218;220.8416;0.0000;921.5676;503555.5938
148.2901;221.7366;0.0000;923.1460;503564.5938
148.6584;222.8950;0.0000;922.0410;503573.5938
149.6584;223.4217;0.0000;922.6727;503582.5938
150.3951;223.9484;0.0000;922.0410;503591.5938
151.3951;225.1068;0.0000;919.5676;503600.6562
152.1318;225.6335;4.4199;921.9360;503609.5938
153.1317;227.1601;0.0000;922.7777;503618.5625
154.1317;227.6868;7.5801;919.1993;503627.5625
155.1317;228.2135;7.5801;920.9360;503636.5625
155.5001;229.3719;7.5801;911.4644;503645.5938
156.5001;229.8986;0.0000;926.0927;503654.6250
157.1317;230.7936;0.0000;928.1976;503663.6250
158.1317;231.9519;0.0000;926.9342;503672.5938
158.7634;232.4786;0.0000;926.9342;503681.5938
159.7634;233.0053;0.0000;928.0392;503690.5938
160.7634;233.5320;0.0000;926.9342;503699.5938
161.1317;234.0587;0.0000;927.5659;503708.5938
162.1317;234.5854;0.0000;930.1442;503717.6562
163.1317;234.7438;0.0000;926.4609;503726.5938
164.1317;235.9021;0.0000;927.6709;503735.5625
164.7634;236.4288;0.0000;930.1442;503744.5625
165.1317;236.9555;0.0000;926.5659;503753.5938
165.7634;237.1139;0.0000;928.3026;503762.5938
166.3951;237.6405;0.0000;928.0392;503771.6250
167.0268;238.1672;0.0000;926.5659;503780.5938
167.6584;238.6939;0.0000;928.6709;503789.5938
168.2901;239.2206;0.0000;927.5659;503798.5938
168.5535;239.7473;7.5801;927.6709;503807.5938
169.1851;239.6423;0.0000;931.1975;503816.5938
169.4485;240.1690;0.0000;925.0925;503825.6562
170.0801;240.3274;7.5801;927.1976;503834.6562
170.3435;240.8541;0.0000;927.5659;503843.5938
170.6068;241.3807;0.0000;924.9876;503852.5625
171.5018;241.9074;0.0000;926.4609;503861.5625
171.7652;241.8024;0.0000;926.8293;503870.5938
172.0285;241.9608;7.5801;924.7242;503879.5938
172.9236;241.8558;0.0000;927.1976;503888.6250
173.1869;242.3825;0.0000;928.6193;503897.5938
173.7136;242.2775;0.0000;925.6193;503906.5938
173.9769;242.8042;0.0000;927.5143;503915.5938
174.5036;242.6992;0.0000;923.5143;503924.5938
175.0303;242.9626;0.0000;923.5143;503933.5938
174.9253;242.8576;0.0000;925.2509;503942.6562
175.4520;243.1210;0.0000;922.7777;503951.5938
175.3470;243.6476;0.0000;924.2510;503960.5938
176.2421;243.9110;0.0000;925.2509;503969.5625
176.1371;244.1743;0.0000;922.7777;503978.5625
176.6638;244.7010;0.0000;925.8826;503987.5938
176.5588;244.9644;0.0000;924.8826;503996.6250
177.4538;245.8594;0.0000;924.1460;504005.6250
177.3488;245.7544;0.0000;924.3559;504014.5938
177.6122;246.0177;0.0000;922.6727;504023.5938
178.1389;246.9128;0.0000;924.8826;504032.5938
178.0339;246.8078;0.0000;926.6193;504041.5938
178.5605;247.0711;7.5801;919.2509;504050.5938
178.8239;247.3345;0.0000;925.5143;504059.6562
179.3506;247.5978;0.0000;925.2509;504068.5938
179.2456;247.8612;0.0000;926.9360;504077.5938
179.7723;247.4928;0.0000;925.8826;504086.5625
180.0356;247.7562;0.0000;925.5143;504095.5625
180.9307;248.6512;0.0000;921.0925;504104.5938
180.8257;248.9145;0.0000;926.6193;504113.6250
181.7207;249.1779;7.5801;925.5143;504122.5938
182.2474;249.4412;0.0000;926.6193;504131.5938
182.5107;249.7046;0.0000;927.7242;504140.5938
183.0374;249.9679;0.0000;924.4093;504149.5938
183.5641;249.5996;0.0000;927.1459;504158.5938
183.4591;249.4946;0.0000;927.7242;504167.6562
184.3541;249.7579;0.0000;925.4094;504176.6562
184.5125;250.0213;7.5801;926.2509;504185.5938
185.4075;250.2846;0.0000;925.5143;504194.5625
185.9342;249.9163;0.0000;924.7776;504203.5625
186.4609;250.1797;0.0000;927.2510;504212.5938
186.9876;250.4430;0.0000;929.3043;504221.5938
187.5143;250.3380;7.5801;925.5143;504230.6250
188.4093;249.9697;0.0000;928.3560;504239.5938
188.9360;250.2330;0.0000;924.5677;504248.5938
189.8310;249.8647;0.0000;925.4094;504257.5938
191.3577;250.1281;0.0000;927.5143;504266.5938
191.8844;250.3914;0.0000;925.3043;504275.5938
192.7794;250.0231;0.0000;926.1460;504284.6562
193.3061;250.2864;7.5801;925.0410;504293.5938
194.2011;250.9181;0.0000;924.5677;504302.5938
194.7278;251.1814;7.5801;926.6727;504311.5625
195.8861;250.8131;0.0000;925.3043;504320.5625
196.7812;251.4448;0.0000;925.3043;504329.5938
197.3079;251.7081;7.5801;927.7776;504338.6250
197.8345;251.3398;0.0000;923.4626;504347.6250
198.3612;251.6031;0.0000;925.5676;504356.5938
199.5196;251.6031;0.0000;926.3043;504365.5938
200.0463;251.8665;0.0000;924.7261;504374.5938
200.5730;251.8665;0.0000;925.4626;504383.5938
201.7313;251.8665;0.0000;925.7261;504392.5938
201.8897;251.8665;0.0000;924.2527;504401.6562
202.4164;251.4982;0.0000;925.0944;504410.5938
202.5747;251.4982;0.0000;924.7261;504419.5938
202.7331;251.4982;0.0000;924.5160;504428.5625
202.5231;251.4982;0.0000;925.0944;504437.5625
202.6815;251.4982;0.0000;923.5161;504446.5938
202.8399;251.4982;0.0000;923.9894;504455.6250
203.3665;251.4982;0.0000;925.9894;504464.5938
203.5249;251.4982;0.0000;924.1477;504473.5938
204.0516;251.8665;0.0000;925.3577;504482.5938
204.5783;251.8665;0.0000;925.3577;504491.5938
204.7367;251.8665;0.0000;924.5160;504500.5938
205.2633;251.8665;0.0000;926.3577;504509.6562
205.4217;251.8665;0.0000;924.8844;504518.6562
205.9484;251.8665;0.0000;925.1477;504527.5938
205.4751;251.8665;0.0000;926.6211;504536.5938
206.0018;251.2348;0.0000;920.3577;504545.5625
206.1601;251.2348;0.0000;925.5161;504554.5625
206.6868;251.2348;0.0000;927.2527;504563.5938
206.8452;251.6031;0.0000;924.0427;504572.9375
207.3719;250.9715;0.0000;921.4626;504581.9688
207.2669;250.9715;0.0000;927.5160;504590.9688
207.7936;250.9715;0.0000;925.6744;504599.9688
207.6886;250.7081;0.0000;927.8844;504609.0000
208.2153;250.7081;0.0000;929.2011;504617.9688
208.7420;250.7081;0.0000;926.3062;504626.9688
209.2687;250.0764;0.0000;928.5161;504635.9688
209.7954;250.0764;0.0000;926.0427;504644.9688
209.6904;249.4448;0.0000;926.7794;504653.9375
210.2171;249.8131;0.0000;927.8844;504663.0000
210.7437;249.8131;0.0000;925.5695;504672.0000
210.6388;249.5498;0.0000;928.2012;504680.9375
211.1655;249.5498;0.0000;929.1477;504690.5625
210.6921;249.2864;0.0000;927.4645;504699.5938
211.2188;249.2864;0.0000;928.4111;504708.5938
211.1139;249.0231;0.0000;928.9377;504717.5938
211.2722;249.3914;0.0000;928.5695;504726.6250
211.1672;249.1281;0.0000;929.3062;504735.5938
211.6939;248.8647;0.0000;930.0427;504744.5938
211.8523;248.8647;0.0000;928.9377;504753.5938
211.7473;248.6013;0.0000;931.1477;504762.5938
212.2740;248.9697;0.0000;928.2012;504771.5938
212.8007;248.7063;0.0000;929.6744;504780.6562
212.3274;248.4430;0.0000;930.7794;504789.5938
212.8541;248.8113;0.0000;929.9377;504798.5625
213.0124;248.5480;0.0000;931.0427;504807.5625
213.5391;248.2846;0.0000;930.0427;504816.5938
213.6975;248.6530;0.0000;928.9377;504825.5938
213.5925;248.3896;0.0000;931.1477;504834.6250
213.7509;248.1263;0.0000;932.9377;504843.6250
214.2775;248.8629;0.0000;933.9377;504852.5938
214.1725;248.5996;0.0000;932.5161;504861.5938
214.6992;248.3362;0.0000;930.9377;504870.5938
214.5943;248.4412;0.0000;931.4111;504879.5938
214.7526;248.1779;0.0000;933.5161;504888.5938
215.2793;248.2829;0.0000;932.9377;504897.6562
215.1743;248.0195;0.0000;934.4111;504906.5938
216.7010;247.7562;0.0000;934.7794;504915.5625
216.9644;247.4928;0.0000;933.6744;504924.5625
217.8594;247.2295;0.0000;938.3060;504933.5938
219.1227;246.9661;0.0000;930.6210;504942.5938
219.3861;246.7028;0.0000;935.6744;504951.6250
220.2811;245.8078;0.0000;936.5160;504960.5938
220.5444;245.5444;7.5801;934.6744;504969.5938
221.4395;245.6494;0.0000;935.7794;504978.5938
221.7028;245.7544;7.5801;937.5160;504987.5938
222.5978;245.8594;0.0000;935.0427;504996.5938
222.4928;245.5960;0.0000;939.3062;505005.6562
222.7562;246.0694;7.5801;938.4110;505014.6562
223.2829;246.1743;0.0000;936.0427;505023.5625
223.5462;246.2793;0.0000;937.5160;505032.5625
223.8095;246.3843;0.0000;938.3060;505041.5938
223.7046;246.4893;0.0000;937.3062;505050.5938
223.9679;246.5943;0.0000;939.4110;505059.5938
224.2313;247.0676;0.0000;939.2012;505068.6250
224.4946;247.1726;0.0000;941.3060;505077.5938
224.7579;246.6459;0.0000;941.6744;505086.5938
224.6530;247.1192;0.0000;941.4645;505095.5938
224.9163;247.2242;7.5801;940.9377;505104.5938
224.8113;247.3291;0.0000;942.5695;505113.5938
225.0747;247.4341;0.0000;941.4645;505122.6562
224.7063;246.9074;0.0000;942.3061;505131.5938
224.9697;246.6441;0.0000;940.5695;505140.5625
225.6013;246.7491;0.0000;940.4645;505149.5625
225.8647;246.8541;0.0000;941.9377;505158.5938
226.1281;246.9590;0.0000;942.9912;505167.5938
226.7597;246.4324;0.0000;940.0961;505176.6250
227.3914;246.5373;0.0000;942.2010;505185.6250
227.6547;246.6423;0.0000;940.3595;505194.5938
228.2864;247.1156;0.0000;941.5695;505203.5938
228.5498;246.5889;0.0000;940.2010;505212.5938
228.8131;247.0623;0.0000;940.7278;505221.5938
229.0764;247.1672;0.0000;941.3060;505230.5938
229.7081;247.0089;0.0000;941.2012;505239.6562
230.3398;247.1139;0.0000;940.3595;505248.5938
230.6031;247.5872;0.0000;945.6229;505257.5625
230.8665;247.0605;0.0000;941.1495;505266.5625
231.4982;247.1655;0.0000;942.1495;505275.5938
231.1298;247.6388;0.0000;945.2545;505284.5938
231.7615;247.7437;4.4199;941.9396;505293.6250
232.0248;247.2171;4.4199;946.0446;505302.5938
232.0248;247.6904;0.0000;944.1495;505311.5938
232.6565;247.7953;4.4199;937.1512;505320.5938
233.2882;247.9003;0.0000;936.6246;505329.5938
233.2882;247.7420;0.0000;935.7830;505338.5938
233.9198;247.8470;0.0000;935.1512;505347.6562
234.5515;247.9520;0.0000;937.9930;505356.6562
235.1832;248.4252;0.0000;938.1512;505365.5938
235.1832;248.5302;0.0000;936.2562;505374.5625
235.8149;248.3719;0.0000;938.6246;505383.5625
236.4465;248.4769;0.0000;933.4147;505392.5938
237.0782;248.9502;0.0000;934.5196;505401.5938
237.4465;249.0551;0.0000;939.6246;505410.6250
238.0782;249.5285;0.0000;936.4146;505419.5938
239.0782;250.0018;0.0000;934.8879;505428.5938
239.7099;250.1068;0.0000;934.5196;505437.5938
240.7099;249.9484;7.5801;937.2047;505446.5938
241.0782;250.4217;7.5801;936.1512;505455.5938
241.7099;250.5267;7.5801;936.7830;505464.6562
242.0782;251.0000;0.0000;936.4146;505473.5938
243.0782;251.4733;0.0000;936.8879;505482.5625
244.0782;251.5783;0.0000;935.0463;505491.5625
244.0782;252.0516;0.0000;935.7830;505500.5938
245.0782;251.5249;0.0000;939.1514;505509.5938
246.0782;251.6299;0.0000;933.4147;505518.6250
247.4465;251.7349;0.0000;934.8879;505527.6250
248.4465;251.8399;0.0000;936.1512;505536.5938
249.1832;251.9449;0.0000;933.7830;505545.5938
250.5515;251.4182;0.0000;937.5196;505554.5938
251.5515;251.8915;0.0000;935.1512;505563.5938
252.9199;251.9965;0.0000;935.5195;505572.5938
254.2882;251.4698;0.0000;935.6246;505581.6562
256.2882;251.5747;0.0000;934.4146;505590.5938
257.6565;252.0481;0.0000;935.5195;505599.5625
258.6565;252.1530;0.0000;936.9929;505608.5625
260.0248;252.2580;0.0000;936.9413;505617.5938
261.3932;251.7313;0.0000;935.8879;505626.5938
262.3932;251.8363;0.0000;937.8879;505635.6250
263.3932;251.9413;0.0000;935.8879;505644.5938
264.3932;252.0463;0.0000;935.9929;505653.5938
264.7615;252.1513;0.0000;935.6246;505662.5938
265.7615;252.2562;0.0000;935.6246;505671.5938
266.7615;252.3612;0.0000;936.7296;505680.5938
267.7615;252.4662;0.0000;935.1512;505689.6562
268.7615;252.5712;0.0000;933.0463;505698.6562
270.1298;252.6762;0.0000;938.2029;505707.5938
270.4982;253.0445;0.0000;936.3612;505716.5625
271.4981;253.1495;0.0000;936.7296;505725.5625
272.8665;252.8861;0.0000;938.9929;505734.5938
273.8665;252.6228;0.0000;937.1512;505743.5938
274.6031;253.3595;0.0000;937.0979;505752.6250
275.6031;253.0961;0.0000;937.0979;505761.5938
276.9715;253.8328;0.0000;935.9929;505770.5938
277.3398;253.5694;0.0000;938.2029;505779.5938
278.7081;253.9377;0.0000;937.3613;505788.5938
279.4448;254.0427;0.0000;938.0979;505797.5938
280.4448;254.4111;0.0000;935.5178;505806.6562
281.1814;254.5160;0.0000;937.6246;505815.5938
282.5497;254.8844;0.0000;938.8346;505824.5938
283.9181;254.6210;0.0000;935.7812;505833.5625
284.6547;254.3577;0.0000;939.3613;505842.5625
286.0231;255.0943;0.0000;940.8346;505851.5938
286.7597;254.8310;0.0000;941.5712;505860.9375
288.1281;255.1993;0.0000;942.5712;505869.9688
288.8647;254.5676;0.0000;941.9396;505878.9688
290.2330;254.9360;0.0000;942.2029;505887.9688
291.6013;255.3043;0.0000;943.2029;505896.9688
291.9697;254.6726;0.0000;943.0446;505906.0000
293.3380;255.0410;0.0000;941.4662;505914.9688
294.0747;254.7776;0.0000;946.8346;505923.9688
295.8113;254.7776;0.0000;947.5712;505932.9688
297.1797;254.1459;0.0000;946.3612;505941.9375
298.2846;254.5143;0.0000;946.6762;505950.9375
299.3896;254.5143;0.0000;946.4662;505960.0000
300.7579;254.5143;0.0000;951.6246;505968.9375
301.8629;254.2509;0.0000;950.3612;505978.5625
302.9679;254.2509;7.5801;951.6246;505987.5938
304.0729;254.2509;0.0000;953.2562;505996.5938
305.1779;254.6193;0.0000;954.7296;506005.5938
306.6512;254.6193;0.0000;950.4146;506014.6250
308.3878;254.9876;0.0000;953.4662;506023.6250
309.4928;254.9876;7.5801;957.9929;506032.5938
311.2295;254.3559;0.0000;952.5197;506041.5938
312.3345;254.3559;7.5801;959.2562;506050.5938
314.4395;253.7242;0.0000;959.1512;506059.5938
315.5444;254.0926;0.0000;954.7830;506068.5938
317.6494;254.0926;0.0000;960.7830;506077.6562
318.7544;253.4609;0.0000;958.5197;506086.5625
320.8594;253.4609;4.4199;954.7296;506095.5625
321.9644;253.4609;0.0000;962.1512;506104.5938
323.4377;253.4609;0.0000;961.6780;506113.5938
324.5427;253.4609;12.0000;961.7830;506122.5938
326.0160;253.4609;0.0000;961.8879;506131.6250
327.4893;253.4609;7.5801;956.0979;506140.5938
329.5943;253.4609;0.0000;937.6210;506149.5938
331.0676;253.4609;0.0000;914.7759;506158.5938
332.5409;254.0926;0.0000;878.7705;506167.5938
334.6459;255.3559;0.0000;822.3933;506176.5938
335.7509;255.9876;7.5801;683.2155;506185.6562
90.2403;125.2314;0.0000;370.9060;500767.3125
91.3453;125.2314;0.0000;371.6426;500770.5625
92.8186;125.2314;0.0000;370.5376;500773.8750
93.9236;125.2314;0.0000;372.0110;500777.2188
95.0285;124.8631;0.0000;372.7477;500780.5312
96.5019;124.8631;0.0000;370.9060;500783.8438
97.6068;124.8631;0.0000;372.3793;500787.1875
99.0801;124.4948;0.0000;373.4843;500790.4688
100.5535;124.4948;0.0000;371.6426;500793.7812
101.6584;124.4948;0.0000;373.8526;500797.0938
103.1318;124.1264;0.0000;372.7477;500800.4062
104.6051;124.1264;0.0000;372.3793;500803.7188
105.7100;123.7581;0.0000;373.8526;500807.0938
106.8150;123.7581;0.0000;372.0110;500810.3438
108.2883;123.3898;0.0000;374.2210;500813.6562
109.3933;123.3898;0.0000;374.9576;500817.0000
110.4983;123.0214;0.0000;372.0110;500820.3125
111.2350;122.6531;0.0000;374.2210;500823.6250
112.3399;122.2848;0.0000;375.3259;500826.9688
113.4449;121.9165;0.0000;375.3259;500830.2812
114.1816;121.9165;0.0000;376.7992;500833.5625
114.9182;121.5481;0.0000;376.7992;500836.8750
115.6549;120.8115;0.0000;376.7992;500840.1875
116.3915;120.4432;0.0000;376.7992;500843.5000
117.1282;120.0748;0.0000;376.7992;500846.8125
117.8649;119.7065;0.0000;376.7992;500850.1875
118.9698;119.3382;0.0000;376.7992;500853.4375
119.7065;118.9698;0.0000;376.7992;500856.7500
120.4432;118.2332;0.0000;376.7992;500860.0938
121.1798;117.8649;0.0000;376.7992;500863.4062
121.9165;117.1282;0.0000;376.7992;500866.7188
123.0214;116.3915;0.0000;376.7992;500870.0625
123.7581;116.0232;0.0000;376.7992;500873.3438
124.1264;115.2866;0.0000;376.7992;500876.6562
124.8631;114.5499;0.0000;376.7992;500879.9688
125.5997;113.8133;0.0000;376.7992;500883.2812
126.7047;113.0766;0.0000;376.7992;500886.5938
127.4414;112.3399;4.4199;376.7992;500889.9688
128.1780;111.6033;0.0000;376.7992;500893.2812
128.9147;110.8666;0.0000;376.7992;500896.5312
129.2830;110.1300;0.0000;376.7992;500899.8438
130.0197;109.3933;0.0000;376.7992;500903.1875
130.3880;108.6567;0.0000;376.7992;500906.5000
131.1246;107.9200;0.0000;376.7992;500909.8125
131.4930;107.1834;0.0000;376.7992;500913.1562
132.2296;106.4467;0.0000;376.7992;500916.4375
132.5980;105.7100;0.0000;376.7992;500919.7500
133.3346;104.9734;0.0000;376.7992;500923.0625
133.7029;103.8684;0.0000;376.7992;500926.3750
134.4396;103.1318;0.0000;376.7992;500929.6875
134.8079;102.3951;0.0000;376.7992;500933.0625
135.1763;101.6584;0.0000;376.7992;500936.3125
135.5446;100.9218;0.0000;376.7992;500939.6250
135.9129;100.1851;0.0000;376.7992;500942.9375
136.2812;99.4485;0.0000;376.7992;500946.2812
136.6496;98.7118;0.0000;376.7992;500949.5938
137.0179;97.6068;0.0000;376.7992;500952.9375
137.7545;96.8702;0.0000;376.7992;500956.2500
138.4912;95.7652;0.0000;376.7992;500959.5312
138.8595;94.6602;0.0000;376.7992;500962.8438
139.5962;93.9236;0.0000;376.7992;500966.1562
140.3328;92.8186;0.0000;376.7992;500969.4688
140.7012;92.0819;0.0000;376.7992;500972.7812
141.4378;90.9769;0.0000;376.7992;500976.1562
141.8062;90.2403;0.0000;376.7992;500979.4062
142.1745;89.5036;0.0000;376.7992;500982.7188
142.5428;88.7670;0.0000;376.7992;500986.0312
142.9111;88.0303;0.0000;376.7992;500989.3750
143.2795;87.2937;0.0000;376.7992;500992.6875
144.0161;86.1887;0.0000;376.7992;500996.0312
144.3844;85.4520;0.0000;376.7992;500999.3125
144.7528;84.7154;0.0000;376.7992;501002.6250
145.4894;83.6104;0.0000;376.7992;501005.9375
145.8578;82.8737;0.0000;376.7992;501009.2500
146.5944;81.7687;0.0000;376.7992;501012.5625
146.9627;81.0321;0.0000;376.7992;501015.9375
147.6994;80.2954;0.0000;376.7992;501019.2500
148.0677;79.5588;0.0000;376.7992;501022.5000
148.4361;79.1905;0.0000;376.7992;501025.8125
148.8044;78.8221;0.0000;376.7992;501029.1562
149.1727;78.4538;0.0000;376.7992;501032.4688
149.5410;78.0855;0.0000;376.7992;501035.7812
149.9094;77.7171;4.4199;376.7992;501039.1250
149.9094;77.3488;0.0000;376.7992;501042.4062
150.2777;76.9805;4.4199;376.7992;501045.7188
150.2777;76.6122;0.0000;376.7992;501049.0312
150.2777;76.6122;0.0000;376.7992;501052.3438
150.6460;76.2438;0.0000;376.7992;501055.6562
150.6460;75.8755;0.0000;376.7992;501059.0312
151.0143;75.5072;0.0000;376.7992;501062.2812
151.3827;75.5072;0.0000;376.7992;501065.5938
151.3827;75.1388;0.0000;376.7992;501068.9062
151.7510;74.7705;0.0000;376.7992;501072.2500
151.7510;74.4022;0.0000;376.7992;501075.5625
152.1193;74.4022;0.0000;376.7992;501078.9062
152.1193;74.0339;0.0000;376.7992;501082.2188
152.1193;74.0339;0.0000;376.7992;501085.5000
152.4877;73.6655;0.0000;376.7992;501088.8125
152.4877;73.6655;0.0000;376.7992;501092.1250
152.4877;73.6655;0.0000;376.7992;501095.4375
152.8560;73.2972;0.0000;376.7992;501098.7500
152.8560;73.2972;0.0000;376.7992;501102.1250
152.8560;73.2972;0.0000;376.7992;501105.3750
152.8560;73.2972;0.0000;376.7992;501108.6875
152.8560;73.2972;0.0000;376.7992;501112.0000
152.8560;73.2972;0.0000;376.7992;501115.3438
152.8560;73.2972;0.0000;376.7992;501119.0000
152.8560;73.6655;0.0000;356.5412;501122.3125
152.8560;74.4022;0.0000;321.5500;501125.6562
152.4877;75.1388;0.0000;258.9344;501128.9688
151.7510;75.5072;4.4199;101.6584;501132.2812
