200.0473;202.9527;0.0000;6.1577;83037592.0000
200.0473;202.9527;0.0000;25.9715;83037608.0000
200.0473;202.9527;0.0000;37.6876;83037616.0000
200.0473;202.9527;0.0000;50.2554;83037616.0000
200.0473;202.9527;0.0000;72.9589;83037624.0000
200.0473;202.9527;0.0000;89.6150;83037632.0000
200.0473;202.9527;0.0000;100.5141;83037640.0000
200.0473;202.9527;0.0000;113.0345;83037640.0000
200.0473;202.9527;0.0000;117.0756;83037648.0000
200.0946;202.9527;0.0000;122.9746;83037656.0000
200.0946;202.9527;0.0000;133.4478;83037664.0000
200.0946;202.9527;0.0000;136.2522;83037680.0000
200.1420;202.9527;0.0000;145.6781;83037680.0000
200.1420;202.9527;0.0000;150.0566;83037688.0000
200.1893;202.9054;0.0000;149.8137;83037696.0000
200.1893;202.9054;0.0000;155.1449;83037704.0000
200.2366;202.9054;0.0000;158.4288;83037712.0000
200.2366;202.8580;0.0000;159.0440;83037712.0000
200.2366;202.8580;0.0000;165.0440;83037728.0000
200.2839;202.8580;0.0000;162.6118;83037736.0000
200.2839;202.8580;0.0000;164.9903;83037744.0000
200.3312;202.8107;0.0000;167.0850;83037744.0000
200.3312;202.8107;0.0000;163.7001;83037752.0000
200.3785;202.7634;0.0000;166.7947;83037760.0000
200.3785;202.7634;0.0000;168.7947;83037768.0000
200.3785;202.7634;0.0000;165.2206;83037776.0000
200.4259;202.7161;0.0000;170.0786;83037776.0000
200.4259;202.6688;0.0000;170.1260;83037784.0000
200.4259;202.6688;0.0000;168.4572;83037792.0000
200.4259;202.6215;0.0000;170.3626;83037800.0000
200.4259;202.6215;0.0000;168.5992;83037808.0000
200.4259;202.5741;0.0000;167.9304;83037808.0000
200.4259;202.5741;0.0000;173.6465;83037816.0000
200.4259;202.5741;0.0000;168.1670;83037832.0000
200.4259;202.5268;0.0000;171.2143;83037840.0000
200.4259;202.5268;0.0000;171.1197;83037840.0000
200.4259;202.5268;0.0000;168.4982;83037848.0000
200.4259;202.4795;0.0000;171.4509;83037856.0000
200.4259;202.4795;0.0000;170.4035;83037864.0000
200.4259;202.4322;0.0000;168.5928;83037872.0000
200.4259;202.4322;0.0000;171.4982;83037872.0000
200.4259;202.4322;0.0000;168.7821;83037880.0000
200.4259;202.3849;0.0000;169.9714;83037888.0000
200.4259;202.3849;0.0000;174.6875;83037896.0000
200.3785;202.3849;0.0000;170.1133;83037904.0000
200.3785;202.3375;0.0000;171.2080;83037904.0000
200.3785;202.3375;0.0000;173.0660;83037912.0000
200.3785;202.3375;0.0000;170.4446;83037920.0000
200.3785;202.3375;0.0000;172.3499;83037928.0000
200.3785;202.2902;0.0000;175.1606;83037936.0000
200.3785;202.2902;0.0000;172.4919;83037944.0000
200.3312;202.2902;0.0000;176.3026;83037952.0000
200.3312;202.2429;0.0000;173.4919;83037960.0000
200.3312;202.2429;0.0000;172.6338;83037968.0000
200.3312;202.2429;0.0000;176.4445;83037968.0000
200.2839;202.2429;0.0000;172.7758;83037976.0000
200.2839;202.1956;0.0000;172.9177;83037984.0000
200.2839;202.1956;0.0000;176.5865;83037992.0000
200.2366;202.1956;0.0000;171.2017;83037992.0000
200.2366;202.1956;0.0000;176.7285;83038000.0000
200.2366;202.1956;0.0000;176.8704;83038008.0000
200.2366;202.1483;0.0000;173.1070;83038016.0000
200.1893;202.1483;0.0000;176.9177;83038024.0000
200.1893;202.1483;0.0000;174.0597;83038024.0000
200.1893;202.1483;0.0000;172.2490;83038032.0000
200.1893;202.1483;0.0000;174.1543;83038048.0000
200.1893;202.1483;0.0000;170.4382;83038064.0000
200.1420;202.1010;0.0000;171.4856;83038072.0000
200.1420;202.1010;0.0000;173.2490;83038072.0000
200.0946;202.1010;0.0000;169.6748;83038080.0000
200.0946;202.1010;0.0000;173.4382;83038088.0000
200.0473;202.1010;0.0000;174.3436;83038096.0000
200.0473;202.1010;0.0000;170.6748;83038096.0000
200.0473;202.1010;0.0000;173.6275;83038104.0000
200.0000;202.1010;0.0000;173.6275;83038112.0000
200.0000;202.0536;0.0000;170.9587;83038120.0000
199.9527;202.0536;0.0000;174.7221;83038128.0000
199.9527;201.1010;0.0000;172.0061;83038128.0000
199.9527;201.1010;0.0000;173.1007;83038136.0000
199.9054;201.1010;0.0000;176.8168;83038144.0000
199.9054;201.1010;0.0000;171.2426;83038152.0000
199.9054;201.0536;0.0000;174.1480;83038152.0000
199.8580;201.0536;0.0000;176.9114;83038168.0000
199.8580;201.0536;0.0000;171.3373;83038176.0000
199.8107;201.0536;0.0000;173.2900;83038192.0000
199.8107;201.0536;0.0000;174.1953;83038200.0000
199.7634;201.0536;0.0000;172.4319;83038200.0000
199.7634;201.0536;0.0000;175.1953;83038208.0000
199.7161;201.0536;0.0000;172.4319;83038216.0000
199.7161;201.0536;0.0000;174.5739;83038224.0000
199.7161;202.0063;0.0000;180.1480;83038232.0000
199.6688;202.0063;0.0000;180.1480;83038232.0000
199.6688;202.0063;0.0000;186.0534;83038240.0000
199.6688;202.0063;0.0000;189.7222;83038248.0000
199.6215;202.0063;0.0000;186.0534;83038256.0000
199.6215;202.0063;0.0000;189.7222;83038264.0000
199.6215;202.0063;0.0000;190.7695;83038264.0000
199.5741;202.0063;0.0000;190.9114;83038272.0000
199.5741;202.0063;0.0000;196.3909;83038288.0000
199.5268;202.0063;0.0000;194.5802;83038296.0000
199.5268;202.0063;0.0000;195.7221;83038296.0000
199.5268;202.0063;0.0000;200.3436;83038304.0000
199.4795;202.0063;0.0000;197.5802;83038312.0000
199.4795;202.0063;0.0000;198.5329;83038320.0000
199.4322;202.0536;0.0000;202.2490;83038328.0000
199.4322;202.0536;0.0000;199.5329;83038328.0000
199.4322;202.0536;0.0000;203.3909;83038336.0000
199.3849;202.0536;0.0000;203.2963;83038344.0000
199.3849;202.0536;0.0000;199.5329;83038352.0000
199.3375;201.1010;0.0000;205.2963;83038352.0000
200.2902;201.1010;0.0000;204.3909;83038360.0000
200.2902;201.1010;0.0000;202.6275;83038368.0000
200.2429;201.1010;0.0000;205.3436;83038376.0000
200.2429;201.1010;0.0000;202.5329;83038384.0000
200.2429;201.1010;0.0000;203.7221;83038392.0000
199.2902;201.1010;0.0000;199.7221;83038400.0000
199.2902;201.1010;0.0000;184.7158;83038408.0000
199.2429;201.1010;0.0000;176.1890;83038416.0000
199.2429;201.1010;0.0000;157.9934;83038424.0000
199.1956;201.1010;0.0000;131.4130;83038424.0000
199.1956;201.1483;0.0000;85.6842;83038440.0000
198.2429;200.1956;0.0000;45.5770;83038768.0000
198.2429;200.1956;0.0000;47.8609;83038776.0000
198.2429;200.1956;0.0000;57.0091;83038784.0000
198.1956;200.1956;0.0000;63.7252;83038792.0000
198.1956;200.2429;0.0000;63.9145;83038792.0000
198.1483;200.2429;0.0000;63.7726;83038800.0000
198.1483;200.2902;0.0000;81.0628;83038808.0000
198.1483;200.2902;0.0000;100.1164;83038816.0000
198.1010;200.2902;0.0000;118.0281;83038824.0000
198.1010;200.3376;0.0000;137.3183;83038832.0000
199.0063;200.3376;0.0000;142.9871;83038840.0000
199.0063;200.3376;0.0000;148.7032;83038848.0000
199.0063;200.3376;0.0000;150.7505;83038856.0000
199.0063;200.3849;0.0000;150.6086;83038864.0000
198.9590;200.3849;0.0000;156.3720;83038864.0000
198.9590;200.3849;0.0000;157.4193;83038872.0000
198.9117;200.3849;0.0000;159.1827;83038880.0000
198.9117;200.4322;0.0000;166.9461;83038896.0000
198.9117;200.4322;0.0000;165.9934;83038896.0000
198.9117;200.4322;0.0000;171.6149;83038904.0000
198.8644;200.4322;0.0000;176.4729;83038912.0000
198.8644;200.4795;0.0000;174.5676;83038920.0000
198.8170;200.4795;0.0000;182.0944;83038928.0000
198.8170;200.4795;0.0000;185.0471;83038928.0000
198.8170;200.5268;0.0000;183.9524;83038936.0000
198.8170;200.5268;0.0000;187.8578;83038944.0000
198.7697;200.5268;0.0000;188.8105;83038952.0000
198.7697;200.5741;0.0000;186.8578;83038960.0000
198.7697;201.5268;0.0000;191.6685;83038960.0000
198.7224;201.5268;0.0000;187.9997;83038968.0000
198.7224;201.5741;0.0000;188.7632;83038976.0000
198.7224;201.5741;0.0000;191.8105;83038984.0000
198.7224;201.5741;0.0000;187.9997;83038984.0000
199.6278;201.6215;0.0000;191.7158;83038992.0000
199.6278;201.6215;0.0000;194.6685;83039000.0000
199.6278;201.6215;0.0000;188.9524;83039016.0000
199.5805;201.6688;0.0000;194.6685;83039024.0000
199.5805;201.6688;0.0000;194.7632;83039024.0000
199.5805;201.6688;0.0000;194.6685;83039032.0000
199.5331;201.7161;0.0000;200.4792;83039040.0000
199.5331;201.7161;0.0000;197.6212;83039048.0000
199.5331;201.7634;0.0000;200.2900;83039064.0000
199.4858;201.7634;0.0000;207.1480;83039064.0000
199.4858;201.7634;0.0000;203.2900;83039072.0000
199.4858;201.8107;0.0000;205.1480;83039080.0000
200.4385;201.8107;0.0000;207.1007;83039088.0000
200.3912;201.8580;0.0000;201.3373;83039088.0000
200.3912;201.9054;0.0000;206.1007;83039096.0000
200.3912;201.9054;0.0000;207.1953;83039104.0000
201.2965;201.9527;0.0000;207.0534;83039112.0000
201.2965;202.0000;0.0000;211.8641;83039120.0000
201.2965;201.0473;0.0000;215.7221;83039120.0000
201.2965;201.0946;0.0000;219.4382;83039128.0000
201.2492;200.1420;0.0000;223.3436;83039136.0000
201.2492;200.1893;0.0000;222.3436;83039144.0000
202.2019;199.2839;0.0000;226.0124;83039144.0000
202.2019;199.2839;0.0000;229.0124;83039152.0000
202.2019;198.3785;0.0000;226.1070;83039160.0000
202.2019;198.3785;0.0000;231.8704;83039176.0000
202.1546;198.4259;0.5678;232.8704;83039184.0000
202.1546;197.4732;0.0000;229.9177;83039184.0000
202.1546;197.5205;0.0000;234.7285;83039192.0000
203.1073;197.5205;0.0000;232.0597;83039200.0000
203.1073;196.5678;0.0000;231.8231;83039208.0000
203.1073;196.6151;0.0000;234.7758;83039216.0000
203.1073;195.7098;0.5678;232.8231;83039216.0000
203.1073;194.7571;0.0000;232.6812;83039224.0000
204.0126;194.8044;0.0000;234.8704;83039232.0000
204.0126;193.8990;0.0000;231.9177;83039240.0000
204.0126;193.9464;0.5678;234.7285;83039240.0000
204.0126;192.9937;0.0000;234.8231;83039248.0000
204.0126;193.0410;0.0000;232.8704;83039256.0000
204.0126;193.0410;0.0000;235.6812;83039272.0000
204.0126;192.1356;0.0000;234.8704;83039280.0000
204.0126;192.1356;0.0000;233.7758;83039288.0000
204.0126;192.1830;0.5678;237.6811;83039296.0000
204.0126;192.1830;0.0000;234.9177;83039304.0000
203.0600;191.2776;0.0000;235.7285;83039312.0000
203.0600;191.2776;0.0000;240.5865;83039320.0000
202.1546;190.3722;0.0000;234.9177;83039320.0000
201.2019;190.3722;0.5678;240.6338;83039328.0000
200.2492;189.4669;0.0000;242.6811;83039336.0000
199.2966;189.5142;0.5678;242.8231;83039344.0000
198.3439;188.5615;0.0000;250.0187;83039344.0000
197.3912;187.6561;0.0000;261.8767;83039352.0000
196.4385;186.7508;0.0000;274.9777;83039360.0000
195.4858;186.7508;0.0000;290.3152;83039368.0000
195.4858;185.8454;0.0000;295.1733;83039376.0000
194.5331;185.8454;0.0000;300.7474;83039376.0000
194.5331;185.8927;0.0000;305.7001;83039384.0000
193.5804;185.8927;0.0000;299.9840;83039408.0000
193.6278;185.9400;0.0000;303.7947;83039416.0000
193.6278;185.9400;0.0000;305.8421;83039424.0000
193.6278;185.9874;0.0000;300.9840;83039424.0000
193.6278;186.0347;0.0000;305.8421;83039432.0000
193.6278;186.0347;0.0000;304.0786;83039440.0000
192.7224;186.0347;0.0000;303.8894;83039448.0000
192.7224;186.0820;0.0000;307.8420;83039448.0000
192.7224;186.0820;0.0000;304.0786;83039456.0000
191.7697;186.0820;0.0000;306.8420;83039464.0000
190.8644;186.1293;0.0000;310.8421;83039472.0000
190.8644;186.1293;0.0000;307.8894;83039480.0000
189.9117;186.1766;0.0000;310.7947;83039480.0000
188.9590;186.1766;0.5678;314.7474;83039488.0000
188.0063;186.2240;0.0000;312.6528;83039496.0000
188.0063;186.2713;0.0000;317.5581;83039504.0000
187.1010;186.2713;0.0000;321.4635;83039504.0000
186.1483;186.2713;0.0000;321.3689;83039512.0000
185.1956;185.3659;0.0000;326.2742;83039528.0000
184.2902;185.3659;0.5678;326.3689;83039536.0000
182.3849;185.3659;0.0000;330.0850;83039544.0000
181.4322;185.4132;0.0000;337.8484;83039544.0000
180.4795;185.4132;0.0000;337.8957;83039552.0000
179.5268;185.4605;0.0000;346.3752;83039560.0000
179.5741;185.4605;0.0000;354.1859;83039568.0000
178.6215;185.5079;0.0000;354.0439;83039576.0000
177.6688;185.5079;0.0000;358.8074;83039576.0000
177.7161;186.5079;0.0000;360.9020;83039584.0000
176.7634;186.5079;0.0000;357.9493;83039592.0000
175.8580;187.4605;0.0000;363.7127;83039600.0000
175.8580;187.5079;0.0000;361.0440;83039600.0000
174.9527;188.4605;0.0000;361.0440;83039608.0000
174.0000;188.5079;0.0000;365.9020;83039624.0000
173.0473;189.4605;0.0000;363.1386;83039632.0000
172.1420;189.5079;0.0000;363.9966;83039640.0000
171.1893;190.4605;0.0000;367.0440;83039640.0000
171.1893;190.5079;0.0000;364.1859;83039648.0000
170.2839;191.4605;0.0000;367.0440;83039664.0000
169.3312;191.4605;0.0000;366.2332;83039672.0000
169.3785;192.4605;0.0000;364.1386;83039672.0000
169.3785;192.4605;0.0000;367.1386;83039680.0000
168.4259;193.4605;0.0000;365.3279;83039688.0000
168.4732;193.4605;0.0000;364.2805;83039696.0000
168.4732;194.4605;0.0000;370.1386;83039704.0000
167.5205;195.4132;0.0000;364.4225;83039704.0000
167.5678;195.4605;0.0000;366.2806;83039712.0000
167.6151;196.4132;0.0000;369.2805;83039720.0000
167.6151;197.4132;0.0000;364.4698;83039728.0000
166.7098;197.4132;0.0000;368.2332;83039744.0000
166.7098;198.3659;0.0000;368.3752;83039744.0000
166.7571;198.3659;0.0000;365.4225;83039752.0000
166.7571;199.3659;0.0000;368.4225;83039760.0000
166.7571;200.3186;0.0000;367.5645;83039768.0000
166.7571;200.3186;0.0000;366.4698;83039776.0000
166.8044;201.3186;0.0000;370.4225;83039776.0000
166.8044;202.2713;0.0000;365.7538;83039792.0000
166.8517;203.2713;0.0000;366.5645;83039800.0000
165.8990;204.2240;0.0000;370.1386;83039808.0000
165.9464;204.2240;0.0000;364.8484;83039808.0000
165.9464;205.1766;0.0000;369.5645;83039816.0000
165.9937;206.1293;0.0000;369.7537;83039824.0000
165.9937;206.1766;0.0000;365.8011;83039832.0000
166.0410;207.1293;0.0000;369.6118;83039840.0000
166.0410;208.0820;0.0000;367.9430;83039840.0000
166.0883;208.0820;0.0000;366.8957;83039856.0000
165.1356;209.0347;0.0000;370.8011;83039864.0000
165.1830;209.9874;0.0000;367.1323;83039872.0000
165.1830;210.9400;0.0000;368.8484;83039872.0000
164.2776;211.9400;0.0000;371.8484;83039880.0000
164.2776;212.8927;0.0000;368.0377;83039888.0000
164.3249;213.8454;0.0000;370.8484;83039896.0000
164.3249;214.7981;0.0000;372.8957;83039904.0000
164.3722;215.7508;0.0000;368.0850;83039904.0000
164.3722;215.7508;0.0000;370.9430;83039920.0000
164.4195;216.7034;0.0000;371.0850;83039928.0000
164.4195;217.6561;0.0000;369.0850;83039936.0000
164.4669;218.6088;0.0000;373.8484;83039936.0000
164.5142;218.6088;0.0000;371.1796;83039944.0000
164.5142;219.5615;11.4322;371.1796;83039952.0000
164.5615;220.5142;0.0000;377.8484;83039960.0000
164.6088;220.5142;0.0000;368.3216;83039968.0000
164.6561;221.4669;0.0000;371.1796;83039968.0000
165.6088;222.4195;0.0000;374.1323;83039976.0000
165.6561;222.4195;0.0000;370.3215;83039984.0000
165.6561;223.4195;0.0000;374.9903;83039992.0000
166.6561;224.3722;0.0000;375.1796;83040000.0000
166.6561;225.3249;0.0000;372.2269;83040000.0000
167.6561;226.2776;0.0000;377.9904;83040008.0000
168.6561;227.2303;0.0000;374.2742;83040016.0000
168.6561;228.1830;0.0000;374.1796;83040024.0000
169.6561;229.1356;0.0000;380.9430;83040024.0000
170.6561;229.1356;0.0000;377.1323;83040040.0000
170.7035;230.0883;0.0000;378.0850;83040048.0000
171.6561;231.0410;0.0000;381.9903;83040056.0000
171.7034;231.9937;0.0000;379.0850;83040064.0000
172.7034;232.9464;0.0000;384.7537;83040064.0000
173.7035;233.8990;0.0000;386.8484;83040080.0000
173.7035;234.8517;0.0000;383.8957;83040088.0000
174.7034;235.8044;0.0000;389.6118;83040096.0000
175.6561;236.7571;0.0000;388.8011;83040104.0000
175.7035;236.7571;0.0000;388.6118;83040104.0000
176.6561;237.7098;0.0000;394.5172;83040112.0000
177.6561;238.6625;0.0000;389.7537;83040120.0000
177.7034;238.6625;0.0000;391.5645;83040128.0000
178.7035;239.6151;0.0000;395.5172;83040136.0000
178.7508;239.5678;0.0000;389.8010;83040136.0000
179.7034;240.5205;0.0000;394.5645;83040144.0000
179.7508;241.4732;0.0000;394.5645;83040152.0000
180.7034;241.4732;0.0000;391.7064;83040160.0000
180.7508;242.4259;0.0000;395.5645;83040160.0000
181.7508;242.4259;0.0000;393.8011;83040168.0000
181.7981;243.3312;0.0000;392.7064;83040176.0000
182.7508;244.2839;0.0000;396.6591;83040192.0000
183.7508;244.2839;0.0000;391.8957;83040200.0000
183.7508;245.2366;0.0000;393.6118;83040200.0000
184.7508;245.2366;0.0000;397.7064;83040208.0000
184.7508;246.1893;0.0000;391.8484;83040216.0000
185.7508;246.1420;0.0000;396.6591;83040224.0000
185.7981;247.0946;0.0000;396.7537;83040224.0000
186.7981;247.0946;0.0000;393.7538;83040232.0000
186.7981;248.0473;0.0000;396.6118;83040240.0000
187.7981;248.0000;0.0000;394.9430;83040248.0000
188.7508;248.0000;0.0000;393.8484;83040256.0000
188.7981;248.9527;0.0000;397.8011;83040256.0000
189.7981;248.9527;0.0000;393.6591;83040264.0000
189.8454;249.8580;0.0000;395.9430;83040272.0000
190.7981;249.8580;0.0000;399.8484;83040280.0000
190.8454;249.8580;0.0000;394.0377;83040288.0000
191.7981;250.7634;0.0000;396.7537;83040296.0000
191.8454;250.7634;0.0000;398.9430;83040312.0000
192.8454;251.7161;0.0000;393.1796;83040320.0000
193.7981;251.6688;0.0000;397.0377;83040328.0000
193.8454;252.6215;0.0000;397.0850;83040328.0000
194.7981;252.6215;0.0000;395.1323;83040336.0000
195.7981;253.5268;0.0000;399.0850;83040344.0000
196.7981;253.4795;0.0000;395.2269;83040352.0000
196.8454;253.4795;0.0000;397.0377;83040360.0000
197.7981;254.4322;0.0000;400.0377;83040360.0000
198.7981;254.3849;0.0000;395.2269;83040368.0000
198.7981;254.3849;0.0000;397.0377;83040376.0000
199.7981;254.3375;0.0000;400.0377;83040384.0000
200.7981;255.2902;0.0000;395.2269;83040384.0000
200.7981;255.2429;0.0000;400.0377;83040392.0000
201.7508;255.2429;0.0000;400.1323;83040400.0000
202.7508;255.2429;0.0000;397.1796;83040408.0000
202.7981;255.1956;0.0000;400.9903;83040424.0000
203.7508;256.1483;0.0000;397.3215;83040424.0000
204.7508;256.1483;0.0000;398.2269;83040432.0000
205.7035;256.1010;0.0000;402.1796;83040440.0000
206.7034;256.0536;0.0000;397.5108;83040448.0000
207.6561;256.0536;0.0000;400.2743;83040448.0000
208.6561;256.0536;0.0000;401.3215;83040456.0000
209.6088;256.0063;0.0000;397.5108;83040464.0000
210.6088;256.0063;0.0000;400.4162;83040472.0000
211.5615;255.9590;0.0000;401.4635;83040480.0000
212.5615;255.9590;0.0000;398.5581;83040480.0000
212.5615;255.9117;0.0000;403.4635;83040488.0000
213.5615;254.9590;0.0000;400.7001;83040496.0000
214.5615;254.9117;0.0000;398.7001;83040504.0000
215.5142;254.9117;0.0000;404.5581;83040512.0000
216.4669;254.8644;0.0000;400.7947;83040512.0000
217.4669;254.8644;0.0000;402.6528;83040528.0000
218.4196;254.8170;0.0000;406.6528;83040536.0000
219.4195;254.8170;0.0000;401.8893;83040544.0000
220.3722;254.7697;0.0000;406.7474;83040560.0000
222.3249;254.7697;0.5678;406.7947;83040560.0000
223.2776;254.7224;0.0000;404.7947;83040568.0000
224.2776;254.7224;0.5678;409.7474;83040576.0000
225.2303;254.7224;0.0000;406.9840;83040584.0000
226.2303;254.6751;0.0000;405.7474;83040584.0000
226.2303;253.6751;0.0000;410.7474;83040592.0000
227.2303;253.6751;0.0000;406.1260;83040600.0000
228.2303;253.6278;0.0000;406.7947;83040608.0000
229.1830;253.6278;0.0000;411.8420;83040616.0000
229.2303;253.5804;0.0000;406.1260;83040616.0000
230.1830;252.5805;0.5678;411.7947;83040624.0000
231.1830;252.5331;0.0000;411.9840;83040632.0000
231.2303;252.5331;0.5678;409.0313;83040648.0000
232.1830;251.5331;0.0000;412.0786;83040648.0000
233.1356;251.4858;0.0000;411.2206;83040656.0000
234.1357;251.4858;0.0000;410.0313;83040664.0000
234.1830;250.4858;0.0000;413.8894;83040672.0000
235.1356;250.4385;0.5678;409.2206;83040688.0000
236.1356;249.4385;0.0000;410.7474;83040688.0000
236.1356;249.4385;0.0000;417.1732;83040696.0000
237.0883;248.4385;0.0000;410.8894;83040704.0000
238.0410;248.4385;0.0000;415.8894;83040712.0000
239.0410;247.4385;0.0000;418.8894;83040720.0000
239.0883;247.3912;0.0000;414.0313;83040720.0000
240.0410;246.3912;0.0000;417.9367;83040728.0000
241.0410;246.3439;0.0000;419.0786;83040736.0000
241.9937;245.3439;0.0000;416.0313;83040744.0000
241.9937;245.3439;0.0000;420.9840;83040744.0000
242.9464;244.3439;0.0000;417.1732;83040760.0000
243.8990;243.3439;0.0000;420.8894;83040768.0000
244.8990;243.2965;0.0000;425.7947;83040776.0000
244.8990;242.2965;0.0000;421.9840;83040784.0000
245.8990;242.2965;0.0000;426.7001;83040784.0000
246.8517;241.2965;0.0000;428.7001;83040792.0000
247.8044;241.2492;0.0000;422.8893;83040800.0000
248.7571;240.2965;0.0000;429.5581;83040816.0000
248.8044;240.2492;0.0000;428.7947;83040816.0000
249.7571;239.2492;0.0000;427.7001;83040824.0000
250.7571;238.2492;0.0000;433.4635;83040832.0000
251.7098;237.2492;0.0000;429.7001;83040840.0000
251.7098;236.2492;0.0000;432.5109;83040848.0000
252.6625;236.2019;0.0000;437.3216;83040848.0000
252.6625;235.2492;0.0000;432.6528;83040856.0000
253.6151;234.2492;0.0000;435.5108;83040864.0000
254.5678;233.2492;0.0000;438.3689;83040880.0000
254.6151;232.2492;0.0000;432.6055;83040888.0000
255.5678;232.2019;0.0000;436.3215;83040888.0000
256.5678;231.2019;0.0000;437.5582;83040896.0000
257.5205;230.2019;0.0000;432.6055;83040904.0000
258.4732;229.2019;0.0000;438.4162;83040912.0000
259.4259;228.2492;0.0000;435.5108;83040920.0000
259.4259;228.2019;0.0000;435.5108;83040920.0000
260.3785;227.2019;11.4322;442.3216;83040928.0000
261.3312;226.2019;0.0000;435.5581;83040936.0000
261.3312;225.2019;11.4322;437.5108;83040944.0000
262.2839;224.2019;11.4322;440.5581;83040944.0000
262.2839;222.2492;0.0000;435.7001;83040952.0000
263.2366;221.2492;11.4322;439.5108;83040960.0000
263.2366;220.2492;0.0000;439.6055;83040968.0000
264.1893;219.2965;0.0000;435.6528;83040976.0000
264.1893;218.2966;11.4322;439.5581;83040984.0000
264.1893;217.2965;11.4322;438.7947;83040992.0000
264.1893;216.2965;0.0000;435.7001;83041000.0000
265.1420;215.3439;0.0000;442.5108;83041008.0000
265.1420;214.3439;0.0000;435.9367;83041008.0000
265.1420;214.3439;0.0000;429.1260;83041016.0000
266.0946;213.3439;0.0000;448.3688;83041024.0000
266.0946;212.3439;0.0000;442.6055;83041032.0000
266.0946;211.3439;0.0000;447.2269;83041040.0000
267.0473;210.3912;0.0000;447.5108;83041040.0000
267.0473;209.3912;0.0000;443.5108;83041048.0000
267.0473;207.4385;0.0000;448.3215;83041056.0000
267.0473;206.4858;0.0000;446.4635;83041064.0000
267.0473;205.4858;0.0000;445.4635;83041072.0000
267.0473;204.5331;0.0000;449.3689;83041072.0000
268.0000;203.5331;0.0000;445.6055;83041080.0000
267.9527;202.5805;0.0000;446.5108;83041096.0000
267.9527;201.5804;0.0000;449.4635;83041104.0000
267.9527;200.5804;0.0000;444.6528;83041104.0000
267.9527;199.6278;0.0000;447.5581;83041112.0000
267.9527;198.6278;0.0000;449.6055;83041120.0000
267.9527;197.6278;0.0000;444.6528;83041128.0000
267.0000;197.6278;0.0000;448.4635;83041136.0000
267.0000;196.6278;0.0000;448.6528;83041136.0000
266.9527;195.6278;0.0000;445.6528;83041144.0000
266.9527;194.6751;0.5678;448.5581;83041152.0000
266.9527;193.7224;0.0000;445.8894;83041160.0000
266.9527;191.7697;0.5678;446.6528;83041160.0000
266.0000;190.8170;0.0000;450.2269;83041168.0000
266.0000;189.8170;0.0000;445.8894;83041176.0000
266.0000;188.8644;0.0000;447.7001;83041192.0000
265.0000;187.9117;0.0000;450.7001;83041200.0000
265.0000;186.9117;0.0000;445.0786;83041208.0000
265.0000;185.9590;0.0000;449.7001;83041216.0000
264.9527;184.9590;0.0000;448.8893;83041224.0000
264.9527;184.0063;0.0000;445.8894;83041232.0000
264.9527;183.0063;0.0000;451.6055;83041240.0000
264.9054;182.0536;0.0000;447.9840;83041240.0000
264.9054;181.0536;0.0000;447.8894;83041248.0000
264.9054;180.1010;0.0000;450.7947;83041256.0000
264.9054;179.1483;0.0000;447.0313;83041264.0000
264.9054;178.1483;0.0000;448.8893;83041272.0000
264.8581;176.2429;0.0000;450.8420;83041272.0000
263.9054;175.2902;0.0000;446.0313;83041280.0000
263.9054;174.2902;0.0000;449.8420;83041288.0000
262.9527;173.3375;0.0000;449.0313;83041296.0000
262.9054;172.3375;0.0000;446.0313;83041296.0000
261.9527;171.3849;0.0000;451.7474;83041304.0000
261.9527;171.3376;0.0000;447.9840;83041320.0000
260.9527;170.3849;0.0000;446.1259;83041336.0000
260.9527;169.3849;0.0000;451.4162;83041344.0000
260.9527;168.4322;0.0000;447.1733;83041344.0000
260.0000;167.4795;0.0000;446.9840;83041352.0000
260.0000;166.4795;0.0000;451.0313;83041360.0000
259.9527;166.4795;0.0000;446.1733;83041368.0000
259.0000;165.4795;0.0000;449.9367;83041368.0000
258.9527;164.5268;11.4322;449.0313;83041376.0000
258.9527;164.5268;0.0000;446.0313;83041384.0000
258.9527;163.5268;0.0000;449.9840;83041392.0000
257.9527;162.5741;0.0000;448.0786;83041400.0000
257.9527;161.5741;0.0000;446.0786;83041400.0000
257.0000;160.6215;0.0000;451.8420;83041408.0000
256.9527;159.6215;0.0000;446.1733;83041416.0000
256.0000;158.6688;0.0000;446.0786;83041424.0000
256.0000;157.6688;0.0000;449.0786;83041440.0000
255.0000;156.7161;0.0000;444.3152;83041440.0000
255.0000;155.7161;0.0000;448.9367;83041448.0000
254.0000;154.7634;0.0000;448.1260;83041456.0000
254.0000;154.7161;0.0000;445.1733;83041464.0000
253.9527;153.7634;0.0000;448.1260;83041464.0000
253.0000;152.7634;0.0000;446.3625;83041472.0000
253.0000;152.7634;0.0000;445.1733;83041480.0000
253.0000;151.7634;0.0000;449.0313;83041488.0000
252.9527;151.7634;0.0000;443.3626;83041496.0000
252.0000;150.7634;0.0000;444.1732;83041496.0000
252.0000;150.7634;0.0000;449.0313;83041504.0000
251.9527;149.7634;0.0000;443.3152;83041512.0000
251.0000;149.7634;0.0000;446.1733;83041520.0000
251.0000;148.7634;0.0000;446.3625;83041520.0000
250.0000;147.8107;0.0000;441.4572;83041528.0000
249.0473;147.7634;0.0000;446.2206;83041536.0000
248.0473;146.8107;0.0000;444.4572;83041552.0000
247.0946;145.8107;0.0000;443.3152;83041560.0000
246.0946;145.8107;0.0000;446.2679;83041560.0000
246.0946;144.8580;0.0000;441.5992;83041576.0000
245.1420;144.8107;0.0000;443.3626;83041584.0000
245.1420;143.8580;0.0000;446.3625;83041592.0000
244.1893;143.8107;0.0000;440.6465;83041592.0000
243.1893;142.8580;0.0000;443.4099;83041600.0000
243.1893;142.8107;0.0000;446.3625;83041608.0000
242.1893;142.8107;0.0000;439.6938;83041616.0000
241.2366;141.8580;0.0000;444.4572;83041624.0000
240.2839;141.8580;0.0000;441.6938;83041632.0000
240.2366;140.8580;0.0000;440.6465;83041632.0000
239.2839;140.8107;0.0000;445.4099;83041640.0000
238.2839;139.8580;0.0000;439.7884;83041648.0000
236.3786;139.8107;0.0000;441.5992;83041656.0000
235.4259;138.8580;0.0000;446.4572;83041664.0000
234.4259;137.9054;0.0000;439.7884;83041672.0000
233.4732;136.9054;0.0000;443.5045;83041680.0000
231.5205;135.9527;0.0000;444.5518;83041688.0000
229.6151;134.9527;0.0000;438.8358;83041696.0000
228.6151;134.0000;0.0000;443.5992;83041696.0000
226.7098;133.0000;0.0000;441.7884;83041712.0000
225.7098;132.0473;0.0000;438.7884;83041720.0000
223.8044;132.0473;0.0000;443.6938;83041728.0000
222.8044;131.0473;0.0000;438.9304;83041728.0000
221.8517;131.0473;0.0000;439.6938;83041736.0000
220.8517;130.0473;0.0000;444.5991;83041744.0000
219.8990;130.0473;0.0000;438.9304;83041752.0000
218.8990;130.0473;0.0000;439.7411;83041760.0000
217.9464;130.0000;0.0000;443.6465;83041760.0000
216.9937;129.0473;0.0000;436.9777;83041768.0000
215.9937;129.0473;0.0000;443.5518;83041784.0000
215.0410;129.0000;0.0000;439.8357;83041792.0000
214.0883;128.0473;0.0000;437.8358;83041792.0000
213.0883;128.0473;0.0000;443.5992;83041800.0000
212.1356;127.0473;0.0000;439.8357;83041808.0000
211.1356;127.0473;0.0000;437.8358;83041816.0000
210.1357;127.0000;0.0000;443.6465;83041824.0000
209.1830;126.0473;0.0000;436.9304;83041824.0000
208.2303;126.0473;0.0000;438.7884;83041840.0000
207.2303;125.0946;0.0000;441.7884;83041848.0000
205.3249;125.0473;0.0000;437.0250;83041856.0000
204.3249;124.0946;0.0000;439.7884;83041864.0000
203.3249;124.0473;0.0000;439.7884;83041864.0000
201.4195;123.0946;0.0000;436.8357;83041872.0000
200.4669;123.0946;0.0000;439.7884;83041880.0000
198.5142;123.0946;0.0000;439.8831;83041888.0000
197.5615;122.0946;0.5678;436.9304;83041888.0000
195.6088;122.0946;0.0000;441.7411;83041896.0000
193.6561;121.1420;0.0000;437.0250;83041904.0000
191.7508;121.0946;0.0000;437.7884;83041912.0000
189.7981;120.1420;0.0000;441.6938;83041920.0000
187.8927;120.1420;0.0000;436.9777;83041920.0000
185.9400;119.1420;0.0000;441.6465;83041928.0000
184.0347;118.1893;0.5678;444.5991;83041936.0000
182.0820;118.1893;0.0000;439.7884;83041944.0000
180.1766;117.1893;0.5678;444.5518;83041944.0000
178.2240;117.1893;0.0000;445.5991;83041960.0000
177.2713;116.2366;0.0000;443.5045;83041968.0000
175.3186;116.2366;0.0000;447.4099;83041976.0000
173.4132;116.1893;0.0000;443.5992;83041984.0000
171.4605;115.2366;0.0000;446.4572;83041984.0000
170.4605;115.2366;0.0000;449.3152;83041992.0000
168.5552;115.2366;0.5678;444.6465;83042008.0000
167.5552;115.1893;0.0000;448.3152;83042016.0000
166.6025;114.2366;0.0000;450.2679;83042024.0000
164.6498;114.1893;0.0000;444.7411;83042024.0000
163.6498;114.1893;0.0000;450.2206;83042032.0000
162.6971;114.1893;0.0000;449.4572;83042040.0000
161.6971;114.1893;0.0000;447.4099;83042048.0000
160.6971;114.1419;0.0000;451.2206;83042056.0000
159.6971;114.1419;0.0000;447.4572;83042056.0000
158.6971;114.1419;0.0000;449.0786;83042064.0000
158.6971;114.1419;0.0000;452.1733;83042072.0000
157.6971;114.1419;0.0000;448.3152;83042080.0000
156.6971;115.0946;0.0000;450.0313;83042080.0000
156.6498;115.0946;0.0000;452.0786;83042088.0000
155.6498;115.0946;0.0000;446.3625;83042096.0000
155.6025;116.0473;0.0000;451.9840;83042104.0000
154.6025;116.0000;0.0000;451.1259;83042120.0000
153.6498;116.9527;0.0000;449.1259;83042120.0000
153.6025;116.9527;0.0000;454.0313;83042128.0000
152.6025;116.9527;0.0000;450.2206;83042136.0000
152.5552;117.9054;0.0000;450.1733;83042144.0000
151.5552;117.9054;0.0000;454.9367;83042144.0000
150.5078;118.8580;0.0000;450.1733;83042152.0000
150.4605;119.8107;0.0000;451.8420;83042160.0000
149.4605;119.8107;0.0000;454.7474;83042168.0000
149.4132;120.7634;0.0000;450.8894;83042176.0000
148.4132;121.7161;0.0000;454.6528;83042176.0000
148.3659;122.6688;0.0000;454.7474;83042184.0000
147.3659;123.5741;0.0000;453.6528;83042192.0000
147.3186;124.5268;0.0000;456.6055;83042200.0000
146.3186;125.4795;0.0000;453.6528;83042216.0000
145.3186;126.4322;0.0000;454.6055;83042216.0000
144.3659;127.3849;0.0000;457.3689;83042232.0000
144.3186;128.3375;0.0000;453.6528;83042240.0000
143.3186;129.2902;0.0000;454.4635;83042248.0000
142.3186;129.2902;0.0000;457.3215;83042248.0000
141.3186;130.2429;0.0000;453.6528;83042256.0000
140.3186;131.1956;0.0000;457.3215;83042264.0000
139.3659;132.1956;0.0000;457.3215;83042272.0000
138.3659;133.1483;0.0000;454.3215;83042280.0000
138.3186;135.0536;0.0000;458.2269;83042280.0000
137.3659;135.9590;0.0000;457.2269;83042288.0000
136.3659;136.9117;0.0000;455.3215;83042296.0000
135.4132;137.8644;0.0000;461.9903;83042304.0000
135.3659;138.8170;0.0000;456.3689;83042304.0000
134.3659;139.7697;0.0000;458.0850;83042312.0000
134.3186;139.7697;0.0000;461.9903;83042320.0000
133.3659;140.7224;0.0000;455.2742;83042328.0000
133.3186;141.6751;0.0000;460.9430;83042352.0000
132.3186;141.6751;0.0000;461.0850;83042352.0000
131.3659;142.6278;0.0000;457.1796;83042360.0000
131.3186;143.5805;0.0000;460.9903;83042368.0000
130.3186;144.5331;0.0000;461.0377;83042376.0000
129.3186;144.5331;0.0000;457.0377;83042384.0000
128.3659;145.4858;0.0000;462.8484;83042384.0000
127.3659;146.4385;0.0000;457.1796;83042392.0000
127.3659;147.3912;0.0000;459.8957;83042400.0000
126.3659;148.3912;0.0000;463.8011;83042408.0000
125.3659;149.3439;0.0000;457.1796;83042416.0000
125.3659;150.2965;0.0000;460.7537;83042416.0000
124.3659;151.2492;0.0000;463.7064;83042424.0000
123.4132;151.2492;0.0000;456.8957;83042432.0000
122.4132;152.2019;0.0000;462.6118;83042440.0000
122.3659;153.1546;0.0000;462.6591;83042440.0000
121.4132;154.1073;0.0000;460.7537;83042448.0000
120.4132;155.1073;0.0000;463.5172;83042456.0000
119.4132;155.1073;0.0000;460.6591;83042464.0000
118.4605;156.0600;0.0000;461.4225;83042480.0000
118.4132;157.0126;0.0000;465.4698;83042480.0000
117.4605;157.9653;0.0000;460.6591;83042488.0000
116.4605;159.8707;0.0000;463.3279;83042496.0000
115.4605;160.8234;0.0000;464.3752;83042504.0000
114.4605;161.8233;0.0000;460.5645;83042504.0000
114.4132;163.7287;0.0000;464.2332;83042512.0000
113.4605;164.7287;0.0000;464.3752;83042520.0000
112.4605;166.6341;0.0000;461.2805;83042528.0000
111.4605;167.5868;0.0000;465.0913;83042536.0000
110.4605;168.5395;0.0000;462.3279;83042536.0000
109.5079;169.4921;0.0000;463.1386;83042544.0000
108.5079;170.4921;0.0000;465.9966;83042552.0000
108.4605;171.4448;0.0000;463.1859;83042568.0000
107.4605;172.3975;0.0000;463.0913;83042576.0000
107.4132;173.3502;0.0000;465.9966;83042576.0000
106.4132;174.3502;0.0000;462.1859;83042584.0000
106.3659;176.2555;0.0000;465.9020;83042592.0000
105.3659;177.2082;0.0000;465.9966;83042608.0000
105.3186;178.2082;0.0000;462.9967;83042608.0000
104.3186;179.1609;0.0000;467.7601;83042616.0000
104.3186;180.1136;0.0000;465.9966;83042624.0000
103.3186;181.1136;0.0000;464.9020;83042632.0000
103.2713;182.0663;0.0000;469.6654;83042640.0000
102.3186;183.9716;0.0000;464.9020;83042640.0000
102.2713;184.9243;0.0000;465.8074;83042648.0000
101.2713;185.9243;0.0000;468.7127;83042656.0000
101.2713;186.8770;0.0000;464.9493;83042664.0000
100.2713;187.8770;0.0000;468.6181;83042664.0000
100.2240;187.8770;0.0000;468.7127;83042680.0000
100.1766;188.8770;0.0000;465.7601;83042688.0000
100.1766;190.7824;0.0000;469.4761;83042696.0000
100.1293;191.7350;0.0000;467.6654;83042704.0000
100.0820;192.7350;0.0000;466.5235;83042704.0000
100.0820;192.7350;0.0000;471.3342;83042712.0000
99.0820;194.6877;0.0000;465.6181;83042720.0000
99.0347;194.6877;0.0000;467.3815;83042736.0000
98.0347;195.6877;0.0000;470.3342;83042744.0000
98.0347;196.6877;0.0000;465.6654;83042744.0000
97.9874;197.6404;0.0000;469.2395;83042752.0000
96.9874;198.6404;0.0000;469.3815;83042760.0000
96.9400;198.6877;0.0000;466.4288;83042768.0000
96.8927;199.6404;0.0000;470.0976;83042768.0000
96.8454;199.6877;0.0000;470.2396;83042776.0000
96.7981;200.6404;0.0000;468.1922;83042784.0000
96.7508;200.6877;0.0000;473.8610;83042800.0000
97.7035;201.6877;0.0000;470.1922;83042808.0000
97.6561;201.6877;0.0000;471.9083;83042808.0000
97.6561;202.6404;0.0000;478.6244;83042816.0000
97.6088;203.6404;0.0000;474.8610;83042824.0000
96.6088;204.5931;0.0000;480.4351;83042832.0000
96.6088;204.6404;0.0000;483.3878;83042840.0000
96.5615;205.6404;0.0000;477.5298;83042840.0000
96.5142;206.5931;0.0000;483.1985;83042848.0000
96.5142;207.5931;0.0000;483.4825;83042864.0000
96.4669;208.5458;0.0000;483.1512;83042872.0000
96.4669;209.5458;0.0000;488.8673;83042872.0000
96.4195;209.5931;0.0000;488.9146;83042880.0000
96.4195;210.5458;0.0000;491.6780;83042888.0000
96.4195;211.4984;0.0000;499.3468;83042896.0000
97.3249;212.4984;0.0000;494.6307;83042904.0000
97.3249;213.4511;0.0000;498.8736;83042904.0000
97.2776;214.4511;0.0000;501.2522;83042912.0000
97.2776;215.4038;0.0000;491.7254;83042920.0000
98.1830;216.4038;0.0000;501.2049;83042928.0000
98.1356;217.4038;0.0000;497.4415;83042936.0000
98.1356;218.4038;0.0000;493.4888;83042936.0000
98.0883;219.3565;0.0000;500.1102;83042944.0000
98.0883;219.4038;0.0000;497.2522;83042952.0000
98.0883;220.4038;0.0000;499.0156;83042960.0000
98.0410;221.3565;0.0000;506.7790;83042960.0000
98.9937;222.3565;0.0000;503.9210;83042968.0000
98.9937;223.3092;0.0000;507.5897;83042984.0000
98.9464;224.3092;0.0000;510.5897;83042992.0000
98.9464;225.2619;0.0000;506.7790;83043000.0000
98.8990;226.2619;0.0000;512.4478;83043000.0000
98.8517;227.2619;0.0000;512.4478;83043008.0000
98.8517;228.2145;0.0000;509.4951;83043016.0000
98.8517;229.2146;0.0000;514.3531;83043032.0000
99.7571;230.2145;0.0000;511.5424;83043032.0000
99.7571;232.1199;0.0000;511.4005;83043040.0000
99.7571;233.1199;0.0000;516.2112;83043048.0000
99.7571;234.0726;0.0000;511.4951;83043056.0000
100.6625;235.0726;0.0000;512.2585;83043064.0000
100.6625;236.0253;0.0000;516.2112;83043064.0000
100.6151;237.0253;0.0000;512.4478;83043072.0000
100.5678;238.0253;0.0000;516.1166;83043080.0000
100.5678;238.9780;0.0000;518.2585;83043088.0000
100.5205;239.9780;0.0000;515.0692;83043096.0000
100.4732;240.9780;0.0000;519.9272;83043096.0000
100.4732;241.9306;0.0000;518.1638;83043104.0000
100.4259;242.9306;0.0000;517.9746;83043112.0000
100.4259;243.9306;0.0000;522.8326;83043120.0000
101.3785;244.8833;0.0000;519.1165;83043120.0000
102.2839;245.8833;0.0000;519.8799;83043136.0000
103.1893;246.8833;0.0000;524.5961;83043144.0000
104.1420;247.8833;0.0000;519.9746;83043152.0000
105.0473;249.7887;0.0000;524.6907;83043160.0000
106.0000;250.7887;0.0000;524.5961;83043160.0000
106.9054;251.7887;0.0000;521.8799;83043168.0000
107.8580;252.7414;0.0000;524.6434;83043176.0000
107.8107;253.7413;0.0000;525.8326;83043184.0000
108.7634;254.7414;0.0000;525.5487;83043192.0000
109.6688;254.7887;0.0000;533.1702;83043192.0000
109.6215;255.7413;0.0000;530.4067;83043200.0000
110.5741;256.7414;0.0000;534.1229;83043208.0000
110.5741;257.7414;0.0000;538.9336;83043216.0000
110.5741;258.7414;0.0000;534.1229;83043216.0000
110.5268;259.7414;0.0000;538.8389;83043224.0000
110.5268;259.7887;0.0000;540.7916;83043240.0000
111.4322;261.6940;0.0000;536.0282;83043256.0000
112.3375;262.6940;0.0000;542.7443;83043264.0000
113.2902;263.6940;0.0000;542.8390;83043264.0000
113.2902;264.6940;0.0000;539.8863;83043272.0000
114.2429;264.7414;0.0000;545.5551;83043280.0000
115.1483;265.6940;0.0000;539.8863;83043288.0000
115.1483;265.7414;0.0000;542.6024;83043296.0000
116.0536;266.7414;0.0000;547.4131;83043296.0000
116.0536;266.7887;0.0000;540.7916;83043304.0000
117.0063;267.7887;0.0000;545.5551;83043312.0000
117.0063;267.7887;0.0000;547.4604;83043320.0000
117.0063;268.7887;0.0000;540.7916;83043320.0000
117.9590;268.8360;0.0000;545.4131;83043328.0000
117.9590;269.7887;0.0000;545.5551;83043336.0000
118.9117;269.8360;0.0000;542.5551;83043344.0000
118.8644;270.8360;0.0000;548.1292;83043352.0000
118.8644;271.7887;0.0000;545.4131;83043360.0000
119.8170;271.8360;0.0000;545.3185;83043376.0000
120.7697;272.8360;0.0000;548.2711;83043384.0000
120.7697;273.8360;0.0000;545.4604;83043392.0000
121.7224;273.8360;0.0000;546.2238;83043392.0000
121.6751;274.8360;0.0000;549.2238;83043400.0000
122.6278;274.8833;0.0000;545.4131;83043408.0000
122.6278;275.8833;0.0000;548.2238;83043416.0000
122.6278;275.9306;0.0000;547.8926;83043424.0000
123.5805;275.9780;0.0000;545.3185;83043424.0000
123.5805;276.9780;0.0000;549.1292;83043432.0000
123.5805;277.0253;0.0000;546.3185;83043440.0000
124.5331;278.0253;0.0000;546.1765;83043448.0000
124.5331;278.0726;0.0000;550.9872;83043448.0000
125.4858;279.0726;0.0000;546.3185;83043456.0000
125.4858;280.0726;0.0000;547.1765;83043464.0000
126.4385;280.1199;0.0000;550.1292;83043472.0000
126.3912;281.1199;0.5678;545.3658;83043480.0000
127.3439;281.1672;0.0000;550.0345;83043480.0000
127.3439;282.1672;0.5678;549.1765;83043496.0000
128.2965;282.2145;0.0000;546.2238;83043504.0000
128.2965;283.2145;0.0000;550.8926;83043512.0000
128.2965;283.2618;0.0000;548.1765;83043520.0000
129.2492;284.2619;0.5678;548.0818;83043520.0000
129.2492;284.3092;0.0000;552.8926;83043528.0000
129.2492;285.3092;0.5678;547.1765;83043536.0000
130.2019;285.3565;0.0000;548.7980;83043544.0000
130.2019;286.3565;0.0000;551.8453;83043552.0000
131.1546;286.4038;0.0000;547.0818;83043552.0000
131.1546;287.4038;0.0000;550.8926;83043560.0000
132.1073;288.4038;0.5678;550.9399;83043568.0000
132.1073;288.4511;0.0000;547.9399;83043576.0000
133.0600;289.4511;0.0000;550.8926;83043584.0000
133.0600;289.4984;0.0000;549.9872;83043592.0000
134.0126;290.4984;0.0000;546.8926;83043600.0000
134.0600;290.5458;0.0000;551.9399;83043608.0000
135.0126;291.5458;0.0000;547.0818;83043616.0000
135.0126;291.5458;0.0000;548.8453;83043624.0000
135.9653;292.5457;0.0000;553.7506;83043632.0000
135.9653;292.5931;0.0000;547.0818;83043640.0000
136.9180;292.6404;0.0000;550.7980;83043648.0000
136.9180;293.6404;0.0000;551.8453;83043656.0000
137.9180;294.6404;0.0000;547.0818;83043656.0000
138.8707;295.6404;0.0000;551.8453;83043664.0000
139.8234;295.6877;0.0000;550.9872;83043672.0000
140.7760;296.6877;0.0000;547.8453;83043680.0000
140.7760;297.6877;0.0000;553.7506;83043680.0000
141.7287;298.6877;0.0000;549.0818;83043688.0000
142.7287;298.7350;0.0000;549.9399;83043704.0000
143.6814;299.7350;0.0000;553.8453;83043712.0000
143.7287;300.7350;0.0000;548.1292;83043720.0000
144.6814;300.7823;0.0000;551.8926;83043720.0000
145.6341;301.7824;0.0000;553.8453;83043728.0000
146.5868;301.8297;0.0000;549.0818;83043736.0000
147.5395;302.8770;0.0000;553.8926;83043744.0000
148.4921;302.9243;0.0000;553.9872;83043744.0000
149.4448;303.0190;0.0000;551.0818;83043760.0000
150.3975;304.0189;0.0000;554.9399;83043768.0000
150.4448;304.1136;0.0000;551.2711;83043776.0000
151.3975;305.1136;0.0000;552.2238;83043784.0000
152.3502;305.2082;0.0000;556.0345;83043784.0000
153.3029;306.2082;0.0000;551.4131;83043792.0000
154.2555;306.2556;0.0000;554.1765;83043800.0000
156.2082;306.3029;0.0000;556.0345;83043808.0000
157.1609;307.3029;0.0000;551.3185;83043816.0000
158.1136;307.3502;0.0000;557.0345;83043824.0000
159.1136;307.3975;0.0000;555.2238;83043832.0000
160.0663;308.4448;0.0000;553.2711;83043840.0000
161.0663;308.4922;0.0000;557.1292;83043848.0000
162.0190;308.5395;0.0000;554.3658;83043848.0000
162.9716;308.5868;0.0000;554.2711;83043856.0000
163.9243;309.5868;0.0000;559.1765;83043864.0000
164.9243;309.6341;0.0000;553.4604;83043872.0000
165.8770;309.6814;0.0000;555.3185;83043880.0000
166.8297;309.7287;0.0000;558.2711;83043880.0000
167.8297;310.7287;0.0000;553.4604;83043888.0000
168.7824;310.7760;0.0000;557.1292;83043896.0000
169.7824;310.8233;0.0000;557.4131;83043904.0000
170.7824;311.7760;0.0000;553.4604;83043904.0000
171.7350;311.8234;0.0000;557.3185;83043912.0000
172.7350;311.8707;0.0000;555.5078;83043928.0000
173.6877;311.8707;11.4322;554.4604;83043936.0000
174.6404;311.9180;0.0000;560.1765;83043944.0000
175.6404;312.9180;0.0000;553.6497;83043944.0000
176.5931;312.9180;11.4322;555.4131;83043952.0000
177.5458;312.9653;0.0000;559.3658;83043960.0000
179.4984;312.9653;0.0000;552.6970;83043968.0000
180.4511;313.9180;0.0000;557.2711;83043976.0000
182.4038;313.9653;0.0000;557.4131;83043976.0000
184.3092;314.9180;0.0000;553.6024;83043984.0000
185.2619;314.9653;0.0000;557.3185;83043992.0000
187.2145;315.9653;0.0000;557.4604;83044000.0000
188.1672;315.9653;0.0000;554.5077;83044000.0000
189.1672;315.9653;0.0000;560.1765;83044008.0000
190.1199;316.9653;0.0000;554.6970;83044016.0000
192.0253;316.9653;0.0000;555.4604;83044024.0000
193.0253;317.0126;0.0000;559.3184;83044032.0000
193.9780;317.0126;0.0000;552.3185;83044040.0000
194.9780;318.0126;0.0000;557.4131;83044048.0000
195.9780;318.0126;0.0000;559.3658;83044056.0000
197.8833;318.0599;0.0000;552.7443;83044064.0000
198.8360;318.0599;0.0000;557.4604;83044072.0000
199.7887;318.1073;0.0000;557.5078;83044072.0000
201.7414;318.1073;0.0000;554.6497;83044080.0000
202.7413;318.1546;0.0000;559.3658;83044088.0000
203.6940;319.1546;0.0000;554.6970;83044096.0000
205.6467;318.2019;0.0000;556.5078;83044096.0000
206.5994;318.2492;0.0000;559.4604;83044104.0000
207.5521;318.2492;0.0000;554.6970;83044112.0000
208.5521;318.2965;0.0000;557.4131;83044120.0000
210.4574;318.2965;0.0000;559.3658;83044136.0000
211.4575;318.2965;0.0000;554.6970;83044136.0000
212.4101;318.2965;0.0000;559.4131;83044144.0000
213.3628;318.3439;0.0000;557.5551;83044160.0000
214.3628;318.3439;0.0000;554.6497;83044168.0000
215.3155;318.3912;0.0000;560.4604;83044168.0000
217.2682;318.3912;0.0000;554.7916;83044176.0000
218.2209;317.4858;0.0000;556.1292;83044184.0000
219.1736;317.4858;11.4322;560.4604;83044192.0000
221.1262;317.5331;0.0000;554.7443;83044200.0000
222.0789;317.5331;0.0000;557.5551;83044200.0000
223.0789;317.5331;0.0000;559.5077;83044208.0000
224.9843;317.5804;0.0000;554.7916;83044216.0000
225.9369;317.5804;0.0000;558.5078;83044224.0000
226.9370;317.6277;0.0000;558.5551;83044232.0000
228.8423;316.6751;0.0000;554.6970;83044232.0000
229.7950;316.6751;0.0000;559.4604;83044240.0000
230.7950;315.7697;0.0000;554.8389;83044248.0000
232.7004;315.7697;11.4322;554.6970;83044264.0000
233.7003;315.7697;0.0000;560.5551;83044272.0000
234.6530;314.8644;11.4322;554.8389;83044280.0000
235.6530;314.8644;0.0000;555.6497;83044288.0000
237.5584;314.9117;0.0000;559.6024;83044296.0000
238.5584;313.9590;0.0000;553.7916;83044304.0000
240.4638;313.9590;0.0000;558.5551;83044304.0000
241.4164;314.0063;0.0000;557.6970;83044312.0000
243.3691;314.0063;0.0000;553.7443;83044320.0000
244.3218;313.0536;0.0000;558.5551;83044328.0000
246.2745;313.1010;0.0000;556.7916;83044336.0000
248.1799;313.1010;0.0000;554.6970;83044336.0000
249.1799;313.1483;0.0000;560.5077;83044344.0000
251.1325;312.1956;0.0000;553.9336;83044352.0000
253.0379;312.1956;0.0000;554.6024;83044360.0000
254.9906;311.2902;0.0000;559.6970;83044360.0000
255.9906;311.2902;0.0000;552.9336;83044368.0000
257.8959;310.3849;0.0000;557.6497;83044384.0000
258.8960;310.3849;0.0000;557.6970;83044392.0000
259.8959;309.4795;0.0000;553.8863;83044400.0000
261.8013;309.4795;0.0000;558.6497;83044400.0000
262.8013;308.5268;0.0000;556.7916;83044408.0000
263.8013;308.5741;0.0000;554.6970;83044416.0000
264.7540;307.6215;0.0000;559.6497;83044424.0000
265.7540;307.6688;0.0000;554.9336;83044432.0000
266.7540;306.7161;0.0000;554.7443;83044432.0000
267.7067;305.7634;0.0000;559.6497;83044440.0000
268.7067;305.8107;0.0000;553.0756;83044448.0000
269.7067;304.8581;0.0000;557.6024;83044456.0000
270.7067;303.9527;0.0000;558.7443;83044456.0000
271.6594;303.0000;0.0000;553.0756;83044464.0000
272.6594;303.0473;0.0000;557.6970;83044472.0000
272.7067;302.0946;0.0000;556.8863;83044480.0000
273.6594;301.1420;0.0000;554.9336;83044496.0000
274.6594;300.2366;0.0000;558.7443;83044496.0000
276.6120;299.2839;0.0000;555.0282;83044504.0000
277.6120;299.3312;0.0000;556.7443;83044512.0000
278.6120;298.3785;0.0000;559.7443;83044528.0000
280.5647;297.4732;0.0000;554.1229;83044528.0000
281.5647;296.5205;0.0000;556.8863;83044536.0000
282.5174;295.5678;0.0000;558.8390;83044544.0000
283.5174;295.6151;0.0000;552.2648;83044552.0000
285.4701;294.6624;0.0000;557.8863;83044560.0000
286.4701;293.7098;0.0000;558.1702;83044560.0000
287.4228;292.8044;0.0000;555.0756;83044568.0000
288.4228;291.8517;0.0000;558.8863;83044576.0000
289.4228;290.9464;0.0000;555.1702;83044584.0000
290.4228;289.9937;0.0000;556.9336;83044592.0000
292.3755;289.0410;0.0000;560.8389;83044592.0000
293.3755;288.0883;0.0000;557.0282;83044608.0000
294.3282;287.1830;0.0000;560.6970;83044616.0000
295.3281;285.2776;0.0000;563.7443;83044624.0000
296.3281;284.3249;0.0000;558.0282;83044624.0000
297.3281;283.4196;0.0000;562.7443;83044632.0000
298.3281;281.5142;0.0000;562.0756;83044640.0000
299.3282;280.6088;0.0000;558.9810;83044656.0000
300.3281;279.6561;0.0000;563.7443;83044664.0000
301.3281;277.7981;0.0000;560.0756;83044664.0000
301.3281;276.8454;0.0000;562.7443;83044672.0000
302.3281;274.9874;0.0000;572.3658;83044680.0000
303.3281;274.0347;0.0000;568.6497;83044688.0000
303.3755;272.1293;0.0000;574.2711;83044688.0000
303.4701;270.2713;11.4322;580.0818;83044696.0000
304.4701;268.3659;0.5678;579.1292;83044704.0000
304.5174;267.4132;0.0000;586.7506;83044712.0000
304.5647;265.5078;0.0000;587.7980;83044728.0000
305.5647;263.6498;0.5678;585.8926;83044728.0000
305.6121;262.6971;0.0000;590.6560;83044736.0000
305.6594;260.7918;0.0000;587.8453;83044744.0000
306.7067;259.8864;0.0000;587.3721;83044752.0000
306.7540;257.9810;0.0000;593.5140;83044760.0000
307.8013;257.0284;0.0000;587.8926;83044760.0000
307.8486;256.1230;0.0000;589.7033;83044768.0000
308.8486;255.1703;0.0000;592.6560;83044784.0000
308.9433;253.2649;0.0000;586.9872;83044792.0000
309.9433;252.3123;0.0000;592.5140;83044800.0000
310.0379;251.4069;0.0000;590.8453;83044800.0000
311.0379;250.4542;0.5678;587.9872;83044808.0000
311.1325;248.5489;0.0000;593.6560;83044816.0000
312.1325;247.5962;0.0000;590.9399;83044824.0000
313.1325;246.6435;0.5678;590.7506;83044824.0000
314.1799;245.6908;0.0000;596.5614;83044840.0000
314.2272;244.7381;0.0000;593.7979;83044848.0000
315.2745;243.7854;0.0000;597.4194;83044856.0000
316.2745;242.8328;0.0000;605.2301;83044864.0000
316.3691;241.8801;0.0000;603.3248;83044864.0000
317.3691;239.9747;0.0000;611.7570;83044872.0000
317.4637;239.0220;0.0000;614.7570;83044880.0000
317.5111;238.0694;0.5678;612.8516;83044888.0000
317.5584;237.1167;0.0000;617.5677;83044888.0000
317.6530;237.1167;0.0000;617.7097;83044896.0000
317.7003;236.1640;0.5678;614.7570;83044904.0000
317.7477;235.2113;11.4322;621.4257;83044912.0000
317.8423;234.2586;0.0000;617.6624;83044920.0000
317.8896;233.3060;11.4322;619.5203;83044920.0000
317.9369;232.3060;0.0000;623.4730;83044928.0000
318.0316;231.3533;0.0000;616.8516;83044936.0000
318.0789;230.4006;0.0000;620.4731;83044952.0000
318.1262;230.4006;11.4322;623.5204;83044960.0000
319.1735;229.4479;0.0000;618.8516;83044960.0000
319.2682;228.4479;11.4322;623.4730;83044968.0000
319.3155;227.4952;0.5678;621.6623;83044976.0000
320.3628;226.5425;0.0000;617.7570;83044984.0000
320.4101;226.5425;0.0000;624.5203;83044984.0000
321.4101;225.5899;11.4322;619.8516;83044992.0000
321.4575;224.5899;0.0000;620.6624;83045000.0000
321.5521;223.6372;0.0000;625.5204;83045008.0000
322.5994;221.7318;0.0000;619.8989;83045016.0000
322.6467;220.7791;0.0000;623.7097;83045016.0000
322.6940;219.8264;0.0000;615.1828;83045024.0000
322.7414;218.8738;0.0000;624.7096;83045032.0000
322.7887;216.9211;0.0000;629.4257;83045040.0000
322.8833;215.9684;0.0000;632.3784;83045040.0000
323.8833;214.9684;0.0000;628.5204;83045048.0000
323.9779;214.0157;0.0000;634.1418;83045064.0000
324.0253;212.1104;0.0000;629.6150;83045072.0000
324.0726;211.1577;0.0000;631.4257;83045080.0000
324.1199;210.2050;0.0000;638.1418;83045080.0000
324.1672;208.2996;0.0000;632.6151;83045088.0000
324.2145;207.2996;0.0000;633.3311;83045096.0000
324.2618;206.2996;0.5678;638.1891;83045104.0000
324.3565;204.3943;0.0000;632.6624;83045112.0000
324.4511;203.3943;0.5678;637.3784;83045112.0000
324.5457;201.4416;0.0000;636.5677;83045120.0000
324.5931;200.4889;0.0000;632.7097;83045128.0000
324.6877;198.5362;0.0000;638.3784;83045136.0000
325.6877;196.5835;0.0000;635.7570;83045144.0000
325.7823;195.6309;0.0000;634.6623;83045152.0000
325.8297;193.6782;0.0000;642.4257;83045160.0000
325.9243;192.7255;0.0000;633.8989;83045168.0000
325.0189;190.7728;0.0000;636.7096;83045184.0000
325.1136;189.7728;0.0000;642.6151;83045184.0000
325.1609;187.8201;0.0000;634.0408;83045192.0000
325.2555;186.8201;0.0000;639.2365;83045200.0000
325.3502;184.8675;0.0000;638.8516;83045208.0000
325.4448;183.8674;0.0000;635.0408;83045216.0000
325.4921;182.8675;0.0000;640.7097;83045216.0000
324.6341;181.9148;0.0000;637.9936;83045224.0000
324.6814;179.9621;0.0000;636.8989;83045232.0000
324.7761;178.9148;0.0000;642.6151;83045240.0000
324.8234;177.9148;0.0000;636.0882;83045240.0000
324.9180;176.9148;0.0000;635.9935;83045248.0000
324.9653;175.9148;0.0000;642.7570;83045256.0000
325.0126;174.8675;0.0000;635.1828;83045264.0000
325.0600;173.8675;0.0000;638.8516;83045272.0000
325.1073;171.9148;11.4322;639.9936;83045272.0000
324.2019;170.9148;0.0000;635.1828;83045296.0000
324.2492;169.9148;11.4322;638.8989;83045304.0000
324.2965;168.9148;0.0000;639.9936;83045312.0000
323.3912;167.9148;0.0000;635.0881;83045312.0000
323.4385;166.9148;0.0000;639.0408;83045320.0000
323.4858;165.9148;0.0000;636.3248;83045328.0000
322.5331;164.9148;0.0000;636.0882;83045336.0000
322.5804;162.9621;0.0000;641.0882;83045344.0000
322.6277;162.0094;0.0000;635.2774;83045344.0000
321.6751;161.0094;0.0000;639.0882;83045352.0000
321.7224;160.0094;0.0000;642.6151;83045360.0000
320.8170;159.0094;0.0000;636.3248;83045368.0000
320.8170;158.0094;0.0000;642.8989;83045376.0000
319.9117;157.0094;0.0000;639.2301;83045376.0000
319.9117;156.0567;0.0000;640.1355;83045384.0000
319.0063;155.0567;0.5678;643.9462;83045392.0000
318.1010;154.0567;0.0000;641.0882;83045400.0000
318.1483;153.0567;0.0000;643.9935;83045400.0000
317.1956;151.1040;0.0000;649.8043;83045416.0000
316.2902;150.1040;0.0000;644.0882;83045424.0000
316.3376;149.1040;0.5678;647.4257;83045432.0000
315.4322;148.1040;0.0000;652.7097;83045440.0000
314.4795;148.0567;0.0000;646.0409;83045440.0000
313.5741;147.0094;0.0000;652.6624;83045448.0000
312.6215;146.0094;0.0000;653.7570;83045456.0000
312.6688;145.0567;0.0000;648.8989;83045464.0000
311.7161;143.0567;0.0000;653.7096;83045472.0000
310.8107;142.0567;0.0000;648.1355;83045472.0000
309.9054;141.0567;0.0000;650.8989;83045480.0000
308.9527;140.1040;0.5678;659.4731;83045488.0000
308.0473;138.1514;0.0000;651.0409;83045496.0000
307.0946;137.1514;0.0000;651.8516;83045504.0000
306.1420;136.1514;0.0000;653.8989;83045512.0000
304.2839;135.1987;0.0000;649.9936;83045520.0000
303.3312;133.2460;0.0000;653.8989;83045528.0000
302.4258;132.2460;0.0000;651.1355;83045536.0000
301.4732;131.2460;0.0000;650.0882;83045544.0000
300.5678;130.2460;0.0000;653.9935;83045552.0000
299.6151;128.2933;0.0000;653.1355;83045560.0000
298.6624;127.3406;0.0000;647.2774;83045568.0000
297.7097;126.3406;0.0000;654.8516;83045576.0000
296.8044;125.3406;0.0000;648.4194;83045576.0000
295.8517;124.3406;0.0000;651.1355;83045584.0000
294.9464;123.3406;0.0000;651.1828;83045592.0000
294.9464;122.3406;0.0000;647.4667;83045600.0000
293.9937;121.3880;0.0000;653.0409;83045600.0000
293.0883;119.4353;0.0000;652.2301;83045608.0000
292.1356;118.4353;0.0000;647.4194;83045616.0000
291.2303;116.4826;0.0000;653.0882;83045632.0000
290.2776;115.4826;0.0000;650.3721;83045640.0000
289.3249;113.5772;0.0000;649.3721;83045640.0000
288.3722;112.5772;0.0000;653.1355;83045648.0000
287.4669;110.5772;0.0000;648.6087;83045656.0000
286.5142;109.5772;0.0000;649.2775;83045664.0000
286.5615;108.6245;0.0000;654.3248;83045672.0000
285.6088;106.6719;0.0000;646.6560;83045680.0000
284.6561;105.6719;0.0000;651.2775;83045688.0000
283.7508;103.7192;0.0000;652.3721;83045696.0000
282.7981;102.7192;0.0000;647.5140;83045704.0000
281.8454;101.7192;0.0000;651.2775;83045704.0000
280.9400;100.7192;0.0000;649.5140;83045712.0000
280.9400;99.7192;0.0000;646.5614;83045720.0000
280.0347;98.7192;0.0000;651.3721;83045728.0000
279.0820;96.7665;0.0000;647.6086;83045736.0000
278.1293;95.7665;0.0000;649.4194;83045744.0000
277.2239;94.7192;0.0000;652.4194;83045752.0000
276.2713;92.7665;0.5678;645.7507;83045760.0000
275.3659;91.7665;0.0000;651.4194;83045768.0000
274.4132;90.7665;0.5678;651.4667;83045768.0000
273.4605;89.7665;0.0000;645.7980;83045776.0000
271.6025;88.7192;0.0000;651.4194;83045784.0000
270.6498;87.7192;0.0000;649.7033;83045792.0000
269.7444;87.6719;0.5678;646.7506;83045800.0000
267.8391;86.6245;0.0000;651.6087;83045808.0000
266.8864;85.6245;0.5678;647.7979;83045816.0000
265.0284;84.6245;0.0000;648.5140;83045824.0000
263.1230;83.6245;0.0000;652.7506;83045832.0000
262.1703;82.6245;0.0000;648.5614;83045832.0000
260.2650;81.6245;0.0000;649.6086;83045840.0000
259.3123;80.6245;0.0000;651.7033;83045848.0000
257.4542;79.5772;0.0000;647.8453;83045856.0000
256.5016;79.5299;0.0000;648.7980;83045864.0000
254.5962;78.5299;0.0000;652.7506;83045864.0000
253.6435;77.5299;0.0000;648.7980;83045872.0000
252.6908;77.4353;0.0000;652.7506;83045880.0000
250.7854;77.3880;0.0000;648.0818;83045888.0000
249.8801;76.3880;0.0000;648.9399;83045896.0000
248.9274;76.3406;0.0000;653.7507;83045896.0000
247.0220;76.2460;0.0000;648.1292;83045904.0000
246.0694;75.2460;0.0000;649.8926;83045912.0000
244.1640;75.1987;11.4322;654.8926;83045920.0000
243.2113;74.1987;0.0000;648.2238;83045936.0000
241.3060;73.1987;0.0000;651.9399;83045936.0000
239.4006;72.1987;0.0000;652.1292;83045944.0000
238.4479;72.1040;0.0000;649.0345;83045952.0000
237.4952;71.1040;0.0000;646.3185;83045960.0000
235.5899;70.0567;0.0000;657.8926;83045968.0000
233.7318;70.0094;0.0000;644.3658;83045976.0000
232.7791;68.9621;0.0000;662.5613;83045984.0000
230.8738;68.9148;0.0000;655.0345;83045992.0000
229.9211;68.8675;0.0000;655.9399;83046000.0000
228.0157;67.8675;0.0000;662.7033;83046000.0000
227.0630;67.7728;0.0000;657.9399;83046008.0000
225.1577;66.7728;0.0000;657.8926;83046016.0000
223.2050;65.7728;0.0000;659.9399;83046024.0000
222.2523;65.7255;0.0000;660.7507;83046024.0000
220.3943;64.6782;0.0000;662.6560;83046032.0000
218.4889;64.6309;0.0000;660.8926;83046040.0000
217.5362;63.5835;0.0000;657.8926;83046048.0000
215.6309;63.5362;0.0000;664.6086;83046056.0000
213.6782;62.5362;0.0000;659.9399;83046056.0000
211.7728;62.4889;0.0000;660.7507;83046064.0000
210.8201;61.4416;0.0000;664.7033;83046080.0000
208.9148;61.3943;0.5678;656.1765;83046088.0000
207.9621;61.3470;0.0000;662.7979;83046096.0000
206.0567;61.2523;0.5678;662.8452;83046096.0000
205.0567;60.2523;0.0000;660.0818;83046104.0000
203.1514;60.2050;0.0000;663.7507;83046112.0000
202.1987;60.1577;0.0000;660.9872;83046120.0000
200.2933;60.0630;0.0000;660.8926;83046120.0000
199.3406;60.0157;0.0000;665.6560;83046128.0000
197.4353;59.9211;0.0000;660.0818;83046136.0000
195.5299;59.8738;0.0000;659.9399;83046144.0000
194.5299;58.8265;0.0000;665.7507;83046152.0000
192.6245;58.7791;0.0000;658.1765;83046152.0000
191.6719;58.7318;0.0000;663.7507;83046160.0000
189.7192;58.6372;0.0000;664.8453;83046168.0000
188.7665;57.5899;0.0000;658.1765;83046184.0000
186.8138;57.5425;0.0000;663.7980;83046184.0000
185.8611;57.4479;0.0000;662.9399;83046200.0000
183.9558;57.4006;0.0000;660.9872;83046208.0000
182.9558;57.3533;0.0000;664.8453;83046216.0000
181.0504;57.2586;0.0000;660.2238;83046224.0000
180.0504;57.2113;0.0000;661.0345;83046224.0000
179.0977;57.1167;0.0000;664.8926;83046232.0000
178.1451;57.0694;0.0000;658.3184;83046240.0000
177.1451;56.9747;0.0000;662.9399;83046248.0000
176.1924;56.9274;0.0000;664.9872;83046256.0000
175.1924;56.8801;0.0000;658.2711;83046256.0000
174.1924;57.7381;0.0000;663.9872;83046264.0000
173.2397;57.6908;0.0000;664.9872;83046272.0000
172.2397;57.5962;0.0000;658.2711;83046280.0000
172.1924;58.5015;0.0000;664.9399;83046288.0000
171.2397;58.4542;0.0000;658.4604;83046288.0000
170.2397;58.3596;0.0000;660.1765;83046304.0000
169.2397;58.3123;0.0000;664.9872;83046320.0000
169.1924;59.2176;0.0000;658.2711;83046328.0000
168.2397;59.1703;0.5678;661.9872;83046328.0000
168.1924;60.0757;0.0000;664.0818;83046336.0000
167.2397;59.9810;0.0000;658.3657;83046344.0000
166.2397;59.9337;0.0000;663.0345;83046352.0000
165.2870;59.8864;0.0000;662.1292;83046360.0000
164.2870;60.7918;0.0000;657.3658;83046360.0000
163.2870;60.7445;0.0000;663.0345;83046368.0000
162.3343;60.6971;0.0000;658.4604;83046376.0000
161.3343;61.6025;0.0000;660.2238;83046384.0000
160.3343;61.5552;0.0000;664.9872;83046384.0000
160.2870;61.5079;0.0000;658.3184;83046392.0000
159.3343;62.4132;0.0000;658.3184;83046400.0000
158.3343;62.3186;0.0000;665.2238;83046408.0000
157.3343;63.2713;0.0000;657.4604;83046416.0000
157.2870;63.2240;0.0000;662.2238;83046416.0000
156.2870;63.1766;0.0000;662.2711;83046424.0000
155.3343;64.0820;0.0000;655.5077;83046440.0000
154.3343;64.0820;0.0000;662.1765;83046448.0000
153.3343;64.9874;0.0000;660.4131;83046456.0000
151.4290;64.9400;0.0000;656.4131;83046456.0000
150.4290;64.8927;0.0000;665.0818;83046464.0000
148.4763;64.8454;0.0000;655.6024;83046472.0000
147.4763;65.7508;0.0000;658.3184;83046480.0000
145.5709;65.7035;0.0000;666.0345;83046480.0000
143.6182;66.6088;0.0000;655.6024;83046488.0000
142.6656;66.5615;0.0000;656.4604;83046496.0000
140.7129;67.4669;0.0000;647.9809;83046504.0000
139.7129;67.4669;0.0000;655.6024;83046512.0000
138.7602;67.4195;0.0000;650.7443;83046512.0000
138.7129;68.3249;0.0000;650.8389;83046520.0000
137.7602;68.2776;0.0000;646.5551;83046536.0000
136.7602;69.2303;0.0000;653.6497;83046544.0000
135.7602;70.1356;0.0000;645.1229;83046544.0000
134.8075;70.1356;0.0000;647.8389;83046552.0000
133.8075;70.0883;0.0000;649.8390;83046560.0000
132.8075;70.9937;0.0000;645.1229;83046576.0000
131.8548;70.9464;0.0000;652.2711;83046584.0000
129.9021;71.8517;0.0000;651.9336;83046584.0000
128.9495;71.8517;0.0000;647.0283;83046592.0000
127.9495;72.7571;0.0000;649.9336;83046600.0000
126.0441;72.7098;0.5678;649.8863;83046608.0000
125.0441;73.6625;0.0000;646.8863;83046616.0000
123.0914;74.5678;0.0000;652.6024;83046616.0000
122.0914;74.5678;0.0000;644.7443;83046624.0000
121.1387;75.4732;0.0000;648.9336;83046632.0000
119.1861;76.3785;0.0000;652.5551;83046640.0000
118.1861;77.2839;0.5678;645.1229;83046656.0000
117.2334;78.2366;0.0000;647.8389;83046656.0000
116.2334;78.1893;0.0000;650.8389;83046664.0000
115.2334;79.0946;0.0000;646.0282;83046672.0000
114.2334;80.0000;0.0000;651.6024;83046680.0000
113.2334;80.9527;0.0000;649.8390;83046680.0000
111.2807;81.8580;0.5678;648.8862;83046688.0000
110.3280;82.7634;0.0000;651.5551;83046704.0000
109.3280;83.7161;0.5678;647.8389;83046712.0000
108.3280;84.6215;0.0000;646.8863;83046720.0000
107.3280;85.5268;0.0000;653.4604;83046720.0000
106.3280;86.4795;0.0000;648.7916;83046728.0000
105.3280;87.3849;0.0000;649.6497;83046736.0000
105.2807;87.3849;0.5678;653.5077;83046744.0000
104.2807;88.2902;0.0000;647.8389;83046744.0000
104.2334;89.1956;0.0000;654.3658;83046752.0000
103.2334;90.1483;0.5678;651.5551;83046768.0000
102.2334;91.0536;0.0000;649.6497;83046776.0000
102.1861;91.0063;0.0000;654.3185;83046784.0000
101.1860;91.9590;0.5678;651.5551;83046784.0000
100.1861;92.8644;0.5678;649.4604;83046792.0000
99.1861;92.8644;0.5678;654.3185;83046800.0000
99.1387;93.7697;0.0000;649.7443;83046808.0000
98.1387;93.7224;0.0000;652.4604;83046816.0000
98.0914;94.6751;0.0000;654.3658;83046816.0000
98.0441;94.6278;0.5678;650.6024;83046832.0000
97.9968;95.5805;0.0000;655.3184;83046840.0000
96.9968;95.5331;0.0000;655.3184;83046848.0000
96.9495;96.4385;0.0000;650.6024;83046848.0000
95.9495;97.3912;0.0000;655.3184;83046856.0000
95.9021;97.3439;0.0000;652.6024;83046864.0000
95.8548;98.2492;0.0000;652.4604;83046872.0000
94.8548;98.2492;0.0000;657.3185;83046880.0000
94.8075;99.2019;0.0000;652.6024;83046880.0000
94.7602;99.1546;0.0000;655.3184;83046888.0000
94.7129;100.1073;0.0000;657.2711;83046896.0000
93.6655;101.0126;0.0000;646.8863;83046904.0000
93.6182;100.9653;0.0000;655.3184;83046904.0000
92.6655;101.8707;0.0000;656.2711;83046912.0000
92.6182;101.8707;0.0000;652.5551;83046920.0000
92.5709;102.7760;0.0000;656.2711;83046928.0000
91.5709;102.7760;0.0000;657.3658;83046936.0000
91.4763;103.6814;0.0000;652.4604;83046936.0000
90.5236;104.5868;0.0000;658.1765;83046944.0000
90.4763;104.6341;0.0000;652.5551;83046952.0000
89.4763;105.5395;0.0000;655.1765;83046960.0000
88.4763;106.4448;0.0000;658.1292;83046960.0000
87.4763;106.4448;0.0000;652.4604;83046968.0000
86.4763;107.3502;0.0000;656.2239;83046984.0000
85.4763;108.3029;0.0000;661.0819;83046992.0000
85.4290;108.3029;0.0000;652.4604;83047000.0000
84.4290;109.2082;0.0000;658.0818;83047008.0000
83.4290;110.1609;0.0000;657.1765;83047008.0000
82.4290;110.1136;0.0000;652.4131;83047016.0000
81.4290;111.0663;0.0000;657.0818;83047024.0000
80.4290;111.9716;0.0000;653.2711;83047032.0000
79.4290;112.9243;0.0000;657.0818;83047032.0000
78.3816;112.9243;0.0000;660.8926;83047040.0000
77.3816;113.7824;0.0000;655.3184;83047048.0000
76.3816;114.7351;0.0000;657.9872;83047056.0000
75.3816;115.6877;0.0000;659.9872;83047064.0000
74.3816;116.6404;0.0000;656.1292;83047072.0000
73.4290;117.5931;0.0000;657.9872;83047080.0000
72.4290;118.5458;0.0000;659.8926;83047088.0000
71.4290;119.4985;0.0000;656.1292;83047104.0000
71.4290;119.4985;0.0000;657.9872;83047104.0000
70.4290;120.4511;0.0000;656.1292;83047112.0000
69.4290;121.3565;0.0000;655.0818;83047120.0000
69.3816;122.3092;0.5678;662.7979;83047128.0000
68.3816;123.2619;0.0000;656.1292;83047136.0000
67.3816;124.1672;0.0000;655.0818;83047136.0000
67.3343;124.1672;0.0000;662.7979;83047144.0000
66.3343;125.1199;0.0000;658.0345;83047152.0000
65.3343;126.0726;0.0000;660.7507;83047160.0000
65.2870;127.0253;0.0000;657.8926;83047168.0000
64.2870;127.9780;0.0000;656.8926;83047168.0000
63.2870;128.9306;0.0000;662.6560;83047176.0000
62.2870;129.8833;0.0000;657.9872;83047184.0000
62.2397;130.7887;0.0000;657.8926;83047192.0000
61.2397;131.7414;0.0000;664.6086;83047200.0000
61.1924;132.6940;0.0000;658.0345;83047216.0000
60.1924;133.6467;0.0000;659.7979;83047224.0000
60.1451;134.5994;0.0000;663.7033;83047232.0000
60.0977;135.5521;0.5678;655.0345;83047240.0000
59.0977;137.4575;0.0000;664.5140;83047240.0000
59.0504;138.4101;0.0000;663.6087;83047248.0000
59.0031;139.3628;0.0000;656.0345;83047256.0000
58.0031;140.3155;0.0000;664.5140;83047264.0000
57.9558;142.2209;0.0000;661.7506;83047264.0000
57.0031;143.1735;0.0000;659.6560;83047272.0000
56.9558;144.1262;0.0000;665.5140;83047280.0000
56.9085;145.0789;0.0000;657.8926;83047288.0000
55.9085;146.0316;0.5678;661.6087;83047296.0000
55.8611;147.9370;0.0000;665.4194;83047296.0000
54.8611;148.8896;0.0000;656.9399;83047304.0000
54.8138;150.7950;0.0000;664.4194;83047312.0000
54.7665;151.7477;0.0000;664.5613;83047328.0000
53.7665;153.6530;0.0000;657.8452;83047328.0000
53.7665;154.6057;0.0000;662.6086;83047336.0000
52.7665;156.5111;0.0000;662.6086;83047344.0000
52.7192;158.4164;0.0000;661.5140;83047352.0000
52.6719;160.3218;0.0000;667.2774;83047360.0000
51.6719;161.3218;0.0000;661.6560;83047360.0000
51.6245;163.2272;0.0000;663.4194;83047368.0000
51.5772;165.1325;0.0000;664.4194;83047376.0000
50.5772;167.0379;0.0000;660.5140;83047384.0000
50.5299;167.9906;0.0000;664.2775;83047392.0000
49.4826;169.8960;0.0000;665.3721;83047392.0000
48.5299;170.8486;0.0000;660.5614;83047400.0000
48.4826;172.7540;0.0000;664.3248;83047408.0000
47.4826;173.7067;0.0000;665.3721;83047416.0000
47.4353;175.6120;0.0000;661.5613;83047424.0000
46.4353;176.5647;0.0000;665.2302;83047432.0000
46.4353;178.4701;0.0000;660.6087;83047440.0000
45.4353;180.3755;0.5678;660.4194;83047448.0000
45.3880;181.3281;0.0000;665.2302;83047456.0000
45.3880;183.2808;0.0000;661.5613;83047464.0000
44.3880;185.1862;0.0000;663.3248;83047472.0000
44.3406;186.1862;0.0000;664.4194;83047480.0000
44.2933;188.0916;0.0000;661.4194;83047488.0000
44.2460;189.9969;0.5678;667.0408;83047496.0000
44.1987;191.9023;0.0000;665.2775;83047496.0000
44.1514;193.8076;0.0000;661.5140;83047504.0000
44.1040;194.7603;0.0000;667.2774;83047512.0000
44.0567;196.6657;0.0000;662.5140;83047520.0000
44.0094;197.6184;0.0000;665.2302;83047520.0000
43.9621;199.5237;0.0000;670.1355;83047528.0000
43.9621;200.4764;0.0000;663.4194;83047536.0000
43.9148;201.4291;0.0000;664.2301;83047552.0000
43.9148;203.3345;0.0000;668.1355;83047560.0000
43.8675;204.3344;0.0000;661.4194;83047560.0000
43.8201;205.2871;0.0000;667.1355;83047568.0000
43.8201;206.2398;11.4322;666.1828;83047576.0000
43.7728;208.1452;11.4322;660.3721;83047584.0000
43.7255;209.0979;0.0000;667.0881;83047600.0000
43.6782;211.0032;11.4322;661.4667;83047600.0000
43.6309;211.9559;0.0000;651.7980;83047608.0000
43.5835;212.9086;0.0000;656.5613;83047616.0000
43.5835;213.8613;0.0000;652.8453;83047624.0000
43.5362;214.8139;0.5678;652.6559;83047624.0000
43.4889;215.7666;0.0000;656.5613;83047632.0000
43.4416;216.7666;0.0000;650.8926;83047640.0000
43.3943;217.7193;0.0000;655.5140;83047648.0000
43.3470;218.6720;0.0000;654.5140;83047656.0000
43.2996;219.6247;0.0000;651.6560;83047656.0000
43.2523;220.5774;0.0000;654.5613;83047672.0000
43.2523;221.5300;0.0000;654.6560;83047680.0000
43.2050;221.5300;0.0000;652.5613;83047688.0000
43.1577;222.4827;0.5678;657.2774;83047688.0000
44.0630;223.4827;0.0000;650.6560;83047696.0000
44.0157;224.4827;0.0000;651.4194;83047704.0000
43.9684;225.4354;0.5678;657.1828;83047712.0000
43.9211;226.3881;0.0000;649.5613;83047728.0000
43.8738;227.3408;0.0000;654.0882;83047728.0000
43.8265;228.3408;0.0000;656.1355;83047736.0000
43.7791;228.3881;0.0000;651.3248;83047744.0000
43.7791;229.3881;0.0000;654.9936;83047752.0000
44.6845;230.3408;0.0000;654.1828;83047760.0000
44.6372;231.3408;0.0000;651.1828;83047760.0000
44.5899;231.3408;0.0000;657.0408;83047768.0000
44.5425;232.2461;0.5678;651.2301;83047776.0000
44.4952;233.1988;0.0000;653.0409;83047792.0000
44.4479;233.1988;0.5678;648.2775;83047800.0000
45.3533;234.1515;0.5678;651.9935;83047800.0000
45.3060;235.1042;0.0000;654.7570;83047808.0000
45.2586;235.1515;0.0000;658.5203;83047816.0000
45.2113;236.1515;0.0000;650.8989;83047824.0000
45.1640;237.1515;0.0000;653.7570;83047824.0000
45.1167;237.1515;0.5678;653.8043;83047832.0000
46.0694;238.1042;0.0000;653.6150;83047840.0000
46.0220;239.0569;0.0000;659.3784;83047848.0000
45.9747;239.1042;0.5678;652.8043;83047856.0000
45.9747;240.1042;0.0000;655.0945;83047856.0000
46.8801;241.0569;0.0000;660.1418;83047864.0000
46.8328;241.0569;0.5678;653.4730;83047872.0000
46.7855;242.0569;0.0000;653.4730;83047880.0000
46.7381;243.0569;0.0000;659.1891;83047880.0000
46.6908;244.0569;0.0000;650.6150;83047896.0000
46.6435;244.1042;0.0000;656.2365;83047904.0000
46.5962;245.0569;0.0000;656.2365;83047912.0000
46.5962;246.0095;0.5678;652.3311;83047920.0000
46.5489;246.9622;0.0000;658.9999;83047920.0000
46.4542;247.0095;0.5678;653.3784;83047928.0000
46.4069;248.0096;0.0000;653.1891;83047936.0000
46.3596;249.0095;0.0000;659.0472;83047944.0000
46.3123;249.0095;0.0000;653.2365;83047952.0000
46.2650;249.9622;0.0000;651.1891;83047952.0000
46.2650;250.9622;0.0000;658.9053;83047960.0000
46.2176;251.9622;0.0000;653.1891;83047968.0000
46.1703;252.9149;0.0000;657.7159;83047976.0000
46.1230;253.8676;0.0000;655.8105;83047976.0000
46.0757;254.8676;0.0000;653.1891;83047984.0000
46.0284;255.8676;0.0000;658.5267;83047992.0000
45.9337;256.8676;0.0000;655.9525;83048008.0000
46.8391;257.8203;0.0000;654.8106;83048016.0000
46.7918;258.8203;0.0000;659.5740;83048016.0000
46.7445;259.8203;0.0000;654.8579;83048024.0000
46.6498;260.8203;0.0000;655.6213;83048032.0000
46.6025;261.7729;0.0000;659.4794;83048040.0000
47.5079;262.7729;0.0000;652.8579;83048040.0000
47.4605;263.7729;0.0000;658.4794;83048048.0000
47.4132;264.7729;0.0000;659.4794;83048056.0000
47.3659;265.7256;0.0000;652.7632;83048064.0000
47.3659;266.7256;0.0000;655.5267;83048072.0000
48.2240;267.7256;0.0000;655.5267;83048072.0000
48.2240;268.6783;0.0000;653.5740;83048080.0000
48.1766;269.6783;0.0000;660.1954;83048088.0000
48.1293;270.6783;0.0000;653.7160;83048104.0000
48.0820;271.6783;0.0000;654.5267;83048112.0000
48.9874;272.6310;0.0000;661.2428;83048120.0000
48.9874;273.6310;0.0000;652.6213;83048128.0000
48.9401;274.5837;0.0000;655.4320;83048136.0000
49.8927;275.5837;0.0000;658.4794;83048144.0000
49.8927;276.5363;0.0000;652.7632;83048144.0000
49.8454;277.5363;0.0000;658.3374;83048152.0000
50.7981;278.4890;0.0000;655.5267;83048160.0000
50.7981;279.4417;0.0000;654.4794;83048168.0000
50.7508;280.4417;0.0000;649.8106;83048176.0000
50.7034;281.3944;0.0000;653.5267;83048176.0000
50.7034;281.4417;0.0000;658.2428;83048184.0000
51.6088;282.4417;0.0000;662.1008;83048192.0000
51.5615;283.4417;0.0000;653.6213;83048200.0000
52.4669;284.4417;0.0000;658.1955;83048208.0000
53.3722;284.4890;0.0000;663.1008;83048208.0000
53.3249;285.4417;0.0000;653.2901;83048216.0000
54.2776;286.4417;0.0000;658.1481;83048240.0000
54.2303;286.4417;0.0000;658.1955;83048248.0000
55.1356;287.4417;0.0000;655.1954;83048248.0000
55.1356;288.3944;0.0000;661.7696;83048256.0000
55.0883;288.4417;0.0000;655.2427;83048264.0000
55.9937;289.3944;0.0000;657.9589;83048272.0000
55.9937;290.3944;0.0000;662.7223;83048280.0000
55.9464;290.4417;0.0000;655.1008;83048280.0000
56.8517;291.4417;0.0000;658.8643;83048288.0000
56.8517;292.3944;0.0000;659.8169;83048296.0000
57.7571;293.3944;0.0000;653.1008;83048304.0000
58.6625;294.3944;0.5678;658.8643;83048312.0000
58.6151;294.4417;0.0000;658.8169;83048312.0000
59.5205;295.4417;0.0000;654.0535;83048320.0000
59.4732;296.3944;0.5678;660.6276;83048328.0000
60.4259;297.3944;0.0000;654.9115;83048336.0000
61.3312;298.3944;0.0000;657.7223;83048344.0000
61.2839;299.3471;0.0000;658.7223;83048352.0000
62.2366;300.3471;0.0000;655.0062;83048360.0000
62.1893;301.3471;0.0000;657.6277;83048368.0000
63.0946;301.3944;0.5678;661.4857;83048376.0000
63.0946;302.3471;0.0000;656.8169;83048376.0000
64.0000;303.3471;0.0000;657.6277;83048384.0000
64.9054;304.3471;0.0000;656.6276;83048392.0000
64.9054;305.3471;0.0000;652.8643;83048400.0000
65.8107;306.3471;0.5678;658.5330;83048400.0000
65.7634;307.2998;0.0000;654.7695;83048408.0000
66.7161;308.2997;0.0000;654.6276;83048416.0000
66.6688;309.2997;0.0000;660.2491;83048424.0000
67.6215;310.2998;0.0000;652.8170;83048432.0000
67.5741;310.3471;0.0000;656.5330;83048432.0000
68.5268;311.2998;0.0000;659.4384;83048440.0000
69.4322;312.2998;0.0000;653.6749;83048456.0000
70.3849;313.2997;0.0000;658.3438;83048464.0000
70.3375;314.2997;0.0000;657.5803;83048472.0000
71.2429;315.2524;0.0000;653.6749;83048472.0000
72.1956;315.3471;0.0000;656.4857;83048488.0000
72.1483;316.3471;0.0000;652.8170;83048496.0000
73.1010;317.3471;0.0000;653.5803;83048504.0000
74.0063;318.3471;0.0000;659.3910;83048504.0000
74.9590;319.3471;0.0000;650.7223;83048512.0000
75.8644;319.3944;0.0000;654.5330;83048520.0000
76.8170;320.3944;0.0000;658.2018;83048528.0000
76.7697;321.3944;0.0000;651.5330;83048536.0000
77.7224;322.4417;0.0000;658.2491;83048536.0000
78.6278;323.4417;0.0000;659.2964;83048544.0000
79.5805;323.4890;0.0000;651.5330;83048552.0000
79.5331;324.4890;0.0000;656.3438;83048560.0000
80.4385;325.5363;0.0000;656.3911;83048576.0000
81.3912;326.5363;0.0000;651.5803;83048576.0000
82.3439;327.5363;0.0000;654.3911;83048584.0000
83.2492;328.5364;0.0000;649.7222;83048592.0000
83.2492;329.5836;0.0000;651.5330;83048600.0000
84.2019;329.6310;0.0000;657.1072;83048600.0000
85.1073;330.6310;0.0000;648.7696;83048608.0000
86.0600;331.6310;0.0000;651.5330;83048624.0000
87.0126;332.6310;0.0000;652.5330;83048632.0000
87.9653;333.6310;0.5678;647.7223;83048640.0000
89.8234;334.6783;0.0000;651.5330;83048640.0000
90.7760;335.6783;0.0000;651.5330;83048648.0000
91.6814;336.6783;0.0000;648.6749;83048656.0000
92.6341;336.7256;0.0000;653.2964;83048664.0000
92.6341;337.7256;0.0000;645.8169;83048672.0000
93.5868;338.7256;0.0000;648.5803;83048672.0000
94.4921;339.7256;0.0000;654.3911;83048688.0000
95.4448;340.7256;0.0000;648.6749;83048696.0000
96.3502;340.7729;0.5678;653.2491;83048704.0000
96.3502;341.8203;0.0000;652.4857;83048704.0000
97.3029;342.8203;0.0000;647.7223;83048712.0000
98.2082;343.8203;0.5678;651.3911;83048720.0000
99.1609;344.8203;0.0000;651.5330;83048728.0000
100.1136;345.8203;0.5678;645.8169;83048736.0000
101.0190;345.8676;0.0000;651.3911;83048736.0000
101.0190;346.8676;0.0000;651.5803;83048752.0000
101.9243;347.8676;0.0000;648.4857;83048760.0000
102.8770;347.9622;0.0000;654.2491;83048768.0000
102.8770;348.9622;0.0000;648.5803;83048768.0000
103.7824;349.9149;0.0000;650.3911;83048776.0000
104.7350;349.9622;0.0000;654.2491;83048784.0000
105.6877;350.9622;0.0000;647.5803;83048792.0000
106.6404;351.9622;0.0000;651.2491;83048800.0000
107.5458;352.0095;0.0000;651.3437;83048800.0000
107.5458;353.0095;0.0000;649.5330;83048808.0000
108.4985;353.0569;0.0000;653.2964;83048816.0000
109.4511;354.0569;0.0000;646.6749;83048824.0000
110.3565;354.1042;0.0000;648.4857;83048824.0000
111.3092;355.1042;0.0000;652.4857;83048832.0000
111.3092;355.1515;0.0000;648.6749;83048840.0000
112.2619;355.1988;0.0000;648.4384;83048848.0000
113.1672;356.1988;0.0000;651.5330;83048856.0000
114.1199;356.2462;0.5678;645.8169;83048856.0000
115.0726;357.1988;0.0000;651.2018;83048872.0000
116.0253;357.2461;0.0000;649.4384;83048880.0000
116.9306;358.2461;0.0000;645.6750;83048888.0000
117.8833;358.2934;0.0000;651.2491;83048896.0000
118.8360;358.3408;0.0000;648.4384;83048896.0000
119.7414;359.3408;0.0000;645.5803;83048912.0000
119.7414;359.3881;0.0000;651.2491;83048920.0000
120.6940;359.4827;0.0000;645.5803;83048928.0000
121.6467;359.5300;0.0000;648.3438;83048936.0000
122.5994;360.5301;0.0000;651.3437;83048936.0000
122.5521;360.5774;0.5678;644.6749;83048944.0000
123.5048;360.6720;0.0000;646.3911;83048952.0000
124.4575;361.6720;0.5678;649.2964;83048960.0000
125.4101;361.7193;0.0000;645.6277;83048960.0000
126.3628;361.8140;0.0000;645.4384;83048968.0000
127.3155;362.8139;0.0000;648.4857;83048976.0000
127.3155;362.8613;0.0000;646.4384;83048984.0000
128.2682;363.9086;0.5678;648.3911;83048992.0000
129.1735;363.9559;0.0000;645.5330;83048992.0000
130.1262;364.9559;0.5678;646.4384;83049000.0000
131.0789;365.0505;0.0000;651.2018;83049008.0000
132.0316;365.0978;0.0000;642.8170;83049016.0000
132.9843;365.1452;0.0000;646.4384;83049032.0000
133.9370;366.1925;0.0000;646.4857;83049032.0000
134.8896;366.2398;0.5678;637.9589;83049040.0000
134.8896;366.2871;0.0000;645.4857;83049048.0000
135.8423;366.3344;0.5678;644.5803;83049056.0000
136.7950;367.3345;0.0000;643.5803;83049056.0000
137.7477;367.3818;0.0000;645.4857;83049064.0000
138.7004;367.4291;0.5678;642.6750;83049072.0000
139.6530;367.4764;0.0000;641.6749;83049080.0000
140.6057;368.4764;0.0000;646.4857;83049088.0000
141.5584;368.5237;0.0000;638.9589;83049088.0000
141.5584;368.5710;0.0000;640.6277;83049096.0000
142.5111;368.6184;0.0000;645.7223;83049104.0000
143.4638;369.6183;0.0000;640.8169;83049112.0000
144.4164;369.6656;0.0000;643.6276;83049120.0000
144.4164;369.7130;0.0000;642.7696;83049128.0000
145.3218;369.7603;11.4322;640.7223;83049144.0000
146.2745;369.8076;0.0000;645.6750;83049152.0000
147.2272;369.8549;0.0000;640.8643;83049160.0000
148.1799;370.8549;0.0000;640.8169;83049160.0000
148.1799;370.9023;0.0000;645.7223;83049168.0000
150.0852;370.9496;0.0000;642.0062;83049176.0000
151.0379;370.9496;0.0000;642.8170;83049184.0000
151.9906;371.9496;0.0000;644.8642;83049184.0000
152.9433;371.9969;0.0000;637.3374;83049192.0000
154.8486;372.0442;0.0000;643.7696;83049200.0000
155.8013;373.0442;0.0000;642.9589;83049208.0000
156.7540;373.0916;0.0000;641.0535;83049216.0000
158.6593;373.1389;0.0000;644.8642;83049216.0000
159.6120;374.1389;0.0000;641.1481;83049224.0000
160.5647;374.1862;0.0000;639.2428;83049232.0000
162.4701;374.1862;0.0000;643.0535;83049240.0000
163.4228;374.2335;0.0000;637.3847;83049264.0000
165.3755;375.2335;0.0000;638.2901;83049264.0000
166.3281;375.3281;0.0000;631.6686;83049272.0000
168.2335;376.3281;0.0000;634.6686;83049280.0000
170.1389;376.3754;0.0000;639.1481;83049288.0000
172.0442;377.3755;0.0000;638.4794;83049288.0000
172.9969;377.4228;0.0000;631.7160;83049296.0000
174.9496;377.4701;0.0000;637.4320;83049304.0000
176.8549;378.4701;0.0000;634.7633;83049312.0000
178.7603;378.5174;0.0000;634.5267;83049320.0000
180.6657;378.5647;11.4322;639.3847;83049320.0000
182.6184;378.6120;0.0000;631.9053;83049328.0000
184.5237;378.6594;0.0000;633.6686;83049336.0000
185.4764;378.7067;0.0000;637.6213;83049344.0000
187.4291;378.8013;0.0000;631.9999;83049352.0000
189.3345;378.8486;0.0000;634.7159;83049352.0000
191.2871;378.8960;0.0000;632.9525;83049360.0000
193.1925;378.9433;0.0000;632.0472;83049368.0000
195.0979;378.9906;0.0000;634.7633;83049376.0000
197.0505;379.0379;0.0000;633.0945;83049384.0000
198.9559;379.0852;11.4322;631.9526;83049392.0000
200.8613;379.1325;0.5678;635.8579;83049400.0000
202.8139;379.1799;0.0000;631.3311;83049408.0000
204.7193;379.2272;0.0000;632.1891;83049416.0000
206.6247;379.2745;0.0000;632.2365;83049416.0000
208.5774;378.3691;0.0000;629.3784;83049424.0000
210.4827;378.4164;0.0000;631.2365;83049432.0000
212.3881;377.5111;11.4322;633.1418;83049440.0000
214.3408;377.5584;0.0000;626.3784;83049448.0000
216.2461;376.7003;0.0000;632.1891;83049448.0000
218.1515;376.7477;11.4322;630.2838;83049456.0000
220.1042;376.7950;0.0000;627.4257;83049464.0000
222.0095;375.8896;0.0000;632.1418;83049480.0000
223.9622;375.9370;0.0000;629.4257;83049480.0000
225.8676;375.9843;0.0000;629.2838;83049488.0000
227.8203;375.0789;0.0000;633.2838;83049496.0000
229.7256;375.1262;0.0000;628.6150;83049504.0000
231.6310;375.1736;0.0000;631.3784;83049520.0000
232.6310;374.2682;0.0000;632.3784;83049520.0000
234.5363;374.3628;0.0000;627.5204;83049528.0000
236.4417;373.4575;0.0000;632.2365;83049536.0000
237.4417;373.5048;11.4322;632.3784;83049544.0000
239.3471;372.5994;0.0000;630.3784;83049544.0000
241.2998;372.6467;0.0000;633.1418;83049552.0000
242.2525;371.7414;0.0000;626.6623;83049560.0000
244.2051;371.7887;0.0000;627.5677;83049568.0000
246.1105;370.9306;0.0000;632.2838;83049576.0000
247.1105;370.9780;0.0000;628.5677;83049576.0000
249.0632;370.0726;0.0000;629.3311;83049592.0000
250.9685;370.1672;0.0000;633.2838;83049600.0000
251.9685;370.2145;0.0000;628.5677;83049608.0000
252.9685;369.3092;0.0000;630.4257;83049616.0000
254.8739;369.4038;0.0000;631.4257;83049616.0000
255.8739;369.4511;0.0000;627.5677;83049624.0000
256.8266;368.5931;0.0000;632.2365;83049632.0000
257.8266;368.6404;0.0000;629.4730;83049648.0000
258.8266;368.6877;0.0000;627.3784;83049648.0000
259.7793;368.7823;0.0000;633.2838;83049656.0000
261.7319;367.8770;0.0000;626.6623;83049664.0000
262.7320;367.9243;0.0000;629.4257;83049672.0000
263.7319;368.0189;0.0000;632.2365;83049680.0000
264.7319;368.0663;0.0000;626.6150;83049680.0000
265.7319;367.1609;0.0000;632.1418;83049688.0000
266.6846;367.2556;11.4322;631.3784;83049696.0000
267.6846;367.3029;0.5678;627.5677;83049712.0000
268.6846;367.3502;0.0000;630.2838;83049720.0000
269.6846;366.4921;0.0000;629.3311;83049720.0000
271.6373;366.5395;0.0000;627.4257;83049728.0000
272.6373;366.5868;0.0000;632.1418;83049736.0000
273.5900;366.6341;0.0000;626.5677;83049744.0000
274.5900;366.7287;0.0000;631.2365;83049744.0000
275.5900;366.7760;0.0000;632.2365;83049752.0000
277.5427;366.8234;0.0000;626.6150;83049760.0000
278.5427;366.9180;0.0000;630.3784;83049776.0000
279.5427;366.0126;0.0000;631.4257;83049784.0000
280.5427;366.0600;0.0000;626.5677;83049784.0000
281.5427;366.1073;0.0000;632.1891;83049792.0000
282.5427;365.2019;0.0000;629.4730;83049800.0000
283.5427;365.2965;0.0000;626.5204;83049808.0000
284.5427;365.3438;11.4322;631.3784;83049816.0000
284.5900;365.3912;0.0000;626.5677;83049816.0000
285.5900;364.4858;0.0000;628.3784;83049824.0000
286.5900;364.5331;0.0000;631.2365;83049832.0000
287.5900;363.6278;0.0000;626.6623;83049840.0000
288.5900;363.6751;0.0000;626.4257;83049840.0000
289.5427;363.7224;0.0000;630.4257;83049848.0000
290.5427;362.8170;0.0000;624.6150;83049856.0000
291.5427;362.8644;0.0000;629.3311;83049864.0000
292.5427;361.9590;0.0000;629.4257;83049872.0000
293.4954;361.9590;0.0000;626.4730;83049872.0000
294.4954;361.0536;0.0000;631.2365;83049880.0000
295.4954;361.1010;0.0000;625.6150;83049888.0000
296.4480;361.1483;0.0000;626.3311;83049896.0000
297.4480;360.1956;0.0000;633.1418;83049896.0000
298.4007;360.2429;0.0000;626.5677;83049904.0000
300.3534;359.3375;0.0000;630.2838;83049912.0000
301.3534;359.3848;0.0000;631.3311;83049928.0000
302.3061;358.4795;0.0000;626.5677;83049936.0000
303.3061;358.5268;0.0000;631.1891;83049936.0000
304.3061;357.6215;0.0000;631.2365;83049944.0000
305.3061;357.6688;0.0000;627.4257;83049952.0000
306.3061;356.7161;0.0000;629.2838;83049960.0000
307.3061;356.8107;0.0000;625.5677;83049968.0000
309.2588;355.8580;0.0000;629.1891;83049968.0000
310.2588;354.9527;0.0000;631.2365;83049976.0000
311.2588;354.9527;0.0000;626.4730;83049984.0000
313.2114;354.0473;0.0000;629.2838;83049992.0000
314.2588;353.1420;0.0000;630.2838;83049992.0000
315.2588;352.2366;0.0000;626.4730;83050000.0000
317.2114;351.3312;0.0000;630.2365;83050008.0000
318.2114;351.3312;0.0000;629.3311;83050024.0000
320.1641;350.4258;0.0000;626.3311;83050032.0000
321.2115;349.5205;0.0000;631.2365;83050032.0000
323.1641;348.5678;0.0000;628.4730;83050048.0000
325.1641;347.6624;0.0000;627.4257;83050056.0000
326.2115;346.7571;0.0000;632.0945;83050064.0000
327.2115;345.8044;0.0000;626.5677;83050064.0000
329.2114;343.9464;0.0000;627.3311;83050072.0000
331.2115;342.9937;0.0000;632.1891;83050080.0000
332.2115;342.0883;0.0000;624.6150;83050088.0000
334.2114;341.1830;0.0000;630.1891;83050096.0000
335.2114;340.2776;0.0000;630.3311;83050096.0000
337.2115;339.3722;0.0000;626.4730;83050104.0000
338.2115;337.4669;0.0000;629.3311;83050112.0000
339.2588;336.5615;0.0000;628.4730;83050120.0000
341.2114;335.6561;0.0000;626.4730;83050128.0000
342.2588;333.7981;0.0000;632.1891;83050128.0000
343.2588;332.8927;0.0000;625.6624;83050136.0000
345.2588;330.9874;0.0000;628.3784;83050152.0000
346.2588;330.0820;0.0000;631.1891;83050168.0000
347.3061;329.1766;0.0000;624.6623;83050176.0000
348.3534;327.2713;0.0000;629.3311;83050176.0000
350.3534;326.3659;0.0000;629.4730;83050184.0000
351.3534;324.4605;0.0000;624.6623;83050192.0000
352.4007;323.5552;0.0000;629.3311;83050200.0000
353.4481;321.6498;0.0000;629.5676;83050200.0000
354.4954;319.7918;11.4322;627.4731;83050208.0000
356.4954;318.8864;0.0000;629.4257;83050216.0000
357.4954;316.9810;0.0000;625.7570;83050224.0000
358.5427;316.0757;0.0000;626.6150;83050232.0000
360.5427;314.1703;0.0000;631.3784;83050232.0000
361.5900;312.3123;0.0000;624.6150;83050240.0000
362.6373;311.3596;0.0000;628.4730;83050248.0000
363.6846;309.5016;0.0000;631.3784;83050256.0000
364.7320;307.5962;0.0000;623.7570;83050256.0000
365.7793;305.7381;0.0000;629.4257;83050272.0000
366.7793;303.8328;0.0000;626.7096;83050288.0000
366.8739;302.8801;0.0000;626.6150;83050296.0000
367.9212;300.9747;0.0000;629.4730;83050304.0000
369.8739;299.1167;0.0000;625.8043;83050304.0000
370.9212;298.1640;0.0000;626.6623;83050312.0000
371.9212;296.3059;0.0000;631.3784;83050320.0000
372.9685;295.3533;0.0000;627.7097;83050328.0000
373.9685;293.4952;0.0000;627.5677;83050336.0000
375.0159;291.5898;0.0000;629.5676;83050336.0000
376.0632;290.6372;0.0000;624.8516;83050344.0000
377.0631;288.7318;0.0000;627.6624;83050352.0000
378.1105;286.8264;0.0000;629.6623;83050360.0000
379.1578;284.9684;0.0000;625.8989;83050360.0000
379.2051;284.0157;0.0000;630.5677;83050368.0000
380.2524;282.1104;0.0000;626.8043;83050376.0000
381.2998;280.2523;0.0000;626.7570;83050384.0000
382.2997;278.3470;0.0000;631.5204;83050392.0000
383.3471;277.3943;0.0000;626.8516;83050392.0000
384.3471;275.4889;0.0000;627.5677;83050408.0000
385.3944;274.5836;11.4322;631.6150;83050416.0000
386.3944;272.6782;0.0000;625.9462;83050424.0000
386.4417;270.7728;0.0000;629.5676;83050424.0000
387.4890;269.8201;0.0000;629.7096;83050432.0000
388.4890;267.9621;0.0000;625.8989;83050440.0000
388.5836;266.0567;0.0000;627.6151;83050448.0000
389.5837;265.1040;0.0000;628.7097;83050456.0000
390.5837;263.1987;0.0000;627.8043;83050456.0000
390.6783;261.2933;0.0000;632.6151;83050464.0000
391.6783;259.3879;0.0000;626.9935;83050472.0000
391.7729;258.4353;0.0000;629.7570;83050480.0000
392.7729;256.5299;0.0000;632.6624;83050488.0000
392.8676;254.6245;0.0000;626.9935;83050496.0000
393.8676;253.6719;0.0000;632.5677;83050504.0000
393.9149;251.7665;0.0000;632.7570;83050512.0000
394.9622;249.8611;0.0000;629.8516;83050520.0000
395.0095;248.9084;0.0000;634.5203;83050528.0000
395.1042;247.0031;0.0000;634.6623;83050536.0000
395.1515;245.0977;0.0000;635.4731;83050544.0000
395.2461;243.1924;0.0000;638.3784;83050552.0000
394.3881;241.2870;0.0000;634.6150;83050560.0000
394.4354;239.3816;11.4322;635.5204;83050560.0000
393.5774;237.4763;0.0000;642.2838;83050568.0000
393.6720;235.5709;11.4322;633.7570;83050576.0000
393.7193;234.6182;0.0000;638.4257;83050584.0000
392.8613;232.7129;11.4322;642.3784;83050592.0000
392.9559;231.7602;11.4322;633.7097;83050592.0000
393.0505;229.8075;11.4322;638.4730;83050600.0000
392.1452;228.8548;0.0000;638.5204;83050616.0000
392.2398;227.9021;11.4322;634.7096;83050624.0000
392.3344;225.9968;0.0000;642.2838;83050624.0000
392.3818;224.9968;0.0000;634.7570;83050632.0000
392.4764;224.0441;0.0000;635.7097;83050640.0000
391.6183;222.0914;0.0000;630.0408;83050648.0000
391.7130;221.1387;0.0000;642.5204;83050656.0000
391.8076;220.1860;0.0000;645.2365;83050656.0000
391.9023;219.1861;0.0000;650.0945;83050672.0000
390.9969;218.2334;0.0000;643.4730;83050680.0000
391.0915;216.2807;0.0000;648.1418;83050688.0000
391.1862;216.2807;0.0000;648.3311;83050696.0000
391.2808;215.2807;0.0000;644.5204;83050696.0000
391.3281;214.3280;0.0000;650.1418;83050704.0000
391.4701;213.3280;0.0000;647.4257;83050712.0000
391.5647;213.2807;0.0000;647.4731;83050720.0000
391.6120;212.3280;0.0000;651.1891;83050728.0000
391.7067;211.3280;0.0000;647.4731;83050736.0000
391.8013;211.2807;0.0000;648.3311;83050744.0000
391.8486;210.3280;0.0000;652.2838;83050752.0000
391.9433;210.2807;0.0000;647.5677;83050760.0000
392.0379;210.2334;0.0000;650.2838;83050760.0000
392.0852;210.1860;0.0000;646.6150;83050768.0000
392.1798;210.1387;0.0000;630.3721;83050776.0000
392.2272;210.0914;0.5678;597.9336;83050784.0000
391.3691;210.0441;0.0000;548.5834;83050784.0000
391.4638;209.9968;0.5678;448.4572;83050792.0000
391.5111;208.9968;0.0000;48.2835;83050800.0000
13.3910;17.4604;0.0000;45.6621;81996640.0000
13.4384;17.4131;0.0000;45.5674;81996640.0000
13.5330;17.3658;0.0000;45.6621;81996640.0000
13.6276;17.2711;0.0000;45.6621;81996640.0000
13.6750;17.2238;0.0000;45.5674;81996640.0000
13.7696;17.1765;0.0000;45.6621;81996640.0000
13.8642;17.1292;0.0000;45.7094;81996640.0000
13.9116;17.0819;0.0000;45.6621;81996640.0000
14.0062;17.0345;0.0000;45.7567;81996640.0000
14.0535;16.9872;0.0000;45.6621;81996640.0000
14.1481;16.9399;0.0000;45.8040;81996640.0000
14.2428;16.8926;0.0000;45.8987;81996640.0000
14.3374;16.7980;0.0000;45.7094;81996640.0000
14.4321;16.7506;0.0000;45.8040;81996640.0000
14.4794;16.7033;0.0000;45.9460;81996640.0000
14.5740;16.6087;0.0000;45.7094;81996640.0000
14.6686;16.5614;0.0000;45.9460;81996640.0000
14.7160;16.5140;0.0000;45.9460;81996640.0000
14.8106;16.4667;0.0000;45.8040;81996640.0000
14.8579;16.3721;0.0000;45.9460;81996640.0000
14.9525;16.3721;0.0000;45.8040;81996640.0000
14.9999;16.2775;0.0000;45.7567;81996640.0000
15.0945;16.2775;0.0000;46.0406;81996640.0000
15.1418;16.2301;0.0000;45.8513;81996640.0000
15.2365;16.1828;0.0000;45.9460;81996640.0000
15.2838;16.1355;0.0000;45.9460;81996640.0000
15.3784;16.0409;0.0000;45.8513;81996640.0000
15.4731;15.9936;0.0000;45.9460;81996640.0000
15.5677;15.9462;0.0000;45.9460;81996640.0000
15.6150;15.8516;0.0000;45.9460;81996640.0000
15.7096;15.7570;0.0000;46.0879;81996640.0000
15.8043;15.7096;0.0000;45.9933;81996640.0000
15.8516;15.6150;0.0000;46.0406;81996640.0000
15.8989;15.5677;0.0000;46.2299;81996640.0000
15.9936;15.5204;0.0000;45.9460;81996648.0000
16.0409;15.4731;0.0000;46.0879;81996648.0000
16.0882;15.3784;0.0000;46.0406;81996648.0000
16.1828;15.3311;0.5678;46.0406;81996648.0000
16.2301;15.2838;0.0000;46.1353;81996648.0000
16.2775;15.2365;0.5678;46.1353;81996648.0000
16.3248;15.1418;0.0000;46.0406;81996648.0000
16.4194;15.0945;0.0000;46.1353;81996648.0000
16.4667;14.9999;0.0000;46.0879;81996648.0000
16.5140;14.9525;0.0000;46.0879;81996648.0000
16.5614;14.9052;0.0000;46.2299;81996648.0000
16.6560;14.8106;0.0000;45.9933;81996648.0000
16.7033;14.7633;0.0000;46.1353;81996648.0000
16.7506;14.6686;0.0000;46.2299;81996648.0000
16.7980;14.5740;0.0000;46.0406;81996648.0000
16.8453;14.4794;0.0000;46.2299;81996648.0000
16.9399;14.3847;0.0000;46.1826;81996648.0000
16.9872;14.2901;0.0000;46.0406;81996648.0000
17.0819;14.1955;0.0000;46.2299;81996656.0000
17.1292;14.1008;0.0000;46.1826;81996656.0000
17.2238;14.0062;0.0000;46.1353;81996656.0000
17.2711;13.9589;0.0000;46.2772;81996656.0000
17.3185;13.8642;0.0000;46.1826;81996656.0000
17.3658;13.8169;0.0000;46.2299;81996656.0000
17.4131;13.7696;0.0000;46.2772;81996656.0000
17.5077;13.6750;0.0000;46.1353;81996656.0000
17.5077;13.6276;0.0000;46.2299;81996656.0000
17.5551;13.5803;0.0000;46.2772;81996656.0000
17.6024;13.4857;0.0000;46.2299;81996656.0000
17.6497;13.4384;0.0000;46.3718;81996656.0000
17.6970;13.3437;0.0000;46.3245;81996656.0000
17.7443;13.2491;0.0000;46.2772;81996656.0000
17.7916;13.2018;0.5678;46.3718;81996656.0000
17.7916;13.1071;0.0000;46.3718;81996656.0000
17.8390;13.0125;0.5678;46.3718;81996656.0000
17.8863;12.9652;0.0000;46.4665;81996656.0000
17.9336;12.8706;0.0000;46.3718;81996664.0000
17.9336;12.7759;0.0000;46.4665;81996664.0000
18.0282;12.7286;0.0000;46.4665;81996664.0000
18.0282;12.6340;0.0000;46.0406;81996664.0000
18.0756;12.5393;0.0000;46.5138;81996664.0000
18.1229;12.4447;0.0000;46.5611;81996664.0000
18.1702;12.3974;0.0000;46.5138;81996664.0000
18.1702;12.3027;0.0000;46.6084;81996664.0000
18.2175;12.2081;0.0000;46.5138;81996664.0000
18.2648;12.1135;0.0000;46.5611;81996664.0000
18.3121;12.0661;0.0000;46.6557;81996664.0000
18.3121;11.9715;0.0000;46.5138;81996664.0000
18.3595;11.9242;0.0000;46.4665;81996664.0000
18.4068;11.8769;0.0000;46.6084;81996664.0000
18.4541;11.7822;0.0000;46.5138;81996664.0000
18.4541;11.7349;0.0000;46.4665;81996664.0000
18.5014;11.6876;0.0000;46.5611;81996664.0000
18.5487;11.5930;0.0000;46.5138;81996664.0000
18.5487;11.5456;0.0000;46.5611;81996664.0000
18.5960;11.4510;0.0000;46.5138;81996672.0000
18.6434;11.4037;0.0000;46.6557;81996672.0000
18.6434;11.3090;0.0000;46.7504;81996672.0000
18.6434;11.2144;0.0000;46.5138;81996672.0000
18.6434;11.1671;0.0000;46.5611;81996672.0000
18.6907;11.0725;0.0000;46.6557;81996672.0000
18.6907;11.0251;0.0000;46.5138;81996672.0000
18.6907;10.9305;0.0000;46.5138;81996672.0000
18.7380;10.8359;0.5678;46.6084;81996672.0000
18.7380;10.7886;0.0000;46.5611;81996672.0000
18.7853;10.6939;0.5678;46.5138;81996672.0000
18.7853;10.6466;0.0000;46.4192;81996672.0000
18.7853;10.5993;0.0000;46.4192;81996672.0000
18.8326;10.5520;0.0000;46.3718;81996672.0000
18.8326;10.5520;0.5678;46.4192;81996672.0000
18.8326;10.5046;0.0000;46.5138;81996672.0000
18.8326;10.4573;0.5678;46.5138;81996672.0000
18.8326;10.4573;0.0000;46.3718;81996672.0000
18.8326;10.4100;0.0000;46.4192;81996680.0000
18.8326;10.3627;0.0000;46.2299;81996680.0000
18.8326;10.2681;0.0000;45.8987;81996680.0000
18.8326;10.2207;0.0000;46.4665;81996680.0000
18.8800;10.1734;0.0000;45.7567;81996680.0000
18.8800;10.0788;0.0000;46.0879;81996680.0000
18.8800;10.0315;0.0000;46.0879;81996680.0000
18.8800;9.9841;0.0000;45.8987;81996680.0000
18.9273;9.9368;0.0000;45.9460;81996680.0000
18.9273;9.8895;0.0000;46.0406;81996680.0000
18.9273;9.8422;0.0000;45.8513;81996680.0000
18.9273;9.7949;0.0000;45.9460;81996680.0000
18.9273;9.7475;0.0000;45.9460;81996680.0000
18.9273;9.7002;0.0000;45.7094;81996680.0000
18.9273;9.6529;0.0000;45.8040;81996680.0000
18.9746;9.6056;0.0000;45.7094;81996680.0000
18.9746;9.5583;0.0000;45.6147;81996680.0000
18.9746;9.5110;0.0000;45.5674;81996680.0000
18.9746;9.5110;0.0000;45.5674;81996680.0000
18.9746;9.5110;0.0000;45.6621;81996680.0000
18.9746;9.5110;0.0000;45.7567;81996680.0000
18.9746;9.5110;0.0000;45.5674;81996680.0000
18.9746;9.4636;0.0000;45.6147;81996680.0000
18.9746;9.4636;0.0000;45.5201;81996680.0000
18.9746;9.4636;0.0000;45.2835;81996680.0000
18.9746;9.4636;0.0000;44.9523;81996680.0000
18.9273;9.4636;0.0000;44.3845;81996680.0000
18.9273;9.4636;0.0000;43.6274;81996680.0000
18.9273;9.4636;0.0000;43.0596;81996680.0000
18.9273;9.4636;0.0000;41.7347;81996680.0000
18.9273;9.4636;0.0000;39.7000;81996680.0000
18.9273;9.4636;0.0000;36.7189;81996680.0000
18.9273;9.4636;0.5678;30.5202;81996680.0000
18.8800;9.4636;1.1356;18.7380;81996680.0000
18.8800;9.4636;1.7035;8.9431;81996680.0000
29.0534;-0.7571;0.0000;18.8326;81996728.0000
29.0534;-0.8044;0.0000;18.9746;81996728.0000
29.0534;-0.8044;0.0000;19.0219;81996728.0000
29.0534;-0.8044;0.0000;20.0629;81996728.0000
29.0534;-0.8044;0.0000;21.4351;81996728.0000
29.0534;-0.8044;0.0000;22.0030;81996728.0000
29.0534;-0.8044;0.0000;21.8610;81996728.0000
29.0534;-0.8044;0.0000;21.0566;81996728.0000
29.0534;-0.7571;0.0000;18.7380;81996728.0000
29.0534;-0.7571;0.0000;7.0977;81996728.0000
