200.4773;202.5227;0.0000;53.0301;827372224.0000
200.4773;202.5227;0.0000;134.7671;827372224.0000
200.4773;202.5227;0.0000;143.9030;827372224.0000
200.4773;202.5227;0.0000;161.6311;827372224.0000
200.4773;202.5227;0.0000;199.8154;827372224.0000
200.4773;202.5227;0.0000;231.5223;827372224.0000
200.4773;202.5227;0.0000;250.5917;827372224.0000
200.4773;202.5227;0.0000;267.8425;827372224.0000
200.4773;202.5227;0.0000;281.3440;827372224.0000
200.9547;202.5227;0.0000;295.4135;827372288.0000
200.9547;202.5227;0.0000;310.1868;827372288.0000
200.9547;202.5227;0.0000;320.3016;827372352.0000
201.4320;202.5227;0.0000;333.5977;827372352.0000
201.4320;202.5227;0.0000;341.4164;827372352.0000
201.9093;202.0453;0.0000;348.0538;827372352.0000
201.9093;202.0453;0.0000;356.3952;827372352.0000
202.3867;202.0453;0.0000;362.2593;827372352.0000
202.3867;201.5680;0.0000;368.4647;827372352.0000
202.3867;201.5680;0.0000;374.4647;827372352.0000
202.8640;201.5680;0.0000;377.1928;827372352.0000
202.8640;201.5680;0.0000;383.0115;827372352.0000
203.3414;201.0906;0.0000;385.9662;827372352.0000
203.3414;201.0906;0.0000;388.1716;827372352.0000
203.8187;200.6133;0.0000;392.1263;827372352.0000
203.8187;200.6133;0.0000;394.1263;827372352.0000
203.8187;200.6133;0.0000;394.4224;827372352.0000
204.2961;200.1360;0.0000;397.9903;827372352.0000
204.2961;199.6586;0.0000;398.4677;827372416.0000
204.2961;199.6586;0.0000;399.8091;827372416.0000
204.2961;199.1812;0.0000;400.8544;827372480.0000
204.2961;199.1812;0.0000;401.2411;827372480.0000
204.2961;198.7039;0.0000;403.5825;827372480.0000
204.2961;198.7039;0.0000;406.7184;827372480.0000
204.2961;198.7039;0.0000;405.9691;827372480.0000
204.2961;198.2266;0.0000;409.4465;827372480.0000
204.2961;198.2266;0.0000;408.4918;827372480.0000
204.2961;198.2266;0.0000;409.3105;827372480.0000
204.2961;197.7492;0.0000;411.8331;827372480.0000
204.2961;197.7492;0.0000;410.3559;827372480.0000
204.2961;197.2719;0.0000;410.2652;827372480.0000
204.2961;197.2719;0.0000;412.3105;827372480.0000
204.2961;197.2719;0.0000;412.1746;827372480.0000
204.2961;196.7946;0.0000;415.0839;827372544.0000
204.2961;196.7946;0.0000;417.2199;827372544.0000
203.8187;196.7946;0.0000;416.5159;827372544.0000
203.8187;196.3172;0.0000;418.4706;827372608.0000
203.8187;196.3172;0.0000;419.0386;827372608.0000
203.8187;196.3172;0.0000;419.8573;827372672.0000
203.8187;196.3172;0.0000;420.9026;827372672.0000
203.8187;195.8399;0.0000;421.9933;827372672.0000
203.8187;195.8399;0.0000;422.3347;827372672.0000
203.3414;195.8399;0.0000;424.4253;827372672.0000
203.3414;195.3626;0.0000;423.3347;827372672.0000
203.3414;195.3626;0.0000;423.7667;827372672.0000
203.3414;195.3626;0.0000;425.8573;827372672.0000
202.8640;195.3626;0.0000;425.1987;827372672.0000
202.8640;194.8852;0.0000;426.6307;827372672.0000
202.8640;194.8852;0.0000;427.2893;827372672.0000
202.3867;194.8852;0.0000;427.4948;827372672.0000
202.3867;194.8852;0.0000;428.7213;827372672.0000
202.3867;194.8852;0.0000;430.1534;827372672.0000
202.3867;194.4079;0.0000;428.5400;827372672.0000
201.9093;194.4079;0.0000;430.6307;827372672.0000
201.9093;194.4079;0.0000;429.0627;827372736.0000
201.9093;194.4079;0.0000;428.9721;827372736.0000
201.9093;194.4079;0.0000;430.0174;827372736.0000
201.9093;194.4079;0.0000;428.8815;827372800.0000
201.4320;193.9305;0.0000;430.3588;827372800.0000
201.4320;193.9305;0.0000;429.9721;827372800.0000
200.9547;193.9305;0.0000;430.2682;827372800.0000
200.9547;193.9305;0.0000;431.8815;827372800.0000
200.4773;193.9305;0.0000;431.9268;827372800.0000
200.4773;193.9305;0.0000;431.2682;827372800.0000
200.4773;193.9305;0.0000;433.7908;827372800.0000
200.0000;193.9305;0.0000;433.7908;827372800.0000
200.0000;193.4532;0.0000;434.1322;827372800.0000
199.5227;193.4532;0.0000;435.7455;827372800.0000
199.5227;192.9305;0.0000;435.6095;827372800.0000
199.5227;192.9305;0.0000;437.5642;827372800.0000
199.0453;192.9305;0.0000;438.7002;827372800.0000
199.0453;192.9305;0.0000;436.9963;827372800.0000
199.0453;192.4532;0.0000;439.0416;827372864.0000
198.5680;192.4532;0.0000;439.6549;827372864.0000
198.5680;192.4532;0.0000;437.9510;827372864.0000
198.0906;192.4532;0.0000;439.4736;827372928.0000
198.0906;192.4532;0.0000;439.5189;827372928.0000
197.6133;192.4532;0.0000;439.9056;827372928.0000
197.6133;192.4532;0.0000;440.5189;827372928.0000
197.1360;192.4532;0.0000;439.9056;827372928.0000
197.1360;192.4532;0.0000;443.3376;827372928.0000
197.1360;192.9758;0.0000;445.0416;827372928.0000
196.6586;192.9758;0.0000;445.0416;827372928.0000
196.6586;192.9758;0.0000;450.0869;827372928.0000
196.6586;192.9758;0.0000;450.7455;827372928.0000
196.1812;192.9758;0.0000;450.0869;827372928.0000
196.1812;192.9758;0.0000;450.7455;827372928.0000
196.1812;192.9758;0.0000;452.2228;827372928.0000
195.7039;192.9758;0.0000;453.6548;827372928.0000
195.7039;192.9758;0.0000;454.4041;827372992.0000
195.2266;192.9758;0.0000;454.3134;827372992.0000
195.2266;192.9758;0.0000;456.7455;827372992.0000
195.2266;192.9758;0.0000;457.9268;827372992.0000
194.7492;192.9758;0.0000;457.3134;827373056.0000
194.7492;192.9758;0.0000;457.8361;827373056.0000
194.2719;193.4532;0.0000;458.9721;827373056.0000
194.2719;193.4532;0.0000;458.8361;827373056.0000
194.2719;193.4532;0.0000;461.4041;827373056.0000
193.7946;193.4532;0.0000;460.4494;827373056.0000
193.7946;193.4532;0.0000;458.8361;827373056.0000
193.3172;192.9305;0.0000;462.4495;827373056.0000
193.8399;192.9305;0.0000;462.4041;827373056.0000
193.8399;192.9305;0.0000;462.7908;827373056.0000
193.3626;192.9305;0.0000;462.9268;827373056.0000
193.3626;192.9305;0.0000;461.8361;827373056.0000
193.3626;192.9305;0.0000;464.7455;827373056.0000
192.8399;192.9305;0.0000;460.7455;827373056.0000
192.8399;192.9305;0.0000;454.7697;827373120.0000
192.3626;192.9305;0.0000;450.5431;827373120.0000
192.3626;192.9305;0.0000;439.6578;827373120.0000
191.8852;192.9305;0.0000;425.9781;827373120.0000
191.8852;193.4078;0.0000;400.8904;827373184.0000
191.3626;192.8852;0.0000;377.9839;827373312.0000
191.3626;192.8852;0.0000;382.8481;827373376.0000
191.3626;192.8852;0.0000;384.2559;827373376.0000
190.8852;192.8852;0.0000;388.3919;827373376.0000
190.8852;193.3626;0.0000;390.3012;827373376.0000
190.4078;193.3626;0.0000;388.8692;827373376.0000
190.4078;193.8399;0.0000;399.7091;827373376.0000
190.4078;193.8399;0.0000;410.1623;827373376.0000
189.9305;193.8399;0.0000;418.1835;827373376.0000
189.9305;194.3172;0.0000;431.0233;827373376.0000
189.9758;194.3172;0.0000;433.6820;827373376.0000
189.9758;194.3172;0.0000;436.8179;827373376.0000
189.9758;194.3172;0.0000;439.2953;827373376.0000
189.9758;194.7946;0.0000;437.8633;827373376.0000
189.4985;194.7946;0.0000;441.4766;827373376.0000
189.4985;194.7946;0.0000;442.9539;827373376.0000
189.0211;194.7946;0.0000;442.5672;827373376.0000
189.0211;195.2719;0.0000;448.1805;827373440.0000
189.0211;195.2719;0.0000;447.6579;827373440.0000
189.0211;195.2719;0.0000;449.8391;827373504.0000
188.5438;195.2719;0.0000;453.4071;827373504.0000
188.5438;195.7492;0.0000;452.3618;827373504.0000
188.0665;195.7492;0.0000;455.5884;827373504.0000
188.0665;195.7492;0.0000;458.1111;827373504.0000
188.0665;196.2266;0.0000;456.1564;827373504.0000
188.0665;196.2266;0.0000;459.2017;827373504.0000
187.5891;196.2266;0.0000;459.7244;827373504.0000
187.5891;196.7039;0.0000;458.2017;827373504.0000
187.5891;197.2266;0.0000;461.2923;827373504.0000
187.1118;197.2266;0.0000;460.6337;827373504.0000
187.1118;197.7039;0.0000;459.2470;827373504.0000
187.1118;197.7039;0.0000;462.7243;827373504.0000
187.1118;197.7039;0.0000;460.6337;827373504.0000
187.1571;198.1812;0.0000;461.7697;827373504.0000
187.1571;198.1812;0.0000;464.2923;827373504.0000
187.1571;198.1812;0.0000;461.1564;827373568.0000
186.6798;198.6586;0.0000;464.2923;827373632.0000
186.6798;198.6586;0.0000;465.2470;827373632.0000
186.6798;198.6586;0.0000;464.2923;827373632.0000
186.2025;199.1360;0.0000;468.3829;827373632.0000
186.2025;199.1360;0.0000;466.8150;827373632.0000
186.2025;199.6133;0.0000;466.4736;827373632.0000
185.7251;199.6133;0.0000;472.0416;827373632.0000
185.7251;199.6133;0.0000;469.4736;827373632.0000
185.7251;200.0906;0.0000;470.0416;827373632.0000
186.2477;200.0906;0.0000;471.5642;827373632.0000
185.7704;200.5680;0.0000;467.9509;827373632.0000
185.7704;201.0453;0.0000;470.5642;827373632.0000
185.7704;201.0453;0.0000;472.5189;827373632.0000
185.8157;201.5227;0.0000;471.0869;827373632.0000
185.8157;202.0000;0.0000;474.1775;827373632.0000
185.8157;201.4773;0.0000;476.7455;827373632.0000
185.8157;201.9547;0.0000;477.8814;827373632.0000
185.3384;201.4320;0.0000;480.9268;827373632.0000
185.3384;201.9093;0.0000;479.9268;827373760.0000
185.8611;201.8640;0.0000;480.5854;827373760.0000
185.8611;201.8640;0.0000;483.5854;827373760.0000
185.8611;201.8187;0.0000;481.5401;827373760.0000
185.8611;201.8187;0.0000;485.1534;827373760.0000
185.3837;202.2961;5.7281;486.1534;827373760.0000
185.3837;201.7734;0.0000;483.6307;827373760.0000
185.3837;202.2507;0.0000;486.7213;827373760.0000
185.9064;202.2507;0.0000;487.0627;827373760.0000
185.9064;201.7281;0.0000;484.6760;827373760.0000
185.9064;202.2054;0.0000;487.1987;827373760.0000
185.9064;202.1601;5.7281;485.6760;827373760.0000
185.9064;201.6374;0.0000;484.2440;827373760.0000
185.9517;202.1148;0.0000;488.1534;827373760.0000
185.9517;202.0695;0.0000;485.6307;827373760.0000
185.9517;202.5468;5.7281;486.7213;827373760.0000
185.9517;202.0241;0.0000;487.6761;827373760.0000
185.9517;202.5015;0.0000;486.1534;827373760.0000
185.9517;202.5015;0.0000;487.2440;827373888.0000
185.9517;202.4562;0.0000;488.1534;827373888.0000
185.9517;202.4562;0.0000;486.1987;827373888.0000
185.9517;202.9335;5.7281;489.2440;827373888.0000
185.9517;202.9335;0.0000;488.6307;827373888.0000
185.4291;202.8882;0.0000;487.7213;827373888.0000
185.4291;202.8882;0.0000;491.2893;827373888.0000
185.3837;202.8428;0.0000;488.6307;827373888.0000
184.8611;202.8428;5.7281;491.7666;827373888.0000
184.3384;202.7976;0.0000;494.2440;827373888.0000
183.8157;203.2749;5.7281;495.6760;827373888.0000
183.2931;202.7522;0.0000;495.5612;827373888.0000
182.7704;202.7069;0.0000;506.1293;827373888.0000
182.2478;202.6616;0.0000;511.0598;827373888.0000
181.7251;202.6616;0.0000;520.3771;827373888.0000
181.7251;202.6163;0.0000;523.9451;827373888.0000
181.2024;202.6163;0.0000;525.6489;827373888.0000
181.2024;203.0936;0.0000;530.1716;827373888.0000
180.6798;203.0936;0.0000;527.0356;827374016.0000
181.1571;203.5709;0.0000;529.1263;827374016.0000
181.1571;203.5709;0.0000;531.6036;827374016.0000
181.1571;204.0483;0.0000;528.0356;827374016.0000
181.1571;204.5257;0.0000;531.6036;827374016.0000
181.1571;204.5257;0.0000;531.9903;827374016.0000
181.1118;204.5257;0.0000;530.0810;827374016.0000
181.1118;205.0030;0.0000;533.6036;827374016.0000
181.1118;205.0030;0.0000;531.9903;827374016.0000
180.5892;205.0030;0.0000;532.6036;827374016.0000
180.5438;205.4803;0.0000;536.6036;827374016.0000
180.5438;205.4803;0.0000;534.0809;827374016.0000
180.0211;205.9577;0.0000;536.1263;827374016.0000
179.4985;205.9577;5.7281;539.6489;827374016.0000
178.9758;206.4350;0.0000;536.6943;827374016.0000
178.9758;206.9123;0.0000;540.7396;827374016.0000
178.9305;206.9123;0.0000;543.7849;827374016.0000
178.4079;206.9123;0.0000;542.8302;827374016.0000
177.8852;206.8670;0.0000;546.8755;827374144.0000
177.8399;206.8670;5.7281;547.8302;827374144.0000
176.7946;206.8670;0.0000;548.9662;827374144.0000
176.2719;207.3443;0.0000;554.5795;827374144.0000
175.7493;207.3443;0.0000;555.0568;827374144.0000
175.2266;207.8217;0.0000;558.8060;827374144.0000
175.7039;207.8217;0.0000;564.8967;827374144.0000
175.1812;208.2990;0.0000;563.4647;827374144.0000
174.6586;208.2990;0.0000;566.0779;827374144.0000
175.1360;209.2990;0.0000;569.0326;827374144.0000
174.6133;209.2990;0.0000;566.5100;827374144.0000
174.5680;209.8217;0.0000;570.1233;827374144.0000
174.5680;210.2990;0.0000;570.4647;827374144.0000
174.5227;210.8217;0.0000;570.4647;827374144.0000
174.0000;211.2990;0.0000;574.0326;827374144.0000
173.4773;211.8217;0.0000;573.4194;827374144.0000
173.4320;212.2990;0.0000;572.9874;827374144.0000
172.9093;212.8217;0.0000;576.4647;827374144.0000
172.9093;213.2990;0.0000;574.8967;827374208.0000
172.8640;213.8217;0.0000;576.4647;827374272.0000
172.3414;213.8217;0.0000;577.3740;827374272.0000
172.8187;214.8217;0.0000;574.4194;827374272.0000
172.8187;214.8217;0.0000;577.4194;827374272.0000
172.2961;215.8217;0.0000;577.3287;827374272.0000
172.7734;215.8217;0.0000;575.8514;827374272.0000
172.7734;216.8217;0.0000;580.4193;827374272.0000
172.2507;217.3443;0.0000;577.2834;827374272.0000
172.7281;217.8217;0.0000;577.8513;827374272.0000
173.2054;218.3443;0.0000;580.8514;827374272.0000
173.2054;219.3443;0.0000;577.7607;827374272.0000
173.1601;219.3443;0.0000;579.3740;827374272.0000
173.1601;219.8670;0.0000;580.8060;827374272.0000
173.6374;219.8670;0.0000;578.2834;827374272.0000
173.6374;220.8670;0.0000;581.2834;827374272.0000
173.6374;221.3897;0.0000;581.7155;827374272.0000
173.6374;221.3897;0.0000;579.7607;827374336.0000
174.1148;222.3897;0.0000;583.2834;827374336.0000
174.1148;222.9123;0.0000;581.6248;827374400.0000
174.5921;223.9123;0.0000;580.7155;827374400.0000
174.0695;224.4350;0.0000;580.4193;827374400.0000
174.5468;224.4350;0.0000;581.5795;827374400.0000
174.5468;224.9576;0.0000;583.7154;827374400.0000
175.0241;225.4803;0.0000;585.6248;827374400.0000
175.0241;225.9577;0.0000;582.1021;827374400.0000
175.5015;226.4803;0.0000;584.1927;827374400.0000
175.5015;227.0030;0.0000;585.5341;827374400.0000
175.9788;227.0030;0.0000;584.0568;827374400.0000
175.4562;227.5257;0.0000;587.1021;827374400.0000
175.9335;228.0483;0.0000;586.4435;827374400.0000
175.9335;228.5709;0.0000;585.5795;827374400.0000
175.8882;229.5709;0.0000;588.5795;827374400.0000
175.8882;230.0936;0.0000;586.4888;827374400.0000
176.3655;230.6162;0.0000;587.5795;827374400.0000
176.3655;231.1389;0.0000;590.0568;827374464.0000
176.8428;231.6616;0.0000;586.9662;827374464.0000
176.8428;231.6616;0.0000;588.5342;827374528.0000
177.3202;232.1842;0.0000;589.9662;827374528.0000
177.3202;232.7069;0.0000;587.9662;827374528.0000
177.7975;233.2296;0.0000;590.5795;827374528.0000
178.2749;233.2296;0.0000;590.9208;827374528.0000
178.2749;233.7522;6.2719;590.9208;827374528.0000
178.7522;234.2749;0.0000;594.5795;827374528.0000
179.2296;234.2749;0.0000;589.3529;827374528.0000
179.7069;234.7976;0.0000;590.9208;827374528.0000
180.2296;235.3202;0.0000;593.4435;827374528.0000
180.7069;235.3202;0.0000;591.3528;827374528.0000
180.7069;236.3202;0.0000;593.0115;827374528.0000
181.7069;236.8428;0.0000;594.9208;827374528.0000
181.7069;237.3655;0.0000;592.3982;827374528.0000
182.7069;237.8882;0.0000;596.0115;827374528.0000
183.7069;238.4108;0.0000;594.8755;827374528.0000
183.7069;238.9335;0.0000;593.9208;827374592.0000
184.7069;239.4562;0.0000;598.5341;827374592.0000
185.7069;239.4562;0.0000;596.4435;827374656.0000
186.1842;239.9788;0.0000;596.9661;827374656.0000
186.7069;240.5015;0.0000;600.0115;827374656.0000
187.1842;241.0241;0.0000;597.9662;827374656.0000
188.1842;241.5468;0.0000;600.6248;827374656.0000
189.1842;242.0695;0.0000;603.5795;827374656.0000
189.1842;242.5921;0.0000;601.0568;827374656.0000
190.1842;243.1148;0.0000;604.1927;827374656.0000
190.7069;243.6374;0.0000;605.1021;827374656.0000
191.1842;243.6374;0.0000;603.1927;827374656.0000
191.7069;244.1601;0.0000;608.2380;827374656.0000
192.7069;244.6827;0.0000;605.6248;827374656.0000
193.1842;244.6827;0.0000;605.7155;827374656.0000
194.1842;245.2054;0.0000;609.2380;827374656.0000
194.6616;244.7281;0.0000;606.1021;827374656.0000
195.1842;245.2507;0.0000;608.7154;827374656.0000
195.6616;245.7734;0.0000;608.7154;827374720.0000
196.1842;245.7734;0.0000;607.1475;827374720.0000
196.6616;246.2961;0.0000;609.7154;827374784.0000
197.6616;246.2961;0.0000;610.1021;827374784.0000
198.1389;246.3414;0.0000;608.1475;827374784.0000
198.6616;246.8641;0.0000;611.6701;827374784.0000
199.6616;246.8641;0.0000;609.0568;827374784.0000
199.6616;247.3867;0.0000;608.1927;827374784.0000
200.6616;247.3867;0.0000;613.1475;827374784.0000
200.6616;247.9093;0.0000;608.5795;827374784.0000
201.6616;247.4320;0.0000;611.6701;827374784.0000
202.1389;247.9547;0.0000;612.6248;827374784.0000
203.1389;247.9547;0.0000;609.6248;827374784.0000
203.1389;248.4773;0.0000;611.1927;827374784.0000
204.1389;248.0000;0.0000;612.5341;827374784.0000
204.6616;248.0000;0.0000;610.5795;827374784.0000
205.1389;248.5227;0.0000;614.1021;827374784.0000
206.1389;248.5227;0.0000;608.6701;827374784.0000
206.6163;248.5680;0.0000;613.5341;827374848.0000
207.1389;248.5680;0.0000;616.5795;827374848.0000
207.6163;248.5680;0.0000;612.4888;827374912.0000
208.1389;248.6133;0.0000;612.6248;827374912.0000
208.6163;248.6133;0.0000;616.5341;827374912.0000
209.6163;249.1360;0.0000;612.9208;827374912.0000
210.1389;248.6586;0.0000;615.4888;827374912.0000
210.6163;249.1813;0.0000;615.9662;827374912.0000
211.1389;249.1813;0.0000;614.4435;827374912.0000
212.1389;249.2266;0.0000;617.9662;827374912.0000
213.1389;248.7492;0.0000;615.3982;827374912.0000
213.6163;248.7492;0.0000;615.4888;827374912.0000
214.1389;249.2719;0.0000;618.4888;827374912.0000
215.1389;248.7946;0.0000;615.3982;827374912.0000
215.1389;248.7946;0.0000;615.4888;827374912.0000
216.1389;248.3172;0.0000;618.4888;827374912.0000
217.1389;248.8399;0.0000;615.3982;827374912.0000
217.1389;248.3626;0.0000;618.4888;827374976.0000
217.6616;248.3626;0.0000;619.4435;827374976.0000
218.6616;248.3626;0.0000;616.9208;827374976.0000
219.1389;247.8852;0.0000;619.0115;827374976.0000
219.6616;248.4079;0.0000;618.3529;827375040.0000
220.6616;248.4079;0.0000;618.3982;827375040.0000
221.1842;247.9305;0.0000;621.9208;827375040.0000
222.1842;247.4532;0.0000;620.2622;827375040.0000
222.7069;247.4532;0.0000;620.8755;827375040.0000
223.7069;247.4532;0.0000;622.3529;827375040.0000
224.2296;246.9758;0.0000;620.2622;827375040.0000
225.2296;246.9758;0.0000;622.3076;827375040.0000
225.7522;246.4985;0.0000;623.7849;827375040.0000
226.7522;246.4985;0.0000;621.7395;827375040.0000
226.7522;246.0211;0.0000;625.7849;827375040.0000
227.7522;245.4985;0.0000;625.1716;827375040.0000
228.7522;245.0211;0.0000;623.1716;827375040.0000
229.2749;245.0211;0.0000;627.7396;827375040.0000
229.7975;244.5438;0.0000;626.1263;827375104.0000
230.7976;244.5438;0.0000;626.6942;827375104.0000
231.3202;244.0665;0.0000;630.6942;827375104.0000
232.3202;244.0665;0.0000;628.0809;827375104.0000
232.8428;243.5892;0.0000;631.6489;827375104.0000
234.3655;243.5892;5.7281;632.1263;827375104.0000
234.8882;243.1118;0.0000;630.1263;827375104.0000
235.8882;243.1118;5.7281;634.6489;827375104.0000
236.4108;243.1118;0.0000;634.0356;827375104.0000
237.4108;242.6345;0.0000;630.6489;827375104.0000
237.4108;241.6345;0.0000;635.6489;827375104.0000
238.4108;241.6345;0.0000;634.4677;827375104.0000
239.4108;241.1572;0.0000;632.1263;827375104.0000
239.9335;241.1572;0.0000;637.6036;827375104.0000
240.4108;240.6798;0.0000;634.4677;827375104.0000
240.9335;239.6798;5.7281;637.1263;827375104.0000
241.9335;239.2025;0.0000;639.0356;827375104.0000
242.4108;239.2025;5.7281;636.5129;827375104.0000
242.9335;238.2025;0.0000;639.9904;827375168.0000
243.4562;237.7251;0.0000;640.4224;827375168.0000
244.4561;237.7251;0.0000;637.5129;827375168.0000
244.9335;236.7251;0.0000;640.0809;827375168.0000
245.4561;236.2477;5.7281;638.4224;827375232.0000
246.4561;235.2477;0.0000;635.6489;827375232.0000
246.4561;235.2477;0.0000;645.9450;827375232.0000
246.9788;234.2477;0.0000;637.0809;827375232.0000
247.5015;234.2477;0.0000;642.0809;827375232.0000
248.5015;233.2477;0.0000;645.0809;827375232.0000
248.9788;232.7704;0.0000;641.5129;827375232.0000
249.5015;231.7704;0.0000;644.5583;827375232.0000
250.5015;231.2931;0.0000;646.9903;827375232.0000
251.0241;230.2931;0.0000;643.5129;827375232.0000
251.0241;230.2931;0.0000;648.0356;827375232.0000
251.5468;229.2931;0.0000;645.9450;827375232.0000
252.0695;228.2931;0.0000;647.0810;827375232.0000
253.0694;227.8157;0.0000;651.1263;827375232.0000
253.0694;226.8157;0.0000;649.0356;827375296.0000
254.0695;226.8157;0.0000;651.1716;827375296.0000
254.5921;225.8157;0.0000;653.1716;827375296.0000
255.1148;225.3384;0.0000;649.0809;827375296.0000
255.6374;224.8157;0.0000;652.7396;827375360.0000
256.1148;224.3384;0.0000;654.1263;827375360.0000
256.6375;223.3384;0.0000;652.1716;827375360.0000
257.6374;222.3384;0.0000;655.7849;827375360.0000
258.1601;221.3384;0.0000;654.1716;827375360.0000
258.1601;220.3384;0.0000;655.2622;827375360.0000
258.6827;219.8611;0.0000;658.3529;827375360.0000
258.6827;219.3384;0.0000;656.6942;827375360.0000
259.2054;218.3384;0.0000;658.2623;827375360.0000
259.7281;217.3384;0.0000;659.8302;827375360.0000
260.2054;216.3384;0.0000;656.2169;827375360.0000
260.7281;215.8611;0.0000;657.3529;827375360.0000
261.7281;214.8611;0.0000;660.7395;827375360.0000
262.2507;213.8611;0.0000;656.2169;827375360.0000
262.7734;212.8611;0.0000;660.3076;827375424.0000
263.2961;212.3384;0.0000;658.2623;827375424.0000
263.2961;211.8611;0.0000;658.2623;827375424.0000
263.8187;210.8611;6.2719;663.3529;827375424.0000
264.3414;209.8611;0.0000;658.7396;827375488.0000
264.3414;208.8611;6.2719;660.2622;827375488.0000
264.8640;207.8611;6.2719;663.7396;827375488.0000
264.8640;206.3384;0.0000;660.1716;827375488.0000
265.3867;205.3384;6.2719;662.2622;827375488.0000
265.3867;204.3384;0.0000;663.2169;827375488.0000
265.9093;203.8157;0.0000;659.6943;827375488.0000
265.9093;202.8157;6.2719;662.7396;827375488.0000
265.9093;201.8157;6.2719;664.1263;827375488.0000
265.9093;200.8157;0.0000;660.1716;827375488.0000
266.4320;200.2931;0.0000;665.2622;827375488.0000
266.4320;199.2931;0.0000;662.5583;827375488.0000
266.4320;199.2931;0.0000;657.4677;827375488.0000
266.9547;198.2931;0.0000;669.8302;827375488.0000
266.9547;197.2931;0.0000;666.2169;827375552.0000
266.9547;196.2931;0.0000;667.3982;827375552.0000
267.4773;195.7704;0.0000;670.2622;827375552.0000
267.4773;194.7704;0.0000;666.2622;827375552.0000
267.4773;193.2477;0.0000;669.3528;827375616.0000
267.4773;192.7251;0.0000;668.7849;827375616.0000
267.4773;191.7251;0.0000;667.7849;827375616.0000
267.4773;191.2025;0.0000;670.8302;827375616.0000
268.0000;190.2025;0.0000;669.2169;827375616.0000
267.5226;189.6798;0.0000;669.2623;827375616.0000
267.5226;188.6798;0.0000;671.7849;827375616.0000
267.5226;187.6798;0.0000;668.6942;827375616.0000
267.5226;187.1571;0.0000;670.7396;827375616.0000
267.5226;186.1571;0.0000;673.2169;827375616.0000
267.5226;185.1571;0.0000;668.6942;827375616.0000
267.0000;185.1571;0.0000;670.7849;827375616.0000
267.0000;184.1571;0.0000;672.6942;827375616.0000
266.5226;183.1571;0.0000;669.6942;827375680.0000
266.5226;182.6345;5.7281;671.7396;827375680.0000
266.5226;182.1118;0.0000;672.0809;827375680.0000
266.5226;180.5892;5.7281;670.6943;827375680.0000
266.0000;180.0665;0.0000;670.3982;827375680.0000
266.0000;179.0665;0.0000;672.0809;827375680.0000
266.0000;178.5438;0.0000;672.1716;827375744.0000
265.0000;178.0211;0.0000;675.1716;827375744.0000
265.0000;177.0211;0.0000;672.9903;827375744.0000
265.0000;176.4985;0.0000;674.1716;827375744.0000
264.5226;175.4985;0.0000;675.0809;827375744.0000
264.5226;174.9758;0.0000;672.0809;827375744.0000
264.5226;173.9758;0.0000;675.2169;827375744.0000
264.0453;173.4532;0.0000;675.0356;827375744.0000
264.0453;172.4532;0.0000;674.0809;827375744.0000
264.0453;171.9305;0.0000;676.1263;827375744.0000
264.0453;171.4079;0.0000;674.5129;827375744.0000
264.0453;170.4079;0.0000;675.0809;827375744.0000
263.5680;169.3626;0.0000;676.6036;827375808.0000
263.0453;168.8399;0.0000;673.5129;827375808.0000
263.0453;167.8399;0.0000;675.6036;827375808.0000
262.5226;167.3172;0.0000;676.5129;827375808.0000
262.0453;166.3172;0.0000;673.5129;827375808.0000
261.5226;165.7946;0.0000;676.6489;827375808.0000
261.5226;165.3172;0.0000;675.0356;827375872.0000
260.5226;164.7946;0.0000;674.4677;827375872.0000
260.5226;163.7946;0.0000;673.3076;827375872.0000
260.5226;163.2719;0.0000;675.9450;827375872.0000
260.0000;162.7493;0.0000;674.0356;827375872.0000
260.0000;161.7493;0.0000;678.5129;827375872.0000
259.5226;161.7493;0.0000;674.9451;827375872.0000
259.0000;160.7493;0.0000;676.5583;827375872.0000
258.5226;160.2266;6.2719;676.5129;827375872.0000
258.5226;160.2266;0.0000;673.5129;827375872.0000
258.5226;159.2266;0.0000;677.0356;827375872.0000
257.5226;158.7039;0.0000;675.9903;827375872.0000
257.5226;157.7039;0.0000;673.9903;827375936.0000
257.0000;157.1812;0.0000;677.6036;827375936.0000
256.5226;156.1813;0.0000;674.9451;827375936.0000
256.0000;155.6586;0.0000;673.9903;827375936.0000
256.0000;154.6586;0.0000;676.9903;827375936.0000
255.0000;154.1360;0.0000;674.3770;827375936.0000
255.0000;153.1360;0.0000;675.5583;827376000.0000
254.0000;152.6133;0.0000;676.4677;827376000.0000
254.0000;152.1360;0.0000;673.9451;827376000.0000
253.5227;151.6133;0.0000;676.4677;827376000.0000
253.0000;150.6133;0.0000;676.8544;827376000.0000
253.0000;150.6133;0.0000;673.9451;827376000.0000
253.0000;149.6133;0.0000;676.5129;827376000.0000
252.5227;149.6133;0.0000;673.8544;827376000.0000
252.0000;148.6133;0.0000;672.9449;827376000.0000
252.0000;148.6133;0.0000;676.5129;827376000.0000
251.5226;147.6133;0.0000;673.3770;827376000.0000
251.0000;147.6133;0.0000;674.9451;827376000.0000
251.0000;146.6133;0.0000;676.8544;827376064.0000
250.0000;146.0906;0.0000;672.8091;827376064.0000
249.4773;145.6133;0.0000;675.4224;827376064.0000
248.4773;145.0907;0.0000;675.8090;827376064.0000
247.9547;144.0907;0.0000;673.3770;827376064.0000
246.9547;144.0907;0.0000;675.8997;827376064.0000
246.9547;143.5680;0.0000;674.2411;827376128.0000
246.4320;143.0907;0.0000;673.8544;827376128.0000
246.4320;142.5680;0.0000;676.8544;827376128.0000
245.9093;142.0907;0.0000;673.7184;827376128.0000
244.9093;141.5680;0.0000;674.3317;827376128.0000
244.9093;141.0907;0.0000;676.8544;827376128.0000
243.9093;141.0907;0.0000;673.1957;827376128.0000
243.3867;140.5680;0.0000;675.8090;827376128.0000
242.8640;140.5680;0.0000;675.1958;827376128.0000
242.3867;139.5680;0.0000;673.7184;827376128.0000
241.8640;139.0906;0.0000;676.3317;827376128.0000
240.8640;138.5680;0.0000;674.1505;827376128.0000
239.8187;138.0906;0.0000;674.2411;827376192.0000
239.2961;137.5680;0.0000;677.8091;827376192.0000
238.2961;137.0453;0.0000;674.1505;827376192.0000
237.7734;136.0453;0.0000;675.2864;827376192.0000
236.2507;135.5227;0.0000;676.7637;827376192.0000
235.2054;134.5227;0.0000;673.6278;827376192.0000
234.2054;134.0000;0.0000;676.2410;827376192.0000
233.1601;133.0000;0.0000;676.1505;827376256.0000
232.1601;132.4773;0.0000;673.1505;827376256.0000
231.1148;132.4773;0.0000;677.1957;827376256.0000
230.1148;131.4773;0.0000;674.5824;827376256.0000
229.5921;131.4773;0.0000;673.1957;827376256.0000
228.5921;130.4773;0.0000;677.2410;827376256.0000
228.0695;130.4773;0.0000;674.5824;827376256.0000
227.0695;130.4773;0.0000;673.6731;827376256.0000
226.5468;130.0000;0.0000;676.7184;827376256.0000
226.0241;129.4773;0.0000;673.0598;827376256.0000
225.0241;129.4773;0.0000;675.7637;827376256.0000
224.5015;129.0000;0.0000;674.6278;827376320.0000
223.9788;128.4773;0.0000;672.6278;827376320.0000
222.9788;128.4773;0.0000;676.2410;827376320.0000
222.4562;127.4773;0.0000;674.6278;827376320.0000
221.4562;127.4773;0.0000;672.6278;827376320.0000
220.4562;127.0000;0.0000;676.7184;827376320.0000
219.9335;126.4773;0.0000;672.5825;827376320.0000
219.4108;126.4773;0.0000;673.1505;827376384.0000
218.4108;125.9547;0.0000;676.1505;827376384.0000
217.3655;125.4773;0.0000;673.5370;827376384.0000
216.3655;124.9547;0.0000;674.1505;827376384.0000
215.3655;124.4773;0.0000;674.1505;827376384.0000
214.3202;123.9547;0.0000;671.6277;827376384.0000
213.7975;123.9547;0.0000;674.1505;827376384.0000
212.2749;123.9547;0.0000;675.1051;827376384.0000
211.7522;122.9547;5.7281;672.5825;827376384.0000
210.2296;122.9547;0.0000;675.6731;827376384.0000
208.7069;122.4320;0.0000;673.5370;827376448.0000
207.6616;121.9547;0.0000;672.1504;827376448.0000
206.1389;121.4320;0.0000;675.1958;827376448.0000
205.0936;121.4320;0.0000;673.0598;827376448.0000
203.5709;120.4320;0.0000;674.7184;827376448.0000
202.5257;119.9093;5.7281;677.2410;827376448.0000
201.0030;119.9093;0.0000;674.1505;827376448.0000
199.9577;118.9093;5.7281;676.7637;827376448.0000
198.4350;118.9093;0.0000;678.2411;827376512.0000
197.9123;118.3867;0.0000;675.2864;827376512.0000
196.3897;118.3867;0.0000;678.3317;827376512.0000
195.3443;117.9093;0.0000;676.2410;827376512.0000
193.8217;117.3867;0.0000;677.8091;827376512.0000
192.8217;117.3867;0.0000;679.3770;827376512.0000
191.7764;117.3867;5.7281;677.7184;827376512.0000
190.7764;116.9093;0.0000;678.3770;827376512.0000
190.2537;116.3867;0.0000;679.8997;827376512.0000
188.7311;115.9093;0.0000;678.6731;827376512.0000
187.7311;115.9093;0.0000;679.4224;827376576.0000
187.2084;115.9093;0.0000;680.8090;827376576.0000
186.2084;115.9093;0.0000;678.3317;827376576.0000
185.2084;115.4320;0.0000;680.4224;827376576.0000
184.2084;115.4320;0.0000;678.8090;827376576.0000
183.2084;115.4320;0.0000;676.9903;827376576.0000
183.2084;115.4320;0.0000;680.9450;827376576.0000
182.2084;115.4320;0.0000;678.3770;827376576.0000
181.2084;115.9547;0.0000;677.5129;827376640.0000
180.7310;115.9547;0.0000;679.9903;827376640.0000
179.7311;115.9547;0.0000;676.8544;827376640.0000
179.2537;116.4773;0.0000;679.0356;827376640.0000
178.2537;116.0000;0.0000;679.4677;827376640.0000
177.7310;116.5227;0.0000;677.4677;827376640.0000
177.2537;116.5227;0.0000;681.5129;827376640.0000
176.2537;116.5227;0.0000;679.4224;827376640.0000
175.7764;117.0453;0.0000;678.9449;827376640.0000
174.7764;117.0453;0.0000;681.5583;827376640.0000
173.2990;117.5680;0.0000;678.9449;827376704.0000
172.8217;118.0907;0.0000;677.6036;827376704.0000
171.8217;118.0907;0.0000;679.6489;827376704.0000
171.3443;118.6133;0.0000;677.0809;827376704.0000
170.3443;119.1360;0.0000;678.6942;827376704.0000
169.8670;119.6586;0.0000;679.6489;827376704.0000
168.8670;119.7039;0.0000;677.6942;827376704.0000
168.3897;120.2266;0.0000;680.2169;827376704.0000
167.3897;120.7493;0.0000;677.6942;827376768.0000
166.3897;121.2719;0.0000;678.2169;827376768.0000
165.8670;121.7946;0.0000;678.8302;827376768.0000
165.3897;122.3172;0.0000;677.6942;827376768.0000
164.3897;122.8399;0.0000;676.7849;827376768.0000
163.3897;122.8399;0.0000;678.3529;827376768.0000
162.3897;123.3626;0.0000;677.6942;827376768.0000
161.3897;123.8852;0.0000;678.3529;827376768.0000
160.8670;124.8852;0.0000;678.3529;827376768.0000
159.8670;125.4079;0.0000;675.3529;827376768.0000
159.3897;126.4532;0.0000;678.3982;827376832.0000
158.8670;126.4985;0.0000;677.3982;827376832.0000
157.8670;127.0212;0.0000;676.3529;827376832.0000
157.3443;127.5438;0.0000;680.0115;827376832.0000
156.8670;128.0665;0.0000;677.8302;827376832.0000
155.8670;128.5892;0.0000;676.9662;827376832.0000
155.3897;128.5892;0.0000;680.0115;827376832.0000
154.8670;129.1118;0.0000;675.8755;827376832.0000
154.3897;129.6345;0.0000;678.5341;827376896.0000
153.3897;129.6345;0.0000;679.9662;827376896.0000
152.8670;130.1572;0.0000;676.9208;827376896.0000
152.3897;130.6798;0.0000;679.0115;827376896.0000
151.3897;131.2025;0.0000;679.4888;827376896.0000
150.3897;131.2025;0.0000;675.4888;827376896.0000
149.8670;131.7251;0.0000;679.5795;827376896.0000
148.8670;132.2478;0.0000;676.9208;827376896.0000
148.8670;132.7704;0.0000;677.0568;827376896.0000
147.8670;133.7704;0.0000;680.1021;827376960.0000
146.8670;134.2931;0.0000;676.9208;827376960.0000
146.8670;134.8158;0.0000;676.6248;827376960.0000
145.8670;135.3384;0.0000;679.1475;827376960.0000
145.3443;135.3384;0.0000;674.0568;827376960.0000
144.3443;135.8611;0.0000;677.1927;827376960.0000
143.8670;136.3837;0.0000;677.6701;827376960.0000
143.3443;136.9064;0.0000;676.6248;827376960.0000
142.3443;137.9064;0.0000;677.2381;827376960.0000
141.3443;137.9064;0.0000;675.6701;827376960.0000
140.8217;138.4291;0.0000;674.2834;827377024.0000
140.3443;138.9517;0.0000;678.7607;827377024.0000
139.8217;139.4744;0.0000;675.6701;827377024.0000
138.8217;140.5197;0.0000;675.3287;827377024.0000
137.8217;141.0423;0.0000;676.8060;827377024.0000
136.8217;142.0423;0.0000;674.7154;827377024.0000
136.3443;143.0877;0.0000;675.3740;827377024.0000
135.8217;144.0877;0.0000;676.8060;827377024.0000
134.8217;145.1330;0.0000;672.8513;827377088.0000
133.8217;145.6557;0.0000;674.9420;827377088.0000
132.8217;146.1783;0.0000;674.3287;827377088.0000
132.2990;146.7010;0.0000;673.4194;827377088.0000
131.2990;147.7010;0.0000;674.9873;827377088.0000
130.8217;148.2236;0.0000;673.8967;827377088.0000
129.8217;148.7463;0.0000;672.9420;827377088.0000
129.3443;149.2690;0.0000;674.9873;827377088.0000
128.3443;150.2689;0.0000;672.8967;827377088.0000
127.8670;151.3143;0.0000;674.0326;827377088.0000
126.8670;151.8369;0.0000;674.9873;827377152.0000
126.3897;152.8369;0.0000;671.9874;827377152.0000
125.3897;153.3596;0.0000;674.6006;827377152.0000
125.3897;153.8822;0.0000;674.9873;827377152.0000
124.3897;154.8822;0.0000;673.0326;827377152.0000
123.9123;155.4049;0.0000;675.6459;827377152.0000
123.3897;156.4502;0.0000;673.0326;827377152.0000
122.9123;156.9729;0.0000;673.0779;827377152.0000
121.9123;157.9729;0.0000;675.1233;827377216.0000
121.9123;158.4956;0.0000;673.5100;827377216.0000
120.9123;159.4956;0.0000;674.1686;827377216.0000
120.4350;159.4956;0.0000;675.1233;827377216.0000
119.9577;160.4956;0.0000;672.6006;827377216.0000
119.9577;161.5408;0.0000;673.7366;827377216.0000
119.4803;162.0635;0.0000;673.6459;827377216.0000
119.0030;163.0635;0.0000;671.2139;827377216.0000
119.0030;163.0635;0.0000;674.3045;827377216.0000
118.0030;164.5862;0.0000;671.1686;827377216.0000
117.5256;164.5862;0.0000;670.7819;827377280.0000
116.5257;165.5862;0.0000;673.3046;827377280.0000
116.5257;166.5862;0.0000;671.6459;827377280.0000
116.0483;167.1088;0.0000;671.3499;827377280.0000
115.0483;168.1088;0.0000;672.7819;827377280.0000
114.5709;168.5862;0.0000;670.2593;827377280.0000
114.0936;169.1088;0.0000;670.9178;827377280.0000
113.6163;169.5862;0.0000;672.3499;827377280.0000
113.1389;170.1088;0.0000;669.8726;827377344.0000
112.6616;170.5862;0.0000;672.5311;827377344.0000
113.1842;171.5862;0.0000;671.8726;827377344.0000
112.7069;171.5862;0.0000;671.0085;827377344.0000
112.7069;172.1088;0.0000;675.1445;827377344.0000
112.2296;173.1088;0.0000;673.5311;827377344.0000
111.2296;173.6315;0.0000;675.2351;827377344.0000
111.2296;174.1088;0.0000;677.7578;827377344.0000
110.7522;175.1088;0.0000;673.1898;827377344.0000
110.2749;175.6315;0.0000;675.8484;827377344.0000
110.2749;176.6315;0.0000;678.7125;827377408.0000
109.7976;177.1541;0.0000;675.3711;827377408.0000
109.7976;178.1541;0.0000;678.5070;827377408.0000
109.3202;178.6315;0.0000;678.9844;827377408.0000
109.3202;179.1541;0.0000;679.5977;827377408.0000
109.3202;179.6768;0.0000;684.2563;827377408.0000
109.3655;180.6768;0.0000;682.1204;827377408.0000
109.3655;181.1995;0.0000;679.4829;827377408.0000
108.8882;182.1995;0.0000;685.3016;827377472.0000
108.8882;182.7221;0.0000;680.0750;827377472.0000
108.9335;183.7221;0.0000;684.8243;827377472.0000
108.4562;184.7221;0.0000;683.2109;827377472.0000
108.4562;185.7222;0.0000;679.6884;827377472.0000
107.9788;186.2448;0.0000;682.8696;827377472.0000
107.9788;186.7222;0.0000;681.3016;827377472.0000
107.9788;187.7221;0.0000;680.9149;827377472.0000
107.5015;188.2448;0.0000;686.5282;827377472.0000
108.0242;189.2448;0.0000;684.9603;827377472.0000
108.0242;189.7675;0.0000;685.6188;827377536.0000
107.5468;190.7675;0.0000;688.6189;827377536.0000
107.5468;191.2901;0.0000;686.5282;827377536.0000
107.0695;192.2901;0.0000;689.1868;827377536.0000
106.5921;193.2901;0.0000;689.1868;827377536.0000
106.5921;193.8127;0.0000;686.6642;827377600.0000
106.5921;194.8127;0.0000;690.2321;827377600.0000
106.6374;195.8128;0.0000;689.1415;827377600.0000
106.6374;196.8581;0.0000;687.7095;827377664.0000
106.6374;197.8581;0.0000;690.8001;827377664.0000
106.6374;198.3807;0.0000;688.6642;827377664.0000
106.6828;199.3807;0.0000;687.2775;827377664.0000
106.6828;199.9034;0.0000;690.8001;827377664.0000
106.2054;200.9034;0.0000;689.1868;827377664.0000
105.7281;201.9034;0.0000;689.8455;827377664.0000
105.7281;202.4261;0.0000;693.2775;827377664.0000
105.2507;203.4261;0.0000;688.3681;827377664.0000
104.7734;204.4261;0.0000;691.9361;827377664.0000
104.7734;204.9487;0.0000;692.3228;827377728.0000
104.2961;205.9487;0.0000;690.4135;827377728.0000
104.2961;206.9487;0.0000;693.9814;827377728.0000
104.8187;207.4714;0.0000;692.8455;827377728.0000
104.8640;208.4714;0.0000;691.4587;827377728.0000
104.9093;209.4714;0.0000;693.5947;827377728.0000
105.4320;210.4714;0.0000;692.4134;827377728.0000
105.4773;211.5167;0.0000;694.5494;827377792.0000
106.0000;212.5167;0.0000;693.5947;827377792.0000
106.0453;213.5167;0.0000;693.4587;827377792.0000
106.5680;214.0394;0.0000;694.0720;827377792.0000
106.0907;215.0394;0.0000;696.9814;827377792.0000
106.6133;216.0394;0.0000;694.1173;827377792.0000
106.6586;216.5167;0.0000;698.2987;827377792.0000
106.1813;217.0394;0.0000;697.6853;827377792.0000
106.7039;218.0394;0.0000;698.8213;827377792.0000
106.7039;219.0394;0.0000;701.9119;827377792.0000
106.7039;220.0394;0.0000;698.8213;827377792.0000
106.2266;221.0394;0.0000;700.9573;827377792.0000
106.2266;221.5167;0.0000;702.4799;827377856.0000
106.2719;222.5621;0.0000;699.8666;827377856.0000
106.3172;223.5620;0.0000;704.0026;827377856.0000
106.8399;224.5621;0.0000;704.9573;827377856.0000
106.8399;225.5620;0.0000;702.4346;827377856.0000
107.3626;226.0394;0.0000;705.0932;827377856.0000
107.4079;226.5620;0.0000;702.4346;827377920.0000
107.4079;227.0394;0.0000;702.5706;827377920.0000
107.4532;228.0394;0.0000;705.6611;827377920.0000
107.4532;228.5167;0.0000;702.4799;827377920.0000
107.9758;229.5167;0.0000;705.0932;827377920.0000
107.9758;229.5167;0.0000;706.1385;827377920.0000
107.9758;230.5167;0.0000;702.4799;827377920.0000
108.4985;230.9941;0.0000;703.6612;827377920.0000
108.4985;231.5167;0.0000;705.0932;827377920.0000
109.0212;231.9940;0.0000;702.0931;827377920.0000
108.5438;232.9941;0.0000;703.7971;827377920.0000
108.5438;233.5167;0.0000;703.6612;827377920.0000
109.0665;233.9941;0.0000;702.7065;827377984.0000
109.5892;234.9941;0.0000;705.2291;827377984.0000
109.5892;235.9941;0.0000;704.1385;827377984.0000
110.1118;235.9941;0.0000;702.7518;827377984.0000
109.6345;236.9941;0.0000;705.7518;827377984.0000
110.1572;237.4714;0.0000;703.6612;827377984.0000
110.1572;238.4714;0.0000;704.7518;827378048.0000
110.1572;238.9487;0.0000;701.4104;827378048.0000
110.6798;239.4261;0.0000;702.7065;827378048.0000
110.6798;240.4261;0.0000;704.7972;827378048.0000
110.6798;240.9034;0.0000;703.7065;827378048.0000
111.2025;241.9034;0.0000;702.2744;827378048.0000
111.2025;242.3807;0.0000;705.3651;827378048.0000
111.7251;243.3807;0.0000;703.7065;827378048.0000
111.7251;244.3807;0.0000;703.2744;827378048.0000
112.2478;244.8581;0.0000;705.7972;827378048.0000
111.7704;245.8581;5.7281;703.1838;827378048.0000
112.2931;246.3354;0.0000;704.8424;827378048.0000
112.2931;247.3355;5.7281;705.2745;827378112.0000
112.8158;247.8128;0.0000;702.7518;827378112.0000
112.8158;248.8127;0.0000;704.4104;827378112.0000
112.8158;249.2901;0.0000;704.2745;827378112.0000
113.3384;250.2901;5.7281;703.3198;827378112.0000
113.3384;250.7675;0.0000;706.4104;827378112.0000
113.3384;251.7675;5.7281;703.2744;827378176.0000
113.8611;252.2448;0.0000;701.4558;827378176.0000
113.8611;253.2448;0.0000;704.9331;827378176.0000
114.3837;253.7222;0.0000;702.3198;827378176.0000
114.3837;254.7221;0.0000;704.4104;827378176.0000
114.9064;255.7222;5.7281;704.8878;827378176.0000
114.9064;256.1995;0.0000;701.8878;827378176.0000
115.4291;257.1995;0.0000;704.4104;827378176.0000
115.4291;257.6768;0.0000;704.3651;827378176.0000
115.9517;258.6768;0.0000;700.4104;827378176.0000
116.4291;259.1542;0.0000;705.8878;827378176.0000
116.9517;260.1541;0.0000;702.3198;827378176.0000
116.9517;260.1541;0.0000;701.9331;827378176.0000
117.4744;261.1541;0.0000;705.9784;827378176.0000
117.4744;261.6315;0.0000;702.3198;827378176.0000
117.9970;262.1088;0.0000;703.4557;827378176.0000
117.9970;263.1088;0.0000;704.9331;827378176.0000
118.9970;264.1088;0.0000;702.3198;827378176.0000
119.5197;265.1088;0.0000;704.9331;827378240.0000
120.0423;265.5862;0.0000;705.3651;827378240.0000
120.5650;266.5862;0.0000;700.9331;827378240.0000
120.5650;267.5862;0.0000;705.9784;827378240.0000
121.0877;268.5862;0.0000;704.3198;827378240.0000
122.0877;269.0635;0.0000;703.8878;827378240.0000
122.6103;270.0635;0.0000;706.9331;827378240.0000
123.0877;271.0635;0.0000;703.7971;827378240.0000
123.6103;271.5408;0.0000;705.4104;827378240.0000
124.1330;272.5409;0.0000;706.9331;827378240.0000
124.6557;273.0182;0.0000;704.3198;827378240.0000
125.1783;274.4955;0.0000;707.4104;827378240.0000
125.7010;274.9729;0.0000;708.3651;827378240.0000
126.2236;275.9276;0.0000;706.3198;827378304.0000
126.7463;276.9276;0.0000;708.8878;827378304.0000
127.2236;277.8823;0.0000;708.2291;827378304.0000
127.7463;278.8822;0.0000;708.7518;827378304.0000
128.2689;279.8369;0.0000;710.8425;827378368.0000
128.7916;280.8369;0.0000;709.6611;827378368.0000
129.3143;281.3142;0.0000;710.2745;827378368.0000
130.8369;281.7916;0.0000;710.8425;827378368.0000
131.3596;282.7916;0.0000;708.7065;827378368.0000
131.8822;283.2690;0.0000;711.8424;827378368.0000
132.8822;283.7462;0.0000;711.7518;827378368.0000
133.4049;285.2236;0.0000;710.2292;827378368.0000
134.4049;285.7010;0.0000;712.7971;827378368.0000
134.9276;286.1783;0.0000;712.1838;827378368.0000
135.4502;286.6556;0.0000;711.2292;827378368.0000
135.9729;287.6556;0.0000;715.2745;827378368.0000
136.9729;288.1330;0.0000;712.1385;827378368.0000
137.4956;288.6103;0.0000;712.7065;827378368.0000
138.0182;289.0876;0.0000;715.2292;827378432.0000
139.0182;290.0876;0.0000;712.1385;827378432.0000
139.5408;290.5650;0.0000;712.7971;827378432.0000
140.5408;291.0424;0.0000;715.6611;827378432.0000
141.5408;291.5650;0.0000;712.1385;827378496.0000
142.0635;292.0423;0.0000;714.7065;827378496.0000
143.0635;292.5197;0.0000;714.6158;827378496.0000
143.5862;292.5197;6.2719;713.1385;827378496.0000
144.1088;292.9970;0.0000;716.2745;827378496.0000
145.1088;293.9970;0.0000;714.0479;827378496.0000
145.6315;293.9970;6.2719;713.6611;827378496.0000
146.1542;294.4744;0.0000;717.1838;827378496.0000
147.6768;294.4744;0.0000;713.5252;827378496.0000
148.1995;294.9971;0.0000;714.2291;827378496.0000
149.7221;295.4744;0.0000;715.6611;827378496.0000
150.7675;295.9970;0.0000;713.5706;827378496.0000
151.2901;296.4743;0.0000;714.7065;827378496.0000
152.8128;297.4744;0.0000;716.1385;827378496.0000
153.3355;297.4744;0.0000;713.6158;827378560.0000
154.3354;297.4744;0.0000;716.2745;827378560.0000
154.8581;298.4744;0.0000;715.5253;827378560.0000
155.9034;298.4744;0.0000;714.1385;827378560.0000
156.9034;298.9517;0.0000;716.7065;827378624.0000
157.4261;298.9517;0.0000;709.7065;827378624.0000
158.4261;299.9517;0.0000;715.6611;827378624.0000
159.4261;299.9517;0.0000;717.1838;827378624.0000
160.4714;300.4291;0.0000;714.0026;827378624.0000
160.9941;300.4291;0.0000;716.1385;827378624.0000
161.5167;300.9064;0.0000;716.6158;827378624.0000
163.0394;300.9064;0.0000;715.0479;827378624.0000
164.0394;301.3837;0.0000;717.1838;827378624.0000
164.5621;302.3837;0.0000;715.5253;827378624.0000
166.0847;301.8611;0.0000;715.6158;827378624.0000
166.6073;302.3384;0.0000;718.1385;827378624.0000
167.1300;302.3384;0.0000;715.5253;827378624.0000
168.1300;302.8157;0.0000;715.6611;827378624.0000
169.1753;302.8157;0.0000;717.1838;827378688.0000
170.1753;302.8157;0.0000;715.5253;827378688.0000
170.6980;302.8157;0.0000;717.6611;827378688.0000
171.2207;303.2931;0.0000;717.0931;827378688.0000
172.2207;303.2931;0.0000;715.0479;827378752.0000
172.7433;303.7704;0.0000;719.1385;827378752.0000
174.2660;303.7704;0.0000;716.4799;827378752.0000
174.7887;303.7251;0.0000;711.7971;827378752.0000
175.3113;303.7251;6.2719;719.1385;827378752.0000
176.8340;304.2025;0.0000;716.0026;827378752.0000
177.3566;304.2025;0.0000;717.0931;827378752.0000
178.3566;304.2025;0.0000;718.6158;827378752.0000
179.4019;304.6798;0.0000;716.4799;827378752.0000
179.9246;304.6798;0.0000;717.6158;827378752.0000
180.9246;305.1571;0.0000;718.0932;827378752.0000
181.9699;304.6345;0.0000;715.5253;827378752.0000
182.4926;304.6345;0.0000;718.1385;827378752.0000
183.4926;304.5891;0.0000;716.9573;827378752.0000
184.5379;304.5891;6.2719;715.5253;827378816.0000
185.5379;304.5891;0.0000;720.0931;827378816.0000
186.0606;304.5438;6.2719;716.9573;827378816.0000
187.0606;304.5438;0.0000;716.0479;827378816.0000
188.1059;305.0212;0.0000;719.5706;827378880.0000
189.1059;304.4985;0.0000;715.4799;827378880.0000
190.1512;304.4985;0.0000;718.0932;827378880.0000
190.6738;304.9758;0.0000;718.5252;827378880.0000
192.1965;304.9758;0.0000;715.0026;827378880.0000
192.7191;304.4532;0.0000;718.0932;827378880.0000
194.2418;304.9305;0.0000;718.4799;827378880.0000
195.2871;304.9305;0.0000;715.5253;827378880.0000
196.2872;305.4079;0.0000;719.6158;827378880.0000
197.8098;304.8852;0.0000;716.9119;827378880.0000
198.8551;304.8852;0.0000;714.5706;827378880.0000
200.3778;304.8399;0.0000;720.5252;827378880.0000
201.3778;304.8399;0.0000;715.9119;827378880.0000
202.4231;304.7946;0.0000;718.0479;827378880.0000
203.4231;304.7946;0.0000;718.5252;827378944.0000
204.4231;304.7493;0.0000;716.4346;827378944.0000
205.4684;304.7493;0.0000;719.0479;827378944.0000
206.4684;304.2266;0.0000;718.4799;827379008.0000
207.4684;304.7039;0.0000;715.5253;827379008.0000
207.9911;304.1812;0.0000;720.0479;827379008.0000
208.9911;304.6586;0.0000;717.9119;827379008.0000
209.9911;304.1360;0.0000;716.0026;827379008.0000
210.5137;303.6133;0.0000;720.0479;827379008.0000
211.5137;304.0906;0.0000;717.3439;827379008.0000
212.5137;303.5680;0.0000;717.5705;827379008.0000
213.5137;303.5226;0.0000;720.0026;827379008.0000
214.0364;303.0000;0.0000;717.3439;827379008.0000
215.0364;303.4773;0.0000;718.5252;827379008.0000
215.5137;302.9547;0.0000;719.4346;827379008.0000
216.0364;302.4320;0.0000;717.9119;827379008.0000
217.0364;302.3867;0.0000;720.0026;827379008.0000
218.5591;301.8640;0.0000;718.8666;827379008.0000
219.5591;302.3414;0.0000;718.0026;827379008.0000
220.5591;301.8187;0.0000;721.0026;827379072.0000
222.0817;301.7734;0.0000;718.8213;827379072.0000
223.0817;301.2507;0.0000;719.4346;827379136.0000
223.6044;300.7281;0.0000;720.9573;827379136.0000
224.6044;301.2054;0.0000;718.2533;827379136.0000
226.1271;300.6827;0.0000;720.4346;827379136.0000
227.1270;300.1601;0.0000;723.2986;827379136.0000
227.6497;300.1147;0.0000;719.3439;827379136.0000
228.6497;299.5921;0.0000;721.4346;827379136.0000
229.6497;299.5468;0.0000;720.2986;827379136.0000
230.6497;299.0241;0.0000;719.9119;827379136.0000
232.1724;298.5015;0.0000;722.9573;827379136.0000
233.1724;297.9788;0.0000;720.8666;827379136.0000
233.6950;297.9335;0.0000;721.5253;827379136.0000
234.6950;296.8882;0.0000;725.0026;827379136.0000
235.6950;296.3655;0.0000;721.8666;827379136.0000
236.6950;296.3202;0.0000;724.0026;827379136.0000
237.6950;295.2749;0.0000;726.3439;827379136.0000
238.6950;295.2296;0.0000;722.3893;827379200.0000
239.6951;294.7069;0.0000;725.0026;827379200.0000
240.6950;294.1389;0.0000;724.3439;827379264.0000
240.6950;293.6163;0.0000;724.0026;827379264.0000
241.6950;293.0483;0.0000;730.1838;827379264.0000
242.6950;292.5256;0.0000;729.0479;827379264.0000
243.1724;291.4803;0.0000;731.2291;827379264.0000
244.1271;290.9124;6.2719;735.3198;827379264.0000
245.1270;289.8670;5.7281;734.7972;827379264.0000
245.6044;289.3443;0.0000;738.9784;827379264.0000
246.0817;288.2990;0.0000;740.4558;827379264.0000
247.0817;287.7310;5.7281;739.4104;827379264.0000
247.5591;287.2084;0.0000;742.0237;827379264.0000
248.0364;286.1631;0.0000;740.9331;827379264.0000
249.5137;286.1177;0.0000;736.1598;827379264.0000
249.9911;285.0724;0.0000;743.5917;827379264.0000
251.4684;284.5497;0.0000;741.4104;827379264.0000
251.9457;284.5044;0.0000;741.5011;827379264.0000
252.9457;283.9818;0.0000;744.0238;827379328.0000
253.9005;282.9365;0.0000;741.3651;827379328.0000
254.9005;282.4138;0.0000;742.5917;827379392.0000
255.8551;282.3685;0.0000;743.9331;827379392.0000
256.8551;281.8458;5.7281;742.3651;827379392.0000
257.8098;280.8005;0.0000;745.0237;827379392.0000
258.8098;280.2778;0.0000;744.8878;827379392.0000
259.8098;279.7552;5.7281;742.9785;827379392.0000
261.2872;279.2325;0.0000;747.0690;827379392.0000
261.7645;278.7098;0.0000;746.4557;827379392.0000
263.2418;278.1872;0.0000;746.6370;827379392.0000
264.2418;277.6646;0.0000;752.7277;827379392.0000
265.1965;277.1419;0.0000;751.6824;827379392.0000
266.1965;276.0966;0.0000;754.9543;827379392.0000
267.1512;275.5739;0.0000;757.9542;827379392.0000
267.6285;275.0513;5.7281;756.9090;827379392.0000
268.1059;274.5286;0.0000;759.0449;827379392.0000
269.0605;274.5286;0.0000;760.4770;827379392.0000
269.5379;274.0059;5.7281;757.9542;827379456.0000
270.0152;273.4833;6.2719;761.6129;827379456.0000
270.9699;272.9606;0.0000;759.9996;827379520.0000
271.4472;272.4379;6.2719;760.5675;827379520.0000
271.9246;271.4380;0.0000;764.0902;827379520.0000
272.8792;270.9153;0.0000;760.9090;827379520.0000
273.3566;270.3926;0.0000;761.0902;827379520.0000
273.8340;270.3926;6.2719;764.5676;827379520.0000
275.3113;269.8700;0.0000;762.9090;827379520.0000
276.2660;268.8700;6.2719;764.0902;827379520.0000
276.7433;268.3474;5.7281;763.9996;827379520.0000
278.2206;267.8247;0.0000;760.9543;827379520.0000
278.6980;267.8247;0.0000;765.5676;827379520.0000
279.6980;267.3020;6.2719;763.9089;827379520.0000
280.1753;266.3020;0.0000;762.9996;827379520.0000
281.1300;265.7794;0.0000;766.5675;827379520.0000
282.6074;264.7340;0.0000;764.3864;827379520.0000
283.0847;264.2113;0.0000;766.4770;827379520.0000
283.5621;263.6887;0.0000;762.2504;827379584.0000
284.0394;263.1660;0.0000;767.4770;827379584.0000
284.5167;261.6434;0.0000;769.6129;827379648.0000
285.4714;261.1208;0.0000;772.1356;827379648.0000
286.4714;260.1207;0.0000;769.5676;827379648.0000
287.4261;259.5981;0.0000;771.7489;827379648.0000
287.9034;258.5528;0.0000;771.5223;827379648.0000
288.3807;258.0301;0.0000;771.6129;827379648.0000
288.8581;257.5074;0.0000;775.7489;827379648.0000
289.3354;256.4621;0.0000;774.5222;827379648.0000
289.8127;255.4621;0.0000;772.6582;827379648.0000
290.2901;254.4621;5.7281;776.2262;827379648.0000
291.2448;253.4168;0.0000;774.9996;827379648.0000
292.1995;252.4168;5.7281;777.1356;827379648.0000
293.1541;250.8942;0.0000;778.0449;827379648.0000
293.6315;250.3714;0.0000;775.4769;827379648.0000
294.5862;248.8488;0.0000;778.1356;827379648.0000
295.5862;247.3261;0.0000;778.9543;827379648.0000
296.5409;246.8035;0.0000;776.9996;827379712.0000
297.0182;245.2808;0.0000;782.6129;827379776.0000
297.9729;244.7582;0.0000;778.3864;827379776.0000
297.9276;243.2355;0.0000;779.4769;827379776.0000
298.8822;242.2355;0.0000;784.5222;827379776.0000
299.3596;240.7128;0.0000;779.8182;827379776.0000
300.3142;239.7128;0.0000;777.7036;827379776.0000
301.2690;238.1902;0.0000;782.9090;827379776.0000
302.2236;237.1902;0.0000;780.8184;827379776.0000
302.7010;236.1902;0.0000;783.4769;827379776.0000
303.1330;235.6675;0.0000;783.3409;827379776.0000
303.6103;234.1448;0.0000;781.3862;827379776.0000
304.5650;232.6675;0.0000;784.5222;827379776.0000
305.0424;231.6675;0.0000;782.2957;827379776.0000
305.9970;230.6675;0.0000;781.3410;827379776.0000
306.4744;229.6675;0.0000;785.9543;827379776.0000
306.9517;228.1902;0.0000;782.2504;827379776.0000
307.4291;227.1902;0.0000;782.9090;827379776.0000
307.9064;225.6675;6.2719;785.3409;827379776.0000
307.8611;224.6675;0.0000;782.2504;827379904.0000
308.3384;223.6675;6.2719;783.3864;827379904.0000
308.8157;222.6675;0.0000;785.3409;827379904.0000
308.7704;221.6675;0.0000;781.2957;827379904.0000
309.2477;220.6675;0.0000;784.8183;827379904.0000
309.7252;219.6675;0.0000;784.6824;827379904.0000
309.2025;218.6675;0.0000;782.2957;827379904.0000
309.6798;217.1448;0.0000;787.2957;827379904.0000
310.1571;216.6222;0.0000;783.2051;827379904.0000
309.6345;215.6222;0.0000;785.2957;827379904.0000
310.1118;214.6222;0.0000;784.5222;827379904.0000
310.0665;213.6222;0.0000;784.6824;827379904.0000
310.0665;212.6222;0.0000;787.3864;827379904.0000
310.0212;211.6222;0.0000;786.7277;827379904.0000
310.0212;211.0996;0.0000;786.7730;827379904.0000
309.9758;210.0995;5.7281;788.8636;827379904.0000
309.9305;209.0995;0.0000;787.2957;827379904.0000
310.4079;208.0996;0.0000;789.3409;827379904.0000
309.8852;206.5769;0.0000;793.4316;827380032.0000
309.8399;205.5769;0.0000;790.2957;827380032.0000
310.3173;204.5769;5.7281;787.6129;827380032.0000
310.2719;203.5769;0.0000;795.4770;827380032.0000
309.7492;203.0995;0.0000;791.8184;827380032.0000
309.7039;201.6222;0.0000;794.9996;827380032.0000
309.1813;200.6222;0.0000;796.9543;827380032.0000
309.6586;200.0995;0.0000;793.3864;827380032.0000
309.1360;198.0995;0.0000;796.4770;827380032.0000
309.0906;197.0995;0.0000;794.7730;827380032.0000
309.0453;196.0995;0.0000;795.3864;827380032.0000
308.5226;195.5769;5.7281;800.0902;827380032.0000
308.4773;194.0542;0.0000;796.8182;827380032.0000
307.9547;193.0542;0.0000;795.9090;827380032.0000
307.4320;192.0542;0.0000;798.3864;827380032.0000
306.8641;191.5316;0.0000;795.3409;827380032.0000
306.3414;190.0089;0.0000;798.3864;827380032.0000
306.2961;189.0089;0.0000;797.7729;827380032.0000
305.7734;188.0089;0.0000;796.2956;827380160.0000
305.7281;187.0089;0.0000;799.3410;827380160.0000
305.2054;185.4863;0.0000;799.7730;827380160.0000
304.6827;184.9636;0.0000;795.2051;827380160.0000
304.1601;183.9636;0.0000;798.9089;827380160.0000
304.1147;182.9636;0.0000;797.6370;827380160.0000
303.5922;181.9636;0.0000;797.7729;827380160.0000
303.5468;180.9636;0.0000;798.2504;827380160.0000
303.5468;179.9636;0.0000;797.1144;827380160.0000
303.0241;179.4409;0.0000;798.8184;827380160.0000
302.9788;177.9183;0.0000;799.7277;827380160.0000
302.4561;176.9183;0.0000;796.6370;827380160.0000
302.4108;175.3956;0.0000;799.2957;827380160.0000
301.8882;174.3956;0.0000;799.1597;827380160.0000
301.3655;173.3503;0.0000;798.1597;827380160.0000
300.8429;172.3503;0.0000;799.7730;827380160.0000
300.7975;170.3503;0.0000;799.5464;827380160.0000
300.2749;169.3503;0.0000;797.2050;827380160.0000
300.7522;168.8276;0.0000;802.6824;827380224.0000
300.2296;167.3049;0.0000;798.0237;827380224.0000
299.7069;166.3049;0.0000;799.2050;827380224.0000
299.6616;164.7823;0.0000;801.1598;827380224.0000
299.1389;163.7823;0.0000;797.5917;827380224.0000
298.6163;162.7823;0.0000;799.2050;827380224.0000
298.5709;161.7823;0.0000;799.5917;827380224.0000
298.5709;160.7823;0.0000;797.0690;827380224.0000
298.5256;159.7823;0.0000;800.1597;827380224.0000
298.0030;158.2597;0.0000;798.5464;827380224.0000
297.4803;157.2597;0.0000;798.6370;827380224.0000
297.4350;155.7823;0.0000;801.6370;827380224.0000
296.9123;154.2597;5.7281;797.9784;827380224.0000
296.8670;153.2597;0.0000;800.6370;827380224.0000
296.3443;152.2597;5.7281;801.1144;827380224.0000
295.8217;151.2597;0.0000;798.4557;827380224.0000
295.2537;149.7823;0.0000;800.6370;827380224.0000
294.7310;148.7823;0.0000;801.5010;827380288.0000
294.6857;148.3049;5.7281;798.9784;827380288.0000
293.6404;146.8276;0.0000;802.5464;827380352.0000
293.1177;145.8277;5.7281;800.4557;827380352.0000
292.5497;144.8276;0.0000;798.5918;827380352.0000
291.5044;143.8276;0.0000;804.9784;827380352.0000
290.9818;142.8276;0.0000;799.0691;827380352.0000
289.9365;141.8277;0.0000;800.5464;827380352.0000
289.4138;140.8276;0.0000;803.5011;827380352.0000
288.8458;139.3503;0.0000;800.9331;827380352.0000
288.3232;138.8729;0.0000;801.4558;827380352.0000
287.2778;137.8729;0.0000;804.9784;827380352.0000
286.7552;136.8729;0.0000;801.4558;827380352.0000
286.2325;135.9183;0.0000;804.9784;827380352.0000
285.1872;135.4409;0.0000;803.3198;827380352.0000
285.1419;134.4409;0.0000;802.8878;827380352.0000
284.6192;133.9636;0.0000;805.9784;827380352.0000
283.5739;133.0089;0.0000;803.7971;827380352.0000
283.0513;132.0089;0.0000;803.4104;827380416.0000
282.0059;131.5316;6.2719;808.4104;827380416.0000
281.4833;130.5316;0.0000;804.7518;827380480.0000
280.4380;129.5316;0.0000;805.8878;827380480.0000
279.3926;128.5316;0.0000;807.7971;827380480.0000
278.8700;127.5769;0.0000;803.8424;827380480.0000
278.3473;126.5769;0.0000;803.7065;827380480.0000
277.3020;125.0995;0.0000;811.4104;827380480.0000
276.7340;124.6222;0.0000;802.1838;827380480.0000
276.2114;123.1449;0.0000;813.0690;827380480.0000
275.1660;122.6675;0.0000;809.8425;827380480.0000
274.6434;122.1902;0.0000;809.8878;827380480.0000
273.5981;121.1902;0.0000;814.5011;827380480.0000
273.0754;120.2355;0.0000;811.8878;827380480.0000
272.0301;119.2355;0.0000;811.4104;827380480.0000
270.5074;118.2355;0.0000;813.8878;827380480.0000
269.9847;117.7582;0.0000;812.9785;827380480.0000
269.4167;116.2808;0.0000;814.0237;827380480.0000
268.3714;115.8035;0.0000;814.4104;827380544.0000
267.8488;114.3262;0.0000;811.4104;827380544.0000
266.8035;113.8488;0.0000;815.5464;827380608.0000
265.2808;112.8488;0.0000;813.8878;827380608.0000
264.2355;112.3714;0.0000;812.9785;827380608.0000
263.7128;110.8941;0.0000;816.5011;827380608.0000
262.6675;110.4168;5.7281;812.2744;827380608.0000
262.1448;109.9394;0.0000;815.4557;827380608.0000
261.0995;108.9848;5.7281;815.9331;827380608.0000
260.0995;107.9848;0.0000;815.3198;827380608.0000
259.0542;107.5074;0.0000;815.9784;827380608.0000
258.5316;107.0301;0.0000;815.3651;827380608.0000
257.4862;106.0754;0.0000;814.4104;827380608.0000
256.9636;105.5981;0.0000;817.0238;827380608.0000
255.9183;104.6434;0.0000;815.3198;827380608.0000
254.8729;104.1660;0.0000;813.8878;827380608.0000
253.8729;102.6887;0.0000;817.9784;827380608.0000
252.8276;102.2113;0.0000;814.2745;827380608.0000
252.3050;101.7340;0.0000;815.9784;827380672.0000
250.7823;100.7793;0.0000;817.9331;827380672.0000
250.2597;99.3020;0.0000;814.2745;827380736.0000
248.7370;98.8247;0.0000;816.4557;827380736.0000
248.2143;97.8700;0.0000;816.8878;827380736.0000
247.1690;97.3927;0.0000;815.3651;827380736.0000
246.1690;96.9153;0.0000;817.9331;827380736.0000
245.1237;95.9606;0.0000;816.7518;827380736.0000
244.1237;95.4833;0.0000;815.8425;827380736.0000
243.6010;94.5286;0.0000;818.4104;827380736.0000
243.0784;94.0513;0.0000;815.7065;827380736.0000
242.0784;93.0966;0.0000;816.8878;827380736.0000
241.5557;92.6193;0.0000;819.3651;827380736.0000
240.5557;92.1419;0.0000;815.2292;827380736.0000
239.5557;91.7099;0.0000;818.3651;827380736.0000
239.0331;91.2325;0.0000;819.3651;827380736.0000
238.0330;90.2778;0.0000;815.2292;827380736.0000
237.5557;90.3232;0.0000;818.8878;827380736.0000
237.0331;89.8458;0.0000;817.1385;827380800.0000
236.0331;88.8912;0.0000;816.2745;827380800.0000
235.0330;88.4138;0.0000;819.3651;827380864.0000
234.5557;88.4592;0.0000;815.2292;827380864.0000
234.0331;87.9818;5.7281;816.3651;827380864.0000
233.5557;88.0271;0.0000;819.3198;827380864.0000
233.0331;87.0724;0.0000;816.1838;827380864.0000
232.0330;86.5951;0.0000;817.8424;827380864.0000
231.5104;86.1178;0.0000;817.7971;827380864.0000
230.5104;86.1631;0.0000;815.1838;827380864.0000
229.5104;85.6857;0.0000;817.8424;827380864.0000
228.9878;85.2084;0.0000;817.1385;827380864.0000
227.9877;85.2537;0.0000;816.7518;827380864.0000
226.9878;84.7764;0.0000;819.3651;827380864.0000
226.5104;84.2990;0.0000;815.7065;827380864.0000
225.9877;84.3443;0.0000;815.7065;827380864.0000
224.9878;83.3897;0.0000;821.7518;827380864.0000
223.9877;83.9123;0.0000;816.1385;827380864.0000
223.5104;83.4350;0.0000;818.7518;827380928.0000
222.5104;82.9577;0.0000;819.2292;827380928.0000
221.9877;83.0030;0.0000;814.6158;827380992.0000
220.9878;83.0030;0.0000;818.2744;827380992.0000
219.9878;83.0483;0.0000;818.6611;827380992.0000
218.9424;82.5709;0.0000;814.6611;827380992.0000
217.9424;82.0936;0.0000;820.3198;827380992.0000
216.4198;81.6163;0.0000;815.5706;827380992.0000
215.4198;81.6616;0.0000;815.7065;827380992.0000
214.3744;81.1842;0.0000;820.8424;827380992.0000
212.8518;81.2296;0.0000;815.5706;827380992.0000
212.3291;80.7522;0.0000;815.1385;827380992.0000
210.8064;80.7975;0.0000;811.3893;827380992.0000
209.8064;80.7975;0.0000;815.5706;827380992.0000
209.2838;80.3202;0.0000;812.0026;827380992.0000
208.8064;80.3655;0.0000;812.9573;827380992.0000
208.2838;79.8882;0.0000;806.0931;827380992.0000
207.2838;80.4108;0.0000;814.0479;827381056.0000
206.2838;80.4562;0.0000;809.8213;827381056.0000
205.7611;80.4562;0.0000;809.9573;827381056.0000
204.7612;79.9788;0.0000;811.9573;827381056.0000
203.7612;80.0242;0.0000;809.8213;827381120.0000
203.2385;79.5468;0.0000;809.2291;827381120.0000
201.7158;79.5921;0.0000;814.9119;827381120.0000
201.1931;79.5921;0.0000;810.8666;827381120.0000
200.1932;79.6374;0.0000;812.9119;827381120.0000
199.1479;79.1601;5.7281;812.4346;827381120.0000
198.1478;79.6828;0.0000;809.4346;827381120.0000
196.6252;79.7281;0.0000;812.5705;827381120.0000
195.6252;79.7281;0.0000;806.0026;827381120.0000
195.1025;79.7734;0.0000;811.9119;827381120.0000
193.5798;79.8187;0.0000;812.0931;827381120.0000
192.5798;79.8640;5.7281;809.8213;827381120.0000
192.0572;80.3867;0.0000;809.9573;827381120.0000
191.0572;79.9093;0.0000;812.9573;827381120.0000
190.0572;79.9547;0.0000;809.8666;827381184.0000
189.0572;80.0000;0.0000;811.5705;827381184.0000
188.0572;80.5227;0.0000;811.9573;827381184.0000
186.5346;80.5680;5.7281;811.4346;827381184.0000
186.0119;80.6133;0.0000;811.0931;827381248.0000
185.0118;81.1360;5.7281;809.9573;827381248.0000
184.0119;81.1813;0.0000;809.4346;827381248.0000
183.0119;81.2266;0.0000;812.1385;827381248.0000
182.0119;81.7493;0.0000;810.4799;827381248.0000
181.0119;81.7946;0.0000;810.0479;827381248.0000
180.5346;81.7946;5.7281;812.6158;827381248.0000
179.5345;81.8399;0.0000;809.9573;827381248.0000
179.0572;81.8852;0.0000;812.1838;827381248.0000
178.0572;82.4079;5.7281;811.0931;827381248.0000
177.0572;82.4532;0.0000;810.0479;827381248.0000
176.5798;81.9758;0.0000;811.7065;827381248.0000
175.5798;82.4985;5.7281;811.0931;827381248.0000
174.5798;82.5438;5.7281;808.1385;827381248.0000
173.5798;82.5438;5.7281;811.7065;827381312.0000
173.1025;82.5892;0.0000;811.0026;827381312.0000
172.1025;82.1118;0.0000;811.1385;827381312.0000
171.6252;82.6345;0.0000;812.1838;827381312.0000
171.1478;82.1572;5.7281;810.5706;827381376.0000
170.6705;82.6798;0.0000;812.7065;827381376.0000
169.6705;82.2025;0.0000;812.7065;827381376.0000
169.1932;82.2478;0.0000;810.5706;827381376.0000
168.1932;82.7704;0.0000;812.7065;827381376.0000
167.7158;82.2931;0.0000;812.5705;827381376.0000
167.2385;82.3384;0.0000;811.1385;827381376.0000
166.2385;82.3384;0.0000;814.7065;827381376.0000
165.7611;82.8611;0.0000;812.5705;827381376.0000
165.2838;82.3837;0.0000;812.7065;827381376.0000
164.8064;82.9064;0.0000;814.2292;827381376.0000
163.3291;82.9517;0.0000;809.4346;827381376.0000
162.8518;82.4744;0.0000;812.7065;827381376.0000
162.3291;82.5197;0.0000;813.2291;827381376.0000
161.8518;82.5197;0.0000;812.0931;827381440.0000
161.3744;82.5650;0.0000;813.2291;827381440.0000
160.3744;82.5650;0.0000;815.1838;827381440.0000
159.4198;82.6103;0.0000;811.1385;827381440.0000
158.8971;82.6557;0.0000;814.2745;827381504.0000
158.4198;83.1330;0.0000;812.0931;827381504.0000
157.4198;83.1783;0.0000;811.2745;827381504.0000
156.4198;83.2236;0.0000;813.7971;827381504.0000
155.4198;83.2236;0.0000;811.1385;827381504.0000
154.4198;83.2689;0.0000;812.7518;827381504.0000
153.4198;83.7916;0.0000;816.3198;827381504.0000
152.9424;83.7916;0.0000;811.1385;827381504.0000
151.9424;83.8369;0.0000;813.3198;827381504.0000
150.9424;84.3596;0.0000;813.2744;827381504.0000
149.9424;83.8822;0.0000;810.6611;827381504.0000
148.9424;84.4049;0.0000;812.3198;827381504.0000
147.9424;84.4502;0.0000;810.2292;827381504.0000
146.9424;84.9729;0.0000;812.3198;827381504.0000
145.4651;84.9729;0.0000;814.4104;827381568.0000
144.4651;84.5408;0.0000;812.7065;827381568.0000
143.4651;85.0635;0.0000;812.3651;827381568.0000
142.4651;85.5862;0.0000;814.3651;827381568.0000
141.4651;86.1088;0.0000;811.7971;827381632.0000
140.9424;86.6315;0.0000;812.3651;827381632.0000
139.9424;87.1542;0.0000;813.4104;827381632.0000
138.9424;87.6768;0.0000;811.7971;827381632.0000
138.9424;87.6768;0.0000;812.3651;827381632.0000
137.9424;88.1995;0.0000;811.7971;827381632.0000
136.9424;88.2448;0.0000;810.3198;827381632.0000
136.4651;88.7675;5.7281;815.4557;827381632.0000
135.4651;89.2901;0.0000;811.7971;827381632.0000
134.4651;89.3354;0.0000;810.3198;827381632.0000
133.9877;89.3354;0.0000;815.4557;827381632.0000
132.9877;89.8581;0.0000;812.8424;827381632.0000
131.9877;90.3808;0.0000;812.9785;827381632.0000
131.5104;90.9034;0.0000;811.4104;827381696.0000
130.5104;91.4261;0.0000;810.4104;827381696.0000
129.5104;91.9487;0.0000;814.0237;827381696.0000
128.5104;92.4714;0.0000;812.3651;827381696.0000
128.0330;92.5167;0.0000;811.4104;827381696.0000
127.0330;93.0394;0.0000;815.5464;827381760.0000
126.5557;93.5621;0.0000;812.8424;827381760.0000
125.5557;94.0847;0.0000;812.4558;827381760.0000
125.0784;94.6073;0.0000;815.5011;827381760.0000
124.6010;95.1300;5.7281;809.8425;827381760.0000
123.6010;96.1753;0.0000;814.5917;827381760.0000
123.1237;96.6980;0.0000;814.5464;827381760.0000
122.6463;97.2207;0.0000;810.8424;827381760.0000
121.6463;97.7433;0.0000;814.5917;827381760.0000
121.1690;98.7887;0.0000;813.9784;827381760.0000
120.6463;99.3113;0.0000;811.0237;827381760.0000
120.1690;99.8340;0.0000;815.5918;827381760.0000
119.6917;100.3566;0.0000;811.4104;827381760.0000
118.6917;100.8792;5.7281;812.5464;827381824.0000
118.2143;101.9246;0.0000;814.6370;827381824.0000
117.2143;102.4472;0.0000;810.8878;827381824.0000
116.7370;103.4926;0.0000;813.6370;827381824.0000
116.2597;104.0152;0.0000;815.0691;827381824.0000
115.2597;105.0606;0.0000;810.9331;827381824.0000
115.2597;105.5832;0.0000;813.5464;827381888.0000
114.2597;106.6285;0.0000;813.5464;827381888.0000
113.7823;107.6738;0.0000;811.5917;827381888.0000
113.3049;108.7192;0.0000;815.2050;827381888.0000
112.3049;109.7192;0.0000;813.0237;827381888.0000
111.8276;110.7645;0.0000;812.6370;827381888.0000
111.3503;111.8098;0.0000;813.6370;827381888.0000
110.3503;112.8551;0.0000;810.5917;827381888.0000
109.8729;113.3778;0.0000;812.2050;827381888.0000
108.3956;114.4231;0.0000;814.1598;827381888.0000
107.8729;114.9457;0.0000;811.0691;827381888.0000
107.3956;115.9911;0.0000;812.6824;827381888.0000
106.3956;116.5137;0.0000;814.1598;827381952.0000
105.9183;117.5591;0.0000;812.0690;827381952.0000
104.9183;118.0817;0.0000;812.7277;827381952.0000
104.9183;119.1271;0.0000;811.5464;827381952.0000
103.9183;120.1724;5.7281;809.6370;827381952.0000
103.4409;120.6950;0.0000;812.7277;827381952.0000
103.4409;122.2177;0.0000;812.0690;827382016.0000
102.4409;123.2630;0.0000;811.6824;827382016.0000
101.9636;124.2630;0.0000;813.6370;827382016.0000
101.4863;125.3083;0.0000;810.6370;827382016.0000
101.0089;126.3536;5.7281;812.8182;827382016.0000
100.5316;127.3990;0.0000;813.2051;827382016.0000
100.0542;128.4443;0.0000;811.5917;827382016.0000
99.5769;128.9670;0.0000;815.2050;827382016.0000
99.0995;130.0122;0.0000;812.5917;827382016.0000
98.6222;130.5349;0.0000;812.7277;827382016.0000
98.1449;131.5802;0.0000;816.7730;827382016.0000
98.1449;132.1029;0.0000;812.6370;827382016.0000
97.6675;132.6256;0.0000;811.7277;827382080.0000
97.6675;133.6709;0.0000;814.7730;827382080.0000
97.1902;134.6709;0.0000;810.6370;827382080.0000
96.7128;135.1935;0.0000;813.7729;827382080.0000
96.7128;135.7162;6.2719;813.2502;827382080.0000
96.2355;136.7615;6.2719;809.1597;827382080.0000
95.7582;137.2841;0.0000;813.2957;827382144.0000
95.2808;138.3295;6.2719;811.1144;827382144.0000
94.8035;138.8522;0.0000;804.4557;827382144.0000
94.3262;139.3748;0.0000;807.0690;827382144.0000
94.3262;139.8975;0.0000;805.9331;827382144.0000
93.8488;140.4202;5.7281;804.0238;827382144.0000
93.3714;140.9428;0.0000;807.0690;827382144.0000
92.8941;141.9428;0.0000;804.4104;827382144.0000
92.4168;142.4655;0.0000;805.5917;827382144.0000
91.9394;142.9881;0.0000;804.5917;827382144.0000
91.4621;143.5108;0.0000;803.0237;827382144.0000
90.9848;144.0335;0.0000;805.0691;827382144.0000
90.9848;144.5561;0.0000;806.0237;827382208.0000
90.5074;144.5561;0.0000;803.0690;827382208.0000
90.0301;145.0787;5.7281;805.2050;827382208.0000
90.0754;146.0787;0.0000;802.0237;827382208.0000
89.5981;147.0787;0.0000;800.6370;827382208.0000
89.1207;147.6014;5.7281;804.2504;827382208.0000
88.6434;148.1241;0.0000;800.0690;827382272.0000
88.1660;148.6467;0.0000;800.2957;827382272.0000
87.6887;149.6467;0.0000;802.7730;827382272.0000
87.2113;150.1241;0.0000;799.6824;827382272.0000
87.2113;151.1241;0.0000;800.3409;827382272.0000
87.2567;151.6467;0.0000;801.2504;827382272.0000
86.7793;152.6467;0.0000;798.2504;827382272.0000
86.3020;152.6467;0.0000;802.8183;827382272.0000
85.8247;152.6920;5.7281;798.7277;827382272.0000
85.3473;153.2147;0.0000;798.8184;827382272.0000
84.8700;153.2147;5.7281;796.2051;827382272.0000
84.9153;153.7374;5.7281;797.3409;827382336.0000
84.4379;154.2600;0.0000;797.9542;827382336.0000
83.9606;154.7374;0.0000;799.5676;827382336.0000
83.4833;155.7374;0.0000;795.3864;827382336.0000
83.0059;156.7374;0.0000;796.9543;827382336.0000
82.5286;156.7374;5.7281;797.4316;827382336.0000
83.0513;157.2601;0.0000;795.5222;827382336.0000
82.5739;157.7827;0.0000;799.1356;827382336.0000
82.0966;158.2601;5.7281;796.4316;827382400.0000
82.0966;159.2601;0.0000;792.2715;827382400.0000
82.1419;159.7827;0.0000;797.7489;827382400.0000
81.6646;159.7827;5.7281;794.0902;827382400.0000
81.1872;160.7827;0.0000;794.0902;827382400.0000
80.7099;161.7827;0.0000;797.2262;827382400.0000
80.2325;162.7827;0.0000;792.5222;827382400.0000
79.7552;163.2601;0.0000;794.7036;827382400.0000
79.2778;163.7827;0.0000;794.7036;827382400.0000
79.2778;164.3054;5.7281;791.6583;827382400.0000
78.8005;164.8280;0.0000;795.3168;827382464.0000
77.8458;165.3054;5.7281;793.1356;827382464.0000
77.3685;166.3054;0.0000;791.2263;827382464.0000
76.8912;167.3054;0.0000;795.7942;827382464.0000
76.4138;167.3054;0.0000;791.7036;827382464.0000
75.9365;167.8280;0.0000;789.2262;827382464.0000
75.9365;168.8280;0.0000;794.3622;827382464.0000
75.4592;169.8280;0.0000;791.2263;827382464.0000
74.9818;170.3506;0.0000;791.4528;827382528.0000
74.5044;170.8733;0.0000;790.4075;827382528.0000
74.0271;171.8733;0.0000;791.2263;827382528.0000
73.5498;172.8733;0.0000;790.5435;827382528.0000
72.5951;173.8733;0.0000;791.8395;827382528.0000
72.6404;174.3960;0.0000;789.4075;827382528.0000
72.1631;175.3960;0.0000;792.0208;827382528.0000
71.6857;176.3960;0.0000;789.8849;827382528.0000
70.7311;177.3960;0.0000;788.4981;827382528.0000
70.2537;177.9186;0.0000;791.0661;827382528.0000
70.2990;178.9186;0.0000;787.8848;827382592.0000
69.8217;179.9186;0.0000;790.0660;827382592.0000
69.3443;180.9186;0.0000;791.0661;827382592.0000
68.8670;181.4413;0.0000;786.9302;827382592.0000
68.8670;182.4413;0.0000;787.5435;827382592.0000
68.4350;183.4413;0.0000;787.5435;827382592.0000
68.4350;183.9640;0.0000;786.0208;827382592.0000
67.9577;184.9640;0.0000;789.2020;827382592.0000
67.4803;185.9640;0.0000;787.4528;827382656.0000
67.0030;186.9640;0.0000;786.5435;827382656.0000
67.0483;187.4866;0.0000;790.6794;827382656.0000
67.0483;188.4866;0.0000;785.4982;827382656.0000
66.5709;189.0093;0.0000;786.5887;827382656.0000
67.0936;190.0093;0.0000;790.0660;827382656.0000
67.0936;190.5320;0.0000;786.9302;827382656.0000
66.6163;191.5320;0.0000;788.6341;827382720.0000
67.1389;192.0546;0.0000;787.5435;827382720.0000
67.1389;192.5773;0.0000;786.0661;827382720.0000
66.6616;193.5773;0.0000;784.4075;827382784.0000
66.1842;194.0999;0.0000;785.5435;827382784.0000
66.1842;194.5773;0.0000;787.6794;827382784.0000
66.2296;195.5773;0.0000;790.2474;827382784.0000
65.7522;196.5773;0.0000;786.4981;827382784.0000
65.7976;197.5773;0.0000;787.2020;827382784.0000
65.8428;198.0546;0.0000;791.2474;827382784.0000
65.3655;198.5773;0.0000;783.1567;827382784.0000
65.8882;199.5773;0.0000;786.7247;827382848.0000
65.4108;199.5773;0.0000;787.2020;827382848.0000
65.4562;200.5773;0.0000;784.2020;827382848.0000
65.4562;201.0999;0.0000;786.9060;827382848.0000
64.9788;201.5773;0.0000;784.6794;827382848.0000
65.0242;202.1000;0.0000;784.8153;827382848.0000
65.0242;203.0999;0.0000;787.4286;827382848.0000
64.5468;203.5773;0.0000;783.2474;827382848.0000
64.5921;204.5773;0.0000;784.8607;827382848.0000
64.5921;205.0999;0.0000;785.3834;827382848.0000
64.6374;206.1000;0.0000;781.2473;827382912.0000
64.6828;207.0999;5.7281;784.8607;827382912.0000
64.2054;207.5773;0.0000;784.3834;827382912.0000
64.2507;208.5773;0.0000;781.7700;827382912.0000
63.7734;209.0999;5.7281;784.4740;827382912.0000
64.2961;210.1000;0.0000;781.3380;827382912.0000
64.3414;211.0999;0.0000;782.4286;827382912.0000
63.8640;211.6226;0.0000;783.4286;827382912.0000
64.3867;212.6226;0.0000;782.2927;827382976.0000
63.9093;213.6226;0.0000;781.4740;827382976.0000
63.9547;214.0999;5.7281;784.0419;827382976.0000
63.9547;214.6226;0.0000;782.3833;827382976.0000
64.0000;215.6226;0.0000;781.4740;827382976.0000
64.0453;216.6226;0.0000;780.4740;827382976.0000
64.0453;217.6226;0.0000;778.8607;827382976.0000
64.0907;218.6226;5.7281;781.5193;827382976.0000
63.6133;219.1452;0.0000;779.9060;827382976.0000
64.1360;220.1452;0.0000;778.4740;827382976.0000
63.6586;221.1452;0.0000;780.6553;827383040.0000
64.1813;222.1452;0.0000;778.3833;827383040.0000
63.7039;222.6226;0.0000;779.5193;827383040.0000
64.2266;223.1452;0.0000;781.5646;827383040.0000
64.2719;224.1452;0.0000;777.9513;827383040.0000
64.7946;225.1452;0.0000;779.6100;827383040.0000
64.3172;226.1452;0.0000;780.9966;827383040.0000
64.3626;226.6679;0.0000;777.9513;827383040.0000
64.8852;227.6226;0.0000;779.0420;827383104.0000
64.4079;228.6226;0.0000;778.3833;827383104.0000
64.9305;229.6226;0.0000;776.9966;827383104.0000
64.9758;230.6226;0.0000;781.0873;827383104.0000
65.4985;231.6226;0.0000;775.4286;827383104.0000
65.5438;232.1000;0.0000;777.5193;827383104.0000
66.0665;233.0999;0.0000;778.1779;827383104.0000
65.5892;234.1000;0.0000;774.5193;827383104.0000
66.1118;235.5773;0.0000;778.6553;827383104.0000
66.1572;236.5773;0.0000;780.1326;827383168.0000
66.6798;237.0546;0.0000;774.5193;827383168.0000
66.2025;238.0546;0.0000;777.6099;827383168.0000
66.2478;239.5320;0.0000;778.0873;827383168.0000
66.7704;240.5320;0.0000;774.9966;827383168.0000
67.2931;241.5320;0.0000;776.0873;827383168.0000
67.3384;242.5320;0.0000;774.4286;827383168.0000
67.3384;244.0093;0.0000;774.5193;827383168.0000
67.8611;244.4866;0.0000;776.2232;827383168.0000
67.9064;245.4866;0.0000;773.9060;827383168.0000
68.4291;246.4866;0.0000;774.5193;827383232.0000
68.9517;247.4866;0.0000;775.5193;827383232.0000
69.4744;248.4866;5.7281;772.4286;827383232.0000
70.0423;249.9640;0.0000;774.5193;827383232.0000
70.5650;250.9640;0.0000;774.5193;827383232.0000
70.6103;251.9640;0.0000;772.9513;827383232.0000
71.1330;252.4413;0.0000;774.1326;827383232.0000
71.1330;253.4413;0.0000;771.3834;827383232.0000
71.6557;254.4413;0.0000;771.9966;827383296.0000
71.7010;255.4413;0.0000;776.0873;827383296.0000
72.2236;256.4413;0.0000;772.9513;827383296.0000
72.2689;256.9186;5.7281;773.6553;827383296.0000
72.2689;258.3960;0.0000;775.0419;827383296.0000
72.7916;259.3960;0.0000;772.4286;827383296.0000
72.8369;260.3960;5.7281;773.0873;827383296.0000
73.3596;261.3960;0.0000;774.5193;827383296.0000
73.8822;262.3960;5.7281;771.3834;827383296.0000
73.9276;262.8733;0.0000;773.0873;827383296.0000
73.9276;263.8733;0.0000;774.9966;827383360.0000
73.9729;264.8733;0.0000;771.0419;827383360.0000
74.4956;265.8280;0.0000;774.6553;827383360.0000
74.4956;266.8280;0.0000;771.9966;827383360.0000
74.5408;267.3507;0.0000;772.0873;827383360.0000
75.0635;267.8280;0.0000;774.6553;827383360.0000
75.5862;268.8280;0.0000;770.9966;827383360.0000
76.1088;269.8280;0.0000;771.6553;827383360.0000
76.1542;270.3054;0.0000;772.6099;827383424.0000
76.1542;271.3054;0.0000;772.5193;827383424.0000
76.6768;271.7827;0.0000;774.1326;827383424.0000
77.1995;272.7827;0.0000;770.9513;827383424.0000
77.2448;273.2600;0.0000;771.0419;827383424.0000
77.7675;274.2600;0.0000;775.0419;827383424.0000
77.7675;274.7374;0.0000;772.9513;827383424.0000
78.2901;275.2147;0.0000;770.5646;827383424.0000
78.3354;276.2147;0.0000;774.5193;827383424.0000
78.8581;276.6920;5.7281;771.3834;827383424.0000
79.3807;277.2147;0.0000;771.1779;827383488.0000
79.9034;277.6920;0.0000;771.5646;827383488.0000
79.9487;278.6920;0.0000;769.9513;827383488.0000
80.4714;279.1694;0.0000;771.6553;827383488.0000
80.9941;279.6467;0.0000;770.5646;827383488.0000
81.0394;280.6467;0.0000;768.9966;827383488.0000
81.0394;281.1241;0.0000;771.6553;827383488.0000
81.5621;282.0787;0.0000;768.9966;827383488.0000
82.0847;282.5561;0.0000;769.6099;827383552.0000
82.6073;283.5561;0.0000;772.6099;827383552.0000
82.1300;284.0334;5.7281;768.9513;827383552.0000
82.6527;284.9881;0.0000;768.0873;827383552.0000
83.1753;285.9881;5.7281;770.1326;827383552.0000
83.6980;286.4655;0.0000;769.4740;827383552.0000
84.2207;287.4201;0.0000;767.5646;827383552.0000
84.7433;288.4201;0.0000;771.0419;827383552.0000
84.7433;288.8975;0.0000;768.5646;827383552.0000
85.2660;290.3748;5.7281;770.0873;827383552.0000
85.3113;290.8521;0.0000;768.5193;827383616.0000
85.8340;291.8521;5.7281;768.5646;827383616.0000
86.3566;292.8068;0.0000;771.1779;827383616.0000
86.8792;293.2842;0.0000;768.3834;827383616.0000
87.4019;293.7615;0.0000;768.5646;827383616.0000
87.9246;295.2389;0.0000;769.0419;827383616.0000
88.4472;295.7162;5.7281;764.8154;827383616.0000
88.4472;296.1935;0.0000;768.0420;827383616.0000
88.9699;296.6709;5.7281;767.9966;827383680.0000
89.4926;297.6709;0.0000;766.9966;827383680.0000
90.0152;298.1482;0.0000;768.0420;827383680.0000
90.5379;298.6255;5.7281;766.9513;827383680.0000
91.0606;299.1029;0.0000;765.9513;827383680.0000
91.5832;300.1029;0.0000;769.0419;827383680.0000
92.1059;300.5802;0.0000;765.8153;827383680.0000
92.1059;301.0576;0.0000;764.4740;827383680.0000
92.6285;301.5349;0.0000;770.4286;827383680.0000
93.1512;302.5349;0.0000;766.3834;827383680.0000
93.6738;303.0122;0.0000;767.4740;827383744.0000
93.6738;303.4896;0.0000;767.9060;827383744.0000
93.7192;303.9670;6.2719;765.4286;827383744.0000
94.2418;304.4443;0.0000;769.9513;827383744.0000
94.7645;304.9216;0.0000;766.8607;827383744.0000
95.2871;305.9216;0.0000;766.3834;827383744.0000
95.2871;306.3990;0.0000;770.4286;827383744.0000
96.3325;306.8763;0.0000;769.2927;827383744.0000
96.8551;306.8763;0.0000;768.3834;827383808.0000
97.3778;307.8763;0.0000;770.8607;827383808.0000
97.9005;308.3536;0.0000;767.6341;827383808.0000
98.9457;308.8310;0.0000;768.9060;827383808.0000
99.4684;309.8310;0.0000;769.8154;827383808.0000
99.9911;310.3083;0.0000;768.7700;827383808.0000
101.0364;310.7856;0.0000;770.8607;827383808.0000
101.5591;311.7856;0.0000;769.7247;827383808.0000
102.0817;312.2630;0.0000;768.6794;827383808.0000
103.1271;312.2630;0.0000;770.7700;827383808.0000
103.6497;312.7404;0.0000;768.1115;827383872.0000
105.1724;313.7403;0.0000;768.1567;827383872.0000
105.6950;314.6950;0.0000;764.9755;827383872.0000
106.7403;315.6950;0.0000;767.9755;827383872.0000
107.7857;316.1724;0.0000;767.7247;827383872.0000
108.8310;317.1724;0.0000;770.0661;827383872.0000
109.3536;317.6497;0.0000;765.4528;827383872.0000
110.8763;318.1270;0.0000;768.5887;827383936.0000
111.9216;319.1270;0.0000;768.9302;827383936.0000
112.9670;319.6044;0.0000;766.5435;827383936.0000
114.0122;320.0817;6.2719;770.1115;827383936.0000
115.5349;320.5591;0.0000;767.3622;827383936.0000
116.5802;321.0364;0.0000;766.9755;827383936.0000
117.1029;321.5137;0.0000;770.4981;827383936.0000
118.6256;322.4684;0.0000;768.3168;827383936.0000
119.6709;322.9457;0.0000;768.4529;827383936.0000
121.1936;323.4231;0.0000;768.8395;827383936.0000
122.2389;323.9005;0.0000;768.7942;827383936.0000
123.2842;324.3778;0.0000;768.9302;827383936.0000
124.8068;324.8551;0.0000;770.2715;827384000.0000
125.8521;325.3325;6.2719;767.8395;827384000.0000
126.8975;325.8098;5.7281;770.8848;827384000.0000
128.4202;326.2871;0.0000;770.6583;827384000.0000
129.4655;326.7645;0.0000;770.2262;827384000.0000
130.5108;327.2418;0.0000;770.7035;827384000.0000
132.0335;327.1965;0.0000;769.1356;827384064.0000
133.0787;327.6738;0.0000;769.7035;827384064.0000
134.1241;327.6285;6.2719;770.7488;827384064.0000
135.6467;328.1059;0.0000;766.1356;827384064.0000
136.6920;328.5379;0.0000;770.2262;827384064.0000
137.7374;329.0152;6.2719;769.1809;827384064.0000
139.2600;329.4926;0.0000;767.6129;827384064.0000
140.3054;329.4472;0.0000;769.7488;827384064.0000
141.8280;329.9246;0.0000;769.6129;827384064.0000
142.8733;330.4019;0.0000;768.1809;827384064.0000
144.3960;330.3566;0.0000;772.1809;827384064.0000
145.4413;330.8340;0.0000;770.5222;827384064.0000
146.4866;331.3113;0.0000;771.1356;827384128.0000
147.4866;331.2660;0.0000;772.1356;827384128.0000
148.5320;332.2206;0.0000;768.5676;827384128.0000
149.5773;332.1753;0.0000;770.7035;827384128.0000
150.5773;332.6526;6.2719;772.1356;827384128.0000
151.6226;332.6074;0.0000;770.1356;827384128.0000
153.1452;333.0847;0.0000;770.7488;827384192.0000
153.6679;333.0394;0.0000;768.9996;827384192.0000
155.1906;333.5167;0.0000;769.0449;827384192.0000
156.2359;333.9487;0.0000;771.1809;827384192.0000
157.2359;334.4261;0.0000;770.0449;827384192.0000
158.7585;334.3807;0.0000;768.6583;827384192.0000
159.8039;335.3354;0.0000;772.1809;827384192.0000
160.8039;335.8128;0.0000;770.0449;827384192.0000
161.8039;335.7675;0.0000;770.6129;827384192.0000
162.8492;336.7222;0.0000;771.6129;827384192.0000
163.8492;337.1995;0.0000;769.0449;827384192.0000
164.3719;337.6315;0.0000;770.7035;827384192.0000
165.3719;338.1088;0.0000;770.0903;827384192.0000
166.3719;338.5862;0.0000;767.1356;827384192.0000
166.8945;339.5408;0.0000;772.1809;827384192.0000
168.4171;339.4955;0.0000;768.9996;827384192.0000
169.4171;339.9729;0.0000;769.6129;827384192.0000
170.4171;340.9276;0.0000;770.7035;827384192.0000
171.4172;341.4049;0.0000;768.5223;827384256.0000
172.4171;341.3596;0.0000;769.7488;827384256.0000
172.9398;342.3143;6.2719;771.1356;827384256.0000
173.9398;342.7916;5.7281;769.0449;827384256.0000
174.9398;343.2690;0.0000;769.1809;827384256.0000
175.9398;343.7010;0.0000;768.6583;827384256.0000
177.4625;344.1783;0.0000;767.6129;827384256.0000
178.4625;344.6556;0.0000;769.7488;827384256.0000
178.9851;345.1330;0.0000;768.0449;827384256.0000
179.9851;346.0876;0.0000;769.7035;827384256.0000
180.9851;346.5650;0.0000;770.7035;827384256.0000
182.5078;347.0423;0.0000;768.5223;827384256.0000
183.5078;347.9970;0.0000;770.1356;827384320.0000
184.5078;347.9517;0.0000;771.6129;827384320.0000
185.5078;348.4291;0.0000;768.0449;827384320.0000
186.5078;348.9064;0.0000;770.2262;827384320.0000
187.5078;348.8611;0.0000;770.0903;827384320.0000
188.5078;349.8157;0.0000;767.5675;827384384.0000
189.5078;350.2931;6.2719;771.1356;827384384.0000
189.9851;350.7704;0.0000;768.0449;827384384.0000
190.9851;350.7251;0.0000;768.1356;827384384.0000
191.9851;351.2024;0.0000;769.7035;827384384.0000
192.9851;351.1571;0.0000;768.9996;827384384.0000
193.9851;351.6345;0.0000;766.6129;827384384.0000
194.5078;352.1118;0.0000;770.6129;827384384.0000
195.5078;352.0665;0.0000;766.5222;827384384.0000
196.5078;352.5438;0.0000;768.6583;827384384.0000
197.5078;352.4985;0.0000;769.6129;827384384.0000
198.0305;352.4985;0.0000;767.0903;827384384.0000
199.0305;352.4532;0.0000;769.7035;827384384.0000
200.0305;352.9305;0.0000;767.5223;827384384.0000
200.5531;353.4079;0.0000;765.6583;827384448.0000
201.5531;352.8852;0.0000;770.7488;827384448.0000
202.0758;353.3625;0.0000;768.0449;827384448.0000
203.5984;353.3173;0.0000;769.1809;827384448.0000
204.5985;353.7946;0.0000;770.6583;827384512.0000
205.1211;353.7492;0.0000;768.0449;827384512.0000
206.1211;354.2266;0.0000;769.2262;827384512.0000
207.1211;354.1812;0.0000;769.7035;827384512.0000
208.1211;354.6586;0.0000;767.6129;827384512.0000
209.1211;354.1360;0.0000;768.1809;827384512.0000
210.1211;355.0906;0.0000;767.0449;827384512.0000
211.6438;354.5680;0.0000;767.2263;827384512.0000
212.6438;354.5226;0.0000;769.7035;827384512.0000
213.6438;354.5226;0.0000;767.0903;827384512.0000
215.1664;354.4773;0.0000;768.1809;827384512.0000
216.6438;354.4320;0.0000;769.1809;827384512.0000
217.6438;354.3867;0.0000;767.0903;827384512.0000
219.1664;354.3414;0.0000;768.7036;827384512.0000
220.1665;354.3414;0.0000;768.6583;827384576.0000
221.6891;354.2961;0.0000;765.6583;827384576.0000
223.1664;354.2507;0.0000;769.7035;827384576.0000
224.6891;353.7281;0.0000;769.0902;827384576.0000
226.6891;353.6827;0.0000;767.6129;827384640.0000
228.1664;353.6374;0.0000;769.2715;827384640.0000
229.1664;353.1147;0.0000;768.0449;827384640.0000
231.1664;352.5468;0.0000;766.6582;827384640.0000
233.1665;352.0242;0.0000;770.2262;827384640.0000
234.1664;351.9788;0.0000;766.5222;827384640.0000
236.1664;351.9335;0.0000;768.2263;827384640.0000
237.1664;351.8882;0.0000;769.6583;827384640.0000
239.1664;351.8428;0.0000;767.0903;827384640.0000
240.1664;350.7975;0.0000;768.6583;827384640.0000
241.6438;350.7522;0.0000;769.0902;827384640.0000
243.1664;350.7069;0.0000;767.0903;827384640.0000
244.6438;350.1389;0.0000;770.2262;827384640.0000
245.6438;350.0936;0.0000;767.9996;827384640.0000
247.6438;349.0483;0.0000;768.1356;827384704.0000
248.6438;349.0030;0.0000;769.2262;827384704.0000
250.1211;348.9576;0.0000;766.9996;827384704.0000
251.5984;347.9124;0.0000;768.6583;827384704.0000
253.5984;347.8670;0.0000;770.0903;827384768.0000
254.5984;346.8217;0.0000;766.9996;827384768.0000
256.0758;346.7764;0.0000;768.6583;827384768.0000
257.5531;345.7311;0.0000;771.0449;827384768.0000
259.0305;345.1631;6.2719;768.0902;827384768.0000
261.0305;345.1177;0.0000;769.6129;827384768.0000
262.0305;344.0724;0.0000;768.9543;827384768.0000
263.5078;344.0271;0.0000;768.5223;827384768.0000
265.5078;342.9818;0.0000;771.1356;827384768.0000
266.9851;342.4138;0.0000;766.5222;827384768.0000
268.4625;341.8912;0.0000;769.0902;827384768.0000
269.9398;341.3232;0.0000;771.1356;827384768.0000
271.4172;340.2778;0.0000;766.9543;827384768.0000
272.8945;339.7098;0.0000;769.6129;827384768.0000
273.8945;338.6646;0.0000;769.4769;827384832.0000
274.8492;338.1419;0.0000;768.5223;827384832.0000
276.3265;337.0966;0.0000;770.0903;827384832.0000
277.8492;336.5286;0.0000;769.4316;827384832.0000
279.3265;336.0059;0.0000;768.9996;827384896.0000
280.3265;335.4380;0.0000;771.1356;827384896.0000
281.8039;334.9153;0.0000;770.4769;827384896.0000
282.8039;334.3474;0.0000;769.0449;827384896.0000
284.2812;333.3020;0.0000;771.0449;827384896.0000
285.7585;332.7794;0.0000;768.9090;827384896.0000
286.7585;331.7340;0.0000;769.9996;827384896.0000
288.2359;330.6887;0.0000;771.9996;827384896.0000
289.7132;330.1207;0.0000;770.3864;827384896.0000
290.1906;329.5981;0.0000;772.0449;827384896.0000
291.6679;328.5527;0.0000;770.4316;827384896.0000
293.1452;327.9847;0.0000;769.9543;827384896.0000
294.1452;326.9394;0.0000;772.5675;827384896.0000
295.6226;326.4168;0.0000;770.9090;827384896.0000
296.6226;325.3714;0.0000;769.0449;827384960.0000
298.0999;325.3262;6.2719;773.5222;827384960.0000
299.1000;324.2808;0.0000;770.8636;827384960.0000
299.5773;323.2355;0.0000;771.0449;827384960.0000
301.0546;322.7128;0.0000;772.4771;827385024.0000
302.0546;322.1448;0.0000;770.3864;827385024.0000
303.0093;321.0995;0.0000;769.5222;827385024.0000
304.0093;320.5768;0.0000;771.4769;827385024.0000
305.0093;319.5316;0.0000;771.4316;827385024.0000
305.9640;318.4863;0.0000;774.5222;827385024.0000
306.9640;317.4409;0.0000;772.3409;827385024.0000
307.9186;316.9182;0.0000;772.9543;827385024.0000
308.9186;315.8729;0.0000;774.9996;827385024.0000
309.8733;314.8276;0.0000;772.3409;827385024.0000
310.8733;314.3049;0.0000;774.0449;827385024.0000
311.3506;313.2596;0.0000;775.9542;827385024.0000
312.8280;312.2143;0.0000;773.9090;827385024.0000
313.3054;311.6917;0.0000;775.5676;827385024.0000
314.2600;310.6463;0.0000;776.9996;827385088.0000
314.7374;309.6010;0.0000;776.0903;827385088.0000
315.6920;308.5557;0.0000;778.1356;827385088.0000
316.1241;307.5104;0.0000;776.5223;827385152.0000
316.6014;306.4651;6.2719;776.5676;827385152.0000
317.0334;305.4197;0.0000;781.1809;827385152.0000
317.9881;304.3744;6.2719;776.9542;827385152.0000
318.4655;303.8517;0.0000;778.6129;827385152.0000
318.8975;302.8064;6.2719;782.1356;827385152.0000
319.8521;302.2838;6.2719;776.4769;827385152.0000
320.8068;300.7612;6.2719;779.0903;827385152.0000
320.7615;300.2385;0.0000;779.5675;827385152.0000
321.7162;299.7158;6.2719;777.4769;827385152.0000
322.6709;298.6705;0.0000;781.1809;827385152.0000
323.1482;297.6705;0.0000;777.9543;827385152.0000
324.1029;297.1478;0.0000;778.4770;827385152.0000
324.5349;295.6252;0.0000;775.8184;827385152.0000
325.4896;295.1025;0.0000;783.5675;827385152.0000
326.4443;294.5798;0.0000;783.7036;827385152.0000
327.3990;293.5798;0.0000;787.2715;827385216.0000
327.3536;293.0572;0.0000;784.0903;827385216.0000
328.3083;291.5346;0.0000;785.7488;827385280.0000
329.2630;291.5346;0.0000;787.6582;827385280.0000
330.2177;290.5345;0.0000;785.5675;827385280.0000
330.6950;290.0118;0.0000;787.7488;827385280.0000
332.1270;289.0118;0.0000;787.6129;827385280.0000
333.0817;288.5346;0.0000;788.0903;827385280.0000
333.5591;288.0118;0.0000;789.2262;827385280.0000
334.5137;287.0118;0.0000;788.0903;827385280.0000
335.4684;286.5345;0.0000;787.6582;827385280.0000
335.9457;286.0118;0.0000;791.1809;827385280.0000
336.9005;285.5346;0.0000;789.0449;827385280.0000
337.8551;285.0572;0.0000;789.1809;827385280.0000
338.3325;284.5798;0.0000;788.5222;827385280.0000
339.2871;284.1025;0.0000;779.1598;827385280.0000
339.7645;283.6252;5.7281;760.9119;827385280.0000
340.1965;283.1478;0.0000;735.6431;827385280.0000
341.1512;282.6705;5.7281;679.8090;827385344.0000
341.6285;281.6705;0.0000;459.8146;827385344.0000
135.0873;176.1385;0.0000;460.6333;827172032.0000
135.5646;175.6612;0.0000;459.6786;827172032.0000
136.5193;175.1839;0.0000;460.6333;827172032.0000
137.4740;174.2292;0.0000;460.6333;827172032.0000
137.9513;173.7518;0.0000;459.6786;827172032.0000
138.9060;173.2745;0.0000;460.6333;827172032.0000
139.8607;172.7971;0.0000;461.1107;827172032.0000
140.3380;172.3198;0.0000;460.6333;827172032.0000
141.2927;171.8425;0.0000;461.5880;827172032.0000
141.7700;171.3651;0.0000;460.6333;827172032.0000
142.7247;170.8878;0.0000;462.0653;827172032.0000
143.6794;170.4104;0.0000;463.0200;827172032.0000
144.6341;169.4558;0.0000;461.1107;827172032.0000
145.5888;168.9784;0.0000;462.0653;827172032.0000
146.0661;168.5011;0.0000;463.4973;827172032.0000
147.0208;167.5464;0.0000;461.1107;827172032.0000
147.9755;167.0691;0.0000;463.4973;827172032.0000
148.4528;166.5917;0.0000;463.4973;827172032.0000
149.4075;166.1144;0.0000;462.0653;827172032.0000
149.8848;165.1597;0.0000;463.4973;827172032.0000
150.8395;165.1597;0.0000;462.0653;827172032.0000
151.3169;164.2050;0.0000;461.5880;827172032.0000
152.2715;164.2050;0.0000;464.4520;827172032.0000
152.7489;163.7277;0.0000;462.5427;827172032.0000
153.7035;163.2504;0.0000;463.4973;827172032.0000
154.1809;162.7730;0.0000;463.4973;827172032.0000
155.1356;161.8184;0.0000;462.5427;827172032.0000
156.0903;161.3410;0.0000;463.4973;827172032.0000
157.0449;160.8637;0.0000;463.4973;827172032.0000
157.5223;159.9090;0.0000;463.4973;827172032.0000
158.4769;158.9543;0.0000;464.9294;827172032.0000
159.4316;158.4769;0.0000;463.9747;827172032.0000
159.9090;157.5223;0.0000;464.4520;827172032.0000
160.3864;157.0449;0.0000;466.3614;827172032.0000
161.3410;156.5676;0.0000;463.4973;827172096.0000
161.8184;156.0903;0.0000;464.9294;827172096.0000
162.2957;155.1356;0.0000;464.4520;827172096.0000
163.2504;154.6582;5.7281;464.4520;827172096.0000
163.7277;154.1809;0.0000;465.4067;827172096.0000
164.2050;153.7035;5.7281;465.4067;827172096.0000
164.6824;152.7489;0.0000;464.4520;827172096.0000
165.6370;152.2715;0.0000;465.4067;827172096.0000
166.1144;151.3169;0.0000;464.9294;827172096.0000
166.5917;150.8395;0.0000;464.9294;827172096.0000
167.0691;150.3622;0.0000;466.3614;827172096.0000
168.0238;149.4075;0.0000;463.9747;827172096.0000
168.5011;148.9301;0.0000;465.4067;827172096.0000
168.9784;147.9755;0.0000;466.3614;827172096.0000
169.4558;147.0208;0.0000;464.4520;827172096.0000
169.9331;146.0661;0.0000;466.3614;827172096.0000
170.8878;145.1114;0.0000;465.8841;827172096.0000
171.3651;144.1568;0.0000;464.4520;827172096.0000
172.3198;143.2020;0.0000;466.3614;827172160.0000
172.7971;142.2474;0.0000;465.8841;827172160.0000
173.7518;141.2927;0.0000;465.4067;827172160.0000
174.2292;140.8154;0.0000;466.8387;827172160.0000
174.7065;139.8607;0.0000;465.8841;827172160.0000
175.1839;139.3833;0.0000;466.3614;827172160.0000
175.6612;138.9060;0.0000;466.8387;827172160.0000
176.6159;137.9513;0.0000;465.4067;827172160.0000
176.6159;137.4740;0.0000;466.3614;827172160.0000
177.0932;136.9966;0.0000;466.8387;827172160.0000
177.5705;136.0419;0.0000;466.3614;827172160.0000
178.0479;135.5646;0.0000;467.7934;827172160.0000
178.5253;134.6099;0.0000;467.3161;827172160.0000
179.0026;133.6553;0.0000;466.8387;827172160.0000
179.4799;133.1779;5.7281;467.7934;827172160.0000
179.4799;132.2232;0.0000;467.7934;827172160.0000
179.9573;131.2686;5.7281;467.7934;827172160.0000
180.4346;130.7912;0.0000;468.7481;827172160.0000
180.9120;129.8365;0.0000;467.7934;827172224.0000
180.9120;128.8819;0.0000;468.7481;827172224.0000
181.8666;128.4045;0.0000;468.7481;827172224.0000
181.8666;127.4499;0.0000;464.4520;827172224.0000
182.3440;126.4952;0.0000;469.2254;827172224.0000
182.8213;125.5405;0.0000;469.7028;827172224.0000
183.2986;125.0631;0.0000;469.2254;827172224.0000
183.2986;124.1085;0.0000;470.1801;827172224.0000
183.7760;123.1538;0.0000;469.2254;827172224.0000
184.2534;122.1991;0.0000;469.7028;827172224.0000
184.7307;121.7218;0.0000;470.6574;827172224.0000
184.7307;120.7671;0.0000;469.2254;827172224.0000
185.2080;120.2897;0.0000;468.7481;827172224.0000
185.6854;119.8124;0.0000;470.1801;827172224.0000
186.1627;118.8577;0.0000;469.2254;827172224.0000
186.1627;118.3804;0.0000;468.7481;827172224.0000
186.6400;117.9030;0.0000;469.7028;827172224.0000
187.1174;116.9484;0.0000;469.2254;827172224.0000
187.1174;116.4710;0.0000;469.7028;827172224.0000
187.5947;115.5163;0.0000;469.2254;827172288.0000
188.0720;115.0390;0.0000;470.6574;827172288.0000
188.0720;114.0843;0.0000;471.6122;827172288.0000
188.0720;113.1296;0.0000;469.2254;827172288.0000
188.0720;112.6523;0.0000;469.7028;827172288.0000
188.5494;111.6976;0.0000;470.6574;827172288.0000
188.5494;111.2203;0.0000;469.2254;827172288.0000
188.5494;110.2656;0.0000;469.2254;827172288.0000
189.0267;109.3109;5.7281;470.1801;827172288.0000
189.0267;108.8336;0.0000;469.7028;827172288.0000
189.5040;107.8789;5.7281;469.2254;827172288.0000
189.5040;107.4015;0.0000;468.2708;827172288.0000
189.5040;106.9242;0.0000;468.2708;827172288.0000
189.9814;106.4469;0.0000;467.7934;827172288.0000
189.9814;106.4469;5.7281;468.2708;827172288.0000
189.9814;105.9695;0.0000;469.2254;827172288.0000
189.9814;105.4922;5.7281;469.2254;827172288.0000
189.9814;105.4922;0.0000;467.7934;827172288.0000
189.9814;105.0149;0.0000;468.2708;827172352.0000
189.9814;104.5375;0.0000;466.3614;827172352.0000
189.9814;103.5828;0.0000;463.0200;827172352.0000
189.9814;103.1055;0.0000;468.7481;827172352.0000
190.4587;102.6282;0.0000;461.5880;827172352.0000
190.4587;101.6734;0.0000;464.9294;827172352.0000
190.4587;101.1961;0.0000;464.9294;827172352.0000
190.4587;100.7188;0.0000;463.0200;827172352.0000
190.9361;100.2414;0.0000;463.4973;827172352.0000
190.9361;99.7641;0.0000;464.4520;827172352.0000
190.9361;99.2868;0.0000;462.5427;827172352.0000
190.9361;98.8094;0.0000;463.4973;827172352.0000
190.9361;98.3321;0.0000;463.4973;827172352.0000
190.9361;97.8548;0.0000;461.1107;827172352.0000
190.9361;97.3774;0.0000;462.0653;827172352.0000
191.4134;96.9001;0.0000;461.1107;827172352.0000
191.4134;96.4227;0.0000;460.1560;827172352.0000
191.4134;95.9454;0.0000;459.6786;827172352.0000
191.4134;95.9454;0.0000;459.6786;827172416.0000
191.4134;95.9454;0.0000;460.6333;827172416.0000
191.4134;95.9454;0.0000;461.5880;827172416.0000
191.4134;95.9454;0.0000;459.6786;827172416.0000
191.4134;95.4680;0.0000;460.1560;827172416.0000
191.4134;95.4680;0.0000;459.2013;827172416.0000
191.4134;95.4680;0.0000;456.8146;827172416.0000
191.4134;95.4680;0.0000;453.4732;827172416.0000
190.9361;95.4680;0.0000;447.7451;827172416.0000
190.9361;95.4680;0.0000;440.1077;827172416.0000
190.9361;95.4680;0.0000;434.3796;827172416.0000
190.9361;95.4680;0.0000;421.0141;827172416.0000
190.9361;95.4680;0.0000;400.4884;827172416.0000
190.9361;95.4680;0.0000;370.4160;827172416.0000
190.9361;95.4680;5.7281;307.8845;827172416.0000
190.4587;95.4680;11.4562;189.0267;827172416.0000
190.4587;95.4680;17.1843;90.2173;827172416.0000
293.0869;-7.6374;0.0000;189.9814;827172928.0000
293.0869;-8.1148;0.0000;191.4134;827172928.0000
293.0869;-8.1148;0.0000;191.8908;827172928.0000
293.0869;-8.1148;0.0000;202.3923;827172928.0000
293.0869;-8.1148;0.0000;216.2351;827172928.0000
293.0869;-8.1148;0.0000;221.9632;827172928.0000
293.0869;-8.1148;0.0000;220.5312;827172928.0000
293.0869;-8.1148;0.0000;212.4164;827172928.0000
293.0869;-7.6374;0.0000;189.0267;827172928.0000
293.0869;-7.6374;0.0000;71.6010;827172928.0000
