213.5505;204.4495;0.0000;29.1861;614133.3125
213.5929;204.3648;0.0000;59.4499;614142.3125
213.6352;204.3225;0.0000;79.6876;614151.3125
213.6352;204.3225;0.0000;95.4759;614160.3750
214.6352;204.2801;0.0000;99.2641;614169.3750
214.6775;204.2801;0.0000;107.8407;614178.3125
214.7199;204.2377;0.0000;132.6127;614187.3125
214.8046;203.2801;0.0000;155.7917;614196.3125
214.8893;203.2377;0.0000;179.1500;614205.3125
214.9740;203.2377;0.0000;203.6970;614214.3125
213.8306;204.1270;0.0000;226.6414;614254.5625
213.8306;204.0847;0.0000;262.7685;614263.6250
213.7882;204.0847;0.0000;294.4297;614272.5625
213.7882;204.0847;0.0000;317.1333;614281.6250
213.7882;204.0847;0.0000;344.6674;614290.5625
213.7459;204.0847;0.0000;370.7946;614299.5625
213.7459;204.0424;0.0000;394.7098;614308.6250
213.7036;204.0424;0.0000;418.7945;614317.6250
213.7036;204.0424;0.5081;435.7522;614326.5000
213.6612;204.0424;0.0000;454.5404;614335.6250
213.6612;204.0424;0.0000;471.1593;614344.5625
213.6612;204.0424;0.5081;477.1169;614353.6250
213.6189;204.0000;0.0000;493.8629;614362.6250
213.6189;204.0000;0.0000;505.4818;614371.5625
213.6189;204.0000;0.0000;513.3547;614380.6250
213.6189;203.9576;0.0000;529.6772;614389.6250
213.6189;203.9576;0.0000;540.2961;614398.5625
213.6189;203.0000;0.0000;547.9996;614407.5625
213.6189;203.0000;0.0000;566.2797;614416.5625
214.5765;203.0000;0.5081;575.9834;614425.6250
214.5765;203.0000;0.0000;587.8140;614434.6250
214.5765;203.0000;0.0000;595.8139;614443.5000
214.5765;203.0000;0.0000;597.3221;614452.6250
214.5765;203.0000;0.0000;606.3644;614461.6250
214.5765;203.0000;0.0000;609.7880;614470.6250
214.5342;203.0000;0.0000;607.2961;614479.6250
214.5342;203.0000;0.5081;612.6772;614488.5625
213.5765;203.0000;0.0000;613.5241;614497.6250
213.5765;203.0000;0.0000;609.4557;614506.6250
213.5765;203.9576;0.0000;613.0062;614515.5625
212.6189;203.9576;0.5081;614.8108;614524.5625
212.6189;203.9576;0.0000;614.5731;614533.5625
212.6189;204.9153;0.0000;620.8271;614542.6250
211.6612;204.9153;0.0000;619.4623;614551.6250
211.6612;204.8730;0.0000;621.9281;614560.5000
211.6612;205.8306;0.0000;627.9281;614569.6250
211.6612;205.8306;0.0000;625.4787;614578.6250
211.6612;205.8306;0.0000;631.6904;614587.5625
210.7036;205.8306;0.0000;635.0715;614596.6250
210.7036;206.7882;0.0000;632.7491;614605.5000
210.7036;206.7882;0.0000;635.2572;614614.6250
210.7036;207.7459;11.4919;640.2994;614623.6250
210.7036;207.7459;12.0000;650.1725;614632.5625
210.7036;207.7459;0.0000;646.6382;614641.5625
210.7036;208.7036;11.4919;644.1465;614650.6250
210.7036;208.7036;0.0000;646.5276;614659.5625
210.7036;208.7036;0.0000;650.7394;614668.6250
210.7036;209.6612;11.4919;644.5016;614677.5625
210.7036;209.6612;0.0000;650.0097;614686.6250
210.7036;209.6612;0.0000;653.4331;614695.6250
210.7036;209.6189;0.0000;652.0261;614704.5625
210.6612;210.5765;0.0000;659.7719;614713.6250
210.6612;210.5765;0.0000;663.5342;614722.5625
210.6612;210.5765;0.0000;664.8729;614731.6250
210.6612;211.5342;0.5081;671.6189;614740.6250
210.6612;211.5342;0.0000;671.1693;614749.5625
210.6612;211.5342;0.0000;672.2540;614758.5000
210.6612;211.5342;0.5081;680.0000;614767.6250
210.6612;212.4919;0.0000;672.2540;614776.5625
210.6612;212.4919;0.5081;679.8729;614785.6250
210.6612;212.4919;0.0000;683.7036;614794.5625
210.6612;213.4495;0.0000;681.7460;614803.6250
210.6612;213.4495;0.0000;689.3648;614812.6250
211.6189;213.4495;0.0000;692.2802;614821.5625
211.6189;214.4071;0.0000;693.9836;614830.6250
211.6189;214.4071;0.0000;700.6025;614839.5625
211.6612;214.4071;0.0000;700.6025;614848.5625
211.6612;214.4071;0.0000;703.4755;614857.6250
212.6189;215.3648;0.0000;709.2215;614866.5625
212.6612;215.3648;0.0000;703.2638;614875.5000
212.6612;216.3225;0.0000;709.3062;614884.6250
213.6189;216.3225;0.5081;713.3061;614893.5625
213.6612;216.3225;0.5081;709.3062;614902.6250
214.6189;217.2801;0.0000;713.7980;614911.6250
214.6612;217.2801;0.0000;715.0944;614920.5625
215.6189;217.2801;0.0000;714.1367;614929.6250
215.6612;218.2377;0.0000;720.8403;614938.5625
216.6189;218.2377;0.0000;720.5862;614947.6250
216.6612;218.2377;0.0000;723.7133;614956.5625
217.6612;219.1954;0.0000;729.5015;614965.5625
218.7036;219.1954;0.0000;728.5016;614974.6250
218.7459;219.1954;0.0000;736.1628;614983.6250
219.7459;219.1954;0.0000;741.5276;614992.5000
220.7459;220.1531;0.0000;739.2051;615001.6250
221.7459;220.1107;0.0000;743.9934;615010.5625
222.7883;220.1107;0.0000;745.9510;615019.6250
223.7883;220.1107;0.0000;745.2051;615028.6250
224.7882;220.1107;0.0000;748.6970;615037.5625
224.8306;220.0684;0.0000;747.0781;615046.6250
225.8306;221.0260;0.0000;749.9934;615055.6250
226.8306;220.9837;0.0000;753.8241;615064.6250
227.8306;220.9837;0.0000;750.0780;615073.5625
228.8306;220.9837;0.0000;756.0781;615082.5625
229.7882;220.9413;0.0000;757.7394;615091.6250
230.7882;220.9413;0.0000;753.0781;615100.6250
230.8306;220.9413;0.0000;756.0356;615109.5625
231.7883;220.8990;0.0000;756.0781;615118.6250
232.7883;220.8566;0.0000;754.2898;615127.5625
232.8306;220.8143;0.0000;758.1204;615136.6250
233.8306;220.8143;0.0000;756.2051;615145.6250
234.7882;221.7296;0.0000;757.2474;615154.5625
234.8306;221.6873;0.0000;760.1204;615163.6250
235.8306;221.6450;0.0000;757.2898;615172.6250
236.8306;221.6026;0.0000;762.2052;615181.5625
236.8306;221.6026;0.0000;767.1204;615190.5625
237.7882;221.5602;0.0000;759.5016;615199.5625
237.8306;221.5179;0.0000;766.2474;615208.6250
238.7882;221.4756;0.0000;769.1204;615217.6250
238.7882;221.4756;0.0000;766.3322;615226.5625
239.7459;221.4332;0.0000;773.0358;615235.6250
240.7459;221.3908;0.0000;773.2474;615244.6250
240.7459;221.3908;0.0000;772.1628;615254.5000
241.7036;221.3485;0.0000;777.9087;615263.6250
241.7036;221.3062;0.0000;776.1628;615272.5625
242.6612;220.3485;0.0000;779.9511;615281.5625
243.6189;220.3062;0.0000;785.8240;615290.5625
244.5765;220.2638;0.0000;779.2052;615299.5000
244.5765;220.2214;0.0000;785.0358;615308.5625
245.5342;219.2638;0.0000;788.8663;615317.5625
246.4919;219.2214;0.0000;783.2052;615326.5625
246.4919;219.1791;0.0000;789.1204;615335.5625
247.4495;219.1791;0.0000;782.4169;615344.4375
248.4071;218.1791;0.0000;789.3322;615353.5000
248.4071;218.1367;0.0000;796.8663;615362.5625
248.4071;218.0944;0.0000;795.9511;615371.5625
249.3648;218.0521;0.0000;797.9510;615380.6250
249.3648;218.0097;0.0000;805.6123;615389.5625
250.3225;217.0521;0.0000;798.9934;615398.6250
251.2801;217.0097;0.0000;803.8240;615407.6250
251.2378;216.0097;0.0000;808.6970;615416.5000
252.1954;216.0097;0.0000;804.9511;615425.6250
253.1531;215.9673;0.0000;808.7817;615434.6250
253.1107;214.9674;0.0000;808.9510;615443.5625
254.0684;214.9250;0.0000;809.8240;615452.5625
254.0260;213.9250;0.0000;814.8240;615461.5625
254.9413;213.8827;0.0000;817.6123;615470.6250
254.8990;212.9250;0.0000;821.4852;615479.6250
255.8143;212.8827;0.0000;829.1888;615488.5625
255.7720;212.8403;0.0000;823.5276;615497.6250
255.7296;211.8403;0.0000;831.2735;615506.6250
256.6449;211.8403;0.0000;837.1465;615515.6250
256.6026;210.8403;0.0000;830.4853;615524.6250
257.5179;210.7980;11.4919;835.3583;615533.5625
257.4756;209.8403;0.0000;835.5277;615542.6250
258.3908;209.7979;0.0000;833.5699;615551.6250
259.3062;208.8403;11.4919;839.2311;615560.5625
259.2638;208.7980;0.0000;838.3582;615569.5625
260.1791;207.7980;0.0000;838.3582;615578.5625
260.1367;206.8403;11.4919;845.0618;615587.6250
261.0521;206.7980;0.0000;841.4006;615596.6250
261.0097;205.8403;0.5081;849.8924;615605.5625
260.9250;204.8403;0.0000;836.4852;615614.6250
261.8403;203.8827;0.0000;867.2994;615623.6250
261.7557;203.8403;0.5081;874.7914;615632.5625
262.6709;202.8827;0.0000;876.7067;615641.6250
262.5863;201.8827;0.0000;878.6221;615650.5625
262.5439;200.9250;0.0000;881.4949;615659.6250
263.4169;199.9673;0.0000;885.3256;615668.6250
263.3322;199.9250;0.0000;886.3679;615677.5625
263.2898;198.9674;0.0000;891.1562;615686.5000
264.1628;198.0097;0.0000;890.1985;615695.6250
264.1204;197.0097;0.0000;896.9021;615704.5625
264.0781;196.0521;0.0000;901.6904;615713.6250
263.9934;195.0945;0.0000;895.0292;615722.5625
263.9510;195.0521;0.0000;902.6904;615731.6250
263.9087;194.0944;0.0000;906.5210;615740.6250
263.8240;193.1367;0.0000;899.7750;615749.5625
264.7393;192.1367;0.0000;907.4786;615758.6250
264.6546;191.1791;0.5081;906.5210;615767.5625
264.6123;191.1791;0.0000;905.5634;615776.5625
264.5276;190.2215;0.5081;910.3516;615785.6250
264.4853;189.2638;0.0000;906.6479;615794.5625
264.4005;188.3062;0.0000;909.6057;615803.5625
264.3582;187.3485;0.0000;915.1823;615812.6250
264.2735;186.3908;0.0000;907.5210;615821.5625
263.2735;185.3908;0.0000;913.2669;615830.6250
263.1888;185.3908;0.0000;915.1399;615839.6250
263.1465;184.4332;0.0000;913.2669;615848.6250
263.1041;183.4756;0.0000;917.1399;615857.6250
263.0195;182.5179;0.0000;914.2246;615866.5625
262.9771;181.6026;0.0000;912.2669;615875.6250
262.8924;180.6449;0.0000;917.0552;615884.5625
262.8500;179.6873;0.0000;913.2245;615893.5625
262.8077;179.6873;0.0000;917.0552;615902.6250
262.7654;178.7720;0.0000;924.7164;615911.5625
262.7230;177.8143;0.0000;917.0552;615920.5625
261.7230;176.8566;0.0000;921.8434;615929.6250
261.6807;175.8990;0.0000;924.7164;615938.5625
261.5960;174.9837;0.0000;918.8434;615947.6250
261.5536;174.9837;0.0000;928.5046;615956.6250
260.5536;174.0684;0.0000;924.6741;615965.5625
260.5113;173.1531;0.0000;924.5894;615974.6250
260.4266;172.1954;0.0000;929.3776;615983.5625
260.3842;171.2801;0.0000;928.3776;615992.6250
260.2996;171.3225;0.0000;930.5046;616001.5625
259.2996;170.4072;0.0000;931.2505;616010.5625
259.2572;169.4919;0.0000;925.5046;616019.6250
259.1725;168.5765;0.0000;932.2506;616028.6250
258.1725;168.6189;0.0000;936.0812;616037.5625
258.1302;167.7036;0.0000;929.3776;616046.6250
258.0878;166.7459;0.0000;933.1658;616055.5625
258.0878;165.8306;0.0000;933.1235;616064.6250
257.0878;165.8730;0.0000;933.1235;616073.6250
257.0455;164.9576;0.0000;937.1235;616082.5625
257.0031;164.0424;0.0000;934.1660;616091.6250
256.0455;163.1694;0.0000;936.9119;616100.6250
256.0031;163.2117;0.0000;938.9119;616109.6250
255.0455;162.2964;0.0000;933.0389;616118.5625
255.0031;161.3811;0.0000;938.8271;616127.5625
254.0455;161.4658;0.0000;941.7848;616136.6250
254.0031;160.5505;0.0000;935.1237;616145.6250
253.0031;159.6352;0.0000;939.7001;616154.5000
253.0031;159.6775;0.0000;939.7849;616163.6250
252.0031;158.8046;0.0000;934.1660;616172.5625
252.0031;157.8893;11.4919;941.7001;616181.6250
251.0031;157.9740;0.0000;940.7001;616190.6250
251.0031;157.0586;0.0000;942.6155;616199.5625
250.0031;157.1434;0.0000;944.4884;616208.6250
250.0031;156.2280;0.0000;935.9541;616217.6250
249.0455;156.2704;0.0000;941.7848;616226.5625
248.0878;155.3974;0.0000;948.3190;616235.5625
248.0878;155.4398;0.0000;938.7424;616244.5625
247.0878;155.4821;0.0000;944.5306;616253.6250
246.1302;154.6092;0.0000;944.7001;616262.6250
246.1302;154.6515;0.0000;939.7424;616271.5625
245.1725;154.6938;0.0000;945.5308;616280.6250
244.2149;153.8209;0.0000;941.6577;616289.6250
244.2149;153.8633;0.0000;944.5731;616298.5625
243.2572;153.9479;0.0000;945.4460;616307.6250
242.2996;153.0326;0.0000;937.7848;616316.5000
242.2996;153.1173;0.5081;941.6154;616325.6250
241.3419;153.1597;0.0000;945.5308;616334.6250
240.3843;152.2443;0.5081;938.5731;616343.5625
239.4266;152.2867;0.0000;942.3613;616352.5625
238.5112;152.3714;0.0000;942.9802;616361.6250
237.5536;152.4137;0.0000;938.7001;616370.5625
236.5960;151.5408;0.0000;944.2343;616379.6250
236.5960;151.5831;0.0000;941.3190;616388.5625
235.6806;151.6255;0.0000;938.2343;616397.6250
234.7230;151.7102;0.0000;943.3614;616406.6250
233.7654;151.7525;0.0000;939.4883;616415.5625
232.8077;150.8796;0.0000;941.4460;616424.6250
231.8500;150.9219;0.0000;944.3190;616433.5625
230.8924;151.0066;0.0000;938.6155;616442.5625
230.9347;151.0913;0.0000;940.4883;616451.6250
229.9771;151.1336;0.0000;942.5307;616460.5625
229.0194;150.2607;0.0000;938.5731;616469.5625
228.1041;150.3454;0.0000;943.4460;616478.6250
228.1041;150.3877;0.0000;941.5731;616487.5625
227.1888;150.4724;0.0000;939.6154;616496.5625
226.2311;150.5147;0.0000;942.5307;616505.5625
226.2735;150.5995;0.0000;938.7849;616514.6250
225.3159;149.6841;0.0000;941.5307;616523.6250
224.4005;149.7265;0.0000;946.3613;616533.5000
223.4852;149.8112;0.5081;936.9119;616542.5000
222.5276;149.8535;0.0000;941.5731;616551.5625
221.6123;148.9806;0.5081;944.5306;616560.5625
219.7393;149.0652;0.0000;935.0813;616569.5625
218.7817;149.1076;0.5081;942.6155;616578.5000
216.9087;148.2346;0.0000;938.8271;616587.5000
215.9934;148.2770;0.5081;938.8695;616596.5625
214.0781;148.3617;0.0000;943.6155;616605.5625
213.1628;148.4464;0.0000;940.7849;616614.5625
212.2475;148.4888;0.0000;937.9542;616623.6250
210.3745;148.5734;0.0000;948.5308;616632.5000
209.4592;148.6157;0.0000;937.2083;616641.5625
208.5439;148.7004;0.0000;942.8695;616650.5000
207.6286;148.7428;0.0000;946.7001;616659.5625
206.7133;148.8275;0.0000;939.0389;616668.6250
205.7980;148.8698;0.0000;944.7848;616677.5625
204.8827;148.9122;0.0000;941.9119;616686.6250
203.9673;148.9969;0.0000;941.9542;616695.5000
203.0521;149.0392;0.0000;944.8271;616704.6250
202.1367;149.1239;0.0000;942.9119;616713.6250
200.2638;149.1663;0.0000;942.9119;616722.5625
199.3485;149.2509;0.0000;944.8695;616731.6250
197.5179;149.2933;0.0000;939.3776;616740.6250
196.6026;149.3357;0.0000;943.0389;616749.5625
194.7296;150.3357;0.0000;946.8695;616758.6250
193.8143;150.3780;0.5081;940.2082;616767.5625
192.9413;150.4203;0.0000;943.3353;616776.5625
192.0260;151.4203;0.0000;944.1660;616785.6250
190.1954;151.4627;0.0000;942.5046;616794.5625
190.2377;151.5050;0.0000;946.3353;616803.6250
189.3648;151.5474;0.0000;944.2930;616812.5625
188.4495;151.5474;0.0000;942.3776;616821.5625
187.5765;151.5897;0.0000;946.3353;616830.6250
186.6612;152.5474;0.0000;940.5894;616839.5625
185.7882;152.5897;0.5081;943.4623;616848.6250
184.9153;152.5897;0.0000;946.3776;616857.6250
184.0424;152.5897;0.0000;939.7588;616866.5625
183.1694;153.5474;0.0000;944.7164;616875.6250
182.2964;153.5897;0.0000;945.5046;616884.6250
181.4235;153.5897;0.0000;941.7588;616893.5625
181.4658;154.5474;0.0000;945.7588;616902.6250
180.5929;154.5474;0.0000;943.8858;616911.5625
179.7199;154.5474;0.0000;942.7588;616920.5625
178.8046;155.5050;0.0000;945.8011;616929.5625
178.8893;155.5050;0.0000;940.8858;616938.5625
178.0163;155.5050;0.0000;945.7164;616947.6250
177.1434;155.5050;0.0000;945.7588;616956.6250
176.2704;156.5050;0.0000;939.9705;616965.6250
175.4398;156.5050;0.0000;942.8858;616974.5625
174.5668;157.4627;0.0000;945.7164;616983.5625
173.6938;157.4627;0.5081;942.8858;616992.6250
172.8209;157.4627;0.0000;946.7164;617001.6250
170.9903;158.4203;0.0000;942.9705;617010.5000
170.1173;158.4203;0.0000;942.9281;617019.6250
169.2443;159.3780;0.0000;945.8857;617028.5625
168.3714;159.3780;0.0000;941.2245;617037.6250
167.4984;160.3357;0.0000;943.9705;617046.5625
166.6255;160.3357;0.0000;949.7164;617055.5625
165.7525;161.2933;0.0000;940.1399;617064.6250
164.8372;161.2933;0.0000;944.0128;617073.6250
163.9642;162.2509;0.0000;945.0128;617082.5625
163.1336;162.2509;0.0000;940.2670;617091.6250
162.2607;163.1663;0.0000;946.0128;617100.5625
161.3877;163.1663;0.0000;941.1823;617109.6250
161.4301;164.1239;0.0000;940.4363;617118.6250
160.5571;164.0815;0.0000;945.0552;617127.5000
159.6418;165.0392;0.0000;940.4363;617136.5625
158.7689;165.9969;0.0000;941.3939;617145.6250
157.8535;165.9969;0.0000;945.3093;617154.5625
156.9382;166.9545;0.0000;937.5632;617163.5625
156.9806;166.9122;0.0000;944.4363;617172.5625
156.0652;167.8698;0.0000;947.2246;617181.6250
155.1500;167.8275;0.0000;942.5634;617190.5625
155.2346;168.7851;0.0000;945.4787;617199.5625
154.3194;168.7428;0.0000;943.6057;617208.6250
154.4040;169.7004;0.0000;942.7327;617217.6250
153.4887;169.6581;0.0000;943.9020;617226.6250
153.5311;170.5734;0.0000;943.7750;617235.6250
152.6581;170.5734;0.0000;943.8597;617244.5000
152.7004;171.4888;0.0000;947.7328;617253.6250
151.7851;172.4040;0.0000;937.2832;617262.6250
151.8275;172.3616;0.0000;943.0715;617271.5625
150.9545;173.2770;0.0000;947.8597;617280.5625
150.9969;174.1923;0.0000;941.2408;617289.5625
150.0815;174.1500;0.0000;944.1562;617298.5625
150.1239;175.0229;0.0000;944.1562;617307.6250
149.2086;175.9382;0.0000;943.2408;617316.5625
149.2509;176.8535;0.0000;947.1561;617325.6250
148.3357;177.7689;0.0000;944.3679;617334.6250
147.4203;178.6841;0.0000;944.4102;617343.5625
147.4627;179.5995;0.0000;947.4103;617352.5625
146.5474;180.5147;0.5081;941.6644;617361.5625
146.5474;182.3454;0.0000;947.4526;617370.6250
146.5897;183.2607;0.0000;947.4103;617379.6250
145.6744;183.2183;0.5081;941.7067;617388.5625
145.7168;184.1336;0.0000;948.3679;617397.5000
144.8014;185.0490;0.0000;944.5797;617406.5625
144.8438;185.9642;0.0000;939.7914;617415.5625
144.8438;186.8796;0.5081;946.6220;617424.6250
143.9285;187.7948;0.0000;945.6644;617433.5625
143.9708;188.7102;0.0000;944.7914;617442.5000
143.0132;189.5831;0.0000;945.7914;617451.6250
143.0556;190.4985;0.0000;943.8761;617460.5625
143.0556;191.4137;0.0000;945.7914;617469.6250
143.0979;193.2867;0.0000;947.7490;617478.5625
143.1402;194.1597;0.0000;941.0455;617487.5625
143.1402;195.0750;0.0000;944.8337;617496.6250
142.2250;195.9903;0.0000;946.7914;617505.5625
142.2673;196.8633;0.0000;942.0032;617514.5000
142.3096;198.7362;0.0000;947.7490;617523.6250
142.3520;199.6515;0.0000;942.9608;617532.5625
142.3943;200.5244;0.0000;941.9608;617541.6250
142.4367;202.3974;0.0000;945.8761;617550.6250
141.4790;203.2704;0.0000;941.0879;617559.5000
141.5213;205.1433;0.0000;944.9185;617568.5625
141.5637;206.0163;0.0000;946.8337;617577.5625
141.6061;206.9316;0.0000;939.2148;617586.6250
141.6484;208.7623;11.4919;942.1301;617595.5625
141.6484;209.6775;0.0000;943.1301;617604.5625
141.6907;210.5505;0.0000;927.8076;617613.6250
141.6907;211.4658;0.0000;930.6807;617622.5625
141.7331;212.3388;0.0000;926.8500;617631.6250
141.7331;213.2541;0.0000;927.8923;617640.6250
141.7755;215.0847;0.0000;929.0194;617649.5625
141.7755;216.0000;0.0000;925.8924;617658.6250
141.8178;216.8730;0.0000;928.0194;617667.6250
142.7755;217.7882;0.0000;933.5959;617676.5000
142.8178;218.6612;0.0000;924.1041;617685.6250
142.8178;220.5342;0.0000;929.8923;617694.5625
142.8601;221.4072;0.0000;932.8077;617703.6250
143.8177;222.3225;0.0000;928.0618;617712.5625
143.8177;224.1954;0.0000;930.9771;617721.5625
144.7755;225.1107;0.5081;929.9771;617730.5625
144.8178;226.9413;0.5081;927.1888;617739.6250
144.8178;227.8566;0.0000;931.9771;617748.5625
145.7755;229.7296;0.0000;933.9347;617757.6250
145.7755;230.6026;0.0000;930.4266;617766.5625
146.7331;231.5179;0.0000;936.4429;617775.6250
146.7331;233.3908;0.0000;927.6970;617784.5625
147.6907;234.2638;0.0000;932.5276;617793.5625
147.6907;236.1367;0.0000;936.4429;617802.6250
148.6484;237.0521;0.0000;928.9087;617811.6250
149.6061;237.9250;0.0000;934.6970;617821.5000
149.5637;239.7980;0.0000;932.7817;617830.5625
150.5213;240.6709;0.0000;931.9087;617839.5625
150.5213;241.5863;0.0000;934.8241;617848.5625
151.4367;243.4592;0.0000;933.9088;617857.5625
151.4367;244.3322;0.0000;935.1204;617866.5625
151.4367;245.2475;0.0000;937.8240;617875.5625
152.3519;246.1204;0.0000;932.2051;617884.5000
152.3519;247.0358;0.0000;936.2051;617893.5625
153.2673;247.9087;0.0000;937.9510;617902.5625
153.2673;248.8240;0.0000;932.4169;617911.5625
154.1826;249.6970;0.0000;938.2051;617920.5000
154.1402;250.6123;0.0000;937.1204;617929.5625
155.0556;251.5276;0.0000;935.2474;617938.5000
155.0556;252.4005;0.0000;941.0356;617947.6250
155.9708;253.3159;0.0000;935.3322;617956.5625
155.8862;254.1888;0.0000;936.2898;617965.6250
156.8014;255.1041;0.0000;938.3745;617974.6250
157.7168;255.9771;0.0000;933.5016;617983.5625
157.6744;255.9347;0.0000;938.3322;617992.5625
158.5474;256.8077;0.0000;941.4169;618001.6250
159.4627;257.7230;0.0000;936.6710;618010.6250
160.3357;257.6383;0.0000;941.3322;618019.5625
161.2509;258.5536;0.0000;943.2474;618028.5625
162.1663;258.5113;0.5081;941.3322;618037.6250
163.0392;259.3843;0.0000;944.2052;618046.5625
163.9545;260.2996;0.5081;940.3745;618055.5625
164.8698;260.2572;0.0000;941.3745;618064.6250
165.7428;261.1302;0.5081;944.2052;618073.5625
166.6581;262.0455;0.0000;941.4169;618082.6250
167.5311;262.0031;0.5081;941.4169;618091.6250
168.4040;262.8761;0.0000;947.3322;618100.5625
169.3194;262.8337;0.0000;940.4592;618109.6250
170.1923;263.7491;0.0000;946.3746;618118.6250
172.0229;263.7067;0.0000;946.2474;618127.5625
172.8959;263.6220;0.0000;942.4169;618136.5625
173.8112;264.5373;0.0000;947.2474;618145.5625
175.6418;264.4950;0.0000;944.4169;618154.5625
176.5147;264.4102;0.0000;947.3322;618163.6250
178.3454;264.3680;0.0000;949.2474;618172.5625
179.2607;265.2832;0.0000;945.4592;618181.6250
180.1336;265.2409;0.0000;947.3322;618190.6250
181.9642;265.1985;0.0000;954.1205;618199.5625
182.8796;265.1562;0.0000;944.5439;618208.5625
183.7525;266.0715;0.0000;949.2474;618217.5625
184.6255;266.0292;0.0000;954.1205;618226.6250
185.5408;265.9868;0.0000;948.4592;618235.6250
186.4137;266.9021;0.0000;952.1204;618244.5625
187.2867;266.8598;0.0000;948.3745;618253.5000
188.1597;266.8174;0.0000;947.3745;618262.5625
189.0326;267.7327;0.0000;951.2052;618271.5625
189.9056;267.6904;0.0000;950.4592;618280.6250
190.7786;267.6481;0.0000;948.3745;618289.5625
191.6515;268.5634;0.0000;955.1628;618298.6250
192.5668;268.5210;0.0000;947.4169;618307.6250
192.4821;268.4787;0.5081;954.1205;618316.5625
193.3551;269.3940;0.0000;955.1628;618325.6250
194.2280;269.3516;0.0000;950.3745;618334.6250
194.1434;269.3516;0.0000;954.2052;618343.6250
195.0587;269.3093;0.0000;954.2898;618352.6250
195.9316;270.2245;0.0000;951.3745;618361.5625
196.8046;270.1823;0.0000;954.2898;618370.5000
197.7199;270.1823;0.0000;952.2898;618379.6250
198.5929;271.0975;0.0000;955.2474;618388.5625
199.4658;271.0552;0.0000;959.0358;618397.6250
200.3387;271.0552;0.0000;952.3745;618406.5000
201.2118;271.0128;0.0000;958.0781;618415.6250
202.0847;271.9282;0.0000;960.9087;618424.5625
202.0424;271.8858;0.0000;956.2051;618433.5625
202.9153;271.8858;0.0000;960.9934;618442.6250
203.7882;271.8434;0.0000;962.9087;618451.6250
204.6612;271.8011;0.0000;961.9087;618460.5625
206.4919;271.8011;0.0000;966.6546;618469.6250
207.3648;272.7164;0.0000;963.8240;618478.5625
208.2377;272.6741;0.0000;964.4854;618487.5625
209.1107;272.6741;0.5081;966.6970;618496.6250
209.9837;272.6741;0.0000;961.9087;618505.5625
210.8143;272.6317;0.0000;964.7394;618514.6250
211.6873;272.6317;0.0000;969.5276;618523.5625
212.5602;273.5470;0.0000;962.8240;618532.5625
213.3908;273.5470;0.0000;969.5699;618541.6250
214.2638;273.5470;0.5081;970.5276;618550.5625
215.1367;273.5047;0.0000;968.6123;618559.6250
216.0097;273.5047;0.0000;973.4005;618568.6250
216.8403;273.5047;0.0000;972.4429;618577.5625
217.7133;273.5047;0.0000;972.4005;618586.6250
218.5439;273.5047;0.0000;976.2311;618595.6250
220.3745;273.5047;0.5081;971.4429;618604.5625
221.2475;273.4623;0.0000;977.1888;618613.6250
222.0781;274.4200;0.0000;981.0194;618622.5625
222.9510;274.4200;0.0000;976.2735;618631.6250
223.8240;274.4200;0.0000;979.1465;618640.5625
224.6970;274.4200;0.0000;979.1888;618649.5625
225.5699;274.4200;0.5081;976.2735;618658.6250
226.4429;274.4200;0.0000;981.9771;618667.5625
227.2735;274.4200;0.0000;979.1465;618676.6250
228.1465;274.4623;0.0000;979.1888;618685.6250
229.0194;274.4623;0.0000;981.0194;618694.5625
230.8077;273.5047;0.0000;980.1041;618703.6250
230.7230;273.5047;0.0000;982.0194;618712.6250
232.5112;273.5470;0.0000;982.9347;618721.5000
233.3842;273.5470;0.0000;978.1465;618730.6250
234.2149;273.5470;0.0000;982.0194;618739.5625
235.0878;272.6317;0.0000;985.8500;618748.6250
235.9608;272.6317;0.0000;980.1465;618757.5625
236.7914;272.6741;0.0000;985.8077;618766.5625
237.6643;271.7164;0.0000;985.8077;618775.6250
238.5373;271.7588;0.0000;983.9771;618784.6250
240.3256;271.8011;0.0000;987.7653;618793.5625
241.1986;270.8434;0.0000;985.8500;618802.6250
242.0715;270.8858;0.0000;989.8077;618811.5625
243.8598;269.9705;0.0000;990.6807;618820.6250
244.7327;270.0128;0.0000;983.9771;618829.6250
246.5633;269.0975;0.0000;987.8500;618838.5000
247.4363;269.1399;0.0000;991.7229;618847.6250
248.3093;268.2245;0.0000;986.8500;618856.6250
250.1823;268.2669;0.0000;989.7653;618865.5625
251.0551;267.3516;0.0000;988.8924;618874.5625
251.9282;267.3939;0.0000;986.1465;618883.5625
253.7588;266.4787;0.0000;989.8077;618892.6250
254.6317;266.5210;0.0000;988.0618;618901.6250
255.5047;265.6057;0.0000;986.9347;618910.5625
257.3776;264.6904;0.0000;993.6807;618919.5625
258.2506;264.7327;0.0000;982.1887;618928.6250
259.1235;263.8174;0.0000;989.8500;618937.6250
260.9965;263.8598;0.0000;991.6807;618946.6250
261.8695;262.9445;0.0000;987.9348;618955.5000
262.7848;262.9868;0.0000;991.7654;618964.6250
264.6577;262.0715;0.0000;989.8077;618973.6250
265.5731;262.1138;0.0000;990.7654;618982.5625
266.4460;261.1985;0.0000;994.6383;618991.5625
268.3190;261.2409;0.0000;989.8077;619000.5625
269.2343;260.3679;0.0000;993.5959;619009.6250
271.1496;260.4103;0.0000;994.5112;619018.6250
272.0649;259.5373;0.0000;987.8923;619027.5625
272.9802;259.5797;0.0000;990.7654;619036.5625
273.8955;258.7067;0.0000;994.5959;619045.6250
274.8108;258.7914;0.5081;989.8077;619054.5625
275.7261;257.9185;0.0000;994.5536;619063.6250
276.6415;258.0031;0.0000;992.6807;619072.5625
278.5568;257.1302;0.0000;991.7654;619081.6250
279.4721;257.2149;0.0000;994.5959;619090.6250
280.3873;256.3419;0.0000;992.6807;619099.5625
281.3450;255.4690;0.0000;994.6383;619109.6250
282.2603;255.5113;0.0000;996.4689;619118.6250
283.1757;254.6384;0.0000;988.8500;619127.5625
284.0909;253.7654;0.0000;993.6807;619136.5625
285.0062;253.8500;0.0000;999.4266;619145.5000
285.9639;252.9347;0.0000;994.6383;619154.5000
286.8792;252.0618;0.0000;996.5536;619163.5625
286.8369;251.1888;0.0000;999.5960;619172.5625
287.7522;250.3159;0.0000;996.5112;619181.5625
288.6674;249.4852;0.0000;1000.3843;619190.5625
289.5828;248.6123;0.0000;998.4266;619199.5000
291.4557;247.7393;0.0000;1000.3843;619208.5625
292.4134;245.9087;0.0000;999.3419;619217.5000
293.3287;245.0781;0.0000;996.4689;619226.6250
294.2440;244.2052;0.0000;999.3419;619235.6250
295.1593;243.3322;0.0000;1001.2572;619244.5625
296.1169;242.5016;0.0000;995.4690;619253.6250
297.0323;241.6286;0.0000;999.2996;619262.5000
297.9476;240.7557;0.0000;1001.1301;619271.6250
298.9053;238.9250;0.0000;996.3419;619280.6250
298.9053;238.0944;0.0000;1002.0878;619289.5625
299.8205;237.2214;0.0000;1000.0879;619298.5625
301.7358;235.4332;0.0000;997.0878;619307.6250
302.6935;234.5602;0.0000;1000.1725;619316.5625
303.6511;232.7296;0.0000;995.1725;619325.6250
305.5241;230.8990;0.0000;996.8337;619334.5625
306.4818;229.1107;0.0000;999.6644;619343.6250
307.4394;228.2377;0.0000;991.9608;619352.6250
308.3971;226.4495;0.0000;998.6644;619361.5625
309.3548;225.5765;0.0000;999.5797;619370.6250
309.3971;223.7883;0.0000;992.8761;619379.5625
310.3547;222.9153;0.0000;998.5797;619388.6250
311.3124;221.1270;0.0000;995.7067;619397.6250
312.3124;219.2964;0.0000;995.7491;619406.5625
314.2277;217.4658;0.0000;995.7067;619415.5000
315.2277;215.6775;0.0000;990.8761;619424.6250
317.1430;213.8469;11.4919;993.8337;619433.5625
318.1430;213.0163;0.0000;997.6220;619442.6250
319.1430;211.1857;0.5081;989.9185;619451.5625
320.1430;209.3550;0.5081;992.8337;619460.6250
321.1006;207.5668;0.5081;969.8076;619469.6250
322.1006;205.7362;0.0000;1006.2408;619478.5625
322.1430;204.8633;0.0000;1010.1138;619487.6250
323.1430;203.0750;0.0000;1010.0292;619496.5625
323.1854;201.2443;0.0000;1010.0292;619505.5625
324.1854;199.4137;0.0000;1012.9021;619514.6250
325.1854;197.5831;0.0000;1010.0292;619523.5625
326.1430;195.7525;0.0000;1010.0715;619532.5000
327.1430;193.9219;0.0000;1016.7750;619541.6250
328.1430;191.1336;0.0000;1007.1985;619550.5625
329.1430;189.3454;0.0000;1011.9445;619559.6250
329.1854;187.5147;0.0000;1016.7750;619568.6250
330.1430;185.6841;0.0000;1009.0715;619577.5625
330.1854;182.8959;0.0000;1011.9868;619586.6250
330.2277;181.0652;0.0000;1012.9021;619595.5625
330.2700;179.2346;0.0000;1009.0715;619604.6250
330.3124;177.4040;0.0000;1012.9445;619613.5625
330.3548;175.5734;0.0000;1010.0715;619622.5625
329.4394;173.7428;0.5081;1011.9445;619631.6250
329.4818;171.8698;0.0000;1013.1138;619640.6250
328.5665;170.0392;0.0000;1005.2408;619649.5000
328.6088;167.2509;0.5081;1009.1138;619658.6250
327.6935;165.4203;0.0000;1010.0715;619667.5625
326.7782;163.5897;0.0000;1003.3679;619676.6250
325.9053;161.7591;0.0000;1007.1985;619685.6250
324.9899;159.8862;0.0000;1008.1562;619694.5625
324.0746;157.0979;0.5081;1004.2832;619703.6250
323.2017;155.2250;0.0000;1009.1138;619712.6250
322.2863;153.3943;0.0000;1006.4102;619721.6250
320.4557;151.5213;0.0000;1003.4103;619730.5625
319.5404;149.6907;0.0000;1003.5374;619739.5625
317.7098;147.8177;0.0000;999.5373;619748.6250
315.8792;146.9025;0.0000;999.5373;619757.6250
314.0062;145.0295;0.0000;1002.4526;619766.5625
312.1756;144.1142;0.0000;997.6220;619775.6250
310.3027;142.2836;0.0000;1001.4526;619784.5625
309.4297;141.3683;0.0000;1002.4526;619793.6250
307.5568;140.4530;0.0000;997.6220;619802.6250
305.7261;138.6224;0.0000;1002.4950;619811.5625
303.8531;137.7070;0.0000;1001.4950;619820.6250
302.9802;136.8341;0.0000;999.5797;619829.6250
301.1072;134.9611;0.0000;1003.3256;619838.5625
300.1920;134.0458;0.0000;995.7491;619847.5625
298.3614;133.1729;0.0000;1001.4950;619856.5625
296.4884;131.2999;0.0000;1004.4103;619865.6250
294.6577;130.3846;0.5081;996.4526;619874.6250
293.7425;129.4693;0.0000;1001.5374;619883.5625
291.9119;128.5540;0.0000;1002.4526;619892.6250
290.0389;127.6386;0.0000;998.8337;619901.6250
288.2082;126.6810;0.0000;1002.4950;619910.5625
287.2930;125.7657;0.0000;1001.5374;619919.6250
286.4200;124.8928;0.0000;1001.2408;619928.5625
284.5470;123.9774;0.0000;1004.4103;619937.6250
283.6740;123.0622;0.5081;1001.5374;619946.6250
281.8434;122.1468;0.0000;1004.4103;619955.5625
280.9282;121.2315;0.0000;1007.2832;619964.5000
279.0975;120.3162;0.0000;998.6644;619973.6250
277.2669;119.3585;0.0000;1002.5796;619982.5625
275.3939;117.4856;0.0000;1007.2832;619991.6250
274.5210;116.5703;0.0000;999.6644;620000.5625
271.7327;115.6550;0.5081;1003.4526;620009.6250
270.8598;114.7397;0.0000;1001.5374;620018.6250
269.0292;113.7820;0.0000;999.6220;620027.5625
267.1985;112.8667;0.0000;1004.4526;620036.6250
265.3680;111.9514;0.0000;1001.7914;620045.6250
263.5373;110.0784;0.5081;1001.5374;620054.6250
262.6643;109.1208;0.0000;1007.3256;620063.6250
260.8337;108.2055;0.0000;995.8761;620072.5625
259.9608;107.2478;0.0000;999.6644;620081.5000
259.1302;106.3326;0.0000;1003.5374;620090.6250
257.2996;105.4172;0.0000;997.7914;620099.5625
256.4266;104.4596;0.0000;1001.5796;620108.6250
254.5960;103.5443;0.5081;998.7067;620117.5000
253.7230;103.5866;0.0000;995.8761;620126.6250
251.8924;102.6713;0.5081;999.7491;620135.6250
250.1041;101.7136;0.0000;997.7914;620144.5625
249.2311;101.7560;0.0000;997.7914;620153.6250
247.4005;100.8407;0.5081;1002.6219;620162.6250
245.5699;99.8830;0.0000;993.0032;620171.5625
243.7393;98.9677;0.0000;996.8761;620180.6250
241.9510;98.9677;0.0000;998.7914;620189.5625
240.1204;98.0524;0.0000;993.0879;620198.5625
238.2898;98.0524;0.0000;995.0032;620207.6250
236.5015;98.0524;0.0000;994.0879;620216.5625
233.7133;98.0524;0.0000;990.2572;620225.6250
231.8827;97.0947;0.0000;994.0455;620234.5625
229.0944;97.0947;0.0000;993.0879;620243.5625
226.3062;97.0947;0.0000;989.3419;620252.6250
222.5602;97.0947;0.0000;994.0455;620261.5625
219.7720;97.0947;0.0000;988.3419;620270.6250
216.9837;97.0947;0.0000;991.1725;620279.5625
215.1531;97.0947;0.0000;993.1725;620288.5625
212.3648;97.0947;0.0000;988.3843;620297.6250
210.5342;98.0524;0.0000;993.1301;620306.6250
208.7036;98.0524;0.0000;993.1301;620315.5625
205.9153;98.0524;0.0000;989.3419;620324.6250
204.0847;98.0524;0.0000;994.1301;620333.5625
201.2964;98.0524;0.0000;990.2996;620342.6250
199.4658;98.0524;0.0000;989.3843;620351.5625
196.6352;98.0524;0.0000;993.2148;620360.5625
194.8046;98.0101;0.0000;988.1302;620369.6250
192.0163;98.0101;0.0000;990.3418;620378.5625
190.1857;98.0101;0.0000;993.2572;620387.6250
187.3974;98.9677;0.0000;986.5112;620397.5625
185.5668;98.9254;0.0000;991.0032;620406.5625
183.6938;98.9254;0.0000;992.3418;620415.5625
181.8633;98.9254;0.0000;987.5536;620424.5625
179.9903;99.8407;0.0000;993.2996;620433.5000
178.1597;99.8407;0.0000;988.7230;620442.5625
176.3291;99.8407;0.0000;987.5959;620451.5000
174.4985;99.7983;0.0000;993.3418;620460.5625
172.6678;99.7983;0.0000;988.5112;620469.5000
170.7948;99.7560;0.0000;990.4265;620478.5625
168.9642;100.7137;0.0000;993.2996;620487.5000
167.1336;100.7137;0.0000;985.6806;620496.5625
165.2607;101.6290;0.0000;987.7230;620505.6250
163.4301;101.6290;0.0000;993.3843;620514.6250
160.5995;102.5443;0.0000;985.8077;620523.5625
158.7689;102.5443;0.0000;991.4689;620532.6250
156.8959;103.4596;0.0000;989.6383;620541.5625
154.1076;104.4172;0.0000;988.6807;620550.5625
152.2346;105.3326;0.0000;990.5959;620559.6250
150.4040;106.2478;0.0000;992.5112;620568.5625
147.6158;106.2478;0.0000;989.6383;620577.5625
145.7428;107.1632;0.0000;995.3843;620586.6250
143.9122;108.1208;0.0000;987.7230;620595.5625
142.0815;109.0361;0.0000;991.5536;620604.6250
139.2509;109.9514;0.0000;994.4266;620613.6250
137.4203;110.9091;0.0000;990.6383;620622.5625
134.6321;111.8244;0.0000;993.5112;620631.6250
132.8014;112.7397;0.0000;992.5112;620640.5625
130.0132;113.6973;0.0000;989.6383;620649.6250
128.1402;114.6127;0.0000;995.3843;620658.5625
125.3520;115.5279;0.0000;993.6383;620667.5625
123.5213;117.4433;0.0000;994.6383;620676.6250
121.6484;118.3585;0.0000;997.3419;620685.6250
119.8178;119.2739;0.0000;991.6383;620694.5625
117.9448;121.1468;0.0000;994.4689;620703.6250
115.1565;122.0622;0.0000;998.3419;620712.5625
113.3260;123.9351;0.0000;993.6383;620721.6250
111.4530;124.8504;0.0000;997.4689;620730.6250
110.6224;125.7657;0.0000;998.4266;620739.5625
109.7070;126.6810;0.0000;995.5536;620748.6250
108.8341;127.5963;0.0000;999.5960;620757.6250
108.9188;128.5116;0.0000;997.2149;620766.5625
108.0035;129.4269;0.0000;997.5536;620775.5625
107.1305;130.2999;0.0000;1001.3418;620784.5625
106.2152;131.2152;0.5081;996.5536;620793.6250
105.3422;133.0882;0.0000;999.4266;620802.6250
104.4269;134.9611;0.5081;1002.3418;620811.5625
103.5540;136.8341;0.0000;997.5112;620820.6250
101.6810;137.7494;0.0000;1000.5960;620829.6250
100.7657;140.5800;0.5081;1001.4689;620838.6250
98.9351;142.4530;0.0000;998.5112;620847.6250
98.0198;144.3259;0.0000;1002.3418;620856.5625
97.1045;146.1989;0.0000;999.5960;620865.6250
95.2315;148.0718;0.0000;998.5959;620874.6250
94.3162;149.9448;0.0000;1002.4689;620883.5625
93.4009;152.7755;0.0000;998.7230;620892.5625
92.4856;154.6484;0.0000;1002.5959;620901.5625
91.5703;156.4790;0.0000;1003.5536;620910.6250
89.6973;159.3096;0.0000;999.8077;620919.6250
88.7820;161.1826;0.5081;1001.6383;620928.5625
86.9091;163.0556;0.0000;1002.6807;620937.6250
85.9938;164.9285;0.0000;999.8077;620946.6250
85.0361;166.7591;0.0000;1003.5959;620955.5625
84.1208;167.6744;0.0000;1000.6807;620964.6250
84.1632;169.5474;0.0000;998.8077;620973.5000
83.2478;171.4203;0.0000;1002.6383;620982.6250
82.3326;173.2933;0.0000;998.9771;620991.6250
82.3748;175.1239;0.0000;997.8500;621000.5625
82.4172;176.9969;0.0000;1001.7229;621009.5625
81.5019;178.8698;0.0000;996.9347;621018.6250
81.5443;181.7004;0.0000;1001.6807;621027.5625
80.6290;183.5311;0.0000;999.7230;621036.6250
79.7136;186.3617;0.0000;997.8923;621045.5625
78.7983;188.2346;0.0000;1002.5959;621054.6250
78.8407;191.0229;0.0000;1000.7230;621063.6250
78.8830;192.8959;0.0000;996.9347;621072.5625
77.9677;195.7265;0.0000;1001.0195;621081.6250
77.0524;197.5571;0.0000;994.1888;621090.5625
77.0947;199.4301;0.0000;995.1888;621099.6250
76.1371;202.2607;0.0000;1000.0618;621108.6250
76.1795;204.1336;11.4919;991.4429;621117.5625
75.2641;205.9642;11.4919;997.3158;621126.5625
75.2641;208.7948;0.0000;997.1888;621135.6250
75.3065;210.6678;11.4919;978.9934;621144.5625
75.3488;212.5408;0.0000;980.8241;621153.6250
75.3488;215.3291;0.0000;977.0358;621162.5625
75.3912;217.2020;0.0000;976.9934;621171.6250
75.4335;219.0750;0.0000;982.7817;621180.6250
75.4759;221.9056;0.0000;979.9934;621189.5625
75.4759;223.7786;0.0000;979.8664;621198.6250
75.5182;226.5668;0.0000;982.8240;621207.5625
75.5606;228.4398;0.0000;974.0780;621216.5625
75.6029;231.2704;0.0000;976.9511;621225.6250
76.5606;233.1434;0.0000;983.8240;621234.5625
76.6029;235.9740;0.0000;977.0781;621243.5000
77.6029;238.8046;0.0000;977.9086;621252.6250
77.6452;240.6775;0.0000;976.9511;621261.5625
78.6452;243.4658;0.5081;974.3322;621270.6250
79.6029;246.2964;0.5081;977.9934;621279.6250
79.6452;248.1694;0.5081;978.0357;621288.5625
80.6029;251.0000;0.0000;977.0781;621297.6250
81.6029;253.8306;0.0000;979.9087;621306.5625
82.6029;255.7036;0.0000;975.1205;621315.5625
82.6029;258.5342;0.0000;977.0358;621324.5625
83.6029;260.3648;0.0000;980.9934;621333.5625
84.6029;262.2377;0.0000;974.0780;621342.6250
86.5606;264.1107;0.0000;977.9086;621351.6250
87.5606;265.9837;0.0000;977.9934;621360.5000
89.4759;267.8567;0.0000;975.0358;621369.5625
91.4335;269.6873;0.0000;979.9511;621378.5625
92.4335;272.5178;0.0000;976.9934;621387.6250
94.3912;274.3908;0.0000;977.9510;621396.6250
96.3488;276.2214;0.0000;979.8240;621405.5625
98.3488;278.0944;0.0000;975.0781;621414.6250
100.3065;280.9250;0.0000;977.9510;621423.6250
101.3065;282.7979;0.0000;981.7817;621432.6250
103.2641;284.6710;0.0000;975.2474;621441.5625
105.2218;286.5016;0.0000;978.9087;621450.5625
106.2218;288.3745;0.0000;980.9088;621459.6250
107.2218;290.2475;0.0000;978.9087;621468.6250
108.2218;292.1204;0.0000;980.7817;621477.5000
109.1795;293.9934;0.0000;979.8240;621486.6250
110.1795;295.8664;0.0000;979.8240;621495.5625
111.1795;297.7393;0.0000;982.6970;621504.6250
112.1795;299.6123;0.0000;976.9934;621513.6250
113.1795;301.4853;0.0000;973.1204;621522.5625
115.1371;303.3582;0.0000;986.5276;621531.5625
116.0947;304.3159;0.0000;981.7394;621540.6250
117.0947;306.1888;0.0000;982.6970;621549.5625
119.0524;307.1041;0.0000;983.7817;621558.5625
120.0524;308.0195;0.0000;978.9934;621567.5625
121.9677;309.9348;0.0000;983.6547;621576.6250
122.9677;310.8500;0.0000;983.6547;621585.5625
124.9254;312.7654;0.0000;980.7817;621594.5625
125.8830;313.6807;0.0000;986.5276;621603.6250
127.8407;314.6383;0.0000;982.7393;621612.6250
129.7560;316.5113;0.0000;984.6547;621621.5625
130.7560;317.4689;0.0000;989.1465;621630.6250
132.6713;319.3419;0.0000;981.8241;621639.5625
134.6290;320.2996;0.0000;986.5699;621648.6250
136.5866;321.2149;0.0000;988.2311;621657.6250
138.5019;322.1302;0.0000;984.7394;621666.5625
140.4596;324.0455;0.0000;988.5699;621675.5000
142.3748;324.9608;0.0000;990.4853;621685.5000
144.3326;325.9185;0.0000;991.4852;621694.5625
146.2478;325.8761;0.0000;991.4429;621703.5625
148.2055;326.8337;0.0000;990.5276;621712.4375
150.1631;327.7914;0.0000;991.5276;621721.5000
151.1208;327.7491;0.0000;994.3159;621730.5625
153.0784;328.7067;0.0000;988.6123;621739.5000
154.9938;329.6220;0.0000;994.5699;621748.6250
157.9091;329.6220;0.0000;996.4854;621757.5625
159.8667;329.5797;0.0000;991.7394;621766.5625
162.7397;330.5373;0.0000;997.3582;621775.5625
165.6127;330.5373;0.0000;993.6123;621784.5000
167.5703;330.5373;0.0000;995.8240;621793.5000
170.4433;331.4526;0.0000;995.7394;621802.6250
173.3162;331.4526;0.5081;995.8240;621811.5625
176.1892;331.4526;0.0000;996.8663;621820.5625
179.0622;332.4103;0.0000;1000.6970;621829.5625
182.8928;332.4103;0.0000;991.0781;621838.6250
185.8080;333.3679;0.0000;1000.6123;621847.5625
188.6810;333.3679;0.5081;1002.7816;621856.5625
191.5963;333.3256;0.0000;994.9510;621865.6250
194.4693;333.3256;0.5081;1002.8663;621874.6250
198.3422;333.2832;0.0000;1000.9934;621883.6250
201.2152;334.2409;0.0000;996.0358;621892.6250
205.0881;334.2409;0.0000;1002.0358;621901.5000
207.9611;334.1985;0.0000;1000.9511;621910.6250
211.8341;334.1985;11.4919;1000.6970;621919.6250
214.7071;334.1985;0.0000;1003.9934;621928.5625
218.5377;334.1985;0.0000;1001.1628;621937.5625
221.4106;334.1985;12.0000;1003.0356;621946.5625
225.2412;334.1985;0.0000;1004.9087;621955.5625
229.0718;334.1985;0.5081;1002.6545;621964.6250
232.9448;334.1985;0.0000;1004.2148;621973.5625
236.7755;334.1985;0.0000;1000.8174;621982.5625
240.6061;334.2409;0.0000;998.4037;621991.6250
244.4790;334.3256;0.0000;997.4231;622000.5625
247.3520;334.3679;0.5081;984.3610;622009.5625
234.6251;325.6022;0.0000;964.3572;102475.0781
237.4980;325.6022;0.0000;966.2725;102483.7031
241.3287;325.6022;0.0000;963.3994;102492.3203
244.2017;325.6022;0.0000;967.2301;102500.9297
247.0746;324.6446;0.0000;969.1454;102509.5547
250.9052;324.6446;0.0000;964.3572;102518.1719
253.7782;324.6446;0.0000;968.1877;102526.7891
257.6088;323.6869;0.0000;971.0607;102535.4062
261.4394;323.6869;0.0000;966.2725;102544.0312
264.3124;323.6869;0.0000;972.0184;102552.6328
268.1430;322.7293;0.0000;969.1454;102561.2578
271.9736;322.7293;0.0000;968.1877;102569.8828
274.8466;321.7716;0.0000;972.0184;102578.5000
277.7195;321.7716;0.0000;967.2301;102587.1172
281.5501;320.8139;0.0000;972.9760;102595.7422
284.4231;320.8139;0.0000;974.8914;102604.3594
287.2961;319.8563;0.0000;967.2301;102612.9688
289.2113;318.8986;0.0000;972.9760;102621.6016
292.0843;317.9410;0.0000;975.8490;102630.2031
294.9573;316.9833;0.0000;975.8490;102638.8359
296.8726;316.9833;0.0000;979.6796;102647.4531
298.7879;316.0257;0.0000;979.6796;102656.0703
300.7032;314.1104;0.0000;979.6796;102664.6875
302.6186;313.1527;0.0000;979.6796;102673.3047
304.5338;312.1951;0.0000;979.6796;102681.9297
306.4492;311.2374;0.0000;979.6796;102690.5469
309.3221;310.2797;0.0000;979.6796;102699.1641
311.2374;309.3221;0.0000;979.6796;102707.7969
313.1527;307.4068;0.0000;979.6796;102716.4062
315.0680;306.4492;0.0000;979.6796;102725.0234
316.9833;304.5338;0.0000;979.6796;102733.6484
319.8563;302.6186;0.0000;979.6796;102742.2578
321.7716;301.6609;0.0000;979.6796;102750.8828
322.7293;299.7456;0.0000;979.6796;102759.5156
324.6446;297.8303;0.0000;979.6796;102768.1094
326.5599;295.9149;0.0000;979.6796;102776.7344
329.4328;293.9996;0.0000;979.6796;102785.3672
331.3481;292.0843;11.4919;979.6796;102793.9766
333.2634;290.1690;0.0000;979.6796;102802.6016
335.1788;288.2537;0.0000;979.6796;102811.2188
336.1364;286.3384;0.0000;979.6796;102819.8359
338.0517;284.4231;0.0000;979.6796;102828.4531
339.0094;282.5078;0.0000;979.6796;102837.0625
340.9247;280.5925;0.0000;979.6796;102845.6797
341.8823;278.6772;0.0000;979.6796;102854.3125
343.7976;276.7619;0.0000;979.6796;102862.9297
344.7553;274.8466;0.0000;979.6796;102871.5469
346.6706;272.9313;0.0000;979.6796;102880.1641
347.6283;270.0583;0.0000;979.6796;102888.7812
349.5435;268.1430;0.0000;979.6796;102897.3984
350.5012;266.2277;0.0000;979.6796;102906.0156
351.4589;264.3124;0.0000;979.6796;102914.6406
352.4165;262.3971;0.0000;979.6796;102923.2500
353.3742;260.4818;0.0000;979.6796;102931.8672
354.3318;258.5665;0.0000;979.6796;102940.5000
355.2895;256.6512;0.0000;979.6796;102949.1016
356.2471;253.7782;0.0000;979.6796;102957.7344
358.1624;251.8629;0.0000;979.6796;102966.3594
360.0778;248.9899;0.0000;979.6796;102974.9688
361.0354;246.1169;0.0000;979.6796;102983.5859
362.9507;244.2017;0.0000;979.6796;102992.2109
364.8660;241.3287;0.0000;979.6796;103000.8203
365.8236;239.4134;0.0000;979.6796;103009.4453
367.7390;236.5404;0.0000;979.6796;103018.0703
368.6966;234.6251;0.0000;979.6796;103026.6875
369.6543;232.7098;0.0000;979.6796;103035.3125
370.6119;230.7946;0.0000;979.6796;103043.9219
371.5696;228.8792;0.0000;979.6796;103052.5391
372.5273;226.9639;0.0000;979.6796;103061.1641
374.4426;224.0909;0.0000;979.6796;103069.7812
375.4002;222.1756;0.0000;979.6796;103078.3984
376.3579;220.2603;0.0000;979.6796;103087.0156
378.2731;217.3873;0.0000;979.6796;103095.6328
379.2308;215.4721;0.0000;979.6796;103104.2578
381.1461;212.5991;0.0000;979.6796;103112.8750
382.1038;210.6838;0.0000;979.6796;103121.4922
384.0191;208.7684;0.0000;979.6796;103130.1094
384.9767;206.8532;0.0000;979.6796;103138.7266
385.9343;205.8955;0.0000;979.6796;103147.3438
386.8921;204.9378;0.0000;979.6796;103155.9609
387.8497;203.9802;0.0000;979.6796;103164.5781
388.8073;203.0226;0.0000;979.6796;103173.2109
389.7650;202.0649;11.4919;979.6796;103181.8125
389.7650;201.1072;0.0000;979.6796;103190.4453
390.7227;200.1496;11.4919;979.6796;103199.0703
390.7227;199.1920;0.0000;979.6796;103207.6719
390.7227;199.1920;0.0000;979.6796;103216.2969
391.6803;198.2343;0.0000;979.6796;103224.9219
391.6803;197.2766;0.0000;979.6796;103233.5312
392.6379;196.3190;0.0000;979.6796;103242.1641
393.5956;196.3190;0.0000;979.6796;103250.7812
393.5956;195.3614;0.0000;979.6796;103259.3828
394.5533;194.4037;0.0000;979.6796;103268.0156
394.5533;193.4460;0.0000;979.6796;103276.6328
395.5109;193.4460;0.0000;979.6796;103285.2500
395.5109;192.4884;0.0000;979.6796;103293.8672
395.5109;192.4884;0.0000;979.6796;103302.4922
396.4686;191.5307;0.0000;979.6796;103311.1016
396.4686;191.5307;0.0000;979.6796;103319.7188
396.4686;191.5307;0.0000;979.6796;103328.3516
397.4262;190.5731;0.0000;979.6796;103336.9688
397.4262;190.5731;0.0000;979.6796;103345.5859
397.4262;190.5731;0.0000;979.6796;103354.2109
397.4262;190.5731;0.0000;979.6796;103362.8203
397.4262;190.5731;0.0000;979.6796;103371.4375
397.4262;190.5731;0.0000;979.6796;103380.0625
397.4262;190.5731;0.0000;979.6796;103389.6406
397.4262;191.5307;0.0000;927.0087;103398.2578
397.4262;193.4460;0.0000;836.0316;103406.8750
396.4686;195.3614;0.0000;673.2305;103415.4922
394.5533;196.3190;11.4919;264.3124;103424.1094
