200.1468;202.8532;0.0000;16.9987;0.0000
200.1468;202.8532;0.0000;51.1346;7.0000
200.1468;202.8532;0.0000;62.2539;14.0000
200.1468;202.8532;0.0000;76.0153;21.0000
200.1468;202.8532;0.0000;102.2992;28.0000
200.1468;202.8532;0.0000;122.4364;35.0000
200.1468;202.8532;0.0000;135.2252;42.0000
200.1468;202.8532;0.0000;148.8397;49.0000
200.1468;202.8532;0.0000;155.0688;56.0000
200.2936;202.8532;0.0000;162.8576;63.0000
200.2936;202.8532;0.0000;174.3253;70.8532
200.2936;202.8532;0.0000;178.8206;77.8532
200.4403;202.8532;0.0000;189.1416;84.8532
200.4403;202.8532;0.0000;194.3158;91.8532
200.5871;202.7064;0.0000;195.6642;98.8532
200.5871;202.7064;0.0000;201.6916;105.8533
200.7339;202.7064;0.0000;205.5724;112.8532
200.7339;202.5597;0.0000;207.4804;119.8532
200.7339;202.5597;0.0000;213.4804;126.8532
200.8807;202.5597;0.0000;212.2418;133.8532
200.8807;202.5597;0.0000;215.4160;141.0000
201.0275;202.4128;0.0000;217.7095;148.0000
201.0275;202.4128;0.0000;215.6176;155.0000
201.1742;202.2661;0.0000;218.9112;162.0000
201.1742;202.2661;0.0000;220.9112;169.0000
201.1742;202.2661;0.0000;218.2321;176.0000
201.3210;202.1193;0.0000;222.7919;183.0000
201.3210;201.9725;0.0000;222.9386;190.0000
201.3210;201.9725;0.0000;221.9660;197.0000
201.3210;201.8258;0.0000;223.6725;204.0000
201.3210;201.8258;0.0000;222.4064;211.0000
201.3210;201.6789;0.0000;222.4338;218.0000
201.3210;201.6789;0.0000;227.5531;225.0000
201.3210;201.6789;0.0000;223.1677;232.0000
201.3210;201.5322;0.0000;226.3145;239.0000
201.3210;201.5322;0.0000;226.0209;246.0000
201.3210;201.5322;0.0000;224.1951;253.0000
201.3210;201.3855;0.0000;227.0483;260.8532
201.3210;201.3855;0.0000;225.9016;267.8532
201.3210;201.2386;0.0000;224.4886;274.8532
201.3210;201.2386;0.0000;227.1951;281.8532
201.3210;201.2386;0.0000;225.0758;288.8532
201.3210;201.0919;0.0000;226.6629;295.8532
201.3210;201.0919;0.0000;230.7822;302.8532
201.1742;201.0919;0.0000;227.1033;309.8532
201.1742;200.9451;0.0000;228.3968;316.8532
201.1742;200.9451;0.0000;229.9565;324.0000
201.1742;200.9451;0.0000;228.1306;331.0000
201.1742;200.9451;0.0000;229.8372;338.0000
201.1742;200.7984;0.0000;232.2500;345.0000
201.1742;200.7984;0.0000;230.2775;352.0000
201.0275;200.7984;0.0000;233.6904;359.0000
201.0275;200.6516;0.0000;231.2775;366.0000
201.0275;200.6516;0.0000;230.7177;373.0000
201.0275;200.6516;0.0000;234.1306;380.0000
200.8807;200.6516;0.0000;231.1581;387.0000
200.8807;200.5048;0.0000;231.5984;394.0000
200.8807;200.5048;0.0000;234.5710;401.0000
200.7339;200.5048;0.0000;230.4791;408.0000
200.7339;200.5048;0.0000;235.0113;415.0000
200.7339;200.5048;0.0000;235.4516;422.0000
200.7339;200.3581;0.0000;232.1855;429.0000
200.5871;200.3581;0.0000;235.5984;436.0000
200.5871;200.3581;0.0000;233.0388;443.8532
200.5871;200.3581;0.0000;231.6259;450.8532
200.5871;200.3581;0.0000;233.3323;457.8532
200.5871;200.3581;0.0000;230.2130;464.8532
200.4403;200.2112;0.0000;231.3598;471.8532
200.4403;200.2112;0.0000;232.6259;478.8532
200.2936;200.2112;0.0000;229.9469;485.8532
200.2936;200.2112;0.0000;233.2130;492.8532
200.1468;200.2112;0.0000;233.9195;499.8532
200.1468;200.2112;0.0000;230.9468;506.8532
200.1468;200.2112;0.0000;233.8001;514.0000
200.0000;200.2112;0.0000;233.8001;521.0000
200.0000;200.0645;0.0000;231.8275;528.0000
199.8532;200.0645;0.0000;235.0936;535.0000
199.8532;199.2112;0.0000;232.9743;542.0000
199.8532;199.2112;0.0000;234.2679;549.0000
199.7064;199.2112;0.0000;237.3872;556.0000
199.7064;199.2112;0.0000;232.7082;563.0000
199.7064;199.0645;0.0000;235.4147;570.0000
199.5597;199.0645;0.0000;237.6807;577.0000
199.5597;199.0645;0.0000;233.0018;584.0000
199.4129;199.0645;0.0000;234.8550;591.0000
199.4129;199.0645;0.0000;235.5614;598.0000
199.2661;199.0645;0.0000;234.2953;605.0000
199.2661;199.0645;0.0000;236.5614;612.0000
199.1193;199.0645;0.0000;234.2953;619.0000
199.1193;199.0645;0.0000;236.7357;626.8532
199.1193;199.9176;0.0000;241.4147;633.8532
198.9725;199.9176;0.0000;241.4147;640.8532
198.9725;199.9176;0.0000;247.1210;647.8532
198.9725;199.9176;0.0000;250.0936;654.8532
198.8258;199.9176;0.0000;247.1210;661.8532
198.8258;199.9176;0.0000;250.0936;668.8532
198.8258;199.9176;0.0000;251.2404;675.8532
198.6789;199.9176;0.0000;251.6808;682.8532
198.6789;199.9176;0.0000;256.0663;689.8532
198.5322;199.9176;0.0000;254.6533;697.0001
198.5322;199.9176;0.0000;256.0936;703.9999
198.5322;199.9176;0.0000;259.9195;711.0000
198.3855;199.9176;0.0000;257.6534;718.0001
198.3855;199.9176;0.0000;258.5066;725.0000
198.2386;200.0645;0.0000;261.6259;732.0000
198.2386;200.0645;0.0000;259.5066;738.9999
198.2386;200.0645;0.0000;263.0663;746.0001
198.0919;200.0645;0.0000;262.7727;753.0000
198.0919;200.0645;0.0000;259.5066;760.0000
197.9451;199.2112;0.0000;264.7727;767.0000
198.7984;199.2112;0.0000;264.0663;774.0000
198.7984;199.2112;0.0000;262.8001;780.9999
198.6516;199.2112;0.0000;264.9195;788.0001
198.6516;199.2112;0.0000;262.5066;795.0000
198.6516;199.2112;0.0000;264.0936;802.0000
197.7984;199.2112;0.0000;260.0936;809.0000
197.7984;199.2112;0.0000;247.1759;816.8532
197.6516;199.2112;0.0000;239.6437;823.8532
197.6516;199.2112;0.0000;223.1389;830.8532
197.5048;199.2112;0.0000;199.5423;837.8532
197.5048;199.3581;0.0000;158.5875;844.8532
196.6516;198.5048;0.0000;122.4587;1138.5361
196.6516;198.5048;0.0000;125.3393;1145.5361
196.6516;198.5048;0.0000;132.6973;1152.5361
196.5048;198.5048;0.0000;138.8166;1159.5361
196.5048;198.6516;0.0000;139.4038;1166.6830
196.3581;198.6516;0.0000;138.9634;1173.6830
196.3581;198.7984;0.0000;154.7618;1180.6829
196.3581;198.7984;0.0000;171.8263;1187.6829
196.2112;198.7984;0.0000;187.4504;1194.6831
196.2112;198.9451;0.0000;205.2487;1201.6829
196.9177;198.9451;0.0000;210.2213;1209.5361
196.9177;198.9451;0.0000;215.3406;1216.5361
196.9177;198.9451;0.0000;217.4874;1223.5361
196.9177;199.0920;0.0000;217.0471;1230.5361
196.7709;199.0920;0.0000;222.3132;1237.5361
196.7709;199.0920;0.0000;223.4599;1244.5361
196.6241;199.0920;0.0000;224.7260;1251.5361
196.6241;199.2386;0.0000;231.9921;1258.5361
196.6241;199.2386;0.0000;231.1389;1265.5361
196.6241;199.2386;0.0000;235.9648;1272.5361
196.4773;199.2386;0.0000;240.5244;1279.5361
196.4773;199.3854;0.0000;238.8180;1286.5361
196.3306;199.3854;0.0000;245.3502;1293.5361
196.3306;199.3854;0.0000;248.2034;1300.5361
196.3306;199.5322;0.0000;246.9098;1307.5361
196.3306;199.5322;0.0000;250.6163;1314.5361
196.1838;199.5322;0.0000;251.4696;1321.5361
196.1838;199.6790;0.0000;249.6163;1328.5361
196.1838;200.5322;0.0000;254.0293;1335.5363
196.0370;200.5322;0.0000;251.0566;1342.5361
196.0370;200.6790;0.0000;251.3228;1349.5361
196.0370;200.6790;0.0000;254.4696;1356.6831
196.0370;200.6790;0.0000;251.0566;1363.6829
196.7434;200.8258;0.0000;254.1759;1370.6830
196.7434;200.8258;0.0000;257.0292;1377.6830
196.7434;200.8258;0.0000;251.9098;1384.6829
196.5967;200.9725;0.0000;257.0292;1392.5361
196.5967;200.9725;0.0000;257.3228;1399.5361
196.5967;200.9725;0.0000;257.0292;1406.5361
196.4499;201.1193;0.0000;262.4421;1413.5361
196.4499;201.1193;0.0000;259.8825;1420.5361
196.4499;201.2661;0.0000;261.8550;1427.5361
196.3031;201.2661;0.0000;268.4147;1434.5361
196.3031;201.2661;0.0000;264.8550;1441.5361
196.3031;201.4128;0.0000;266.4146;1448.5361
197.1563;201.4128;0.0000;268.2679;1455.5361
197.0096;201.5597;0.0000;263.0018;1462.5361
197.0096;201.7064;0.0000;267.2679;1469.5361
197.0096;201.7064;0.0000;268.5614;1476.5361
197.7159;201.8532;0.0000;268.1211;1483.5361
197.7159;202.0000;0.0000;272.5340;1490.5361
197.7159;201.1467;0.0000;276.0936;1497.5361
197.7159;201.2936;0.0000;279.2130;1504.5361
197.5692;200.4403;0.0000;282.9195;1511.5361
197.5692;200.5871;0.0000;281.9195;1518.5363
198.4225;199.8807;0.0000;284.8920;1525.5361
198.4225;199.8807;0.0000;287.8920;1532.5361
198.4225;199.1742;0.0000;285.1855;1539.6830
198.4225;199.1742;0.0000;290.4517;1546.6830
198.2757;199.3210;1.7614;291.4517;1553.6829
198.2757;198.4678;0.0000;288.5984;1560.6831
198.2757;198.6146;0.0000;293.0113;1567.6830
199.1290;198.6146;0.0000;291.0388;1575.5361
199.1290;197.7614;0.0000;290.3049;1582.5361
199.1290;197.9081;0.0000;293.1581;1589.5361
199.1290;197.2016;1.7614;291.3049;1596.5361
199.1290;196.3484;0.0000;290.8645;1603.5361
199.8354;196.4952;0.0000;293.4516;1610.5361
199.8354;195.7888;0.0000;290.5984;1617.5361
199.8354;195.9355;1.7614;293.0113;1624.5361
199.8354;195.0823;0.0000;293.3049;1631.5361
199.8354;195.2291;0.0000;291.4517;1638.5361
199.8354;195.2291;0.0000;293.8645;1645.5361
199.8354;194.5227;0.0000;293.4516;1652.5361
199.8354;194.5227;0.0000;292.1581;1659.5361
199.8354;194.6694;1.7614;295.8645;1666.5361
199.8354;194.6694;0.0000;293.5984;1673.5361
198.9821;193.9630;0.0000;294.0113;1680.5363
198.9821;193.9630;0.0000;298.5710;1687.5361
198.2757;193.2566;0.0000;293.5984;1694.5361
197.4225;193.2566;1.7614;298.7178;1701.5361
196.5693;192.5501;0.0000;300.8645;1708.5361
195.7159;192.6969;1.7614;301.3049;1715.5361
194.8629;191.8437;0.0000;306.8097;1722.6831
194.0095;191.1372;0.0000;318.3694;1729.6829
193.1563;190.4307;0.0000;329.5806;1736.6829
192.3031;190.4307;0.0000;343.5256;1743.6830
192.3031;189.7243;0.0000;348.0854;1750.6829
191.4499;189.7243;0.0000;352.7645;1757.6830
191.4499;189.8710;0.0000;357.6176;1765.5363
190.5967;189.8710;0.0000;352.4982;1772.5361
190.7434;190.0179;0.0000;355.9112;1779.5361
190.7434;190.0179;0.0000;358.0580;1786.5361
190.7434;190.1646;0.0000;353.4984;1793.5361
190.7434;190.3113;0.0000;358.0580;1800.5361
190.7434;190.3113;0.0000;356.7918;1807.5361
190.0370;190.3113;0.0000;356.2048;1814.5361
190.0370;190.4582;0.0000;360.0580;1821.5361
190.0370;190.4582;0.0000;356.7918;1828.5361
189.1838;190.4582;0.0000;359.0580;1835.5361
188.4773;190.6049;0.0000;363.0580;1842.5361
188.4773;190.6049;0.0000;360.2048;1849.5361
187.6241;190.7517;0.0000;362.9112;1856.5361
186.7709;190.7517;1.7614;366.7644;1863.5361
185.9177;190.8985;0.0000;364.4709;1870.5361
185.9177;191.0453;0.0000;369.1772;1877.5361
185.2112;191.0453;0.0000;372.8837;1884.5361
184.3581;191.0453;0.0000;372.5901;1891.5361
183.5048;190.3388;0.0000;377.2966;1898.5361
182.7984;190.3388;1.7614;377.5901;1905.6830
181.0919;190.3388;0.0000;380.7095;1912.6829
180.2386;190.4857;0.0000;387.9757;1919.6829
179.3854;190.4857;0.0000;388.1224;1926.6830
178.5322;190.6324;0.0000;395.5078;1933.6829
178.6790;190.6324;0.0000;402.9207;1940.6829
177.8258;190.7792;0.0000;402.4804;1948.5363
176.9725;190.7792;0.0000;406.7466;1955.5361
177.1193;191.7791;0.0000;409.0401;1962.5361
176.2661;191.7791;0.0000;406.1868;1969.5363
175.5597;192.6324;0.0000;411.4529;1976.5361
175.5597;192.7792;0.0000;409.4804;1983.5361
174.8532;193.6324;0.0000;409.4804;1990.5361
174.0000;193.7792;0.0000;414.0401;1997.5361
173.1468;194.6324;0.0000;411.7740;2004.5361
172.4403;194.7792;0.0000;412.3336;2011.5361
171.5871;195.6324;0.0000;415.4804;2018.5361
171.5871;195.7792;0.0000;412.9207;2025.5361
170.8807;196.6324;0.0000;415.4804;2032.5361
170.0275;196.6324;0.0000;415.0675;2039.5361
170.1742;197.6324;0.0000;412.7739;2046.5361
170.1742;197.6324;0.0000;415.7740;2053.5361
169.3210;198.6324;0.0000;414.3611;2060.5361
169.4678;198.6324;0.0000;413.2143;2067.5361
169.4678;199.6324;0.0000;418.7739;2074.5361
168.6145;200.4856;0.0000;413.6546;2081.5361
168.7614;200.6324;0.0000;415.2143;2088.5361
168.9081;201.4856;0.0000;418.2143;2095.6829
168.9081;202.4856;0.0000;413.8014;2102.6829
168.2017;202.4856;0.0000;417.0675;2109.6831
168.2017;203.3388;0.0000;417.5079;2116.6831
168.3484;203.3388;0.0000;414.6546;2123.6829
168.3484;204.3388;0.0000;417.6546;2131.5361
168.3484;205.1921;0.0000;417.0950;2138.5361
168.3484;205.1921;0.0000;415.8014;2145.5361
168.4952;206.1921;0.0000;419.6546;2152.5361
168.4952;207.0453;0.0000;415.6821;2159.5361
168.6419;208.0453;0.0000;416.0950;2166.5361
167.7888;208.8985;0.0000;418.7739;2173.5361
167.9355;208.8985;0.0000;414.9757;2180.5361
167.9355;209.7517;0.0000;419.0950;2187.5361
168.0823;210.6049;0.0000;419.6821;2194.5361
168.0823;210.7517;0.0000;415.8289;2201.5361
168.2291;211.6049;0.0000;419.2418;2208.5361
168.2291;212.4582;0.0000;418.2691;2215.5361
168.3758;212.4582;0.0000;417.1223;2222.5361
167.5227;213.3113;0.0000;420.8289;2229.5361
167.6694;214.1646;0.0000;417.8562;2236.5361
167.6694;215.0178;0.0000;418.9756;2243.5361
166.9630;216.0178;0.0000;421.9757;2250.5361
166.9630;216.8710;0.0000;418.5627;2257.5361
167.1097;217.7243;0.0000;420.9756;2264.5361
167.1097;218.5775;0.0000;423.1224;2271.5361
167.2566;219.4308;0.0000;418.7096;2278.6831
167.2566;219.4308;0.0000;421.2691;2285.6829
167.4033;220.2840;0.0000;421.7094;2292.6831
167.4033;221.1372;0.0000;419.7095;2299.6831
167.5501;221.9905;0.0000;423.9757;2306.6829
167.6969;221.9905;0.0000;422.0030;2313.6831
167.6969;222.8436;10.2387;422.0030;2321.5361
167.8436;223.6969;0.0000;427.9756;2328.5361
167.9905;223.6969;0.0000;419.4433;2335.5361
168.1371;224.5501;0.0000;422.0030;2342.5361
168.9905;225.4033;0.0000;424.8562;2349.5361
169.1372;225.4033;0.0000;421.4434;2356.5361
169.1372;226.4033;0.0000;425.4159;2363.5361
170.1372;227.2566;0.0000;426.0030;2370.5361
170.1372;228.1098;0.0000;423.1498;2377.5361
171.1371;228.9630;0.0000;428.4160;2384.5361
172.1372;229.8162;0.0000;425.2966;2391.5361
172.1372;230.6694;0.0000;425.0030;2398.5361
173.1372;231.5227;0.0000;431.2691;2405.5361
174.1372;231.5227;0.0000;427.8562;2412.5361
174.2840;232.3758;0.0000;428.7095;2419.5361
175.1371;233.2291;0.0000;432.4160;2426.5361
175.2840;234.0823;0.0000;429.7095;2433.5361
176.2840;234.9355;0.0000;434.6821;2440.5361
177.2840;235.7888;0.0000;436.9757;2447.5361
177.2840;236.6419;0.0000;434.1224;2454.5361
178.2840;237.4952;0.0000;439.2417;2461.6831
179.1372;238.3484;0.0000;438.8289;2468.6829
179.2840;238.3484;0.0000;438.2418;2475.6831
180.1372;239.2016;0.0000;443.9482;2482.6831
181.1372;240.0549;0.0000;439.6821;2489.6829
181.2840;240.0549;0.0000;441.0950;2496.6831
182.2840;240.9081;0.0000;444.9482;2504.5364
182.4308;240.7614;0.0000;439.8289;2511.5361
183.2840;241.6146;0.0000;444.0950;2518.5361
183.4307;242.4678;0.0000;444.0950;2525.5361
184.2840;242.4678;0.0000;441.5354;2532.5364
184.4308;243.3210;0.0000;445.0950;2539.5361
185.4308;243.3210;0.0000;443.8289;2546.5361
185.5774;244.0275;0.0000;442.5353;2553.5361
186.4308;244.8807;0.0000;446.3886;2560.5364
187.4308;244.8807;0.0000;442.1224;2567.5361
187.4308;245.7339;0.0000;443.2417;2574.5361
188.4308;245.7339;0.0000;447.5353;2581.5361
188.4308;246.5871;0.0000;441.9756;2588.5361
189.4308;246.4403;0.0000;446.3886;2595.5359
189.5774;247.2936;0.0000;446.6821;2602.5361
190.5776;247.2936;0.0000;443.6821;2609.5361
190.5776;248.1467;0.0000;446.2417;2616.5361
191.5775;248.0000;0.0000;445.2691;2623.5361
192.4308;248.0000;0.0000;443.9757;2630.5361
192.5774;248.8532;0.0000;447.8289;2637.5361
193.5775;248.8532;0.0000;443.3885;2644.5361
193.7243;249.5597;0.0000;446.2691;2651.6831
194.5775;249.5597;0.0000;449.9757;2658.6831
194.7243;249.5597;0.0000;444.5627;2665.6831
195.5775;250.2661;0.0000;446.6821;2672.6831
195.7243;250.2661;0.0000;449.2691;2679.6829
196.7243;251.1193;0.0000;444.0030;2687.5361
197.5776;250.9725;0.0000;447.5627;2694.5361
197.7243;251.8258;0.0000;447.7095;2701.5361
198.5775;251.8258;0.0000;445.8562;2708.5361
199.5775;252.5322;0.0000;449.7095;2715.5361
200.5775;252.3854;0.0000;446.1498;2722.5359
200.7243;252.3854;0.0000;447.5627;2729.5361
201.5775;253.2386;0.0000;450.5627;2736.5361
202.5775;253.0919;0.0000;446.1498;2743.5364
202.5775;253.0919;0.0000;447.5627;2750.5361
203.5774;252.9452;0.0000;450.5627;2757.5361
204.5775;253.7984;0.0000;446.1498;2764.5361
204.5775;253.6515;0.0000;450.5627;2771.5364
205.4308;253.6515;0.0000;450.8563;2778.5361
206.4308;253.6515;0.0000;448.0030;2785.5361
206.5775;253.5048;0.0000;451.4160;2792.5361
207.4307;254.3581;0.0000;448.4434;2799.5364
208.4308;254.3581;0.0000;449.1498;2806.5361
209.2840;254.2112;0.0000;453.0030;2813.5361
210.2840;254.0645;0.0000;449.0305;2820.5361
211.1372;254.0645;0.0000;451.2966;2827.5364
212.1372;254.0645;0.0000;452.4433;2834.6829
212.9905;253.9176;0.0000;449.0305;2841.6831
213.9905;253.9176;0.0000;451.7369;2848.6829
214.8436;253.7709;0.0000;452.8837;2855.6826
215.8437;253.7709;0.0000;450.1773;2862.6831
215.8437;253.6242;0.0000;454.8837;2869.6831
216.8436;252.7709;0.0000;452.6176;2877.5361
217.8436;252.6242;0.0000;450.6176;2884.5361
218.6969;252.6242;0.0000;456.1773;2891.5361
219.5501;252.4773;0.0000;452.9112;2898.5361
220.5501;252.4773;0.0000;454.4709;2905.5361
221.4033;252.3306;0.0000;458.4709;2912.5361
222.4033;252.3306;0.0000;454.2048;2919.5361
223.2566;252.1837;0.0000;458.7644;2926.5364
225.1097;252.1837;1.7614;458.9112;2933.5361
225.9630;252.0370;0.0000;456.9112;2940.5359
226.9630;252.0370;1.7614;461.7645;2947.5361
227.8162;252.0370;0.0000;459.4984;2954.5361
228.8162;251.8903;0.0000;457.7644;2961.5361
228.8162;250.8903;0.0000;462.7644;2968.5361
229.8162;250.8903;0.0000;458.9387;2975.5361
230.8162;250.7434;0.0000;458.9112;2982.5359
231.6694;250.7434;0.0000;464.0580;2989.5361
231.8162;250.5967;0.0000;458.9387;2996.5364
232.6694;249.5967;1.7614;463.9112;3003.5361
233.6694;249.4498;0.0000;464.4983;3010.5361
233.8162;249.4498;1.7614;461.6451;3017.6829
234.6694;248.4498;0.0000;464.7918;3024.6826
235.5227;248.3031;0.0000;464.2321;3031.6831
236.5227;248.3031;0.0000;462.6451;3038.6831
236.6694;247.3031;0.0000;466.2048;3045.6829
237.5227;247.1564;1.7614;462.2321;3052.6829
238.5227;246.1564;0.0000;462.7644;3060.5361
238.5227;246.1564;0.0000;470.0854;3067.5359
239.3758;245.1564;0.0000;463.2048;3074.5361
240.2291;245.1564;0.0000;468.2048;3081.5361
241.2291;244.1563;0.0000;471.2048;3088.5361
241.3758;244.0095;0.0000;466.6451;3095.5361
242.2291;243.0095;0.0000;470.3515;3102.5361
243.2291;242.8629;0.0000;471.7918;3109.5359
244.0823;241.8629;0.0000;468.6451;3116.5361
244.0823;241.8629;0.0000;473.4983;3123.5364
244.9355;240.8628;0.0000;470.0854;3130.5361
245.7888;239.8629;0.0000;473.2048;3137.5361
246.7888;239.7160;0.0000;477.9112;3144.5361
246.7888;238.7159;0.0000;474.4984;3151.5361
247.7888;238.7159;0.0000;478.6176;3158.5361
248.6419;237.7160;0.0000;480.6176;3165.5361
249.4952;237.5693;0.0000;475.2048;3172.5361
250.3484;236.7160;0.0000;481.1773;3179.5361
250.4952;236.5692;0.0000;480.9112;3186.5361
251.3484;235.5692;0.0000;479.6176;3193.5361
252.3484;234.5693;0.0000;484.8837;3200.5361
253.2016;233.5693;0.0000;481.6176;3207.6829
253.2016;232.5692;0.0000;484.0305;3214.6829
254.0549;232.4225;0.0000;488.4434;3221.6826
254.0549;231.5693;0.0000;484.4709;3228.6831
254.9081;230.5693;0.0000;487.0305;3235.6829
255.7614;229.5692;0.0000;489.5901;3243.5361
255.9081;228.5693;0.0000;484.3241;3250.5364
256.7614;228.4226;0.0000;487.4434;3257.5364
257.7614;227.4226;0.0000;489.1773;3264.5361
258.6145;226.4226;0.0000;484.3241;3271.5361
259.4678;225.4226;0.0000;489.7369;3278.5361
260.3210;224.5693;0.0000;487.0305;3285.5364
260.3210;224.4226;0.0000;487.0305;3292.5361
261.1742;223.4226;10.2387;493.4434;3299.5361
262.0275;222.4225;0.0000;487.1773;3306.5359
262.0275;221.4225;10.2387;489.0305;3313.5364
262.8807;220.4225;10.2387;492.1772;3320.5361
262.8807;218.5692;0.0000;487.6176;3327.5359
263.7339;217.5693;10.2387;491.0305;3334.5361
263.7339;216.5693;0.0000;491.3241;3341.5364
264.5871;215.7160;0.0000;487.4709;3348.5361
264.5871;214.7160;10.2387;491.1773;3355.5361
264.5871;213.7160;10.2387;490.9112;3362.5361
264.5871;212.7160;0.0000;487.6176;3369.5361
265.4403;211.8629;0.0000;494.0305;3376.5361
265.4403;210.8629;0.0000;488.3515;3383.5361
265.4403;210.8629;0.0000;481.9387;3390.6829
266.2936;209.8628;0.0000;499.5901;3397.6829
266.2936;208.8629;0.0000;494.3241;3404.6829
266.2936;207.8629;0.0000;498.1498;3411.6829
267.1468;207.0096;0.0000;499.0305;3418.6831
267.1468;206.0095;0.0000;495.0305;3426.5361
267.1468;204.1563;0.0000;499.4434;3433.5359
267.1468;203.3031;0.0000;497.8837;3440.5364
267.1468;202.3031;0.0000;496.8837;3447.5361
267.1468;201.4498;0.0000;500.5901;3454.5359
268.0000;200.4499;0.0000;497.3241;3461.5361
267.8532;199.5967;0.0000;498.0305;3468.5364
267.8532;198.5967;0.0000;500.8837;3475.5361
267.8532;197.5967;0.0000;496.4709;3482.5361
267.8532;196.7434;0.0000;499.1773;3489.5361
267.8532;195.7434;0.0000;501.3241;3496.5364
267.8532;194.7434;0.0000;496.4709;3503.5361
267.0000;194.7434;0.0000;499.8837;3510.5364
267.0000;193.7434;0.0000;500.4709;3517.5361
266.8532;192.7434;0.0000;497.4709;3524.5364
266.8532;191.8902;1.7614;500.1773;3531.5361
266.8532;191.0370;0.0000;498.2048;3538.5361
266.8532;189.1838;1.7614;498.4709;3545.5364
266.0000;188.3306;0.0000;501.1498;3552.5364
266.0000;187.3306;0.0000;498.2048;3559.5361
266.0000;186.4773;0.0000;499.6176;3566.5361
265.0000;185.6241;0.0000;502.6176;3573.6831
265.0000;184.6242;0.0000;497.7919;3580.6831
265.0000;183.7709;0.0000;501.6176;3587.6829
264.8532;182.7709;0.0000;501.2048;3594.6829
264.8532;181.9177;0.0000;498.2048;3601.6829
264.8532;180.9176;0.0000;503.3241;3608.6826
264.7064;180.0645;0.0000;500.4983;3616.5361
264.7064;179.0645;0.0000;500.2048;3623.5361
264.7064;178.2112;0.0000;502.9112;3630.5361
264.7064;177.3581;0.0000;499.6451;3637.5364
264.7064;176.3581;0.0000;501.2048;3644.5361
264.5597;174.6516;0.0000;503.0580;3651.5361
263.7064;173.7984;0.0000;498.6451;3658.5361
263.7064;172.7984;0.0000;502.0580;3665.5361
262.8532;171.9451;0.0000;501.6451;3672.5361
262.7064;170.9452;0.0000;498.6451;3679.5361
261.8532;170.0919;0.0000;503.7644;3686.5361
261.8532;169.9452;0.0000;500.4983;3693.5361
260.8532;169.0919;0.0000;498.9387;3700.5361
260.8532;168.0920;0.0000;502.7369;3707.5361
260.8532;167.2386;0.0000;500.0854;3714.5361
260.0000;166.3855;0.0000;499.4984;3721.5361
260.0000;165.3854;0.0000;503.6451;3728.5361
259.8532;165.3854;0.0000;499.0854;3735.5361
259.0000;164.3854;0.0000;502.3515;3742.5361
258.8532;163.5322;10.2387;501.6451;3749.5361
258.8532;163.5322;0.0000;498.6451;3756.5359
258.8532;162.5322;0.0000;502.4983;3763.6829
257.8532;161.6790;0.0000;500.7918;3770.6831
257.8532;160.6789;0.0000;498.7919;3777.6829
257.0000;159.8258;0.0000;504.0580;3784.6829
256.8532;158.8258;0.0000;499.0854;3791.6829
256.0000;157.9725;0.0000;498.7919;3799.5361
256.0000;156.9725;0.0000;501.7918;3806.5361
255.0000;156.1193;0.0000;497.5257;3813.5361
255.0000;155.1193;0.0000;501.3516;3820.5361
254.0000;154.2661;0.0000;500.9387;3827.5361
254.0000;154.1193;0.0000;498.0854;3834.5361
253.8532;153.2661;0.0000;500.9387;3841.5361
253.0000;152.2661;0.0000;499.6725;3848.5361
253.0000;152.2661;0.0000;498.0854;3855.5361
253.0000;151.2661;0.0000;501.6451;3862.5361
252.8532;151.2661;0.0000;496.6725;3869.5361
252.0000;150.2661;0.0000;497.0854;3876.5361
252.0000;150.2661;0.0000;501.6451;3883.5361
251.8532;149.2661;0.0000;496.5257;3890.5361
251.0000;149.2661;0.0000;499.0854;3897.5361
251.0000;148.2661;0.0000;499.6725;3904.5361
250.0000;147.4129;0.0000;494.9660;3911.5361
249.1467;147.2661;0.0000;499.2321;3918.5361
248.1467;146.4129;0.0000;497.9660;3925.5361
247.2936;145.4129;0.0000;496.5257;3932.5361
246.2936;145.4129;0.0000;499.3790;3939.5361
246.2936;144.5597;0.0000;495.4064;3946.6829
245.4403;144.4129;0.0000;496.6725;3953.6829
245.4403;143.5597;0.0000;499.6725;3960.6831
244.5871;143.4129;0.0000;494.5531;3967.6831
243.5871;142.5597;0.0000;496.8192;3974.6829
243.5871;142.4129;0.0000;499.6725;3982.5364
242.5871;142.4129;0.0000;493.7000;3989.5361
241.7339;141.5597;0.0000;497.9660;3996.5361
240.8807;141.5597;0.0000;495.7000;4003.5361
240.7339;140.5597;0.0000;494.5531;4010.5364
239.8807;140.4129;0.0000;498.8192;4017.5361
238.8807;139.5597;0.0000;493.9935;4024.5361
237.1742;139.4129;0.0000;495.4064;4031.5361
236.3210;138.5597;0.0000;499.9660;4038.5364
235.3210;137.7064;0.0000;493.9935;4045.5361
234.4678;136.7064;0.0000;497.1129;4052.5361
232.6146;135.8532;0.0000;498.2596;4059.5361
230.9081;134.8532;0.0000;493.1403;4066.5364
229.9081;134.0000;0.0000;497.4064;4073.5361
228.2016;133.0000;0.0000;495.9935;4080.5361
227.2017;132.1468;0.0000;492.9935;4087.5361
225.4952;132.1468;0.0000;497.7000;4094.5364
224.4952;131.1467;0.0000;493.4339;4101.5361
223.6419;131.1467;0.0000;493.7000;4108.5361
222.6419;130.1467;0.0000;498.4064;4115.5361
221.7888;130.1467;0.0000;493.4339;4122.5361
220.7888;130.1467;0.0000;493.8467;4129.6826
219.9355;130.0000;0.0000;497.5531;4136.6831
219.0823;129.1467;0.0000;491.5806;4143.6831
218.0823;129.1467;0.0000;497.2596;4150.6826
217.2291;129.0000;0.0000;494.1403;4157.6826
216.3758;128.1467;0.0000;492.1403;4164.6831
215.3758;128.1467;0.0000;497.4064;4172.5361
214.5227;127.1467;0.0000;494.1403;4179.5361
213.5227;127.1467;0.0000;492.1403;4186.5361
212.5227;127.0000;0.0000;497.5531;4193.5361
211.6694;126.1467;0.0000;491.4339;4200.5361
210.8162;126.1467;0.0000;492.9935;4207.5361
209.8162;125.2936;0.0000;495.9935;4214.5361
208.1098;125.1468;0.0000;491.7273;4221.5361
207.1097;124.2936;0.0000;493.9935;4228.5361
206.1097;124.1467;0.0000;493.9935;4235.5361
204.4033;123.2936;0.0000;491.1403;4242.5361
203.5501;123.2936;0.0000;493.9935;4249.5361
201.6969;123.2936;0.0000;494.2871;4256.5361
200.8437;122.2936;1.7614;491.4339;4263.5366
198.9905;122.2936;0.0000;495.8467;4270.5361
197.1372;121.4403;0.0000;491.7273;4277.5361
195.4308;121.2936;0.0000;491.9935;4284.5361
193.5775;120.4403;0.0000;495.7000;4291.5361
191.8710;120.4403;0.0000;491.5806;4298.5361
190.0179;119.4403;0.0000;495.5531;4305.5361
188.3113;118.5872;1.7614;498.4064;4312.5361
186.4582;118.5872;0.0000;493.9935;4319.6826
184.7517;117.5871;1.7614;498.2596;4326.6826
182.8985;117.5871;0.0000;499.4064;4333.6831
182.0453;116.7339;0.0000;497.1129;4340.6826
180.1921;116.7339;0.0000;500.8192;4347.6826
178.4856;116.5871;0.0000;497.4064;4355.5361
176.6324;115.7339;0.0000;499.9660;4362.5361
175.6324;115.7339;0.0000;502.5257;4369.5361
173.9260;115.7339;1.7614;498.5531;4376.5361
172.9260;115.5871;0.0000;501.5257;4383.5361
172.0727;114.7339;0.0000;503.3789;4390.5361
170.2195;114.5871;0.0000;498.8467;4397.5361
169.2195;114.5871;0.0000;503.2321;4404.5361
168.3663;114.5871;0.0000;502.9660;4411.5361
167.3663;114.5871;0.0000;500.8192;4418.5361
166.3663;114.4403;0.0000;504.2321;4425.5361
165.3663;114.4403;0.0000;500.9660;4432.5361
164.3663;114.4403;0.0000;501.7918;4439.5361
164.3663;114.4403;0.0000;505.0854;4446.5361
163.3663;114.4403;0.0000;501.5257;4453.5361
162.3663;115.2936;0.0000;502.6451;4460.5361
162.2195;115.2936;0.0000;504.7919;4467.5361
161.2195;115.2936;0.0000;499.6725;4474.5361
161.0727;116.1467;0.0000;504.4982;4481.5361
160.0727;116.0000;0.0000;503.9387;4488.5361
159.2195;116.8532;0.0000;501.9387;4495.5361
159.0727;116.8532;0.0000;506.6451;4502.6826
158.0727;116.8532;0.0000;503.2321;4509.6831
157.9260;117.7064;0.0000;503.0854;4516.6826
156.9260;117.7064;0.0000;507.3515;4523.6831
155.7792;118.5597;0.0000;503.0854;4530.6831
155.6324;119.4128;0.0000;504.0580;4538.5361
154.6324;119.4128;0.0000;506.7644;4545.5361
154.4857;120.2661;0.0000;503.2048;4552.5361
153.4857;121.1193;0.0000;506.4709;4559.5361
153.3388;121.9725;0.0000;506.7644;4566.5366
152.3388;122.6789;0.0000;505.4709;4573.5361
152.1921;123.5322;0.0000;508.3241;4580.5361
151.1921;124.3855;0.0000;505.4709;4587.5361
150.1921;125.2387;0.0000;506.3241;4594.5361
149.3388;126.0920;0.0000;508.5901;4601.5361
149.1921;126.9451;0.0000;505.4709;4608.5361
148.1921;127.7984;0.0000;505.8837;4615.5361
147.1921;127.7984;0.0000;508.4434;4622.5361
146.1921;128.6516;0.0000;505.4709;4629.5361
145.1921;129.5048;0.0000;508.4434;4636.5361
144.3388;130.5048;0.0000;508.4434;4643.5361
143.3388;131.3581;0.0000;505.4434;4650.5361
143.1921;133.0645;0.0000;509.1499;4657.5361
142.3388;133.7709;0.0000;508.1498;4664.5361
141.3388;134.6241;0.0000;506.4433;4671.5361
140.4857;135.4773;0.0000;512.4160;4678.5361
140.3388;136.3306;0.0000;507.5901;4685.6831
139.3388;137.1838;0.0000;508.7096;4692.6826
139.1921;137.1838;0.0000;512.4160;4699.6831
138.3388;138.0370;0.0000;506.2966;4706.6826
138.1921;138.8902;0.0000;511.2691;4713.6826
137.1921;138.8902;0.0000;511.7095;4720.6836
136.3388;139.7434;0.0000;508.0031;4728.5361
136.1921;140.5967;0.0000;511.4160;4735.5361
135.1921;141.4498;0.0000;511.5627;4742.5361
134.1921;141.4498;0.0000;507.5627;4749.5361
133.3388;142.3031;0.0000;512.9756;4756.5361
132.3388;143.1563;0.0000;508.0031;4763.5361
132.3388;144.0095;0.0000;510.1224;4770.5361
131.3388;145.0096;0.0000;513.8289;4777.5366
130.3388;145.8629;0.0000;508.0031;4784.5361
130.3388;146.7160;0.0000;510.6821;4791.5361
129.3388;147.5693;0.0000;513.5353;4798.5361
128.4857;147.5693;0.0000;507.1223;4805.5361
127.4856;148.4225;0.0000;512.2417;4812.5361
127.3388;149.2757;0.0000;512.3885;4819.5361
126.4856;150.1290;0.0000;510.6821;4826.5361
125.4856;151.1290;0.0000;512.9482;4833.5366
124.4856;151.1290;0.0000;510.3885;4840.5361
123.6324;151.9821;0.0000;510.6546;4847.5361
123.4856;152.8354;0.0000;514.8014;4854.5361
122.6324;153.6886;0.0000;510.3885;4861.5361
121.6324;155.3951;0.0000;512.3611;4868.5361
120.6324;156.2483;0.0000;513.5079;4875.6831
119.6324;157.2483;0.0000;510.0950;4882.6831
119.4856;158.9547;0.0000;513.0675;4889.6826
118.6324;159.9547;0.0000;513.5079;4896.6826
117.6324;161.6612;0.0000;510.2143;4903.6831
116.6324;162.5143;0.0000;513.6272;4911.5356
115.6324;163.3676;0.0000;511.3611;4918.5361
114.7792;164.2208;0.0000;511.7739;4925.5361
113.7792;165.2208;0.0000;514.3336;4932.5361
113.6324;166.0740;0.0000;511.9208;4939.5361
112.6324;166.9273;0.0000;511.6273;4946.5361
112.4856;167.7804;0.0000;514.3336;4953.5356
111.4856;168.7804;0.0000;510.9207;4960.5361
111.3388;170.4869;0.0000;514.0400;4967.5361
110.3388;171.3401;0.0000;514.3336;4974.5356
110.1921;172.3401;0.0000;511.3336;4981.5361
109.1921;173.1934;0.0000;515.5998;4988.5366
109.1921;174.0466;0.0000;514.3336;4995.5356
108.1921;175.0466;0.0000;513.0400;5002.5361
108.0453;175.8999;0.0000;517.3063;5009.5361
107.1921;177.6063;0.0000;513.0400;5016.5366
107.0453;178.4595;0.0000;513.7466;5023.5361
106.0453;179.4595;0.0000;516.4529;5030.5361
106.0453;180.3127;0.0000;513.1868;5037.5366
105.0453;181.3127;0.0000;516.1594;5044.5366
104.8985;181.3127;0.0000;516.4529;5051.5361
104.7517;182.3127;0.0000;513.5997;5058.6831
104.7517;184.0192;0.0000;516.7191;5065.6831
104.6049;184.8724;0.0000;515.3063;5072.6831
104.4582;185.8724;0.0000;513.8659;5079.6831
104.4582;185.8724;0.0000;518.2788;5086.6836
103.4582;187.7256;0.0000;513.1594;5094.5361
103.3113;187.7256;0.0000;514.4255;5101.5361
102.3114;188.7256;0.0000;517.2788;5108.5361
102.3114;189.7256;0.0000;513.3062;5115.5361
102.1646;190.5788;0.0000;515.9852;5122.5361
101.1646;191.5788;0.0000;516.4255;5129.5361
101.0178;191.7256;0.0000;513.5724;5136.5361
100.8710;192.5788;0.0000;516.5449;5143.5361
100.7243;192.7256;0.0000;516.9852;5150.5361
100.5775;193.5788;0.0000;514.8384;5157.5361
100.4308;193.7256;0.0000;519.8110;5164.5361
101.2840;194.7256;0.0000;516.8384;5171.5361
101.1372;194.7256;0.0000;517.9578;5178.5361
101.1372;195.5788;0.0000;524.0771;5185.5361
100.9905;196.5788;0.0000;520.8110;5192.5361
99.9905;197.4321;0.0000;525.4901;5199.5366
99.9905;197.5788;0.0000;528.3433;5206.5361
99.8436;198.5788;0.0000;522.7836;5213.5356
99.6969;199.4321;0.0000;527.7562;5220.5361
99.6969;200.4321;0.0000;528.6368;5227.5361
99.5501;201.2853;0.0000;527.6094;5234.5356
99.5501;202.2853;0.0000;532.7286;5241.6831
99.4033;202.4321;0.0000;532.8755;5248.6826
99.4033;203.2853;0.0000;535.1415;5255.6826
99.4033;204.1385;0.0000;542.1140;5262.6831
100.1097;205.1385;0.0000;537.9948;5269.6831
100.1097;205.9917;0.0000;540.6464;5276.6826
99.9630;206.9917;0.0000;543.8206;5284.5361
99.9630;207.8449;0.0000;535.2883;5291.5366
100.6694;208.8449;0.0000;543.6738;5298.5361
100.5227;209.8449;0.0000;540.4077;5305.5361
100.5227;210.8449;0.0000;536.5544;5312.5361
100.3758;211.6982;0.0000;542.3802;5319.5361
100.3758;211.8449;0.0000;539.8206;5326.5361
100.3758;212.8449;0.0000;541.0867;5333.5361
100.2291;213.6982;0.0000;548.3528;5340.5361
101.0823;214.6982;0.0000;545.7932;5347.5366
101.0823;215.5513;0.0000;548.7657;5354.5361
100.9355;216.5513;0.0000;551.7656;5361.5361
100.9355;217.4046;0.0000;548.3528;5368.5361
100.7888;218.4046;0.0000;553.3254;5375.5361
100.6419;219.4046;0.0000;553.3254;5382.5361
100.6419;220.2578;0.0000;550.4721;5389.5361
100.6419;221.2578;0.0000;555.0319;5396.5361
101.3484;222.2578;0.0000;552.6188;5403.5366
101.3484;223.9643;0.0000;552.1785;5410.5361
101.3484;224.9643;0.0000;556.5914;5417.5361
101.3484;225.8175;0.0000;552.4722;5424.6826
102.0549;226.8175;0.0000;552.7382;5431.6831
102.0549;227.6707;0.0000;556.5914;5438.6831
101.9081;228.6707;0.0000;553.3254;5445.6831
101.7614;229.6707;0.0000;556.2980;5452.6826
101.7614;230.5239;0.0000;558.7383;5459.6831
101.6145;231.5239;0.0000;555.1512;5467.5366
101.4678;232.5239;0.0000;559.7108;5474.5361
101.4678;233.3771;0.0000;558.4448;5481.5361
101.3210;234.3772;0.0000;557.8576;5488.5366
101.3210;235.3772;0.0000;562.4173;5495.5361
102.1742;236.2305;0.0000;559.2979;5502.5366
102.8807;237.2305;0.0000;559.5640;5509.5361
103.5871;238.2305;0.0000;563.6834;5516.5361
104.4403;239.2305;0.0000;559.8576;5523.5361
105.1467;240.9369;0.0000;563.9771;5530.5361
106.0000;241.9369;0.0000;563.6834;5537.5361
106.7064;242.9369;0.0000;561.5640;5544.5361
107.5597;243.7900;0.0000;563.8301;5551.5361
107.4128;244.7901;0.0000;565.4173;5558.5366
108.2661;245.7901;0.0000;564.5365;5565.5361
108.9725;245.9369;0.0000;571.3624;5572.5361
108.8258;246.7901;0.0000;569.0963;5579.5361
109.6789;247.7900;0.0000;572.2156;5586.5361
109.6789;248.7901;0.0000;576.6284;5593.5361
109.6789;249.7901;0.0000;572.2156;5600.5361
109.5322;250.7901;0.0000;576.3350;5607.5361
109.5322;250.9369;0.0000;578.1882;5614.6831
110.2387;252.6433;0.0000;573.9221;5621.6826
110.9451;253.6433;0.0000;580.0415;5628.6831
111.7984;254.6433;0.0000;580.3350;5635.6831
111.7984;255.6433;0.0000;577.4816;5642.6831
112.6516;255.7900;0.0000;582.4542;5650.5361
113.3581;256.6432;0.0000;577.4816;5657.5361
113.3581;256.7901;0.0000;579.6010;5664.5356
114.0645;257.7901;0.0000;584.0139;5671.5361
114.0645;257.9369;0.0000;578.1882;5678.5361
114.9177;258.9369;0.0000;582.4542;5685.5356
114.9177;258.9369;0.0000;584.1607;5692.5356
114.9177;259.9369;0.0000;578.1882;5699.5361
115.7709;260.0837;0.0000;582.0140;5706.5356
115.7709;260.9369;0.0000;582.4542;5713.5366
116.6242;261.0837;0.0000;579.4542;5720.5361
116.4773;262.0837;0.0000;584.1333;5727.5366
116.4773;262.9369;0.0000;582.0140;5734.5361
117.3306;263.0837;0.0000;581.7204;5741.5361
118.1838;264.0836;0.0000;584.5735;5748.5361
118.1838;265.0837;0.0000;582.1607;5755.5361
119.0370;265.0837;0.0000;582.4268;5762.5356
118.8902;266.0837;0.0000;585.4268;5769.5371
119.7434;266.2305;0.0000;582.0140;5776.5361
119.7434;267.2305;0.0000;584.4268;5783.5366
119.7434;267.3771;0.0000;583.3994;5790.5366
120.5967;267.5240;0.0000;581.7204;5797.6831
120.5967;268.5240;0.0000;585.1335;5804.6831
120.5967;268.6707;0.0000;582.7204;5811.6836
121.4499;269.6707;0.0000;582.2801;5818.6831
121.4499;269.8176;0.0000;586.6929;5825.6826
122.3031;270.8174;0.0000;582.7204;5832.6831
122.3031;271.8174;0.0000;583.2801;5840.5361
123.1563;271.9643;0.0000;586.1333;5847.5356
123.0095;272.9643;1.7614;581.8671;5854.5361
123.8628;273.1111;0.0000;585.8397;5861.5361
123.8628;274.1111;1.7614;585.2801;5868.5366
124.7161;274.2578;0.0000;582.4268;5875.5361
124.7161;275.2578;0.0000;586.3994;5882.5356
124.7161;275.4046;0.0000;584.2801;5889.5361
125.5693;276.4046;1.7614;583.9866;5896.5361
125.5693;276.5513;0.0000;588.3994;5903.5361
125.5693;277.5514;1.7614;583.2801;5910.5361
126.4225;277.6982;0.0000;584.1059;5917.5361
126.4225;278.6982;0.0000;587.2526;5924.5366
127.2757;278.8449;0.0000;582.9866;5931.5361
127.2757;279.8449;0.0000;586.3994;5938.5361
128.1290;280.8449;1.7614;586.5461;5945.5361
128.1290;280.9917;0.0000;583.5461;5952.5356
128.9821;281.9917;0.0000;586.3994;5959.5361
128.9821;282.1385;0.0000;585.6929;5966.5356
129.8354;283.1385;0.0000;582.3995;5973.5361
129.9821;283.2853;0.0000;587.5461;5980.6826
130.8354;284.2853;0.0000;582.9866;5987.6831
130.8354;284.2853;0.0000;584.2526;5994.6831
131.6886;285.2853;0.0000;588.9590;6001.6826
131.6886;285.4321;0.0000;582.9866;6008.6826
132.5418;285.5788;0.0000;586.1058;6015.6836
132.5418;286.5788;0.0000;587.2526;6023.5361
133.5418;287.5788;0.0000;582.9866;6030.5361
134.3951;288.5788;0.0000;587.2526;6037.5366
135.2482;288.7256;0.0000;586.6929;6044.5361
136.1015;289.7256;0.0000;583.2526;6051.5356
136.1015;290.7256;0.0000;588.9590;6058.5361
136.9547;291.7256;0.0000;584.9865;6065.5361
137.9548;291.8724;0.0000;585.5461;6072.5366
138.8079;292.8724;0.0000;589.2526;6079.5361
138.9547;293.8724;0.0000;584.1333;6086.5356
139.8079;294.0192;0.0000;587.3994;6093.5361
140.6612;295.0192;0.0000;589.2526;6100.5361
141.5143;295.1660;0.0000;584.9865;6107.5366
142.3676;296.3127;0.0000;589.3994;6114.5361
143.2208;296.4595;0.0000;589.6929;6121.5361
144.0740;296.7531;0.0000;586.9865;6128.5366
144.9273;297.7531;0.0000;590.5461;6135.5361
145.0740;298.0466;0.0000;587.5735;6142.5356
145.9273;299.0466;0.0000;588.4269;6149.5361
146.7804;299.3401;0.0000;591.8398;6156.5361
147.6337;300.3401;0.0000;588.0140;6163.5361
148.4869;300.4869;0.0000;590.2800;6170.6836
150.3401;300.6338;0.0000;591.8398;6177.6831
151.1934;301.6338;0.0000;587.7204;6184.6826
152.0466;301.7805;0.0000;592.8397;6191.6831
153.0466;301.9273;0.0000;591.4268;6198.6826
153.8998;303.0740;0.0000;589.5735;6206.5356
154.8999;303.2208;0.0000;593.1333;6213.5361
155.7531;303.3676;0.0000;590.8672;6220.5366
156.6063;303.5144;0.0000;590.5735;6227.5366
157.4595;304.5143;0.0000;595.2801;6234.5361
158.4595;304.6612;0.0000;590.1607;6241.5366
159.3127;304.8079;0.0000;591.7205;6248.5361
160.1660;304.9547;0.0000;594.5735;6255.5361
161.1660;305.9548;0.0000;590.1607;6262.5361
162.0192;306.1015;0.0000;593.1333;6269.5361
163.0192;306.2482;0.0000;594.0140;6276.5356
164.0192;307.1015;0.0000;590.1607;6283.5366
164.8724;307.2482;0.0000;593.7204;6290.5361
165.8724;307.3951;0.0000;592.3076;6297.5361
166.7256;307.3951;10.2387;591.1607;6304.5361
167.5788;307.5418;0.0000;596.2801;6311.5356
168.5788;308.5418;0.0000;590.7478;6318.5361
169.4321;308.5418;10.2387;592.0139;6325.5361
170.2853;308.6886;0.0000;595.8671;6332.5361
172.1385;308.6886;0.0000;589.8946;6339.5366
172.9917;309.5418;0.0000;593.5735;6346.5356
174.8449;309.6886;0.0000;594.0140;6353.6831
176.5514;310.5418;0.0000;590.6011;6360.6826
177.4046;310.6886;0.0000;593.7204;6367.6831
179.2578;311.6886;0.0000;594.1606;6374.6831
180.1110;311.6886;0.0000;591.3075;6381.6836
181.1110;311.6886;0.0000;596.2801;6388.6831
181.9643;312.6886;0.0000;591.8947;6396.5356
183.6707;312.6886;0.0000;592.1606;6403.5361
184.6707;312.8354;0.0000;595.7204;6410.5361
185.5239;312.8354;0.0000;588.7204;6417.5361
186.5239;313.8354;0.0000;594.0140;6424.5361
187.5239;313.8354;0.0000;595.8671;6431.5361
189.2305;313.9821;0.0000;590.0415;6438.5371
190.0836;313.9821;0.0000;594.1606;6445.5361
190.9369;314.1290;0.0000;594.3076;6452.5361
192.7900;314.1290;0.0000;591.7479;6459.5366
193.7900;314.2757;0.0000;595.8671;6466.5356
194.6433;315.2757;0.0000;591.8947;6473.5361
196.4966;314.4225;0.0000;593.3075;6480.5366
197.3498;314.5692;0.0000;596.1607;6487.5361
198.2030;314.5692;0.0000;591.8947;6494.5366
199.2030;314.7160;0.0000;594.0140;6501.5366
200.9094;314.7160;0.0000;595.8671;6508.5361
201.9094;314.7160;0.0000;591.8947;6515.5361
202.7627;314.7160;0.0000;596.0140;6522.5361
203.6158;314.8628;0.0000;594.4542;6529.5361
204.6158;314.8628;0.0000;591.7479;6536.6836
205.4691;315.0096;0.0000;597.1607;6543.6831
207.3223;315.0096;0.0000;592.1882;6550.6831
208.1755;314.3031;0.0000;592.1334;6557.6826
209.0287;314.3031;10.2387;597.1607;6564.6831
210.8819;314.4500;0.0000;592.0415;6571.6831
211.7352;314.4500;0.0000;594.4542;6579.5361
212.7352;314.4500;0.0000;596.3075;6586.5366
214.4416;314.5967;0.0000;592.1882;6593.5366
215.2949;314.5967;0.0000;595.3076;6600.5356
216.2949;314.7434;0.0000;595.4542;6607.5361
218.0013;313.8903;0.0000;591.8947;6614.5361
218.8546;313.8903;0.0000;596.1607;6621.5366
219.8546;313.1838;0.0000;592.3350;6628.5361
221.5610;313.1838;10.2387;591.8947;6635.5356
222.5610;313.1838;0.0000;597.4542;6642.5366
223.4142;312.4774;10.2387;592.3350;6649.5366
224.4142;312.4774;0.0000;592.7479;6656.5356
226.1207;312.6242;0.0000;596.6011;6663.5361
227.1207;311.7709;0.0000;591.1882;6670.5356
228.8271;311.7709;0.0000;595.4542;6677.5361
229.6803;311.9176;0.0000;594.8947;6684.5361
231.5336;311.9176;0.0000;591.0415;6691.5356
232.3867;311.0645;0.0000;595.4542;6698.5361
234.2400;311.2112;0.0000;594.1882;6705.5366
235.9464;311.2112;0.0000;591.8947;6712.5361
236.9464;311.3581;0.0000;597.3076;6719.5366
238.7997;310.5048;0.0000;591.6285;6726.6831
240.5061;310.5048;0.0000;591.6011;6733.6826
242.3593;309.7984;0.0000;596.8947;6740.6836
243.3593;309.7984;0.0000;590.6284;6747.6836
245.0658;309.0919;0.0000;594.7479;6754.6826
246.0658;309.0919;0.0000;594.8947;6762.5361
247.0658;308.3854;0.0000;591.4816;6769.5361
248.7722;308.3854;0.0000;595.7479;6776.5361
249.7722;307.5322;0.0000;594.1882;6783.5361
250.7722;307.6791;0.0000;591.8947;6790.5356
251.6254;306.8258;0.0000;596.7478;6797.5366
252.6254;306.9725;0.0000;592.6284;6804.5361
253.6254;306.1194;0.0000;592.0415;6811.5361
254.4787;305.2661;0.0000;596.7478;6818.5361
255.4787;305.4128;0.0000;591.0687;6825.5356
256.4786;304.5597;0.0000;594.6011;6832.5361
257.4786;303.8532;0.0000;596.0415;6839.5361
258.3319;303.0000;0.0000;591.0687;6846.5361
259.3318;303.1468;0.0000;594.8947;6853.5366
259.4787;302.2936;0.0000;594.4817;6860.5361
260.3318;301.4403;0.0000;592.6284;6867.5361
261.3318;300.7339;0.0000;596.0415;6874.5361
263.1851;299.8807;0.0000;592.9221;6881.5361
264.1851;300.0275;0.0000;594.0415;6888.5361
265.1851;299.1742;0.0000;597.0415;6895.5356
267.0384;298.4678;0.0000;592.2156;6902.5361
268.0384;297.6146;0.0000;594.4817;6909.6826
268.8915;296.7614;0.0000;596.3350;6916.6826
269.8915;296.9081;0.0000;590.6559;6923.6831
271.7448;296.0548;0.0000;595.4818;6930.6831
272.7448;295.2017;0.0000;596.3624;6937.6826
273.5981;294.4952;0.0000;593.0688;6945.5356
274.5980;293.6419;0.0000;596.4817;6952.5371
275.5980;292.9355;0.0000;593.3624;6959.5361
276.5980;292.0823;0.0000;594.6285;6966.5361
278.4512;291.2291;0.0000;598.3350;6973.5366
279.4512;290.3758;0.0000;594.9221;6980.5356
280.3045;289.6694;0.0000;597.8946;6987.5361
281.3045;287.9630;0.0000;601.0414;6994.5366
282.3045;287.1098;0.0000;595.9221;7001.5361
283.3045;286.4033;0.0000;600.0415;7008.5366
284.3045;284.6969;0.0000;600.0687;7015.5366
285.3045;283.9904;0.0000;596.7753;7022.5361
286.3045;283.1372;0.0000;601.0414;7029.5361
287.3045;281.5775;0.0000;598.0688;7036.5361
287.3045;280.7243;0.0000;600.0415;7043.5361
288.3045;279.1646;0.0000;608.8671;7050.5356
289.3045;278.3113;0.0000;605.7478;7057.5366
289.4512;276.6049;0.0000;610.5735;7064.5366
289.7448;275.0453;10.2387;615.9866;7071.5361
290.7448;273.3388;1.7614;615.1334;7078.5366
290.8915;272.4857;0.0000;621.9590;7085.5356
291.0384;270.7792;0.0000;623.1058;7092.6826
292.0384;269.2196;1.7614;621.3994;7099.6831
292.1851;268.3663;0.0000;625.6655;7106.6831
292.3318;266.6599;0.0000;623.2527;7113.6826
293.4786;265.9534;0.0000;621.7848;7120.6831
293.6254;264.2469;0.0000;628.2252;7127.6826
294.7722;263.3937;0.0000;623.3994;7135.5361
294.9189;262.6873;0.0000;624.8123;7142.5361
295.9189;261.8340;0.0000;627.6655;7149.5366
296.2125;260.1276;0.0000;622.6929;7156.5361
297.2125;259.2743;0.0000;627.2252;7163.5366
297.5061;258.5679;0.0000;626.2526;7170.5366
298.5061;257.7147;1.7614;623.6929;7177.5361
298.7997;256.0083;0.0000;628.6655;7184.5356
299.7997;255.1551;0.0000;626.5461;7191.5361
300.7997;254.3018;1.7614;625.9590;7198.5361
301.9464;253.4486;0.0000;631.3719;7205.5356
302.0932;252.5954;0.0000;629.1059;7212.5366
303.2400;251.7422;0.0000;631.9316;7219.5361
304.2400;250.8890;0.0000;639.3446;7226.5361
304.5336;250.0357;0.0000;637.6381;7233.5366
305.5336;248.3293;0.0000;644.8766;7240.5356
305.8271;247.4761;0.0000;647.8766;7247.5361
305.9738;246.6229;1.7614;646.1703;7254.5366
306.1206;245.7696;0.0000;650.2897;7261.5361
306.4142;245.7696;0.0000;650.7300;7268.5361
306.5610;244.9164;1.7614;647.8766;7275.5371
306.7078;244.0632;10.2387;653.8493;7282.6831
307.0013;243.2099;0.0000;650.5831;7289.6826
307.1480;242.3568;10.2387;652.1429;7296.6831
307.2948;241.3568;0.0000;655.9960;7303.6831
307.5883;240.5035;0.0000;650.1703;7310.6831
307.7352;239.6502;0.0000;652.9961;7318.5366
307.8819;239.6502;10.2387;656.1428;7325.5361
309.0288;238.7970;0.0000;652.1703;7332.5361
309.3223;237.7970;10.2387;655.9960;7339.5356
309.4691;236.9438;1.7614;654.5831;7346.5361
310.6158;236.0906;0.0000;650.8766;7353.5361
310.7627;236.0906;0.0000;657.1428;7360.5361
311.7627;235.2374;10.2387;653.1703;7367.5366
311.9094;234.2374;0.0000;653.5831;7374.5361
312.2030;233.3842;0.0000;658.1429;7381.5361
313.3498;231.6777;0.0000;653.3171;7388.5361
313.4966;230.8245;0.0000;656.7300;7395.5361
313.6432;229.9712;0.0000;649.1978;7402.5361
313.7901;229.1181;0.0000;657.7300;7409.5366
313.9369;227.2648;0.0000;661.8493;7416.5361
314.2305;226.4116;0.0000;664.7025;7423.5366
315.2305;225.4116;0.0000;661.1428;7430.5366
315.5240;224.5584;0.0000;665.9686;7437.5361
315.6707;222.8520;0.0000;662.4365;7444.5356
315.8174;221.9987;0.0000;663.8492;7451.5361
315.9644;221.1454;0.0000;669.9686;7458.5361
316.1110;219.4390;0.0000;665.4365;7465.6831
316.2578;218.4390;0.0000;665.5558;7472.6836
316.4046;217.4391;1.7614;670.1155;7479.6831
316.6982;215.7325;0.0000;665.5831;7486.6826
316.9917;214.7325;1.7614;669.7025;7493.6831
317.2853;212.8793;0.0000;669.2897;7501.5361
317.4321;212.0261;0.0000;665.7300;7508.5366
317.7256;210.1729;0.0000;670.7025;7515.5361
318.7256;208.3197;0.0000;668.8766;7522.5366
319.0192;207.4664;0.0000;667.5831;7529.5371
319.1660;205.6132;0.0000;674.8494;7536.5361
319.4594;204.7600;0.0000;667.3170;7543.5361
318.7531;202.9068;0.0000;669.7300;7550.5361
319.0466;201.9068;0.0000;675.4365;7557.5361
319.1935;200.0536;0.0000;667.7574;7564.5356
319.4869;199.0536;0.0000;671.2623;7571.5366
319.7804;197.2003;0.0000;672.1702;7578.5366
320.0740;196.2004;0.0000;668.7574;7585.5361
320.2208;195.2004;0.0000;673.7300;7592.5361
319.6612;194.3471;0.0000;671.6107;7599.5356
319.8079;192.4939;0.0000;670.3171;7606.5361
320.1015;191.3471;0.0000;675.4365;7613.5356
320.2483;190.3471;0.0000;669.9042;7620.5366
320.5418;189.3471;0.0000;669.6105;7627.5361
320.6887;188.3471;0.0000;675.8766;7634.5361
320.8354;187.2004;0.0000;669.1978;7641.5361
320.9821;186.2003;0.0000;672.1702;7648.6821
321.1290;184.3471;10.2387;673.6107;7655.6831
320.4225;183.3471;0.0000;669.1978;7662.6826
320.5692;182.3471;10.2387;672.3171;7669.6831
320.7160;181.3471;0.0000;673.6107;7676.6836
320.0096;180.3471;0.0000;668.9042;7683.6826
320.1563;179.3471;0.0000;672.7574;7691.5361
320.3031;178.3471;0.0000;670.6381;7698.5356
319.4500;177.3471;0.0000;669.9042;7705.5361
319.5967;175.4939;0.0000;674.9043;7712.5361
319.7434;174.6407;0.0000;669.4913;7719.5356
318.8903;173.6407;0.0000;672.9042;7726.5366
319.0370;172.6407;0.0000;675.4365;7733.5361
318.3306;171.6407;0.0000;670.6381;7740.5361
318.3306;170.6407;0.0000;676.3171;7747.5366
317.6242;169.6407;0.0000;673.3446;7754.5356
317.6242;168.7875;0.0000;674.0510;7761.5361
316.9176;167.7875;1.7614;677.4640;7768.5366
316.2113;166.7875;0.0000;674.9043;7775.5361
316.3581;165.7875;0.0000;677.6106;7782.5361
315.5048;163.9342;0.0000;683.0236;7789.5371
314.7984;162.9342;0.0000;677.9042;7796.5361
314.9452;161.9342;1.7614;679.8494;7803.5356
314.2386;160.9342;0.0000;685.7300;7810.5361
313.3855;160.7875;0.0000;679.7574;7817.5361
312.6790;159.6407;0.0000;685.5831;7824.5356
311.8258;158.6407;0.0000;686.8768;7831.5366
311.9725;157.7875;0.0000;682.3172;7838.6821
311.1193;155.7875;0.0000;686.7300;7845.6826
310.4129;154.7875;0.0000;682.0510;7852.6831
309.7064;153.7875;0.0000;684.3172;7859.6831
308.8532;152.9342;1.7614;691.9962;7866.6826
308.1468;151.0811;0.0000;684.7575;7874.5366
307.2935;150.0810;0.0000;685.1703;7881.5366
306.4403;149.0810;0.0000;687.3171;7888.5361
304.8807;148.2278;0.0000;683.6106;7895.5361
304.0275;146.3746;0.0000;687.3171;7902.5366
303.3210;145.3746;0.0000;685.0509;7909.5366
302.4678;144.3746;0.0000;683.9042;7916.5361
301.7614;143.3746;0.0000;687.6107;7923.5366
300.9081;141.5214;0.0000;687.0509;7930.5361
300.0548;140.6682;0.0000;681.4913;7937.5361
299.2016;139.6682;0.0000;688.1703;7944.5371
298.4952;138.6682;0.0000;682.9316;7951.5361
297.6419;137.6682;0.0000;685.0509;7958.5356
296.9355;136.6682;0.0000;685.1978;7965.5361
296.9355;135.6682;0.0000;682.0784;7972.5356
296.0823;134.8149;0.0000;686.7574;7979.5356
295.3758;132.9617;0.0000;686.3446;7986.5366
294.5227;131.9616;0.0000;681.9316;7993.5361
293.8162;130.1084;0.0000;686.9042;8000.5366
292.9630;129.1084;0.0000;684.7848;8007.5371
292.1098;127.4020;0.0000;683.7849;8014.5356
291.2566;126.4020;0.0000;687.0509;8021.6826
290.5501;124.4020;0.0000;683.5187;8028.6831
289.6969;123.4020;0.0000;683.4913;8035.6836
289.8436;122.5488;0.0000;688.6381;8042.6826
288.9904;120.6955;0.0000;681.6655;8049.6831
288.1372;119.6955;0.0000;685.4913;8057.5356
287.4308;117.8423;0.0000;686.7849;8064.5361
286.5775;116.8423;0.0000;682.2252;8071.5361
285.7243;115.8423;0.0000;685.4913;8078.5356
285.0178;114.8423;0.0000;684.2253;8085.5361
285.0178;113.8423;0.0000;681.3720;8092.5361
284.3114;112.8423;0.0000;685.7849;8099.5366
283.4582;110.9891;0.0000;682.5188;8106.5361
282.6049;109.9891;0.0000;683.9316;8113.5356
281.8985;108.8423;0.0000;686.9316;8120.5366
281.0453;106.9891;1.7614;680.9591;8127.5356
280.3388;105.9891;0.0000;685.9316;8134.5361
279.4857;104.9891;1.7614;686.0784;8141.5366
278.6324;103.9891;0.0000;681.1058;8148.5361
277.0727;102.8423;0.0000;685.9316;8155.5366
276.2196;101.8423;0.0000;684.8123;8162.5366
275.5131;101.6955;1.7614;681.9590;8169.5366
273.8065;100.5488;0.0000;686.5187;8176.5361
272.9535;99.5488;1.7614;683.1058;8183.5366
271.3937;98.5488;0.0000;683.2253;8190.5356
269.6872;97.5488;0.0000;687.9591;8197.5361
268.8340;96.5488;0.0000;683.3720;8204.6836
267.1276;95.5488;0.0000;684.5187;8211.6826
266.2744;94.5488;0.0000;686.8123;8218.6836
264.7147;93.4020;0.0000;683.2526;8225.6816
263.8615;93.2552;0.0000;684.1058;8232.6816
262.1551;92.2552;0.0000;687.9591;8239.6826
261.3018;91.2552;0.0000;684.1058;8247.5371
260.4486;90.9616;0.0000;687.9591;8254.5361
258.7422;90.8150;0.0000;683.9866;8261.5371
258.0357;89.8150;0.0000;684.5461;8268.5371
257.1825;89.6682;0.0000;688.9590;8275.5361
255.4761;89.3746;0.0000;684.1333;8282.5371
254.6229;88.3746;0.0000;685.3994;8289.5352
252.9164;88.2278;10.2387;690.3994;8296.5352
252.0631;87.2278;0.0000;684.4269;8303.5371
250.3567;86.2278;0.0000;687.5461;8310.5371
248.6502;85.2278;0.0000;688.1334;8317.5361
247.7970;84.9342;0.0000;684.8398;8324.5361
246.9438;83.9342;0.0000;682.7204;8331.5371
245.2374;82.7875;0.0000;693.3994;8338.5361
243.6777;82.6407;0.0000;680.8672;8345.5361
242.8245;81.4939;0.0000;697.3720;8352.5361
241.1181;81.3471;0.0000;690.8397;8359.5361
240.2648;81.2003;0.0000;691.5461;8366.5371
238.5584;80.2003;0.0000;697.8123;8373.5371
237.7052;79.9068;0.0000;693.5461;8380.5361
235.9987;78.9068;0.0000;693.3994;8387.5371
234.1454;77.9068;0.0000;695.5461;8394.6826
233.2923;77.7600;0.0000;695.9592;8401.6826
231.7325;76.6132;0.0000;697.6655;8408.6836
230.0261;76.4664;0.0000;696.3995;8415.6826
229.1729;75.3197;0.0000;693.3994;8422.6836
227.4664;75.1729;0.0000;699.5188;8430.5361
225.6132;74.1729;0.0000;695.5461;8437.5371
223.9068;74.0261;0.0000;695.9592;8444.5352
223.0536;72.8793;0.0000;699.8123;8451.5361
221.3471;72.7325;1.7614;692.2801;8458.5371
220.4939;72.5858;0.0000;698.1058;8465.5371
218.7875;72.2923;1.7614;698.2527;8472.5361
217.7875;71.2922;0.0000;695.9865;8479.5361
216.0810;71.1455;0.0000;698.9589;8486.5371
215.2278;70.9987;0.0000;696.6929;8493.5352
213.5214;70.7052;0.0000;696.3995;8500.5361
212.6682;70.5584;0.0000;700.6655;8507.5371
210.9617;70.2648;0.0000;695.9865;8514.5352
209.2552;70.1181;0.0000;695.5461;8521.5371
208.2552;68.9712;0.0000;700.9590;8528.5361
206.5488;68.8245;0.0000;694.2801;8535.5361
205.6955;68.6777;0.0000;698.9589;8542.5371
203.8423;68.3842;0.0000;700.2526;8549.5352
202.9891;67.2373;0.0000;694.2801;8556.5361
201.1359;67.0906;0.0000;699.1059;8563.5361
200.2827;66.7970;0.0000;698.5461;8570.5371
198.5762;66.6503;0.0000;696.6929;8577.6826
197.5762;66.5034;0.0000;700.2526;8584.6826
195.8698;66.2099;0.0000;696.4269;8591.6816
194.8698;66.0631;0.0000;696.8398;8598.6836
194.0166;65.7695;0.0000;700.3995;8605.6816
193.1633;65.6229;0.0000;694.7205;8613.5361
192.1633;65.3293;0.0000;698.5461;8620.5361
191.3101;65.1825;0.0000;700.6929;8627.5371
190.3101;65.0357;0.0000;694.5735;8634.5361
189.3101;65.5954;0.0000;699.6929;8641.5371
188.4569;65.4486;0.0000;700.6929;8648.5361
187.4569;65.1551;0.0000;694.5735;8655.5361
187.3101;65.8615;0.0000;700.5461;8662.5371
186.4569;65.7147;0.0000;695.1607;8669.5352
185.4569;65.4212;0.0000;696.2800;8676.5371
184.4569;65.2743;0.0000;700.6929;8683.5352
184.3101;65.9808;0.0000;694.5735;8690.5371
183.4569;65.8340;1.7614;697.6929;8697.5371
183.3101;66.5404;0.0000;699.9866;8704.5352
182.4569;66.2469;0.0000;694.8671;8711.5371
181.4569;66.1002;0.0000;698.8397;8718.5352
180.6037;65.9535;0.0000;698.1332;8725.5371
179.6037;66.6599;0.0000;693.8671;8732.5361
178.6037;66.5131;0.0000;698.8397;8739.5361
177.7505;66.3663;0.0000;695.1607;8746.5361
176.7505;67.0727;0.0000;696.4269;8753.5361
175.7505;66.9260;0.0000;700.6929;8760.6816
175.6037;66.7792;0.0000;694.7205;8767.6836
174.7505;67.4856;0.0000;694.7205;8774.6816
173.7505;67.1921;0.0000;701.4268;8781.6826
172.7505;68.0453;0.0000;694.1607;8788.6836
172.6037;67.8985;0.0000;698.4269;8795.6826
171.6037;67.7517;0.0000;698.5735;8803.5361
170.7505;68.4582;0.0000;692.3076;8810.5361
169.7505;68.4582;0.0000;698.2800;8817.5371
168.7505;69.1646;0.0000;697.0140;8824.5361
167.0440;69.0178;0.0000;693.0138;8831.5371
166.0440;68.8710;0.0000;700.9866;8838.5352
164.1908;68.7243;0.0000;692.6011;8845.5371
163.1908;69.4308;0.0000;694.7205;8852.5371
161.4843;69.2840;0.0000;701.8398;8859.5361
159.6310;69.9905;0.0000;692.6011;8866.5371
158.7778;69.8436;0.0000;693.1607;8873.5352
156.9247;70.5501;0.0000;685.7753;8880.5371
155.9247;70.5501;0.0000;692.6011;8887.5361
155.0714;70.4033;0.0000;688.0415;8894.5371
154.9246;71.1097;0.0000;688.3350;8901.5361
154.0714;70.9630;0.0000;683.4542;8908.5361
153.0714;71.8162;0.0000;690.7479;8915.5371
152.0714;72.5227;0.0000;683.2156;8922.5361
151.2182;72.5227;0.0000;685.3350;8929.5371
150.2182;72.3758;0.0000;687.3350;8936.5361
149.2182;73.0823;0.0000;683.2156;8943.6826
148.3650;72.9355;0.0000;688.5735;8950.6816
146.5117;73.6419;0.0000;689.6285;8957.6836
145.6585;73.6419;0.0000;684.9221;8964.6816
144.6585;74.3484;0.0000;687.6285;8971.6826
142.9521;74.2016;1.7614;687.4818;8978.6826
141.9521;75.0549;0.0000;684.4817;8986.5361
140.0988;75.7614;0.0000;689.6010;8993.5352
139.0989;75.7614;0.0000;682.0415;9000.5371
138.2456;76.4678;0.0000;686.6284;9007.5361
136.3924;77.1742;0.0000;689.4542;9014.5361
135.3924;77.8807;1.7614;683.2156;9021.5371
134.5392;78.7339;0.0000;685.3350;9028.5352
133.5392;78.5871;0.0000;688.3350;9035.5371
132.5392;79.2936;0.0000;683.9221;9042.5361
131.5392;80.0000;0.0000;688.6010;9049.5361
130.5392;80.8533;0.0000;687.3350;9056.5371
128.6860;81.5597;1.7614;686.4818;9063.5361
127.8328;82.2661;0.0000;688.4542;9070.5361
126.8328;83.1193;1.7614;685.3350;9077.5361
125.8328;83.8258;0.0000;684.4817;9084.5371
124.8328;84.5322;0.0000;690.1606;9091.5352
123.8328;85.3854;0.0000;686.1881;9098.5361
122.8328;86.0919;0.0000;686.7478;9105.5361
122.6860;86.0919;1.7614;690.3076;9112.5371
121.6860;86.7984;0.0000;685.3350;9119.5371
121.5392;87.5048;0.0000;690.8672;9126.5361
120.5392;88.3581;1.7614;688.4542;9133.6826
119.5392;89.0645;0.0000;686.7478;9140.6826
119.3924;88.9177;0.0000;690.7204;9147.6826
118.3924;89.7709;1.7614;688.4542;9154.6846
117.3924;90.4773;1.7614;686.1607;9161.6826
116.3924;90.4773;1.7614;690.7204;9169.5361
116.2456;91.1838;0.0000;687.0415;9176.5371
115.2456;91.0370;0.0000;689.1607;9183.5352
115.0988;91.8903;0.0000;690.8672;9190.5371
114.9521;91.7434;1.7614;687.6011;9197.5352
114.8053;92.5967;0.0000;691.7204;9204.5361
113.8053;92.4499;0.0000;691.7204;9211.5371
113.6585;93.1563;0.0000;687.6011;9218.5352
112.6585;94.0095;0.0000;691.7204;9225.5361
112.5117;93.8628;0.0000;689.6010;9232.5352
112.3649;94.5693;0.0000;689.1607;9239.5371
111.3650;94.5693;0.0000;693.7204;9246.5352
111.2182;95.4225;0.0000;689.6010;9253.5361
111.0714;95.2757;0.0000;691.7204;9260.5361
110.9246;96.1290;0.0000;693.5735;9267.5361
109.7778;96.8354;0.0000;684.4817;9274.5371
109.6311;96.6886;0.0000;691.7204;9281.5361
108.7778;97.3951;0.0000;692.5735;9288.5361
108.6311;97.3951;0.0000;689.4542;9295.5361
108.4843;98.1015;0.0000;692.5735;9302.5361
107.4843;98.1015;0.0000;693.8671;9309.5352
107.1908;98.8079;0.0000;689.1607;9316.6836
106.3376;99.5143;0.0000;694.2801;9323.6816
106.1908;99.6612;0.0000;689.4542;9330.6826
105.1908;100.3676;0.0000;691.2800;9337.6826
104.1908;101.0740;0.0000;694.1333;9344.6826
103.1908;101.0740;0.0000;689.1607;9351.6826
102.1908;101.7804;0.0000;692.4268;9359.5371
101.1908;102.6337;0.0000;696.9865;9366.5371
101.0440;102.6337;0.0000;689.1607;9373.5371
100.0440;103.3401;0.0000;693.9866;9380.5371
99.0440;104.1935;0.0000;693.2800;9387.5352
98.0440;104.0466;0.0000;689.0139;9394.5371
97.0440;104.8998;0.0000;692.9866;9401.5361
96.0440;105.6063;0.0000;689.5735;9408.5371
95.0440;106.4596;0.0000;692.9866;9415.5361
93.8972;106.4596;0.0000;696.3995;9422.5361
92.8972;107.0192;0.0000;691.7204;9429.5371
91.8972;107.8724;0.0000;693.6929;9436.5361
90.8972;108.7257;0.0000;695.6931;9443.5371
89.8972;109.5788;0.0000;692.1332;9450.5361
89.0440;110.4321;0.0000;693.6929;9457.5361
88.0440;111.2852;0.0000;695.3994;9464.5361
87.0440;112.1385;0.0000;692.1332;9471.5371
87.0440;112.1385;0.0000;693.6929;9478.5361
86.0440;112.9918;0.0000;692.1332;9485.5371
85.0440;113.6982;0.0000;690.9866;9492.5361
84.8972;114.5514;1.7614;698.1058;9499.6826
83.8972;115.4046;0.0000;692.1332;9506.6826
82.8972;116.1110;0.0000;690.9866;9513.6826
82.7505;116.1110;0.0000;698.1058;9520.6826
81.7505;116.9643;0.0000;693.8397;9527.6816
80.7505;117.8174;0.0000;695.9592;9534.6826
80.6037;118.6707;0.0000;693.3994;9542.5352
79.6037;119.5239;0.0000;692.3994;9549.5371
78.6037;120.3772;0.0000;697.6655;9556.5352
77.6037;121.2305;0.0000;693.6929;9563.5371
77.4569;121.9369;0.0000;693.3994;9570.5371
76.4569;122.7901;0.0000;699.5188;9577.5361
76.3101;123.6433;0.0000;693.8397;9584.5371
75.3101;124.4966;0.0000;695.1058;9591.5361
75.1633;125.3497;0.0000;698.8123;9598.5371
75.0166;126.2030;1.7614;690.8397;9605.5361
74.0166;127.9094;0.0000;699.2253;9612.5361
73.8698;128.7627;0.0000;698.5187;9619.5361
73.7230;129.6158;0.0000;691.8397;9626.5371
72.7230;130.4691;0.0000;699.2253;9633.5371
72.5762;132.1755;0.0000;696.9591;9640.5361
71.7230;133.0288;0.0000;694.6655;9647.5361
71.5762;133.8819;0.0000;700.2253;9654.5352
71.4294;134.7352;0.0000;693.3994;9661.5371
70.4294;135.5884;1.7614;696.5188;9668.5361
70.2827;137.2948;0.0000;699.9316;9675.5361
69.2827;138.1480;0.0000;692.5461;9682.5361
69.1359;139.8544;0.0000;698.9316;9689.6836
68.9891;140.7077;0.0000;699.3720;9696.6826
67.9891;142.4142;0.0000;693.2526;9703.6826
67.9891;143.2675;0.0000;697.5187;9710.6826
66.9891;144.9739;0.0000;697.5187;9717.6826
66.8423;146.6803;0.0000;696.2252;9725.5361
66.6955;148.3867;0.0000;701.4913;9732.5361
65.6955;149.3867;0.0000;696.6655;9739.5371
65.5488;151.0932;0.0000;697.9316;9746.5352
65.4020;152.7997;0.0000;698.9316;9753.5371
64.4020;154.5061;0.0000;695.2253;9760.5361
64.2552;155.3593;0.0000;698.4913;9767.5361
63.1084;157.0658;0.0000;699.7849;9774.5361
62.2552;157.9189;0.0000;695.3720;9781.5361
62.1084;159.6254;0.0000;698.6381;9788.5361
61.1084;160.4787;0.0000;699.7849;9795.5361
60.9616;162.1851;0.0000;696.3720;9802.5361
59.9616;163.0384;0.0000;699.3446;9809.5352
59.9616;164.7448;0.0000;695.5187;9816.5361
58.9616;166.4512;1.7614;694.9316;9823.5361
58.8150;167.3045;0.0000;699.3446;9830.5361
58.8150;169.1577;0.0000;696.3720;9837.5361
57.8150;170.8641;0.0000;697.6381;9844.5371
57.6681;171.8641;0.0000;698.9316;9851.5361
57.5214;173.5706;0.0000;695.9316;9858.5361
57.3746;175.2770;1.7614;700.7574;9865.5371
57.2278;176.9834;0.0000;699.4913;9872.6826
57.0810;178.6899;0.0000;696.2252;9879.6826
56.9342;179.5431;0.0000;701.4913;9886.6836
56.7875;181.2495;0.0000;697.2252;9893.6826
56.6407;182.1028;0.0000;699.3446;9900.6816
56.4939;183.8092;0.0000;704.0509;9907.6836
56.4939;184.6624;0.0000;697.9316;9915.5361
56.3471;185.5156;0.0000;698.3445;9922.5361
56.3471;187.2222;0.0000;702.0510;9929.5361
56.2003;188.2222;0.0000;695.9316;9936.5361
56.0536;189.0753;0.0000;701.0510;9943.5361
56.0536;189.9286;10.2387;700.1978;9950.5361
55.9068;191.6351;10.2387;694.7849;9957.5371
55.7600;192.4883;0.0000;700.9042;9964.5352
55.6132;194.1947;10.2387;696.0784;9971.5361
55.4664;195.0479;0.0000;687.1059;9978.5361
55.3197;195.9012;0.0000;691.3720;9985.5361
55.3197;196.7543;0.0000;688.2526;9992.5361
55.1729;197.6076;1.7614;687.6655;9999.5371
55.0261;198.4608;0.0000;691.3720;10006.5361
54.8793;199.4608;0.0000;686.3994;10013.5361
54.7325;200.3140;0.0000;690.2252;10020.5371
54.5858;201.1673;0.0000;689.2253;10027.5352
54.4390;202.0204;0.0000;686.6655;10034.5371
54.2922;202.8737;0.0000;689.3720;10041.5361
54.2922;203.7268;0.0000;689.6655;10048.5361
54.1455;203.7268;0.0000;687.3719;10055.6826
53.9987;204.5801;1.7614;691.4913;10062.6836
54.7051;205.5801;0.0000;685.6655;10069.6816
54.5584;206.5801;0.0000;685.9316;10076.6826
54.4116;207.4333;1.7614;691.1978;10083.6836
54.2648;208.2865;0.0000;684.3720;10090.6836
54.1181;209.1398;0.0000;687.9042;10098.5361
53.9712;210.1399;0.0000;690.0509;10105.5352
53.8245;210.2865;0.0000;685.6381;10112.5371
53.8245;211.2865;0.0000;688.6105;10119.5352
54.5309;212.1398;0.0000;688.1978;10126.5361
54.3842;213.1399;0.0000;685.1978;10133.5361
54.2373;213.1399;0.0000;690.7574;10140.5361
54.0906;213.8463;1.7614;685.3446;10147.5371
53.9438;214.6995;0.0000;686.7574;10154.5371
53.7970;214.6995;1.7614;682.4913;10161.5361
54.5034;215.5527;1.7614;685.6107;10168.5361
54.3567;216.4060;0.0000;687.8767;10175.5371
54.2099;216.5527;0.0000;691.1429;10182.5352
54.0631;217.5527;0.0000;684.3172;10189.5371
53.9164;218.5527;0.0000;686.8768;10196.5361
53.7695;218.5527;1.7614;687.0236;10203.5361
54.6228;219.4060;0.0000;686.4365;10210.5371
54.4761;220.2591;0.0000;691.7025;10217.5361
54.3293;220.4060;1.7614;686.0236;10224.5361
54.3293;221.4060;0.0000;686.8220;10231.5352
55.0357;222.2591;0.0000;691.9686;10238.5371
54.8890;222.2591;1.7614;685.9962;10245.6836
54.7422;223.2591;0.0000;685.9962;10252.6826
54.5954;224.2591;0.0000;691.1155;10259.6826
54.4486;225.2591;0.0000;683.4365;10266.6826
54.3018;225.4060;0.0000;688.2622;10273.6816
54.1551;226.2591;0.0000;688.2622;10281.5361
54.1551;227.1124;1.7614;684.5558;10288.5361
54.0082;227.9656;0.0000;690.5283;10295.5361
53.7147;228.1124;1.7614;685.7025;10302.5371
53.5679;229.1124;0.0000;685.1155;10309.5361
53.4212;230.1124;0.0000;690.6751;10316.5361
53.2743;230.1124;0.0000;685.2623;10323.5361
53.1276;230.9657;0.0000;683.1155;10330.5361
53.1276;231.9656;0.0000;690.2348;10337.5352
52.9808;232.9656;0.0000;685.1155;10344.5371
52.8340;233.8188;0.0000;688.6476;10351.5361
52.6873;234.6721;0.0000;686.9411;10358.5361
52.5404;235.6721;0.0000;685.1155;10365.5361
52.3937;236.6721;0.0000;689.0605;10372.5361
52.1002;237.6721;0.0000;687.3817;10379.5361
52.8066;238.5253;0.0000;685.9412;10386.5352
52.6599;239.5253;0.0000;690.2073;10393.5371
52.5131;240.5253;0.0000;686.0880;10400.5352
52.2196;241.5253;0.0000;686.3542;10407.5371
52.0727;242.3785;0.0000;689.9136;10414.5371
52.7792;243.3785;0.0000;684.0880;10421.5352
52.6324;244.3785;0.0000;688.9139;10428.6816
52.4857;245.3785;0.0000;689.9136;10435.6836
52.3388;246.2317;0.0000;683.7945;10442.6826
52.3388;247.2317;0.0000;686.0605;10449.6826
52.8985;248.2317;0.0000;686.0605;10456.6836
52.8985;249.0849;0.0000;684.2073;10464.5361
52.7518;250.0849;0.0000;690.0331;10471.5361
52.6049;251.0849;0.0000;684.6477;10478.5361
52.4582;252.0849;0.0000;685.0605;10485.5361
53.1646;252.9382;0.0000;691.1799;10492.5352
53.1646;253.9382;0.0000;683.3542;10499.5371
53.0178;254.7913;0.0000;685.7670;10506.5361
53.8710;255.7913;0.0000;688.9139;10513.5361
53.8710;256.6446;0.0000;683.7945;10520.5361
53.7243;257.6446;0.0000;688.4736;10527.5361
54.5774;258.4978;0.0000;686.0605;10534.5361
54.5774;259.3510;0.0000;684.9137;10541.5352
54.4308;260.3510;0.0000;680.9412;10548.5371
54.2840;261.2043;0.0000;684.0605;10555.5361
54.2840;261.3510;0.0000;688.1799;10562.5371
54.9905;262.3510;0.0000;691.7396;10569.5371
54.8436;263.3510;0.0000;684.3541;10576.5352
55.5501;264.3510;0.0000;688.0330;10583.5371
56.2566;264.4979;0.0000;692.7396;10590.5352
56.1097;265.3510;0.0000;683.3267;10597.5361
56.9630;266.3510;0.0000;687.8863;10604.5361
56.8162;266.3510;0.0000;688.0330;10611.6836
57.5227;267.3510;0.0000;685.0331;10618.6816
57.5227;268.2043;0.0000;690.7122;10625.6826
57.3758;268.3510;0.0000;685.1799;10632.6836
58.0823;269.2043;0.0000;687.2993;10639.6836
58.0823;270.2043;0.0000;691.5654;10646.6816
57.9355;270.3510;0.0000;684.7396;10654.5361
58.6419;271.3510;0.0000;688.0056;10661.5371
58.6419;272.2043;0.0000;688.8588;10668.5371
59.3484;273.2043;0.0000;682.7395;10675.5361
60.0549;274.2043;1.7614;688.0056;10682.5361
59.9081;274.3510;0.0000;687.8589;10689.5361
60.6146;275.3510;0.0000;683.5928;10696.5361
60.4678;276.2042;1.7614;689.2717;10703.5371
61.3211;277.2043;0.0000;684.1524;10710.5361
62.0275;278.2043;0.0000;686.5654;10717.5371
61.8806;279.0574;0.0000;687.5653;10724.5361
62.7339;280.0574;0.0000;684.4460;10731.5352
62.5871;281.0576;0.0000;686.2718;10738.5371
63.2936;281.2043;1.7614;689.8314;10745.5352
63.2936;282.0575;0.0000;685.8589;10752.5361
64.0000;283.0575;0.0000;686.2718;10759.5361
64.7064;284.0575;0.0000;685.2717;10766.5371
64.7064;285.0575;0.0000;682.0056;10773.5361
65.4128;286.0575;1.7614;686.9781;10780.5361
65.2661;286.9107;0.0000;683.7122;10787.5371
66.1193;287.9107;0.0000;683.2717;10794.5352
65.9725;288.9108;0.0000;688.0976;10801.6816
66.8258;289.9108;0.0000;681.8589;10808.6836
66.6789;290.0574;0.0000;684.9783;10815.6826
67.5322;290.9108;0.0000;687.6847;10822.6816
68.2387;291.9107;0.0000;682.4186;10829.6836
69.0919;292.9107;0.0000;686.3911;10837.5352
68.9451;293.9107;0.0000;686.1250;10844.5361
69.6516;294.7639;0.0000;682.4186;10851.5361
70.5048;295.0575;0.0000;684.8314;10858.5371
70.3581;296.0575;0.0000;681.8589;10865.5361
71.2112;297.0574;0.0000;682.1251;10872.5371
71.9177;298.0574;0.0000;687.5378;10879.5361
72.7709;299.0574;0.0000;679.5653;10886.5361
73.4773;299.2043;0.0000;682.9783;10893.5371
74.3306;300.2043;0.0000;685.9507;10900.5352
74.1838;301.2043;0.0000;679.9782;10907.5371
75.0370;302.3510;0.0000;686.0976;10914.5352
75.7434;303.3510;0.0000;687.2444;10921.5371
76.5967;303.4978;0.0000;679.9782;10928.5371
76.4499;304.4979;0.0000;684.3911;10935.5352
77.1564;305.6447;0.0000;684.5378;10942.5371
78.0095;306.6446;0.0000;680.1251;10949.5352
78.8628;307.6446;0.0000;682.5378;10956.5371
79.5693;308.6446;0.0000;678.5653;10963.5361
79.5693;309.7913;0.0000;679.9782;10970.5361
80.4225;309.9381;0.0000;684.6572;10977.5361
81.1290;310.9382;0.0000;677.7122;10984.6836
81.9821;311.9381;0.0000;679.9782;10991.6816
82.8354;312.9382;0.0000;680.9781;10998.6826
83.6886;313.9382;1.7614;676.5653;11005.6826
85.2482;315.0849;0.0000;679.9782;11012.6826
86.1015;316.0849;0.0000;679.9782;11020.5361
86.8079;317.0849;0.0000;677.4186;11027.5371
87.6612;317.2318;0.0000;681.2444;11034.5361
87.6612;318.2317;0.0000;674.8588;11041.5361
88.5143;319.2317;0.0000;677.1251;11048.5371
89.2208;320.2317;0.0000;682.5378;11055.5352
90.0740;321.2317;0.0000;677.4186;11062.5371
90.7804;321.3785;1.7614;681.0976;11069.5352
90.7804;322.5252;0.0000;680.8315;11076.5361
91.6337;323.5252;0.0000;676.5653;11083.5371
92.3401;324.5252;1.7614;679.5378;11090.5352
93.1934;325.5252;0.0000;679.9782;11097.5361
94.0466;326.5252;1.7614;674.8588;11104.5352
94.7531;326.6720;0.0000;679.5378;11111.5371
94.7531;327.6721;0.0000;680.1251;11118.5352
95.4596;328.6721;0.0000;676.8315;11125.5361
96.3127;328.9657;0.0000;682.0975;11132.5371
96.3127;329.9656;0.0000;677.1251;11139.5361
97.0192;330.8188;0.0000;678.5378;11146.5371
97.8724;330.9656;0.0000;682.0975;11153.5361
98.7257;331.9656;0.0000;676.1249;11160.5361
99.5788;332.9656;0.0000;679.0976;11167.6826
100.2852;333.1124;0.0000;679.3912;11174.6836
100.2852;334.1124;0.0000;677.9783;11181.6836
101.1385;334.2591;0.0000;681.2444;11188.6836
101.9918;335.2591;0.0000;675.4186;11195.6836
102.6982;335.4059;0.0000;676.8315;11202.6836
103.5514;336.4060;0.0000;680.8315;11210.5352
103.5514;336.5527;0.0000;677.4186;11217.5371
104.4046;336.6995;0.0000;676.6848;11224.5361
105.1110;337.6996;0.0000;679.9782;11231.5361
105.9643;337.8463;1.7614;674.8588;11238.5371
106.8174;338.6995;0.0000;678.9507;11245.5361
107.6707;338.8462;0.0000;677.6848;11252.5361
108.3772;339.8462;0.0000;674.4186;11259.5352
109.2305;339.9931;0.0000;679.0976;11266.5361
110.0836;340.1399;0.0000;676.6848;11273.5352
110.7901;341.1398;0.0000;674.1250;11280.5371
110.7901;341.2865;0.0000;679.0976;11287.5371
111.6433;341.5801;0.0000;674.1250;11294.5361
112.4966;341.7268;0.0000;676.3911;11301.5361
113.3497;342.7269;0.0000;679.3912;11308.5361
113.2030;342.8737;1.7614;673.4186;11315.5361
114.0562;343.1673;0.0000;674.5379;11322.5361
114.9094;344.1673;1.7614;677.2444;11329.5361
115.7627;344.3140;0.0000;674.2718;11336.5361
116.6158;344.6076;0.0000;673.6847;11343.5371
117.4691;345.6076;0.0000;676.8315;11350.5371
117.4691;345.7544;0.0000;674.6848;11357.6836
118.3223;346.9012;1.7614;676.5378;11364.6816
119.0288;347.0479;0.0000;673.9784;11371.6836
119.8819;348.0479;1.7614;674.6848;11378.6826
120.7352;348.3415;0.0000;678.9507;11385.6826
121.5884;348.4882;0.0000;671.8589;11393.5361
122.4416;348.6351;0.0000;674.6848;11400.5352
123.2949;349.7818;0.0000;674.8315;11407.5361
124.1480;349.9286;1.7614;667.2992;11414.5361
124.1480;350.0754;0.0000;673.8315;11421.5371
125.0014;350.2222;1.7614;673.1251;11428.5352
125.8546;351.2221;0.0000;672.1250;11435.5361
126.7078;351.3690;0.0000;673.8315;11442.5361
127.5611;351.5157;1.7614;671.4187;11449.5361
128.4142;351.6624;0.0000;670.4186;11456.5371
129.2675;352.6624;0.0000;674.8315;11463.5352
130.1207;352.8093;0.0000;668.2993;11470.5361
130.1207;352.9560;0.0000;669.2717;11477.5352
130.9739;353.1028;0.0000;674.5653;11484.5371
131.8271;354.1028;0.0000;669.8589;11491.5361
132.6803;354.2495;0.0000;672.2718;11498.5361
132.6803;354.3963;0.0000;671.7122;11505.5361
133.3868;354.5432;10.2387;669.5653;11512.5352
134.2400;354.6899;0.0000;674.4186;11519.5371
135.0932;354.8367;0.0000;670.0056;11526.5361
135.9464;355.8367;0.0000;669.8589;11533.5361
135.9464;355.9834;0.0000;674.5653;11540.6826
137.6529;356.1302;0.0000;671.4460;11547.6836
138.5061;356.1302;0.0000;671.8589;11554.6816
139.3593;357.1302;0.0000;674.0056;11561.6836
140.2125;357.2770;0.0000;667.4733;11568.6836
141.9189;357.4238;0.0000;672.7122;11576.5361
142.7722;358.4238;0.0000;672.2992;11583.5352
143.6254;358.5706;0.0000;670.5928;11590.5371
145.3319;358.7173;0.0000;674.0056;11597.5371
146.1851;359.7173;0.0000;670.8864;11604.5352
147.0383;359.8641;0.0000;669.1799;11611.5361
148.7448;359.8641;0.0000;672.5928;11618.5361
149.5981;360.0109;0.0000;667.6202;11625.5361
151.4512;361.0109;0.0000;668.3267;11632.5361
152.3045;361.3045;0.0000;662.5009;11639.5361
154.0109;362.3045;0.0000;665.5008;11646.5361
155.7173;362.4512;0.0000;668.8864;11653.5371
157.4238;363.4512;0.0000;668.9136;11660.5371
158.2770;363.5980;0.0000;662.6476;11667.5352
160.1302;363.7448;0.0000;667.7670;11674.5361
161.8367;364.7448;0.0000;665.7945;11681.5352
163.5431;364.8915;0.0000;665.0605;11688.5361
165.2495;365.0384;10.2387;669.6202;11695.5361
167.1028;365.1851;0.0000;663.2348;11702.5371
168.8092;365.3318;0.0000;664.5009;11709.5361
169.6624;365.4787;0.0000;668.3542;11716.5352
171.5156;365.7722;0.0000;663.5283;11723.6826
173.2222;365.9189;0.0000;665.6477;11730.6836
175.0753;366.0658;0.0000;664.3817;11737.6826
176.7818;366.2125;0.0000;663.6750;11744.6846
178.4882;366.3593;0.0000;665.7945;11751.6826
180.3415;366.5061;0.0000;664.8218;11758.6816
182.0479;366.6529;10.2387;663.3817;11766.5371
183.7543;366.7997;1.7614;667.0880;11773.5352
185.6076;366.9464;0.0000;663.5558;11780.5361
187.3140;367.0932;0.0000;664.1155;11787.5361
189.0204;367.2400;0.0000;664.2623;11794.5371
190.8737;366.5336;0.0000;661.7025;11801.5361
192.5801;366.6803;0.0000;663.2622;11808.5361
194.2865;365.9739;10.2387;664.9686;11815.5361
196.1399;366.1206;0.0000;658.7025;11822.5352
197.8463;365.5609;0.0000;664.1155;11829.5371
199.5527;365.7077;10.2387;662.4089;11836.5361
201.4060;365.8545;0.0000;659.8493;11843.5361
203.1124;365.1480;0.0000;663.9686;11850.5352
204.9656;365.2949;0.0000;661.8493;11857.5371
206.6721;365.4416;0.0000;661.4089;11864.5361
208.5253;364.7352;0.0000;665.4089;11871.5371
210.2317;364.8819;0.0000;661.4365;11878.5361
211.9382;365.0288;0.0000;663.7025;11885.5352
212.9382;364.3222;0.0000;664.7025;11892.5371
214.6446;364.6158;0.0000;660.1428;11899.5361
216.3510;363.9094;0.0000;664.2623;11906.5361
217.3510;364.0561;10.2387;664.7025;11913.6816
219.0575;363.3497;0.0000;662.7025;11920.6836
220.9107;363.4965;0.0000;664.9686;11927.6816
221.7639;362.7901;0.0000;659.5831;11934.6826
223.6171;362.9369;0.0000;660.2897;11941.6826
225.3236;362.3772;0.0000;664.4090;11949.5361
226.3236;362.5240;0.0000;661.2897;11956.5361
228.1768;361.8175;0.0000;661.5558;11963.5371
229.8833;362.1110;0.0000;665.4089;11970.5371
230.8833;362.2578;0.0000;661.2897;11977.5352
231.8833;361.5514;0.0000;662.8494;11984.5361
233.5897;361.8449;0.0000;663.8492;11991.5352
234.5897;361.9917;0.0000;660.2897;11998.5361
235.4430;361.4321;0.0000;664.2623;12005.5361
236.4430;361.5788;0.0000;661.9961;12012.5361
237.4430;361.7256;0.0000;659.7025;12019.5361
238.2962;362.0192;0.0000;665.4089;12026.5352
240.1494;361.3127;0.0000;659.5831;12033.5371
241.1494;361.4594;0.0000;661.8493;12040.5352
242.1494;361.7531;0.0000;664.2623;12047.5361
243.1494;361.8999;0.0000;659.4365;12054.5352
244.1494;361.1935;0.0000;663.9686;12061.5361
245.0026;361.4869;10.2387;663.7025;12068.5371
246.0026;361.6337;1.7614;660.2897;12075.5371
247.0026;361.7805;0.0000;662.4089;12082.5361
248.0026;361.2208;0.0000;661.5558;12089.5352
249.8558;361.3676;0.0000;659.8493;12096.6826
250.8558;361.5143;0.0000;663.9686;12103.6826
251.7091;361.6612;0.0000;659.2897;12110.6836
252.7091;361.9547;0.0000;663.2622;12117.6846
253.7091;362.1015;0.0000;664.2623;12124.6826
255.5623;362.2482;0.0000;659.4365;12132.5361
256.5623;362.5418;0.0000;662.7025;12139.5371
257.5623;361.8354;0.0000;663.8492;12146.5361
258.5623;361.9821;0.0000;659.2897;12153.5361
259.5623;362.1290;0.0000;664.1155;12160.5361
260.5623;361.4225;0.0000;661.9961;12167.5371
261.5623;361.7160;0.0000;659.1429;12174.5371
262.5623;361.8628;10.2387;663.7025;12181.5361
262.7091;362.0096;0.0000;659.2897;12188.5361
263.7091;361.3031;0.0000;660.7025;12195.5352
264.7091;361.4500;0.0000;663.2622;12202.5371
265.7091;360.7434;0.0000;659.5831;12209.5361
266.7091;360.8903;0.0000;658.8494;12216.5371
267.5623;361.0370;0.0000;662.8494;12223.5361
268.5623;360.3306;0.0000;657.4365;12230.5361
269.5623;360.4774;0.0000;661.5558;12237.5371
270.5623;359.7709;0.0000;661.8493;12244.5361
271.4155;359.7709;0.0000;658.9962;12251.5371
272.4155;359.0645;0.0000;663.2622;12258.5352
273.4155;359.2113;0.0000;658.4365;12265.5361
274.2687;359.3581;0.0000;658.5558;12272.5361
275.2687;358.5048;0.0000;664.9686;12279.6836
276.1219;358.6515;0.0000;659.2897;12286.6826
277.9752;357.9452;0.0000;662.4089;12293.6846
278.9752;358.0919;0.0000;663.5558;12300.6816
279.8283;357.3854;0.0000;659.2897;12307.6826
280.8283;357.5323;0.0000;663.1154;12314.6836
281.8283;356.8257;0.0000;663.2622;12322.5361
282.8283;356.9725;0.0000;659.8493;12329.5361
283.8283;356.1194;0.0000;661.4089;12336.5361
284.8283;356.4129;0.0000;658.2897;12343.5371
286.6816;355.5597;0.0000;661.1155;12350.5361
287.6816;354.8532;0.0000;663.2622;12357.5361
288.6816;354.8532;0.0000;658.9962;12364.5352
290.5348;354.1468;0.0000;661.4089;12371.5371
291.6816;353.4403;0.0000;662.4089;12378.5371
292.6816;352.7339;0.0000;658.9962;12385.5371
294.5348;352.0275;0.0000;662.2622;12392.5361
295.5348;352.0275;0.0000;661.5558;12399.5352
297.3880;351.3210;0.0000;658.5558;12406.5371
298.5348;350.6145;0.0000;663.2622;12413.5361
300.3880;349.7614;0.0000;660.9961;12420.5371
302.3881;349.0548;0.0000;659.8493;12427.5361
303.5348;348.3484;0.0000;663.8220;12434.5361
304.5348;347.4952;0.0000;659.2897;12441.5371
306.5348;345.9355;0.0000;659.5558;12448.5361
308.5348;345.0823;0.0000;664.1155;12455.5371
309.5348;344.3758;0.0000;657.4365;12462.6846
311.5348;343.6694;0.0000;662.1155;12469.6836
312.5348;342.9630;0.0000;662.5558;12476.6826
314.5348;342.2566;0.0000;658.9962;12483.6836
315.5348;340.5502;0.0000;661.5558;12490.6826
316.6816;339.8437;0.0000;660.9961;12497.6826
318.5348;339.1371;0.0000;658.9962;12505.5352
319.6816;337.5776;0.0000;664.1155;12512.5371
320.6816;336.8711;0.0000;658.5831;12519.5361
322.6816;335.1646;0.0000;660.7025;12526.5361
323.6816;334.4582;0.0000;663.1154;12533.5361
324.8283;333.7517;0.0000;657.5831;12540.5352
325.9752;332.0453;0.0000;661.5558;12547.5371
327.9752;331.3388;0.0000;661.9961;12554.5361
328.9752;329.6324;0.0000;657.5831;12561.5361
330.1219;328.9260;0.0000;661.5558;12568.5352
331.2687;327.2195;0.0000;662.2897;12575.5361
332.4155;325.6599;10.2387;659.9961;12582.5371
334.4155;324.9535;0.0000;661.8493;12589.5371
335.4155;323.2469;0.0000;658.8766;12596.5361
336.5623;322.5406;0.0000;659.4365;12603.5352
338.5623;320.8341;0.0000;663.7025;12610.5361
339.7091;319.2744;0.0000;657.4365;12617.5361
340.8558;318.4212;0.0000;660.9961;12624.5371
342.0026;316.8615;0.0000;663.7025;12631.5361
343.1494;315.1551;0.0000;656.8766;12638.5361
344.2962;313.5954;0.0000;661.8493;12645.5361
345.2962;311.8890;0.0000;659.7300;12652.6826
345.5897;311.0357;0.0000;659.4365;12659.6826
346.7365;309.3293;0.0000;661.9961;12666.6846
348.5897;307.7696;0.0000;659.0235;12673.6826
349.7366;306.9163;0.0000;659.5831;12680.6836
350.7365;305.3568;0.0000;663.7025;12688.5371
351.8833;304.5034;0.0000;660.7300;12695.5352
352.8833;302.9438;0.0000;660.2897;12702.5361
354.0301;301.2373;0.0000;662.2897;12709.5352
355.1769;300.3842;0.0000;658.1702;12716.5361
356.1769;298.6777;0.0000;660.5831;12723.5361
357.3235;296.9712;0.0000;662.5831;12730.5371
358.4705;295.4116;0.0000;659.3172;12737.5361
358.6172;294.5584;0.0000;663.2897;12744.5361
359.7639;292.8520;0.0000;660.0236;12751.5371
360.9107;291.2923;0.0000;659.8766;12758.5352
361.9107;289.5858;0.0000;664.1428;12765.5371
363.0575;288.7326;0.0000;660.1703;12772.5352
364.0575;287.0262;0.0000;660.2897;12779.5361
365.2042;286.3197;10.2387;664.4365;12786.5361
366.2043;284.6132;0.0000;659.4638;12793.5371
366.3510;282.9068;0.0000;662.2897;12800.5361
367.4979;282.0536;0.0000;662.7300;12807.5352
368.4978;280.4939;0.0000;659.3172;12814.5361
368.7913;278.7875;0.0000;660.4365;12821.5352
369.7914;277.9342;0.0000;661.7300;12828.5371
370.7913;276.2278;0.0000;661.0236;12835.6836
371.0849;274.5214;0.0000;665.4365;12842.6826
372.0849;272.8149;0.0000;660.6106;12849.6816
372.3785;271.9616;0.0000;662.8766;12856.6836
373.3785;270.2552;0.0000;665.5831;12863.6826
373.6721;268.5487;0.0000;660.6106;12870.6836
374.6720;267.6955;0.0000;665.2897;12878.5352
374.8188;265.9891;0.0000;665.8768;12885.5371
375.9656;264.2826;0.0000;663.1702;12892.5361
376.1124;263.4294;0.0000;667.1428;12899.5371
376.4059;261.7230;0.0000;667.5831;12906.5361
376.5527;260.0166;0.0000;667.9961;12913.5352
376.8463;258.3101;0.0000;670.7025;12920.5371
376.2865;256.6037;0.0000;667.4365;12927.5361
376.4334;254.8972;10.2387;668.1428;12934.5361
375.8737;253.1908;0.0000;674.4090;12941.5361
376.1672;251.4844;10.2387;666.8766;12948.5361
376.3140;250.6312;0.0000;670.8492;12955.5361
375.7544;248.9247;10.2387;674.7025;12962.5361
376.0479;248.0714;10.2387;666.7300;12969.5371
376.3415;246.2182;10.2387;670.9961;12976.5352
375.6351;245.3650;0.0000;671.1428;12983.5361
375.9286;244.5117;10.2387;667.7300;12990.5361
376.2220;242.8053;0.0000;674.4090;12997.5361
376.3690;241.8053;0.0000;667.8766;13004.5371
376.6625;240.9521;0.0000;668.7300;13011.5361
376.1028;239.0989;0.0000;663.7575;13018.6816
376.3964;238.2456;0.0000;675.1429;13025.6826
376.6899;237.3925;0.0000;677.2622;13032.6826
376.9834;236.3924;0.0000;681.8219;13039.6836
376.2770;235.5392;0.0000;675.9961;13046.6826
376.5706;233.6860;0.0000;679.9686;13053.6836
376.8641;233.6860;0.0000;680.5558;13061.5371
377.1576;232.6860;0.0000;677.1428;13068.5352
377.3045;231.8328;0.0000;681.9686;13075.5361
377.7448;230.8328;0.0000;679.8494;13082.5352
378.0384;230.6860;0.0000;679.9962;13089.5361
378.1851;229.8328;0.0000;683.1155;13096.5371
378.4786;228.8328;0.0000;679.9962;13103.5371
378.7722;228.6860;0.0000;680.5558;13110.5361
378.9189;227.8328;0.0000;684.4089;13117.5352
379.2125;227.6860;0.0000;680.2897;13124.5361
379.5061;227.5392;0.0000;682.4089;13131.5352
379.6528;227.3924;0.0000;679.4365;13138.5371
379.9464;227.2456;0.0000;664.7849;13145.5352
380.0933;227.0989;1.7614;635.6285;13152.5361
379.5336;226.9521;0.0000;591.8480;13159.5361
379.8272;226.8053;1.7614;501.9660;13166.5371
379.9739;225.8053;0.0000;143.4656;13173.5361
41.5378;54.1607;0.0000;141.6398;1892.3961
41.6846;54.0140;0.0000;141.3463;1893.4237
41.9782;53.8671;0.0000;141.6398;1894.4510
42.2717;53.5736;0.0000;141.6398;1895.4785
42.4185;53.4268;0.0000;141.3463;1896.6528
42.7121;53.2801;0.0000;141.6398;1897.6802
43.0057;53.1332;0.0000;141.7867;1898.7076
43.1525;52.9865;0.0000;141.6398;1899.7351
43.4460;52.8397;0.0000;141.9334;1900.7626
43.5928;52.6929;0.0000;141.6398;1901.7900
43.8864;52.5462;0.0000;142.0802;1902.8174
44.1799;52.3994;0.0000;142.3737;1903.8447
44.4735;52.1059;0.0000;141.7867;1904.8722
44.7670;51.9591;0.0000;142.0802;1905.8997
44.9138;51.8124;0.0000;142.5206;1906.9270
45.2073;51.5188;0.0000;141.7867;1907.9546
45.5008;51.3720;0.0000;142.5206;1908.9821
45.6476;51.2252;0.0000;142.5206;1910.0095
45.9412;51.0784;0.0000;142.0802;1911.0369
46.0880;50.7849;0.0000;142.5206;1912.0645
46.3815;50.7849;0.0000;142.0802;1913.0918
46.5283;50.4913;0.0000;141.9334;1914.1191
46.8219;50.4913;0.0000;142.8140;1915.1466
46.9686;50.3445;0.0000;142.2270;1916.1741
47.2622;50.1977;0.0000;142.5206;1917.2015
47.4090;50.0510;0.0000;142.5206;1918.2290
47.7025;49.7574;0.0000;142.2270;1919.2563
47.9961;49.6106;0.0000;142.5206;1920.2839
48.2897;49.4638;0.0000;142.5206;1921.3114
48.4364;49.1702;0.0000;142.5206;1922.3386
48.7300;48.8767;0.0000;142.9608;1923.5129
49.0235;48.7300;0.0000;142.6673;1924.5404
49.1702;48.4364;0.0000;142.8140;1925.5677
49.3171;48.2897;0.0000;143.4011;1926.5952
49.6106;48.1429;0.0000;142.5206;1927.6227
49.7574;47.9961;0.0000;142.9608;1928.6501
49.9042;47.7025;0.0000;142.8140;1929.6775
50.1977;47.5558;1.7614;142.8140;1930.7051
50.3445;47.4090;0.0000;143.1075;1931.7325
50.4913;47.2622;1.7614;143.1075;1932.7600
50.6381;46.9686;0.0000;142.8140;1933.7875
50.9316;46.8219;0.0000;143.1075;1934.8147
51.0784;46.5283;0.0000;142.9608;1935.8423
51.2252;46.3815;0.0000;142.9608;1936.8696
51.3720;46.2347;0.0000;143.4011;1937.8971
51.6655;45.9412;0.0000;142.6673;1938.9246
51.8124;45.7944;0.0000;143.1075;1939.9520
51.9591;45.5008;0.0000;143.4011;1940.9795
52.1059;45.2073;0.0000;142.8140;1942.0067
52.2527;44.9138;0.0000;143.4011;1943.0344
52.5462;44.6203;0.0000;143.2544;1944.0618
52.6929;44.3267;0.0000;142.8140;1945.0891
52.9865;44.0331;0.0000;143.4011;1946.1167
53.1332;43.7396;0.0000;143.2544;1947.1440
53.4268;43.4460;0.0000;143.1075;1948.1714
53.5736;43.2992;0.0000;143.5479;1949.1990
53.7204;43.0057;0.0000;143.2544;1950.3732
53.8671;42.8589;0.0000;143.4011;1951.4004
54.0140;42.7121;0.0000;143.5479;1952.4281
54.3075;42.4185;0.0000;143.1075;1953.4554
54.3075;42.2717;0.0000;143.4011;1954.4829
54.4543;42.1250;0.0000;143.5479;1955.5104
54.6010;41.8314;0.0000;143.4011;1956.5378
54.7479;41.6846;0.0000;143.8414;1957.5652
54.8946;41.3912;0.0000;143.6947;1958.5928
55.0414;41.0976;0.0000;143.5479;1959.6201
55.1882;40.9508;1.7614;143.8414;1960.6475
55.1882;40.6573;0.0000;143.8414;1961.6749
55.3349;40.3637;1.7614;143.8414;1962.7024
55.4818;40.2169;0.0000;144.1350;1963.7297
55.6285;39.9234;0.0000;143.8414;1964.7573
55.6285;39.6298;0.0000;144.1350;1965.7848
55.9221;39.4830;0.0000;144.1350;1966.8123
55.9221;39.1895;0.0000;142.8140;1967.8397
56.0688;38.8959;0.0000;144.2818;1968.8671
56.2156;38.6023;0.0000;144.4286;1969.8944
56.3623;38.4556;0.0000;144.2818;1970.9220
56.3623;38.1620;0.0000;144.5753;1971.9493
56.5092;37.8685;0.0000;144.2818;1972.9768
56.6559;37.5750;0.0000;144.4286;1974.0040
56.8027;37.4282;0.0000;144.7222;1975.0317
56.8027;37.1346;0.0000;144.2818;1976.0590
56.9495;36.9878;0.0000;144.1350;1977.0865
57.0962;36.8411;0.0000;144.5753;1978.2609
57.2431;36.5475;0.0000;144.2818;1979.2882
57.2431;36.4007;0.0000;144.1350;1980.3156
57.3898;36.2539;0.0000;144.4286;1981.3431
57.5366;35.9604;0.0000;144.2818;1982.3705
57.5366;35.8136;0.0000;144.4286;1983.3979
57.6834;35.5200;0.0000;144.2818;1984.4254
57.8301;35.3732;0.0000;144.7222;1985.4529
57.8301;35.0797;0.0000;145.0157;1986.4801
57.8301;34.7861;0.0000;144.2818;1987.5078
57.8301;34.6393;0.0000;144.4286;1988.5352
57.9770;34.3458;0.0000;144.7222;1989.5626
57.9770;34.1991;0.0000;144.2818;1990.5901
57.9770;33.9055;0.0000;144.2818;1991.6176
58.1237;33.6120;1.7614;144.5753;1992.6449
58.1237;33.4652;0.0000;144.4286;1993.6725
58.2705;33.1716;1.7614;144.2818;1994.6997
58.2705;33.0248;0.0000;143.9883;1995.7272
58.2705;32.8781;0.0000;143.9883;1996.7546
58.4173;32.7313;0.0000;143.8414;1997.7821
58.4173;32.7313;1.7614;143.9883;1998.8094
58.4173;32.5845;0.0000;144.2818;1999.8370
58.4173;32.4377;1.7614;144.2818;2000.8645
58.4173;32.4377;0.0000;143.8414;2001.8918
58.4173;32.2909;0.0000;143.9883;2002.9194
58.4173;32.1442;0.0000;143.4011;2003.9468
58.4173;31.8506;0.0000;142.3737;2005.1208
58.4173;31.7038;0.0000;144.1350;2006.1484
58.5640;31.5570;0.0000;141.9334;2007.1758
58.5640;31.2635;0.0000;142.9608;2008.2031
58.5640;31.1167;0.0000;142.9608;2009.2307
58.5640;30.9699;0.0000;142.3737;2010.2581
58.7109;30.8231;0.0000;142.5206;2011.2856
58.7109;30.6764;0.0000;142.8140;2012.3132
58.7109;30.5297;0.0000;142.2270;2013.3406
58.7109;30.3829;0.0000;142.5206;2014.3679
58.7109;30.2361;0.0000;142.5206;2015.3954
58.7109;30.0893;0.0000;141.7867;2016.4229
58.7109;29.9425;0.0000;142.0802;2017.4502
58.8576;29.7958;0.0000;141.7867;2018.4778
58.8576;29.6490;0.0000;141.4931;2019.5051
58.8576;29.5022;0.0000;141.3463;2020.5325
58.8576;29.5022;0.0000;141.3463;2021.5601
58.8576;29.5022;0.0000;141.6398;2022.5874
58.8576;29.5022;0.0000;141.9334;2023.6149
58.8576;29.5022;0.0000;141.3463;2024.6423
58.8576;29.3554;0.0000;141.4931;2025.6698
58.8576;29.3554;0.0000;141.1995;2026.6973
58.8576;29.3554;0.0000;140.4656;2027.7247
58.8576;29.3554;0.0000;139.4381;2028.7522
58.7109;29.3554;0.0000;137.6768;2029.7794
58.7109;29.3554;0.0000;135.3285;2030.8069
58.7109;29.3554;0.0000;133.5671;2031.9812
58.7109;29.3554;0.0000;129.4573;2033.0085
58.7109;29.3554;0.0000;123.1459;2034.0363
58.7109;29.3554;0.0000;113.8989;2035.0635
58.7109;29.3554;1.7614;94.6712;2036.0909
58.5640;29.3554;3.5227;58.1237;2037.1184
58.5640;29.3554;5.2840;27.7408;2038.1459
90.1211;-2.3484;0.0000;58.4173;2179.4922
90.1211;-2.4952;0.0000;58.8576;2180.5195
90.1211;-2.4952;0.0000;59.0044;2181.5469
90.1211;-2.4952;0.0000;62.2335;2182.5745
90.1211;-2.4952;0.0000;66.4900;2183.6018
90.1211;-2.4952;0.0000;68.2513;2184.6292
90.1211;-2.4952;0.0000;67.8110;2185.6567
90.1211;-2.4952;0.0000;65.3158;2186.6841
90.1211;-2.3484;0.0000;58.1237;2187.7114
90.1211;-2.3484;0.0000;22.0166;2188.7390
