200.0177;202.9823;0.0000;2.9288;0.0000
200.0177;202.9823;0.0000;18.4770;7.0000
200.0177;202.9823;0.0000;30.3708;14.0000
200.0177;202.9823;0.0000;42.5831;21.0000
200.0177;202.9823;0.0000;64.2202;28.0000
200.0177;202.9823;0.0000;79.8395;35.0000
200.0177;202.9823;0.0000;90.1757;42.0000
200.0177;202.9823;0.0000;102.3704;49.0000
200.0177;202.9823;0.0000;105.7597;56.0000
200.0354;202.9823;0.0000;111.0959;63.0000
200.0354;202.9823;0.0000;121.2729;70.9823
200.0354;202.9823;0.0000;123.5737;77.9823
200.0531;202.9823;0.0000;132.7329;84.9823
200.0531;202.9823;0.0000;136.8745;91.9823
200.0708;202.9646;0.0000;136.1576;98.9823
200.0708;202.9646;0.0000;141.2815;105.9823
200.0885;202.9646;0.0000;144.3877;112.9823
200.0885;202.9469;0.0000;144.6177;119.9823
200.0885;202.9469;0.0000;150.6177;126.9823
200.1062;202.9469;0.0000;147.8301;133.9823
200.1062;202.9469;0.0000;149.9716;141.0000
200.1239;202.9292;0.0000;152.0070;148.0000
200.1239;202.9292;0.0000;148.2370;155.0000
200.1415;202.9115;0.0000;151.2724;162.0000
200.1415;202.9115;0.0000;153.2724;169.0000
200.1415;202.9115;0.0000;149.4317;176.0000
200.1593;202.8938;0.0000;154.3786;183.0000
200.1593;202.8761;0.0000;154.3963;190.0000
200.1593;202.8761;0.0000;152.5202;197.0000
200.1593;202.8584;0.0000;154.4848;204.0000
200.1593;202.8584;0.0000;152.5733;211.0000
200.1593;202.8407;0.0000;151.6971;218.0000
200.1593;202.8407;0.0000;157.5909;225.0000
200.1593;202.8407;0.0000;151.7856;232.0000
200.1593;202.8230;0.0000;154.8033;239.0000
200.1593;202.8230;0.0000;154.7679;246.0000
200.1593;202.8230;0.0000;151.9095;253.0000
200.1593;202.8054;0.0000;154.8918;260.9823
200.1593;202.8054;0.0000;153.8741;267.9823
200.1593;202.7876;0.0000;151.9449;274.9823
200.1593;202.7876;0.0000;154.9095;281.9823
200.1593;202.7876;0.0000;152.0157;288.9823
200.1593;202.7700;0.0000;153.0864;295.9823
200.1593;202.7700;0.0000;157.9803;302.9823
200.1415;202.7700;0.0000;153.1395;309.9823
200.1415;202.7522;0.0000;154.1749;316.9823
200.1415;202.7522;0.0000;156.1218;324.0000
200.1415;202.7522;0.0000;153.2634;331.0000
200.1415;202.7522;0.0000;155.2280;338.0000
200.1415;202.7346;0.0000;158.1572;345.0000
200.1415;202.7346;0.0000;155.2811;352.0000
200.1239;202.7346;0.0000;159.2103;359.0000
200.1239;202.7169;0.0000;156.2811;366.0000
200.1239;202.7169;0.0000;155.3342;373.0000
200.1239;202.7169;0.0000;159.2634;380.0000
200.1062;202.7169;0.0000;155.3873;387.0000
200.1062;202.6992;0.0000;155.4403;394.0000
200.1062;202.6992;0.0000;159.3165;401.0000
200.0885;202.6992;0.0000;153.5465;408.0000
200.0885;202.6992;0.0000;159.3695;415.0000
200.0885;202.6992;0.0000;159.4227;422.0000
200.0885;202.6815;0.0000;155.5111;429.0000
200.0708;202.6815;0.0000;159.4403;436.0000
200.0708;202.6815;0.0000;156.4934;443.9823
200.0708;202.6815;0.0000;154.5642;450.9823
200.0708;202.6815;0.0000;156.5288;457.9823
200.0708;202.6815;0.0000;152.6350;464.9823
200.0531;202.6638;0.0000;153.6527;471.9823
200.0531;202.6638;0.0000;155.5642;478.9823
200.0354;202.6638;0.0000;151.7235;485.9823
200.0354;202.6638;0.0000;155.6350;492.9823
200.0177;202.6638;0.0000;156.5996;499.9823
200.0177;202.6638;0.0000;152.7235;506.9823
200.0177;202.6638;0.0000;155.7058;514.0000
200.0000;202.6638;0.0000;155.7058;521.0000
200.0000;202.6461;0.0000;152.8297;528.0000
199.9823;202.6461;0.0000;156.7412;535.0000
199.9823;201.6638;0.0000;153.8473;542.0000
199.9823;201.6638;0.0000;154.8828;549.0000
199.9646;201.6638;0.0000;158.7766;556.0000
199.9646;201.6638;0.0000;152.9358;563.0000
199.9646;201.6461;0.0000;155.9004;570.0000
199.9469;201.6461;0.0000;158.8120;577.0000
199.9469;201.6461;0.0000;152.9712;584.0000
199.9292;201.6461;0.0000;154.9535;591.0000
199.9292;201.6461;0.0000;155.9181;598.0000
199.9115;201.6461;0.0000;154.0066;605.0000
199.9115;201.6461;0.0000;156.9181;612.0000
199.8938;201.6461;0.0000;154.0066;619.0000
199.8938;201.6461;0.0000;156.0597;626.9823
199.8938;202.6284;0.0000;161.9004;633.9823
199.8761;202.6284;0.0000;161.9004;640.9822
199.8761;202.6284;0.0000;167.8650;647.9823
199.8761;202.6284;0.0000;171.7412;654.9823
199.8584;202.6284;0.0000;167.8650;661.9823
199.8584;202.6284;0.0000;171.7412;668.9823
199.8584;202.6284;0.0000;172.7589;675.9823
199.8407;202.6284;0.0000;172.8120;682.9823
199.8407;202.6284;0.0000;178.6173;689.9822
199.8230;202.6284;0.0000;176.6881;697.0000
199.8230;202.6284;0.0000;177.7412;704.0000
199.8230;202.6284;0.0000;182.5996;711.0000
199.8054;202.6284;0.0000;179.6881;718.0000
199.8054;202.6284;0.0000;180.6704;724.9999
199.7876;202.6461;0.0000;184.5642;731.9999
199.7876;202.6461;0.0000;181.6704;739.0000
199.7876;202.6461;0.0000;185.6173;746.0000
199.7700;202.6461;0.0000;185.5819;753.0000
199.7700;202.6461;0.0000;181.6704;760.0000
199.7522;201.6638;0.0000;187.5819;767.0000
200.7346;201.6638;0.0000;186.6173;774.0000
200.7346;201.6638;0.0000;184.7058;781.0000
200.7169;201.6638;0.0000;187.5996;788.0000
200.7169;201.6638;0.0000;184.6704;795.0000
200.7169;201.6638;0.0000;185.7412;802.0000
199.7346;201.6638;0.0000;181.7412;809.0000
199.7346;201.6638;0.0000;166.1128;816.9823
199.7169;201.6638;0.0000;157.2897;823.9823
199.7169;201.6638;0.0000;138.5906;830.9823
199.6992;201.6638;0.0000;111.1214;837.9823
199.6992;201.6815;0.0000;63.9708;844.9823
198.7169;200.6992;0.0000;22.6786;1182.0366
198.7169;200.6992;0.0000;24.7848;1189.0366
198.7169;200.6992;0.0000;34.4663;1196.0366
198.6992;200.6992;0.0000;41.3601;1203.0366
198.6992;200.7169;0.0000;41.4309;1210.0542
198.6815;200.7169;0.0000;41.3778;1217.0543
198.6815;200.7346;0.0000;59.1124;1224.0543
198.6815;200.7346;0.0000;78.7585;1231.0543
198.6638;200.7346;0.0000;97.3515;1238.0543
198.6638;200.7522;0.0000;117.0860;1245.0543
199.6284;200.7522;0.0000;122.9621;1253.0366
199.6284;200.7522;0.0000;128.8560;1260.0366
199.6284;200.7522;0.0000;130.8737;1267.0366
199.6284;200.7700;0.0000;130.8206;1274.0366
199.6107;200.7700;0.0000;136.7321;1281.0366
199.6107;200.7700;0.0000;137.7498;1288.0366
199.5930;200.7700;0.0000;139.6613;1295.0366
199.5930;200.7876;0.0000;147.5728;1302.0366
199.5930;200.7876;0.0000;146.5906;1309.0366
199.5930;200.7876;0.0000;152.4490;1316.0366
199.5753;200.7876;0.0000;157.3959;1323.0366
199.5753;200.8054;0.0000;155.4313;1330.0366
199.5576;200.8054;0.0000;163.2543;1337.0366
199.5576;200.8054;0.0000;166.2366;1344.0366
199.5576;200.8230;0.0000;165.2013;1351.0366
199.5576;200.8230;0.0000;169.1659;1358.0366
199.5399;200.8230;0.0000;170.1482;1365.0366
199.5399;200.8407;0.0000;168.1659;1372.0366
199.5399;201.8230;0.0000;173.0951;1379.0366
199.5222;201.8230;0.0000;169.2189;1386.0366
199.5222;201.8407;0.0000;170.1305;1393.0366
199.5222;201.8407;0.0000;173.1482;1400.0543
199.5222;201.8407;0.0000;169.2189;1407.0543
200.4868;201.8584;0.0000;173.1128;1414.0542
200.4868;201.8584;0.0000;176.0951;1421.0542
200.4868;201.8584;0.0000;170.2013;1428.0542
200.4691;201.8761;0.0000;176.0951;1436.0366
200.4691;201.8761;0.0000;176.1305;1443.0366
200.4691;201.8761;0.0000;176.0951;1450.0366
200.4514;201.8938;0.0000;182.0243;1457.0366
200.4514;201.8938;0.0000;179.0774;1464.0366
200.4514;201.9115;0.0000;181.9535;1471.0366
200.4337;201.9115;0.0000;188.9004;1478.0366
200.4337;201.9115;0.0000;184.9535;1485.0366
200.4337;201.9292;0.0000;186.9004;1492.0366
201.4160;201.9292;0.0000;188.8828;1499.0365
201.3983;201.9469;0.0000;182.9712;1506.0366
201.3983;201.9646;0.0000;187.8827;1513.0365
201.3983;201.9646;0.0000;188.9181;1520.0366
202.3629;201.9823;0.0000;188.8650;1527.0365
202.3629;202.0000;0.0000;193.7943;1534.0366
202.3629;201.0177;0.0000;197.7412;1541.0366
202.3629;201.0354;0.0000;201.6350;1548.0366
202.3453;200.0531;0.0000;205.5996;1555.0366
202.3453;200.0708;0.0000;204.5996;1562.0366
203.3276;199.1062;0.0000;208.4757;1569.0366
203.3276;199.1062;0.0000;211.4757;1576.0366
203.3276;198.1416;0.0000;208.5111;1583.0542
203.3276;198.1416;0.0000;214.4227;1590.0543
203.3099;198.1593;0.2123;215.4227;1597.0542
203.3099;197.1769;0.0000;212.4403;1604.0542
203.3099;197.1947;0.0000;217.3696;1611.0542
204.2922;197.1947;0.0000;214.4934;1619.0366
204.2922;196.2123;0.0000;214.4050;1626.0366
204.2922;196.2300;0.0000;217.3873;1633.0366
204.2922;195.2654;0.2123;215.4050;1640.0365
204.2922;194.2831;0.0000;215.3519;1647.0366
205.2568;194.3008;0.0000;217.4227;1654.0365
205.2568;193.3362;0.0000;214.4403;1661.0366
205.2568;193.3539;0.2123;217.3696;1668.0365
205.2568;192.3716;0.0000;217.4049;1675.0366
205.2568;192.3893;0.0000;215.4227;1682.0366
205.2568;192.3893;0.0000;218.3519;1689.0366
205.2568;191.4247;0.0000;217.4227;1696.0366
205.2568;191.4247;0.0000;216.3873;1703.0366
205.2568;191.4424;0.2123;220.3519;1710.0366
205.2568;191.4424;0.0000;217.4403;1717.0366
204.2745;190.4778;0.0000;218.3695;1724.0366
204.2745;190.4778;0.0000;223.3165;1731.0366
203.3099;189.5132;0.0000;217.4403;1738.0366
202.3276;189.5132;0.2123;223.3342;1745.0365
201.3453;188.5486;0.0000;225.3519;1752.0366
200.3629;188.5663;0.2123;225.4050;1759.0365
199.3807;187.5839;0.0000;233.1041;1766.0543
198.3983;186.6193;0.0000;245.0510;1773.0542
197.4161;185.6547;0.0000;258.7148;1780.0543
196.4337;185.6547;0.0000;274.4671;1787.0542
196.4337;184.6901;0.0000;279.4140;1794.0543
195.4515;184.6901;0.0000;285.2548;1801.0542
195.4515;184.7078;0.0000;290.2371;1809.0366
194.4691;184.7078;0.0000;284.3432;1816.0366
194.4868;184.7255;0.0000;288.2724;1823.0366
194.4868;184.7255;0.0000;290.2902;1830.0366
194.4868;184.7432;0.0000;285.3432;1837.0365
194.4868;184.7609;0.0000;290.2902;1844.0366
194.4868;184.7609;0.0000;288.3786;1851.0366
193.5222;184.7609;0.0000;288.3078;1858.0366
193.5222;184.7786;0.0000;292.2902;1865.0366
193.5222;184.7786;0.0000;288.3786;1872.0366
192.5399;184.7786;0.0000;291.2902;1879.0366
191.5753;184.7963;0.0000;295.2902;1886.0365
191.5753;184.7963;0.0000;292.3078;1893.0366
190.5930;184.8140;0.0000;295.2724;1900.0365
189.6107;184.8140;0.2123;299.2548;1907.0366
188.6284;184.8317;0.0000;297.2194;1914.0366
188.6284;184.8494;0.0000;302.1840;1921.0366
187.6638;184.8494;0.0000;306.1486;1928.0366
186.6815;184.8494;0.0000;306.1132;1935.0366
185.6992;183.8848;0.0000;311.0778;1942.0366
184.7346;183.8848;0.2123;311.1132;1949.0543
182.7700;183.8848;0.0000;315.0070;1956.0542
181.7876;183.9025;0.0000;322.9185;1963.0543
180.8054;183.9025;0.0000;322.9362;1970.0542
179.8230;183.9202;0.0000;331.7416;1977.0542
179.8407;183.9202;0.0000;339.6708;1984.0543
178.8584;183.9379;0.0000;339.6177;1992.0366
177.8761;183.9379;0.0000;344.5292;1999.0366
177.8938;184.9378;0.0000;346.5646;2006.0366
176.9115;184.9378;0.0000;343.5823;2013.0365
175.9469;185.9202;0.0000;349.4938;2020.0366
175.9469;185.9379;0.0000;346.6177;2027.0365
174.9823;186.9202;0.0000;346.6177;2034.0366
174.0000;186.9379;0.0000;351.5646;2041.0365
173.0177;187.9202;0.0000;348.6531;2048.0366
172.0531;187.9379;0.0000;349.6000;2055.0366
171.0708;188.9202;0.0000;352.6177;2062.0366
171.0708;188.9378;0.0000;349.6708;2069.0366
170.1062;189.9202;0.0000;352.6177;2076.0366
169.1239;189.9202;0.0000;351.6885;2083.0366
169.1416;190.9202;0.0000;349.6531;2090.0366
169.1416;190.9202;0.0000;352.6531;2097.0366
168.1593;191.9202;0.0000;350.7239;2104.0366
168.1769;191.9202;0.0000;349.7062;2111.0366
168.1769;192.9202;0.0000;355.6531;2118.0366
167.1946;193.9025;0.0000;349.7593;2125.0366
167.2123;193.9202;0.0000;351.7062;2132.0366
167.2300;194.9025;0.0000;354.7062;2139.0542
167.2300;195.9025;0.0000;349.7769;2146.0542
166.2654;195.9025;0.0000;353.6885;2153.0542
166.2654;196.8848;0.0000;353.7416;2160.0542
166.2831;196.8848;0.0000;350.7593;2167.0542
166.2831;197.8848;0.0000;353.7592;2175.0366
166.2831;198.8671;0.0000;352.8124;2182.0366
166.2831;198.8671;0.0000;351.7770;2189.0366
166.3008;199.8671;0.0000;355.7593;2196.0366
166.3008;200.8494;0.0000;350.8831;2203.0366
166.3185;201.8494;0.0000;351.8124;2210.0366
165.3362;202.8317;0.0000;355.6531;2217.0366
165.3539;202.8317;0.0000;349.9185;2224.0366
165.3539;203.8140;0.0000;354.8124;2231.0366
165.3716;204.7963;0.0000;354.8831;2238.0366
165.3716;204.8140;0.0000;350.9008;2245.0366
165.3893;205.7963;0.0000;354.8300;2252.0366
165.3893;206.7786;0.0000;352.9539;2259.0366
165.4070;206.7786;0.0000;351.9362;2266.0366
164.4247;207.7609;0.0000;355.9008;2273.0366
164.4424;208.7432;0.0000;352.0247;2280.0366
164.4424;209.7255;0.0000;353.9185;2287.0366
163.4778;210.7255;0.0000;356.9185;2294.0366
163.4778;211.7078;0.0000;352.9893;2301.0366
163.4955;212.6901;0.0000;355.9185;2308.0366
163.4955;213.6724;0.0000;357.9362;2315.0366
163.5132;214.6547;0.0000;353.0070;2322.0542
163.5132;214.6547;0.0000;355.9539;2329.0542
163.5309;215.6370;0.0000;356.0070;2336.0542
163.5309;216.6193;0.0000;354.0070;2343.0542
163.5486;217.6017;0.0000;358.9185;2350.0542
163.5662;217.6017;0.0000;356.0424;2357.0542
163.5662;218.5839;11.7877;356.0424;2365.0366
163.5839;219.5662;0.0000;362.9185;2372.0366
163.6016;219.5662;0.0000;353.0955;2379.0366
163.6193;220.5486;0.0000;356.0424;2386.0366
164.6017;221.5309;0.0000;359.0247;2393.0366
164.6193;221.5309;0.0000;355.0955;2400.0366
164.6193;222.5309;0.0000;359.9716;2407.0366
165.6193;223.5132;0.0000;360.0424;2414.0366
165.6193;224.4955;0.0000;357.0601;2421.0366
166.6193;225.4778;0.0000;362.9716;2428.0366
167.6193;226.4601;0.0000;359.0778;2435.0366
167.6193;227.4424;0.0000;359.0424;2442.0366
168.6193;228.4247;0.0000;365.9539;2449.0366
169.6193;228.4247;0.0000;362.0247;2456.0366
169.6370;229.4070;0.0000;363.0070;2463.0366
170.6193;230.3893;0.0000;366.9716;2470.0366
170.6370;231.3716;0.0000;364.0070;2477.0366
171.6370;232.3539;0.0000;369.8831;2484.0366
172.6370;233.3362;0.0000;371.9185;2491.0366
172.6370;234.3185;0.0000;368.9362;2498.0366
173.6370;235.3008;0.0000;374.8300;2505.0542
174.6193;236.2831;0.0000;373.9008;2512.0542
174.6370;236.2831;0.0000;373.8301;2519.0542
175.6193;237.2654;0.0000;379.7946;2526.0542
176.6193;238.2477;0.0000;374.8831;2533.0542
176.6370;238.2477;0.0000;376.8123;2540.0542
177.6370;239.2300;0.0000;380.7947;2548.0366
177.6547;239.2123;0.0000;374.9008;2555.0366
178.6370;240.1947;0.0000;379.8124;2562.0366
178.6547;241.1769;0.0000;379.8124;2569.0366
179.6370;241.1769;0.0000;376.8654;2576.0366
179.6547;242.1593;0.0000;380.8124;2583.0366
180.6547;242.1593;0.0000;378.9008;2590.0366
180.6724;243.1239;0.0000;377.8654;2597.0366
181.6547;244.1062;0.0000;381.8477;2604.0366
182.6547;244.1062;0.0000;376.9362;2611.0366
182.6547;245.0885;0.0000;378.8301;2618.0366
183.6547;245.0885;0.0000;382.8655;2625.0366
183.6547;246.0708;0.0000;376.9185;2632.0366
184.6547;246.0531;0.0000;381.8477;2639.0366
184.6724;247.0354;0.0000;381.8831;2646.0366
185.6724;247.0354;0.0000;378.8831;2653.0366
185.6724;248.0177;0.0000;381.8300;2660.0366
186.6724;248.0000;0.0000;379.9539;2667.0366
187.6547;248.0000;0.0000;378.9185;2674.0366
187.6724;248.9823;0.0000;382.9008;2681.0366
188.6724;248.9823;0.0000;378.8477;2688.0366
188.6901;249.9469;0.0000;380.9539;2695.0542
189.6724;249.9469;0.0000;384.9185;2702.0542
189.6901;249.9469;0.0000;378.9893;2709.0542
190.6724;250.9115;0.0000;381.8831;2716.0542
190.6901;250.9115;0.0000;383.9539;2723.0542
191.6901;251.8938;0.0000;378.0424;2731.0366
192.6724;251.8761;0.0000;381.9893;2738.0366
192.6901;252.8584;0.0000;382.0070;2745.0366
193.6724;252.8584;0.0000;380.0247;2752.0366
194.6724;253.8230;0.0000;384.0070;2759.0366
195.6724;253.8054;0.0000;380.0601;2766.0366
195.6901;253.8054;0.0000;381.9893;2773.0366
196.6724;254.7876;0.0000;384.9893;2780.0366
197.6724;254.7700;0.0000;380.0601;2787.0366
197.6724;254.7700;0.0000;381.9893;2794.0366
198.6724;254.7523;0.0000;384.9893;2801.0366
199.6724;255.7346;0.0000;380.0601;2808.0366
199.6724;255.7169;0.0000;384.9893;2815.0366
200.6547;255.7169;0.0000;385.0247;2822.0366
201.6547;255.7169;0.0000;382.0424;2829.0366
201.6724;255.6992;0.0000;385.9716;2836.0366
202.6547;256.6815;0.0000;382.0955;2843.0366
203.6547;256.6815;0.0000;383.0601;2850.0366
204.6371;256.6638;0.0000;387.0424;2857.0366
205.6370;256.6461;0.0000;382.1663;2864.0366
206.6193;256.6461;0.0000;385.0778;2871.0366
207.6193;256.6461;0.0000;386.0955;2878.0542
208.6017;256.6284;0.0000;382.1663;2885.0542
209.6016;256.6284;0.0000;385.1309;2892.0542
210.5839;256.6107;0.0000;386.1486;2899.0542
211.5839;256.6107;0.0000;383.1840;2906.0542
211.5839;256.5930;0.0000;388.1486;2913.0542
212.5839;255.6107;0.0000;385.2371;2921.0366
213.5839;255.5930;0.0000;383.2371;2928.0366
214.5663;255.5930;0.0000;389.1840;2935.0364
215.5486;255.5753;0.0000;385.2724;2942.0366
216.5486;255.5753;0.0000;387.2194;2949.0366
217.5309;255.5576;0.0000;391.2194;2956.0366
218.5309;255.5576;0.0000;386.3078;2963.0364
219.5132;255.5399;0.0000;391.2548;2970.0366
221.4955;255.5399;0.2123;391.2724;2977.0366
222.4778;255.5222;0.0000;389.2724;2984.0366
223.4778;255.5222;0.2123;394.2548;2991.0364
224.4601;255.5222;0.0000;391.3432;2998.0366
225.4601;255.5045;0.0000;390.2548;3005.0366
225.4601;254.5045;0.0000;395.2547;3012.0366
226.4601;254.5045;0.0000;390.3963;3019.0366
227.4601;254.4868;0.0000;391.2724;3026.0364
228.4424;254.4868;0.0000;396.2902;3033.0366
228.4601;254.4691;0.0000;390.3963;3040.0366
229.4424;253.4691;0.2123;396.2724;3047.0366
230.4424;253.4514;0.0000;396.3432;3054.0364
230.4601;253.4514;0.2123;393.3609;3061.0542
231.4424;252.4514;0.0000;396.3786;3068.0542
232.4247;252.4337;0.0000;395.4317;3075.0542
233.4247;252.4337;0.0000;394.3609;3082.0542
233.4424;251.4337;0.0000;398.3078;3089.0542
234.4247;251.4161;0.2123;393.4317;3096.0542
235.4247;250.4160;0.0000;395.2547;3104.0364
235.4247;250.4160;0.0000;401.4140;3111.0366
236.4070;249.4160;0.0000;395.3078;3118.0366
237.3893;249.4160;0.0000;400.3078;3125.0366
238.3893;248.4160;0.0000;403.3078;3132.0364
238.4070;248.3983;0.0000;398.3609;3139.0366
239.3893;247.3983;0.0000;402.3255;3146.0366
240.3893;247.3806;0.0000;403.3786;3153.0366
241.3716;246.3807;0.0000;400.3609;3160.0366
241.3716;246.3807;0.0000;405.3432;3167.0364
242.3539;245.3807;0.0000;401.4140;3174.0366
243.3362;244.3807;0.0000;405.3078;3181.0366
244.3362;244.3629;0.0000;410.2725;3188.0366
244.3362;243.3629;0.0000;406.3432;3195.0364
245.3362;243.3629;0.0000;411.2370;3202.0366
246.3185;242.3629;0.0000;413.2370;3209.0366
247.3008;242.3453;0.0000;407.3078;3216.0366
248.2831;241.3629;0.0000;414.1840;3223.0364
248.3008;241.3453;0.0000;413.2724;3230.0366
249.2831;240.3453;0.0000;412.2371;3237.0366
250.2831;239.3453;0.0000;418.1486;3244.0366
251.2654;238.3453;0.0000;414.2371;3251.0542
251.2654;237.3453;0.0000;417.1663;3258.0544
252.2477;237.3276;0.0000;422.0955;3265.0542
252.2477;236.3453;0.0000;417.2194;3272.0542
253.2300;235.3453;0.0000;420.1662;3279.0542
254.2123;234.3453;0.0000;423.1132;3287.0366
254.2300;233.3453;0.0000;417.2017;3294.0366
255.2123;233.3276;0.0000;421.0955;3301.0366
256.2123;232.3276;0.0000;422.1840;3308.0364
257.1946;231.3276;0.0000;417.2017;3315.0366
258.1769;230.3276;0.0000;423.1309;3322.0366
259.1592;229.3453;0.0000;420.1662;3329.0366
259.1592;229.3276;0.0000;420.1662;3336.0364
260.1415;228.3276;11.7877;427.0955;3343.0366
261.1239;227.3276;0.0000;420.1840;3350.0366
261.1239;226.3276;11.7877;422.1663;3357.0366
262.1062;225.3276;11.7877;425.1840;3364.0364
262.1062;223.3453;0.0000;420.2370;3371.0366
263.0885;222.3453;11.7877;424.1663;3378.0366
263.0885;221.3453;0.0000;424.2017;3385.0366
264.0708;220.3629;0.0000;420.2194;3392.0364
264.0708;219.3629;11.7877;424.1840;3399.0366
264.0708;218.3629;11.7877;423.2725;3406.0366
264.0708;217.3629;0.0000;420.2370;3413.0366
265.0531;216.3807;0.0000;427.1663;3420.0366
265.0531;215.3807;0.0000;420.3255;3427.0364
265.0531;215.3807;0.0000;413.3963;3434.0542
266.0354;214.3807;0.0000;433.1132;3441.0542
266.0354;213.3807;0.0000;427.2017;3448.0542
266.0354;212.3806;0.0000;432.0601;3455.0542
267.0177;211.3983;0.0000;432.1663;3462.0542
267.0177;210.3983;0.0000;428.1663;3470.0366
267.0177;208.4161;0.0000;433.0955;3477.0364
267.0177;207.4337;0.0000;431.1486;3484.0366
267.0177;206.4337;0.0000;430.1486;3491.0366
267.0177;205.4514;0.0000;434.1132;3498.0364
268.0000;204.4515;0.0000;430.2017;3505.0364
267.9823;203.4691;0.0000;431.1662;3512.0366
267.9823;202.4691;0.0000;434.1486;3519.0366
267.9823;201.4691;0.0000;429.2194;3526.0366
267.9823;200.4868;0.0000;432.1840;3533.0364
267.9823;199.4868;0.0000;434.2017;3540.0364
267.9823;198.4868;0.0000;429.2194;3547.0366
267.0000;198.4868;0.0000;433.1486;3554.0366
267.0000;197.4868;0.0000;433.2194;3561.0366
266.9823;196.4868;0.0000;430.2194;3568.0364
266.9823;195.5045;0.2123;433.1840;3575.0366
266.9823;194.5222;0.0000;430.3078;3582.0366
266.9823;192.5399;0.2123;431.2194;3589.0366
266.0000;191.5576;0.0000;435.0601;3596.0364
266.0000;190.5576;0.0000;430.3078;3603.0366
266.0000;189.5753;0.0000;432.2371;3610.0366
265.0000;188.5930;0.0000;435.2370;3617.0542
265.0000;187.5930;0.0000;429.3786;3624.0542
265.0000;186.6107;0.0000;434.2371;3631.0542
264.9823;185.6107;0.0000;433.3078;3638.0542
264.9823;184.6284;0.0000;430.3078;3645.0542
264.9823;183.6284;0.0000;436.2017;3652.0542
264.9646;182.6461;0.0000;432.3432;3660.0366
264.9646;181.6461;0.0000;432.3078;3667.0366
264.9646;180.6638;0.0000;435.2724;3674.0366
264.9646;179.6815;0.0000;431.3609;3681.0364
264.9646;178.6815;0.0000;433.3078;3688.0366
264.9469;176.7169;0.0000;435.2901;3695.0366
263.9646;175.7346;0.0000;430.3609;3702.0366
263.9646;174.7346;0.0000;434.2902;3709.0364
262.9823;173.7523;0.0000;433.3609;3716.0366
262.9646;172.7522;0.0000;430.3609;3723.0366
261.9823;171.7700;0.0000;436.2548;3730.0366
261.9823;171.7522;0.0000;432.3432;3737.0364
260.9823;170.7700;0.0000;430.3963;3744.0366
260.9823;169.7700;0.0000;436.1309;3751.0366
260.9823;168.7876;0.0000;431.4140;3758.0366
260.0000;167.8054;0.0000;431.3432;3765.0366
260.0000;166.8054;0.0000;435.3609;3772.0366
259.9823;166.8054;0.0000;430.4140;3779.0366
259.0000;165.8054;0.0000;434.3255;3786.0366
258.9823;164.8230;11.7877;433.3609;3793.0366
258.9823;164.8230;0.0000;430.3609;3800.0364
258.9823;163.8230;0.0000;434.3432;3807.0542
257.9823;162.8407;0.0000;432.3786;3814.0542
257.9823;161.8407;0.0000;430.3786;3821.0542
257.0000;160.8584;0.0000;436.2902;3828.0542
256.9823;159.8584;0.0000;430.4140;3835.0542
256.0000;158.8761;0.0000;430.3786;3843.0366
256.0000;157.8761;0.0000;433.3786;3850.0364
255.0000;156.8938;0.0000;428.4671;3857.0366
255.0000;155.8938;0.0000;433.3255;3864.0366
254.0000;154.9115;0.0000;432.3963;3871.0366
254.0000;154.8938;0.0000;429.4140;3878.0364
253.9823;153.9115;0.0000;432.3963;3885.0366
253.0000;152.9115;0.0000;430.4848;3892.0366
253.0000;152.9115;0.0000;429.4140;3899.0366
253.0000;151.9115;0.0000;433.3609;3906.0366
252.9823;151.9115;0.0000;427.4848;3913.0366
252.0000;150.9115;0.0000;428.4140;3920.0366
252.0000;150.9115;0.0000;433.3609;3927.0366
251.9823;149.9115;0.0000;427.4671;3934.0366
251.0000;149.9115;0.0000;430.4140;3941.0364
251.0000;148.9115;0.0000;430.4848;3948.0366
250.0000;147.9292;0.0000;425.5202;3955.0366
249.0177;147.9115;0.0000;430.4317;3962.0366
248.0177;146.9292;0.0000;428.5202;3969.0364
247.0354;145.9292;0.0000;427.4671;3976.0366
246.0354;145.9292;0.0000;430.4494;3983.0366
246.0354;144.9469;0.0000;425.5732;3990.0542
245.0531;144.9292;0.0000;427.4848;3997.0542
245.0531;143.9469;0.0000;430.4848;4004.0542
244.0708;143.9292;0.0000;424.5909;4011.0542
243.0708;142.9469;0.0000;427.5025;4018.0542
243.0708;142.9292;0.0000;430.4848;4026.0366
242.0708;142.9292;0.0000;423.6086;4033.0366
241.0885;141.9469;0.0000;428.5202;4040.0366
240.1062;141.9469;0.0000;425.6086;4047.0366
240.0885;140.9469;0.0000;424.5909;4054.0366
239.1062;140.9292;0.0000;429.5024;4061.0366
238.1062;139.9469;0.0000;423.6440;4068.0366
236.1415;139.9292;0.0000;425.5732;4075.0366
235.1593;138.9469;0.0000;430.5202;4082.0364
234.1593;137.9646;0.0000;423.6440;4089.0366
233.1769;136.9646;0.0000;427.5378;4096.0366
231.1947;135.9823;0.0000;428.5556;4103.0366
229.2300;134.9823;0.0000;422.6617;4110.0361
228.2300;134.0000;0.0000;427.5732;4117.0366
226.2654;133.0000;0.0000;425.6440;4124.0366
225.2654;132.0177;0.0000;422.6440;4131.0366
223.3008;132.0177;0.0000;427.6086;4138.0361
222.3008;131.0177;0.0000;422.6971;4145.0366
221.3185;131.0177;0.0000;423.6086;4152.0366
220.3185;130.0177;0.0000;428.5733;4159.0366
219.3362;130.0177;0.0000;422.6971;4166.0366
218.3362;130.0177;0.0000;423.6263;4173.0537
217.3539;130.0000;0.0000;427.5909;4180.0542
216.3716;129.0177;0.0000;420.7148;4187.0542
215.3716;129.0177;0.0000;427.5556;4194.0542
214.3893;129.0000;0.0000;423.6617;4201.0537
213.4070;128.0177;0.0000;421.6617;4208.0542
212.4070;128.0177;0.0000;427.5732;4216.0366
211.4247;127.0177;0.0000;423.6617;4223.0361
210.4247;127.0177;0.0000;421.6617;4230.0366
209.4247;127.0000;0.0000;427.5909;4237.0366
208.4424;126.0177;0.0000;420.6971;4244.0366
207.4601;126.0177;0.0000;422.6440;4251.0361
206.4601;125.0354;0.0000;425.6440;4258.0366
204.4955;125.0177;0.0000;420.7325;4265.0366
203.4955;124.0354;0.0000;423.6440;4272.0366
202.4955;124.0177;0.0000;423.6440;4279.0361
200.5309;123.0354;0.0000;420.6617;4286.0366
199.5486;123.0354;0.0000;423.6440;4293.0366
197.5663;123.0354;0.0000;423.6794;4300.0366
196.5840;122.0354;0.2123;420.6971;4307.0366
194.6016;122.0354;0.0000;425.6263;4314.0361
192.6193;121.0531;0.0000;420.7325;4321.0366
190.6547;121.0354;0.0000;421.6440;4328.0366
188.6724;120.0531;0.0000;425.6086;4335.0366
186.7078;120.0531;0.0000;420.7148;4342.0361
184.7255;119.0531;0.0000;425.5909;4349.0366
182.7609;118.0708;0.2123;428.5733;4356.0366
180.7786;118.0708;0.0000;423.6440;4363.0542
178.8140;117.0708;0.2123;428.5556;4370.0537
176.8317;117.0708;0.0000;429.5732;4377.0542
175.8494;116.0885;0.0000;427.5378;4384.0542
173.8671;116.0885;0.0000;431.5024;4391.0542
171.9025;116.0708;0.0000;427.5732;4399.0366
169.9202;115.0885;0.0000;430.5202;4406.0366
168.9202;115.0885;0.0000;433.4671;4413.0366
166.9556;115.0885;0.2123;428.5909;4420.0361
165.9556;115.0708;0.0000;432.4671;4427.0366
164.9732;114.0885;0.0000;434.4494;4434.0366
162.9909;114.0708;0.0000;428.6264;4441.0366
161.9910;114.0708;0.0000;434.4317;4448.0366
161.0086;114.0708;0.0000;433.5202;4455.0361
160.0086;114.0708;0.0000;431.5024;4462.0366
159.0086;114.0531;0.0000;435.4317;4469.0366
158.0086;114.0531;0.0000;431.5202;4476.0366
157.0086;114.0531;0.0000;433.3786;4483.0361
157.0086;114.0531;0.0000;436.4140;4490.0366
156.0086;114.0531;0.0000;432.4671;4497.0366
155.0086;115.0354;0.0000;434.3609;4504.0366
154.9909;115.0354;0.0000;436.3786;4511.0361
153.9909;115.0354;0.0000;430.4848;4518.0366
153.9732;116.0177;0.0000;436.3432;4525.0366
152.9732;116.0000;0.0000;435.3963;4532.0366
151.9910;116.9823;0.0000;433.3963;4539.0361
151.9732;116.9823;0.0000;438.3609;4546.0542
150.9732;116.9823;0.0000;434.4317;4553.0542
150.9556;117.9646;0.0000;434.4140;4560.0542
149.9555;117.9646;0.0000;439.3255;4567.0542
148.9379;118.9469;0.0000;434.4140;4574.0542
148.9202;119.9292;0.0000;436.2902;4582.0366
147.9202;119.9292;0.0000;439.2547;4589.0366
147.9025;120.9115;0.0000;435.3078;4596.0361
146.9025;121.8938;0.0000;439.2194;4603.0366
146.8848;122.8761;0.0000;439.2547;4610.0366
145.8848;123.8407;0.0000;438.2194;4617.0366
145.8671;124.8230;0.0000;441.2017;4624.0361
144.8671;125.8054;0.0000;438.2194;4631.0366
143.8671;126.7877;0.0000;439.2017;4638.0366
142.8848;127.7700;0.0000;442.1132;4645.0366
142.8671;128.7523;0.0000;438.2194;4652.0361
141.8671;129.7346;0.0000;439.1486;4659.0366
140.8671;129.7346;0.0000;442.0955;4666.0366
139.8671;130.7169;0.0000;438.2194;4673.0366
138.8671;131.6992;0.0000;442.0955;4680.0361
137.8848;132.6992;0.0000;442.0955;4687.0361
136.8848;133.6815;0.0000;439.0955;4694.0366
136.8671;135.6461;0.0000;443.0601;4701.0366
135.8848;136.6107;0.0000;442.0601;4708.0366
134.8848;137.5930;0.0000;440.0955;4715.0361
133.9025;138.5753;0.0000;446.9716;4722.0366
133.8848;139.5576;0.0000;441.1132;4729.0542
132.8848;140.5399;0.0000;443.0070;4736.0542
132.8671;140.5399;0.0000;446.9716;4743.0542
131.8848;141.5222;0.0000;440.0778;4750.0542
131.8671;142.5045;0.0000;445.9539;4757.0542
130.8671;142.5045;0.0000;446.0070;4764.0542
129.8848;143.4868;0.0000;442.0424;4772.0366
129.8671;144.4691;0.0000;445.9716;4779.0366
128.8671;145.4514;0.0000;445.9893;4786.0366
127.8671;145.4514;0.0000;441.9893;4793.0361
126.8848;146.4337;0.0000;447.9185;4800.0366
125.8848;147.4161;0.0000;442.0424;4807.0366
125.8848;148.3983;0.0000;444.9362;4814.0366
124.8848;149.3983;0.0000;448.9008;4821.0361
123.8848;150.3807;0.0000;442.0424;4828.0361
123.8848;151.3629;0.0000;445.8831;4835.0366
122.8848;152.3453;0.0000;448.8654;4842.0366
121.9025;152.3453;0.0000;441.9362;4849.0366
120.9025;153.3276;0.0000;447.8301;4856.0361
120.8848;154.3099;0.0000;447.8477;4863.0366
119.9025;155.2922;0.0000;445.8831;4870.0366
118.9025;156.2922;0.0000;448.7946;4877.0366
117.9025;156.2922;0.0000;445.8477;4884.0361
116.9202;157.2745;0.0000;446.7593;4891.0366
116.9025;158.2568;0.0000;450.7769;4898.0366
115.9202;159.2391;0.0000;445.8477;4905.0366
114.9202;161.2037;0.0000;448.7239;4912.0361
113.9202;162.1860;0.0000;449.7416;4919.0542
112.9202;163.1860;0.0000;445.8124;4926.0542
112.9025;165.1506;0.0000;449.6885;4933.0542
111.9202;166.1506;0.0000;449.7416;4940.0537
110.9202;168.1152;0.0000;446.7062;4947.0542
109.9202;169.0975;0.0000;450.6354;4955.0361
108.9202;170.0798;0.0000;447.7239;4962.0361
107.9379;171.0621;0.0000;448.6531;4969.0361
106.9379;172.0621;0.0000;451.6000;4976.0366
106.9202;173.0444;0.0000;448.6708;4983.0366
105.9202;174.0268;0.0000;448.6354;4990.0361
105.9025;175.0090;0.0000;451.6000;4997.0361
104.9025;176.0090;0.0000;447.6708;5004.0366
104.8848;177.9736;0.0000;451.5646;5011.0366
103.8848;178.9560;0.0000;451.6000;5018.0361
103.8671;179.9560;0.0000;448.6000;5025.0361
102.8671;180.9383;0.0000;453.5115;5032.0366
102.8671;181.9206;0.0000;451.6000;5039.0361
101.8671;182.9206;0.0000;450.5646;5046.0366
101.8494;183.9029;0.0000;455.4761;5053.0361
100.8671;185.8675;0.0000;450.5646;5060.0366
100.8494;186.8498;0.0000;451.5292;5067.0366
99.8494;187.8498;0.0000;454.4938;5074.0366
99.8494;188.8321;0.0000;450.5823;5081.0361
98.8494;189.8321;0.0000;454.4584;5088.0361
98.8317;189.8321;0.0000;454.4938;5095.0366
98.8140;190.8321;0.0000;451.5115;5102.0542
98.8140;192.7967;0.0000;455.4053;5109.0542
98.7963;193.7790;0.0000;453.4761;5116.0537
98.7786;194.7790;0.0000;452.4230;5123.0542
98.7786;194.7790;0.0000;457.3523;5130.0542
97.7786;196.7613;0.0000;451.4584;5138.0361
97.7609;196.7613;0.0000;453.3700;5145.0366
96.7609;197.7613;0.0000;456.3523;5152.0366
96.7609;198.7613;0.0000;451.4761;5159.0366
96.7432;199.7436;0.0000;455.3169;5166.0361
95.7432;200.7436;0.0000;455.3700;5173.0366
95.7255;200.7613;0.0000;452.3877;5180.0366
95.7078;201.7436;0.0000;456.2638;5187.0366
95.6901;201.7613;0.0000;456.3169;5194.0361
95.6724;202.7436;0.0000;454.2992;5201.0366
95.6547;202.7613;0.0000;460.1753;5208.0366
96.6370;203.7613;0.0000;456.2992;5215.0366
96.6193;203.7613;0.0000;458.1930;5222.0361
96.6193;204.7436;0.0000;465.0869;5229.0361
96.6016;205.7436;0.0000;461.1753;5236.0366
95.6016;206.7259;0.0000;467.0161;5243.0366
95.6016;206.7436;0.0000;469.9984;5250.0366
95.5839;207.7436;0.0000;464.0515;5257.0361
95.5663;208.7259;0.0000;469.9276;5264.0366
95.5663;209.7259;0.0000;470.0337;5271.0366
95.5486;210.7082;0.0000;469.9099;5278.0361
95.5486;211.7082;0.0000;475.8037;5285.0542
95.5309;211.7259;0.0000;475.8214;5292.0542
95.5309;212.7082;0.0000;478.7329;5299.0542
95.5309;213.6905;0.0000;486.6091;5306.0542
96.4955;214.6905;0.0000;481.7152;5313.0537
96.4955;215.6728;0.0000;486.4321;5320.0537
96.4778;216.6728;0.0000;488.5737;5328.0366
96.4778;217.6551;0.0000;478.7506;5335.0361
97.4424;218.6551;0.0000;488.5560;5342.0366
97.4247;219.6551;0.0000;484.6445;5349.0366
97.4247;220.6551;0.0000;480.6621;5356.0366
97.4070;221.6374;0.0000;487.5206;5363.0361
97.4070;221.6552;0.0000;484.5737;5370.0361
97.4070;222.6552;0.0000;486.4852;5377.0366
97.3893;223.6375;0.0000;494.3967;5384.0366
98.3716;224.6375;0.0000;491.4498;5391.0361
98.3716;225.6198;0.0000;495.3259;5398.0361
98.3539;226.6198;0.0000;498.3259;5405.0366
98.3539;227.6021;0.0000;494.3967;5412.0366
98.3362;228.6021;0.0000;500.2728;5419.0366
98.3185;229.6020;0.0000;500.2728;5426.0361
98.3185;230.5844;0.0000;497.2905;5433.0366
98.3185;231.5844;0.0000;502.2375;5440.0366
99.2831;232.5844;0.0000;499.3082;5447.0366
99.2831;234.5490;0.0000;499.2552;5454.0361
99.2831;235.5490;0.0000;504.1844;5461.0361
99.2831;236.5313;0.0000;499.2905;5468.0542
100.2477;237.5313;0.0000;500.2020;5475.0542
100.2477;238.5136;0.0000;504.1844;5482.0542
100.2300;239.5136;0.0000;500.2728;5489.0537
100.2123;240.5136;0.0000;504.1490;5496.0542
100.2123;241.4959;0.0000;506.2021;5503.0542
100.1947;242.4959;0.0000;503.1313;5511.0366
100.1769;243.4959;0.0000;508.0782;5518.0366
100.1769;244.4782;0.0000;506.1667;5525.0366
100.1593;245.4782;0.0000;506.0959;5532.0366
100.1593;246.4782;0.0000;511.0428;5539.0361
101.1415;247.4605;0.0000;507.1490;5546.0366
102.1062;248.4605;0.0000;508.0605;5553.0366
103.0708;249.4605;0.0000;512.9543;5560.0366
104.0531;250.4605;0.0000;508.0959;5567.0361
105.0177;252.4251;0.0000;512.9897;5574.0366
106.0000;253.4251;0.0000;512.9543;5581.0366
106.9646;254.4251;0.0000;510.0605;5588.0366
107.9469;255.4074;0.0000;512.9720;5595.0361
107.9292;256.4074;0.0000;514.0428;5602.0361
108.9115;257.4074;0.0000;513.9366;5609.0366
109.8761;257.4251;0.0000;521.7950;5616.0366
109.8584;258.4074;0.0000;518.8835;5623.0361
110.8407;259.4074;0.0000;522.7773;5630.0361
110.8407;260.4074;0.0000;527.7065;5637.0366
110.8407;261.4074;0.0000;522.7773;5644.0366
110.8230;262.4074;0.0000;527.6712;5651.0361
110.8230;262.4251;0.0000;529.6535;5658.0542
111.7877;264.3897;0.0000;524.7420;5665.0542
112.7523;265.3897;0.0000;531.6358;5672.0542
113.7346;266.3897;0.0000;531.6712;5679.0542
113.7346;267.3897;0.0000;528.6889;5686.0537
114.7169;267.4074;0.0000;534.5650;5694.0366
115.6815;268.3897;0.0000;528.6889;5701.0366
115.6815;268.4074;0.0000;531.5827;5708.0361
116.6461;269.4074;0.0000;536.5120;5715.0366
116.6461;269.4251;0.0000;529.6535;5722.0366
117.6284;270.4251;0.0000;534.5650;5729.0366
117.6284;270.4251;0.0000;536.5297;5736.0361
117.6284;271.4251;0.0000;529.6535;5743.0361
118.6107;271.4428;0.0000;534.5120;5750.0361
118.6107;272.4251;0.0000;534.5650;5757.0361
119.5930;272.4428;0.0000;531.5650;5764.0366
119.5753;273.4428;0.0000;537.4058;5771.0366
119.5753;274.4251;0.0000;534.5120;5778.0366
120.5576;274.4428;0.0000;534.4766;5785.0366
121.5399;275.4428;0.0000;537.4589;5792.0366
121.5399;276.4428;0.0000;534.5297;5799.0361
122.5222;276.4428;0.0000;535.4412;5806.0361
122.5045;277.4428;0.0000;538.4412;5813.0361
123.4868;277.4604;0.0000;534.5120;5820.0366
123.4868;278.4605;0.0000;537.4412;5827.0366
123.4868;278.4782;0.0000;537.3173;5834.0366
124.4691;278.4959;0.0000;534.4766;5841.0542
124.4691;279.4959;0.0000;538.4058;5848.0542
124.4691;279.5136;0.0000;535.4766;5855.0542
125.4514;280.5136;0.0000;535.4235;5862.0542
125.4514;280.5312;0.0000;540.3527;5869.0537
126.4337;281.5312;0.0000;535.4766;5876.0537
126.4337;282.5312;0.0000;536.4235;5884.0366
127.4161;282.5490;0.0000;539.4058;5891.0366
127.3983;283.5490;0.2123;534.4943;5898.0366
128.3807;283.5667;0.0000;539.3704;5905.0361
128.3807;284.5667;0.2123;538.4235;5912.0361
129.3629;284.5844;0.0000;535.4412;5919.0361
129.3629;285.5844;0.0000;540.3173;5926.0361
129.3629;285.6021;0.0000;537.4235;5933.0366
130.3453;286.6021;0.2123;537.3881;5940.0366
130.3453;286.6198;0.0000;542.3173;5947.0366
130.3453;287.6198;0.2123;536.4235;5954.0366
131.3276;287.6374;0.0000;538.2819;5961.0366
131.3276;288.6375;0.0000;541.2996;5968.0361
132.3099;288.6552;0.0000;536.3881;5975.0361
132.3099;289.6552;0.0000;540.3173;5982.0361
133.2922;290.6552;0.2123;540.3350;5989.0361
133.2922;290.6728;0.0000;537.3350;5996.0366
134.2745;291.6729;0.0000;540.3173;6003.0366
134.2745;291.6906;0.0000;539.3527;6010.0366
135.2568;292.6906;0.0000;536.3173;6017.0366
135.2745;292.7082;0.0000;541.3350;6024.0542
136.2568;293.7082;0.0000;536.3881;6031.0537
136.2568;293.7082;0.0000;538.2996;6038.0542
137.2391;294.7082;0.0000;543.2642;6045.0537
137.2391;294.7259;0.0000;536.3881;6052.0542
138.2214;294.7436;0.0000;540.2819;6059.0542
138.2214;295.7436;0.0000;541.2996;6067.0366
139.2214;296.7436;0.0000;536.3881;6074.0361
140.2037;297.7436;0.0000;541.2996;6081.0361
141.1860;297.7613;0.0000;540.3527;6088.0361
142.1683;298.7613;0.0000;537.2996;6095.0361
142.1683;299.7613;0.0000;543.2642;6102.0366
143.1506;300.7613;0.0000;538.3881;6109.0366
144.1506;300.7790;0.0000;539.3350;6116.0366
145.1329;301.7790;0.0000;543.2996;6123.0366
145.1506;302.7790;0.0000;537.4058;6130.0366
146.1329;302.7967;0.0000;541.3173;6137.0361
147.1152;303.7967;0.0000;543.2996;6144.0361
148.0975;303.8144;0.0000;538.3881;6151.0361
149.0798;304.8321;0.0000;543.3173;6158.0361
150.0622;304.8498;0.0000;543.3527;6165.0366
151.0444;304.8852;0.0000;540.3881;6172.0366
152.0268;305.8852;0.0000;544.3350;6179.0366
152.0444;305.9206;0.0000;540.4589;6186.0366
153.0268;306.9206;0.0000;541.4412;6193.0361
154.0090;306.9560;0.0000;545.3704;6200.0361
154.9914;307.9560;0.0000;540.5119;6207.0361
155.9736;307.9737;0.0000;543.4235;6214.0537
157.9560;307.9914;0.0000;545.3704;6221.0537
158.9383;308.9914;0.0000;540.4766;6228.0542
159.9206;309.0090;0.0000;546.3704;6235.0542
160.9206;309.0268;0.0000;544.4412;6242.0542
161.9029;310.0444;0.0000;542.4589;6250.0361
162.9029;310.0622;0.0000;546.4058;6257.0361
163.8852;310.0798;0.0000;543.4943;6264.0361
164.8675;310.0975;0.0000;543.4589;6271.0361
165.8498;311.0975;0.0000;548.4235;6278.0366
166.8498;311.1152;0.0000;542.5297;6285.0366
167.8321;311.1329;0.0000;544.4766;6292.0366
168.8144;311.1506;0.0000;547.4589;6299.0366
169.8144;312.1506;0.0000;542.5297;6306.0361
170.7967;312.1683;0.0000;546.4058;6313.0361
171.7967;312.1860;0.0000;546.5119;6320.0361
172.7967;313.1683;0.0000;542.5297;6327.0361
173.7790;313.1860;0.0000;546.4766;6334.0366
174.7790;313.2037;0.0000;544.5473;6341.0366
175.7613;313.2037;11.7877;543.5297;6348.0366
176.7436;313.2214;0.0000;549.4235;6355.0366
177.7436;314.2214;0.0000;542.6004;6362.0366
178.7259;314.2214;11.7877;544.5119;6369.0361
179.7082;314.2391;0.0000;548.4943;6376.0361
181.6905;314.2391;0.0000;541.6182;6383.0361
182.6728;315.2214;0.0000;546.4589;6390.0361
184.6552;315.2391;0.0000;546.5119;6397.0542
186.6198;316.2214;0.0000;542.5827;6404.0542
187.6021;316.2391;0.0000;546.4766;6411.0542
189.5844;317.2391;0.0000;546.5297;6418.0542
190.5667;317.2391;0.0000;543.5474;6425.0537
191.5667;317.2391;0.0000;549.4235;6432.0542
192.5490;318.2391;0.0000;543.6181;6440.0361
194.5136;318.2391;0.0000;544.5297;6447.0366
195.5136;318.2568;0.0000;548.4766;6454.0366
196.4959;318.2568;0.0000;541.4766;6461.0366
197.4959;319.2568;0.0000;546.5119;6468.0366
198.4959;319.2568;0.0000;548.4943;6475.0361
200.4605;319.2745;0.0000;541.6358;6482.0366
201.4428;319.2745;0.0000;546.5297;6489.0361
202.4251;319.2922;0.0000;546.5473;6496.0361
204.4074;319.2922;0.0000;543.6004;6503.0361
205.4074;319.3099;0.0000;548.4943;6510.0366
206.3897;320.3099;0.0000;543.6181;6517.0366
208.3720;319.3276;0.0000;545.5474;6524.0366
209.3543;319.3453;0.0000;548.5297;6531.0366
210.3366;319.3453;0.0000;543.6181;6538.0361
211.3366;319.3629;0.0000;546.5119;6545.0366
213.3012;319.3629;0.0000;548.4943;6552.0361
214.3012;319.3629;0.0000;543.6181;6559.0361
215.2835;319.3629;0.0000;548.5120;6566.0366
216.2658;319.3807;0.0000;546.5650;6573.0366
217.2658;319.3807;0.0000;543.6004;6580.0542
218.2481;319.3983;0.0000;549.5297;6587.0542
220.2304;319.3983;0.0000;543.6535;6594.0542
221.2127;318.4337;0.0000;545.4058;6601.0537
222.1951;318.4337;11.7877;549.5297;6608.0542
224.1774;318.4514;0.0000;543.6358;6615.0537
225.1597;318.4514;0.0000;546.5650;6623.0366
226.1597;318.4514;0.0000;548.5474;6630.0366
228.1243;318.4691;0.0000;543.6535;6637.0366
229.1066;318.4691;0.0000;547.5474;6644.0366
230.1066;318.4868;0.0000;547.5650;6651.0361
232.0712;317.5045;0.0000;543.6181;6658.0361
233.0535;317.5045;0.0000;548.5297;6665.0361
234.0535;316.5399;0.0000;543.6712;6672.0361
236.0181;316.5399;11.7877;543.6181;6679.0366
237.0181;316.5399;0.0000;549.5650;6686.0366
238.0004;315.5753;11.7877;543.6712;6693.0366
239.0004;315.5753;0.0000;544.6004;6700.0366
240.9650;315.5930;0.0000;548.5828;6707.0361
241.9650;314.6107;0.0000;542.6535;6714.0361
243.9296;314.6107;0.0000;547.5650;6721.0361
244.9119;314.6284;0.0000;546.6180;6728.0361
246.8942;314.6284;0.0000;542.6358;6735.0361
247.8765;313.6461;0.0000;547.5650;6742.0366
249.8588;313.6638;0.0000;545.6535;6749.0366
251.8234;313.6638;0.0000;543.6181;6756.0366
252.8234;313.6815;0.0000;549.5474;6763.0366
254.8058;312.6992;0.0000;542.7065;6770.0542
256.7704;312.6992;0.0000;543.5827;6777.0542
258.7527;311.7346;0.0000;548.6181;6784.0542
259.7527;311.7346;0.0000;541.7065;6791.0537
261.7173;310.7700;0.0000;546.6004;6798.0542
262.7173;310.7700;0.0000;546.6180;6806.0361
263.7173;309.8054;0.0000;542.6888;6813.0366
265.6819;309.8054;0.0000;547.6004;6820.0361
266.6819;308.8231;0.0000;545.6535;6827.0366
267.6819;308.8407;0.0000;543.6181;6834.0361
268.6642;307.8584;0.0000;548.6004;6841.0361
269.6642;307.8761;0.0000;543.7065;6848.0366
270.6642;306.8938;0.0000;543.6358;6855.0366
271.6465;305.9115;0.0000;548.6004;6862.0366
272.6465;305.9292;0.0000;541.7597;6869.0361
273.6465;304.9469;0.0000;546.5827;6876.0361
274.6465;303.9823;0.0000;547.6358;6883.0361
275.6288;303.0000;0.0000;541.7597;6890.0361
276.6288;303.0177;0.0000;546.6180;6897.0361
276.6465;302.0354;0.0000;545.6888;6904.0361
277.6288;301.0531;0.0000;543.7065;6911.0366
278.6288;300.0885;0.0000;547.6358;6918.0366
280.6111;299.1061;0.0000;543.7420;6925.0366
281.6111;299.1239;0.0000;545.6358;6932.0366
282.6111;298.1415;0.0000;548.6358;6939.0361
284.5934;297.1769;0.0000;542.7773;6946.0361
285.5934;296.1946;0.0000;545.6888;6953.0537
286.5757;295.2123;0.0000;547.6712;6960.0537
287.5757;295.2300;0.0000;540.8304;6967.0542
289.5580;294.2477;0.0000;546.6888;6974.0542
290.5580;293.2654;0.0000;546.7950;6981.0542
291.5403;292.3008;0.0000;543.7597;6989.0361
292.5403;291.3185;0.0000;547.6888;6996.0366
293.5403;290.3539;0.0000;543.7950;7003.0361
294.5403;289.3716;0.0000;545.7065;7010.0361
296.5226;288.3893;0.0000;549.6712;7017.0361
297.5226;287.4070;0.0000;545.7420;7024.0366
298.5049;286.4424;0.0000;549.6181;7031.0366
299.5049;284.4778;0.0000;552.6358;7038.0366
300.5049;283.4955;0.0000;546.7420;7045.0366
301.5049;282.5309;0.0000;551.6358;7052.0361
302.5049;280.5663;0.0000;550.7597;7059.0366
303.5049;279.6016;0.0000;547.7243;7066.0361
304.5049;278.6194;0.0000;552.6358;7073.0361
305.5049;276.6724;0.0000;548.7597;7080.0366
305.5049;275.6901;0.0000;551.6358;7087.0366
306.5049;273.7432;0.0000;561.4943;7094.0366
307.5049;272.7609;0.0000;557.6004;7101.0366
307.5226;270.7963;0.0000;563.4589;7108.0366
307.5580;268.8494;11.7877;569.3881;7115.0361
308.5580;266.8848;0.2123;568.4058;7122.0361
308.5757;265.9025;0.0000;576.2642;7129.0361
308.5934;263.9379;0.0000;577.2819;7136.0537
309.5934;261.9910;0.2123;575.3173;7143.0547
309.6111;261.0086;0.0000;580.2288;7150.0542
309.6288;259.0440;0.0000;577.2996;7157.0542
310.6465;258.0794;0.0000;577.1226;7164.0542
310.6642;256.1148;0.0000;583.1757;7171.0542
311.6819;255.1325;0.0000;577.3173;7179.0361
311.6996;254.1679;0.0000;579.2465;7186.0361
312.6996;253.1856;0.0000;582.2288;7193.0366
312.7350;251.2210;0.0000;576.3527;7200.0361
313.7350;250.2387;0.0000;582.1757;7207.0366
313.7704;249.2740;0.0000;580.2996;7214.0366
314.7704;248.2918;0.2123;577.3527;7221.0366
314.8057;246.3272;0.0000;583.2288;7228.0361
315.8058;245.3448;0.0000;580.3350;7235.0361
316.8058;244.3625;0.2123;580.2642;7242.0361
317.8234;243.3802;0.0000;586.1934;7249.0366
317.8412;242.3979;0.0000;583.2819;7256.0366
318.8588;241.4156;0.0000;587.1404;7263.0361
319.8588;240.4333;0.0000;595.0696;7270.0361
319.8942;239.4510;0.0000;593.1049;7277.0366
320.8942;237.4864;0.0000;601.8926;7284.0366
320.9296;236.5041;0.0000;604.8926;7291.0361
320.9473;235.5218;0.2123;602.9280;7298.0361
320.9650;234.5395;0.0000;607.8218;7305.0361
321.0004;234.5395;0.0000;607.8749;7312.0366
321.0181;233.5572;0.2123;604.8926;7319.0366
321.0358;232.5749;11.7877;611.7687;7326.0542
321.0712;231.5926;0.0000;607.8572;7333.0537
321.0889;230.6103;11.7877;609.8041;7340.0542
321.1066;229.6103;0.0000;613.7864;7347.0537
321.1420;228.6280;0.0000;606.9280;7354.0537
321.1597;227.6457;0.0000;610.7864;7362.0366
321.1774;227.6457;11.7877;613.8041;7369.0366
322.1950;226.6634;0.0000;608.9280;7376.0361
322.2304;225.6634;11.7877;613.7864;7383.0361
322.2481;224.6811;0.2123;611.8572;7390.0361
323.2658;223.6987;0.0000;607.8926;7397.0361
323.2835;223.6987;0.0000;614.8041;7404.0361
324.2835;222.7165;11.7877;609.9280;7411.0361
324.3012;221.7165;0.0000;610.8572;7418.0361
324.3366;220.7341;0.0000;615.8041;7425.0366
325.3543;218.7695;0.0000;609.9457;7432.0366
325.3720;217.7872;0.0000;613.8749;7439.0361
325.3897;216.8049;0.0000;605.0518;7446.0361
325.4074;215.8226;0.0000;614.8749;7453.0366
325.4251;213.8403;0.0000;619.7687;7460.0361
325.4605;212.8580;0.0000;622.7510;7467.0361
326.4605;211.8580;0.0000;618.8041;7474.0361
326.4959;210.8757;0.0000;624.6625;7481.0366
326.5136;208.9111;0.0000;619.8395;7488.0366
326.5312;207.9288;0.0000;621.7687;7495.0366
326.5490;206.9465;0.0000;628.6625;7502.0366
326.5667;204.9819;0.0000;622.8395;7509.0537
326.5844;203.9819;0.0000;623.7333;7516.0537
326.6021;202.9819;0.2123;628.6802;7523.0537
326.6375;201.0173;0.0000;622.8572;7530.0537
326.6728;200.0173;0.2123;627.7510;7537.0537
326.7082;198.0350;0.0000;626.8218;7545.0366
326.7260;197.0527;0.0000;622.8749;7552.0361
326.7613;195.0704;0.0000;628.7510;7559.0361
327.7613;193.0880;0.0000;625.8926;7566.0361
327.7967;192.1058;0.0000;624.8572;7573.0361
327.8144;190.1234;0.0000;632.7687;7580.0361
327.8498;189.1412;0.0000;623.9457;7587.0361
326.8852;187.1588;0.0000;626.8749;7594.0366
326.9206;186.1588;0.0000;632.8395;7601.0366
326.9383;184.1765;0.0000;623.9988;7608.0366
326.9736;183.1766;0.0000;629.6980;7615.0366
327.0090;181.1942;0.0000;628.9280;7622.0361
327.0444;180.1942;0.0000;624.9988;7629.0361
327.0621;179.1942;0.0000;630.8749;7636.0361
326.1152;178.2119;0.0000;627.9811;7643.0361
326.1329;176.2296;0.0000;626.9457;7650.0361
326.1683;175.2119;0.0000;632.8395;7657.0361
326.1860;174.2119;0.0000;626.0165;7664.0366
326.2214;173.2119;0.0000;625.9811;7671.0361
326.2391;172.2119;0.0000;632.8926;7678.0366
326.2568;171.1942;0.0000;625.0518;7685.0361
326.2745;170.1942;0.0000;628.9280;7692.0537
326.2922;168.2119;11.7877;629.9811;7699.0537
325.3276;167.2119;0.0000;625.0518;7706.0537
325.3453;166.2119;11.7877;628.9457;7713.0547
325.3629;165.2119;0.0000;629.9811;7720.0542
324.3983;164.2119;0.0000;625.0165;7727.0542
324.4160;163.2119;0.0000;628.9988;7735.0361
324.4337;162.2119;0.0000;626.1049;7742.0361
323.4514;161.2119;0.0000;626.0165;7749.0361
323.4691;159.2296;0.0000;631.0165;7756.0361
323.4868;158.2473;0.0000;625.0872;7763.0371
322.5045;157.2473;0.0000;629.0164;7770.0366
322.5222;156.2473;0.0000;632.8395;7777.0366
321.5576;155.2473;0.0000;626.1049;7784.0361
321.5576;154.2473;0.0000;632.9457;7791.0366
320.5930;153.2473;0.0000;629.0695;7798.0361
320.5930;152.2650;0.0000;630.0342;7805.0361
319.6284;151.2650;0.2123;633.9634;7812.0361
318.6638;150.2650;0.0000;631.0165;7819.0361
318.6815;149.2650;0.0000;633.9811;7826.0371
317.6992;147.2827;0.0000;639.9103;7833.0366
316.7346;146.2827;0.0000;634.0165;7840.0361
316.7523;145.2827;0.2123;637.7687;7847.0361
315.7876;144.2827;0.0000;642.8749;7854.0366
314.8054;144.2650;0.0000;635.9988;7861.0361
313.8407;143.2473;0.0000;642.8572;7868.0361
312.8584;142.2473;0.0000;643.8926;7875.0361
312.8761;141.2650;0.0000;638.9457;7882.0537
311.8938;139.2650;0.0000;643.8749;7889.0542
310.9292;138.2650;0.0000;638.0342;7896.0542
309.9646;137.2650;0.0000;640.9457;7903.0537
308.9823;136.2827;0.2123;649.7864;7910.0537
308.0177;134.3004;0.0000;640.9988;7918.0361
307.0354;133.3004;0.0000;641.9280;7925.0361
306.0531;132.3004;0.0000;643.9457;7932.0361
304.1062;131.3181;0.0000;639.9811;7939.0366
303.1239;129.3358;0.0000;643.9457;7946.0366
302.1593;128.3358;0.0000;641.0342;7953.0361
301.1769;127.3358;0.0000;640.0165;7960.0361
300.2123;126.3358;0.0000;643.9811;7967.0366
299.2300;124.3535;0.0000;643.0342;7974.0361
298.2477;123.3712;0.0000;637.0872;7981.0361
297.2654;122.3712;0.0000;644.9280;7988.0361
296.3008;121.3712;0.0000;638.1403;7995.0366
295.3185;120.3712;0.0000;641.0342;8002.0366
294.3539;119.3712;0.0000;641.0518;8009.0366
294.3539;118.3712;0.0000;637.1580;8016.0361
293.3716;117.3889;0.0000;642.9988;8023.0361
292.4070;115.4066;0.0000;642.0696;8030.0361
291.4247;114.4066;0.0000;637.1403;8037.0361
290.4601;112.4243;0.0000;643.0165;8044.0361
289.4778;111.4243;0.0000;640.1226;8051.0361
288.4955;109.4597;0.0000;639.1226;8058.0366
287.5132;108.4597;0.0000;643.0342;8065.0542
286.5486;106.4597;0.0000;638.2111;8072.0547
285.5662;105.4597;0.0000;639.0872;8079.0537
285.5839;104.4774;0.0000;644.1049;8086.0537
284.6016;102.4951;0.0000;636.2288;8093.0537
283.6193;101.4951;0.0000;641.0872;8101.0361
282.6547;99.5127;0.0000;642.1227;8108.0366
281.6724;98.5127;0.0000;637.1757;8115.0366
280.6901;97.5128;0.0000;641.0872;8122.0366
279.7255;96.5128;0.0000;639.1757;8129.0361
279.7255;95.5128;0.0000;636.1934;8136.0361
278.7609;94.5127;0.0000;641.1226;8143.0361
277.7786;92.5305;0.0000;637.2111;8150.0361
276.7963;91.5305;0.0000;639.1404;8157.0361
275.8317;90.5128;0.0000;642.1403;8164.0361
274.8494;88.5305;0.2123;635.2642;8171.0366
273.8848;87.5305;0.0000;641.1404;8178.0366
272.9025;86.5305;0.2123;641.1580;8185.0366
271.9202;85.5305;0.0000;635.2819;8192.0361
269.9732;84.5128;0.0000;641.1404;8199.0361
268.9909;83.5128;0.0000;639.2465;8206.0361
268.0263;83.4951;0.2123;636.2642;8213.0361
266.0617;82.4774;0.0000;641.2111;8220.0361
265.0794;81.4774;0.2123;637.2819;8227.0371
263.1325;80.4774;0.0000;638.1757;8234.0371
261.1679;79.4774;0.0000;642.2642;8241.0371
260.1856;78.4774;0.0000;638.1934;8248.0547
258.2210;77.4774;0.0000;639.2111;8255.0537
257.2386;76.4774;0.0000;641.2465;8262.0537
255.2918;75.4597;0.0000;637.2996;8269.0537
254.3094;75.4420;0.0000;638.2819;8276.0537
252.3448;74.4420;0.0000;642.2642;8283.0537
251.3625;73.4420;0.0000;638.2819;8291.0371
250.3802;73.4066;0.0000;642.2642;8298.0371
248.4156;73.3889;0.0000;637.3881;8305.0371
247.4510;72.3889;0.0000;638.3350;8312.0361
246.4687;72.3712;0.0000;643.2642;8319.0361
244.5041;72.3358;0.0000;637.4058;8326.0361
243.5218;71.3358;0.0000;639.3173;8333.0361
241.5572;71.3181;11.7877;644.3173;8340.0361
240.5749;70.3181;0.0000;637.4412;8347.0371
238.6103;69.3181;0.0000;641.3350;8354.0371
236.6457;68.3181;0.0000;641.4058;8361.0371
235.6634;68.2827;0.0000;638.3704;8368.0371
234.6811;67.2827;0.0000;635.4766;8375.0361
232.7165;66.2650;0.0000;647.3173;8382.0361
230.7695;66.2473;0.0000;633.4943;8389.0361
229.7872;65.2296;0.0000;652.1934;8396.0371
227.8226;65.2119;0.0000;644.3704;8403.0361
226.8403;65.1942;0.0000;645.3350;8410.0371
224.8757;64.1942;0.0000;652.2465;8417.0371
223.8934;64.1588;0.0000;647.3350;8424.0371
221.9288;63.1588;0.0000;647.3173;8431.0361
219.9465;62.1588;0.0000;649.3350;8438.0537
218.9642;62.1412;0.0000;650.2642;8445.0537
217.0173;61.1235;0.0000;652.2288;8452.0537
215.0527;61.1058;0.0000;650.3173;8459.0547
214.0704;60.0881;0.0000;647.3173;8466.0547
212.1058;60.0704;0.0000;654.2111;8474.0371
210.1234;59.0704;0.0000;649.3350;8481.0361
208.1588;59.0527;0.0000;650.2642;8488.0361
207.1766;58.0350;0.0000;654.2465;8495.0361
205.2119;58.0173;0.2123;645.4235;8502.0361
204.2296;57.9996;0.0000;652.2819;8509.0371
202.2650;57.9642;0.2123;652.2996;8516.0361
201.2650;56.9642;0.0000;649.3881;8523.0371
199.3004;56.9465;0.0000;653.2642;8530.0371
198.3181;56.9288;0.0000;650.3527;8537.0371
196.3535;56.8934;0.0000;650.3173;8544.0361
195.3712;56.8757;0.0000;655.2288;8551.0361
193.4066;56.8403;0.0000;649.3881;8558.0361
191.4420;56.8226;0.0000;649.3350;8565.0361
190.4420;55.8049;0.0000;655.2642;8572.0371
188.4774;55.7872;0.0000;647.4235;8579.0371
187.4951;55.7695;0.0000;653.2642;8586.0371
185.5127;55.7342;0.0000;654.2996;8593.0371
184.5305;54.7165;0.0000;647.4235;8600.0361
182.5481;54.6988;0.0000;653.2819;8607.0361
181.5659;54.6634;0.0000;652.3350;8614.0361
179.6012;54.6457;0.0000;650.3527;8621.0537
178.6012;54.6280;0.0000;654.2996;8628.0547
176.6366;54.5926;0.0000;649.4412;8635.0547
175.6366;54.5749;0.0000;650.3704;8642.0537
174.6543;54.5395;0.0000;654.3173;8649.0537
173.6720;54.5218;0.0000;647.4766;8657.0361
172.6720;54.4864;0.0000;652.3350;8664.0361
171.6897;54.4687;0.0000;654.3527;8671.0361
170.6897;54.4510;0.0000;647.4589;8678.0361
169.6897;55.3979;0.0000;653.3527;8685.0371
168.7074;55.3802;0.0000;654.3527;8692.0371
167.7074;55.3449;0.0000;647.4589;8699.0371
167.6897;56.3095;0.0000;654.3350;8706.0371
166.7074;56.2918;0.0000;647.5297;8713.0361
165.7074;56.2564;0.0000;649.4235;8720.0361
164.7074;56.2387;0.0000;654.3527;8727.0361
164.6897;57.2033;0.0000;647.4589;8734.0361
163.7074;57.1856;0.2123;651.3527;8741.0371
163.6897;58.1502;0.0000;653.3881;8748.0371
162.7074;58.1148;0.0000;647.4942;8755.0371
161.7074;58.0971;0.0000;652.3704;8762.0371
160.7251;58.0794;0.0000;651.4058;8769.0371
159.7251;59.0440;0.0000;646.4943;8776.0361
158.7251;59.0263;0.0000;652.3704;8783.0361
157.7428;59.0086;0.0000;647.5297;8790.0361
156.7428;59.9732;0.0000;649.4412;8797.0361
155.7428;59.9556;0.0000;654.3527;8804.0547
155.7251;59.9379;0.0000;647.4766;8811.0547
154.7428;60.9025;0.0000;647.4766;8818.0537
153.7428;60.8671;0.0000;654.4412;8825.0537
152.7428;61.8494;0.0000;646.5297;8832.0537
152.7251;61.8317;0.0000;651.4412;8839.0537
151.7251;61.8140;0.0000;651.4589;8847.0361
150.7428;62.7786;0.0000;644.5474;8854.0371
149.7428;62.7786;0.0000;651.4235;8861.0371
148.7428;63.7432;0.0000;649.5120;8868.0371
146.7782;63.7255;0.0000;645.5119;8875.0371
145.7782;63.7078;0.0000;654.3881;8882.0361
143.7959;63.6901;0.0000;644.5828;8889.0361
142.7959;64.6547;0.0000;647.4766;8896.0361
140.8313;64.6370;0.0000;655.3704;8903.0361
138.8490;65.6016;0.0000;644.5828;8910.0371
137.8667;65.5839;0.0000;645.5297;8917.0371
135.8844;66.5486;0.0000;636.7243;8924.0371
134.8844;66.5486;0.0000;644.5828;8931.0371
133.9021;66.5309;0.0000;639.6358;8938.0371
133.8844;67.4955;0.0000;639.6712;8945.0361
132.9020;67.4778;0.0000;635.5651;8952.0361
131.9020;68.4601;0.0000;642.6004;8959.0361
130.9021;69.4247;0.0000;633.7774;8966.0361
129.9198;69.4247;0.0000;636.6712;8973.0371
128.9198;69.4070;0.0000;638.6712;8980.0371
127.9198;70.3716;0.0000;633.7774;8987.0537
126.9374;70.3539;0.0000;641.4589;8994.0537
124.9552;71.3185;0.0000;640.7065;9001.0547
123.9728;71.3185;0.0000;635.7420;9008.0537
122.9728;72.2831;0.0000;638.7065;9015.0537
121.0082;72.2654;0.2123;638.6888;9022.0537
120.0082;73.2477;0.0000;635.6889;9030.0361
118.0259;74.2123;0.0000;641.5827;9037.0371
117.0259;74.2123;0.0000;633.6358;9044.0371
116.0436;75.1770;0.0000;637.7065;9051.0361
114.0613;76.1416;0.0000;641.5650;9058.0361
113.0613;77.1062;0.2123;633.7774;9065.0361
112.0790;78.0885;0.0000;636.6712;9072.0361
111.0790;78.0708;0.0000;639.6712;9079.0361
110.0790;79.0354;0.0000;634.7420;9086.0371
109.0790;80.0000;0.0000;640.5827;9093.0361
108.0790;80.9823;0.0000;638.6712;9100.0371
106.0967;81.9469;0.2123;637.6888;9107.0371
105.1144;82.9115;0.0000;640.5650;9114.0361
104.1144;83.8938;0.2123;636.6712;9121.0361
103.1144;84.8584;0.0000;635.6889;9128.0361
102.1144;85.8230;0.0000;642.5297;9135.0361
101.1144;86.8054;0.0000;637.6535;9142.0371
100.1144;87.7700;0.0000;638.6004;9149.0371
100.0967;87.7700;0.2123;642.5474;9156.0371
99.0967;88.7346;0.0000;636.6712;9163.0371
99.0790;89.6992;0.0000;643.4943;9170.0371
98.0790;90.6815;0.2123;640.5650;9177.0547
97.0790;91.6461;0.0000;638.6004;9184.0537
97.0613;91.6284;0.0000;643.4766;9191.0537
96.0613;92.6107;0.2123;640.5650;9198.0537
95.0613;93.5753;0.2123;638.5297;9205.0547
94.0613;93.5753;0.2123;643.4766;9213.0371
94.0436;94.5399;0.0000;638.6358;9220.0371
93.0436;94.5222;0.0000;641.5297;9227.0361
93.0259;95.5045;0.0000;643.4943;9234.0361
93.0082;95.4868;0.2123;639.5827;9241.0361
92.9905;96.4691;0.0000;644.4766;9248.0361
91.9905;96.4514;0.0000;644.4766;9255.0371
91.9728;97.4161;0.0000;639.5827;9262.0371
90.9728;98.3983;0.0000;644.4766;9269.0361
90.9552;98.3807;0.0000;641.5827;9276.0371
90.9374;99.3453;0.0000;641.5297;9283.0361
89.9375;99.3453;0.0000;646.4766;9290.0361
89.9198;100.3276;0.0000;641.5827;9297.0361
89.9021;100.3099;0.0000;644.4766;9304.0361
89.8844;101.2922;0.0000;646.4589;9311.0361
88.8667;102.2568;0.0000;635.6889;9318.0371
88.8490;102.2391;0.0000;644.4766;9325.0371
87.8667;103.2037;0.0000;645.4588;9332.0361
87.8490;103.2037;0.0000;641.5650;9339.0371
87.8313;104.1683;0.0000;645.4588;9346.0361
86.8313;104.1683;0.0000;646.4943;9353.0361
86.7959;105.1329;0.0000;641.5297;9360.0537
85.8136;106.0975;0.0000;647.4235;9367.0537
85.7959;106.1152;0.0000;641.5650;9374.0547
84.7959;107.0798;0.0000;644.4235;9381.0547
83.7959;108.0444;0.0000;647.4058;9388.0537
82.7959;108.0444;0.0000;641.5297;9395.0537
81.7959;109.0090;0.0000;645.4412;9403.0361
80.7959;109.9914;0.0000;650.3881;9410.0361
80.7782;109.9914;0.0000;641.5297;9417.0361
79.7782;110.9560;0.0000;647.3881;9424.0371
78.7782;111.9383;0.0000;646.4235;9431.0371
77.7782;111.9206;0.0000;641.5119;9438.0371
76.7782;112.9029;0.0000;646.3881;9445.0371
75.7782;113.8675;0.0000;642.4589;9452.0361
74.7782;114.8498;0.0000;646.3881;9459.0361
73.7605;114.8498;0.0000;650.3173;9466.0361
72.7605;115.7967;0.0000;644.4766;9473.0361
71.7605;116.7790;0.0000;647.3527;9480.0361
70.7605;117.7613;0.0000;649.3527;9487.0371
69.7605;118.7436;0.0000;645.4058;9494.0371
68.7782;119.7259;0.0000;647.3527;9501.0371
67.7782;120.7082;0.0000;649.3173;9508.0371
66.7782;121.6905;0.0000;645.4058;9515.0361
66.7782;121.6905;0.0000;647.3527;9522.0361
65.7782;122.6728;0.0000;645.4058;9529.0361
64.7782;123.6375;0.0000;644.3881;9536.0361
64.7605;124.6198;0.2123;652.2819;9543.0547
63.7605;125.6021;0.0000;645.4058;9550.0547
62.7605;126.5667;0.0000;644.3881;9557.0537
62.7428;126.5667;0.0000;652.2819;9564.0537
61.7428;127.5490;0.0000;647.3704;9571.0537
60.7428;128.5313;0.0000;650.2642;9578.0537
60.7251;129.5136;0.0000;647.3173;9586.0361
59.7251;130.4959;0.0000;646.3173;9593.0361
58.7251;131.4782;0.0000;652.2288;9600.0371
57.7251;132.4605;0.0000;647.3527;9607.0371
57.7074;133.4251;0.0000;647.3173;9614.0371
56.7074;134.4074;0.0000;654.2111;9621.0371
56.6897;135.3897;0.0000;647.3704;9628.0361
55.6897;136.3720;0.0000;649.2819;9635.0361
55.6720;137.3543;0.0000;653.2465;9642.0361
55.6543;138.3366;0.2123;644.3704;9649.0361
54.6543;140.3012;0.0000;654.1757;9656.0371
54.6366;141.2835;0.0000;653.2111;9663.0371
54.6189;142.2658;0.0000;645.3704;9670.0371
53.6189;143.2481;0.0000;654.1757;9677.0371
53.6012;145.2127;0.0000;651.2642;9684.0361
52.6189;146.1951;0.0000;649.2288;9691.0361
52.6012;147.1774;0.0000;655.1757;9698.0361
52.5835;148.1597;0.0000;647.3173;9705.0361
51.5835;149.1420;0.2123;651.2111;9712.0361
51.5659;151.1066;0.0000;655.1404;9719.0371
50.5659;152.0889;0.0000;646.3350;9726.0371
50.5481;154.0535;0.0000;654.1404;9733.0537
50.5305;155.0358;0.0000;654.1934;9740.0537
49.5305;157.0004;0.0000;647.2996;9747.0537
49.5305;157.9827;0.0000;652.2111;9754.0547
48.5305;159.9473;0.0000;652.2111;9761.0537
48.5128;161.9119;0.0000;651.1757;9769.0371
48.4951;163.8765;0.0000;657.0872;9776.0371
47.4951;164.8765;0.0000;651.2288;9783.0371
47.4774;166.8411;0.0000;653.1403;9790.0361
47.4597;168.8058;0.0000;654.1404;9797.0361
46.4597;170.7704;0.0000;650.1757;9804.0361
46.4420;171.7527;0.0000;654.0872;9811.0361
45.4243;173.7173;0.0000;655.1226;9818.0361
44.4420;174.6996;0.0000;650.1934;9825.0361
44.4243;176.6642;0.0000;654.1049;9832.0371
43.4243;177.6465;0.0000;655.1226;9839.0371
43.4066;179.6111;0.0000;651.1934;9846.0371
42.4066;180.5934;0.0000;655.0696;9853.0361
42.4066;182.5580;0.0000;650.2111;9860.0361
41.4066;184.5226;0.2123;650.1403;9867.0361
41.3889;185.5049;0.0000;655.0696;9874.0361
41.3889;187.4872;0.0000;651.1934;9881.0361
40.3889;189.4518;0.0000;653.1049;9888.0371
40.3712;190.4518;0.0000;654.1404;9895.0371
40.3535;192.4165;0.0000;651.1404;9902.0371
40.3358;194.3811;0.2123;656.9988;9909.0371
40.3181;196.3457;0.0000;655.0872;9916.0537
40.3004;198.3103;0.0000;651.1757;9923.0537
40.2827;199.2926;0.0000;657.0872;9930.0537
40.2650;201.2572;0.0000;652.1757;9937.0537
40.2473;202.2395;0.0000;655.0696;9944.0537
40.2296;204.2041;0.0000;660.0341;9951.0547
40.2296;205.1864;0.0000;653.1403;9959.0371
40.2119;206.1687;0.0000;654.0695;9966.0361
40.2119;208.1333;0.0000;658.0342;9973.0361
40.1942;209.1333;0.0000;651.1404;9980.0361
40.1766;210.1156;0.0000;657.0342;9987.0361
40.1766;211.0979;11.7877;656.0518;9994.0361
40.1588;213.0625;11.7877;650.1226;10001.0371
40.1412;214.0448;0.0000;657.0165;10008.0371
40.1235;216.0095;11.7877;651.1580;10015.0371
40.1058;216.9917;0.0000;641.2819;10022.0371
40.0881;217.9741;0.0000;646.1934;10029.0361
40.0881;218.9563;0.0000;642.2996;10036.0361
40.0704;219.9387;0.2123;642.2288;10043.0361
40.0527;220.9210;0.0000;646.1934;10050.0361
40.0350;221.9210;0.0000;640.3173;10057.0371
40.0173;222.9033;0.0000;645.1757;10064.0371
39.9996;223.8856;0.0000;644.1758;10071.0371
39.9819;224.8679;0.0000;641.2288;10078.0371
39.9642;225.8502;0.0000;644.1934;10085.0361
39.9642;226.8325;0.0000;644.2288;10092.0361
39.9465;226.8325;0.0000;642.1934;10099.0537
39.9288;227.8148;0.2123;647.0872;10106.0537
40.8934;228.8148;0.0000;640.2288;10113.0537
40.8757;229.8148;0.0000;641.1404;10120.0547
40.8580;230.7971;0.2123;647.0518;10127.0547
40.8403;231.7794;0.0000;639.1934;10134.0537
40.8226;232.7617;0.0000;644.0165;10142.0361
40.8049;233.7617;0.0000;646.0342;10149.0361
40.7872;233.7794;0.0000;641.1049;10156.0361
40.7872;234.7794;0.0000;644.9811;10163.0361
41.7519;235.7617;0.0000;644.0519;10170.0371
41.7342;236.7617;0.0000;641.0518;10177.0371
41.7165;236.7617;0.0000;646.9988;10184.0371
41.6988;237.7263;0.2123;641.0696;10191.0371
41.6811;238.7086;0.0000;642.9988;10198.0361
41.6634;238.7086;0.2123;638.0872;10205.0361
42.6280;239.6909;0.2123;641.9811;10212.0361
42.6103;240.6732;0.0000;644.8926;10219.0361
42.5926;240.6909;0.0000;648.8041;10226.0361
42.5749;241.6909;0.0000;640.9457;10233.0371
42.5572;242.6909;0.0000;643.8926;10240.0371
42.5395;242.6909;0.2123;643.9103;10247.0361
43.5218;243.6732;0.0000;643.8395;10254.0361
43.5041;244.6555;0.0000;649.7510;10261.0361
43.4864;244.6732;0.2123;642.9103;10268.0361
43.4864;245.6732;0.0000;645.6448;10275.0361
44.4510;246.6555;0.0000;650.6625;10282.0361
44.4333;246.6555;0.2123;643.7864;10289.0547
44.4156;247.6555;0.0000;643.7864;10296.0547
44.3979;248.6555;0.0000;649.6802;10303.0537
44.3802;249.6555;0.0000;640.8395;10310.0537
44.3625;249.6732;0.0000;646.6979;10317.0537
44.3449;250.6555;0.0000;646.6979;10325.0361
44.3449;251.6378;0.2123;642.7333;10332.0361
44.3272;252.6201;0.0000;649.6094;10339.0371
44.2918;252.6378;0.2123;643.7510;10346.0371
44.2741;253.6378;0.0000;643.6802;10353.0371
44.2564;254.6378;0.0000;649.6272;10360.0361
44.2387;254.6378;0.0000;643.6980;10367.0361
44.2210;255.6201;0.0000;641.6803;10374.0361
44.2210;256.6201;0.0000;649.5740;10381.0361
44.2033;257.6202;0.0000;643.6802;10388.0361
44.1856;258.6024;0.0000;648.5033;10395.0361
44.1679;259.5848;0.0000;646.5387;10402.0371
44.1502;260.5848;0.0000;643.6802;10409.0371
44.1325;261.5848;0.0000;649.4325;10416.0371
44.0971;262.5848;0.0000;646.5918;10423.0371
45.0617;263.5670;0.0000;645.5387;10430.0361
45.0440;264.5670;0.0000;650.4502;10437.0361
45.0263;265.5670;0.0000;645.5564;10444.0361
44.9909;266.5670;0.0000;646.4679;10451.0361
44.9732;267.5494;0.0000;650.4148;10458.0361
45.9379;268.5494;0.0000;643.5564;10465.0371
45.9202;269.5494;0.0000;649.4148;10472.0537
45.9025;270.5494;0.0000;650.4148;10479.0537
45.8848;271.5317;0.0000;643.5210;10486.0537
45.8848;272.5317;0.0000;646.4325;10493.0537
46.8317;273.5317;0.0000;646.4325;10500.0547
46.8317;274.5140;0.0000;644.4502;10508.0361
46.8140;275.5140;0.0000;651.3087;10515.0371
46.7963;276.5140;0.0000;644.5033;10522.0371
46.7786;277.5140;0.0000;645.4325;10529.0371
47.7432;278.4963;0.0000;652.3263;10536.0361
47.7432;279.4963;0.0000;643.4679;10543.0361
47.7255;280.4786;0.0000;646.3971;10550.0361
48.7078;281.4786;0.0000;649.4148;10557.0361
48.7078;282.4609;0.0000;643.5210;10564.0361
48.6901;283.4609;0.0000;649.3618;10571.0371
49.6724;284.4432;0.0000;646.4325;10578.0371
49.6724;285.4255;0.0000;645.4148;10585.0371
49.6547;286.4255;0.0000;640.5387;10592.0371
49.6370;287.4078;0.0000;644.4325;10599.0361
49.6370;287.4255;0.0000;649.3264;10606.0361
50.6016;288.4255;0.0000;653.2732;10613.0361
50.5839;289.4255;0.0000;644.4679;10620.0361
51.5486;290.4255;0.0000;649.3087;10627.0361
52.5132;290.4432;0.0000;654.2733;10634.0371
52.4955;291.4255;0.0000;644.3440;10641.0371
53.4778;292.4255;0.0000;649.2909;10648.0371
53.4601;292.4255;0.0000;649.3087;10655.0537
54.4247;293.4255;0.0000;646.3086;10662.0537
54.4247;294.4078;0.0000;653.1494;10669.0537
54.4070;294.4255;0.0000;646.3263;10676.0537
55.3716;295.4078;0.0000;649.2202;10683.0537
55.3716;296.4078;0.0000;654.1317;10690.0547
55.3539;296.4255;0.0000;646.2732;10698.0371
56.3185;297.4255;0.0000;650.1848;10705.0371
56.3185;298.4078;0.0000;651.1671;10712.0361
57.2831;299.4078;0.0000;644.2732;10719.0361
58.2477;300.4078;0.2123;650.1848;10726.0361
58.2300;300.4255;0.0000;650.1671;10733.0361
59.1946;301.4255;0.0000;645.2556;10740.0361
59.1769;302.4078;0.2123;652.0963;10747.0371
60.1593;303.4078;0.0000;646.2025;10754.0371
61.1239;304.4078;0.0000;649.1317;10761.0371
61.1062;305.3901;0.0000;650.1317;10768.0361
62.0885;306.3901;0.0000;646.2379;10775.0361
62.0708;307.3901;0.0000;649.0963;10782.0361
63.0354;307.4078;0.2123;653.0432;10789.0361
63.0354;308.3901;0.0000;648.1671;10796.0361
64.0000;309.3901;0.0000;649.0963;10803.0371
64.9646;310.3901;0.0000;648.0963;10810.0371
64.9646;311.3901;0.0000;644.1848;10817.0371
65.9292;312.3901;0.2123;650.0609;10824.0371
65.9115;313.3724;0.0000;646.1494;10831.0361
66.8938;314.3724;0.0000;646.0963;10838.0361
66.8761;315.3724;0.0000;651.9547;10845.0537
67.8584;316.3724;0.0000;644.1671;10852.0537
67.8407;316.3901;0.0000;648.0609;10859.0537
68.8230;317.3724;0.0000;651.0255;10866.0547
69.7877;318.3724;0.0000;645.1140;10873.0537
70.7700;319.3724;0.0000;649.9901;10881.0361
70.7523;320.3724;0.0000;649.0786;10888.0361
71.7169;321.3547;0.0000;645.1140;10895.0361
72.6992;321.3901;0.0000;648.0432;10902.0361
72.6815;322.3901;0.0000;644.1671;10909.0361
73.6638;323.3901;0.0000;645.0786;10916.0371
74.6284;324.3901;0.0000;651.0078;10923.0371
75.6107;325.3901;0.0000;642.1317;10930.0371
76.5753;325.4078;0.0000;646.0609;10937.0361
77.5576;326.4078;0.0000;649.9370;10944.0361
77.5399;327.4078;0.0000;643.0609;10951.0361
78.5222;328.4255;0.0000;649.9547;10958.0361
79.4868;329.4255;0.0000;650.9724;10965.0361
80.4691;329.4432;0.0000;643.0609;10972.0361
80.4514;330.4432;0.0000;647.9901;10979.0371
81.4161;331.4609;0.0000;648.0078;10986.0371
82.3983;332.4609;0.0000;643.0786;10993.0371
83.3807;333.4609;0.0000;646.0078;11000.0361
84.3453;334.4609;0.0000;641.1317;11007.0361
84.3453;335.4786;0.0000;643.0609;11014.0361
85.3276;335.4963;0.0000;648.9017;11021.0361
86.2922;336.4963;0.0000;640.1494;11028.0537
87.2745;337.4963;0.0000;643.0609;11035.0547
88.2568;338.4963;0.0000;644.0609;11042.0537
89.2391;339.4963;0.2123;639.1317;11049.0537
91.1860;340.5140;0.0000;643.0609;11056.0537
92.1683;341.5140;0.0000;643.0609;11064.0361
93.1329;342.5140;0.0000;640.1140;11071.0361
94.1152;342.5317;0.0000;644.9724;11078.0361
94.1152;343.5317;0.0000;637.1671;11085.0371
95.0975;344.5317;0.0000;640.0786;11092.0371
96.0621;345.5316;0.0000;646.0078;11099.0361
97.0444;346.5317;0.0000;640.1140;11106.0371
98.0090;346.5494;0.2123;644.9547;11113.0361
98.0090;347.5670;0.0000;644.0432;11120.0361
98.9914;348.5670;0.0000;639.1317;11127.0361
99.9560;349.5670;0.2123;643.0078;11134.0361
100.9383;350.5670;0.0000;643.0609;11141.0361
101.9206;351.5670;0.2123;637.1671;11148.0371
102.8852;351.5847;0.0000;643.0078;11155.0371
102.8852;352.5848;0.0000;643.0786;11162.0361
103.8498;353.5848;0.0000;640.0432;11169.0361
104.8321;353.6202;0.0000;645.9547;11176.0361
104.8321;354.6202;0.0000;640.0786;11183.0361
105.7967;355.6024;0.0000;642.0078;11190.0361
106.7790;355.6202;0.0000;645.9547;11197.0361
107.7613;356.6201;0.0000;639.0786;11204.0371
108.7436;357.6201;0.0000;642.9547;11211.0537
109.7082;357.6378;0.0000;642.9901;11218.0547
109.7082;358.6378;0.0000;641.0609;11225.0537
110.6905;358.6555;0.0000;644.9724;11232.0537
111.6728;359.6555;0.0000;638.1140;11239.0537
112.6375;359.6732;0.0000;640.0432;11246.0537
113.6197;360.6732;0.0000;644.0432;11254.0361
113.6197;360.6909;0.0000;640.1140;11261.0371
114.6021;360.7086;0.0000;640.0255;11268.0371
115.5667;361.7086;0.0000;643.0609;11275.0361
116.5490;361.7263;0.2123;637.1671;11282.0361
117.5313;362.7086;0.0000;642.9370;11289.0361
118.5136;362.7263;0.0000;641.0255;11296.0361
119.4782;363.7263;0.0000;637.1140;11303.0361
120.4605;363.7440;0.0000;642.9547;11310.0361
121.4428;363.7617;0.0000;640.0255;11317.0361
122.4074;364.7617;0.0000;637.0786;11324.0371
122.4074;364.7794;0.0000;642.9547;11331.0371
123.3897;364.8148;0.0000;637.0786;11338.0361
124.3720;364.8325;0.0000;639.9901;11345.0361
125.3543;365.8325;0.0000;642.9901;11352.0361
125.3366;365.8502;0.2123;636.1140;11359.0361
126.3189;365.8856;0.0000;638.0078;11366.0361
127.3012;366.8856;0.2123;640.9724;11373.0361
128.2835;366.9033;0.0000;637.0963;11380.0361
129.2658;366.9387;0.0000;637.0255;11387.0371
130.2481;367.9387;0.0000;640.0432;11394.0371
130.2481;367.9564;0.0000;638.0255;11401.0537
131.2304;368.9741;0.2123;640.0078;11408.0537
132.1951;368.9918;0.0000;637.0609;11415.0537
133.1774;369.9917;0.2123;638.0255;11422.0537
134.1597;370.0271;0.0000;642.9370;11429.0537
135.1420;370.0448;0.0000;634.1671;11437.0371
136.1243;370.0625;0.0000;638.0255;11444.0371
137.1066;371.0802;0.0000;638.0432;11451.0361
138.0889;371.0979;0.2123;629.2202;11458.0361
138.0889;371.1156;0.0000;637.0432;11465.0361
139.0712;371.1333;0.2123;636.0786;11472.0361
140.0535;372.1333;0.0000;635.0786;11479.0361
141.0358;372.1510;0.0000;637.0432;11486.0371
142.0181;372.1687;0.2123;634.1140;11493.0361
143.0004;372.1864;0.0000;633.1140;11500.0371
143.9827;373.1864;0.0000;638.0432;11507.0361
144.9650;373.2041;0.0000;630.2202;11514.0361
144.9650;373.2218;0.0000;632.0963;11521.0371
145.9473;373.2395;0.0000;637.1317;11528.0361
146.9296;374.2395;0.0000;632.1671;11535.0371
147.9119;374.2571;0.0000;635.0963;11542.0361
147.9119;374.2749;0.0000;634.1494;11549.0371
148.8765;374.2925;11.7877;632.1317;11556.0361
149.8588;374.3102;0.0000;637.1140;11563.0371
150.8411;374.3279;0.0000;632.1848;11570.0361
151.8234;375.3280;0.0000;632.1671;11577.0361
151.8234;375.3456;0.0000;637.1317;11584.0547
153.7881;375.3634;0.0000;633.2379;11591.0537
154.7704;375.3634;0.0000;634.1671;11598.0547
155.7527;376.3633;0.0000;636.1848;11605.0537
156.7350;376.3810;0.0000;628.3617;11612.0547
158.6996;376.3987;0.0000;635.1494;11620.0361
159.6819;377.3987;0.0000;634.2202;11627.0361
160.6642;377.4164;0.0000;632.2556;11634.0371
162.6288;377.4341;0.0000;636.1848;11641.0361
163.6111;378.4342;0.0000;632.2909;11648.0371
164.5934;378.4518;0.0000;630.3263;11655.0361
166.5580;378.4518;0.0000;634.2556;11662.0371
167.5403;378.4695;0.0000;628.3794;11669.0361
169.5226;379.4695;0.0000;629.3440;11676.0371
170.5049;379.5049;0.0000;622.4856;11683.0361
172.4695;380.5049;0.0000;625.4856;11690.0361
174.4341;380.5226;0.0000;630.2909;11697.0371
176.3988;381.5226;0.0000;629.4148;11704.0361
177.3810;381.5403;0.0000;622.5033;11711.0371
179.3634;381.5580;0.0000;628.3971;11718.0361
181.3280;382.5580;0.0000;625.5210;11725.0371
183.2926;382.5757;0.0000;625.4325;11732.0361
185.2572;382.5934;11.7877;630.3794;11739.0361
187.2395;382.6111;0.0000;622.5740;11746.0361
189.2041;382.6288;0.0000;624.4856;11753.0361
190.1864;382.6465;0.0000;628.4679;11760.0371
192.1687;382.6819;0.0000;622.6094;11767.0537
194.1333;382.6996;0.0000;625.5033;11774.0547
196.1156;382.7173;0.0000;623.5918;11781.0537
198.0802;382.7350;0.0000;622.6272;11788.0547
200.0448;382.7527;0.0000;625.5210;11795.0537
202.0272;382.7704;0.0000;623.6448;11802.0537
203.9917;382.7881;11.7877;622.5918;11810.0371
205.9564;382.8057;0.2123;626.5564;11817.0361
207.9387;382.8234;0.0000;621.7333;11824.0371
209.9033;382.8412;0.0000;622.6802;11831.0361
211.8679;382.8588;0.0000;622.6980;11838.0371
213.8502;381.8942;0.0000;619.7510;11845.0352
215.8148;381.9119;0.0000;621.6979;11852.0361
217.7794;380.9473;11.7877;623.6625;11859.0371
219.7617;380.9650;0.0000;616.7510;11866.0361
221.7263;380.0181;0.0000;622.6802;11873.0371
223.6909;380.0358;11.7877;620.7156;11880.0361
225.6732;380.0535;0.0000;617.7687;11887.0361
227.6378;379.0889;0.0000;622.6625;11894.0361
229.6202;379.1066;0.0000;619.7687;11901.0371
231.5848;379.1243;0.0000;619.7156;11908.0361
233.5670;378.1597;0.0000;623.7157;11915.0361
235.5316;378.1774;0.0000;618.8395;11922.0371
237.4963;378.1950;0.0000;621.7510;11929.0361
238.4963;377.2304;0.0000;622.7510;11936.0371
240.4609;377.2658;0.0000;617.8041;11943.0361
242.4255;376.3012;0.0000;622.6980;11950.0361
243.4255;376.3189;11.7877;622.7510;11957.0537
245.3901;375.3543;0.0000;620.7510;11964.0547
247.3724;375.3720;0.0000;623.6625;11971.0537
248.3547;374.4074;0.0000;616.8572;11978.0537
250.3370;374.4251;0.0000;617.8218;11985.0547
252.3016;373.4782;0.0000;622.7156;11993.0361
253.3016;373.4958;0.0000;618.8218;12000.0361
255.2839;372.5312;0.0000;619.7333;12007.0361
257.2485;372.5667;0.0000;623.7157;12014.0371
258.2485;372.5844;0.0000;618.8218;12021.0361
259.2485;371.6198;0.0000;620.7687;12028.0361
261.2131;371.6551;0.0000;621.7687;12035.0371
262.2131;371.6728;0.0000;617.8218;12042.0361
263.1955;370.7260;0.0000;622.6980;12049.0371
264.1955;370.7436;0.0000;619.7864;12056.0361
265.1955;370.7613;0.0000;617.7510;12063.0361
266.1777;370.7967;0.0000;623.7157;12070.0361
268.1601;369.8321;0.0000;616.8572;12077.0371
269.1601;369.8498;0.0000;619.7687;12084.0361
270.1601;369.8852;0.0000;622.6980;12091.0361
271.1601;369.9029;0.0000;616.8395;12098.0371
272.1601;368.9383;0.0000;622.6625;12105.0361
273.1423;368.9737;11.7877;621.7510;12112.0371
274.1424;368.9914;0.2123;617.8218;12119.0361
275.1423;369.0091;0.0000;620.7156;12126.0361
276.1424;368.0622;0.0000;619.7333;12133.0361
278.1247;368.0798;0.0000;617.7687;12140.0537
279.1247;368.0975;0.0000;622.6625;12147.0537
280.1070;368.1152;0.0000;616.8218;12154.0537
281.1070;368.1506;0.0000;621.6979;12161.0547
282.1070;368.1683;0.0000;622.6980;12168.0537
284.0893;368.1860;0.0000;616.8395;12176.0371
285.0893;368.2214;0.0000;620.7510;12183.0361
286.0893;367.2568;0.0000;621.7687;12190.0361
287.0893;367.2744;0.0000;616.8218;12197.0361
288.0893;367.2922;0.0000;622.6802;12204.0361
289.0893;366.3276;0.0000;619.7864;12211.0371
290.0893;366.3629;0.0000;616.8041;12218.0361
291.0893;366.3807;11.7877;621.7510;12225.0371
291.1070;366.3983;0.0000;616.8218;12232.0361
292.1070;365.4337;0.0000;618.7510;12239.0371
293.1070;365.4514;0.0000;621.6979;12246.0361
294.1070;364.4868;0.0000;616.8572;12253.0361
295.1070;364.5045;0.0000;616.7687;12260.0361
296.0893;364.5222;0.0000;620.7687;12267.0361
297.0893;363.5576;0.0000;614.8395;12274.0371
298.0893;363.5753;0.0000;619.7333;12281.0361
299.0893;362.6107;0.0000;619.7687;12288.0371
300.0716;362.6107;0.0000;616.7864;12295.0361
301.0716;361.6461;0.0000;621.6979;12302.0371
302.0716;361.6638;0.0000;615.8395;12309.0361
303.0539;361.6815;0.0000;616.7333;12316.0361
304.0539;360.6992;0.0000;623.6625;12323.0547
305.0362;360.7169;0.0000;616.8218;12330.0537
307.0185;359.7523;0.0000;620.7156;12337.0547
308.0185;359.7700;0.0000;621.7333;12344.0537
309.0008;358.8054;0.0000;616.8218;12351.0547
310.0008;358.8230;0.0000;621.6803;12358.0537
311.0008;357.8585;0.0000;621.6979;12366.0361
312.0008;357.8761;0.0000;617.7687;12373.0371
313.0008;356.8938;0.0000;619.7156;12380.0361
314.0008;356.9292;0.0000;615.8218;12387.0371
315.9831;355.9469;0.0000;619.6802;12394.0361
316.9831;354.9823;0.0000;621.6979;12401.0371
317.9831;354.9823;0.0000;616.7864;12408.0361
319.9654;354.0177;0.0000;619.7156;12415.0371
320.9831;353.0531;0.0000;620.7156;12422.0361
321.9831;352.0885;0.0000;616.7864;12429.0361
323.9654;351.1239;0.0000;620.6979;12436.0371
324.9654;351.1239;0.0000;619.7333;12443.0361
326.9477;350.1593;0.0000;616.7333;12450.0371
327.9654;349.1946;0.0000;621.6979;12457.0361
329.9477;348.2123;0.0000;618.7864;12464.0371
331.9477;347.2477;0.0000;617.7687;12471.0361
332.9654;346.2831;0.0000;622.6448;12478.0371
333.9654;345.3008;0.0000;616.8218;12485.0361
335.9654;343.3539;0.0000;617.7333;12492.0361
337.9654;342.3716;0.0000;622.6802;12499.0371
338.9654;341.4070;0.0000;614.8395;12506.0537
340.9654;340.4424;0.0000;620.6802;12513.0547
341.9654;339.4778;0.0000;620.7333;12520.0537
343.9654;338.5132;0.0000;616.7864;12527.0537
344.9654;336.5486;0.0000;619.7333;12534.0537
345.9831;335.5840;0.0000;618.7864;12541.0537
347.9654;334.6193;0.0000;616.7864;12549.0371
348.9831;332.6724;0.0000;622.6802;12556.0361
349.9831;331.7078;0.0000;615.8572;12563.0361
351.9831;329.7432;0.0000;618.7510;12570.0361
352.9831;328.7786;0.0000;621.6803;12577.0371
354.0008;327.8140;0.0000;614.8572;12584.0361
355.0185;325.8494;0.0000;619.7333;12591.0361
357.0185;324.8848;0.0000;619.7864;12598.0361
358.0185;322.9201;0.0000;614.8572;12605.0361
359.0362;321.9556;0.0000;619.7333;12612.0371
360.0539;319.9909;0.0000;619.8218;12619.0361
361.0716;318.0440;11.7877;617.7864;12626.0371
363.0716;317.0794;0.0000;619.7687;12633.0361
364.0716;315.1148;0.0000;615.8926;12640.0371
365.0893;314.1502;0.0000;616.8395;12647.0361
367.0893;312.1856;0.0000;621.7510;12654.0361
368.1070;310.2387;0.0000;614.8395;12661.0361
369.1247;309.2563;0.0000;618.7864;12668.0361
370.1424;307.3094;0.0000;621.7510;12675.0371
371.1601;305.3448;0.0000;613.8926;12682.0361
372.1777;303.3979;0.0000;619.7687;12689.0371
373.1777;301.4333;0.0000;616.8749;12696.0537
373.2131;300.4510;0.0000;616.8395;12703.0537
374.2308;298.4864;0.0000;619.7864;12710.0537
376.2131;296.5395;0.0000;615.9103;12717.0537
377.2309;295.5572;0.0000;616.8572;12724.0547
378.2308;293.6103;0.0000;621.7510;12732.0361
379.2485;292.6280;0.0000;617.8749;12739.0371
380.2485;290.6811;0.0000;617.8218;12746.0361
381.2662;288.7165;0.0000;619.8218;12753.0371
382.2839;287.7341;0.0000;614.9280;12760.0361
383.2839;285.7695;0.0000;617.8572;12767.0361
384.3016;283.8049;0.0000;619.8572;12774.0361
385.3193;281.8580;0.0000;615.9457;12781.0361
385.3370;280.8757;0.0000;620.8218;12788.0371
386.3547;278.9111;0.0000;616.9103;12795.0361
387.3724;276.9642;0.0000;616.8926;12802.0371
388.3724;274.9996;0.0000;621.8041;12809.0361
389.3901;274.0173;0.0000;616.9280;12816.0371
390.3901;272.0526;0.0000;617.8218;12823.0361
391.4078;271.0881;11.7877;621.8395;12830.0361
392.4078;269.1234;0.0000;615.9634;12837.0371
392.4255;267.1588;0.0000;619.8218;12844.0361
393.4432;266.1766;0.0000;619.8749;12851.0371
394.4432;264.2296;0.0000;615.9457;12858.0361
394.4786;262.2650;0.0000;617.8395;12865.0371
395.4786;261.2827;0.0000;618.8749;12872.0361
396.4786;259.3181;0.0000;617.9103;12879.0537
396.5140;257.3535;0.0000;622.8395;12886.0537
397.5140;255.3889;0.0000;616.9811;12893.0537
397.5494;254.4066;0.0000;619.8926;12900.0547
398.5494;252.4420;0.0000;622.8572;12907.0537
398.5847;250.4774;0.0000;616.9811;12914.0547
399.5847;249.4951;0.0000;622.8218;12922.0361
399.6024;247.5305;0.0000;622.8926;12929.0371
400.6201;245.5659;0.0000;619.9280;12936.0361
400.6378;244.5836;0.0000;624.8041;12943.0361
400.6732;242.6189;0.0000;624.8572;12950.0371
400.6909;240.6543;0.0000;625.7864;12957.0361
400.7263;238.6897;0.0000;628.7510;12964.0371
399.7794;236.7251;0.0000;624.8395;12971.0361
399.7971;234.7605;11.7877;625.8041;12978.0371
398.8502;232.7959;0.0000;632.7157;12985.0361
398.8856;230.8313;11.7877;623.8926;12992.0361
398.9033;229.8490;0.0000;628.7687;12999.0361
397.9564;227.8844;11.7877;632.7510;13006.0361
397.9918;226.9021;11.7877;623.8749;13013.0371
398.0272;224.9198;11.7877;628.7864;13020.0361
397.0625;223.9374;0.0000;628.8041;13027.0371
397.0979;222.9552;11.7877;624.8749;13034.0361
397.1333;220.9905;0.0000;632.7157;13041.0371
397.1510;219.9905;0.0000;624.8926;13048.0361
397.1864;219.0082;0.0000;625.8749;13055.0361
396.2395;217.0259;0.0000;619.9988;13062.0537
396.2749;216.0436;0.0000;632.8041;13069.0537
396.3103;215.0613;0.0000;635.6979;13076.0547
396.3457;214.0613;0.0000;640.6448;13083.0537
395.3810;213.0790;0.0000;633.7864;13090.0547
395.4164;211.0967;0.0000;638.6625;13097.0537
395.4518;211.0967;0.0000;638.7333;13105.0361
395.4872;210.0967;0.0000;634.8041;13112.0361
395.5049;209.1144;0.0000;640.6625;13119.0361
395.5580;208.1144;0.0000;637.7687;13126.0371
395.5934;208.0967;0.0000;637.7864;13133.0361
395.6111;207.1144;0.0000;641.6803;13140.0371
395.6465;206.1144;0.0000;637.7864;13147.0361
395.6819;206.0967;0.0000;638.7333;13154.0371
395.6996;205.1144;0.0000;642.7156;13161.0361
395.7350;205.0967;0.0000;637.8218;13168.0361
395.7703;205.0790;0.0000;640.7156;13175.0352
395.7881;205.0613;0.0000;636.8395;13182.0361
395.8234;205.0436;0.0000;620.1226;13189.0371
395.8411;205.0259;0.2123;586.7065;13196.0361
394.8942;205.0082;0.0000;535.6976;13203.0371
394.9296;204.9905;0.2123;432.5202;13210.0361
394.9473;203.9905;0.0000;19.9346;13217.0371
5.0078;6.5296;0.0000;17.0762;228.1483
5.0255;6.5119;0.0000;17.0408;228.2721
5.0609;6.4943;0.0000;17.0762;228.3960
5.0963;6.4589;0.0000;17.0762;228.5198
5.1140;6.4412;0.0000;17.0408;228.6614
5.1494;6.4235;0.0000;17.0762;228.7853
5.1848;6.4058;0.0000;17.0939;228.9091
5.2025;6.3881;0.0000;17.0762;229.0330
5.2379;6.3704;0.0000;17.1116;229.1569
5.2556;6.3527;0.0000;17.0762;229.2808
5.2910;6.3350;0.0000;17.1292;229.4046
5.3263;6.3173;0.0000;17.1646;229.5285
5.3617;6.2819;0.0000;17.0939;229.6523
5.3971;6.2642;0.0000;17.1292;229.7762
5.4148;6.2465;0.0000;17.1824;229.9001
5.4502;6.2111;0.0000;17.0939;230.0240
5.4856;6.1934;0.0000;17.1824;230.1478
5.5033;6.1757;0.0000;17.1824;230.2717
5.5387;6.1580;0.0000;17.1292;230.3955
5.5564;6.1226;0.0000;17.1824;230.5195
5.5918;6.1226;0.0000;17.1292;230.6433
5.6095;6.0873;0.0000;17.1116;230.7672
5.6449;6.0873;0.0000;17.2178;230.8910
5.6626;6.0696;0.0000;17.1470;231.0149
5.6980;6.0519;0.0000;17.1824;231.1388
5.7156;6.0342;0.0000;17.1824;231.2627
5.7510;5.9988;0.0000;17.1470;231.3865
5.7864;5.9811;0.0000;17.1824;231.5104
5.8218;5.9634;0.0000;17.1824;231.6342
5.8395;5.9280;0.0000;17.1824;231.7581
5.8749;5.8926;0.0000;17.2354;231.8997
5.9103;5.8749;0.0000;17.2000;232.0235
5.9280;5.8395;0.0000;17.2178;232.1474
5.9457;5.8218;0.0000;17.2885;232.2713
5.9811;5.8041;0.0000;17.1824;232.3952
5.9988;5.7864;0.0000;17.2354;232.5190
6.0165;5.7510;0.0000;17.2178;232.6429
6.0519;5.7333;0.2123;17.2178;232.7668
6.0696;5.7156;0.0000;17.2531;232.8906
6.0873;5.6980;0.2123;17.2531;233.0145
6.1049;5.6626;0.0000;17.2178;233.1384
6.1403;5.6449;0.0000;17.2531;233.2622
6.1580;5.6095;0.0000;17.2354;233.3861
6.1757;5.5918;0.0000;17.2354;233.5099
6.1934;5.5741;0.0000;17.2885;233.6339
6.2288;5.5387;0.0000;17.2000;233.7577
6.2465;5.5210;0.0000;17.2531;233.8816
6.2642;5.4856;0.0000;17.2885;234.0054
6.2819;5.4502;0.0000;17.2178;234.1293
6.2996;5.4148;0.0000;17.2885;234.2532
6.3350;5.3794;0.0000;17.2708;234.3771
6.3527;5.3440;0.0000;17.2178;234.5009
6.3881;5.3087;0.0000;17.2885;234.6248
6.4058;5.2733;0.0000;17.2708;234.7486
6.4412;5.2379;0.0000;17.2531;234.8725
6.4589;5.2202;0.0000;17.3062;234.9964
6.4766;5.1848;0.0000;17.2708;235.1380
6.4943;5.1671;0.0000;17.2885;235.2618
6.5119;5.1494;0.0000;17.3062;235.3857
6.5473;5.1140;0.0000;17.2531;235.5096
6.5473;5.0963;0.0000;17.2885;235.6334
6.5650;5.0786;0.0000;17.3062;235.7573
6.5827;5.0432;0.0000;17.2885;235.8812
6.6004;5.0255;0.0000;17.3416;236.0050
6.6181;4.9901;0.0000;17.3239;236.1289
6.6358;4.9547;0.0000;17.3062;236.2528
6.6535;4.9370;0.2123;17.3416;236.3766
6.6535;4.9017;0.0000;17.3416;236.5005
6.6712;4.8663;0.2123;17.3416;236.6244
6.6889;4.8486;0.0000;17.3770;236.7483
6.7066;4.8132;0.0000;17.3416;236.8721
6.7066;4.7778;0.0000;17.3770;236.9960
6.7420;4.7601;0.0000;17.3770;237.1198
6.7420;4.7247;0.0000;17.2178;237.2437
6.7597;4.6893;0.0000;17.3947;237.3676
6.7774;4.6539;0.0000;17.4124;237.4915
6.7951;4.6362;0.0000;17.3947;237.6153
6.7951;4.6008;0.0000;17.4301;237.7392
6.8128;4.5654;0.0000;17.3947;237.8630
6.8305;4.5300;0.0000;17.4124;237.9869
6.8482;4.5124;0.0000;17.4478;238.1108
6.8482;4.4770;0.0000;17.3947;238.2347
6.8659;4.4593;0.0000;17.3770;238.3585
6.8836;4.4416;0.0000;17.4301;238.5001
6.9012;4.4062;0.0000;17.3947;238.6240
6.9012;4.3885;0.0000;17.3770;238.7478
6.9189;4.3708;0.0000;17.4124;238.8717
6.9366;4.3354;0.0000;17.3947;238.9956
6.9366;4.3177;0.0000;17.4124;239.1194
6.9543;4.2823;0.0000;17.3947;239.2433
6.9720;4.2646;0.0000;17.4478;239.3672
6.9720;4.2292;0.0000;17.4832;239.4910
6.9720;4.1938;0.0000;17.3947;239.6149
6.9720;4.1761;0.0000;17.4124;239.7388
6.9897;4.1407;0.0000;17.4478;239.8627
6.9897;4.1231;0.0000;17.3947;239.9865
6.9897;4.0877;0.0000;17.3947;240.1104
7.0074;4.0523;0.2123;17.4301;240.2342
7.0074;4.0346;0.0000;17.4124;240.3582
7.0251;3.9992;0.2123;17.3947;240.4820
7.0251;3.9815;0.0000;17.3593;240.6059
7.0251;3.9638;0.0000;17.3593;240.7298
7.0428;3.9461;0.0000;17.3416;240.8536
7.0428;3.9461;0.2123;17.3593;240.9775
7.0428;3.9284;0.0000;17.3947;241.1013
7.0428;3.9107;0.2123;17.3947;241.2252
7.0428;3.9107;0.0000;17.3416;241.3491
7.0428;3.8930;0.0000;17.3593;241.4730
7.0428;3.8753;0.0000;17.2885;241.5968
7.0428;3.8399;0.0000;17.1646;241.7384
7.0428;3.8222;0.0000;17.3770;241.8623
7.0605;3.8045;0.0000;17.1116;241.9861
7.0605;3.7692;0.0000;17.2354;242.1100
7.0605;3.7514;0.0000;17.2354;242.2339
7.0605;3.7338;0.0000;17.1646;242.3577
7.0782;3.7161;0.0000;17.1824;242.4816
7.0782;3.6984;0.0000;17.2178;242.6055
7.0782;3.6807;0.0000;17.1470;242.7293
7.0782;3.6630;0.0000;17.1824;242.8532
7.0782;3.6453;0.0000;17.1824;242.9771
7.0782;3.6276;0.0000;17.0939;243.1009
7.0782;3.6099;0.0000;17.1292;243.2248
7.0959;3.5922;0.0000;17.0939;243.3487
7.0959;3.5745;0.0000;17.0585;243.4725
7.0959;3.5568;0.0000;17.0408;243.5964
7.0959;3.5568;0.0000;17.0408;243.7203
7.0959;3.5568;0.0000;17.0762;243.8442
7.0959;3.5568;0.0000;17.1116;243.9680
7.0959;3.5568;0.0000;17.0408;244.0919
7.0959;3.5391;0.0000;17.0585;244.2158
7.0959;3.5391;0.0000;17.0231;244.3396
7.0959;3.5391;0.0000;16.9346;244.4635
7.0959;3.5391;0.0000;16.8107;244.5874
7.0782;3.5391;0.0000;16.5984;244.7112
7.0782;3.5391;0.0000;16.3153;244.8351
7.0782;3.5391;0.0000;16.1029;244.9767
7.0782;3.5391;0.0000;15.6074;245.1005
7.0782;3.5391;0.0000;14.8465;245.2244
7.0782;3.5391;0.0000;13.7317;245.3483
7.0782;3.5391;0.2123;11.4136;245.4721
7.0605;3.5391;0.4247;7.0074;245.5960
7.0605;3.5391;0.6370;3.3445;245.7199
10.8650;-0.2831;0.0000;7.0428;262.7607
10.8650;-0.3008;0.0000;7.0959;262.8845
10.8650;-0.3008;0.0000;7.1136;263.0084
10.8650;-0.3008;0.0000;7.5029;263.1323
10.8650;-0.3008;0.0000;8.0161;263.2561
10.8650;-0.3008;0.0000;8.2284;263.3800
10.8650;-0.3008;0.0000;8.1753;263.5039
10.8650;-0.3008;0.0000;7.8745;263.6277
10.8650;-0.2831;0.0000;7.0074;263.7516
10.8650;-0.2831;0.0000;2.6543;263.8755
