200.0068;202.9932;0.0000;1.7441;11873993.0000
200.0068;202.9932;0.0000;15.7272;11874000.0000
200.0068;202.9932;0.0000;27.6863;11874007.0000
200.0068;202.9932;0.0000;39.7682;11874014.0000
200.0068;202.9932;0.0000;61.0139;11874021.0000
200.0068;202.9932;0.0000;76.2529;11874027.0000
200.0068;202.9932;0.0000;86.3826;11874035.0000
200.0068;202.9932;0.0000;98.4577;11874042.0000
200.0068;202.9932;0.0000;101.6079;11874048.0000
200.0136;202.9932;0.0000;106.7376;11874056.0000
200.0136;202.9932;0.0000;116.8059;11874063.0000
200.0136;202.9932;0.0000;118.9220;11874072.0000
200.0205;202.9932;0.0000;127.9834;11874079.0000
200.0205;202.9932;0.0000;132.0380;11874086.0000
200.0273;202.9864;0.0000;131.1472;11874094.0000
200.0273;202.9864;0.0000;136.1950;11874100.0000
200.0341;202.9864;0.0000;139.2360;11874106.0000
200.0341;202.9795;0.0000;139.3248;11874114.0000
200.0341;202.9795;0.0000;145.3247;11874120.0000
200.0410;202.9795;0.0000;142.4066;11874128.0000
200.0410;202.9795;0.0000;144.4613;11874135.0000
200.0478;202.9727;0.0000;146.4749;11874142.0000
200.0478;202.9727;0.0000;142.5637;11874148.0000
200.0546;202.9659;0.0000;145.5773;11874155.0000
200.0546;202.9659;0.0000;147.5773;11874162.0000
200.0546;202.9659;0.0000;143.6388;11874169.0000
200.0614;202.9590;0.0000;148.6183;11874177.0000
200.0614;202.9522;0.0000;148.6251;11874183.0000
200.0614;202.9522;0.0000;146.6729;11874190.0000
200.0614;202.9454;0.0000;148.6592;11874198.0000
200.0614;202.9454;0.0000;146.6934;11874204.0000
200.0614;202.9386;0.0000;145.7412;11874212.0000
200.0614;202.9386;0.0000;151.7002;11874219.0000
200.0614;202.9386;0.0000;145.7753;11874226.0000
200.0614;202.9317;0.0000;148.7822;11874233.0000
200.0614;202.9317;0.0000;148.7685;11874240.0000
200.0614;202.9317;0.0000;145.8231;11874246.0000
200.0614;202.9249;0.0000;148.8163;11874254.0000
200.0614;202.9249;0.0000;147.8094;11874261.0000
200.0614;202.9181;0.0000;145.8368;11874269.0000
200.0614;202.9181;0.0000;148.8231;11874275.0000
200.0614;202.9181;0.0000;145.8640;11874282.0000
200.0614;202.9113;0.0000;146.8914;11874289.0000
200.0614;202.9113;0.0000;151.8504;11874296.0000
200.0546;202.9113;0.0000;146.9118;11874303.0000
200.0546;202.9044;0.0000;147.9255;11874310.0000
200.0546;202.9044;0.0000;149.9050;11874317.0000
200.0546;202.9044;0.0000;146.9597;11874323.0000
200.0546;202.9044;0.0000;148.9460;11874331.0000
200.0546;202.8976;0.0000;151.9187;11874338.0000
200.0546;202.8976;0.0000;148.9665;11874346.0000
200.0478;202.8976;0.0000;152.9391;11874353.0000
200.0478;202.8907;0.0000;149.9665;11874359.0000
200.0478;202.8907;0.0000;148.9870;11874366.0000
200.0478;202.8907;0.0000;152.9597;11874373.0000
200.0410;202.8907;0.0000;149.0074;11874380.0000
200.0410;202.8839;0.0000;149.0279;11874387.0000
200.0410;202.8839;0.0000;152.9801;11874395.0000
200.0341;202.8839;0.0000;147.0689;11874401.0000
200.0341;202.8839;0.0000;153.0006;11874408.0000
200.0341;202.8839;0.0000;153.0211;11874415.0000
200.0341;202.8771;0.0000;149.0552;11874421.0000
200.0273;202.8771;0.0000;153.0279;11874429.0000
200.0273;202.8771;0.0000;150.0484;11874437.0000
200.0273;202.8771;0.0000;148.0757;11874444.0000
200.0273;202.8771;0.0000;150.0620;11874450.0000
200.0273;202.8771;0.0000;146.1030;11874458.0000
200.0205;202.8703;0.0000;147.1098;11874465.0000
200.0205;202.8703;0.0000;149.0757;11874472.0000
200.0136;202.8703;0.0000;145.1371;11874479.0000
200.0136;202.8703;0.0000;149.1030;11874487.0000
200.0068;202.8703;0.0000;150.0894;11874493.0000
200.0068;202.8703;0.0000;146.1371;11874500.0000
200.0068;202.8703;0.0000;149.1303;11874507.0000
200.0000;202.8703;0.0000;149.1303;11874513.0000
200.0000;202.8634;0.0000;146.1781;11874521.0000
199.9932;202.8634;0.0000;150.1440;11874528.0000
199.9932;201.8703;0.0000;147.1849;11874535.0000
199.9932;201.8703;0.0000;148.1985;11874542.0000
199.9863;201.8703;0.0000;152.1576;11874549.0000
199.9863;201.8703;0.0000;146.2191;11874555.0000
199.9863;201.8634;0.0000;149.2054;11874562.0000
199.9795;201.8634;0.0000;152.1712;11874570.0000
199.9795;201.8634;0.0000;146.2327;11874576.0000
199.9727;201.8634;0.0000;148.2259;11874586.0000
199.9727;201.8634;0.0000;149.2122;11874592.0000
199.9659;201.8634;0.0000;147.2464;11874599.0000
199.9659;201.8634;0.0000;150.2122;11874606.0000
199.9590;201.8634;0.0000;147.2464;11874613.0000
199.9590;201.8634;0.0000;149.2668;11874621.0000
199.9590;202.8566;0.0000;155.2054;11874628.0000
199.9522;202.8566;0.0000;155.2054;11874634.0000
199.9522;202.8566;0.0000;161.1918;11874642.0000
199.9522;202.8566;0.0000;165.1440;11874648.0000
199.9454;202.8566;0.0000;161.1918;11874655.0000
199.9454;202.8566;0.0000;165.1440;11874663.0000
199.9454;202.8566;0.0000;166.1508;11874669.0000
199.9386;202.8566;0.0000;166.1712;11874676.0000
199.9386;202.8566;0.0000;172.0962;11874683.0000
199.9317;202.8566;0.0000;170.1235;11874690.0000
199.9317;202.8566;0.0000;171.1440;11874697.0000
199.9317;202.8566;0.0000;176.0893;11874704.0000
199.9249;202.8566;0.0000;173.1235;11874712.0000
199.9249;202.8566;0.0000;174.1166;11874719.0000
199.9181;202.8634;0.0000;178.0757;11874726.0000
199.9181;202.8634;0.0000;175.1166;11874732.0000
199.9181;202.8634;0.0000;179.0962;11874740.0000
199.9113;202.8634;0.0000;179.0825;11874747.0000
199.9113;202.8634;0.0000;175.1166;11874754.0000
199.9044;201.8703;0.0000;181.0825;11874761.0000
200.8976;201.8703;0.0000;180.0962;11874767.0000
200.8976;201.8703;0.0000;178.1303;11874774.0000
200.8907;201.8703;0.0000;181.0893;11874781.0000
200.8907;201.8703;0.0000;178.1166;11874789.0000
200.8907;201.8703;0.0000;179.1440;11874795.0000
199.8976;201.8703;0.0000;175.1440;11874804.0000
199.8976;201.8703;0.0000;159.2873;11874810.0000
199.8907;201.8703;0.0000;150.3556;11874818.0000
199.8907;201.8703;0.0000;131.4717;11874824.0000
199.8839;201.8703;0.0000;103.6765;11874832.0000
199.8839;201.8771;0.0000;56.0041;11874839.0000
198.8907;200.8840;0.0000;14.2773;11875178.0000
198.8907;200.8840;0.0000;16.3182;11875186.0000
198.8907;200.8840;0.0000;26.1953;11875192.0000
198.8839;200.8840;0.0000;33.1544;11875200.0000
198.8839;200.8907;0.0000;33.1817;11875207.0000
198.8771;200.8907;0.0000;33.1612;11875212.0000
198.8771;200.8976;0.0000;51.0588;11875220.0000
198.8771;200.8976;0.0000;70.9222;11875227.0000
198.8703;200.8976;0.0000;89.7652;11875234.0000
198.8703;200.9044;0.0000;109.6628;11875241.0000
199.8566;200.9044;0.0000;115.6151;11875249.0000
199.8566;200.9044;0.0000;121.5741;11875256.0000
199.8566;200.9044;0.0000;123.5809;11875262.0000
199.8566;200.9113;0.0000;123.5604;11875271.0000
199.8498;200.9113;0.0000;129.5263;11875279.0000
199.8498;200.9113;0.0000;130.5331;11875285.0000
199.8430;200.9113;0.0000;132.4990;11875293.0000
199.8430;200.9181;0.0000;140.4648;11875300.0000
199.8430;200.9181;0.0000;139.4717;11875307.0000
199.8430;200.9181;0.0000;145.4171;11875314.0000
199.8361;200.9181;0.0000;150.3966;11875321.0000
199.8361;200.9249;0.0000;148.4102;11875328.0000
199.8293;200.9249;0.0000;156.3419;11875335.0000
199.8293;200.9249;0.0000;159.3351;11875342.0000
199.8293;200.9317;0.0000;158.3214;11875348.0000
199.8293;200.9317;0.0000;162.3078;11875356.0000
199.8225;200.9317;0.0000;163.3010;11875363.0000
199.8225;200.9386;0.0000;161.3078;11875369.0000
199.8225;201.9317;0.0000;166.2805;11875377.0000
199.8157;201.9317;0.0000;162.3283;11875383.0000
199.8157;201.9386;0.0000;163.2942;11875390.0000
199.8157;201.9386;0.0000;166.3010;11875397.0000
199.8157;201.9386;0.0000;162.3283;11875405.0000
200.8020;201.9454;0.0000;166.2873;11875411.0000
200.8020;201.9454;0.0000;169.2805;11875418.0000
200.8020;201.9454;0.0000;163.3214;11875426.0000
200.7952;201.9522;0.0000;169.2805;11875434.0000
200.7952;201.9522;0.0000;169.2942;11875440.0000
200.7952;201.9522;0.0000;169.2805;11875448.0000
200.7884;201.9590;0.0000;175.2532;11875455.0000
200.7884;201.9590;0.0000;172.2737;11875462.0000
200.7884;201.9659;0.0000;175.2259;11875469.0000
200.7815;201.9659;0.0000;182.2054;11875475.0000
200.7815;201.9659;0.0000;178.2259;11875482.0000
200.7815;201.9727;0.0000;180.2054;11875489.0000
201.7747;201.9727;0.0000;182.1986;11875497.0000
201.7679;201.9795;0.0000;176.2327;11875503.0000
201.7679;201.9864;0.0000;181.1986;11875511.0000
201.7679;201.9864;0.0000;182.2122;11875517.0000
202.7542;201.9932;0.0000;182.1918;11875523.0000
202.7542;202.0000;0.0000;187.1644;11875531.0000
202.7542;201.0068;0.0000;191.1440;11875538.0000
202.7542;201.0136;0.0000;195.1030;11875545.0000
202.7474;200.0205;0.0000;199.0893;11875552.0000
202.7474;200.0273;0.0000;198.0893;11875559.0000
203.7406;199.0410;0.0000;202.0416;11875565.0000
203.7406;199.0410;0.0000;205.0416;11875572.0000
203.7406;198.0546;0.0000;202.0552;11875580.0000
203.7406;198.0546;0.0000;208.0211;11875586.0000
203.7337;198.0614;0.0819;209.0211;11875594.0000
203.7337;197.0683;0.0000;206.0279;11875601.0000
203.7337;197.0751;0.0000;211.0006;11875607.0000
204.7269;197.0751;0.0000;208.0484;11875614.0000
204.7269;196.0819;0.0000;208.0143;11875622.0000
204.7269;196.0887;0.0000;211.0074;11875629.0000
204.7269;195.1024;0.0819;209.0143;11875636.0000
204.7269;194.1093;0.0000;208.9938;11875643.0000
205.7133;194.1160;0.0000;211.0211;11875650.0000
205.7133;193.1297;0.0000;208.0279;11875656.0000
205.7133;193.1366;0.0819;211.0006;11875663.0000
205.7133;192.1434;0.0000;211.0143;11875671.0000
205.7133;192.1502;0.0000;209.0211;11875677.0000
205.7133;192.1502;0.0000;211.9938;11875686.0000
205.7133;191.1638;0.0000;211.0211;11875692.0000
205.7133;191.1638;0.0000;210.0074;11875699.0000
205.7133;191.1707;0.0819;213.9938;11875706.0000
205.7133;191.1707;0.0000;211.0279;11875714.0000
204.7201;190.1843;0.0000;212.0006;11875720.0000
204.7201;190.1843;0.0000;216.9801;11875727.0000
203.7337;189.1980;0.0000;211.0279;11875736.0000
202.7406;189.1980;0.0819;216.9869;11875742.0000
201.7474;188.2116;0.0000;218.9938;11875750.0000
200.7542;188.2184;0.0819;219.0143;11875757.0000
199.7610;187.2253;0.0000;226.8982;11875764.0000
198.7679;186.2389;0.0000;238.8777;11875771.0000
197.7747;185.2526;0.0000;252.7480;11875778.0000
196.7815;185.2526;0.0000;268.6524;11875784.0000
196.7815;184.2662;0.0000;273.6320;11875791.0000
195.7884;184.2662;0.0000;279.5705;11875799.0000
195.7884;184.2731;0.0000;284.5636;11875807.0000
194.7952;184.2731;0.0000;278.6046;11875814.0000
194.8020;184.2799;0.0000;282.5773;11875821.0000
194.8020;184.2799;0.0000;284.5842;11875828.0000
194.8020;184.2867;0.0000;279.6046;11875834.0000
194.8020;184.2935;0.0000;284.5842;11875842.0000
194.8020;184.2935;0.0000;282.6183;11875849.0000
193.8157;184.2935;0.0000;282.5910;11875856.0000
193.8157;184.3004;0.0000;286.5842;11875863.0000
193.8157;184.3004;0.0000;282.6183;11875869.0000
192.8225;184.3004;0.0000;285.5842;11875876.0000
191.8361;184.3072;0.0000;289.5842;11875883.0000
191.8361;184.3072;0.0000;286.5910;11875891.0000
190.8430;184.3140;0.0000;289.5773;11875897.0000
189.8498;184.3140;0.0819;293.5705;11875905.0000
188.8566;184.3209;0.0000;291.5568;11875911.0000
188.8566;184.3277;0.0000;296.5432;11875918.0000
187.8703;184.3277;0.0000;300.5295;11875925.0000
186.8771;184.3277;0.0000;300.5159;11875932.0000
185.8839;183.3414;0.0000;305.5022;11875940.0000
184.8976;183.3414;0.0819;305.5159;11875947.0000
182.9113;183.3414;0.0000;309.4749;11875954.0000
181.9181;183.3482;0.0000;317.4408;11875960.0000
180.9249;183.3482;0.0000;317.4476;11875968.0000
179.9317;183.3550;0.0000;326.3725;11875975.0000
179.9386;183.3550;0.0000;334.3452;11875981.0000
178.9454;183.3618;0.0000;334.3247;11875989.0000
177.9522;183.3618;0.0000;339.2906;11875997.0000
177.9590;184.3618;0.0000;341.3042;11876003.0000
176.9659;184.3618;0.0000;338.3110;11876010.0000
175.9795;185.3550;0.0000;344.2769;11876017.0000
175.9795;185.3618;0.0000;341.3247;11876024.0000
174.9932;186.3550;0.0000;341.3247;11876031.0000
174.0000;186.3618;0.0000;346.3042;11876038.0000
173.0068;187.3550;0.0000;343.3384;11876045.0000
172.0205;187.3618;0.0000;344.3179;11876051.0000
171.0273;188.3550;0.0000;347.3247;11876059.0000
171.0273;188.3618;0.0000;344.3452;11876066.0000
170.0410;189.3550;0.0000;347.3247;11876072.0000
169.0478;189.3550;0.0000;346.3521;11876080.0000
169.0546;190.3550;0.0000;344.3384;11876087.0000
169.0546;190.3550;0.0000;347.3383;11876093.0000
168.0614;191.3550;0.0000;345.3657;11876100.0000
168.0683;191.3550;0.0000;344.3589;11876108.0000
168.0683;192.3550;0.0000;350.3384;11876114.0000
167.0751;193.3482;0.0000;344.3793;11876121.0000
167.0819;193.3550;0.0000;346.3588;11876129.0000
167.0887;194.3482;0.0000;349.3589;11876134.0000
167.0887;195.3482;0.0000;344.3862;11876142.0000
166.1024;195.3482;0.0000;348.3521;11876149.0000
166.1024;196.3413;0.0000;348.3725;11876156.0000
166.1093;196.3413;0.0000;345.3793;11876163.0000
166.1093;197.3414;0.0000;348.3794;11876171.0000
166.1093;198.3345;0.0000;347.3998;11876178.0000
166.1093;198.3345;0.0000;346.3862;11876184.0000
166.1160;199.3345;0.0000;350.3793;11876191.0000
166.1160;200.3277;0.0000;345.4271;11876202.0000
166.1229;201.3277;0.0000;346.3998;11876208.0000
165.1297;202.3209;0.0000;350.3384;11876216.0000
165.1366;202.3209;0.0000;344.4408;11876222.0000
165.1366;203.3140;0.0000;349.3998;11876228.0000
165.1434;204.3072;0.0000;349.4271;11876236.0000
165.1434;204.3140;0.0000;345.4340;11876243.0000
165.1502;205.3072;0.0000;349.4066;11876250.0000
165.1502;206.3004;0.0000;347.4544;11876257.0000
165.1570;206.3004;0.0000;346.4476;11876264.0000
164.1639;207.2935;0.0000;350.4340;11876270.0000
164.1707;208.2867;0.0000;346.4818;11876277.0000
164.1707;209.2799;0.0000;348.4408;11876285.0000
163.1843;210.2799;0.0000;351.4408;11876291.0000
163.1843;211.2731;0.0000;347.4681;11876299.0000
163.1912;212.2662;0.0000;350.4408;11876306.0000
163.1912;213.2594;0.0000;352.4476;11876312.0000
163.1980;214.2526;0.0000;347.4749;11876319.0000
163.1980;214.2526;0.0000;350.4544;11876326.0000
163.2048;215.2458;0.0000;350.4749;11876334.0000
163.2048;216.2389;0.0000;348.4749;11876341.0000
163.2116;217.2321;0.0000;353.4408;11876348.0000
163.2185;217.2321;0.0000;350.4886;11876354.0000
163.2185;218.2253;11.9181;350.4886;11876362.0000
163.2253;219.2185;0.0000;357.4408;11876370.0000
163.2321;219.2185;0.0000;347.5090;11876377.0000
163.2389;220.2116;0.0000;350.4886;11876383.0000
164.2321;221.2048;0.0000;353.4818;11876391.0000
164.2389;221.2048;0.0000;349.5090;11876397.0000
164.2389;222.2048;0.0000;354.4612;11876404.0000
165.2389;223.1980;0.0000;354.4886;11876411.0000
165.2389;224.1912;0.0000;351.4954;11876419.0000
166.2389;225.1843;0.0000;357.4612;11876425.0000
167.2389;226.1775;0.0000;353.5022;11876432.0000
167.2389;227.1707;0.0000;353.4886;11876440.0000
168.2389;228.1638;0.0000;360.4544;11876445.0000
169.2389;228.1638;0.0000;356.4817;11876454.0000
169.2458;229.1570;0.0000;357.4749;11876461.0000
170.2389;230.1502;0.0000;361.4612;11876468.0000
170.2458;231.1434;0.0000;358.4749;11876475.0000
171.2458;232.1366;0.0000;364.4271;11876482.0000
172.2458;233.1297;0.0000;366.4408;11876488.0000
172.2458;234.1228;0.0000;363.4476;11876495.0000
173.2458;235.1160;0.0000;369.4066;11876502.0000
174.2389;236.1093;0.0000;368.4340;11876509.0000
174.2458;236.1093;0.0000;368.4066;11876517.0000
175.2389;237.1024;0.0000;374.3930;11876523.0000
176.2389;238.0956;0.0000;369.4271;11876529.0000
176.2458;238.0956;0.0000;371.3998;11876537.0000
177.2458;239.0887;0.0000;375.3930;11876545.0000
177.2526;239.0819;0.0000;369.4340;11876552.0000
178.2458;240.0751;0.0000;374.3998;11876559.0000
178.2526;241.0683;0.0000;374.3998;11876566.0000
179.2458;241.0683;0.0000;371.4203;11876573.0000
179.2526;242.0614;0.0000;375.3998;11876579.0000
180.2526;242.0614;0.0000;373.4340;11876586.0000
180.2594;243.0478;0.0000;372.4203;11876594.0000
181.2526;244.0410;0.0000;376.4135;11876600.0000
182.2526;244.0410;0.0000;371.4476;11876608.0000
182.2526;245.0341;0.0000;373.4066;11876615.0000
183.2526;245.0341;0.0000;377.4203;11876621.0000
183.2526;246.0273;0.0000;371.4408;11876628.0000
184.2526;246.0205;0.0000;376.4135;11876635.0000
184.2594;247.0136;0.0000;376.4271;11876642.0000
185.2594;247.0136;0.0000;373.4271;11876649.0000
185.2594;248.0068;0.0000;376.4066;11876657.0000
186.2594;248.0000;0.0000;374.4544;11876662.0000
187.2526;248.0000;0.0000;373.4408;11876671.0000
187.2594;248.9932;0.0000;377.4340;11876677.0000
188.2594;248.9932;0.0000;373.4135;11876684.0000
188.2662;249.9795;0.0000;375.4544;11876692.0000
189.2594;249.9795;0.0000;379.4408;11876698.0000
189.2662;249.9795;0.0000;373.4681;11876707.0000
190.2594;250.9659;0.0000;376.4271;11876714.0000
190.2662;250.9659;0.0000;378.4544;11876721.0000
191.2662;251.9590;0.0000;372.4886;11876730.0000
192.2594;251.9522;0.0000;376.4681;11876736.0000
192.2662;252.9454;0.0000;376.4749;11876743.0000
193.2594;252.9454;0.0000;374.4817;11876750.0000
194.2594;253.9317;0.0000;378.4749;11876756.0000
195.2594;253.9249;0.0000;374.4954;11876764.0000
195.2662;253.9249;0.0000;376.4681;11876771.0000
196.2594;254.9181;0.0000;379.4681;11876778.0000
197.2594;254.9113;0.0000;374.4954;11876785.0000
197.2594;254.9113;0.0000;376.4681;11876792.0000
198.2594;254.9044;0.0000;379.4681;11876798.0000
199.2594;255.8976;0.0000;374.4954;11876805.0000
199.2594;255.8907;0.0000;379.4681;11876813.0000
200.2526;255.8907;0.0000;379.4817;11876819.0000
201.2526;255.8907;0.0000;376.4886;11876827.0000
201.2594;255.8840;0.0000;380.4612;11876834.0000
202.2526;256.8771;0.0000;376.5090;11876840.0000
203.2526;256.8771;0.0000;377.4954;11876848.0000
204.2458;256.8703;0.0000;381.4886;11876854.0000
205.2458;256.8634;0.0000;376.5364;11876862.0000
206.2389;256.8634;0.0000;379.5023;11876869.0000
207.2389;256.8634;0.0000;380.5090;11876876.0000
208.2321;256.8566;0.0000;376.5364;11876882.0000
209.2321;256.8566;0.0000;379.5227;11876889.0000
210.2253;256.8498;0.0000;380.5295;11876896.0000
211.2253;256.8498;0.0000;377.5432;11876903.0000
211.2253;256.8430;0.0000;382.5295;11876911.0000
212.2253;255.8498;0.0000;379.5637;11876919.0000
213.2253;255.8430;0.0000;377.5636;11876925.0000
214.2185;255.8430;0.0000;383.5432;11876932.0000
215.2116;255.8361;0.0000;379.5773;11876939.0000
216.2116;255.8361;0.0000;381.5568;11876946.0000
217.2048;255.8293;0.0000;385.5569;11876953.0000
218.2048;255.8293;0.0000;380.5910;11876960.0000
219.1980;255.8225;0.0000;385.5705;11876968.0000
221.1911;255.8225;0.0819;385.5773;11876973.0000
222.1843;255.8157;0.0000;383.5773;11876981.0000
223.1843;255.8157;0.0819;388.5705;11876988.0000
224.1775;255.8157;0.0000;385.6046;11876994.0000
225.1775;255.8088;0.0000;384.5705;11877002.0000
225.1775;254.8088;0.0000;389.5705;11877008.0000
226.1775;254.8088;0.0000;384.6251;11877015.0000
227.1775;254.8020;0.0000;385.5773;11877022.0000
228.1707;254.8020;0.0000;390.5842;11877029.0000
228.1775;254.7952;0.0000;384.6251;11877036.0000
229.1707;253.7952;0.0819;390.5773;11877043.0000
230.1707;253.7884;0.0000;390.6046;11877050.0000
230.1775;253.7884;0.0819;387.6115;11877057.0000
231.1707;252.7884;0.0000;390.6183;11877064.0000
232.1638;252.7815;0.0000;389.6387;11877070.0000
233.1638;252.7815;0.0000;388.6115;11877078.0000
233.1707;251.7815;0.0000;392.5910;11877085.0000
234.1638;251.7747;0.0819;387.6388;11877092.0000
235.1638;250.7747;0.0000;389.5705;11877101.0000
235.1638;250.7747;0.0000;395.6320;11877107.0000
236.1570;249.7747;0.0000;389.5910;11877114.0000
237.1502;249.7747;0.0000;394.5910;11877122.0000
238.1502;248.7747;0.0000;397.5910;11877128.0000
238.1570;248.7679;0.0000;392.6115;11877136.0000
239.1502;247.7679;0.0000;396.5978;11877144.0000
240.1502;247.7611;0.0000;397.6183;11877149.0000
241.1434;246.7610;0.0000;394.6115;11877157.0000
241.1434;246.7610;0.0000;399.6046;11877164.0000
242.1366;245.7610;0.0000;395.6320;11877171.0000
243.1297;244.7610;0.0000;399.5910;11877178.0000
244.1297;244.7542;0.0000;404.5773;11877185.0000
244.1297;243.7542;0.0000;400.6046;11877191.0000
245.1297;243.7542;0.0000;405.5636;11877198.0000
246.1229;242.7542;0.0000;407.5637;11877205.0000
247.1161;242.7474;0.0000;401.5910;11877212.0000
248.1093;241.7542;0.0000;408.5432;11877222.0000
248.1160;241.7474;0.0000;407.5773;11877228.0000
249.1093;240.7474;0.0000;406.5637;11877235.0000
250.1093;239.7474;0.0000;412.5295;11877242.0000
251.1024;238.7474;0.0000;408.5636;11877248.0000
251.1024;237.7474;0.0000;411.5364;11877256.0000
252.0956;237.7406;0.0000;416.5090;11877263.0000
252.0956;236.7474;0.0000;411.5569;11877270.0000
253.0887;235.7474;0.0000;414.5364;11877276.0000
254.0819;234.7474;0.0000;417.5159;11877284.0000
254.0887;233.7474;0.0000;411.5500;11877291.0000
255.0819;233.7406;0.0000;415.5090;11877299.0000
256.0819;232.7406;0.0000;416.5432;11877305.0000
257.0751;231.7406;0.0000;411.5500;11877313.0000
258.0682;230.7406;0.0000;417.5227;11877320.0000
259.0614;229.7474;0.0000;414.5364;11877326.0000
259.0614;229.7406;0.0000;414.5364;11877333.0000
260.0546;228.7406;11.9181;421.5090;11877340.0000
261.0478;227.7406;0.0000;414.5432;11877348.0000
261.0478;226.7406;11.9181;416.5363;11877355.0000
262.0409;225.7406;11.9181;419.5432;11877362.0000
262.0409;223.7474;0.0000;414.5637;11877368.0000
263.0341;222.7474;11.9181;418.5364;11877376.0000
263.0341;221.7474;0.0000;418.5500;11877382.0000
264.0273;220.7542;0.0000;414.5569;11877389.0000
264.0273;219.7542;11.9181;418.5432;11877397.0000
264.0273;218.7542;11.9181;417.5773;11877403.0000
264.0273;217.7542;0.0000;414.5637;11877410.0000
265.0205;216.7610;0.0000;421.5364;11877417.0000
265.0205;215.7610;0.0000;414.5978;11877424.0000
265.0205;215.7610;0.0000;407.6251;11877431.0000
266.0136;214.7610;0.0000;427.5159;11877439.0000
266.0136;213.7611;0.0000;421.5500;11877445.0000
266.0136;212.7611;0.0000;426.4954;11877452.0000
267.0068;211.7679;0.0000;426.5364;11877459.0000
267.0068;210.7679;0.0000;422.5363;11877467.0000
267.0068;208.7747;0.0000;427.5090;11877474.0000
267.0068;207.7815;0.0000;425.5295;11877481.0000
267.0068;206.7815;0.0000;424.5295;11877488.0000
267.0068;205.7884;0.0000;428.5158;11877495.0000
268.0000;204.7884;0.0000;424.5500;11877501.0000
267.9932;203.7952;0.0000;425.5364;11877508.0000
267.9932;202.7952;0.0000;428.5295;11877516.0000
267.9932;201.7952;0.0000;423.5568;11877522.0000
267.9932;200.8020;0.0000;426.5432;11877530.0000
267.9932;199.8020;0.0000;428.5500;11877536.0000
267.9932;198.8020;0.0000;423.5568;11877543.0000
267.0000;198.8020;0.0000;427.5295;11877550.0000
267.0000;197.8020;0.0000;427.5569;11877556.0000
266.9932;196.8020;0.0000;424.5569;11877564.0000
266.9932;195.8088;0.0819;427.5432;11877571.0000
266.9932;194.8157;0.0000;424.5910;11877578.0000
266.9932;192.8225;0.0819;425.5569;11877585.0000
266.0000;191.8293;0.0000;429.4954;11877591.0000
266.0000;190.8293;0.0000;424.5910;11877599.0000
266.0000;189.8361;0.0000;426.5636;11877608.0000
265.0000;188.8430;0.0000;429.5636;11877616.0000
265.0000;187.8430;0.0000;423.6183;11877622.0000
265.0000;186.8498;0.0000;428.5637;11877629.0000
264.9932;185.8498;0.0000;427.5910;11877636.0000
264.9932;184.8566;0.0000;424.5910;11877643.0000
264.9932;183.8566;0.0000;430.5500;11877650.0000
264.9864;182.8634;0.0000;426.6046;11877658.0000
264.9864;181.8634;0.0000;426.5910;11877665.0000
264.9864;180.8703;0.0000;429.5773;11877673.0000
264.9864;179.8771;0.0000;425.6115;11877678.0000
264.9864;178.8771;0.0000;427.5910;11877686.0000
264.9795;176.8907;0.0000;429.5842;11877692.0000
263.9863;175.8976;0.0000;424.6115;11877699.0000
263.9863;174.8976;0.0000;428.5842;11877707.0000
262.9932;173.9044;0.0000;427.6115;11877713.0000
262.9863;172.9044;0.0000;424.6115;11877720.0000
261.9932;171.9113;0.0000;430.5705;11877727.0000
261.9932;171.9044;0.0000;426.6046;11877735.0000
260.9932;170.9113;0.0000;424.6251;11877742.0000
260.9932;169.9113;0.0000;430.5227;11877749.0000
260.9932;168.9181;0.0000;425.6320;11877756.0000
260.0000;167.9249;0.0000;425.6046;11877762.0000
260.0000;166.9249;0.0000;429.6115;11877770.0000
259.9932;166.9249;0.0000;424.6320;11877776.0000
259.0000;165.9249;0.0000;428.5978;11877784.0000
258.9932;164.9317;11.9181;427.6115;11877791.0000
258.9932;164.9317;0.0000;424.6115;11877797.0000
258.9932;163.9317;0.0000;428.6046;11877805.0000
257.9932;162.9386;0.0000;426.6183;11877811.0000
257.9932;161.9386;0.0000;424.6183;11877818.0000
257.0000;160.9454;0.0000;430.5842;11877825.0000
256.9932;159.9454;0.0000;424.6320;11877833.0000
256.0000;158.9522;0.0000;424.6183;11877841.0000
256.0000;157.9522;0.0000;427.6183;11877848.0000
255.0000;156.9590;0.0000;422.6524;11877853.0000
255.0000;155.9590;0.0000;427.5978;11877862.0000
254.0000;154.9659;0.0000;426.6251;11877868.0000
254.0000;154.9590;0.0000;423.6320;11877876.0000
253.9932;153.9659;0.0000;426.6251;11877883.0000
253.0000;152.9659;0.0000;424.6592;11877890.0000
253.0000;152.9659;0.0000;423.6320;11877896.0000
253.0000;151.9659;0.0000;427.6115;11877903.0000
252.9932;151.9659;0.0000;421.6592;11877910.0000
252.0000;150.9659;0.0000;422.6320;11877917.0000
252.0000;150.9659;0.0000;427.6115;11877925.0000
251.9932;149.9659;0.0000;421.6524;11877931.0000
251.0000;149.9659;0.0000;424.6320;11877938.0000
251.0000;148.9659;0.0000;424.6592;11877945.0000
250.0000;147.9727;0.0000;419.6729;11877951.0000
249.0068;147.9659;0.0000;424.6388;11877959.0000
248.0068;146.9727;0.0000;422.6729;11877966.0000
247.0136;145.9727;0.0000;421.6524;11877973.0000
246.0136;145.9727;0.0000;424.6456;11877980.0000
246.0136;144.9795;0.0000;419.6934;11877987.0000
245.0204;144.9727;0.0000;421.6592;11877993.0000
245.0204;143.9795;0.0000;424.6592;11878000.0000
244.0273;143.9727;0.0000;418.7002;11878008.0000
243.0273;142.9795;0.0000;421.6660;11878014.0000
243.0273;142.9727;0.0000;424.6592;11878023.0000
242.0273;142.9727;0.0000;417.7070;11878029.0000
241.0341;141.9795;0.0000;422.6729;11878036.0000
240.0410;141.9795;0.0000;419.7070;11878043.0000
240.0341;140.9795;0.0000;418.7002;11878050.0000
239.0410;140.9727;0.0000;423.6660;11878057.0000
238.0410;139.9795;0.0000;417.7207;11878065.0000
236.0546;139.9727;0.0000;419.6934;11878071.0000
235.0614;138.9795;0.0000;424.6729;11878079.0000
234.0614;137.9863;0.0000;417.7207;11878085.0000
233.0683;136.9863;0.0000;421.6797;11878093.0000
231.0751;135.9932;0.0000;422.6865;11878100.0000
229.0887;134.9932;0.0000;416.7275;11878106.0000
228.0887;134.0000;0.0000;421.6934;11878114.0000
226.1024;133.0000;0.0000;419.7207;11878122.0000
225.1024;132.0068;0.0000;416.7206;11878129.0000
223.1161;132.0068;0.0000;421.7070;11878136.0000
222.1160;131.0068;0.0000;416.7411;11878144.0000
221.1229;131.0068;0.0000;417.7070;11878150.0000
220.1228;130.0068;0.0000;422.6934;11878157.0000
219.1297;130.0068;0.0000;416.7411;11878164.0000
218.1297;130.0068;0.0000;417.7139;11878170.0000
217.1366;130.0000;0.0000;421.7002;11878178.0000
216.1434;129.0068;0.0000;414.7480;11878185.0000
215.1434;129.0068;0.0000;421.6865;11878192.0000
214.1502;129.0000;0.0000;417.7275;11878199.0000
213.1570;128.0068;0.0000;415.7275;11878205.0000
212.1570;128.0068;0.0000;421.6934;11878213.0000
211.1638;127.0068;0.0000;417.7275;11878220.0000
210.1638;127.0068;0.0000;415.7275;11878227.0000
209.1638;127.0000;0.0000;421.7002;11878235.0000
208.1707;126.0068;0.0000;414.7412;11878241.0000
207.1775;126.0068;0.0000;416.7206;11878249.0000
206.1775;125.0137;0.0000;419.7207;11878256.0000
204.1911;125.0068;0.0000;414.7548;11878262.0000
203.1912;124.0136;0.0000;417.7207;11878270.0000
202.1912;124.0068;0.0000;417.7207;11878277.0000
200.2048;123.0136;0.0000;414.7275;11878284.0000
199.2116;123.0136;0.0000;417.7207;11878290.0000
197.2185;123.0136;0.0000;417.7343;11878298.0000
196.2253;122.0136;0.0819;414.7412;11878304.0000
194.2321;122.0136;0.0000;419.7139;11878311.0000
192.2389;121.0205;0.0000;414.7548;11878319.0000
190.2526;121.0136;0.0000;415.7207;11878325.0000
188.2594;120.0205;0.0000;419.7070;11878333.0000
186.2731;120.0205;0.0000;414.7480;11878339.0000
184.2799;119.0205;0.0000;419.7002;11878346.0000
182.2935;118.0273;0.0819;422.6934;11878353.0000
180.3004;118.0273;0.0000;417.7207;11878360.0000
178.3141;117.0273;0.0819;422.6865;11878367.0000
176.3208;117.0273;0.0000;423.6934;11878374.0000
175.3277;116.0341;0.0000;421.6797;11878381.0000
173.3345;116.0341;0.0000;425.6661;11878387.0000
171.3482;116.0273;0.0000;421.6934;11878395.0000
169.3550;115.0341;0.0000;424.6729;11878403.0000
168.3550;115.0341;0.0000;427.6524;11878410.0000
166.3687;115.0341;0.0819;422.7002;11878416.0000
165.3687;115.0273;0.0000;426.6524;11878423.0000
164.3755;114.0341;0.0000;428.6456;11878430.0000
162.3823;114.0273;0.0000;422.7139;11878437.0000
161.3823;114.0273;0.0000;428.6387;11878444.0000
160.3891;114.0273;0.0000;427.6729;11878452.0000
159.3891;114.0273;0.0000;425.6661;11878458.0000
158.3891;114.0205;0.0000;429.6388;11878465.0000
157.3891;114.0205;0.0000;425.6729;11878472.0000
156.3891;114.0205;0.0000;427.6183;11878478.0000
156.3891;114.0205;0.0000;430.6320;11878486.0000
155.3891;114.0205;0.0000;426.6524;11878493.0000
154.3891;115.0136;0.0000;428.6115;11878501.0000
154.3823;115.0136;0.0000;430.6183;11878508.0000
153.3823;115.0136;0.0000;424.6592;11878514.0000
153.3755;116.0068;0.0000;430.6046;11878521.0000
152.3755;116.0000;0.0000;429.6251;11878528.0000
151.3823;116.9932;0.0000;427.6251;11878537.0000
151.3755;116.9932;0.0000;432.6115;11878543.0000
150.3755;116.9932;0.0000;428.6387;11878551.0000
150.3687;117.9863;0.0000;428.6320;11878557.0000
149.3687;117.9863;0.0000;433.5978;11878563.0000
148.3618;118.9795;0.0000;428.6320;11878571.0000
148.3550;119.9727;0.0000;430.5842;11878579.0000
147.3550;119.9727;0.0000;433.5705;11878586.0000
147.3482;120.9659;0.0000;429.5910;11878593.0000
146.3482;121.9590;0.0000;433.5569;11878599.0000
146.3414;122.9522;0.0000;433.5705;11878606.0000
145.3414;123.9386;0.0000;432.5569;11878613.0000
145.3345;124.9317;0.0000;435.5500;11878620.0000
144.3345;125.9249;0.0000;432.5569;11878630.0000
143.3345;126.9181;0.0000;433.5500;11878636.0000
142.3414;127.9113;0.0000;436.5159;11878643.0000
142.3345;128.9044;0.0000;432.5569;11878650.0000
141.3345;129.8976;0.0000;433.5295;11878657.0000
140.3345;129.8976;0.0000;436.5090;11878664.0000
139.3345;130.8907;0.0000;432.5569;11878671.0000
138.3345;131.8840;0.0000;436.5090;11878678.0000
137.3413;132.8840;0.0000;436.5090;11878685.0000
136.3414;133.8771;0.0000;433.5090;11878692.0000
136.3345;135.8634;0.0000;437.4954;11878698.0000
135.3414;136.8498;0.0000;436.4954;11878706.0000
134.3413;137.8430;0.0000;434.5090;11878713.0000
133.3482;138.8361;0.0000;441.4612;11878719.0000
133.3414;139.8293;0.0000;435.5159;11878727.0000
132.3414;140.8225;0.0000;437.4749;11878733.0000
132.3345;140.8225;0.0000;441.4612;11878740.0000
131.3414;141.8157;0.0000;434.5022;11878747.0000
131.3345;142.8088;0.0000;440.4544;11878756.0000
130.3345;142.8088;0.0000;440.4749;11878762.0000
129.3413;143.8020;0.0000;436.4886;11878770.0000
129.3345;144.7952;0.0000;440.4612;11878776.0000
128.3345;145.7884;0.0000;440.4681;11878784.0000
127.3345;145.7884;0.0000;436.4681;11878790.0000
126.3414;146.7815;0.0000;442.4408;11878798.0000
125.3414;147.7747;0.0000;436.4886;11878805.0000
125.3414;148.7679;0.0000;439.4476;11878811.0000
124.3414;149.7679;0.0000;443.4340;11878818.0000
123.3414;150.7611;0.0000;436.4886;11878825.0000
123.3414;151.7542;0.0000;440.4271;11878832.0000
122.3414;152.7474;0.0000;443.4203;11878839.0000
121.3482;152.7474;0.0000;436.4476;11878847.0000
120.3482;153.7406;0.0000;442.4066;11878853.0000
120.3414;154.7338;0.0000;442.4135;11878860.0000
119.3482;155.7269;0.0000;440.4271;11878867.0000
118.3482;156.7269;0.0000;443.3930;11878873.0000
117.3482;156.7269;0.0000;440.4135;11878881.0000
116.3550;157.7201;0.0000;441.3793;11878888.0000
116.3482;158.7133;0.0000;445.3862;11878895.0000
115.3550;159.7065;0.0000;440.4135;11878902.0000
114.3550;161.6928;0.0000;443.3657;11878909.0000
113.3550;162.6860;0.0000;444.3725;11878915.0000
112.3550;163.6860;0.0000;440.3998;11878922.0000
112.3482;165.6723;0.0000;444.3521;11878930.0000
111.3550;166.6723;0.0000;444.3725;11878936.0000
110.3550;168.6586;0.0000;441.3589;11878944.0000
109.3550;169.6518;0.0000;445.3315;11878952.0000
108.3550;170.6450;0.0000;442.3657;11878958.0000
107.3618;171.6382;0.0000;443.3383;11878964.0000
106.3618;172.6382;0.0000;446.3179;11878972.0000
106.3550;173.6313;0.0000;443.3452;11878979.0000
105.3550;174.6245;0.0000;443.3315;11878986.0000
105.3482;175.6177;0.0000;446.3179;11878993.0000
104.3482;176.6177;0.0000;442.3452;11879001.0000
104.3414;178.6040;0.0000;446.3042;11879007.0000
103.3414;179.5972;0.0000;446.3179;11879015.0000
103.3345;180.5972;0.0000;443.3179;11879023.0000
102.3345;181.5904;0.0000;448.2838;11879029.0000
102.3345;182.5836;0.0000;446.3179;11879037.0000
101.3345;183.5836;0.0000;445.3042;11879043.0000
101.3277;184.5767;0.0000;450.2701;11879050.0000
100.3345;186.5631;0.0000;445.3042;11879057.0000
100.3277;187.5562;0.0000;446.2906;11879064.0000
99.3277;188.5562;0.0000;449.2769;11879071.0000
99.3277;189.5494;0.0000;445.3110;11879078.0000
98.3277;190.5494;0.0000;449.2633;11879085.0000
98.3208;190.5494;0.0000;449.2769;11879091.0000
98.3140;191.5494;0.0000;446.2838;11879099.0000
98.3140;193.5358;0.0000;450.2428;11879106.0000
98.3072;194.5289;0.0000;448.2701;11879113.0000
98.3004;195.5289;0.0000;447.2496;11879120.0000
98.3004;195.5289;0.0000;452.2223;11879127.0000
97.3004;197.5221;0.0000;446.2633;11879134.0000
97.2935;197.5221;0.0000;448.2292;11879143.0000
96.2935;198.5221;0.0000;451.2223;11879150.0000
96.2935;199.5221;0.0000;446.2701;11879158.0000
96.2867;200.5153;0.0000;450.2087;11879164.0000
95.2867;201.5153;0.0000;450.2291;11879171.0000
95.2799;201.5221;0.0000;447.2360;11879178.0000
95.2731;202.5153;0.0000;451.1882;11879184.0000
95.2662;202.5221;0.0000;451.2087;11879192.0000
95.2594;203.5153;0.0000;449.2018;11879199.0000
95.2526;203.5221;0.0000;455.1541;11879206.0000
96.2458;204.5221;0.0000;451.2018;11879213.0000
96.2389;204.5221;0.0000;453.1609;11879219.0000
96.2389;205.5153;0.0000;460.1199;11879226.0000
96.2321;206.5153;0.0000;456.1541;11879233.0000
95.2321;207.5085;0.0000;462.0926;11879241.0000
95.2321;207.5153;0.0000;465.0858;11879247.0000
95.2253;208.5153;0.0000;459.1062;11879255.0000
95.2185;209.5085;0.0000;465.0585;11879261.0000
95.2185;210.5085;0.0000;465.0994;11879268.0000
95.2116;211.5016;0.0000;465.0516;11879276.0000
95.2116;212.5016;0.0000;471.0107;11879283.0000
95.2048;212.5085;0.0000;471.0175;11879290.0000
95.2048;213.5016;0.0000;473.9834;11879297.0000
95.2048;214.4948;0.0000;481.9356;11879304.0000
96.1912;215.4948;0.0000;476.9766;11879310.0000
96.1912;216.4880;0.0000;481.8673;11879317.0000
96.1843;217.4880;0.0000;483.9219;11879325.0000
96.1843;218.4812;0.0000;473.9902;11879333.0000
97.1707;219.4811;0.0000;483.9151;11879339.0000
97.1639;220.4811;0.0000;479.9492;11879347.0000
97.1639;221.4812;0.0000;475.9561;11879353.0000
97.1570;222.4743;0.0000;482.9015;11879360.0000
97.1570;222.4812;0.0000;479.9219;11879367.0000
97.1570;223.4811;0.0000;481.8878;11879374.0000
97.1502;224.4743;0.0000;489.8536;11879381.0000
98.1434;225.4743;0.0000;486.8741;11879388.0000
98.1434;226.4675;0.0000;490.8264;11879395.0000
98.1366;227.4675;0.0000;493.8264;11879401.0000
98.1366;228.4607;0.0000;489.8536;11879409.0000
98.1297;229.4607;0.0000;495.8059;11879416.0000
98.1229;230.4606;0.0000;495.8059;11879422.0000
98.1229;231.4538;0.0000;492.8127;11879430.0000
98.1229;232.4538;0.0000;497.7922;11879437.0000
99.1093;233.4538;0.0000;494.8195;11879443.0000
99.1093;235.4402;0.0000;494.7990;11879450.0000
99.1093;236.4402;0.0000;499.7717;11879458.0000
99.1093;237.4333;0.0000;494.8127;11879465.0000
100.0956;238.4333;0.0000;495.7786;11879472.0000
100.0956;239.4265;0.0000;499.7717;11879480.0000
100.0887;240.4265;0.0000;495.8059;11879485.0000
100.0819;241.4265;0.0000;499.7581;11879493.0000
100.0819;242.4197;0.0000;501.7786;11879500.0000
100.0751;243.4197;0.0000;498.7513;11879508.0000
100.0683;244.4197;0.0000;503.7308;11879515.0000
100.0683;245.4129;0.0000;501.7649;11879523.0000
100.0614;246.4129;0.0000;501.7376;11879529.0000
100.0614;247.4129;0.0000;506.7171;11879536.0000
101.0546;248.4060;0.0000;502.7581;11879543.0000
102.0409;249.4060;0.0000;503.7239;11879551.0000
103.0273;250.4060;0.0000;508.6830;11879557.0000
104.0205;251.4060;0.0000;503.7376;11879565.0000
105.0068;253.3924;0.0000;508.6966;11879571.0000
106.0000;254.3924;0.0000;508.6830;11879577.0000
106.9863;255.3924;0.0000;505.7240;11879585.0000
107.9795;256.3856;0.0000;508.6898;11879592.0000
107.9727;257.3856;0.0000;509.7171;11879599.0000
108.9659;258.3856;0.0000;509.6761;11879606.0000
109.9522;258.3924;0.0000;517.6215;11879613.0000
109.9454;259.3856;0.0000;514.6556;11879619.0000
110.9386;260.3856;0.0000;518.6147;11879626.0000
110.9386;261.3856;0.0000;523.5874;11879634.0000
110.9386;262.3856;0.0000;518.6147;11879640.0000
110.9317;263.3856;0.0000;523.5737;11879648.0000
110.9317;263.3924;0.0000;525.5669;11879656.0000
111.9181;265.3787;0.0000;520.6011;11879663.0000
112.9044;266.3787;0.0000;527.5601;11879670.0000
113.8976;267.3787;0.0000;527.5737;11879677.0000
113.8976;268.3787;0.0000;524.5806;11879684.0000
114.8908;268.3856;0.0000;530.5328;11879692.0000
115.8771;269.3787;0.0000;524.5806;11879699.0000
115.8771;269.3856;0.0000;527.5396;11879706.0000
116.8634;270.3856;0.0000;532.5123;11879712.0000
116.8634;270.3924;0.0000;525.5669;11879720.0000
117.8566;271.3924;0.0000;530.5328;11879727.0000
117.8566;271.3924;0.0000;532.5192;11879733.0000
117.8566;272.3924;0.0000;525.5669;11879741.0000
118.8498;272.3992;0.0000;530.5123;11879747.0000
118.8498;273.3924;0.0000;530.5328;11879754.0000
119.8430;273.3992;0.0000;527.5328;11879761.0000
119.8361;274.3992;0.0000;533.4714;11879769.0000
119.8361;275.3924;0.0000;530.5123;11879775.0000
120.8293;275.3992;0.0000;530.4987;11879782.0000
121.8225;276.3992;0.0000;533.4918;11879789.0000
121.8225;277.3992;0.0000;530.5192;11879795.0000
122.8157;277.3992;0.0000;531.4850;11879803.0000
122.8088;278.3992;0.0000;534.4850;11879810.0000
123.8020;278.4060;0.0000;530.5123;11879817.0000
123.8020;279.4061;0.0000;533.4850;11879824.0000
123.8020;279.4128;0.0000;533.4373;11879831.0000
124.7952;279.4197;0.0000;530.4987;11879837.0000
124.7952;280.4197;0.0000;534.4714;11879844.0000
124.7952;280.4265;0.0000;531.4987;11879852.0000
125.7884;281.4265;0.0000;531.4781;11879858.0000
125.7884;281.4333;0.0000;536.4509;11879866.0000
126.7815;282.4333;0.0000;531.4987;11879872.0000
126.7815;283.4333;0.0000;532.4782;11879880.0000
127.7747;283.4402;0.0000;535.4713;11879886.0000
127.7679;284.4402;0.0819;530.5055;11879894.0000
128.7611;284.4470;0.0000;535.4576;11879901.0000
128.7611;285.4470;0.0819;534.4781;11879909.0000
129.7542;285.4538;0.0000;531.4850;11879916.0000
129.7542;286.4539;0.0000;536.4372;11879923.0000
129.7542;286.4607;0.0000;533.4781;11879930.0000
130.7474;287.4606;0.0819;533.4645;11879937.0000
130.7474;287.4675;0.0000;538.4372;11879945.0000
130.7474;288.4675;0.0819;532.4782;11879951.0000
131.7406;288.4744;0.0000;534.4235;11879959.0000
131.7406;289.4744;0.0000;537.4304;11879965.0000
132.7337;289.4811;0.0000;532.4645;11879972.0000
132.7337;290.4811;0.0000;536.4372;11879979.0000
133.7269;291.4811;0.0819;536.4440;11879986.0000
133.7269;291.4880;0.0000;533.4440;11879993.0000
134.7201;292.4880;0.0000;536.4372;11880000.0000
134.7201;292.4948;0.0000;535.4509;11880008.0000
135.7133;293.4948;0.0000;532.4373;11880013.0000
135.7201;293.5016;0.0000;537.4440;11880021.0000
136.7133;294.5016;0.0000;532.4645;11880028.0000
136.7133;294.5016;0.0000;534.4304;11880035.0000
137.7065;295.5016;0.0000;539.4167;11880043.0000
137.7065;295.5085;0.0000;532.4645;11880049.0000
138.6996;295.5153;0.0000;536.4236;11880056.0000
138.6996;296.5153;0.0000;537.4304;11880064.0000
139.6996;297.5153;0.0000;532.4645;11880071.0000
140.6928;298.5153;0.0000;537.4304;11880078.0000
141.6860;298.5221;0.0000;536.4509;11880085.0000
142.6792;299.5221;0.0000;533.4304;11880092.0000
142.6792;300.5220;0.0000;539.4167;11880099.0000
143.6723;301.5221;0.0000;534.4645;11880105.0000
144.6723;301.5289;0.0000;535.4440;11880113.0000
145.6655;302.5289;0.0000;539.4304;11880120.0000
145.6723;303.5289;0.0000;533.4714;11880127.0000
146.6655;303.5358;0.0000;537.4372;11880134.0000
147.6586;304.5358;0.0000;539.4304;11880141.0000
148.6518;304.5426;0.0000;534.4645;11880147.0000
149.6450;305.5494;0.0000;539.4372;11880154.0000
150.6382;305.5563;0.0000;539.4509;11880162.0000
151.6313;305.5699;0.0000;536.4645;11880170.0000
152.6245;306.5699;0.0000;540.4440;11880178.0000
152.6313;306.5836;0.0000;536.4918;11880184.0000
153.6245;307.5836;0.0000;537.4850;11880190.0000
154.6177;307.5972;0.0000;541.4576;11880198.0000
155.6108;308.5972;0.0000;536.5123;11880205.0000
156.6040;308.6040;0.0000;539.4781;11880212.0000
158.5972;308.6108;0.0000;541.4576;11880219.0000
159.5904;309.6108;0.0000;536.4987;11880226.0000
160.5836;309.6177;0.0000;542.4577;11880232.0000
161.5836;309.6245;0.0000;540.4850;11880239.0000
162.5767;310.6313;0.0000;538.4918;11880247.0000
163.5767;310.6382;0.0000;542.4713;11880255.0000
164.5699;310.6450;0.0000;539.5055;11880261.0000
165.5631;310.6518;0.0000;539.4918;11880269.0000
166.5562;311.6518;0.0000;544.4781;11880275.0000
167.5562;311.6587;0.0000;538.5190;11880281.0000
168.5494;311.6655;0.0000;540.4987;11880289.0000
169.5426;311.6723;0.0000;543.4918;11880296.0000
170.5426;312.6722;0.0000;538.5190;11880303.0000
171.5358;312.6791;0.0000;542.4713;11880310.0000
172.5358;312.6860;0.0000;542.5123;11880317.0000
173.5358;313.6791;0.0000;538.5190;11880323.0000
174.5290;313.6860;0.0000;542.4987;11880330.0000
175.5289;313.6928;0.0000;540.5259;11880338.0000
176.5221;313.6928;11.9181;539.5191;11880344.0000
177.5153;313.6996;0.0000;545.4781;11880352.0000
178.5153;314.6996;0.0000;538.5464;11880359.0000
179.5085;314.6996;11.9181;540.5123;11880365.0000
180.5016;314.7064;0.0000;544.5055;11880372.0000
182.4948;314.7064;0.0000;537.5533;11880380.0000
183.4880;315.6996;0.0000;542.4918;11880386.0000
185.4811;315.7064;0.0000;542.5123;11880393.0000
187.4675;316.6996;0.0000;538.5396;11880401.0000
188.4606;316.7064;0.0000;542.4987;11880407.0000
190.4538;317.7064;0.0000;542.5192;11880415.0000
191.4470;317.7064;0.0000;539.5260;11880422.0000
192.4470;317.7064;0.0000;545.4781;11880430.0000
193.4402;318.7065;0.0000;539.5533;11880437.0000
195.4265;318.7065;0.0000;540.5190;11880445.0000
196.4265;318.7133;0.0000;544.4987;11880451.0000
197.4197;318.7133;0.0000;537.4987;11880458.0000
198.4197;319.7133;0.0000;542.5123;11880465.0000
199.4197;319.7133;0.0000;544.5055;11880473.0000
201.4060;319.7201;0.0000;537.5601;11880479.0000
202.3992;319.7201;0.0000;542.5192;11880486.0000
203.3924;319.7269;0.0000;542.5260;11880494.0000
205.3856;319.7269;0.0000;539.5464;11880499.0000
206.3856;319.7338;0.0000;544.5055;11880507.0000
207.3787;320.7338;0.0000;539.5533;11880514.0000
209.3719;319.7406;0.0000;541.5260;11880521.0000
210.3651;319.7474;0.0000;544.5192;11880528.0000
211.3583;319.7474;0.0000;539.5533;11880535.0000
212.3583;319.7542;0.0000;542.5123;11880541.0000
214.3446;319.7542;0.0000;544.5055;11880550.0000
215.3446;319.7542;0.0000;539.5533;11880557.0000
216.3378;319.7542;0.0000;544.5123;11880564.0000
217.3310;319.7610;0.0000;542.5328;11880572.0000
218.3310;319.7610;0.0000;539.5464;11880578.0000
219.3241;319.7679;0.0000;545.5192;11880584.0000
221.3173;319.7679;0.0000;539.5669;11880592.0000
222.3105;318.7815;0.0000;541.4713;11880598.0000
223.3036;318.7815;11.9181;545.5192;11880606.0000
225.2968;318.7884;0.0000;539.5601;11880613.0000
226.2900;318.7884;0.0000;542.5328;11880621.0000
227.2900;318.7884;0.0000;544.5259;11880628.0000
229.2764;318.7952;0.0000;539.5669;11880634.0000
230.2695;318.7952;0.0000;543.5259;11880641.0000
231.2695;318.8020;0.0000;543.5328;11880649.0000
233.2558;317.8088;0.0000;539.5533;11880655.0000
234.2491;317.8088;0.0000;544.5192;11880663.0000
235.2491;316.8225;0.0000;539.5737;11880670.0000
237.2354;316.8225;11.9181;539.5533;11880677.0000
238.2354;316.8225;0.0000;545.5328;11880684.0000
239.2285;315.8361;11.9181;539.5737;11880691.0000
240.2285;315.8361;0.0000;540.5464;11880698.0000
242.2149;315.8430;0.0000;544.5396;11880705.0000
243.2149;314.8498;0.0000;538.5669;11880713.0000
245.2012;314.8498;0.0000;543.5328;11880718.0000
246.1944;314.8566;0.0000;542.5533;11880726.0000
248.1876;314.8566;0.0000;538.5601;11880732.0000
249.1808;313.8635;0.0000;543.5328;11880739.0000
251.1739;313.8703;0.0000;541.5669;11880747.0000
253.1603;313.8703;0.0000;539.5533;11880753.0000
254.1603;313.8771;0.0000;545.5260;11880760.0000
256.1534;312.8839;0.0000;538.5874;11880767.0000
258.1398;312.8839;0.0000;539.5396;11880774.0000
260.1330;311.8976;0.0000;544.5533;11880781.0000
261.1330;311.8976;0.0000;537.5874;11880788.0000
263.1193;310.9113;0.0000;542.5464;11880795.0000
264.1193;310.9113;0.0000;542.5533;11880803.0000
265.1193;309.9249;0.0000;538.5806;11880809.0000
267.1057;309.9249;0.0000;543.5464;11880817.0000
268.1057;308.9317;0.0000;541.5669;11880824.0000
269.1057;308.9385;0.0000;539.5533;11880831.0000
270.0988;307.9454;0.0000;544.5464;11880838.0000
271.0988;307.9522;0.0000;539.5874;11880845.0000
272.0988;306.9590;0.0000;539.5601;11880851.0000
273.0920;305.9659;0.0000;544.5464;11880858.0000
274.0920;305.9727;0.0000;537.6079;11880867.0000
275.0920;304.9795;0.0000;542.5397;11880873.0000
276.0920;303.9932;0.0000;543.5601;11880881.0000
277.0852;303.0000;0.0000;537.6079;11880888.0000
278.0852;303.0068;0.0000;542.5533;11880893.0000
278.0920;302.0136;0.0000;541.5806;11880901.0000
279.0852;301.0204;0.0000;539.5874;11880907.0000
280.0852;300.0341;0.0000;543.5601;11880915.0000
282.0784;299.0410;0.0000;539.6011;11880922.0000
283.0784;299.0478;0.0000;541.5601;11880929.0000
284.0784;298.0546;0.0000;544.5601;11880936.0000
286.0715;297.0682;0.0000;538.6147;11880943.0000
287.0715;296.0751;0.0000;541.5806;11880950.0000
288.0647;295.0819;0.0000;543.5737;11880957.0000
289.0647;295.0887;0.0000;536.6352;11880965.0000
291.0579;294.0956;0.0000;542.5806;11880971.0000
292.0579;293.1024;0.0000;542.6215;11880978.0000
293.0511;292.1161;0.0000;539.6079;11880986.0000
294.0510;291.1228;0.0000;543.5806;11880993.0000
295.0510;290.1365;0.0000;539.6215;11881000.0000
296.0510;289.1434;0.0000;541.5874;11881007.0000
298.0443;288.1502;0.0000;545.5737;11881014.0000
299.0443;287.1570;0.0000;541.6011;11881022.0000
300.0374;286.1707;0.0000;545.5533;11881027.0000
301.0374;284.1843;0.0000;548.5601;11881035.0000
302.0374;283.1912;0.0000;542.6011;11881042.0000
303.0374;282.2048;0.0000;547.5601;11881048.0000
304.0374;280.2184;0.0000;546.6079;11881056.0000
305.0374;279.2321;0.0000;543.5942;11881065.0000
306.0374;278.2390;0.0000;548.5601;11881071.0000
307.0374;276.2594;0.0000;544.6079;11881078.0000
307.0374;275.2662;0.0000;547.5601;11881085.0000
308.0374;273.2867;0.0000;557.5055;11881092.0000
309.0374;272.2936;0.0000;553.5464;11881099.0000
309.0443;270.3072;0.0000;559.4918;11881106.0000
309.0579;268.3277;11.9181;565.4645;11881112.0000
310.0579;266.3414;0.0819;564.4713;11881120.0000
310.0647;265.3482;0.0000;572.4167;11881126.0000
310.0715;263.3618;0.0000;573.4236;11881134.0000
311.0715;261.3823;0.0819;571.4373;11881141.0000
311.0784;260.3892;0.0000;576.4031;11881147.0000
311.0852;258.4028;0.0000;573.4304;11881154.0000
312.0920;257.4164;0.0000;573.3621;11881161.0000
312.0988;255.4301;0.0000;579.3826;11881168.0000
313.1057;254.4369;0.0000;573.4373;11881177.0000
313.1125;253.4506;0.0000;575.4099;11881183.0000
314.1125;252.4574;0.0000;578.4031;11881191.0000
314.1261;250.4710;0.0000;572.4509;11881198.0000
315.1262;249.4779;0.0000;578.3826;11881203.0000
315.1398;248.4915;0.0000;576.4304;11881211.0000
316.1398;247.4983;0.0819;573.4509;11881218.0000
316.1534;245.5120;0.0000;579.4031;11881225.0000
317.1534;244.5188;0.0000;576.4440;11881232.0000
318.1534;243.5257;0.0819;576.4167;11881240.0000
319.1603;242.5325;0.0000;582.3894;11881245.0000
319.1671;241.5393;0.0000;579.4235;11881252.0000
320.1739;240.5462;0.0000;583.3690;11881259.0000
321.1739;239.5530;0.0000;591.3416;11881266.0000
321.1876;238.5598;0.0000;589.3553;11881274.0000
322.1876;236.5735;0.0000;598.2733;11881280.0000
322.2012;235.5803;0.0000;601.2734;11881287.0000
322.2080;234.5871;0.0819;599.2870;11881294.0000
322.2149;233.5939;0.0000;604.2460;11881300.0000
322.2285;233.5939;0.0000;604.2665;11881308.0000
322.2354;232.6008;0.0819;601.2734;11881316.0000
322.2422;231.6076;11.9181;608.2255;11881323.0000
322.2558;230.6144;0.0000;604.2596;11881330.0000
322.2626;229.6212;11.9181;606.2393;11881338.0000
322.2695;228.6212;0.0000;610.2324;11881344.0000
322.2832;227.6281;0.0000;603.2870;11881351.0000
322.2900;226.6349;0.0000;607.2324;11881359.0000
322.2968;226.6349;11.9181;610.2393;11881367.0000
323.3036;225.6417;0.0000;605.2870;11881374.0000
323.3173;224.6417;11.9181;610.2324;11881380.0000
323.3242;223.6486;0.0819;608.2596;11881387.0000
324.3309;222.6554;0.0000;604.2733;11881395.0000
324.3378;222.6554;0.0000;611.2393;11881401.0000
325.3378;221.6622;11.9181;606.2870;11881408.0000
325.3446;220.6622;0.0000;607.2597;11881415.0000
325.3582;219.6690;0.0000;612.2393;11881421.0000
326.3651;217.6827;0.0000;606.2938;11881429.0000
326.3719;216.6895;0.0000;610.2666;11881435.0000
326.3787;215.6963;0.0000;601.3348;11881444.0000
326.3856;214.7032;0.0000;611.2665;11881451.0000
326.3924;212.7100;0.0000;616.2256;11881457.0000
326.4060;211.7168;0.0000;619.2188;11881464.0000
327.4061;210.7168;0.0000;615.2393;11881471.0000
327.4197;209.7236;0.0000;621.1846;11881478.0000
327.4266;207.7373;0.0000;616.2529;11881485.0000
327.4333;206.7441;0.0000;618.2255;11881493.0000
327.4402;205.7509;0.0000;625.1846;11881499.0000
327.4470;203.7646;0.0000;619.2528;11881506.0000
327.4538;202.7646;0.0000;620.2119;11881513.0000
327.4607;201.7646;0.0819;625.1914;11881519.0000
327.4744;199.7783;0.0000;619.2596;11881527.0000
327.4880;198.7783;0.0819;624.2188;11881534.0000
327.5016;196.7851;0.0000;623.2460;11881542.0000
327.5085;195.7919;0.0000;619.2666;11881549.0000
327.5221;193.7988;0.0000;625.2188;11881555.0000
328.5221;191.8056;0.0000;622.2733;11881562.0000
328.5358;190.8124;0.0000;621.2596;11881572.0000
328.5426;188.8192;0.0000;629.2256;11881578.0000
328.5562;187.8260;0.0000;620.2938;11881586.0000
327.5699;185.8329;0.0000;623.2666;11881592.0000
327.5836;184.8329;0.0000;629.2529;11881598.0000
327.5904;182.8397;0.0000;620.3143;11881606.0000
327.6040;181.8397;0.0000;626.1983;11881612.0000
327.6177;179.8465;0.0000;625.2870;11881620.0000
327.6313;178.8465;0.0000;621.3143;11881627.0000
327.6382;177.8465;0.0000;627.2666;11881634.0000
326.6587;176.8534;0.0000;624.3075;11881640.0000
326.6655;174.8602;0.0000;623.2938;11881648.0000
326.6791;173.8534;0.0000;629.2529;11881654.0000
326.6860;172.8534;0.0000;622.3211;11881661.0000
326.6996;171.8534;0.0000;622.3075;11881669.0000
326.7065;170.8534;0.0000;629.2734;11881675.0000
326.7133;169.8466;0.0000;621.3348;11881682.0000
326.7201;168.8465;0.0000;625.2870;11881689.0000
326.7269;166.8534;11.9181;626.3075;11881696.0000
325.7406;165.8534;0.0000;621.3348;11881703.0000
325.7474;164.8534;11.9181;625.2938;11881710.0000
325.7542;163.8534;0.0000;626.3075;11881717.0000
324.7679;162.8534;0.0000;621.3210;11881724.0000
324.7747;161.8534;0.0000;625.3143;11881731.0000
324.7815;160.8534;0.0000;622.3552;11881739.0000
323.7884;159.8534;0.0000;622.3211;11881746.0000
323.7952;157.8602;0.0000;627.3212;11881752.0000
323.8020;156.8670;0.0000;621.3484;11881760.0000
322.8088;155.8670;0.0000;625.3212;11881766.0000
322.8156;154.8670;0.0000;629.2529;11881773.0000
321.8293;153.8670;0.0000;622.3552;11881780.0000
321.8293;152.8670;0.0000;629.2938;11881787.0000
320.8430;151.8670;0.0000;625.3417;11881795.0000
320.8430;150.8738;0.0000;626.3280;11881802.0000
319.8566;149.8738;0.0819;630.3007;11881809.0000
318.8703;148.8738;0.0000;627.3212;11881815.0000
318.8771;147.8738;0.0000;630.3075;11881823.0000
317.8839;145.8807;0.0000;636.2802;11881830.0000
316.8976;144.8807;0.0000;630.3212;11881838.0000
316.9044;143.8807;0.0819;634.2256;11881845.0000
315.9180;142.8807;0.0000;639.2666;11881852.0000
314.9249;142.8738;0.0000;632.3143;11881859.0000
313.9386;141.8670;0.0000;639.2597;11881865.0000
312.9454;140.8670;0.0000;640.2733;11881872.0000
312.9522;139.8738;0.0000;635.2938;11881879.0000
311.9590;137.8738;0.0000;640.2666;11881887.0000
310.9727;136.8738;0.0000;634.3280;11881893.0000
309.9863;135.8738;0.0000;637.2938;11881901.0000
308.9932;134.8807;0.0819;646.2324;11881907.0000
308.0068;132.8875;0.0000;637.3143;11881915.0000
307.0136;131.8875;0.0000;638.2870;11881922.0000
306.0205;130.8875;0.0000;640.2938;11881929.0000
304.0410;129.8943;0.0000;636.3075;11881936.0000
303.0478;127.9011;0.0000;640.2938;11881943.0000
302.0614;126.9011;0.0000;637.3280;11881949.0000
301.0682;125.9012;0.0000;636.3211;11881957.0000
300.0819;124.9012;0.0000;640.3075;11881964.0000
299.0887;122.9080;0.0000;639.3280;11881971.0000
298.0956;121.9148;0.0000;633.3484;11881979.0000
297.1024;120.9148;0.0000;641.2870;11881985.0000
296.1160;119.9148;0.0000;634.3690;11881992.0000
295.1229;118.9148;0.0000;637.3280;11881999.0000
294.1365;117.9148;0.0000;637.3348;11882005.0000
294.1365;116.9148;0.0000;633.3757;11882013.0000
293.1434;115.9216;0.0000;639.3143;11882020.0000
292.1570;113.9284;0.0000;638.3416;11882027.0000
291.1638;112.9285;0.0000;633.3689;11882034.0000
290.1775;110.9353;0.0000;639.3212;11882041.0000
289.1843;109.9353;0.0000;636.3621;11882047.0000
288.1912;107.9489;0.0000;635.3621;11882054.0000
287.1980;106.9489;0.0000;639.3280;11882062.0000
286.2116;104.9489;0.0000;634.3962;11882068.0000
285.2184;103.9489;0.0000;635.3484;11882076.0000
285.2253;102.9557;0.0000;640.3553;11882082.0000
284.2321;100.9626;0.0000;632.4031;11882089.0000
283.2390;99.9626;0.0000;637.3484;11882097.0000
282.2526;97.9695;0.0000;638.3621;11882104.0000
281.2594;96.9694;0.0000;633.3826;11882111.0000
280.2662;95.9695;0.0000;637.3484;11882118.0000
279.2799;94.9695;0.0000;635.3826;11882125.0000
279.2799;93.9695;0.0000;632.3894;11882132.0000
278.2936;92.9695;0.0000;637.3621;11882138.0000
277.3004;90.9763;0.0000;633.3962;11882146.0000
276.3072;89.9763;0.0000;635.3689;11882153.0000
275.3209;88.9695;0.0000;638.3689;11882159.0000
274.3276;86.9762;0.0819;631.4167;11882167.0000
273.3414;85.9763;0.0000;637.3689;11882173.0000
272.3482;84.9762;0.0819;637.3757;11882180.0000
271.3550;83.9763;0.0000;631.4235;11882187.0000
269.3755;82.9695;0.0000;637.3689;11882195.0000
268.3823;81.9695;0.0000;635.4099;11882201.0000
267.3960;81.9626;0.0819;632.4167;11882208.0000
265.4096;80.9557;0.0000;637.3962;11882217.0000
264.4164;79.9557;0.0819;633.4235;11882223.0000
262.4369;78.9557;0.0000;634.3826;11882231.0000
260.4506;77.9557;0.0000;638.4167;11882238.0000
259.4574;76.9557;0.0000;634.3894;11882245.0000
257.4710;75.9557;0.0000;635.3962;11882252.0000
256.4779;74.9557;0.0000;637.4099;11882259.0000
254.4984;73.9489;0.0000;633.4304;11882266.0000
253.5052;73.9421;0.0000;634.4236;11882273.0000
251.5188;72.9421;0.0000;638.4167;11882281.0000
250.5257;71.9421;0.0000;634.4236;11882289.0000
249.5325;71.9285;0.0000;638.4167;11882295.0000
247.5462;71.9216;0.0000;633.4645;11882302.0000
246.5598;70.9216;0.0000;634.4440;11882309.0000
245.5666;70.9148;0.0000;639.4167;11882315.0000
243.5803;70.9012;0.0000;633.4713;11882323.0000
242.5871;69.9011;0.0000;635.4372;11882330.0000
240.6008;69.8943;11.9181;640.4373;11882337.0000
239.6076;68.8943;0.0000;633.4850;11882344.0000
237.6212;67.8943;0.0000;637.4440;11882352.0000
235.6349;66.8943;0.0000;637.4713;11882358.0000
234.6417;66.8807;0.0000;634.4576;11882365.0000
233.6486;65.8807;0.0000;631.4987;11882373.0000
231.6622;64.8738;0.0000;643.4373;11882379.0000
229.6827;64.8670;0.0000;629.5055;11882387.0000
228.6895;63.8602;0.0000;648.3894;11882393.0000
226.7032;63.8534;0.0000;640.4577;11882400.0000
225.7100;63.8465;0.0000;641.4440;11882407.0000
223.7236;62.8465;0.0000;648.4099;11882414.0000
222.7305;62.8329;0.0000;643.4440;11882421.0000
220.7441;61.8329;0.0000;643.4373;11882428.0000
218.7509;60.8329;0.0000;645.4440;11882435.0000
217.7578;60.8261;0.0000;646.4167;11882441.0000
215.7783;59.8192;0.0000;648.4031;11882449.0000
213.7919;59.8124;0.0000;646.4372;11882456.0000
212.7988;58.8056;0.0000;643.4373;11882462.0000
210.8124;58.7988;0.0000;650.3962;11882471.0000
208.8192;57.7988;0.0000;645.4440;11882478.0000
206.8329;57.7919;0.0000;646.4167;11882485.0000
205.8397;56.7851;0.0000;650.4099;11882492.0000
203.8534;56.7783;0.0819;641.4781;11882499.0000
202.8602;56.7715;0.0000;648.4235;11882507.0000
200.8738;56.7578;0.0819;648.4304;11882513.0000
199.8738;55.7578;0.0000;645.4645;11882520.0000
197.8875;55.7509;0.0000;649.4167;11882527.0000
196.8943;55.7441;0.0000;646.4508;11882533.0000
194.9080;55.7305;0.0000;646.4372;11882541.0000
193.9148;55.7236;0.0000;651.4031;11882548.0000
191.9285;55.7100;0.0000;645.4645;11882555.0000
189.9421;55.7032;0.0000;645.4440;11882562.0000
188.9421;54.6963;0.0000;651.4167;11882568.0000
186.9557;54.6895;0.0000;643.4781;11882575.0000
185.9626;54.6827;0.0000;649.4167;11882582.0000
183.9695;54.6690;0.0000;650.4304;11882590.0000
182.9762;53.6622;0.0000;643.4781;11882596.0000
180.9831;53.6554;0.0000;649.4235;11882604.0000
179.9899;53.6417;0.0000;648.4440;11882610.0000
178.0036;53.6349;0.0000;646.4508;11882616.0000
177.0036;53.6281;0.0000;650.4304;11882624.0000
175.0172;53.6144;0.0000;645.4850;11882631.0000
174.0172;53.6076;0.0000;646.4576;11882638.0000
173.0240;53.5940;0.0000;650.4372;11882645.0000
172.0309;53.5871;0.0000;643.4987;11882653.0000
171.0309;53.5735;0.0000;648.4440;11882660.0000
170.0377;53.5667;0.0000;650.4509;11882666.0000
169.0377;53.5598;0.0000;643.4918;11882673.0000
168.0377;54.5394;0.0000;649.4508;11882681.0000
167.0445;54.5325;0.0000;650.4509;11882687.0000
166.0445;54.5188;0.0000;643.4918;11882695.0000
166.0377;55.5052;0.0000;650.4440;11882701.0000
165.0445;55.4984;0.0000;643.5192;11882708.0000
164.0445;55.4847;0.0000;645.4781;11882715.0000
163.0445;55.4779;0.0000;650.4509;11882725.0000
163.0377;56.4642;0.0000;643.4918;11882732.0000
162.0445;56.4574;0.0819;647.4509;11882739.0000
162.0377;57.4437;0.0000;649.4645;11882746.0000
161.0445;57.4301;0.0000;643.5055;11882752.0000
160.0445;57.4233;0.0000;648.4576;11882760.0000
159.0514;57.4164;0.0000;647.4713;11882767.0000
158.0514;58.4028;0.0000;642.5055;11882773.0000
157.0514;58.3960;0.0000;648.4576;11882781.0000
156.0582;58.3891;0.0000;643.5192;11882787.0000
155.0582;59.3755;0.0000;645.4850;11882794.0000
154.0582;59.3687;0.0000;650.4509;11882801.0000
154.0514;59.3618;0.0000;643.4987;11882809.0000
153.0582;60.3482;0.0000;643.4987;11882815.0000
152.0582;60.3345;0.0000;650.4850;11882822.0000
151.0582;61.3277;0.0000;642.5192;11882829.0000
151.0514;61.3208;0.0000;647.4850;11882835.0000
150.0514;61.3140;0.0000;647.4918;11882843.0000
149.0582;62.3004;0.0000;640.5260;11882852.0000
148.0582;62.3004;0.0000;647.4781;11882859.0000
147.0582;63.2867;0.0000;645.5123;11882866.0000
145.0718;63.2799;0.0000;641.5123;11882872.0000
144.0718;63.2731;0.0000;650.4645;11882879.0000
142.0787;63.2662;0.0000;640.5396;11882886.0000
141.0787;64.2526;0.0000;643.4987;11882893.0000
139.0923;64.2458;0.0000;651.4576;11882901.0000
137.0991;65.2321;0.0000;640.5396;11882907.0000
136.1060;65.2253;0.0000;641.5192;11882915.0000
134.1128;66.2116;0.0000;632.5942;11882921.0000
133.1128;66.2116;0.0000;640.5396;11882927.0000
132.1196;66.2048;0.0000;635.5601;11882935.0000
132.1128;67.1912;0.0000;635.5737;11882942.0000
131.1196;67.1843;0.0000;631.5328;11882949.0000
130.1196;68.1775;0.0000;638.5464;11882956.0000
129.1196;69.1639;0.0000;629.6147;11882963.0000
128.1264;69.1639;0.0000;632.5737;11882969.0000
127.1264;69.1570;0.0000;634.5737;11882976.0000
126.1264;70.1434;0.0000;629.6147;11882986.0000
125.1333;70.1366;0.0000;637.4918;11882992.0000
123.1401;71.1229;0.0000;636.5874;11883000.0000
122.1469;71.1229;0.0000;631.6011;11883006.0000
121.1469;72.1092;0.0000;634.5874;11883013.0000
119.1606;72.1024;0.0819;634.5806;11883020.0000
118.1606;73.0956;0.0000;631.5806;11883028.0000
116.1674;74.0819;0.0000;637.5397;11883035.0000
115.1674;74.0819;0.0000;629.5601;11883042.0000
114.1743;75.0683;0.0000;633.5874;11883048.0000
112.1810;76.0546;0.0000;637.5328;11883056.0000
111.1810;77.0410;0.0819;629.6147;11883062.0000
110.1879;78.0341;0.0000;632.5737;11883069.0000
109.1879;78.0273;0.0000;635.5737;11883077.0000
108.1879;79.0137;0.0000;630.6011;11883083.0000
107.1879;80.0000;0.0000;636.5396;11883091.0000
106.1879;80.9932;0.0000;634.5737;11883097.0000
104.1947;81.9795;0.0819;633.5806;11883104.0000
103.2016;82.9659;0.0000;636.5328;11883111.0000
102.2016;83.9590;0.0819;632.5737;11883119.0000
101.2016;84.9454;0.0000;631.5806;11883125.0000
100.2016;85.9317;0.0000;638.5192;11883132.0000
99.2016;86.9249;0.0000;633.5669;11883139.0000
98.2016;87.9113;0.0000;634.5464;11883145.0000
98.1947;87.9113;0.0819;638.5259;11883153.0000
97.1947;88.8976;0.0000;632.5737;11883160.0000
97.1879;89.8839;0.0000;639.5055;11883167.0000
96.1879;90.8771;0.0819;636.5328;11883174.0000
95.1879;91.8634;0.0000;634.5464;11883181.0000
95.1810;91.8566;0.0000;639.4987;11883187.0000
94.1810;92.8498;0.0819;636.5328;11883195.0000
93.1810;93.8361;0.0819;634.5191;11883203.0000
92.1810;93.8361;0.0819;639.4987;11883211.0000
92.1742;94.8225;0.0000;634.5601;11883217.0000
91.1742;94.8157;0.0000;637.5191;11883224.0000
91.1674;95.8088;0.0000;639.5055;11883231.0000
91.1606;95.8020;0.0819;635.5396;11883238.0000
91.1537;96.7952;0.0000;640.4987;11883246.0000
90.1537;96.7884;0.0000;640.4987;11883253.0000
90.1469;97.7747;0.0000;635.5396;11883260.0000
89.1469;98.7679;0.0000;640.4987;11883267.0000
89.1401;98.7611;0.0000;637.5397;11883273.0000
89.1333;99.7474;0.0000;637.5191;11883280.0000
88.1333;99.7474;0.0000;642.4987;11883287.0000
88.1264;100.7406;0.0000;637.5397;11883295.0000
88.1196;100.7338;0.0000;640.4987;11883301.0000
88.1128;101.7269;0.0000;642.4918;11883309.0000
87.1060;102.7133;0.0000;631.5806;11883315.0000
87.0991;102.7065;0.0000;640.4987;11883322.0000
86.1060;103.6928;0.0000;641.4918;11883329.0000
86.0991;103.6928;0.0000;637.5328;11883336.0000
86.0923;104.6791;0.0000;641.4918;11883343.0000
85.0923;104.6791;0.0000;642.5055;11883350.0000
85.0787;105.6655;0.0000;637.5191;11883358.0000
84.0855;106.6518;0.0000;643.4781;11883364.0000
84.0787;106.6586;0.0000;637.5328;11883372.0000
83.0787;107.6450;0.0000;640.4781;11883379.0000
82.0787;108.6313;0.0000;643.4714;11883385.0000
81.0787;108.6313;0.0000;637.5191;11883393.0000
80.0787;109.6177;0.0000;641.4850;11883401.0000
79.0787;110.6109;0.0000;646.4645;11883407.0000
79.0718;110.6109;0.0000;637.5191;11883414.0000
78.0718;111.5972;0.0000;643.4645;11883421.0000
77.0718;112.5904;0.0000;642.4781;11883428.0000
76.0718;112.5835;0.0000;637.5123;11883435.0000
75.0718;113.5767;0.0000;642.4645;11883442.0000
74.0718;114.5631;0.0000;638.4918;11883449.0000
73.0718;115.5562;0.0000;642.4645;11883455.0000
72.0650;115.5562;0.0000;646.4372;11883463.0000
71.0650;116.5358;0.0000;640.4987;11883470.0000
70.0650;117.5289;0.0000;643.4509;11883476.0000
69.0650;118.5221;0.0000;645.4509;11883484.0000
68.0650;119.5153;0.0000;641.4713;11883491.0000
67.0718;120.5085;0.0000;643.4509;11883497.0000
66.0718;121.5016;0.0000;645.4373;11883504.0000
65.0718;122.4948;0.0000;641.4713;11883512.0000
65.0718;122.4948;0.0000;643.4509;11883518.0000
64.0718;123.4880;0.0000;641.4713;11883525.0000
63.0718;124.4743;0.0000;640.4645;11883533.0000
63.0650;125.4675;0.0819;648.4235;11883538.0000
62.0650;126.4606;0.0000;641.4713;11883546.0000
61.0650;127.4470;0.0000;640.4645;11883553.0000
61.0582;127.4470;0.0000;648.4235;11883560.0000
60.0582;128.4402;0.0000;643.4577;11883567.0000
59.0582;129.4333;0.0000;646.4167;11883575.0000
59.0514;130.4265;0.0000;643.4373;11883581.0000
58.0514;131.4197;0.0000;642.4373;11883588.0000
57.0514;132.4129;0.0000;648.4031;11883595.0000
56.0514;133.4060;0.0000;643.4509;11883603.0000
56.0445;134.3924;0.0000;643.4373;11883609.0000
55.0445;135.3856;0.0000;650.3962;11883619.0000
55.0377;136.3787;0.0000;643.4577;11883625.0000
54.0377;137.3719;0.0000;645.4235;11883631.0000
54.0309;138.3651;0.0000;649.4099;11883639.0000
54.0241;139.3583;0.0819;640.4577;11883646.0000
53.0241;141.3446;0.0000;650.3826;11883653.0000
53.0172;142.3378;0.0000;649.3962;11883661.0000
53.0104;143.3310;0.0000;641.4577;11883668.0000
52.0104;144.3241;0.0000;650.3826;11883674.0000
52.0036;146.3105;0.0000;647.4167;11883681.0000
51.0104;147.3036;0.0000;645.4031;11883689.0000
51.0036;148.2968;0.0000;651.3826;11883695.0000
50.9967;149.2900;0.0000;643.4373;11883703.0000
49.9967;150.2832;0.0819;647.3962;11883710.0000
49.9899;152.2695;0.0000;651.3690;11883716.0000
48.9899;153.2627;0.0000;642.4440;11883723.0000
48.9831;155.2491;0.0000;650.3689;11883730.0000
48.9763;156.2422;0.0000;650.3894;11883737.0000
47.9763;158.2285;0.0000;643.4304;11883744.0000
47.9763;159.2217;0.0000;648.3962;11883753.0000
46.9763;161.2081;0.0000;648.3962;11883758.0000
46.9695;163.1944;0.0000;647.3826;11883766.0000
46.9626;165.1808;0.0000;653.3484;11883774.0000
45.9626;166.1808;0.0000;647.4031;11883781.0000
45.9557;168.1671;0.0000;649.3689;11883787.0000
45.9489;170.1534;0.0000;650.3689;11883795.0000
44.9489;172.1398;0.0000;646.3826;11883801.0000
44.9421;173.1330;0.0000;650.3484;11883808.0000
43.9353;175.1193;0.0000;651.3621;11883815.0000
42.9421;176.1125;0.0000;646.3894;11883823.0000
42.9353;178.0988;0.0000;650.3553;11883829.0000
41.9353;179.0920;0.0000;651.3621;11883836.0000
41.9285;181.0784;0.0000;647.3894;11883843.0000
40.9285;182.0715;0.0000;651.3417;11883849.0000
40.9285;184.0579;0.0000;646.3962;11883857.0000
39.9285;186.0443;0.0819;646.3689;11883864.0000
39.9216;187.0374;0.0000;651.3417;11883871.0000
39.9216;189.0305;0.0000;647.3894;11883879.0000
38.9216;191.0169;0.0000;649.3552;11883886.0000
38.9148;192.0169;0.0000;650.3689;11883892.0000
38.9080;194.0032;0.0000;647.3689;11883899.0000
38.9011;195.9896;0.0819;653.3143;11883907.0000
38.8943;197.9759;0.0000;651.3485;11883913.0000
38.8875;199.9623;0.0000;647.3826;11883921.0000
38.8807;200.9555;0.0000;653.3484;11883928.0000
38.8738;202.9418;0.0000;648.3826;11883933.0000
38.8670;203.9350;0.0000;651.3417;11883941.0000
38.8602;205.9213;0.0000;656.3280;11883947.0000
38.8602;206.9145;0.0000;649.3689;11883956.0000
38.8534;207.9077;0.0000;650.3417;11883963.0000
38.8534;209.8940;0.0000;654.3280;11883970.0000
38.8465;210.8940;0.0000;647.3689;11883977.0000
38.8397;211.8872;0.0000;653.3280;11883983.0000
38.8397;212.8804;11.9181;652.3348;11883990.0000
38.8329;214.8667;11.9181;646.3621;11883998.0000
38.8261;215.8599;0.0000;653.3212;11884004.0000
38.8192;217.8463;11.9181;647.3757;11884012.0000
38.8124;218.8394;0.0000;637.4235;11884019.0000
38.8056;219.8326;0.0000;642.3894;11884025.0000
38.8056;220.8258;0.0000;638.4304;11884032.0000
38.7988;221.8190;0.0819;638.4031;11884039.0000
38.7919;222.8121;0.0000;642.3894;11884046.0000
38.7851;223.8121;0.0000;636.4372;11884053.0000
38.7783;224.8053;0.0000;641.3826;11884061.0000
38.7715;225.7984;0.0000;640.3826;11884066.0000
38.7646;226.7916;0.0000;637.4031;11884074.0000
38.7578;227.7848;0.0000;640.3894;11884081.0000
38.7578;228.7780;0.0000;640.4031;11884087.0000
38.7509;228.7780;0.0000;638.3894;11884095.0000
38.7441;229.7711;0.0819;643.3484;11884102.0000
39.7305;230.7711;0.0000;636.4031;11884108.0000
39.7236;231.7711;0.0000;637.3689;11884115.0000
39.7168;232.7643;0.0819;643.3348;11884124.0000
39.7100;233.7575;0.0000;635.3894;11884132.0000
39.7032;234.7507;0.0000;640.3212;11884140.0000
39.6963;235.7506;0.0000;642.3280;11884147.0000
39.6895;235.7575;0.0000;637.3553;11884154.0000
39.6895;236.7575;0.0000;641.3075;11884160.0000
40.6759;237.7507;0.0000;640.3348;11884168.0000
40.6690;238.7507;0.0000;637.3348;11884175.0000
40.6622;238.7507;0.0000;643.3143;11884182.0000
40.6554;239.7370;0.0819;637.3417;11884189.0000
40.6486;240.7302;0.0000;639.3143;11884195.0000
40.6417;240.7302;0.0819;634.3485;11884202.0000
41.6281;241.7233;0.0819;638.3075;11884209.0000
41.6213;242.7165;0.0000;641.2733;11884217.0000
41.6144;242.7234;0.0000;645.2393;11884223.0000
41.6076;243.7233;0.0000;637.2938;11884231.0000
41.6008;244.7234;0.0000;640.2733;11884238.0000
41.5940;244.7234;0.0819;640.2802;11884243.0000
42.5871;245.7165;0.0000;640.2528;11884251.0000
42.5803;246.7097;0.0000;646.2188;11884258.0000
42.5735;246.7165;0.0819;639.2802;11884266.0000
42.5735;247.7165;0.0000;642.1777;11884273.0000
43.5598;248.7097;0.0000;647.1846;11884280.0000
43.5530;248.7097;0.0819;640.2324;11884286.0000
43.5462;249.7097;0.0000;640.2324;11884293.0000
43.5394;250.7097;0.0000;646.1914;11884300.0000
43.5325;251.7097;0.0000;637.2528;11884307.0000
43.5257;251.7165;0.0000;643.1983;11884315.0000
43.5188;252.7097;0.0000;643.1983;11884323.0000
43.5188;253.7029;0.0819;639.2119;11884329.0000
43.5120;254.6960;0.0000;646.1641;11884336.0000
43.4984;254.7029;0.0819;640.2188;11884343.0000
43.4915;255.7029;0.0000;640.1914;11884350.0000
43.4847;256.7029;0.0000;646.1710;11884357.0000
43.4779;256.7029;0.0000;640.1983;11884364.0000
43.4711;257.6960;0.0000;638.1914;11884371.0000
43.4711;258.6960;0.0000;646.1505;11884377.0000
43.4642;259.6960;0.0000;640.1914;11884385.0000
43.4574;260.6892;0.0000;645.1232;11884393.0000
43.4506;261.6824;0.0000;643.1368;11884399.0000
43.4437;262.6824;0.0000;640.1914;11884407.0000
43.4369;263.6824;0.0000;646.0959;11884414.0000
43.4233;264.6824;0.0000;643.1573;11884420.0000
44.4096;265.6756;0.0000;642.1368;11884427.0000
44.4028;266.6756;0.0000;647.1027;11884435.0000
44.3960;267.6756;0.0000;642.1437;11884441.0000
44.3823;268.6756;0.0000;643.1095;11884448.0000
44.3755;269.6688;0.0000;647.0891;11884455.0000
45.3618;270.6688;0.0000;640.1437;11884461.0000
45.3550;271.6688;0.0000;646.0890;11884469.0000
45.3482;272.6688;0.0000;647.0891;11884475.0000
45.3414;273.6619;0.0000;640.1300;11884483.0000
45.3414;274.6619;0.0000;643.0959;11884490.0000
46.3208;275.6619;0.0000;643.0959;11884496.0000
46.3208;276.6551;0.0000;641.1027;11884504.0000
46.3140;277.6551;0.0000;648.0481;11884511.0000
46.3072;278.6551;0.0000;641.1232;11884518.0000
46.3004;279.6551;0.0000;642.0958;11884526.0000
47.2867;280.6483;0.0000;649.0548;11884532.0000
47.2867;281.6483;0.0000;640.1095;11884539.0000
47.2799;282.6414;0.0000;643.0822;11884547.0000
48.2731;283.6414;0.0000;646.0890;11884552.0000
48.2731;284.6346;0.0000;640.1300;11884560.0000
48.2662;285.6346;0.0000;646.0686;11884567.0000
49.2594;286.6278;0.0000;643.0959;11884574.0000
49.2594;287.6209;0.0000;642.0890;11884581.0000
49.2526;288.6209;0.0000;637.1368;11884590.0000
49.2458;289.6141;0.0000;641.0959;11884596.0000
49.2458;289.6209;0.0000;646.0549;11884603.0000
50.2321;290.6209;0.0000;650.0344;11884611.0000
50.2253;291.6210;0.0000;641.1095;11884617.0000
51.2116;292.6210;0.0000;646.0480;11884625.0000
52.1980;292.6278;0.0000;651.0344;11884631.0000
52.1912;293.6209;0.0000;641.0618;11884638.0000
53.1843;294.6209;0.0000;646.0413;11884646.0000
53.1775;294.6209;0.0000;646.0480;11884652.0000
54.1639;295.6209;0.0000;643.0481;11884660.0000
54.1639;296.6141;0.0000;649.9866;11884667.0000
54.1570;296.6209;0.0000;643.0549;11884674.0000
55.1434;297.6141;0.0000;646.0139;11884680.0000
55.1434;298.6141;0.0000;650.9798;11884688.0000
55.1366;298.6210;0.0000;643.0344;11884695.0000
56.1229;299.6209;0.0000;647.0002;11884703.0000
56.1229;300.6141;0.0000;647.9934;11884709.0000
57.1092;301.6141;0.0000;641.0344;11884717.0000
58.0956;302.6141;0.0819;647.0002;11884723.0000
58.0887;302.6209;0.0000;646.9934;11884730.0000
59.0751;303.6209;0.0000;642.0276;11884737.0000
59.0683;304.6141;0.0819;648.9662;11884744.0000
60.0614;305.6141;0.0000;643.0071;11884751.0000
61.0478;306.6141;0.0000;645.9797;11884758.0000
61.0410;307.6073;0.0000;646.9798;11884766.0000
62.0341;308.6073;0.0000;643.0208;11884772.0000
62.0273;309.6073;0.0000;645.9662;11884780.0000
63.0136;309.6141;0.0819;649.9457;11884787.0000
63.0136;310.6073;0.0000;644.9935;11884793.0000
64.0000;311.6073;0.0000;645.9662;11884801.0000
64.9863;312.6073;0.0000;644.9661;11884807.0000
64.9863;313.6072;0.0000;641.0004;11884814.0000
65.9727;314.6073;0.0819;646.9525;11884821.0000
65.9659;315.6005;0.0000;642.9866;11884828.0000
66.9590;316.6004;0.0000;642.9662;11884835.0000
66.9522;317.6005;0.0000;648.9115;11884843.0000
67.9454;318.6004;0.0000;640.9935;11884849.0000
67.9386;318.6073;0.0000;644.9525;11884856.0000
68.9317;319.6005;0.0000;647.9388;11884863.0000
69.9181;320.6005;0.0000;641.9730;11884869.0000
70.9113;321.6004;0.0000;646.9252;11884878.0000
70.9044;322.6005;0.0000;645.9593;11884885.0000
71.8907;323.5936;0.0000;641.9730;11884892.0000
72.8839;323.6073;0.0000;644.9457;11884899.0000
72.8771;324.6073;0.0000;640.9935;11884905.0000
73.8703;325.6073;0.0000;641.9593;11884912.0000
74.8566;326.6073;0.0000;647.9320;11884920.0000
75.8498;327.6073;0.0000;638.9797;11884926.0000
76.8361;327.6141;0.0000;642.9525;11884934.0000
77.8293;328.6141;0.0000;646.9047;11884941.0000
77.8225;329.6141;0.0000;639.9525;11884946.0000
78.8157;330.6209;0.0000;646.9115;11884954.0000
79.8020;331.6209;0.0000;647.9183;11884960.0000
80.7952;331.6278;0.0000;639.9525;11884968.0000
80.7884;332.6278;0.0000;644.9252;11884975.0000
81.7747;333.6346;0.0000;644.9321;11884982.0000
82.7679;334.6346;0.0000;639.9594;11884989.0000
83.7611;335.6346;0.0000;642.9320;11884995.0000
84.7474;336.6346;0.0000;637.9797;11885002.0000
84.7474;337.6414;0.0000;639.9525;11885009.0000
85.7406;337.6483;0.0000;645.8911;11885017.0000
86.7269;338.6483;0.0000;636.9866;11885023.0000
87.7201;339.6483;0.0000;639.9525;11885032.0000
88.7133;340.6483;0.0000;640.9525;11885038.0000
89.7065;341.6483;0.0819;635.9798;11885045.0000
91.6860;342.6551;0.0000;639.9525;11885054.0000
92.6792;343.6551;0.0000;639.9525;11885062.0000
93.6655;344.6551;0.0000;636.9730;11885069.0000
94.6586;344.6619;0.0000;641.9183;11885076.0000
94.6586;345.6619;0.0000;633.9935;11885082.0000
95.6518;346.6619;0.0000;636.9594;11885090.0000
96.6382;347.6619;0.0000;642.9320;11885097.0000
97.6313;348.6619;0.0000;636.9730;11885103.0000
98.6177;348.6688;0.0819;641.9115;11885111.0000
98.6177;349.6756;0.0000;640.9457;11885118.0000
99.6109;350.6755;0.0000;635.9798;11885124.0000
100.5972;351.6756;0.0819;639.9320;11885131.0000
101.5904;352.6755;0.0000;639.9525;11885138.0000
102.5835;353.6756;0.0819;633.9935;11885145.0000
103.5699;353.6824;0.0000;639.9320;11885152.0000
103.5699;354.6824;0.0000;639.9594;11885160.0000
104.5562;355.6824;0.0000;636.9457;11885166.0000
105.5494;355.6960;0.0000;642.9115;11885174.0000
105.5494;356.6960;0.0000;636.9594;11885180.0000
106.5358;357.6892;0.0000;638.9320;11885188.0000
107.5289;357.6960;0.0000;642.9115;11885195.0000
108.5221;358.6960;0.0000;635.9593;11885201.0000
109.5153;359.6960;0.0000;639.9115;11885208.0000
110.5016;359.7029;0.0000;639.9252;11885215.0000
110.5016;360.7029;0.0000;637.9525;11885222.0000
111.4948;360.7097;0.0000;641.9183;11885229.0000
112.4880;361.7097;0.0000;634.9730;11885237.0000
113.4743;361.7165;0.0000;636.9457;11885243.0000
114.4675;362.7165;0.0000;640.9457;11885252.0000
114.4675;362.7233;0.0000;636.9730;11885257.0000
115.4606;362.7302;0.0000;636.9388;11885265.0000
116.4470;363.7302;0.0000;639.9525;11885272.0000
117.4402;363.7370;0.0819;633.9935;11885279.0000
118.4333;364.7302;0.0000;639.9047;11885287.0000
119.4265;364.7370;0.0000;637.9388;11885295.0000
120.4129;365.7370;0.0000;633.9730;11885300.0000
121.4060;365.7438;0.0000;639.9115;11885307.0000
122.3992;365.7507;0.0000;636.9388;11885314.0000
123.3856;366.7507;0.0000;633.9594;11885321.0000
123.3856;366.7574;0.0000;639.9115;11885329.0000
124.3787;366.7711;0.0000;633.9594;11885335.0000
125.3719;366.7780;0.0000;636.9252;11885342.0000
126.3651;367.7780;0.0000;639.9252;11885349.0000
126.3583;367.7848;0.0819;632.9730;11885355.0000
127.3514;367.7984;0.0000;634.9320;11885363.0000
128.3446;368.7985;0.0819;637.9183;11885370.0000
129.3378;368.8052;0.0000;633.9662;11885377.0000
130.3310;368.8190;0.0000;633.9388;11885384.0000
131.3241;369.8189;0.0000;636.9457;11885391.0000
131.3241;369.8257;0.0000;634.9388;11885397.0000
132.3173;370.8326;0.0819;636.9320;11885404.0000
133.3037;370.8394;0.0000;633.9525;11885412.0000
134.2968;371.8394;0.0819;634.9388;11885418.0000
135.2900;371.8530;0.0000;639.9047;11885426.0000
136.2832;371.8599;0.0000;630.9935;11885433.0000
137.2764;371.8667;0.0000;634.9388;11885440.0000
138.2695;372.8735;0.0000;634.9457;11885448.0000
139.2627;372.8804;0.0819;626.0139;11885454.0000
139.2627;372.8872;0.0000;633.9457;11885461.0000
140.2558;372.8940;0.0819;632.9594;11885469.0000
141.2491;373.8940;0.0000;631.9593;11885474.0000
142.2422;373.9009;0.0000;633.9457;11885482.0000
143.2354;373.9077;0.0819;630.9730;11885488.0000
144.2285;373.9145;0.0000;629.9730;11885496.0000
145.2217;374.9145;0.0000;634.9457;11885503.0000
146.2149;374.9213;0.0000;627.0139;11885509.0000
146.2149;374.9282;0.0000;628.9662;11885517.0000
147.2081;374.9350;0.0000;633.9798;11885524.0000
148.2012;375.9350;0.0000;628.9934;11885531.0000
149.1944;375.9418;0.0000;631.9662;11885540.0000
149.1944;375.9486;0.0000;630.9866;11885548.0000
150.1808;375.9555;11.9181;628.9797;11885554.0000
151.1739;375.9623;0.0000;633.9730;11885560.0000
152.1671;375.9691;0.0000;629.0003;11885568.0000
153.1603;376.9691;0.0000;628.9934;11885574.0000
153.1603;376.9759;0.0000;633.9798;11885582.0000
155.1466;376.9828;0.0000;630.0208;11885589.0000
156.1398;376.9828;0.0000;630.9935;11885596.0000
157.1330;377.9828;0.0000;633.0002;11885603.0000
158.1261;377.9896;0.0000;625.0686;11885609.0000
160.1125;377.9964;0.0000;631.9866;11885617.0000
161.1057;378.9964;0.0000;631.0139;11885625.0000
162.0988;379.0032;0.0000;629.0276;11885631.0000
164.0852;379.0101;0.0000;633.0002;11885639.0000
165.0784;380.0101;0.0000;629.0413;11885646.0000
166.0715;380.0169;0.0000;627.0549;11885652.0000
168.0579;380.0169;0.0000;631.0276;11885659.0000
169.0511;380.0237;0.0000;625.0753;11885666.0000
171.0442;381.0238;0.0000;626.0618;11885674.0000
172.0374;381.0374;0.0000;619.1163;11885681.0000
174.0237;382.0374;0.0000;622.1163;11885688.0000
176.0101;382.0443;0.0000;627.0413;11885694.0000
177.9964;383.0442;0.0000;626.0890;11885702.0000
178.9896;383.0510;0.0000;619.1231;11885708.0000
180.9828;383.0579;0.0000;625.0822;11885715.0000
182.9691;384.0579;0.0000;622.1300;11885723.0000
184.9555;384.0647;0.0000;622.0959;11885729.0000
186.9418;384.0715;11.9181;627.0753;11885736.0000
188.9350;384.0784;0.0000;619.1505;11885743.0000
190.9213;384.0852;0.0000;621.1163;11885750.0000
191.9145;384.0920;0.0000;625.1095;11885757.0000
193.9077;384.1057;0.0000;619.1641;11885764.0000
195.8940;384.1125;0.0000;622.1231;11885771.0000
197.8872;384.1193;0.0000;620.1573;11885778.0000
199.8736;384.1262;0.0000;619.1710;11885785.0000
201.8599;384.1330;0.0000;622.1300;11885791.0000
203.8531;384.1398;0.0000;620.1777;11885800.0000
205.8394;384.1466;11.9181;619.1573;11885808.0000
207.8258;384.1534;0.0819;623.1437;11885815.0000
209.8189;384.1603;0.0000;618.2119;11885821.0000
211.8053;384.1671;0.0000;619.1914;11885828.0000
213.7916;384.1739;0.0000;619.1982;11885835.0000
215.7848;383.1876;0.0000;616.2188;11885842.0000
217.7711;383.1944;0.0000;618.1982;11885849.0000
219.7575;382.2081;11.9181;620.1846;11885857.0000
221.7507;382.2149;0.0000;613.2188;11885863.0000
223.7370;381.2354;0.0000;619.1914;11885869.0000
225.7234;381.2422;11.9181;617.2051;11885877.0000
227.7165;381.2491;0.0000;614.2256;11885883.0000
229.7029;380.2627;0.0000;619.1846;11885891.0000
231.6960;380.2695;0.0000;616.2256;11885898.0000
233.6824;380.2763;0.0000;616.2051;11885905.0000
235.6756;379.2900;0.0000;620.2051;11885912.0000
237.6619;379.2968;0.0000;615.2529;11885918.0000
239.6483;379.3036;0.0000;618.2188;11885925.0000
240.6483;378.3173;0.0000;619.2188;11885932.0000
242.6346;378.3309;0.0000;614.2393;11885940.0000
244.6210;377.3446;0.0000;619.1982;11885946.0000
245.6210;377.3514;11.9181;619.2188;11885954.0000
247.6073;376.3651;0.0000;617.2188;11885960.0000
249.6004;376.3719;0.0000;620.1846;11885966.0000
250.5936;375.3856;0.0000;613.2598;11885974.0000
252.5868;375.3924;0.0000;614.2460;11885981.0000
254.5732;374.4128;0.0000;619.2051;11885991.0000
255.5731;374.4197;0.0000;615.2460;11885998.0000
257.5663;373.4333;0.0000;616.2119;11886004.0000
259.5527;373.4470;0.0000;620.2051;11886011.0000
260.5527;373.4538;0.0000;615.2460;11886018.0000
261.5527;372.4675;0.0000;617.2256;11886025.0000
263.5390;372.4811;0.0000;618.2255;11886033.0000
264.5390;372.4879;0.0000;614.2460;11886039.0000
265.5322;371.5085;0.0000;619.1982;11886046.0000
266.5322;371.5153;0.0000;616.2324;11886054.0000
267.5322;371.5221;0.0000;614.2188;11886061.0000
268.5254;371.5358;0.0000;620.2051;11886068.0000
270.5186;370.5494;0.0000;613.2598;11886075.0000
271.5186;370.5562;0.0000;616.2256;11886082.0000
272.5186;370.5699;0.0000;619.1982;11886088.0000
273.5186;370.5767;0.0000;613.2528;11886096.0000
274.5186;369.5904;0.0000;619.1846;11886102.0000
275.5117;369.6040;11.9181;618.2188;11886110.0000
276.5117;369.6108;0.0819;614.2460;11886117.0000
277.5117;369.6177;0.0000;617.2051;11886123.0000
278.5117;368.6382;0.0000;616.2119;11886131.0000
280.5049;368.6450;0.0000;614.2256;11886137.0000
281.5049;368.6518;0.0000;619.1846;11886144.0000
282.4980;368.6587;0.0000;613.2460;11886151.0000
283.4980;368.6722;0.0000;618.1982;11886159.0000
284.4980;368.6791;0.0000;619.1982;11886165.0000
286.4912;368.6860;0.0000;613.2528;11886173.0000
287.4912;368.6996;0.0000;617.2188;11886180.0000
288.4912;367.7133;0.0000;618.2255;11886188.0000
289.4912;367.7201;0.0000;613.2460;11886194.0000
290.4912;367.7269;0.0000;619.1914;11886202.0000
291.4912;366.7406;0.0000;616.2324;11886209.0000
292.4912;366.7542;0.0000;613.2393;11886215.0000
293.4912;366.7610;11.9181;618.2188;11886222.0000
293.4980;366.7679;0.0000;613.2460;11886229.0000
294.4980;365.7815;0.0000;615.2188;11886236.0000
295.4980;365.7884;0.0000;618.1982;11886243.0000
296.4980;364.8020;0.0000;613.2598;11886251.0000
297.4980;364.8088;0.0000;613.2256;11886257.0000
298.4912;364.8157;0.0000;617.2256;11886264.0000
299.4912;363.8293;0.0000;611.2528;11886271.0000
300.4912;363.8361;0.0000;616.2119;11886277.0000
301.4912;362.8498;0.0000;616.2256;11886285.0000
302.4844;362.8498;0.0000;613.2324;11886292.0000
303.4844;361.8634;0.0000;618.1982;11886299.0000
304.4844;361.8702;0.0000;612.2528;11886306.0000
305.4776;361.8771;0.0000;613.2119;11886313.0000
306.4776;360.8839;0.0000;620.1846;11886319.0000
307.4708;360.8907;0.0000;613.2460;11886326.0000
309.4639;359.9044;0.0000;617.2051;11886334.0000
310.4639;359.9113;0.0000;618.2119;11886340.0000
311.4571;358.9249;0.0000;613.2460;11886348.0000
312.4571;358.9317;0.0000;618.1914;11886355.0000
313.4571;357.9454;0.0000;618.1982;11886362.0000
314.4571;357.9522;0.0000;614.2256;11886368.0000
315.4571;356.9590;0.0000;616.2051;11886376.0000
316.4571;356.9727;0.0000;612.2460;11886383.0000
318.4503;355.9795;0.0000;616.1914;11886390.0000
319.4503;354.9932;0.0000;618.1982;11886397.0000
320.4503;354.9932;0.0000;613.2324;11886404.0000
322.4435;354.0068;0.0000;616.2051;11886410.0000
323.4503;353.0205;0.0000;617.2051;11886417.0000
324.4503;352.0341;0.0000;613.2324;11886425.0000
326.4435;351.0478;0.0000;617.1983;11886431.0000
327.4435;351.0478;0.0000;616.2119;11886440.0000
329.4366;350.0614;0.0000;613.2119;11886446.0000
330.4435;349.0751;0.0000;618.1982;11886455.0000
332.4366;348.0819;0.0000;615.2324;11886462.0000
334.4366;347.0956;0.0000;614.2256;11886469.0000
335.4435;346.1093;0.0000;619.1777;11886476.0000
336.4435;345.1160;0.0000;613.2460;11886483.0000
338.4434;343.1365;0.0000;614.2119;11886490.0000
340.4435;342.1434;0.0000;619.1914;11886496.0000
341.4435;341.1570;0.0000;611.2528;11886504.0000
343.4435;340.1707;0.0000;617.1915;11886511.0000
344.4435;339.1843;0.0000;617.2119;11886518.0000
346.4435;338.1980;0.0000;613.2324;11886525.0000
347.4435;336.2116;0.0000;616.2119;11886531.0000
348.4503;335.2253;0.0000;615.2324;11886538.0000
350.4435;334.2390;0.0000;613.2324;11886546.0000
351.4503;332.2594;0.0000;619.1914;11886553.0000
352.4503;331.2731;0.0000;612.2597;11886561.0000
354.4503;329.2867;0.0000;615.2188;11886568.0000
355.4503;328.3004;0.0000;618.1914;11886574.0000
356.4571;327.3141;0.0000;611.2597;11886582.0000
357.4639;325.3277;0.0000;616.2119;11886588.0000
359.4639;324.3413;0.0000;616.2324;11886596.0000
360.4639;322.3550;0.0000;611.2597;11886603.0000
361.4708;321.3687;0.0000;616.2119;11886610.0000
362.4776;319.3823;0.0000;616.2460;11886617.0000
363.4844;317.4028;11.9181;614.2324;11886623.0000
365.4844;316.4164;0.0000;616.2256;11886630.0000
366.4844;314.4301;0.0000;612.2733;11886637.0000
367.4912;313.4437;0.0000;613.2528;11886645.0000
369.4912;311.4574;0.0000;618.2188;11886651.0000
370.4980;309.4778;0.0000;611.2528;11886659.0000
371.5049;308.4847;0.0000;615.2324;11886665.0000
372.5117;306.5052;0.0000;618.2188;11886671.0000
373.5186;304.5188;0.0000;610.2733;11886679.0000
374.5253;302.5393;0.0000;616.2256;11886686.0000
375.5254;300.5530;0.0000;613.2666;11886694.0000
375.5390;299.5598;0.0000;613.2528;11886701.0000
376.5458;297.5735;0.0000;616.2324;11886708.0000
378.5390;295.5939;0.0000;612.2802;11886714.0000
379.5458;294.6008;0.0000;613.2598;11886721.0000
380.5458;292.6213;0.0000;618.2188;11886729.0000
381.5527;291.6281;0.0000;614.2666;11886737.0000
382.5527;289.6486;0.0000;614.2460;11886743.0000
383.5595;287.6622;0.0000;616.2460;11886750.0000
384.5663;286.6690;0.0000;611.2870;11886757.0000
385.5663;284.6827;0.0000;614.2598;11886764.0000
386.5731;282.6964;0.0000;616.2597;11886771.0000
387.5800;280.7168;0.0000;612.2938;11886778.0000
387.5868;279.7236;0.0000;617.2460;11886785.0000
388.5937;277.7373;0.0000;613.2802;11886792.0000
389.6004;275.7578;0.0000;613.2733;11886799.0000
390.6005;273.7715;0.0000;618.2392;11886805.0000
391.6073;272.7783;0.0000;613.2870;11886813.0000
392.6073;270.7919;0.0000;614.2460;11886820.0000
393.6141;269.8056;11.9181;618.2528;11886826.0000
394.6141;267.8192;0.0000;612.3007;11886834.0000
394.6209;265.8329;0.0000;616.2460;11886840.0000
395.6278;264.8397;0.0000;616.2666;11886847.0000
396.6277;262.8602;0.0000;612.2938;11886854.0000
396.6414;260.8738;0.0000;614.2529;11886862.0000
397.6414;259.8807;0.0000;615.2666;11886868.0000
398.6414;257.8943;0.0000;614.2802;11886875.0000
398.6551;255.9080;0.0000;619.2528;11886883.0000
399.6551;253.9216;0.0000;613.3075;11886888.0000
399.6687;252.9284;0.0000;616.2734;11886896.0000
400.6688;250.9421;0.0000;619.2596;11886903.0000
400.6824;248.9557;0.0000;613.3075;11886910.0000
401.6824;247.9626;0.0000;619.2460;11886919.0000
401.6892;245.9762;0.0000;619.2733;11886926.0000
402.6960;243.9899;0.0000;616.2870;11886932.0000
402.7029;242.9967;0.0000;621.2392;11886939.0000
402.7165;241.0104;0.0000;621.2596;11886948.0000
402.7233;239.0240;0.0000;622.2324;11886956.0000
402.7370;237.0377;0.0000;625.2188;11886962.0000
401.7574;235.0513;0.0000;621.2528;11886969.0000
401.7643;233.0650;11.9181;622.2392;11886976.0000
400.7848;231.0787;0.0000;629.2051;11886982.0000
400.7984;229.0923;11.9181;620.2733;11886990.0000
400.8052;228.0991;0.0000;625.2255;11886997.0000
399.8257;226.1128;11.9181;629.2188;11887004.0000
399.8394;225.1196;11.9181;620.2666;11887011.0000
399.8530;223.1264;11.9181;625.2324;11887018.0000
398.8667;222.1333;0.0000;625.2393;11887024.0000
398.8804;221.1401;11.9181;621.2665;11887031.0000
398.8940;219.1537;0.0000;629.2051;11887039.0000
398.9008;218.1537;0.0000;621.2733;11887045.0000
398.9145;217.1606;0.0000;622.2666;11887053.0000
397.9350;215.1674;0.0000;616.3143;11887059.0000
397.9486;214.1742;0.0000;629.2393;11887066.0000
397.9623;213.1811;0.0000;632.1982;11887073.0000
397.9760;212.1810;0.0000;637.1777;11887081.0000
396.9896;211.1879;0.0000;630.2324;11887088.0000
397.0032;209.1947;0.0000;635.1846;11887095.0000
397.0169;209.1947;0.0000;635.2119;11887102.0000
397.0305;208.1947;0.0000;631.2393;11887110.0000
397.0374;207.2015;0.0000;637.1846;11887116.0000
397.0579;206.2016;0.0000;634.2256;11887124.0000
397.0715;206.1947;0.0000;634.2324;11887131.0000
397.0784;205.2016;0.0000;638.1914;11887137.0000
397.0920;204.2015;0.0000;634.2324;11887145.0000
397.1057;204.1947;0.0000;635.2119;11887151.0000
397.1125;203.2016;0.0000;639.2051;11887158.0000
397.1261;203.1947;0.0000;634.2460;11887165.0000
397.1398;203.1879;0.0000;637.2051;11887173.0000
397.1466;203.1811;0.0000;633.2528;11887179.0000
397.1603;203.1743;0.0000;616.3621;11887186.0000
397.1671;203.1674;0.0819;582.5874;11887193.0000
396.1876;203.1606;0.0000;530.9697;11887199.0000
396.2012;203.1537;0.0819;426.6729;11887207.0000
396.2081;202.1537;0.0000;9.5334;11887214.0000
1.9320;2.5192;0.0000;6.5880;11830291.0000
1.9389;2.5123;0.0000;6.5744;11830291.0000
1.9525;2.5055;0.0000;6.5880;11830291.0000
1.9662;2.4919;0.0000;6.5880;11830291.0000
1.9730;2.4850;0.0000;6.5744;11830291.0000
1.9866;2.4782;0.0000;6.5880;11830291.0000
2.0003;2.4714;0.0000;6.5949;11830291.0000
2.0071;2.4645;0.0000;6.5880;11830291.0000
2.0208;2.4577;0.0000;6.6017;11830291.0000
2.0276;2.4509;0.0000;6.5880;11830291.0000
2.0413;2.4440;0.0000;6.6085;11830291.0000
2.0549;2.4372;0.0000;6.6222;11830291.0000
2.0686;2.4236;0.0000;6.5949;11830291.0000
2.0822;2.4167;0.0000;6.6085;11830291.0000
2.0891;2.4099;0.0000;6.6290;11830291.0000
2.1027;2.3963;0.0000;6.5949;11830291.0000
2.1164;2.3894;0.0000;6.6290;11830292.0000
2.1232;2.3826;0.0000;6.6290;11830292.0000
2.1368;2.3758;0.0000;6.6085;11830292.0000
2.1437;2.3621;0.0000;6.6290;11830292.0000
2.1573;2.3621;0.0000;6.6085;11830292.0000
2.1641;2.3485;0.0000;6.6017;11830292.0000
2.1778;2.3485;0.0000;6.6426;11830292.0000
2.1846;2.3417;0.0000;6.6153;11830292.0000
2.1983;2.3348;0.0000;6.6290;11830292.0000
2.2051;2.3280;0.0000;6.6290;11830292.0000
2.2187;2.3144;0.0000;6.6153;11830292.0000
2.2324;2.3075;0.0000;6.6290;11830292.0000
2.2460;2.3007;0.0000;6.6290;11830292.0000
2.2529;2.2870;0.0000;6.6290;11830292.0000
2.2666;2.2734;0.0000;6.6495;11830292.0000
2.2802;2.2666;0.0000;6.6358;11830292.0000
2.2870;2.2529;0.0000;6.6426;11830292.0000
2.2939;2.2460;0.0000;6.6699;11830292.0000
2.3075;2.2392;0.0000;6.6290;11830294.0000
2.3144;2.2324;0.0000;6.6495;11830294.0000
2.3212;2.2187;0.0000;6.6426;11830294.0000
2.3348;2.2119;0.0819;6.6426;11830294.0000
2.3417;2.2051;0.0000;6.6563;11830294.0000
2.3485;2.1983;0.0819;6.6563;11830294.0000
2.3553;2.1846;0.0000;6.6426;11830294.0000
2.3690;2.1778;0.0000;6.6563;11830294.0000
2.3758;2.1641;0.0000;6.6495;11830294.0000
2.3826;2.1573;0.0000;6.6495;11830294.0000
2.3894;2.1505;0.0000;6.6699;11830294.0000
2.4031;2.1368;0.0000;6.6358;11830294.0000
2.4099;2.1300;0.0000;6.6563;11830294.0000
2.4167;2.1164;0.0000;6.6699;11830294.0000
2.4236;2.1027;0.0000;6.6426;11830294.0000
2.4304;2.0891;0.0000;6.6699;11830294.0000
2.4440;2.0754;0.0000;6.6631;11830294.0000
2.4509;2.0618;0.0000;6.6426;11830294.0000
2.4645;2.0481;0.0000;6.6699;11830295.0000
2.4714;2.0344;0.0000;6.6631;11830295.0000
2.4850;2.0208;0.0000;6.6563;11830295.0000
2.4919;2.0139;0.0000;6.6768;11830295.0000
2.4987;2.0003;0.0000;6.6631;11830295.0000
2.5055;1.9935;0.0000;6.6699;11830295.0000
2.5123;1.9866;0.0000;6.6768;11830295.0000
2.5260;1.9730;0.0000;6.6563;11830295.0000
2.5260;1.9662;0.0000;6.6699;11830295.0000
2.5328;1.9593;0.0000;6.6768;11830295.0000
2.5396;1.9457;0.0000;6.6699;11830295.0000
2.5465;1.9389;0.0000;6.6904;11830295.0000
2.5533;1.9252;0.0000;6.6836;11830295.0000
2.5601;1.9116;0.0000;6.6768;11830295.0000
2.5669;1.9047;0.0819;6.6904;11830295.0000
2.5669;1.8911;0.0000;6.6904;11830295.0000
2.5738;1.8774;0.0819;6.6904;11830295.0000
2.5806;1.8706;0.0000;6.7041;11830295.0000
2.5874;1.8570;0.0000;6.6904;11830295.0000
2.5874;1.8433;0.0000;6.7041;11830295.0000
2.6011;1.8365;0.0000;6.7041;11830295.0000
2.6011;1.8228;0.0000;6.6426;11830295.0000
2.6079;1.8091;0.0000;6.7109;11830295.0000
2.6147;1.7955;0.0000;6.7177;11830295.0000
2.6215;1.7886;0.0000;6.7109;11830295.0000
2.6215;1.7750;0.0000;6.7245;11830295.0000
2.6284;1.7613;0.0000;6.7109;11830295.0000
2.6352;1.7477;0.0000;6.7177;11830295.0000
2.6420;1.7409;0.0000;6.7314;11830295.0000
2.6420;1.7272;0.0000;6.7109;11830295.0000
2.6488;1.7204;0.0000;6.7041;11830295.0000
2.6557;1.7136;0.0000;6.7245;11830295.0000
2.6625;1.6999;0.0000;6.7109;11830295.0000
2.6625;1.6931;0.0000;6.7041;11830295.0000
2.6693;1.6863;0.0000;6.7177;11830295.0000
2.6761;1.6726;0.0000;6.7109;11830295.0000
2.6761;1.6658;0.0000;6.7177;11830295.0000
2.6830;1.6521;0.0000;6.7109;11830296.0000
2.6898;1.6453;0.0000;6.7314;11830296.0000
2.6898;1.6317;0.0000;6.7450;11830296.0000
2.6898;1.6180;0.0000;6.7109;11830296.0000
2.6898;1.6112;0.0000;6.7177;11830296.0000
2.6967;1.5975;0.0000;6.7314;11830296.0000
2.6967;1.5907;0.0000;6.7109;11830296.0000
2.6967;1.5770;0.0000;6.7109;11830296.0000
2.7035;1.5634;0.0819;6.7245;11830296.0000
2.7035;1.5565;0.0000;6.7177;11830296.0000
2.7103;1.5429;0.0819;6.7109;11830296.0000
2.7103;1.5361;0.0000;6.6972;11830296.0000
2.7103;1.5292;0.0000;6.6972;11830296.0000
2.7171;1.5224;0.0000;6.6904;11830296.0000
2.7171;1.5224;0.0819;6.6972;11830296.0000
2.7171;1.5156;0.0000;6.7109;11830296.0000
2.7171;1.5088;0.0819;6.7109;11830296.0000
2.7171;1.5088;0.0000;6.6904;11830296.0000
2.7171;1.5019;0.0000;6.6972;11830297.0000
2.7171;1.4951;0.0000;6.6699;11830297.0000
2.7171;1.4815;0.0000;6.6222;11830297.0000
2.7171;1.4746;0.0000;6.7041;11830297.0000
2.7240;1.4678;0.0000;6.6017;11830297.0000
2.7240;1.4542;0.0000;6.6495;11830297.0000
2.7240;1.4473;0.0000;6.6495;11830297.0000
2.7240;1.4405;0.0000;6.6222;11830297.0000
2.7308;1.4337;0.0000;6.6290;11830297.0000
2.7308;1.4269;0.0000;6.6426;11830297.0000
2.7308;1.4200;0.0000;6.6153;11830297.0000
2.7308;1.4132;0.0000;6.6290;11830297.0000
2.7308;1.4064;0.0000;6.6290;11830297.0000
2.7308;1.3996;0.0000;6.5949;11830297.0000
2.7308;1.3927;0.0000;6.6085;11830297.0000
2.7376;1.3859;0.0000;6.5949;11830297.0000
2.7376;1.3790;0.0000;6.5812;11830297.0000
2.7376;1.3722;0.0000;6.5744;11830297.0000
2.7376;1.3722;0.0000;6.5744;11830299.0000
2.7376;1.3722;0.0000;6.5880;11830299.0000
2.7376;1.3722;0.0000;6.6017;11830299.0000
2.7376;1.3722;0.0000;6.5744;11830299.0000
2.7376;1.3654;0.0000;6.5812;11830299.0000
2.7376;1.3654;0.0000;6.5676;11830299.0000
2.7376;1.3654;0.0000;6.5334;11830299.0000
2.7376;1.3654;0.0000;6.4856;11830299.0000
2.7308;1.3654;0.0000;6.4037;11830299.0000
2.7308;1.3654;0.0000;6.2944;11830299.0000
2.7308;1.3654;0.0000;6.2125;11830299.0000
2.7308;1.3654;0.0000;6.0214;11830299.0000
2.7308;1.3654;0.0000;5.7278;11830299.0000
2.7308;1.3654;0.0000;5.2977;11830299.0000
2.7308;1.3654;0.0819;4.4034;11830299.0000
2.7240;1.3654;0.1639;2.7035;11830299.0000
2.7240;1.3654;0.2458;1.2903;11830299.0000
4.1918;-0.1092;0.0000;2.7171;11830304.0000
4.1918;-0.1161;0.0000;2.7376;11830304.0000
4.1918;-0.1161;0.0000;2.7444;11830304.0000
4.1918;-0.1161;0.0000;2.8946;11830304.0000
4.1918;-0.1161;0.0000;3.0926;11830304.0000
4.1918;-0.1161;0.0000;3.1745;11830304.0000
4.1918;-0.1161;0.0000;3.1541;11830304.0000
4.1918;-0.1161;0.0000;3.0380;11830304.0000
4.1918;-0.1092;0.0000;2.7035;11830304.0000
4.1918;-0.1092;0.0000;1.0241;11830304.0000
