200.0253;202.9747;0.0000;3.7556;44364692.0000
200.0253;202.9747;0.0000;20.3960;44364704.0000
200.0253;202.9747;0.0000;32.2444;44364712.0000
200.0253;202.9747;0.0000;44.5477;44364712.0000
200.0253;202.9747;0.0000;66.4579;44364720.0000
200.0253;202.9747;0.0000;82.3427;44364728.0000
200.0253;202.9747;0.0000;92.8230;44364736.0000
200.0253;202.9747;0.0000;105.1011;44364740.0000
200.0253;202.9747;0.0000;108.6573;44364748.0000
200.0505;202.9747;0.0000;114.1376;44364752.0000
200.0505;202.9747;0.0000;124.3904;44364760.0000
200.0505;202.9747;0.0000;126.8202;44364776.0000
200.0759;202.9747;0.0000;136.0477;44364780.0000
200.0759;202.9747;0.0000;140.2500;44364788.0000
200.1011;202.9494;0.0000;139.6544;44364796.0000
200.1011;202.9494;0.0000;144.8314;44364800.0000
200.1264;202.9494;0.0000;147.9831;44364808.0000
200.1264;202.9241;0.0000;148.3118;44364812.0000
200.1264;202.9241;0.0000;154.3118;44364824.0000
200.1517;202.9241;0.0000;151.6151;44364832.0000
200.1517;202.9241;0.0000;153.8174;44364836.0000
200.1770;202.8989;0.0000;155.8680;44364840.0000
200.1770;202.8989;0.0000;152.1966;44364848.0000
200.2022;202.8736;0.0000;155.2471;44364856.0000
200.2022;202.8736;0.0000;157.2471;44364864.0000
200.2022;202.8736;0.0000;153.4747;44364868.0000
200.2275;202.8483;0.0000;158.3988;44364872.0000
200.2275;202.8230;0.0000;158.4241;44364880.0000
200.2275;202.8230;0.0000;156.6011;44364892.0000
200.2275;202.7978;0.0000;158.5505;44364900.0000
200.2275;202.7978;0.0000;156.6769;44364908.0000
200.2275;202.7724;0.0000;155.8539;44364908.0000
200.2275;202.7724;0.0000;161.7022;44364916.0000
200.2275;202.7724;0.0000;155.9803;44364928.0000
200.2275;202.7472;0.0000;159.0056;44364936.0000
200.2275;202.7472;0.0000;158.9550;44364940.0000
200.2275;202.7472;0.0000;156.1573;44364944.0000
200.2275;202.7219;0.0000;159.1320;44364952.0000
200.2275;202.7219;0.0000;158.1067;44364960.0000
200.2275;202.6966;0.0000;156.2078;44364968.0000
200.2275;202.6966;0.0000;159.1573;44364972.0000
200.2275;202.6966;0.0000;156.3089;44364980.0000
200.2275;202.6714;0.0000;157.4101;44364984.0000
200.2275;202.6714;0.0000;162.2584;44364992.0000
200.2022;202.6714;0.0000;157.4859;44365000.0000
200.2022;202.6460;0.0000;158.5365;44365004.0000
200.2022;202.6460;0.0000;160.4606;44365016.0000
200.2022;202.6460;0.0000;157.6629;44365024.0000
200.2022;202.6460;0.0000;159.6123;44365028.0000
200.2022;202.6208;0.0000;162.5111;44365036.0000
200.2022;202.6208;0.0000;159.6882;44365044.0000
200.1770;202.6208;0.0000;163.5870;44365052.0000
200.1770;202.5955;0.0000;160.6882;44365060.0000
200.1770;202.5955;0.0000;159.7640;44365064.0000
200.1770;202.5955;0.0000;163.6628;44365068.0000
200.1517;202.5955;0.0000;159.8398;44365076.0000
200.1517;202.5702;0.0000;159.9156;44365084.0000
200.1517;202.5702;0.0000;163.7387;44365092.0000
200.1264;202.5702;0.0000;158.0674;44365096.0000
200.1264;202.5702;0.0000;163.8146;44365100.0000
200.1264;202.5702;0.0000;163.8904;44365108.0000
200.1264;202.5450;0.0000;160.0168;44365116.0000
200.1011;202.5450;0.0000;163.9156;44365128.0000
200.1011;202.5450;0.0000;160.9915;44365132.0000
200.1011;202.5450;0.0000;159.0927;44365140.0000
200.1011;202.5450;0.0000;161.0421;44365148.0000
200.1011;202.5450;0.0000;157.1937;44365160.0000
200.0759;202.5197;0.0000;158.2191;44365168.0000
200.0759;202.5197;0.0000;160.0927;44365172.0000
200.0505;202.5197;0.0000;156.3202;44365180.0000
200.0505;202.5197;0.0000;160.1937;44365184.0000
200.0253;202.5197;0.0000;161.1432;44365192.0000
200.0253;202.5197;0.0000;157.3202;44365196.0000
200.0253;202.5197;0.0000;160.2949;44365204.0000
200.0000;202.5197;0.0000;160.2949;44365212.0000
200.0000;202.4944;0.0000;157.4718;44365216.0000
199.9747;202.4944;0.0000;161.3454;44365224.0000
199.9747;201.5197;0.0000;158.4972;44365228.0000
199.9747;201.5197;0.0000;159.5477;44365236.0000
199.9495;201.5197;0.0000;163.3960;44365248.0000
199.9495;201.5197;0.0000;157.6235;44365256.0000
199.9495;201.4944;0.0000;160.5730;44365256.0000
199.9241;201.4944;0.0000;163.4466;44365268.0000
199.9241;201.4944;0.0000;157.6741;44365276.0000
199.8989;201.4944;0.0000;159.6488;44365288.0000
199.8989;201.4944;0.0000;160.5982;44365296.0000
199.8736;201.4944;0.0000;158.7246;44365296.0000
199.8736;201.4944;0.0000;161.5982;44365304.0000
199.8483;201.4944;0.0000;158.7246;44365312.0000
199.8483;201.4944;0.0000;160.8005;44365320.0000
199.8483;202.4691;0.0000;166.5730;44365328.0000
199.8230;202.4691;0.0000;166.5730;44365332.0000
199.8230;202.4691;0.0000;172.5224;44365336.0000
199.8230;202.4691;0.0000;176.3455;44365344.0000
199.7978;202.4691;0.0000;172.5224;44365356.0000
199.7978;202.4691;0.0000;176.3455;44365364.0000
199.7978;202.4691;0.0000;177.3707;44365368.0000
199.7724;202.4691;0.0000;177.4466;44365376.0000
199.7724;202.4691;0.0000;183.1685;44365384.0000
199.7472;202.4691;0.0000;181.2696;44365392.0000
199.7472;202.4691;0.0000;182.3454;44365396.0000
199.7472;202.4691;0.0000;187.1432;44365404.0000
199.7219;202.4691;0.0000;184.2696;44365412.0000
199.7219;202.4691;0.0000;185.2443;44365416.0000
199.6966;202.4944;0.0000;189.0927;44365424.0000
199.6966;202.4944;0.0000;186.2443;44365428.0000
199.6966;202.4944;0.0000;190.1685;44365436.0000
199.6714;202.4944;0.0000;190.1179;44365444.0000
199.6714;202.4944;0.0000;186.2443;44365448.0000
199.6460;201.5197;0.0000;192.1179;44365452.0000
200.6208;201.5197;0.0000;191.1685;44365460.0000
200.6208;201.5197;0.0000;189.2949;44365468.0000
200.5955;201.5197;0.0000;192.1432;44365480.0000
200.5955;201.5197;0.0000;189.2443;44365488.0000
200.5955;201.5197;0.0000;190.3454;44365492.0000
199.6208;201.5197;0.0000;186.3454;44365500.0000
199.6208;201.5197;0.0000;170.8763;44365508.0000
199.5955;201.5197;0.0000;162.1292;44365516.0000
199.5955;201.5197;0.0000;143.5589;44365524.0000
199.5702;201.5197;0.0000;116.3174;44365528.0000
199.5702;201.5450;0.0000;69.5308;44365536.0000
198.5955;200.5702;0.0000;28.5421;44365872.0000
198.5955;200.5702;0.0000;30.6938;44365880.0000
198.5955;200.5702;0.0000;40.2387;44365888.0000
198.5702;200.5702;0.0000;47.0870;44365896.0000
198.5702;200.5955;0.0000;47.1881;44365900.0000
198.5450;200.5955;0.0000;47.1123;44365904.0000
198.5450;200.6208;0.0000;64.7331;44365912.0000
198.5450;200.6208;0.0000;84.2274;44365920.0000
198.5197;200.6208;0.0000;102.6460;44365928.0000
198.5197;200.6461;0.0000;122.2668;44365936.0000
199.4691;200.6461;0.0000;128.0898;44365948.0000
199.4691;200.6461;0.0000;133.9381;44365952.0000
199.4691;200.6461;0.0000;135.9634;44365960.0000
199.4691;200.6714;0.0000;135.8876;44365968.0000
199.4438;200.6714;0.0000;141.7612;44365972.0000
199.4438;200.6714;0.0000;142.7865;44365980.0000
199.4185;200.6714;0.0000;144.6600;44365984.0000
199.4185;200.6966;0.0000;152.5336;44365996.0000
199.4185;200.6966;0.0000;151.5589;44366000.0000
199.4185;200.6966;0.0000;157.3567;44366008.0000
199.3933;200.6966;0.0000;162.2808;44366016.0000
199.3933;200.7219;0.0000;160.3314;44366024.0000
199.3680;200.7219;0.0000;168.0786;44366028.0000
199.3680;200.7219;0.0000;171.0533;44366032.0000
199.3680;200.7472;0.0000;170.0027;44366040.0000
199.3680;200.7472;0.0000;173.9522;44366048.0000
199.3427;200.7472;0.0000;174.9269;44366056.0000
199.3427;200.7724;0.0000;172.9522;44366064.0000
199.3427;201.7472;0.0000;177.8510;44366068.0000
199.3174;201.7472;0.0000;174.0280;44366076.0000
199.3174;201.7724;0.0000;174.9016;44366084.0000
199.3174;201.7724;0.0000;177.9269;44366092.0000
199.3174;201.7724;0.0000;174.0280;44366096.0000
200.2669;201.7978;0.0000;177.8763;44366100.0000
200.2669;201.7978;0.0000;180.8511;44366108.0000
200.2669;201.7978;0.0000;175.0027;44366120.0000
200.2416;201.8230;0.0000;180.8511;44366128.0000
200.2416;201.8230;0.0000;180.9016;44366132.0000
200.2416;201.8230;0.0000;180.8511;44366140.0000
200.2163;201.8483;0.0000;186.7499;44366144.0000
200.2163;201.8483;0.0000;183.8258;44366152.0000
200.2163;201.8736;0.0000;186.6488;44366164.0000
200.1910;201.8736;0.0000;193.5730;44366168.0000
200.1910;201.8736;0.0000;189.6488;44366180.0000
200.1910;201.8989;0.0000;191.5730;44366184.0000
201.1657;201.8989;0.0000;193.5477;44366192.0000
201.1405;201.9241;0.0000;187.6741;44366196.0000
201.1405;201.9494;0.0000;192.5477;44366204.0000
201.1405;201.9494;0.0000;193.5982;44366212.0000
202.0899;201.9747;0.0000;193.5224;44366216.0000
202.0899;202.0000;0.0000;198.4213;44366224.0000
202.0899;201.0253;0.0000;202.3454;44366228.0000
202.0899;201.0505;0.0000;206.1937;44366236.0000
202.0646;200.0759;0.0000;210.1432;44366244.0000
202.0646;200.1011;0.0000;209.1432;44366252.0000
203.0393;199.1517;0.0000;212.9662;44366252.0000
203.0393;199.1517;0.0000;215.9662;44366260.0000
203.0393;198.2022;0.0000;213.0168;44366268.0000
203.0393;198.2022;0.0000;218.8904;44366280.0000
203.0140;198.2275;0.3034;219.8904;44366288.0000
203.0140;197.2528;0.0000;216.9156;44366288.0000
203.0140;197.2781;0.0000;221.8146;44366300.0000
203.9888;197.2781;0.0000;218.9915;44366308.0000
203.9888;196.3033;0.0000;218.8651;44366316.0000
203.9888;196.3286;0.0000;221.8398;44366324.0000
203.9888;195.3792;0.3034;219.8651;44366328.0000
203.9888;194.4045;0.0000;219.7893;44366332.0000
204.9382;194.4297;0.0000;221.8904;44366340.0000
204.9382;193.4803;0.0000;218.9156;44366348.0000
204.9382;193.5056;0.3034;221.8146;44366352.0000
204.9382;192.5309;0.0000;221.8651;44366360.0000
204.9382;192.5562;0.0000;219.8904;44366368.0000
204.9382;192.5562;0.0000;222.7893;44366376.0000
204.9382;191.6067;0.0000;221.8904;44366384.0000
204.9382;191.6067;0.0000;220.8398;44366392.0000
204.9382;191.6320;0.3034;224.7892;44366400.0000
204.9382;191.6320;0.0000;221.9156;44366408.0000
203.9635;190.6826;0.0000;222.8146;44366416.0000
203.9635;190.6826;0.0000;227.7387;44366424.0000
203.0140;189.7331;0.0000;221.9156;44366428.0000
202.0393;189.7331;0.3034;227.7640;44366436.0000
201.0646;188.7837;0.0000;229.7892;44366444.0000
200.0899;188.8090;0.3034;229.8651;44366452.0000
199.1152;187.8343;0.0000;237.4353;44366452.0000
198.1405;186.8848;0.0000;249.3595;44366460.0000
197.1657;185.9354;0.0000;262.8792;44366468.0000
196.1910;185.9354;0.0000;278.5252;44366476.0000
196.1910;184.9859;0.0000;283.4494;44366484.0000
195.2163;184.9859;0.0000;289.2219;44366484.0000
195.2163;185.0112;0.0000;294.1966;44366492.0000
194.2415;185.0112;0.0000;288.3483;44366508.0000
194.2669;185.0365;0.0000;292.2471;44366516.0000
194.2669;185.0365;0.0000;294.2725;44366528.0000
194.2669;185.0618;0.0000;289.3483;44366532.0000
194.2669;185.0871;0.0000;294.2725;44366536.0000
194.2669;185.0871;0.0000;292.3988;44366544.0000
193.3174;185.0871;0.0000;292.2977;44366552.0000
193.3174;185.1124;0.0000;296.2724;44366556.0000
193.3174;185.1124;0.0000;292.3988;44366564.0000
192.3427;185.1124;0.0000;295.2724;44366568.0000
191.3933;185.1376;0.0000;299.2724;44366576.0000
191.3933;185.1376;0.0000;296.2977;44366584.0000
190.4185;185.1629;0.0000;299.2471;44366588.0000
189.4438;185.1629;0.3034;303.2219;44366596.0000
188.4691;185.1882;0.0000;301.1713;44366604.0000
188.4691;185.2135;0.0000;306.1207;44366608.0000
187.5197;185.2135;0.0000;310.0702;44366612.0000
186.5450;185.2135;0.0000;310.0196;44366620.0000
185.5702;184.2640;0.0000;314.9690;44366632.0000
184.6208;184.2640;0.3034;315.0196;44366640.0000
182.6714;184.2640;0.0000;318.8679;44366648.0000
181.6966;184.2893;0.0000;326.7415;44366652.0000
180.7219;184.2893;0.0000;326.7668;44366660.0000
179.7472;184.3146;0.0000;335.4887;44366668.0000
179.7724;184.3146;0.0000;343.3876;44366676.0000
178.7978;184.3399;0.0000;343.3117;44366684.0000
177.8230;184.3399;0.0000;348.1854;44366684.0000
177.8483;185.3399;0.0000;350.2359;44366692.0000
176.8736;185.3399;0.0000;347.2612;44366700.0000
175.9241;186.3146;0.0000;353.1348;44366708.0000
175.9241;186.3399;0.0000;350.3118;44366712.0000
174.9747;187.3146;0.0000;350.3118;44366720.0000
174.0000;187.3399;0.0000;355.2359;44366728.0000
173.0253;188.3146;0.0000;352.3623;44366736.0000
172.0759;188.3399;0.0000;353.2864;44366744.0000
171.1011;189.3146;0.0000;356.3118;44366748.0000
171.1011;189.3399;0.0000;353.3876;44366756.0000
170.1517;190.3146;0.0000;356.3118;44366768.0000
169.1769;190.3146;0.0000;355.4128;44366776.0000
169.2022;191.3146;0.0000;353.3623;44366780.0000
169.2022;191.3146;0.0000;356.3623;44366788.0000
168.2275;192.3146;0.0000;354.4634;44366796.0000
168.2528;192.3146;0.0000;353.4381;44366800.0000
168.2528;193.3146;0.0000;359.3623;44366808.0000
167.2781;194.2893;0.0000;353.5140;44366812.0000
167.3033;194.3146;0.0000;355.4382;44366820.0000
167.3286;195.2893;0.0000;358.4381;44366828.0000
167.3286;196.2893;0.0000;353.5392;44366836.0000
166.3792;196.2893;0.0000;357.4128;44366844.0000
166.3792;197.2640;0.0000;357.4887;44366848.0000
166.4045;197.2640;0.0000;354.5140;44366856.0000
166.4045;198.2640;0.0000;357.5140;44366864.0000
166.4045;199.2388;0.0000;356.5898;44366872.0000
166.4045;199.2388;0.0000;355.5392;44366884.0000
166.4298;200.2388;0.0000;359.5140;44366884.0000
166.4298;201.2135;0.0000;354.6910;44366896.0000
166.4550;202.2135;0.0000;355.5898;44366904.0000
165.4803;203.1882;0.0000;359.3623;44366912.0000
165.5056;203.1882;0.0000;353.7415;44366916.0000
165.5056;204.1629;0.0000;358.5898;44366920.0000
165.5309;205.1376;0.0000;358.6909;44366928.0000
165.5309;205.1629;0.0000;354.7162;44366936.0000
165.5562;206.1376;0.0000;358.6151;44366944.0000
165.5562;207.1124;0.0000;356.7921;44366948.0000
165.5815;207.1124;0.0000;355.7668;44366960.0000
164.6067;208.0871;0.0000;359.7162;44366964.0000
164.6320;209.0618;0.0000;355.8932;44366972.0000
164.6320;210.0365;0.0000;357.7415;44366976.0000
163.6826;211.0365;0.0000;360.7415;44366984.0000
163.6826;212.0112;0.0000;356.8427;44366992.0000
163.7079;212.9859;0.0000;359.7415;44367000.0000
163.7079;213.9607;0.0000;361.7668;44367008.0000
163.7331;214.9354;0.0000;356.8679;44367012.0000
163.7331;214.9354;0.0000;359.7921;44367024.0000
163.7584;215.9101;0.0000;359.8679;44367032.0000
163.7584;216.8848;0.0000;357.8679;44367036.0000
163.7837;217.8595;0.0000;362.7415;44367040.0000
163.8090;217.8595;0.0000;359.9185;44367048.0000
163.8090;218.8343;11.6966;359.9185;44367056.0000
163.8343;219.8090;0.0000;366.7415;44367064.0000
163.8595;219.8090;0.0000;356.9944;44367072.0000
163.8848;220.7837;0.0000;359.9185;44367076.0000
164.8595;221.7584;0.0000;362.8932;44367080.0000
164.8848;221.7584;0.0000;358.9943;44367088.0000
164.8848;222.7584;0.0000;363.8173;44367096.0000
165.8848;223.7331;0.0000;363.9185;44367104.0000
165.8848;224.7079;0.0000;360.9437;44367108.0000
166.8848;225.6826;0.0000;366.8174;44367116.0000
167.8848;226.6573;0.0000;362.9690;44367124.0000
167.8848;227.6320;0.0000;362.9185;44367132.0000
168.8848;228.6067;0.0000;369.7921;44367136.0000
169.8848;228.6067;0.0000;365.8932;44367148.0000
169.9101;229.5815;0.0000;366.8679;44367152.0000
170.8848;230.5562;0.0000;370.8174;44367160.0000
170.9101;231.5309;0.0000;367.8679;44367168.0000
171.9101;232.5056;0.0000;373.6909;44367172.0000
172.9101;233.4803;0.0000;375.7415;44367184.0000
172.9101;234.4550;0.0000;372.7668;44367192.0000
173.9101;235.4297;0.0000;378.6151;44367196.0000
174.8848;236.4045;0.0000;377.7162;44367204.0000
174.9101;236.4045;0.0000;377.6151;44367208.0000
175.8848;237.3792;0.0000;383.5646;44367216.0000
176.8848;238.3539;0.0000;378.6909;44367224.0000
176.9101;238.3539;0.0000;380.5898;44367232.0000
177.9101;239.3286;0.0000;384.5646;44367240.0000
177.9354;239.3033;0.0000;378.7162;44367244.0000
178.9101;240.2781;0.0000;383.5898;44367252.0000
178.9354;241.2528;0.0000;383.5898;44367260.0000
179.9101;241.2528;0.0000;380.6656;44367268.0000
179.9354;242.2275;0.0000;384.5898;44367268.0000
180.9354;242.2275;0.0000;382.7162;44367276.0000
180.9607;243.1769;0.0000;381.6656;44367284.0000
181.9354;244.1517;0.0000;385.6404;44367296.0000
182.9354;244.1517;0.0000;380.7668;44367304.0000
182.9354;245.1264;0.0000;382.6151;44367308.0000
183.9354;245.1264;0.0000;386.6656;44367312.0000
183.9354;246.1011;0.0000;380.7415;44367320.0000
184.9354;246.0759;0.0000;385.6404;44367328.0000
184.9607;247.0505;0.0000;385.6909;44367332.0000
185.9607;247.0505;0.0000;382.6910;44367340.0000
185.9607;248.0253;0.0000;385.6151;44367348.0000
186.9607;248.0000;0.0000;383.7921;44367356.0000
187.9354;248.0000;0.0000;382.7415;44367364.0000
187.9607;248.9747;0.0000;386.7162;44367368.0000
188.9607;248.9747;0.0000;382.6404;44367376.0000
188.9859;249.9241;0.0000;384.7921;44367380.0000
189.9607;249.9241;0.0000;388.7415;44367388.0000
189.9859;249.9241;0.0000;382.8427;44367396.0000
190.9607;250.8736;0.0000;385.6909;44367404.0000
190.9859;250.8736;0.0000;387.7921;44367416.0000
191.9859;251.8483;0.0000;381.9185;44367424.0000
192.9607;251.8230;0.0000;385.8427;44367428.0000
192.9859;252.7978;0.0000;385.8679;44367432.0000
193.9607;252.7978;0.0000;383.8932;44367440.0000
194.9607;253.7472;0.0000;387.8679;44367448.0000
195.9607;253.7219;0.0000;383.9438;44367456.0000
195.9859;253.7219;0.0000;385.8427;44367468.0000
196.9607;254.6966;0.0000;388.8427;44367468.0000
197.9607;254.6714;0.0000;383.9438;44367476.0000
197.9607;254.6714;0.0000;385.8427;44367484.0000
198.9607;254.6460;0.0000;388.8427;44367492.0000
199.9607;255.6208;0.0000;383.9438;44367496.0000
199.9607;255.5955;0.0000;388.8427;44367500.0000
200.9354;255.5955;0.0000;388.8932;44367508.0000
201.9354;255.5955;0.0000;385.9185;44367516.0000
201.9607;255.5702;0.0000;389.8173;44367528.0000
202.9354;256.5450;0.0000;385.9943;44367532.0000
203.9354;256.5450;0.0000;386.9438;44367540.0000
204.9101;256.5197;0.0000;390.9185;44367544.0000
205.9101;256.4944;0.0000;386.0955;44367552.0000
206.8848;256.4944;0.0000;388.9691;44367556.0000
207.8848;256.4944;0.0000;389.9943;44367564.0000
208.8595;256.4691;0.0000;386.0955;44367572.0000
209.8595;256.4691;0.0000;389.0449;44367580.0000
210.8343;256.4438;0.0000;390.0702;44367588.0000
211.8343;256.4438;0.0000;387.1207;44367592.0000
211.8343;256.4185;0.0000;392.0702;44367600.0000
212.8343;255.4438;0.0000;389.1966;44367608.0000
213.8343;255.4185;0.0000;387.1966;44367616.0000
214.8090;255.4185;0.0000;393.1207;44367620.0000
215.7837;255.3933;0.0000;389.2471;44367624.0000
216.7837;255.3933;0.0000;391.1713;44367636.0000
217.7585;255.3680;0.0000;395.1713;44367644.0000
218.7584;255.3680;0.0000;390.2977;44367652.0000
219.7331;255.3427;0.0000;395.2219;44367664.0000
221.7079;255.3427;0.3034;395.2471;44367664.0000
222.6826;255.3174;0.0000;393.2471;44367672.0000
223.6826;255.3174;0.3034;398.2219;44367680.0000
224.6573;255.3174;0.0000;395.3483;44367688.0000
225.6573;255.2921;0.0000;394.2219;44367692.0000
225.6573;254.2921;0.0000;399.2219;44367700.0000
226.6573;254.2921;0.0000;394.4241;44367708.0000
227.6573;254.2669;0.0000;395.2471;44367716.0000
228.6320;254.2669;0.0000;400.2724;44367724.0000
228.6573;254.2415;0.0000;394.4241;44367728.0000
229.6320;253.2416;0.3034;400.2471;44367732.0000
230.6320;253.2163;0.0000;400.3483;44367740.0000
230.6573;253.2163;0.3034;397.3735;44367752.0000
231.6320;252.2163;0.0000;400.3988;44367756.0000
232.6067;252.1910;0.0000;399.4747;44367764.0000
233.6068;252.1910;0.0000;398.3735;44367772.0000
233.6320;251.1910;0.0000;402.2977;44367776.0000
234.6067;251.1657;0.3034;397.4747;44367788.0000
235.6067;250.1657;0.0000;399.2219;44367792.0000
235.6067;250.1657;0.0000;405.4493;44367800.0000
236.5815;249.1657;0.0000;399.2977;44367808.0000
237.5562;249.1657;0.0000;404.2977;44367820.0000
238.5562;248.1657;0.0000;407.2977;44367824.0000
238.5815;248.1405;0.0000;402.3735;44367828.0000
239.5562;247.1405;0.0000;406.3230;44367836.0000
240.5562;247.1152;0.0000;407.3988;44367844.0000
241.5309;246.1152;0.0000;404.3735;44367852.0000
241.5309;246.1152;0.0000;409.3483;44367852.0000
242.5056;245.1152;0.0000;405.4493;44367864.0000
243.4803;244.1152;0.0000;409.2977;44367872.0000
244.4803;244.0898;0.0000;414.2471;44367880.0000
244.4803;243.0898;0.0000;410.3483;44367888.0000
245.4803;243.0898;0.0000;415.1966;44367892.0000
246.4550;242.0898;0.0000;417.1966;44367896.0000
247.4298;242.0646;0.0000;411.2977;44367904.0000
248.4045;241.0898;0.0000;418.1207;44367916.0000
248.4298;241.0646;0.0000;417.2471;44367920.0000
249.4045;240.0646;0.0000;416.1966;44367932.0000
250.4045;239.0646;0.0000;422.0702;44367936.0000
251.3792;238.0646;0.0000;418.1966;44367944.0000
251.3792;237.0646;0.0000;421.0955;44367952.0000
252.3540;237.0393;0.0000;425.9944;44367956.0000
252.3540;236.0646;0.0000;421.1713;44367964.0000
253.3286;235.0646;0.0000;424.0955;44367968.0000
254.3033;234.0646;0.0000;427.0196;44367980.0000
254.3286;233.0646;0.0000;421.1460;44367988.0000
255.3033;233.0393;0.0000;424.9943;44367992.0000
256.3033;232.0393;0.0000;426.1208;44368000.0000
257.2781;231.0393;0.0000;421.1460;44368008.0000
258.2528;230.0393;0.0000;427.0449;44368012.0000
259.2275;229.0646;0.0000;424.0955;44368020.0000
259.2275;229.0393;0.0000;424.0955;44368024.0000
260.2022;228.0393;11.6966;430.9943;44368032.0000
261.1769;227.0393;0.0000;424.1207;44368040.0000
261.1769;226.0393;11.6966;426.0955;44368052.0000
262.1517;225.0393;11.6966;429.1207;44368052.0000
262.1517;223.0646;0.0000;424.1966;44368060.0000
263.1264;222.0646;11.6966;428.0954;44368068.0000
263.1264;221.0646;0.0000;428.1460;44368076.0000
264.1011;220.0898;0.0000;424.1713;44368084.0000
264.1011;219.0899;11.6966;428.1207;44368088.0000
264.1011;218.0899;11.6966;427.2471;44368096.0000
264.1011;217.0899;0.0000;424.1966;44368104.0000
265.0759;216.1152;0.0000;431.0954;44368112.0000
265.0759;215.1152;0.0000;424.3230;44368116.0000
265.0759;215.1152;0.0000;417.4241;44368124.0000
266.0505;214.1152;0.0000;437.0196;44368128.0000
266.0505;213.1152;0.0000;431.1460;44368136.0000
266.0505;212.1152;0.0000;435.9438;44368144.0000
267.0253;211.1405;0.0000;436.0954;44368148.0000
267.0253;210.1405;0.0000;432.0954;44368156.0000
267.0253;208.1657;0.0000;436.9943;44368168.0000
267.0253;207.1910;0.0000;435.0702;44368172.0000
267.0253;206.1910;0.0000;434.0702;44368180.0000
267.0253;205.2163;0.0000;438.0196;44368184.0000
268.0000;204.2163;0.0000;434.1460;44368192.0000
267.9747;203.2416;0.0000;435.0954;44368204.0000
267.9747;202.2415;0.0000;438.0702;44368208.0000
267.9747;201.2415;0.0000;433.1713;44368212.0000
267.9747;200.2669;0.0000;436.1207;44368220.0000
267.9747;199.2669;0.0000;438.1460;44368228.0000
267.9747;198.2669;0.0000;433.1713;44368236.0000
267.0000;198.2669;0.0000;437.0702;44368240.0000
267.0000;197.2669;0.0000;437.1713;44368244.0000
266.9747;196.2669;0.0000;434.1713;44368252.0000
266.9747;195.2921;0.3034;437.1207;44368260.0000
266.9747;194.3174;0.0000;434.2977;44368268.0000
266.9747;192.3427;0.3034;435.1713;44368272.0000
266.0000;191.3680;0.0000;438.9438;44368276.0000
266.0000;190.3680;0.0000;434.2977;44368288.0000
266.0000;189.3933;0.0000;436.1966;44368300.0000
265.0000;188.4185;0.0000;439.1966;44368308.0000
265.0000;187.4185;0.0000;433.3988;44368316.0000
265.0000;186.4438;0.0000;438.1966;44368320.0000
264.9747;185.4438;0.0000;437.2977;44368328.0000
264.9747;184.4691;0.0000;434.2977;44368336.0000
264.9747;183.4691;0.0000;440.1460;44368344.0000
264.9495;182.4944;0.0000;436.3483;44368348.0000
264.9495;181.4944;0.0000;436.2977;44368356.0000
264.9495;180.5197;0.0000;439.2471;44368360.0000
264.9495;179.5450;0.0000;435.3735;44368368.0000
264.9495;178.5450;0.0000;437.2977;44368376.0000
264.9242;176.5955;0.0000;439.2724;44368380.0000
263.9495;175.6208;0.0000;434.3735;44368388.0000
263.9495;174.6208;0.0000;438.2724;44368396.0000
262.9747;173.6460;0.0000;437.3735;44368404.0000
262.9495;172.6460;0.0000;434.3735;44368408.0000
261.9747;171.6714;0.0000;440.2218;44368416.0000
261.9747;171.6461;0.0000;436.3483;44368428.0000
260.9747;170.6714;0.0000;434.4241;44368440.0000
260.9747;169.6714;0.0000;440.0449;44368444.0000
260.9747;168.6966;0.0000;435.4494;44368448.0000
260.0000;167.7219;0.0000;435.3483;44368456.0000
260.0000;166.7219;0.0000;439.3735;44368464.0000
259.9747;166.7219;0.0000;434.4494;44368472.0000
259.0000;165.7219;0.0000;438.3230;44368476.0000
258.9747;164.7472;11.6966;437.3735;44368480.0000
258.9747;164.7472;0.0000;434.3735;44368488.0000
258.9747;163.7472;0.0000;438.3483;44368496.0000
257.9747;162.7724;0.0000;436.3988;44368504.0000
257.9747;161.7724;0.0000;434.3988;44368508.0000
257.0000;160.7978;0.0000;440.2724;44368516.0000
256.9747;159.7978;0.0000;434.4494;44368524.0000
256.0000;158.8230;0.0000;434.3988;44368532.0000
256.0000;157.8230;0.0000;437.3988;44368544.0000
255.0000;156.8483;0.0000;432.5252;44368548.0000
255.0000;155.8483;0.0000;437.3230;44368556.0000
254.0000;154.8736;0.0000;436.4241;44368560.0000
254.0000;154.8483;0.0000;433.4494;44368568.0000
253.9747;153.8736;0.0000;436.4241;44368572.0000
253.0000;152.8736;0.0000;434.5505;44368580.0000
253.0000;152.8736;0.0000;433.4494;44368588.0000
253.0000;151.8736;0.0000;437.3735;44368592.0000
252.9747;151.8736;0.0000;431.5505;44368600.0000
252.0000;150.8736;0.0000;432.4493;44368604.0000
252.0000;150.8736;0.0000;437.3735;44368612.0000
251.9747;149.8736;0.0000;431.5252;44368620.0000
251.0000;149.8736;0.0000;434.4494;44368628.0000
251.0000;148.8736;0.0000;434.5505;44368628.0000
250.0000;147.8989;0.0000;429.6011;44368640.0000
249.0253;147.8736;0.0000;434.4747;44368648.0000
248.0253;146.8989;0.0000;432.6011;44368660.0000
247.0505;145.8989;0.0000;431.5252;44368668.0000
246.0505;145.8989;0.0000;434.4999;44368668.0000
246.0505;144.9241;0.0000;429.6769;44368680.0000
245.0759;144.8989;0.0000;431.5505;44368688.0000
245.0759;143.9241;0.0000;434.5505;44368696.0000
244.1011;143.8989;0.0000;428.7022;44368700.0000
243.1011;142.9241;0.0000;431.5758;44368708.0000
243.1011;142.8989;0.0000;434.5505;44368712.0000
242.1011;142.8989;0.0000;427.7275;44368720.0000
241.1264;141.9241;0.0000;432.6011;44368728.0000
240.1517;141.9241;0.0000;429.7275;44368736.0000
240.1264;140.9241;0.0000;428.7022;44368740.0000
239.1517;140.8989;0.0000;433.5758;44368752.0000
238.1517;139.9241;0.0000;427.7780;44368756.0000
236.2023;139.8989;0.0000;429.6769;44368764.0000
235.2275;138.9241;0.0000;434.6011;44368772.0000
234.2275;137.9495;0.0000;427.7780;44368780.0000
233.2528;136.9494;0.0000;431.6263;44368788.0000
231.2781;135.9747;0.0000;432.6516;44368792.0000
229.3286;134.9747;0.0000;426.8033;44368800.0000
228.3286;134.0000;0.0000;431.6769;44368804.0000
226.3792;133.0000;0.0000;429.7780;44368816.0000
225.3792;132.0253;0.0000;426.7780;44368824.0000
223.4298;132.0253;0.0000;431.7275;44368828.0000
222.4297;131.0253;0.0000;426.8539;44368832.0000
221.4550;131.0253;0.0000;427.7275;44368840.0000
220.4550;130.0253;0.0000;432.6769;44368848.0000
219.4803;130.0253;0.0000;426.8539;44368856.0000
218.4803;130.0253;0.0000;427.7527;44368868.0000
217.5056;130.0000;0.0000;431.7022;44368868.0000
216.5309;129.0253;0.0000;424.8792;44368876.0000
215.5309;129.0253;0.0000;431.6516;44368888.0000
214.5562;129.0000;0.0000;427.8033;44368896.0000
213.5815;128.0253;0.0000;425.8033;44368900.0000
212.5815;128.0253;0.0000;431.6769;44368908.0000
211.6067;127.0253;0.0000;427.8033;44368912.0000
210.6067;127.0253;0.0000;425.8033;44368920.0000
209.6068;127.0000;0.0000;431.7022;44368928.0000
208.6320;126.0253;0.0000;424.8539;44368932.0000
207.6573;126.0253;0.0000;426.7780;44368944.0000
206.6573;125.0505;0.0000;429.7780;44368948.0000
204.7079;125.0253;0.0000;424.9044;44368956.0000
203.7079;124.0505;0.0000;427.7780;44368964.0000
202.7079;124.0253;0.0000;427.7780;44368968.0000
200.7584;123.0505;0.0000;424.8033;44368976.0000
199.7837;123.0505;0.0000;427.7780;44368988.0000
197.8090;123.0505;0.0000;427.8286;44368992.0000
196.8343;122.0505;0.3034;424.8539;44368996.0000
194.8595;122.0505;0.0000;429.7527;44369004.0000
192.8848;121.0759;0.0000;424.9044;44369012.0000
190.9354;121.0505;0.0000;425.7780;44369020.0000
188.9607;120.0759;0.0000;429.7275;44369024.0000
187.0112;120.0759;0.0000;424.8792;44369028.0000
185.0365;119.0759;0.0000;429.7022;44369036.0000
183.0871;118.1011;0.3034;432.6769;44369044.0000
181.1124;118.1011;0.0000;427.7780;44369052.0000
179.1629;117.1011;0.3034;432.6516;44369056.0000
177.1882;117.1011;0.0000;433.6769;44369064.0000
176.2135;116.1264;0.0000;431.6263;44369072.0000
174.2388;116.1264;0.0000;435.5758;44369080.0000
172.2893;116.1011;0.0000;431.6769;44369088.0000
170.3146;115.1264;0.0000;434.6011;44369092.0000
169.3146;115.1264;0.0000;437.5252;44369104.0000
167.3652;115.1264;0.3034;432.7022;44369112.0000
166.3652;115.1011;0.0000;436.5252;44369120.0000
165.3904;114.1264;0.0000;438.4999;44369128.0000
163.4157;114.1011;0.0000;432.7527;44369132.0000
162.4157;114.1011;0.0000;438.4747;44369140.0000
161.4410;114.1011;0.0000;437.6011;44369144.0000
160.4410;114.1011;0.0000;435.5758;44369152.0000
159.4410;114.0758;0.0000;439.4747;44369160.0000
158.4410;114.0758;0.0000;435.6011;44369164.0000
157.4410;114.0758;0.0000;437.3988;44369172.0000
157.4410;114.0758;0.0000;440.4494;44369176.0000
156.4410;114.0758;0.0000;436.5252;44369184.0000
155.4410;115.0505;0.0000;438.3735;44369188.0000
155.4157;115.0505;0.0000;440.3988;44369196.0000
154.4157;115.0505;0.0000;434.5505;44369204.0000
154.3904;116.0253;0.0000;440.3483;44369212.0000
153.3904;116.0000;0.0000;439.4241;44369224.0000
152.4157;116.9747;0.0000;437.4241;44369228.0000
152.3904;116.9747;0.0000;442.3735;44369236.0000
151.3904;116.9747;0.0000;438.4747;44369244.0000
151.3652;117.9495;0.0000;438.4494;44369252.0000
150.3652;117.9495;0.0000;443.3230;44369252.0000
149.3398;118.9241;0.0000;438.4494;44369260.0000
149.3146;119.8988;0.0000;440.2724;44369268.0000
148.3146;119.8988;0.0000;443.2218;44369276.0000
148.2893;120.8736;0.0000;439.2977;44369284.0000
147.2893;121.8483;0.0000;443.1713;44369288.0000
147.2640;122.8230;0.0000;443.2218;44369292.0000
146.2640;123.7724;0.0000;442.1713;44369300.0000
146.2388;124.7472;0.0000;445.1460;44369308.0000
145.2388;125.7219;0.0000;442.1713;44369320.0000
144.2388;126.6966;0.0000;443.1460;44369324.0000
143.2640;127.6714;0.0000;446.0196;44369340.0000
143.2388;128.6460;0.0000;442.1713;44369344.0000
142.2388;129.6208;0.0000;443.0702;44369352.0000
141.2388;129.6208;0.0000;445.9943;44369356.0000
140.2388;130.5955;0.0000;442.1713;44369364.0000
139.2388;131.5702;0.0000;445.9943;44369372.0000
138.2640;132.5702;0.0000;445.9943;44369376.0000
137.2640;133.5450;0.0000;442.9943;44369384.0000
137.2388;135.4944;0.0000;446.9438;44369388.0000
136.2640;136.4438;0.0000;445.9438;44369396.0000
135.2640;137.4185;0.0000;443.9943;44369404.0000
134.2893;138.3933;0.0000;450.8173;44369408.0000
134.2640;139.3680;0.0000;445.0196;44369412.0000
133.2640;140.3427;0.0000;446.8679;44369420.0000
133.2388;140.3427;0.0000;450.8173;44369428.0000
132.2640;141.3174;0.0000;443.9690;44369436.0000
132.2388;142.2921;0.0000;449.7921;44369456.0000
131.2388;142.2921;0.0000;449.8679;44369456.0000
130.2640;143.2669;0.0000;445.9185;44369464.0000
130.2388;144.2416;0.0000;449.8173;44369472.0000
129.2388;145.2163;0.0000;449.8427;44369480.0000
128.2388;145.2163;0.0000;445.8427;44369488.0000
127.2640;146.1910;0.0000;451.7415;44369492.0000
126.2640;147.1657;0.0000;445.9185;44369496.0000
126.2640;148.1405;0.0000;448.7668;44369504.0000
125.2640;149.1405;0.0000;452.7162;44369512.0000
124.2640;150.1152;0.0000;445.9185;44369520.0000
124.2640;151.0899;0.0000;449.6909;44369524.0000
123.2640;152.0646;0.0000;452.6656;44369528.0000
122.2893;152.0646;0.0000;445.7668;44369536.0000
121.2893;153.0393;0.0000;451.6151;44369544.0000
121.2640;154.0140;0.0000;451.6404;44369548.0000
120.2893;154.9888;0.0000;449.6909;44369556.0000
119.2893;155.9888;0.0000;452.5646;44369568.0000
118.2893;155.9888;0.0000;449.6404;44369572.0000
117.3146;156.9635;0.0000;450.5140;44369584.0000
117.2893;157.9382;0.0000;454.5392;44369588.0000
116.3146;158.9129;0.0000;449.6404;44369596.0000
115.3146;160.8624;0.0000;452.4634;44369604.0000
114.3146;161.8371;0.0000;453.4887;44369608.0000
113.3146;162.8370;0.0000;449.5898;44369612.0000
113.2893;164.7865;0.0000;453.4128;44369620.0000
112.3146;165.7865;0.0000;453.4887;44369628.0000
111.3146;167.7360;0.0000;450.4381;44369636.0000
110.3146;168.7107;0.0000;454.3370;44369644.0000
109.3146;169.6854;0.0000;451.4634;44369644.0000
108.3399;170.6601;0.0000;452.3623;44369652.0000
107.3399;171.6601;0.0000;455.2864;44369660.0000
107.3146;172.6348;0.0000;452.3876;44369672.0000
106.3146;173.6096;0.0000;452.3370;44369684.0000
106.2893;174.5843;0.0000;455.2864;44369688.0000
105.2893;175.5843;0.0000;451.3876;44369692.0000
105.2640;177.5337;0.0000;455.2359;44369700.0000
104.2640;178.5084;0.0000;455.2864;44369712.0000
104.2388;179.5084;0.0000;452.2865;44369716.0000
103.2388;180.4831;0.0000;457.1601;44369724.0000
103.2388;181.4579;0.0000;455.2864;44369728.0000
102.2388;182.4579;0.0000;454.2359;44369736.0000
102.2135;183.4326;0.0000;459.1095;44369744.0000
101.2388;185.3820;0.0000;454.2359;44369748.0000
101.2135;186.3567;0.0000;455.1854;44369756.0000
100.2135;187.3567;0.0000;458.1348;44369760.0000
100.2135;188.3315;0.0000;454.2612;44369768.0000
99.2135;189.3315;0.0000;458.0842;44369772.0000
99.1882;189.3315;0.0000;458.1348;44369784.0000
99.1629;190.3315;0.0000;455.1601;44369792.0000
99.1629;192.2809;0.0000;459.0084;44369804.0000
99.1376;193.2556;0.0000;457.1095;44369808.0000
99.1124;194.2556;0.0000;456.0337;44369812.0000
99.1124;194.2556;0.0000;460.9326;44369820.0000
98.1124;196.2303;0.0000;455.0842;44369828.0000
98.0871;196.2303;0.0000;456.9578;44369840.0000
97.0871;197.2303;0.0000;459.9326;44369848.0000
97.0871;198.2303;0.0000;455.1095;44369848.0000
97.0618;199.2050;0.0000;458.8820;44369856.0000
96.0618;200.2050;0.0000;458.9578;44369864.0000
96.0365;200.2303;0.0000;455.9831;44369872.0000
96.0112;201.2050;0.0000;459.8061;44369876.0000
95.9859;201.2303;0.0000;459.8820;44369880.0000
95.9607;202.2050;0.0000;457.8567;44369888.0000
95.9354;202.2303;0.0000;463.6797;44369900.0000
96.9101;203.2303;0.0000;459.8567;44369912.0000
96.8848;203.2303;0.0000;461.7050;44369916.0000
96.8848;204.2050;0.0000;468.5533;44369924.0000
96.8595;205.2050;0.0000;464.6797;44369928.0000
95.8595;206.1798;0.0000;470.4521;44369936.0000
95.8595;206.2050;0.0000;473.4269;44369944.0000
95.8343;207.2050;0.0000;467.5027;44369948.0000
95.8090;208.1798;0.0000;473.3257;44369956.0000
95.8090;209.1798;0.0000;473.4775;44369964.0000
95.7837;210.1545;0.0000;473.3005;44369972.0000
95.7837;211.1545;0.0000;479.1488;44369976.0000
95.7584;211.1798;0.0000;479.1741;44369984.0000
95.7584;212.1545;0.0000;482.0477;44369992.0000
95.7584;213.1292;0.0000;489.8707;44369996.0000
96.7079;214.1292;0.0000;485.0224;44370004.0000
96.7079;215.1039;0.0000;489.6179;44370008.0000
96.6826;216.1039;0.0000;491.8202;44370016.0000
96.6826;217.0786;0.0000;482.0730;44370024.0000
97.6320;218.0786;0.0000;491.7949;44370036.0000
97.6067;219.0786;0.0000;487.9213;44370040.0000
97.6067;220.0786;0.0000;483.9466;44370044.0000
97.5814;221.0534;0.0000;490.7443;44370052.0000
97.5814;221.0786;0.0000;487.8202;44370060.0000
97.5814;222.0786;0.0000;489.6938;44370068.0000
97.5562;223.0534;0.0000;497.5674;44370072.0000
98.5309;224.0534;0.0000;494.6432;44370076.0000
98.5309;225.0281;0.0000;498.4662;44370088.0000
98.5056;226.0281;0.0000;501.4662;44370096.0000
98.5056;227.0028;0.0000;497.5674;44370104.0000
98.4803;228.0028;0.0000;503.3904;44370108.0000
98.4550;229.0028;0.0000;503.3904;44370112.0000
98.4550;229.9775;0.0000;500.4156;44370120.0000
98.4550;230.9776;0.0000;505.3398;44370132.0000
99.4045;231.9775;0.0000;502.4410;44370136.0000
99.4045;233.9270;0.0000;502.3652;44370148.0000
99.4045;234.9270;0.0000;507.2640;44370156.0000
99.4045;235.9017;0.0000;502.4156;44370160.0000
100.3540;236.9017;0.0000;503.2892;44370168.0000
100.3540;237.8764;0.0000;507.2640;44370172.0000
100.3286;238.8764;0.0000;503.3904;44370180.0000
100.3034;239.8764;0.0000;507.2134;44370188.0000
100.3034;240.8512;0.0000;509.2893;44370192.0000
100.2781;241.8511;0.0000;506.1881;44370200.0000
100.2528;242.8511;0.0000;511.1123;44370204.0000
100.2528;243.8258;0.0000;509.2387;44370212.0000
100.2275;244.8258;0.0000;509.1376;44370220.0000
100.2275;245.8258;0.0000;514.0617;44370228.0000
101.2022;246.8006;0.0000;510.2134;44370228.0000
102.1517;247.8006;0.0000;511.0870;44370240.0000
103.1011;248.8006;0.0000;515.9354;44370248.0000
104.0759;249.8006;0.0000;511.1376;44370256.0000
105.0253;251.7500;0.0000;515.9859;44370268.0000
106.0000;252.7500;0.0000;515.9354;44370272.0000
106.9495;253.7500;0.0000;513.0870;44370276.0000
107.9241;254.7247;0.0000;515.9606;44370284.0000
107.8989;255.7247;0.0000;517.0617;44370292.0000
108.8736;256.7247;0.0000;516.9100;44370300.0000
109.8230;256.7500;0.0000;524.7078;44370304.0000
109.7978;257.7247;0.0000;521.8342;44370308.0000
110.7724;258.7247;0.0000;525.6826;44370316.0000
110.7724;259.7247;0.0000;530.5814;44370324.0000
110.7724;260.7247;0.0000;525.6826;44370328.0000
110.7472;261.7247;0.0000;530.5308;44370336.0000
110.7472;261.7500;0.0000;532.5056;44370344.0000
111.6966;263.6994;0.0000;527.6320;44370356.0000
112.6460;264.6994;0.0000;534.4803;44370364.0000
113.6208;265.6994;0.0000;534.5309;44370368.0000
113.6208;266.6994;0.0000;531.5562;44370376.0000
114.5955;266.7247;0.0000;537.3792;44370388.0000
115.5450;267.6994;0.0000;531.5562;44370392.0000
115.5450;267.7247;0.0000;534.4045;44370400.0000
116.4944;268.7247;0.0000;539.3033;44370404.0000
116.4944;268.7500;0.0000;532.5056;44370412.0000
117.4691;269.7500;0.0000;537.3792;44370420.0000
117.4691;269.7500;0.0000;539.3286;44370428.0000
117.4691;270.7500;0.0000;532.5056;44370428.0000
118.4438;270.7753;0.0000;537.3033;44370436.0000
118.4438;271.7500;0.0000;537.3792;44370444.0000
119.4185;271.7753;0.0000;534.3792;44370452.0000
119.3933;272.7753;0.0000;540.1516;44370460.0000
119.3933;273.7500;0.0000;537.3033;44370464.0000
120.3680;273.7753;0.0000;537.2528;44370476.0000
121.3427;274.7753;0.0000;540.2275;44370484.0000
121.3427;275.7753;0.0000;537.3286;44370496.0000
122.3174;275.7753;0.0000;538.2022;44370500.0000
122.2921;276.7753;0.0000;541.2022;44370508.0000
123.2669;276.8005;0.0000;537.3033;44370512.0000
123.2669;277.8005;0.0000;540.2022;44370520.0000
123.2669;277.8258;0.0000;540.0253;44370528.0000
124.2416;277.8511;0.0000;537.2528;44370532.0000
124.2416;278.8511;0.0000;541.1516;44370540.0000
124.2416;278.8764;0.0000;538.2528;44370544.0000
125.2163;279.8764;0.0000;538.1769;44370552.0000
125.2163;279.9017;0.0000;543.0757;44370556.0000
126.1910;280.9017;0.0000;538.2528;44370564.0000
126.1910;281.9017;0.0000;539.1769;44370572.0000
127.1657;281.9269;0.0000;542.1517;44370580.0000
127.1405;282.9269;0.3034;537.2781;44370584.0000
128.1152;282.9522;0.0000;542.1010;44370588.0000
128.1152;283.9522;0.3034;541.1769;44370600.0000
129.0899;283.9775;0.0000;538.2022;44370608.0000
129.0899;284.9775;0.0000;543.0252;44370620.0000
129.0899;285.0028;0.0000;540.1769;44370624.0000
130.0646;286.0028;0.3034;540.1263;44370628.0000
130.0646;286.0281;0.0000;545.0252;44370636.0000
130.0646;287.0281;0.3034;539.1769;44370644.0000
131.0393;287.0534;0.0000;540.9747;44370652.0000
131.0393;288.0534;0.0000;543.9999;44370660.0000
132.0141;288.0786;0.0000;539.1263;44370660.0000
132.0141;289.0786;0.0000;543.0252;44370668.0000
132.9888;290.0786;0.3034;543.0505;44370676.0000
132.9888;290.1039;0.0000;540.0505;44370684.0000
133.9635;291.1039;0.0000;543.0252;44370692.0000
133.9635;291.1292;0.0000;542.0757;44370696.0000
134.9382;292.1292;0.0000;539.0253;44370704.0000
134.9635;292.1545;0.0000;544.0505;44370712.0000
135.9382;293.1545;0.0000;539.1263;44370720.0000
135.9382;293.1545;0.0000;540.9999;44370732.0000
136.9129;294.1544;0.0000;545.9493;44370740.0000
136.9129;294.1798;0.0000;539.1263;44370744.0000
137.8876;294.2050;0.0000;542.9747;44370752.0000
137.8876;295.2050;0.0000;543.9999;44370760.0000
138.8876;296.2050;0.0000;539.1263;44370764.0000
139.8624;297.2050;0.0000;543.9999;44370772.0000
140.8371;297.2303;0.0000;543.0757;44370780.0000
141.8118;298.2303;0.0000;540.0000;44370784.0000
141.8118;299.2303;0.0000;545.9493;44370788.0000
142.7865;300.2303;0.0000;541.1263;44370796.0000
143.7865;300.2556;0.0000;542.0505;44370808.0000
144.7612;301.2556;0.0000;545.9999;44370816.0000
144.7865;302.2556;0.0000;540.1516;44370820.0000
145.7612;302.2809;0.0000;544.0252;44370824.0000
146.7360;303.2809;0.0000;545.9999;44370832.0000
147.7107;303.3062;0.0000;541.1263;44370840.0000
148.6854;304.3315;0.0000;546.0252;44370852.0000
149.6601;304.3567;0.0000;546.0757;44370856.0000
150.6348;304.4073;0.0000;543.1263;44370864.0000
151.6096;305.4073;0.0000;547.0505;44370872.0000
151.6348;305.4579;0.0000;543.2275;44370880.0000
152.6096;306.4579;0.0000;544.2022;44370888.0000
153.5843;306.5084;0.0000;548.1010;44370892.0000
154.5590;307.5084;0.0000;543.3033;44370896.0000
155.5337;307.5338;0.0000;546.1769;44370904.0000
157.5084;307.5590;0.0000;548.1010;44370912.0000
158.4832;308.5590;0.0000;543.2527;44370920.0000
159.4579;308.5843;0.0000;549.1010;44370928.0000
160.4579;308.6096;0.0000;547.2022;44370932.0000
161.4326;309.6348;0.0000;545.2275;44370940.0000
162.4326;309.6601;0.0000;549.1517;44370948.0000
163.4073;309.6854;0.0000;546.2780;44370952.0000
164.3820;309.7107;0.0000;546.2275;44370960.0000
165.3567;310.7107;0.0000;551.1769;44370972.0000
166.3567;310.7360;0.0000;545.3286;44370976.0000
167.3315;310.7612;0.0000;547.2527;44370984.0000
168.3062;310.7865;0.0000;550.2275;44370988.0000
169.3062;311.7865;0.0000;545.3286;44370996.0000
170.2809;311.8118;0.0000;549.1517;44371004.0000
171.2809;311.8370;0.0000;549.3033;44371012.0000
172.2809;312.8118;0.0000;545.3286;44371012.0000
173.2556;312.8371;0.0000;549.2527;44371020.0000
174.2556;312.8624;0.0000;547.3539;44371032.0000
175.2303;312.8624;11.6966;546.3286;44371040.0000
176.2050;312.8876;0.0000;552.1769;44371048.0000
177.2050;313.8876;0.0000;545.4297;44371048.0000
178.1798;313.8876;11.6966;547.3033;44371056.0000
179.1545;313.9129;0.0000;551.2781;44371064.0000
181.1292;313.9129;0.0000;544.4550;44371072.0000
182.1039;314.8876;0.0000;549.2275;44371084.0000
184.0786;314.9129;0.0000;549.3033;44371088.0000
186.0281;315.8876;0.0000;545.4045;44371092.0000
187.0028;315.9129;0.0000;549.2527;44371100.0000
188.9775;316.9129;0.0000;549.3286;44371108.0000
189.9522;316.9129;0.0000;546.3539;44371112.0000
190.9522;316.9129;0.0000;552.1769;44371120.0000
191.9270;317.9129;0.0000;546.4550;44371128.0000
193.8764;317.9129;0.0000;547.3286;44371132.0000
194.8764;317.9382;0.0000;551.2527;44371140.0000
195.8512;317.9382;0.0000;544.2527;44371148.0000
196.8512;318.9382;0.0000;549.3033;44371156.0000
197.8512;318.9382;0.0000;551.2781;44371164.0000
199.8006;318.9634;0.0000;544.4803;44371168.0000
200.7753;318.9634;0.0000;549.3286;44371176.0000
201.7500;318.9888;0.0000;549.3539;44371180.0000
203.7247;318.9888;0.0000;546.4297;44371188.0000
204.7247;319.0140;0.0000;551.2781;44371196.0000
205.6994;320.0140;0.0000;546.4550;44371204.0000
207.6741;319.0393;0.0000;548.3539;44371208.0000
208.6489;319.0646;0.0000;551.3286;44371216.0000
209.6236;319.0646;0.0000;546.4550;44371224.0000
210.6236;319.0899;0.0000;549.3033;44371232.0000
212.5730;319.0899;0.0000;551.2781;44371244.0000
213.5731;319.0899;0.0000;546.4550;44371244.0000
214.5477;319.0899;0.0000;551.3033;44371252.0000
215.5225;319.1152;0.0000;549.3792;44371264.0000
216.5225;319.1152;0.0000;546.4297;44371272.0000
217.4972;319.1404;0.0000;552.3286;44371276.0000
219.4719;319.1404;0.0000;546.5056;44371280.0000
220.4467;318.1910;0.0000;548.1517;44371288.0000
221.4214;318.1910;11.6966;552.3286;44371296.0000
223.3961;318.2163;0.0000;546.4803;44371304.0000
224.3708;318.2163;0.0000;549.3792;44371308.0000
225.3708;318.2163;0.0000;551.3539;44371320.0000
227.3203;318.2415;0.0000;546.5056;44371324.0000
228.2949;318.2415;0.0000;550.3539;44371332.0000
229.2950;318.2668;0.0000;550.3792;44371340.0000
231.2444;317.2921;0.0000;546.4550;44371344.0000
232.2191;317.2921;0.0000;551.3286;44371352.0000
233.2191;316.3427;0.0000;546.5308;44371360.0000
235.1686;316.3427;11.6966;546.4550;44371368.0000
236.1685;316.3427;0.0000;552.3792;44371376.0000
237.1432;315.3933;11.6966;546.5308;44371384.0000
238.1432;315.3933;0.0000;547.4297;44371392.0000
240.0927;315.4185;0.0000;551.4045;44371400.0000
241.0927;314.4438;0.0000;545.5056;44371404.0000
243.0422;314.4438;0.0000;550.3792;44371408.0000
244.0168;314.4691;0.0000;549.4550;44371416.0000
245.9916;314.4691;0.0000;545.4803;44371424.0000
246.9663;313.4944;0.0000;550.3792;44371436.0000
248.9410;313.5197;0.0000;548.5056;44371440.0000
250.8905;313.5197;0.0000;546.4550;44371444.0000
251.8905;313.5449;0.0000;552.3539;44371452.0000
253.8651;312.5702;0.0000;545.5814;44371460.0000
255.8146;312.5702;0.0000;546.4045;44371468.0000
257.7893;311.6208;0.0000;551.4550;44371472.0000
258.7893;311.6208;0.0000;544.5814;44371476.0000
260.7387;310.6713;0.0000;549.4297;44371488.0000
261.7388;310.6713;0.0000;549.4550;44371496.0000
262.7387;309.7219;0.0000;545.5562;44371504.0000
264.6882;309.7219;0.0000;550.4297;44371508.0000
265.6882;308.7472;0.0000;548.5056;44371516.0000
266.6882;308.7724;0.0000;546.4550;44371520.0000
267.6629;307.7978;0.0000;551.4297;44371528.0000
268.6629;307.8231;0.0000;546.5814;44371536.0000
269.6629;306.8483;0.0000;546.4803;44371540.0000
270.6376;305.8736;0.0000;551.4297;44371552.0000
271.6376;305.8989;0.0000;544.6573;44371556.0000
272.6376;304.9242;0.0000;549.4045;44371564.0000
273.6376;303.9747;0.0000;550.4803;44371568.0000
274.6124;303.0000;0.0000;544.6573;44371576.0000
275.6124;303.0253;0.0000;549.4550;44371584.0000
275.6376;302.0505;0.0000;548.5562;44371592.0000
276.6124;301.0759;0.0000;546.5814;44371600.0000
277.6124;300.1264;0.0000;550.4803;44371604.0000
279.5870;299.1517;0.0000;546.6320;44371612.0000
280.5870;299.1769;0.0000;548.4803;44371620.0000
281.5870;298.2022;0.0000;551.4803;44371632.0000
283.5618;297.2528;0.0000;545.6826;44371632.0000
284.5618;296.2781;0.0000;548.5562;44371640.0000
285.5365;295.3033;0.0000;550.5309;44371648.0000
286.5365;295.3286;0.0000;543.7584;44371656.0000
288.5112;294.3539;0.0000;549.5562;44371668.0000
289.5112;293.3792;0.0000;549.7078;44371672.0000
290.4860;292.4297;0.0000;546.6573;44371676.0000
291.4860;291.4550;0.0000;550.5562;44371684.0000
292.4860;290.5056;0.0000;546.7078;44371692.0000
293.4860;289.5309;0.0000;548.5814;44371700.0000
295.4607;288.5562;0.0000;552.5308;44371704.0000
296.4607;287.5814;0.0000;548.6320;44371716.0000
297.4354;286.6320;0.0000;552.4550;44371720.0000
298.4354;284.6826;0.0000;555.4803;44371728.0000
299.4354;283.7078;0.0000;549.6320;44371732.0000
300.4354;282.7584;0.0000;554.4803;44371740.0000
301.4354;280.8090;0.0000;553.6573;44371748.0000
302.4354;279.8595;0.0000;550.6068;44371756.0000
303.4354;278.8848;0.0000;555.4803;44371764.0000
304.4354;276.9607;0.0000;551.6573;44371768.0000
304.4354;275.9859;0.0000;554.4803;44371776.0000
305.4354;274.0618;0.0000;564.2781;44371788.0000
306.4354;273.0871;0.0000;560.4297;44371792.0000
306.4607;271.1376;0.0000;566.2275;44371796.0000
306.5112;269.2135;11.6966;572.1263;44371804.0000
307.5112;267.2640;0.3034;571.1517;44371812.0000
307.5365;266.2893;0.0000;578.9493;44371820.0000
307.5618;264.3398;0.0000;579.9747;44371832.0000
308.5618;262.4157;0.3034;578.0252;44371832.0000
308.5871;261.4410;0.0000;582.8988;44371840.0000
308.6124;259.4916;0.0000;579.9999;44371848.0000
309.6376;258.5421;0.0000;579.7471;44371856.0000
309.6629;256.5927;0.0000;585.8229;44371864.0000
310.6882;255.6180;0.0000;580.0252;44371868.0000
310.7135;254.6685;0.0000;581.9241;44371872.0000
311.7135;253.6938;0.0000;584.8988;44371884.0000
311.7641;251.7443;0.0000;579.0757;44371896.0000
312.7641;250.7697;0.0000;584.8229;44371904.0000
312.8146;249.8202;0.0000;582.9999;44371908.0000
313.8146;248.8455;0.3034;580.0757;44371912.0000
313.8652;246.8961;0.0000;585.8988;44371920.0000
314.8652;245.9214;0.0000;583.0505;44371928.0000
315.8652;244.9466;0.3034;582.9493;44371932.0000
316.8905;243.9719;0.0000;588.8483;44371944.0000
316.9158;242.9972;0.0000;585.9746;44371952.0000
317.9410;242.0224;0.0000;589.7724;44371956.0000
318.9410;241.0477;0.0000;597.6713;44371964.0000
318.9916;240.0730;0.0000;595.7219;44371968.0000
319.9916;238.1236;0.0000;604.4185;44371976.0000
320.0421;237.1488;0.0000;607.4185;44371984.0000
320.0674;236.1742;0.3034;605.4691;44371988.0000
320.0927;235.1994;0.0000;610.3174;44371992.0000
320.1432;235.1994;0.0000;610.3932;44372000.0000
320.1685;234.2247;0.3034;607.4185;44372008.0000
320.1938;233.2500;11.6966;614.2415;44372020.0000
320.2444;232.2752;0.0000;610.3680;44372024.0000
320.2697;231.3006;11.6966;612.2921;44372028.0000
320.2949;230.3006;0.0000;616.2668;44372036.0000
320.3455;229.3258;0.0000;609.4691;44372044.0000
320.3708;228.3511;0.0000;613.2668;44372056.0000
320.3961;228.3511;11.6966;616.2921;44372064.0000
321.4213;227.3764;0.0000;611.4691;44372068.0000
321.4719;226.3764;11.6966;616.2668;44372072.0000
321.4972;225.4016;0.3034;614.3679;44372080.0000
322.5225;224.4269;0.0000;610.4185;44372088.0000
322.5477;224.4269;0.0000;617.2921;44372092.0000
323.5477;223.4522;11.6966;612.4691;44372100.0000
323.5731;222.4522;0.0000;613.3680;44372104.0000
323.6236;221.4775;0.0000;618.2921;44372112.0000
324.6489;219.5281;0.0000;612.4943;44372120.0000
324.6741;218.5533;0.0000;616.3932;44372124.0000
324.6994;217.5786;0.0000;607.6460;44372136.0000
324.7247;216.6039;0.0000;617.3932;44372140.0000
324.7500;214.6292;0.0000;622.2415;44372148.0000
324.8005;213.6545;0.0000;625.2162;44372152.0000
325.8005;212.6545;0.0000;621.2921;44372160.0000
325.8511;211.6797;0.0000;627.0898;44372172.0000
325.8764;209.7303;0.0000;622.3427;44372180.0000
325.9017;208.7556;0.0000;624.2416;44372184.0000
325.9269;207.7809;0.0000;631.0898;44372188.0000
325.9522;205.8314;0.0000;625.3427;44372196.0000
325.9775;204.8314;0.0000;626.1909;44372204.0000
326.0028;203.8314;0.3034;631.1151;44372212.0000
326.0534;201.8820;0.0000;625.3680;44372216.0000
326.1039;200.8820;0.3034;630.2162;44372220.0000
326.1544;198.9073;0.0000;629.3174;44372228.0000
326.1798;197.9326;0.0000;625.3932;44372236.0000
326.2303;195.9578;0.0000;631.2162;44372244.0000
327.2303;193.9831;0.0000;628.4185;44372256.0000
327.2809;193.0084;0.0000;627.3679;44372260.0000
327.3062;191.0337;0.0000;635.2415;44372268.0000
327.3567;190.0590;0.0000;626.4943;44372276.0000
326.4073;188.0842;0.0000;629.3932;44372288.0000
326.4579;187.0842;0.0000;635.3427;44372292.0000
326.4831;185.1095;0.0000;626.5701;44372300.0000
326.5337;184.1095;0.0000;632.1404;44372304.0000
326.5843;182.1348;0.0000;631.4691;44372312.0000
326.6348;181.1348;0.0000;627.5701;44372320.0000
326.6601;180.1348;0.0000;633.3932;44372324.0000
325.7360;179.1601;0.0000;630.5449;44372332.0000
325.7612;177.1854;0.0000;629.4943;44372336.0000
325.8118;176.1601;0.0000;635.3427;44372344.0000
325.8371;175.1601;0.0000;628.5955;44372348.0000
325.8876;174.1601;0.0000;628.5449;44372356.0000
325.9129;173.1601;0.0000;635.4185;44372364.0000
325.9382;172.1348;0.0000;627.6460;44372372.0000
325.9635;171.1348;0.0000;631.4691;44372380.0000
325.9888;169.1601;11.6966;632.5449;44372384.0000
325.0393;168.1601;0.0000;627.6460;44372400.0000
325.0646;167.1601;11.6966;631.4943;44372408.0000
325.0898;166.1601;0.0000;632.5449;44372416.0000
324.1404;165.1601;0.0000;627.5953;44372416.0000
324.1657;164.1601;0.0000;631.5701;44372424.0000
324.1910;163.1601;0.0000;628.7219;44372432.0000
323.2162;162.1601;0.0000;628.5955;44372440.0000
323.2415;160.1854;0.0000;633.5955;44372448.0000
323.2668;159.2106;0.0000;627.6965;44372452.0000
322.2921;158.2106;0.0000;631.5955;44372456.0000
322.3174;157.2107;0.0000;635.3427;44372464.0000
321.3679;156.2107;0.0000;628.7219;44372472.0000
321.3679;155.2107;0.0000;635.4943;44372484.0000
320.4185;154.2107;0.0000;631.6713;44372488.0000
320.4185;153.2359;0.0000;632.6207;44372492.0000
319.4691;152.2359;0.3034;636.5197;44372500.0000
318.5197;151.2359;0.0000;633.5955;44372508.0000
318.5450;150.2359;0.0000;636.5449;44372512.0000
317.5702;148.2612;0.0000;642.4438;44372524.0000
316.6208;147.2612;0.0000;636.5955;44372532.0000
316.6461;146.2612;0.3034;640.2415;44372536.0000
315.6966;145.2612;0.0000;645.3932;44372544.0000
314.7219;145.2359;0.0000;638.5702;44372548.0000
313.7725;144.2107;0.0000;645.3680;44372556.0000
312.7978;143.2107;0.0000;646.4185;44372564.0000
312.8230;142.2359;0.0000;641.4944;44372568.0000
311.8483;140.2359;0.0000;646.3932;44372576.0000
310.8989;139.2359;0.0000;640.6207;44372580.0000
309.9495;138.2359;0.0000;643.4944;44372588.0000
308.9747;137.2612;0.3034;652.2668;44372596.0000
308.0253;135.2865;0.0000;643.5702;44372608.0000
307.0505;134.2865;0.0000;644.4691;44372612.0000
306.0759;133.2865;0.0000;646.4944;44372620.0000
304.1517;132.3118;0.0000;642.5449;44372628.0000
303.1769;130.3371;0.0000;646.4944;44372636.0000
302.2275;129.3371;0.0000;643.6207;44372644.0000
301.2528;128.3371;0.0000;642.5955;44372648.0000
300.3033;127.3371;0.0000;646.5449;44372656.0000
299.3286;125.3623;0.0000;645.6207;44372664.0000
298.3539;124.3876;0.0000;639.6965;44372672.0000
297.3792;123.3876;0.0000;647.4691;44372680.0000
296.4297;122.3876;0.0000;640.7724;44372684.0000
295.4550;121.3876;0.0000;643.6207;44372688.0000
294.5056;120.3876;0.0000;643.6460;44372696.0000
294.5056;119.3876;0.0000;639.7977;44372704.0000
293.5309;118.4129;0.0000;645.5702;44372708.0000
292.5814;116.4382;0.0000;644.6713;44372720.0000
291.6067;115.4382;0.0000;639.7724;44372724.0000
290.6573;113.4635;0.0000;645.5955;44372736.0000
289.6826;112.4635;0.0000;642.7471;44372744.0000
288.7078;110.5140;0.0000;641.7471;44372748.0000
287.7331;109.5140;0.0000;645.6207;44372756.0000
286.7837;107.5140;0.0000;640.8735;44372764.0000
285.8090;106.5140;0.0000;641.6967;44372768.0000
285.8342;105.5393;0.0000;646.7219;44372776.0000
284.8595;103.5646;0.0000;638.8988;44372784.0000
283.8848;102.5646;0.0000;643.6967;44372792.0000
282.9354;100.5899;0.0000;644.7471;44372800.0000
281.9607;99.5899;0.0000;639.8229;44372808.0000
280.9860;98.5899;0.0000;643.6967;44372808.0000
280.0365;97.5899;0.0000;641.8229;44372816.0000
280.0365;96.5899;0.0000;638.8483;44372824.0000
279.0871;95.5899;0.0000;643.7471;44372836.0000
278.1124;93.6152;0.0000;639.8735;44372844.0000
277.1376;92.6152;0.0000;641.7724;44372848.0000
276.1882;91.5899;0.0000;644.7724;44372856.0000
275.2135;89.6152;0.3034;637.9494;44372864.0000
274.2640;88.6152;0.0000;643.7724;44372872.0000
273.2893;87.6152;0.3034;643.7977;44372876.0000
272.3146;86.6152;0.0000;637.9747;44372884.0000
270.3904;85.5899;0.0000;643.7724;44372888.0000
269.4157;84.5899;0.0000;641.9241;44372896.0000
268.4662;84.5646;0.3034;638.9493;44372904.0000
266.5168;83.5393;0.0000;643.8735;44372912.0000
265.5421;82.5393;0.3034;639.9746;44372920.0000
263.6180;81.5393;0.0000;640.8229;44372924.0000
261.6685;80.5393;0.0000;644.9493;44372932.0000
260.6938;79.5393;0.0000;640.8483;44372936.0000
258.7444;78.5393;0.0000;641.8735;44372944.0000
257.7697;77.5393;0.0000;643.9241;44372956.0000
255.8455;76.5140;0.0000;639.9999;44372960.0000
254.8708;76.4887;0.0000;640.9747;44372968.0000
252.9213;75.4887;0.0000;644.9493;44372972.0000
251.9466;74.4887;0.0000;640.9747;44372980.0000
250.9719;74.4382;0.0000;644.9493;44372988.0000
249.0224;74.4129;0.0000;640.1263;44372996.0000
248.0730;73.4129;0.0000;641.0505;44373000.0000
247.0983;73.3876;0.0000;645.9494;44373004.0000
245.1488;73.3371;0.0000;640.1516;44373012.0000
244.1742;72.3371;0.0000;642.0252;44373020.0000
242.2247;72.3118;11.6966;647.0253;44373028.0000
241.2500;71.3118;0.0000;640.2021;44373040.0000
239.3006;70.3118;0.0000;644.0505;44373040.0000
237.3511;69.3118;0.0000;644.1516;44373048.0000
236.3764;69.2612;0.0000;641.1011;44373056.0000
235.4017;68.2612;0.0000;638.2528;44373068.0000
233.4523;67.2359;0.0000;650.0253;44373076.0000
231.5281;67.2107;0.0000;636.2781;44373080.0000
230.5533;66.1854;0.0000;654.8482;44373088.0000
228.6039;66.1601;0.0000;647.1011;44373096.0000
227.6292;66.1348;0.0000;648.0505;44373104.0000
225.6797;65.1348;0.0000;654.9241;44373108.0000
224.7050;65.0842;0.0000;650.0505;44373116.0000
222.7556;64.0842;0.0000;650.0253;44373120.0000
220.7809;63.0842;0.0000;652.0505;44373128.0000
219.8062;63.0590;0.0000;652.9494;44373132.0000
217.8820;62.0337;0.0000;654.8988;44373140.0000
215.9326;62.0084;0.0000;653.0252;44373148.0000
214.9578;60.9831;0.0000;650.0253;44373152.0000
213.0084;60.9578;0.0000;656.8735;44373160.0000
211.0337;59.9578;0.0000;652.0505;44373164.0000
209.0842;59.9326;0.0000;652.9494;44373172.0000
208.1095;58.9073;0.0000;656.9241;44373188.0000
206.1601;58.8820;0.3034;648.1769;44373196.0000
205.1854;58.8568;0.0000;654.9746;44373200.0000
203.2359;58.8062;0.3034;654.9999;44373204.0000
202.2359;57.8062;0.0000;652.1263;44373212.0000
200.2865;57.7809;0.0000;655.9494;44373220.0000
199.3118;57.7556;0.0000;653.0757;44373228.0000
197.3623;57.7050;0.0000;653.0252;44373228.0000
196.3876;57.6797;0.0000;657.8988;44373236.0000
194.4382;57.6292;0.0000;652.1263;44373244.0000
192.4887;57.6039;0.0000;652.0505;44373252.0000
191.4887;56.5787;0.0000;657.9494;44373260.0000
189.5393;56.5533;0.0000;650.1769;44373264.0000
188.5646;56.5281;0.0000;655.9494;44373268.0000
186.5899;56.4775;0.0000;656.9999;44373276.0000
185.6151;55.4523;0.0000;650.1769;44373288.0000
183.6404;55.4269;0.0000;655.9747;44373292.0000
182.6657;55.3764;0.0000;655.0505;44373308.0000
180.7163;55.3511;0.0000;653.0757;44373312.0000
179.7163;55.3258;0.0000;656.9999;44373320.0000
177.7668;55.2752;0.0000;652.2022;44373328.0000
176.7668;55.2500;0.0000;653.1010;44373332.0000
175.7921;55.1994;0.0000;657.0252;44373340.0000
174.8174;55.1742;0.0000;650.2527;44373348.0000
173.8174;55.1236;0.0000;655.0505;44373352.0000
172.8427;55.0983;0.0000;657.0757;44373360.0000
171.8427;55.0730;0.0000;650.2275;44373364.0000
170.8427;55.9972;0.0000;656.0757;44373372.0000
169.8680;55.9719;0.0000;657.0757;44373380.0000
168.8680;55.9213;0.0000;650.2275;44373388.0000
168.8427;56.8708;0.0000;657.0505;44373392.0000
167.8680;56.8455;0.0000;650.3286;44373396.0000
166.8680;56.7949;0.0000;652.1769;44373408.0000
165.8680;56.7697;0.0000;657.0757;44373424.0000
165.8427;57.7191;0.0000;650.2275;44373432.0000
164.8680;57.6938;0.3034;654.0757;44373432.0000
164.8427;58.6433;0.0000;656.1263;44373440.0000
163.8680;58.5927;0.0000;650.2780;44373448.0000
162.8680;58.5674;0.0000;655.1010;44373456.0000
161.8932;58.5421;0.0000;654.1516;44373464.0000
160.8932;59.4916;0.0000;649.2781;44373468.0000
159.8932;59.4663;0.0000;655.1010;44373472.0000
158.9185;59.4410;0.0000;650.3286;44373480.0000
157.9185;60.3904;0.0000;652.2022;44373488.0000
156.9185;60.3652;0.0000;657.0757;44373492.0000
156.8932;60.3399;0.0000;650.2527;44373500.0000
155.9185;61.2893;0.0000;650.2527;44373504.0000
154.9185;61.2388;0.0000;657.2021;44373512.0000
153.9185;62.2135;0.0000;649.3286;44373520.0000
153.8932;62.1882;0.0000;654.2021;44373524.0000
152.8932;62.1629;0.0000;654.2274;44373532.0000
151.9185;63.1124;0.0000;647.3539;44373548.0000
150.9185;63.1124;0.0000;654.1769;44373552.0000
149.9185;64.0618;0.0000;652.3033;44373560.0000
147.9691;64.0365;0.0000;648.3033;44373564.0000
146.9691;64.0112;0.0000;657.1263;44373572.0000
144.9944;63.9859;0.0000;647.4045;44373580.0000
143.9944;64.9354;0.0000;650.2527;44373584.0000
142.0449;64.9101;0.0000;658.1010;44373588.0000
140.0702;65.8595;0.0000;647.4045;44373596.0000
139.0955;65.8343;0.0000;648.3286;44373604.0000
137.1208;66.7837;0.0000;639.6067;44373612.0000
136.1208;66.7837;0.0000;647.4045;44373620.0000
135.1461;66.7584;0.0000;642.4803;44373620.0000
135.1208;67.7079;0.0000;642.5308;44373628.0000
134.1461;67.6826;0.0000;638.3792;44373640.0000
133.1461;68.6573;0.0000;645.4297;44373652.0000
132.1461;69.6067;0.0000;636.6826;44373656.0000
131.1713;69.6067;0.0000;639.5308;44373660.0000
130.1713;69.5815;0.0000;641.5309;44373668.0000
129.1713;70.5309;0.0000;636.6826;44373680.0000
128.1966;70.5056;0.0000;644.2275;44373688.0000
126.2219;71.4550;0.0000;643.5814;44373692.0000
125.2472;71.4550;0.0000;638.6320;44373700.0000
124.2472;72.4045;0.0000;641.5814;44373704.0000
122.2977;72.3792;0.3034;641.5562;44373712.0000
121.2977;73.3540;0.0000;638.5562;44373720.0000
119.3230;74.3034;0.0000;644.4045;44373724.0000
118.3230;74.3034;0.0000;636.4803;44373732.0000
117.3483;75.2528;0.0000;640.5814;44373740.0000
115.3736;76.2022;0.0000;644.3792;44373744.0000
114.3736;77.1517;0.3034;636.6826;44373756.0000
113.3989;78.1264;0.0000;639.5308;44373760.0000
112.3989;78.1011;0.0000;642.5308;44373772.0000
111.3989;79.0505;0.0000;637.6320;44373780.0000
110.3989;80.0000;0.0000;643.4045;44373784.0000
109.3989;80.9747;0.0000;641.5309;44373788.0000
107.4241;81.9241;0.3034;640.5561;44373796.0000
106.4494;82.8736;0.0000;643.3792;44373808.0000
105.4494;83.8483;0.3034;639.5308;44373816.0000
104.4494;84.7978;0.0000;638.5562;44373820.0000
103.4494;85.7472;0.0000;645.3286;44373824.0000
102.4494;86.7219;0.0000;640.5056;44373832.0000
101.4494;87.6714;0.0000;641.4297;44373840.0000
101.4241;87.6714;0.3034;645.3539;44373848.0000
100.4241;88.6208;0.0000;639.5308;44373852.0000
100.3989;89.5702;0.0000;646.2781;44373856.0000
99.3989;90.5450;0.3034;643.3792;44373868.0000
98.3989;91.4944;0.0000;641.4297;44373880.0000
98.3736;91.4691;0.0000;646.2528;44373888.0000
97.3736;92.4438;0.3034;643.3792;44373892.0000
96.3736;93.3933;0.3034;641.3286;44373896.0000
95.3736;93.3933;0.3034;646.2528;44373904.0000
95.3483;94.3427;0.0000;641.4803;44373912.0000
94.3483;94.3174;0.0000;644.3286;44373920.0000
94.3230;95.2921;0.0000;646.2781;44373924.0000
94.2977;95.2669;0.3034;642.4045;44373936.0000
94.2725;96.2416;0.0000;647.2527;44373940.0000
93.2725;96.2163;0.0000;647.2527;44373948.0000
93.2472;97.1657;0.0000;642.4045;44373952.0000
92.2472;98.1405;0.0000;647.2527;44373960.0000
92.2219;98.1152;0.0000;644.4045;44373968.0000
92.1966;99.0646;0.0000;644.3286;44373976.0000
91.1966;99.0646;0.0000;649.2528;44373980.0000
91.1713;100.0393;0.0000;644.4045;44373984.0000
91.1461;100.0141;0.0000;647.2527;44373992.0000
91.1208;100.9888;0.0000;649.2275;44374004.0000
90.0955;101.9382;0.0000;638.5562;44374012.0000
90.0702;101.9129;0.0000;647.2527;44374012.0000
89.0955;102.8624;0.0000;648.2275;44374020.0000
89.0702;102.8624;0.0000;644.3792;44374028.0000
89.0449;103.8118;0.0000;648.2275;44374036.0000
88.0449;103.8118;0.0000;649.2781;44374044.0000
87.9944;104.7612;0.0000;644.3286;44374048.0000
87.0197;105.7107;0.0000;650.1769;44374052.0000
86.9944;105.7360;0.0000;644.3792;44374060.0000
85.9944;106.6854;0.0000;647.1769;44374068.0000
84.9944;107.6348;0.0000;650.1517;44374072.0000
83.9944;107.6348;0.0000;644.3286;44374080.0000
82.9944;108.5843;0.0000;648.2023;44374092.0000
81.9944;109.5590;0.0000;653.1263;44374096.0000
81.9691;109.5590;0.0000;644.3286;44374104.0000
80.9691;110.5084;0.0000;650.1263;44374116.0000
79.9691;111.4831;0.0000;649.1769;44374120.0000
78.9691;111.4579;0.0000;644.3033;44374128.0000
77.9691;112.4326;0.0000;649.1263;44374132.0000
76.9691;113.3820;0.0000;645.2275;44374140.0000
75.9691;114.3567;0.0000;649.1263;44374144.0000
74.9438;114.3567;0.0000;653.0252;44374152.0000
73.9438;115.2809;0.0000;647.2527;44374160.0000
72.9438;116.2556;0.0000;650.0758;44374164.0000
71.9438;117.2303;0.0000;652.0758;44374172.0000
70.9438;118.2051;0.0000;648.1516;44374180.0000
69.9691;119.1798;0.0000;650.0758;44374188.0000
68.9691;120.1545;0.0000;652.0253;44374196.0000
67.9691;121.1292;0.0000;648.1516;44374208.0000
67.9691;121.1292;0.0000;650.0758;44374208.0000
66.9691;122.1039;0.0000;648.1516;44374216.0000
65.9691;123.0534;0.0000;647.1263;44374224.0000
65.9438;124.0281;0.3034;654.9746;44374236.0000
64.9438;125.0028;0.0000;648.1516;44374244.0000
63.9438;125.9522;0.0000;647.1263;44374244.0000
63.9185;125.9522;0.0000;654.9746;44374252.0000
62.9185;126.9270;0.0000;650.1011;44374260.0000
61.9185;127.9017;0.0000;652.9494;44374268.0000
61.8932;128.8764;0.0000;650.0253;44374276.0000
60.8932;129.8512;0.0000;649.0253;44374280.0000
59.8932;130.8258;0.0000;654.8988;44374284.0000
58.8932;131.8006;0.0000;650.0758;44374292.0000
58.8680;132.7500;0.0000;650.0253;44374300.0000
57.8680;133.7247;0.0000;656.8735;44374308.0000
57.8427;134.6994;0.0000;650.1011;44374320.0000
56.8427;135.6741;0.0000;651.9747;44374328.0000
56.8174;136.6489;0.0000;655.9241;44374332.0000
56.7921;137.6236;0.3034;647.1011;44374340.0000
55.7921;139.5731;0.0000;656.8229;44374344.0000
55.7668;140.5477;0.0000;655.8735;44374356.0000
55.7416;141.5225;0.0000;648.1011;44374364.0000
54.7416;142.4972;0.0000;656.8229;44374368.0000
54.7163;144.4467;0.0000;653.9493;44374372.0000
53.7416;145.4213;0.0000;651.8988;44374380.0000
53.7163;146.3961;0.0000;657.8229;44374388.0000
53.6910;147.3708;0.0000;650.0253;44374396.0000
52.6910;148.3455;0.3034;653.8735;44374400.0000
52.6657;150.2950;0.0000;657.7724;44374404.0000
51.6657;151.2697;0.0000;649.0505;44374412.0000
51.6404;153.2191;0.0000;656.7724;44374420.0000
51.6152;154.1938;0.0000;656.8482;44374432.0000
50.6152;156.1432;0.0000;649.9999;44374436.0000
50.6152;157.1180;0.0000;654.8735;44374440.0000
49.6152;159.0674;0.0000;654.8735;44374448.0000
49.5899;161.0168;0.0000;653.8229;44374456.0000
49.5646;162.9663;0.0000;659.6965;44374468.0000
48.5646;163.9663;0.0000;653.8988;44374472.0000
48.5393;165.9157;0.0000;655.7724;44374480.0000
48.5140;167.8652;0.0000;656.7724;44374484.0000
47.5140;169.8146;0.0000;652.8229;44374492.0000
47.4887;170.7893;0.0000;656.6966;44374500.0000
46.4635;172.7388;0.0000;657.7471;44374504.0000
45.4887;173.7135;0.0000;652.8483;44374512.0000
45.4635;175.6629;0.0000;656.7219;44374516.0000
44.4635;176.6377;0.0000;657.7471;44374524.0000
44.4382;178.5871;0.0000;653.8482;44374532.0000
43.4382;179.5618;0.0000;657.6713;44374540.0000
43.4382;181.5112;0.0000;652.8735;44374548.0000
42.4382;183.4607;0.3034;652.7723;44374556.0000
42.4129;184.4354;0.0000;657.6713;44374560.0000
42.4129;186.4101;0.0000;653.8482;44374568.0000
41.4129;188.3596;0.0000;655.7219;44374576.0000
41.3876;189.3596;0.0000;656.7724;44374588.0000
41.3623;191.3090;0.0000;653.7724;44374596.0000
41.3371;193.2584;0.3034;659.5701;44374600.0000
41.3118;195.2079;0.0000;657.6966;44374604.0000
41.2865;197.1573;0.0000;653.8229;44374612.0000
41.2612;198.1320;0.0000;659.6965;44374620.0000
41.2359;200.0815;0.0000;654.8229;44374628.0000
41.2107;201.0562;0.0000;657.6713;44374628.0000
41.1854;203.0056;0.0000;662.6207;44374636.0000
41.1854;203.9803;0.0000;655.7724;44374644.0000
41.1601;204.9551;0.0000;656.6713;44374656.0000
41.1601;206.9045;0.0000;660.6207;44374664.0000
41.1348;207.9045;0.0000;653.7724;44374668.0000
41.1095;208.8792;0.0000;659.6207;44374676.0000
41.1095;209.8539;11.6966;658.6460;44374680.0000
41.0842;211.8034;11.6966;652.7471;44374688.0000
41.0590;212.7781;0.0000;659.5954;44374704.0000
41.0337;214.7275;11.6966;653.7977;44374708.0000
41.0084;215.7022;0.0000;643.9747;44374716.0000
40.9831;216.6770;0.0000;648.8483;44374720.0000
40.9831;217.6517;0.0000;644.9999;44374728.0000
40.9578;218.6264;0.3034;644.8988;44374732.0000
40.9326;219.6011;0.0000;648.8483;44374740.0000
40.9073;220.6011;0.0000;643.0253;44374748.0000
40.8820;221.5758;0.0000;647.8230;44374752.0000
40.8568;222.5506;0.0000;646.8229;44374760.0000
40.8314;223.5253;0.0000;643.8988;44374764.0000
40.8062;224.5000;0.0000;646.8483;44374776.0000
40.8062;225.4747;0.0000;646.8988;44374784.0000
40.7809;225.4747;0.0000;644.8483;44374792.0000
40.7556;226.4494;0.3034;649.6965;44374792.0000
41.7050;227.4494;0.0000;642.8988;44374800.0000
41.6797;228.4494;0.0000;643.7724;44374808.0000
41.6545;229.4242;0.3034;649.6460;44374820.0000
41.6292;230.3989;0.0000;641.8482;44374832.0000
41.6039;231.3736;0.0000;646.5955;44374836.0000
41.5787;232.3736;0.0000;648.6207;44374840.0000
41.5533;232.3989;0.0000;643.7219;44374848.0000
41.5533;233.3989;0.0000;647.5449;44374856.0000
42.5028;234.3736;0.0000;646.6460;44374864.0000
42.4775;235.3736;0.0000;643.6460;44374868.0000
42.4523;235.3736;0.0000;649.5701;44374872.0000
42.4269;236.3230;0.3034;643.6713;44374880.0000
42.4017;237.2978;0.0000;645.5702;44374892.0000
42.3764;237.2978;0.3034;640.6967;44374900.0000
43.3258;238.2725;0.3034;644.5449;44374904.0000
43.3006;239.2472;0.0000;647.4185;44374912.0000
43.2752;239.2725;0.0000;651.2921;44374916.0000
43.2500;240.2725;0.0000;643.4944;44374924.0000
43.2247;241.2725;0.0000;646.4185;44374928.0000
43.1994;241.2725;0.3034;646.4438;44374940.0000
44.1742;242.2472;0.0000;646.3427;44374948.0000
44.1488;243.2219;0.0000;652.2162;44374952.0000
44.1236;243.2472;0.3034;645.4438;44374960.0000
44.1236;244.2472;0.0000;648.0646;44374964.0000
45.0730;245.2219;0.0000;653.0898;44374972.0000
45.0478;245.2219;0.3034;646.2668;44374980.0000
45.0225;246.2219;0.0000;646.2668;44374984.0000
44.9972;247.2219;0.0000;652.1151;44374988.0000
44.9719;248.2219;0.0000;643.3427;44375000.0000
44.9466;248.2472;0.0000;649.1404;44375008.0000
44.9213;249.2219;0.0000;649.1404;44375016.0000
44.9213;250.1966;0.3034;645.1910;44375024.0000
44.8961;251.1714;0.0000;652.0140;44375024.0000
44.8455;251.1966;0.3034;646.2162;44375032.0000
44.8202;252.1967;0.0000;646.1151;44375040.0000
44.7949;253.1966;0.0000;652.0392;44375052.0000
44.7697;253.1966;0.0000;646.1404;44375060.0000
44.7444;254.1714;0.0000;644.1151;44375064.0000
44.7444;255.1713;0.0000;651.9634;44375068.0000
44.7191;256.1713;0.0000;646.1151;44375076.0000
44.6938;257.1461;0.0000;650.8623;44375084.0000
44.6685;258.1208;0.0000;648.9128;44375088.0000
44.6433;259.1208;0.0000;646.1151;44375096.0000
44.6180;260.1208;0.0000;651.7612;44375100.0000
44.5674;261.1208;0.0000;648.9887;44375112.0000
45.5169;262.0956;0.0000;647.9129;44375120.0000
45.4916;263.0956;0.0000;652.7864;44375124.0000
45.4663;264.0956;0.0000;647.9382;44375132.0000
45.4157;265.0956;0.0000;648.8118;44375140.0000
45.3904;266.0702;0.0000;652.7359;44375144.0000
46.3399;267.0702;0.0000;645.9382;44375148.0000
46.3146;268.0702;0.0000;651.7359;44375156.0000
46.2893;269.0702;0.0000;652.7359;44375164.0000
46.2640;270.0449;0.0000;645.8876;44375176.0000
46.2640;271.0449;0.0000;648.7612;44375180.0000
47.1882;272.0449;0.0000;648.7612;44375184.0000
47.1882;273.0197;0.0000;646.7865;44375192.0000
47.1629;274.0197;0.0000;653.5842;44375200.0000
47.1376;275.0197;0.0000;646.8623;44375212.0000
47.1124;276.0197;0.0000;647.7612;44375220.0000
48.0618;276.9944;0.0000;654.6095;44375224.0000
48.0618;277.9944;0.0000;645.8118;44375232.0000
48.0365;278.9691;0.0000;648.7106;44375240.0000
49.0112;279.9691;0.0000;651.7359;44375248.0000
49.0112;280.9438;0.0000;645.8876;44375252.0000
48.9859;281.9438;0.0000;651.6600;44375260.0000
49.9607;282.9185;0.0000;648.7612;44375264.0000
49.9607;283.8932;0.0000;647.7360;44375272.0000
49.9354;284.8932;0.0000;642.9128;44375284.0000
49.9101;285.8680;0.0000;646.7612;44375288.0000
49.9101;285.8932;0.0000;651.6095;44375296.0000
50.8595;286.8932;0.0000;655.5337;44375300.0000
50.8343;287.8932;0.0000;646.8118;44375308.0000
51.7837;288.8932;0.0000;651.5842;44375316.0000
52.7331;288.9185;0.0000;656.5337;44375320.0000
52.7079;289.8932;0.0000;646.6348;44375328.0000
53.6826;290.8932;0.0000;651.5589;44375340.0000
53.6573;290.8932;0.0000;651.5842;44375348.0000
54.6067;291.8932;0.0000;648.5842;44375352.0000
54.6067;292.8680;0.0000;655.3567;44375360.0000
54.5814;292.8932;0.0000;648.6095;44375368.0000
55.5309;293.8680;0.0000;651.4578;44375376.0000
55.5309;294.8680;0.0000;656.3314;44375380.0000
55.5056;294.8932;0.0000;648.5337;44375384.0000
56.4550;295.8932;0.0000;652.4073;44375392.0000
56.4550;296.8680;0.0000;653.3820;44375404.0000
57.4045;297.8680;0.0000;646.5337;44375412.0000
58.3540;298.8680;0.3034;652.4073;44375420.0000
58.3286;298.8932;0.0000;652.3820;44375420.0000
59.2781;299.8932;0.0000;647.5084;44375428.0000
59.2528;300.8680;0.3034;654.2808;44375436.0000
60.2275;301.8680;0.0000;648.4325;44375444.0000
61.1769;302.8680;0.0000;651.3314;44375452.0000
61.1517;303.8427;0.0000;652.3314;44375456.0000
62.1264;304.8427;0.0000;648.4832;44375464.0000
62.1011;305.8427;0.0000;651.2809;44375472.0000
63.0505;305.8680;0.3034;655.2050;44375480.0000
63.0505;306.8427;0.0000;650.3820;44375484.0000
64.0000;307.8427;0.0000;651.2809;44375492.0000
64.9495;308.8427;0.0000;650.2809;44375496.0000
64.9495;309.8427;0.0000;646.4073;44375504.0000
65.8989;310.8427;0.3034;652.2303;44375508.0000
65.8736;311.8174;0.0000;648.3566;44375516.0000
66.8483;312.8174;0.0000;648.2809;44375528.0000
66.8230;313.8174;0.0000;654.0786;44375532.0000
67.7978;314.8174;0.0000;646.3821;44375540.0000
67.7725;314.8427;0.0000;650.2303;44375544.0000
68.7472;315.8174;0.0000;653.1797;44375552.0000
69.6966;316.8174;0.0000;647.3062;44375564.0000
70.6714;317.8174;0.0000;652.1292;44375572.0000
70.6460;318.8174;0.0000;651.2556;44375576.0000
71.5955;319.7921;0.0000;647.3062;44375580.0000
72.5702;319.8427;0.0000;650.2051;44375592.0000
72.5450;320.8427;0.0000;646.3821;44375600.0000
73.5197;321.8427;0.0000;647.2556;44375608.0000
74.4691;322.8427;0.0000;653.1544;44375608.0000
75.4438;323.8427;0.0000;644.3314;44375616.0000
76.3933;323.8680;0.0000;648.2303;44375624.0000
77.3680;324.8680;0.0000;652.0533;44375636.0000
77.3427;325.8680;0.0000;645.2303;44375644.0000
78.3174;326.8932;0.0000;652.0786;44375648.0000
79.2669;327.8932;0.0000;653.1039;44375652.0000
80.2416;327.9185;0.0000;645.2303;44375660.0000
80.2163;328.9185;0.0000;650.1292;44375668.0000
81.1657;329.9438;0.0000;650.1545;44375680.0000
82.1405;330.9438;0.0000;645.2556;44375684.0000
83.1152;331.9438;0.0000;648.1545;44375688.0000
84.0646;332.9438;0.0000;643.3314;44375696.0000
84.0646;333.9691;0.0000;645.2303;44375704.0000
85.0393;333.9944;0.0000;651.0028;44375708.0000
85.9888;334.9944;0.0000;642.3567;44375716.0000
86.9635;335.9944;0.0000;645.2303;44375728.0000
87.9382;336.9944;0.0000;646.2303;44375732.0000
88.9129;337.9944;0.3034;641.3314;44375740.0000
90.8371;339.0197;0.0000;645.2303;44375744.0000
91.8118;340.0197;0.0000;645.2303;44375756.0000
92.7612;341.0197;0.0000;642.3062;44375764.0000
93.7360;341.0449;0.0000;647.1039;44375772.0000
93.7360;342.0449;0.0000;639.3820;44375776.0000
94.7107;343.0449;0.0000;642.2556;44375780.0000
95.6601;344.0449;0.0000;648.1545;44375792.0000
96.6348;345.0449;0.0000;642.3062;44375800.0000
97.5843;345.0702;0.3034;647.0786;44375808.0000
97.5843;346.0955;0.0000;646.2051;44375808.0000
98.5590;347.0955;0.0000;641.3314;44375816.0000
99.5084;348.0955;0.3034;645.1545;44375824.0000
100.4831;349.0955;0.0000;645.2303;44375832.0000
101.4579;350.0955;0.3034;639.3820;44375840.0000
102.4073;350.1208;0.0000;645.1545;44375840.0000
102.4073;351.1208;0.0000;645.2556;44375852.0000
103.3567;352.1208;0.0000;642.2051;44375864.0000
104.3315;352.1713;0.0000;648.0786;44375872.0000
104.3315;353.1713;0.0000;642.2556;44375876.0000
105.2809;354.1461;0.0000;644.1545;44375884.0000
106.2556;354.1713;0.0000;648.0786;44375888.0000
107.2303;355.1713;0.0000;641.2556;44375896.0000
108.2051;356.1713;0.0000;645.0786;44375904.0000
109.1545;356.1966;0.0000;645.1292;44375908.0000
109.1545;357.1966;0.0000;643.2303;44375916.0000
110.1292;357.2219;0.0000;647.1039;44375920.0000
111.1039;358.2219;0.0000;640.3062;44375928.0000
112.0534;358.2472;0.0000;642.2051;44375932.0000
113.0281;359.2472;0.0000;646.2051;44375940.0000
113.0281;359.2725;0.0000;642.3062;44375948.0000
114.0028;359.2977;0.0000;642.1797;44375956.0000
114.9522;360.2977;0.0000;645.2303;44375960.0000
115.9270;360.3231;0.3034;639.3820;44375964.0000
116.9017;361.2977;0.0000;645.0533;44375976.0000
117.8764;361.3230;0.0000;643.1797;44375988.0000
118.8258;362.3230;0.0000;639.3062;44375996.0000
119.8006;362.3483;0.0000;645.0786;44376004.0000
120.7753;362.3736;0.0000;642.1797;44376004.0000
121.7247;363.3736;0.0000;639.2556;44376016.0000
121.7247;363.3989;0.0000;645.0786;44376024.0000
122.6994;363.4494;0.0000;639.2556;44376032.0000
123.6741;363.4747;0.0000;642.1292;44376040.0000
124.6489;364.4747;0.0000;645.1292;44376040.0000
124.6236;364.5000;0.3034;638.3062;44376048.0000
125.5983;364.5506;0.0000;640.1545;44376056.0000
126.5731;365.5506;0.3034;643.1039;44376064.0000
127.5477;365.5758;0.0000;639.2809;44376068.0000
128.5225;365.6264;0.0000;639.1797;44376076.0000
129.4972;366.6264;0.0000;642.2051;44376080.0000
129.4972;366.6517;0.0000;640.1797;44376088.0000
130.4719;367.6770;0.3034;642.1545;44376100.0000
131.4213;367.7023;0.0000;639.2303;44376104.0000
132.3961;368.7023;0.3034;640.1797;44376112.0000
133.3708;368.7528;0.0000;645.0533;44376116.0000
134.3455;368.7781;0.0000;636.3820;44376124.0000
135.3203;368.8034;0.0000;640.1797;44376136.0000
136.2950;369.8287;0.0000;640.2050;44376140.0000
137.2697;369.8539;0.3034;631.4579;44376148.0000
137.2697;369.8792;0.0000;639.2050;44376156.0000
138.2444;369.9045;0.3034;638.2556;44376160.0000
139.2191;370.9045;0.0000;637.2556;44376164.0000
140.1938;370.9298;0.0000;639.2050;44376172.0000
141.1686;370.9551;0.3034;636.3062;44376180.0000
142.1432;370.9803;0.0000;635.3062;44376188.0000
143.1180;371.9803;0.0000;640.2050;44376192.0000
144.0927;372.0056;0.0000;632.4579;44376196.0000
144.0927;372.0309;0.0000;634.2809;44376204.0000
145.0674;372.0562;0.0000;639.3314;44376212.0000
146.0422;373.0562;0.0000;634.3820;44376224.0000
147.0168;373.0814;0.0000;637.2809;44376232.0000
147.0168;373.1068;0.0000;636.3567;44376236.0000
147.9663;373.1320;11.6966;634.3314;44376248.0000
148.9410;373.1573;0.0000;639.3062;44376256.0000
149.9157;373.1826;0.0000;634.4073;44376264.0000
150.8905;374.1826;0.0000;634.3820;44376268.0000
150.8905;374.2079;0.0000;639.3314;44376272.0000
152.8399;374.2332;0.0000;635.4832;44376280.0000
153.8146;374.2332;0.0000;636.3820;44376288.0000
154.7893;375.2332;0.0000;638.4072;44376292.0000
155.7641;375.2584;0.0000;630.6600;44376300.0000
157.7135;375.2837;0.0000;637.3567;44376308.0000
158.6882;376.2837;0.0000;636.4579;44376312.0000
159.6629;376.3090;0.0000;634.5084;44376320.0000
161.6123;376.3343;0.0000;638.4072;44376324.0000
162.5871;377.3343;0.0000;634.5589;44376332.0000
163.5618;377.3596;0.0000;632.6095;44376344.0000
165.5112;377.3596;0.0000;636.5084;44376352.0000
166.4860;377.3848;0.0000;630.6853;44376364.0000
168.4607;378.3848;0.0000;631.6348;44376368.0000
169.4354;378.4354;0.0000;624.8370;44376376.0000
171.3848;379.4354;0.0000;627.8370;44376384.0000
173.3343;379.4606;0.0000;632.5589;44376392.0000
175.2837;380.4607;0.0000;631.7359;44376392.0000
176.2584;380.4860;0.0000;624.8624;44376400.0000
178.2332;380.5112;0.0000;630.7106;44376408.0000
180.1826;381.5112;0.0000;627.8876;44376416.0000
182.1320;381.5365;0.0000;627.7612;44376424.0000
184.0815;381.5618;11.6966;632.6853;44376424.0000
186.0562;381.5871;0.0000;624.9635;44376432.0000
188.0056;381.6124;0.0000;626.8370;44376440.0000
188.9803;381.6376;0.0000;630.8117;44376452.0000
190.9551;381.6882;0.0000;625.0140;44376460.0000
192.9045;381.7135;0.0000;627.8622;44376464.0000
194.8792;381.7388;0.0000;625.9886;44376468.0000
196.8287;381.7641;0.0000;625.0393;44376476.0000
198.7781;381.7893;0.0000;627.8876;44376484.0000
200.7528;381.8146;0.0000;626.0646;44376492.0000
202.7022;381.8399;11.6966;624.9888;44376500.0000
204.6517;381.8652;0.3034;628.9381;44376508.0000
206.6264;381.8905;0.0000;624.1910;44376512.0000
208.5758;381.9157;0.0000;625.1151;44376520.0000
210.5253;381.9410;0.0000;625.1404;44376524.0000
212.5000;380.9916;0.0000;622.2162;44376532.0000
214.4494;381.0168;0.0000;624.1404;44376540.0000
216.3989;380.0674;11.6966;626.0898;44376544.0000
218.3736;380.0927;0.0000;619.2162;44376552.0000
220.3230;379.1685;0.0000;625.1151;44376556.0000
222.2725;379.1938;11.6966;623.1657;44376564.0000
224.2472;379.2191;0.0000;620.2415;44376576.0000
226.1966;378.2697;0.0000;625.0898;44376588.0000
228.1714;378.2950;0.0000;622.2415;44376588.0000
230.1208;378.3203;0.0000;622.1657;44376596.0000
232.0955;377.3708;0.0000;626.1656;44376604.0000
234.0450;377.3961;0.0000;621.3427;44376612.0000
235.9944;377.4214;0.0000;624.2162;44376624.0000
236.9944;376.4719;0.0000;625.2162;44376624.0000
238.9438;376.5225;0.0000;620.2921;44376632.0000
240.8932;375.5731;0.0000;625.1404;44376640.0000
241.8932;375.5983;11.6966;625.2162;44376648.0000
243.8427;374.6489;0.0000;623.2162;44376652.0000
245.8174;374.6741;0.0000;626.0898;44376660.0000
246.7922;373.7247;0.0000;619.3679;44376664.0000
248.7668;373.7500;0.0000;620.3174;44376672.0000
250.7163;372.8258;0.0000;625.1657;44376684.0000
251.7163;372.8511;0.0000;621.3174;44376688.0000
253.6910;371.9017;0.0000;622.1910;44376700.0000
255.6404;371.9522;0.0000;626.1656;44376708.0000
256.6404;371.9775;0.0000;621.3174;44376712.0000
257.6404;371.0281;0.0000;623.2415;44376720.0000
259.5899;371.0786;0.0000;624.2416;44376724.0000
260.5899;371.1039;0.0000;620.3174;44376732.0000
261.5646;370.1798;0.0000;625.1404;44376740.0000
262.5646;370.2051;0.0000;622.2668;44376748.0000
263.5646;370.2303;0.0000;620.2162;44376752.0000
264.5394;370.2809;0.0000;626.1656;44376760.0000
266.5140;369.3315;0.0000;619.3679;44376768.0000
267.5141;369.3567;0.0000;622.2415;44376776.0000
268.5140;369.4073;0.0000;625.1404;44376780.0000
269.5140;369.4326;0.0000;619.3427;44376784.0000
270.5140;368.4832;0.0000;625.0898;44376792.0000
271.4888;368.5338;11.6966;624.2162;44376804.0000
272.4888;368.5590;0.3034;620.3174;44376816.0000
273.4888;368.5843;0.0000;623.1657;44376824.0000
274.4888;367.6601;0.0000;622.1910;44376824.0000
276.4635;367.6854;0.0000;620.2415;44376832.0000
277.4635;367.7107;0.0000;625.0898;44376840.0000
278.4382;367.7360;0.0000;619.3174;44376848.0000
279.4382;367.7865;0.0000;624.1404;44376852.0000
280.4382;367.8118;0.0000;625.1404;44376856.0000
282.4129;367.8371;0.0000;619.3427;44376864.0000
283.4130;367.8876;0.0000;623.2162;44376876.0000
284.4130;366.9382;0.0000;624.2416;44376884.0000
285.4130;366.9635;0.0000;619.3174;44376888.0000
286.4130;366.9888;0.0000;625.1151;44376896.0000
287.4130;366.0393;0.0000;622.2668;44376900.0000
288.4130;366.0898;0.0000;619.2921;44376908.0000
289.4130;366.1151;11.6966;624.2162;44376920.0000
289.4382;366.1404;0.0000;619.3174;44376924.0000
290.4382;365.1910;0.0000;621.2162;44376932.0000
291.4382;365.2162;0.0000;624.1404;44376940.0000
292.4382;364.2668;0.0000;619.3679;44376944.0000
293.4382;364.2921;0.0000;619.2415;44376948.0000
294.4129;364.3174;0.0000;623.2415;44376956.0000
295.4129;363.3679;0.0000;617.3427;44376964.0000
296.4130;363.3932;0.0000;622.1910;44376972.0000
297.4130;362.4438;0.0000;622.2415;44376976.0000
298.3877;362.4438;0.0000;619.2668;44376980.0000
299.3877;361.4943;0.0000;624.1404;44376988.0000
300.3877;361.5197;0.0000;618.3427;44376996.0000
301.3624;361.5449;0.0000;619.1910;44377004.0000
302.3624;360.5702;0.0000;626.0898;44377004.0000
303.3371;360.5955;0.0000;619.3174;44377012.0000
305.3118;359.6461;0.0000;623.1657;44377020.0000
306.3118;359.6713;0.0000;624.1910;44377036.0000
307.2865;358.7219;0.0000;619.3174;44377044.0000
308.2865;358.7472;0.0000;624.1151;44377048.0000
309.2865;357.7978;0.0000;624.1404;44377052.0000
310.2865;357.8231;0.0000;620.2415;44377060.0000
311.2865;356.8483;0.0000;622.1657;44377068.0000
312.2865;356.8989;0.0000;618.3174;44377076.0000
314.2613;355.9241;0.0000;622.1151;44377080.0000
315.2613;354.9747;0.0000;624.1404;44377088.0000
316.2612;354.9747;0.0000;619.2668;44377092.0000
318.2359;354.0253;0.0000;622.1657;44377100.0000
319.2613;353.0759;0.0000;623.1657;44377104.0000
320.2613;352.1264;0.0000;619.2668;44377112.0000
322.2359;351.1769;0.0000;623.1404;44377120.0000
323.2359;351.1769;0.0000;622.1910;44377128.0000
325.2107;350.2275;0.0000;619.1910;44377136.0000
326.2360;349.2781;0.0000;624.1404;44377140.0000
328.2107;348.3033;0.0000;621.2668;44377156.0000
330.2107;347.3539;0.0000;620.2415;44377164.0000
331.2360;346.4045;0.0000;625.0646;44377172.0000
332.2360;345.4297;0.0000;619.3174;44377172.0000
334.2359;343.5056;0.0000;620.1910;44377180.0000
336.2360;342.5309;0.0000;625.1151;44377188.0000
337.2360;341.5814;0.0000;617.3427;44377196.0000
339.2360;340.6320;0.0000;623.1151;44377204.0000
340.2360;339.6826;0.0000;623.1910;44377204.0000
342.2360;338.7331;0.0000;619.2668;44377212.0000
343.2360;336.7837;0.0000;622.1910;44377220.0000
344.2612;335.8342;0.0000;621.2668;44377228.0000
346.2359;334.8848;0.0000;619.2668;44377236.0000
347.2613;332.9607;0.0000;625.1151;44377240.0000
348.2613;332.0112;0.0000;618.3680;44377244.0000
350.2613;330.0618;0.0000;621.2162;44377256.0000
351.2613;329.1124;0.0000;624.1151;44377272.0000
352.2865;328.1629;0.0000;617.3679;44377280.0000
353.3118;326.2135;0.0000;622.1910;44377284.0000
355.3118;325.2640;0.0000;622.2668;44377292.0000
356.3118;323.3146;0.0000;617.3679;44377296.0000
357.3371;322.3652;0.0000;622.1910;44377304.0000
358.3624;320.4157;0.0000;622.3174;44377308.0000
359.3877;318.4916;11.6966;620.2668;44377316.0000
361.3877;317.5421;0.0000;622.2415;44377324.0000
362.3877;315.5927;0.0000;618.4185;44377328.0000
363.4130;314.6432;0.0000;619.3427;44377336.0000
365.4130;312.6938;0.0000;624.2162;44377340.0000
366.4382;310.7697;0.0000;617.3427;44377348.0000
367.4635;309.7949;0.0000;621.2668;44377356.0000
368.4888;307.8708;0.0000;624.2162;44377360.0000
369.5141;305.9213;0.0000;616.4185;44377364.0000
370.5393;303.9971;0.0000;622.2415;44377376.0000
371.5394;302.0477;0.0000;619.3932;44377392.0000
371.5899;301.0730;0.0000;619.3427;44377400.0000
372.6152;299.1236;0.0000;622.2668;44377408.0000
374.5899;297.1994;0.0000;618.4438;44377408.0000
375.6152;296.2247;0.0000;619.3679;44377416.0000
376.6152;294.3005;0.0000;624.2162;44377424.0000
377.6404;293.3258;0.0000;620.3932;44377432.0000
378.6404;291.4017;0.0000;620.3174;44377440.0000
379.6658;289.4522;0.0000;622.3174;44377444.0000
380.6910;288.4775;0.0000;617.4691;44377448.0000
381.6910;286.5281;0.0000;620.3680;44377456.0000
382.7163;284.5786;0.0000;622.3679;44377464.0000
383.7416;282.6545;0.0000;618.4944;44377468.0000
383.7668;281.6797;0.0000;623.3174;44377476.0000
384.7921;279.7303;0.0000;619.4438;44377480.0000
385.8174;277.8062;0.0000;619.4185;44377488.0000
386.8174;275.8568;0.0000;624.2921;44377496.0000
387.8427;274.8820;0.0000;619.4691;44377500.0000
388.8427;272.9326;0.0000;620.3174;44377516.0000
389.8680;271.9832;11.6966;624.3427;44377524.0000
390.8680;270.0337;0.0000;618.5197;44377528.0000
390.8932;268.0842;0.0000;622.3174;44377532.0000
391.9185;267.1095;0.0000;622.3932;44377540.0000
392.9185;265.1854;0.0000;618.4944;44377548.0000
392.9691;263.2359;0.0000;620.3427;44377556.0000
393.9691;262.2612;0.0000;621.3932;44377560.0000
394.9691;260.3118;0.0000;620.4438;44377564.0000
395.0197;258.3623;0.0000;625.3427;44377572.0000
396.0197;256.4129;0.0000;619.5449;44377580.0000
396.0702;255.4382;0.0000;622.4186;44377588.0000
397.0702;253.4887;0.0000;625.3680;44377592.0000
397.1208;251.5393;0.0000;619.5449;44377600.0000
398.1208;250.5646;0.0000;625.3174;44377608.0000
398.1461;248.6151;0.0000;625.4186;44377620.0000
399.1713;246.6657;0.0000;622.4691;44377628.0000
399.1966;245.6909;0.0000;627.2921;44377636.0000
399.2472;243.7415;0.0000;627.3679;44377640.0000
399.2725;241.7921;0.0000;628.2668;44377648.0000
399.3230;239.8427;0.0000;631.2162;44377656.0000
398.3989;237.8932;0.0000;627.3427;44377664.0000
398.4241;235.9438;11.6966;628.2921;44377668.0000
397.5000;233.9944;0.0000;635.1657;44377676.0000
397.5506;232.0449;11.6966;626.4185;44377680.0000
397.5758;231.0702;0.0000;631.2415;44377688.0000
396.6517;229.1208;11.6966;635.2162;44377696.0000
396.7022;228.1461;11.6966;626.3932;44377700.0000
396.7528;226.1713;11.6966;631.2668;44377708.0000
395.8034;225.1966;0.0000;631.2921;44377716.0000
395.8539;224.2219;11.6966;627.3932;44377724.0000
395.9045;222.2725;0.0000;635.1657;44377728.0000
395.9298;221.2725;0.0000;627.4185;44377740.0000
395.9803;220.2977;0.0000;628.3932;44377748.0000
395.0562;218.3230;0.0000;622.5701;44377756.0000
395.1068;217.3483;0.0000;635.2921;44377760.0000
395.1573;216.3736;0.0000;638.1404;44377764.0000
395.2079;215.3736;0.0000;643.0646;44377776.0000
394.2584;214.3989;0.0000;636.2668;44377784.0000
394.3090;212.4241;0.0000;641.0898;44377792.0000
394.3596;212.4241;0.0000;641.1910;44377800.0000
394.4101;211.4241;0.0000;637.2921;44377800.0000
394.4354;210.4494;0.0000;643.0898;44377808.0000
394.5112;209.4494;0.0000;640.2415;44377816.0000
394.5618;209.4241;0.0000;640.2668;44377824.0000
394.5871;208.4494;0.0000;644.1151;44377832.0000
394.6376;207.4494;0.0000;640.2668;44377836.0000
394.6882;207.4241;0.0000;641.1910;44377848.0000
394.7135;206.4494;0.0000;645.1657;44377856.0000
394.7641;206.4241;0.0000;640.3174;44377864.0000
394.8146;206.3989;0.0000;643.1657;44377868.0000
394.8399;206.3736;0.0000;639.3427;44377876.0000
394.8904;206.3483;0.0000;622.7471;44377880.0000
394.9157;206.3230;0.3034;589.5814;44377888.0000
393.9916;206.2977;0.0000;538.9971;44377892.0000
394.0422;206.2725;0.3034;436.6011;44377900.0000
394.0674;205.2725;0.0000;27.1937;44377908.0000
7.1544;9.3286;0.0000;24.3960;43808540.0000
7.1798;9.3033;0.0000;24.3454;43808540.0000
7.2303;9.2781;0.0000;24.3960;43808540.0000
7.2808;9.2275;0.0000;24.3960;43808540.0000
7.3062;9.2022;0.0000;24.3454;43808540.0000
7.3567;9.1769;0.0000;24.3960;43808540.0000
7.4073;9.1517;0.0000;24.4213;43808540.0000
7.4326;9.1264;0.0000;24.3960;43808540.0000
7.4831;9.1011;0.0000;24.4465;43808540.0000
7.5084;9.0758;0.0000;24.3960;43808540.0000
7.5589;9.0505;0.0000;24.4718;43808540.0000
7.6095;9.0252;0.0000;24.5224;43808540.0000
7.6601;8.9747;0.0000;24.4213;43808540.0000
7.7107;8.9494;0.0000;24.4718;43808540.0000
7.7359;8.9241;0.0000;24.5477;43808540.0000
7.7865;8.8736;0.0000;24.4213;43808540.0000
7.8370;8.8483;0.0000;24.5477;43808540.0000
7.8624;8.8230;0.0000;24.5477;43808540.0000
7.9129;8.7977;0.0000;24.4718;43808540.0000
7.9382;8.7472;0.0000;24.5477;43808540.0000
7.9887;8.7472;0.0000;24.4718;43808540.0000
8.0140;8.6966;0.0000;24.4465;43808540.0000
8.0646;8.6966;0.0000;24.5982;43808540.0000
8.0898;8.6713;0.0000;24.4971;43808540.0000
8.1404;8.6460;0.0000;24.5477;43808540.0000
8.1657;8.6208;0.0000;24.5477;43808540.0000
8.2163;8.5702;0.0000;24.4971;43808540.0000
8.2668;8.5449;0.0000;24.5477;43808540.0000
8.3174;8.5196;0.0000;24.5477;43808540.0000
8.3427;8.4691;0.0000;24.5477;43808540.0000
8.3932;8.4185;0.0000;24.6235;43808540.0000
8.4438;8.3932;0.0000;24.5730;43808540.0000
8.4691;8.3427;0.0000;24.5982;43808540.0000
8.4943;8.3174;0.0000;24.6994;43808540.0000
8.5449;8.2921;0.0000;24.5477;43808544.0000
8.5702;8.2668;0.0000;24.6235;43808544.0000
8.5955;8.2163;0.0000;24.5982;43808544.0000
8.6460;8.1910;0.3034;24.5982;43808544.0000
8.6713;8.1657;0.0000;24.6488;43808544.0000
8.6966;8.1404;0.3034;24.6488;43808544.0000
8.7219;8.0898;0.0000;24.5982;43808544.0000
8.7724;8.0646;0.0000;24.6488;43808544.0000
8.7977;8.0140;0.0000;24.6235;43808544.0000
8.8230;7.9887;0.0000;24.6235;43808544.0000
8.8483;7.9634;0.0000;24.6994;43808544.0000
8.8988;7.9129;0.0000;24.5730;43808544.0000
8.9241;7.8876;0.0000;24.6488;43808544.0000
8.9494;7.8370;0.0000;24.6994;43808544.0000
8.9747;7.7865;0.0000;24.5982;43808544.0000
9.0000;7.7359;0.0000;24.6994;43808544.0000
9.0505;7.6853;0.0000;24.6741;43808544.0000
9.0758;7.6348;0.0000;24.5982;43808544.0000
9.1264;7.5843;0.0000;24.6994;43808548.0000
9.1517;7.5337;0.0000;24.6741;43808548.0000
9.2022;7.4831;0.0000;24.6488;43808548.0000
9.2275;7.4579;0.0000;24.7246;43808548.0000
9.2528;7.4073;0.0000;24.6741;43808548.0000
9.2781;7.3820;0.0000;24.6994;43808548.0000
9.3033;7.3567;0.0000;24.7246;43808548.0000
9.3539;7.3062;0.0000;24.6488;43808548.0000
9.3539;7.2808;0.0000;24.6994;43808548.0000
9.3792;7.2556;0.0000;24.7246;43808548.0000
9.4045;7.2050;0.0000;24.6994;43808548.0000
9.4297;7.1798;0.0000;24.7752;43808548.0000
9.4550;7.1292;0.0000;24.7499;43808548.0000
9.4803;7.0786;0.0000;24.7246;43808548.0000
9.5056;7.0534;0.3034;24.7752;43808548.0000
9.5056;7.0028;0.0000;24.7752;43808548.0000
9.5309;6.9522;0.3034;24.7752;43808548.0000
9.5562;6.9269;0.0000;24.8258;43808548.0000
9.5814;6.8764;0.0000;24.7752;43808552.0000
9.5814;6.8258;0.0000;24.8258;43808552.0000
9.6320;6.8005;0.0000;24.8258;43808552.0000
9.6320;6.7500;0.0000;24.5982;43808552.0000
9.6573;6.6994;0.0000;24.8510;43808552.0000
9.6826;6.6489;0.0000;24.8763;43808552.0000
9.7078;6.6236;0.0000;24.8510;43808552.0000
9.7078;6.5730;0.0000;24.9016;43808552.0000
9.7331;6.5225;0.0000;24.8510;43808552.0000
9.7584;6.4719;0.0000;24.8763;43808552.0000
9.7836;6.4466;0.0000;24.9269;43808552.0000
9.7836;6.3960;0.0000;24.8510;43808552.0000
9.8090;6.3708;0.0000;24.8258;43808552.0000
9.8342;6.3455;0.0000;24.9016;43808552.0000
9.8595;6.2949;0.0000;24.8510;43808552.0000
9.8595;6.2696;0.0000;24.8258;43808552.0000
9.8848;6.2444;0.0000;24.8763;43808552.0000
9.9101;6.1938;0.0000;24.8510;43808552.0000
9.9101;6.1685;0.0000;24.8763;43808552.0000
9.9353;6.1180;0.0000;24.8510;43808556.0000
9.9607;6.0927;0.0000;24.9269;43808556.0000
9.9607;6.0421;0.0000;24.9774;43808556.0000
9.9607;5.9915;0.0000;24.8510;43808556.0000
9.9607;5.9663;0.0000;24.8763;43808556.0000
9.9859;5.9157;0.0000;24.9269;43808556.0000
9.9859;5.8904;0.0000;24.8510;43808556.0000
9.9859;5.8399;0.0000;24.8510;43808556.0000
10.0112;5.7893;0.3034;24.9016;43808556.0000
10.0112;5.7641;0.0000;24.8763;43808556.0000
10.0365;5.7135;0.3034;24.8510;43808556.0000
10.0365;5.6882;0.0000;24.8005;43808556.0000
10.0365;5.6629;0.0000;24.8005;43808556.0000
10.0617;5.6376;0.0000;24.7752;43808556.0000
10.0617;5.6376;0.3034;24.8005;43808556.0000
10.0617;5.6123;0.0000;24.8510;43808556.0000
10.0617;5.5870;0.3034;24.8510;43808556.0000
10.0617;5.5870;0.0000;24.7752;43808556.0000
10.0617;5.5618;0.0000;24.8005;43808560.0000
10.0617;5.5365;0.0000;24.6994;43808560.0000
10.0617;5.4860;0.0000;24.5224;43808560.0000
10.0617;5.4606;0.0000;24.8258;43808560.0000
10.0871;5.4354;0.0000;24.4465;43808560.0000
10.0871;5.3848;0.0000;24.6235;43808560.0000
10.0871;5.3596;0.0000;24.6235;43808560.0000
10.0871;5.3342;0.0000;24.5224;43808560.0000
10.1123;5.3090;0.0000;24.5477;43808560.0000
10.1123;5.2837;0.0000;24.5982;43808560.0000
10.1123;5.2584;0.0000;24.4971;43808560.0000
10.1123;5.2331;0.0000;24.5477;43808560.0000
10.1123;5.2078;0.0000;24.5477;43808560.0000
10.1123;5.1825;0.0000;24.4213;43808560.0000
10.1123;5.1573;0.0000;24.4718;43808560.0000
10.1376;5.1320;0.0000;24.4213;43808560.0000
10.1376;5.1067;0.0000;24.3707;43808560.0000
10.1376;5.0815;0.0000;24.3454;43808560.0000
10.1376;5.0815;0.0000;24.3454;43808560.0000
10.1376;5.0815;0.0000;24.3960;43808560.0000
10.1376;5.0815;0.0000;24.4465;43808560.0000
10.1376;5.0815;0.0000;24.3454;43808560.0000
10.1376;5.0561;0.0000;24.3707;43808560.0000
10.1376;5.0561;0.0000;24.3201;43808560.0000
10.1376;5.0561;0.0000;24.1937;43808560.0000
10.1376;5.0561;0.0000;24.0168;43808560.0000
10.1123;5.0561;0.0000;23.7134;43808560.0000
10.1123;5.0561;0.0000;23.3089;43808560.0000
10.1123;5.0561;0.0000;23.0056;43808560.0000
10.1123;5.0561;0.0000;22.2977;43808560.0000
10.1123;5.0561;0.0000;21.2106;43808560.0000
10.1123;5.0561;0.0000;19.6179;43808560.0000
10.1123;5.0561;0.3034;16.3061;43808560.0000
10.0871;5.0561;0.6067;10.0112;43808560.0000
10.0871;5.0561;0.9101;4.7781;43808560.0000
15.5224;-0.4045;0.0000;10.0617;43808588.0000
15.5224;-0.4298;0.0000;10.1376;43808588.0000
15.5224;-0.4298;0.0000;10.1629;43808588.0000
15.5224;-0.4298;0.0000;10.7191;43808588.0000
15.5224;-0.4298;0.0000;11.4522;43808588.0000
15.5224;-0.4298;0.0000;11.7556;43808588.0000
15.5224;-0.4298;0.0000;11.6797;43808588.0000
15.5224;-0.4298;0.0000;11.2500;43808588.0000
15.5224;-0.4045;0.0000;10.0112;43808588.0000
15.5224;-0.4045;0.0000;3.7921;43808588.0000
