200.8345;202.1655;0.0000;91.9647;0.0000
200.8345;202.1655;0.0000;225.1382;7.0000
200.8345;202.1655;0.0000;232.1310;14.0000
200.8345;202.1655;0.0000;254.1455;21.0000
200.8345;202.1655;0.0000;305.1888;28.0000
200.8345;202.1655;0.0000;349.3977;35.0000
200.8345;202.1655;0.0000;375.2539;42.0000
200.8345;202.1655;0.0000;396.4339;49.0000
200.8345;202.1655;0.0000;417.7937;56.0000
201.6691;202.1655;0.0000;438.6499;63.0000
201.6691;202.1655;0.0000;456.9953;70.1655
201.6691;202.1655;0.0000;473.1825;77.1655
202.5036;202.1655;0.0000;489.6933;84.1655
202.5036;202.1655;0.0000;500.3696;91.1655
203.3382;201.3309;0.0000;512.7222;98.1655
203.3382;201.3309;0.0000;523.5640;105.1655
204.1727;201.3309;0.0000;531.5712;112.1655
204.1727;200.4964;0.0000;542.4203;119.1655
204.1727;200.4964;0.0000;548.4202;126.1655
205.0072;200.4964;0.0000;555.4347;133.1655
205.0072;200.4964;0.0000;564.1110;141.0000
205.8418;199.6619;0.0000;567.7801;148.0000
205.8418;199.6619;0.0000;574.6291;155.0000
206.6763;198.8273;0.0000;579.2982;162.0000
206.6763;198.8273;0.0000;581.2982;169.0000
206.6763;198.8273;0.0000;584.8090;176.0000
207.5108;197.9928;0.0000;587.3054;183.0000
207.5108;197.1582;0.0000;588.1400;190.0000
207.5108;197.1582;0.0000;591.9817;197.0000
207.5108;196.3237;0.0000;592.3126;204.0000
207.5108;196.3237;0.0000;594.4853;211.0000
207.5108;195.4892;0.0000;599.3271;218.0000
207.5108;195.4892;0.0000;600.3198;225.0000
207.5108;195.4892;0.0000;603.4998;232.0000
207.5108;194.6546;0.0000;607.3344;239.0000
207.5108;194.6546;0.0000;605.6653;246.0000
207.5108;194.6546;0.0000;609.3416;253.0000
207.5108;193.8201;0.0000;611.5070;260.1655
207.5108;193.8201;0.0000;609.6725;267.1655
207.5108;192.9855;0.0000;611.0106;274.1655
207.5108;192.9855;0.0000;612.3416;281.1655
207.5108;192.9855;0.0000;614.3488;288.1655
207.5108;192.1510;0.0000;618.6869;295.1655
207.5108;192.1510;0.0000;618.6797;302.1655
206.6763;192.1510;0.0000;621.1906;309.1655
206.6763;191.3165;0.0000;623.8596;316.1655
206.6763;191.3165;0.0000;623.3560;324.0000
206.6763;191.3165;0.0000;627.0323;331.0000
206.6763;191.3165;0.0000;627.3632;338.0000
206.6763;190.4819;0.0000;627.0251;345.0000
206.6763;190.4819;0.0000;629.8669;352.0000
205.8418;190.4819;0.0000;630.5287;359.0000
205.8418;189.6474;0.0000;630.8669;366.0000
205.8418;189.6474;0.0000;632.3705;373.0000
205.8418;189.6474;0.0000;633.0323;380.0000
205.0072;189.6474;0.0000;634.8741;387.0000
205.0072;188.8128;0.0000;637.3777;394.0000
205.0072;188.8128;0.0000;635.5359;401.0000
204.1727;188.8128;0.0000;640.3849;408.0000
204.1727;188.8128;0.0000;638.0396;415.0000
204.1727;188.8128;0.0000;640.5432;422.0000
204.1727;187.9783;0.0000;640.7158;429.0000
203.3382;187.9783;0.0000;641.3777;436.0000
203.3382;187.9783;0.0000;640.8813;443.1655
203.3382;187.9783;0.0000;642.2195;450.1655
203.3382;187.9783;0.0000;642.5504;457.1655
203.3382;187.9783;0.0000;643.5576;464.1655
202.5036;187.1438;0.0000;645.3922;471.1655
202.5036;187.1438;0.0000;643.2195;478.1655
201.6691;187.1438;0.0000;646.7303;485.1655
201.6691;187.1438;0.0000;646.5576;492.1655
200.8345;187.1438;0.0000;645.8885;499.1655
200.8345;187.1438;0.0000;647.7303;506.1655
200.8345;187.1438;0.0000;649.8958;514.0000
200.0000;187.1438;0.0000;649.8958;521.0000
200.0000;186.3092;0.0000;652.7375;528.0000
199.1655;186.3092;0.0000;652.5648;535.0000
199.1655;186.1438;0.0000;654.5721;542.0000
199.1655;186.1438;0.0000;657.2411;549.0000
198.3309;186.1438;0.0000;656.2339;556.0000
198.3309;186.1438;0.0000;657.7448;563.0000
198.3309;185.3092;0.0000;659.0757;570.0000
197.4964;185.3092;0.0000;657.9030;577.0000
197.4964;185.3092;0.0000;659.4139;584.0000
196.6618;185.3092;0.0000;660.5793;591.0000
196.6618;185.3092;0.0000;659.9103;598.0000
195.8273;185.3092;0.0000;662.0829;605.0000
195.8273;185.3092;0.0000;660.9103;612.0000
194.9928;185.3092;0.0000;662.0829;619.0000
194.9928;185.3092;0.0000;666.5865;626.1655
194.9928;185.4747;0.0000;665.0757;633.1655
194.1582;185.4747;0.0000;665.0757;640.1655
194.1582;185.4747;0.0000;669.4066;647.1655
194.1582;185.4747;0.0000;667.5648;654.1655
193.3237;185.4747;0.0000;669.4066;661.1655
193.3237;185.4747;0.0000;667.5648;668.1655
193.3237;185.4747;0.0000;669.3994;675.1655
192.4892;185.4747;0.0000;671.9030;682.1655
192.4892;185.4747;0.0000;668.7231;689.1655
191.6546;185.4747;0.0000;670.0612;697.0000
191.6546;185.4747;0.0000;673.5648;704.0001
191.6546;185.4747;0.0000;671.8885;711.0000
190.8201;185.4747;0.0000;673.0612;718.0000
190.8201;185.4747;0.0000;673.2267;725.0000
189.9855;186.3092;0.0000;672.2195;732.0001
189.9855;186.3092;0.0000;674.2267;739.0000
189.9855;186.3092;0.0000;675.7230;746.0000
189.1510;186.3092;0.0000;674.0540;753.0000
189.1510;186.3092;0.0000;674.2267;760.0000
188.3165;186.1438;0.0000;676.0540;767.0001
188.4819;186.1438;0.0000;676.7230;774.0000
188.4819;186.1438;0.0000;678.8958;781.0000
187.6474;186.1438;0.0000;676.8885;788.0000
187.6474;186.1438;0.0000;677.2267;795.0001
187.6474;186.1438;0.0000;681.5648;802.0000
187.4819;186.1438;0.0000;677.5648;809.0000
187.4819;186.1438;0.0000;679.0901;816.1655
186.6474;186.1438;0.0000;678.4355;823.1655
186.6474;186.1438;0.0000;673.6227;830.1655
185.8129;186.1438;0.0000;670.6589;837.1655
185.8129;186.9783;0.0000;662.7167;844.1655
185.6474;186.8129;0.0000;654.0983;906.7606
185.6474;186.8129;0.0000;661.1055;913.7606
185.6474;186.8129;0.0000;656.0837;920.7606
184.8129;186.8129;0.0000;658.0765;927.7606
184.8129;187.6474;0.0000;661.4147;935.5951
183.9783;187.6474;0.0000;658.9111;942.5951
183.9783;188.4819;0.0000;664.3930;949.5951
183.9783;188.4819;0.0000;667.7023;956.5951
183.1438;188.4819;0.0000;667.5079;963.5951
183.1438;189.3165;0.0000;674.9898;970.5951
182.4747;189.3165;0.0000;675.1480;977.7606
182.4747;189.3165;0.0000;676.1408;984.7606
182.4747;189.3165;0.0000;678.9753;991.7606
182.4747;190.1510;0.0000;676.4717;998.7606
181.6402;190.1510;0.0000;678.2990;1005.7606
181.6402;190.1510;0.0000;680.1335;1012.7606
180.8056;190.1510;0.0000;677.9609;1019.7606
180.8056;190.9855;0.0000;681.7881;1026.7606
180.8056;190.9855;0.0000;681.6227;1033.7606
180.8056;190.9855;0.0000;680.9464;1040.7605
179.9711;190.9855;0.0000;683.4428;1047.7606
179.9711;191.8201;0.0000;683.1119;1054.7606
179.1365;191.8201;0.0000;682.7665;1061.7606
179.1365;191.8201;0.0000;684.9319;1068.7605
179.1365;192.6546;0.0000;682.2629;1075.7606
179.1365;192.6546;0.0000;684.5938;1082.7606
178.3020;192.6546;0.0000;684.7593;1089.7606
178.3020;193.4892;0.0000;683.5938;1096.7605
178.3020;193.6546;0.0000;685.2557;1103.7605
177.4675;193.6546;0.0000;687.0974;1110.7606
177.4675;194.4892;0.0000;683.9247;1117.7606
177.4675;194.4892;0.0000;687.7593;1125.5951
177.4675;194.4892;0.0000;687.0974;1132.5951
176.7984;195.3237;0.0000;686.0902;1139.5951
176.7984;195.3237;0.0000;688.2557;1146.5951
176.7984;195.3237;0.0000;687.2629;1153.5952
175.9638;196.1582;0.0000;688.2557;1160.7605
175.9638;196.1582;0.0000;689.9247;1167.7606
175.9638;196.1582;0.0000;688.2557;1174.7606
175.1293;196.9928;0.0000;690.9175;1181.7606
175.1293;196.9928;0.0000;690.4211;1188.7605
175.1293;197.8273;0.0000;687.5793;1195.7606
174.2948;197.8273;0.0000;692.0757;1202.7606
174.2948;197.8273;0.0000;690.5793;1209.7606
174.2948;198.6619;0.0000;690.0757;1216.7605
174.4602;198.6619;0.0000;691.2412;1223.7606
173.6257;199.4964;0.0000;689.4139;1230.7606
173.6257;200.3309;0.0000;690.2412;1237.7606
173.6257;200.3309;0.0000;692.9103;1244.7606
172.9566;201.1655;0.0000;690.4067;1251.7605
172.9566;202.0000;0.0000;692.0685;1258.7606
172.9566;201.8345;0.0000;693.5649;1265.7606
172.9566;202.6691;0.0000;692.5577;1272.7606
172.1221;202.5036;0.0000;694.8885;1279.7605
172.1221;203.3382;0.0000;693.8885;1286.7606
172.2876;204.0072;0.0000;692.0468;1293.7606
172.2876;204.0072;0.0000;695.0468;1300.7606
172.2876;204.6763;0.0000;693.7159;1308.5951
172.2876;204.6763;0.0000;695.5432;1315.5951
171.4530;205.5109;10.0145;696.5432;1322.5952
171.4530;205.3454;0.0000;694.3777;1329.5952
171.4530;206.1799;0.0000;696.0396;1336.5951
171.6185;206.1799;0.0000;698.8813;1343.7606
171.6185;206.0145;0.0000;694.7086;1350.7605
171.6185;206.8490;0.0000;696.8741;1357.7606
171.6185;207.5181;10.0145;695.7086;1364.7606
171.6185;207.3526;0.0000;693.2050;1371.7605
170.9494;208.1872;0.0000;698.5432;1378.7606
170.9494;208.8562;0.0000;696.3777;1385.7606
170.9494;209.6908;10.0145;696.0396;1392.7606
170.9494;209.5253;0.0000;697.7087;1399.7605
170.9494;210.3599;0.0000;696.5432;1406.7606
170.9494;210.3599;0.0000;696.2050;1413.7605
170.9494;211.0289;0.0000;698.5432;1420.7605
170.9494;211.0289;0.0000;695.8741;1427.7605
170.9494;211.8635;10.0145;698.2051;1434.7606
170.9494;211.8635;0.0000;699.3777;1441.7606
170.7840;212.5326;0.0000;697.0396;1448.7606
170.7840;212.5326;0.0000;699.5359;1455.7606
171.4530;213.2016;0.0000;699.3777;1462.7606
171.2876;213.2016;10.0145;700.3705;1469.7606
171.1221;213.8707;0.0000;703.2050;1476.7605
170.9566;214.7052;10.0145;705.7086;1483.7605
170.7912;214.5398;0.0000;699.5215;1491.5951
170.6257;215.2088;0.0000;709.0178;1498.5951
170.4602;215.8779;0.0000;707.1617;1505.5952
170.2948;215.8779;0.0000;711.4781;1512.5952
170.2948;216.5470;0.0000;713.9744;1519.5952
170.1293;216.5470;0.0000;712.4636;1526.5952
170.1293;217.3815;0.0000;716.6291;1533.7605
169.9638;217.3815;0.0000;715.6363;1540.7605
170.7984;218.2161;0.0000;716.2982;1547.7605
170.7984;218.2161;0.0000;719.1327;1554.7606
170.7984;219.0506;0.0000;716.6363;1561.7606
170.7984;219.8852;0.0000;719.1327;1568.7606
170.7984;219.8852;0.0000;721.3054;1575.7606
171.4675;219.8852;0.0000;717.9672;1582.7606
171.4675;220.7197;0.0000;721.1327;1589.7606
171.4675;220.7197;0.0000;721.3054;1596.7605
171.3020;220.7197;0.0000;720.1327;1603.7605
171.9711;221.5542;0.0000;724.1327;1610.7606
171.9711;221.5542;0.0000;721.9672;1617.7606
171.8056;222.3888;0.0000;723.2982;1624.7606
171.6402;222.3888;10.0145;726.4636;1631.7606
171.4747;223.2233;0.0000;722.7946;1638.7606
171.4747;224.0578;0.0000;726.1254;1645.7606
172.1438;224.0578;0.0000;728.4564;1652.7605
171.9783;224.0578;0.0000;726.7874;1659.7605
171.8129;224.7269;0.0000;730.1183;1666.7605
172.4819;224.7269;10.0145;731.7874;1674.5951
172.1510;224.7269;0.0000;730.7801;1681.5951
171.9855;225.5615;0.0000;734.6074;1688.5952
171.8201;225.5615;0.0000;735.4420;1695.5952
171.6546;226.3960;0.0000;735.2620;1702.5952
172.4892;226.3960;0.0000;739.9239;1709.5952
172.3237;227.2305;0.0000;737.4202;1716.7605
172.1582;227.2305;0.0000;738.2476;1723.7605
172.9928;228.2306;0.0000;741.9167;1730.7606
172.8273;228.2306;0.0000;739.7512;1737.7606
173.4964;228.3960;0.0000;741.5785;1744.7606
173.4964;229.2305;0.0000;744.4202;1751.7606
174.1655;229.3960;0.0000;744.4202;1758.7606
174.0000;230.2305;0.0000;746.9167;1765.7606
173.8345;230.3960;0.0000;748.0893;1772.7605
174.5036;231.2305;0.0000;746.5858;1779.7605
174.3382;231.3960;0.0000;750.4202;1786.7605
174.3382;232.2305;0.0000;749.9238;1793.7606
175.0072;232.3960;0.0000;750.4202;1800.7606
174.8418;232.3960;0.0000;752.7584;1807.7606
175.6763;233.3960;0.0000;749.0893;1814.7606
175.6763;233.3960;0.0000;752.0893;1821.7606
175.5108;234.3960;0.0000;753.4275;1828.7606
176.3454;234.3960;0.0000;751.5929;1835.7605
176.3454;235.3960;0.0000;755.0894;1842.7605
176.1799;235.5615;0.0000;754.0966;1849.7606
177.0145;236.3960;0.0000;753.5929;1856.7606
177.8490;236.5614;0.0000;756.5930;1864.5952
177.8490;237.5614;0.0000;754.9311;1871.5952
178.5181;237.5614;0.0000;754.7584;1878.5952
178.5181;237.7269;0.0000;757.2620;1885.5952
179.3526;237.7269;0.0000;755.0966;1892.5952
179.3526;238.7269;0.0000;758.0966;1899.7605
179.3526;238.8924;0.0000;759.6002;1906.7606
179.3526;238.8924;0.0000;756.9311;1913.7606
180.1872;239.8924;0.0000;760.0966;1920.7606
180.1872;240.0578;0.0000;760.9384;1927.7606
181.0217;241.0578;0.0000;758.6002;1934.7606
180.8562;241.2233;0.0000;755.0894;1941.7606
181.6908;241.2233;0.0000;761.6074;1948.7606
181.6908;241.3888;0.0000;761.6002;1955.7605
182.5253;241.5542;0.0000;764.9384;1962.7605
182.5253;242.3888;0.0000;761.7728;1969.7605
183.3598;242.5542;0.0000;762.4347;1976.7606
183.3598;242.7197;0.0000;766.2765;1983.7606
184.1944;242.7197;0.0000;764.4420;1990.7606
184.0289;242.8852;0.0000;766.7728;1997.7606
184.8635;243.0506;0.0000;768.6146;2004.7607
184.8635;243.2161;0.0000;765.6074;2011.7607
185.5325;244.2161;0.0000;768.6074;2018.7605
185.5325;244.3815;0.0000;767.9456;2025.7605
186.3671;244.5470;0.0000;767.6074;2032.7606
186.3671;244.7125;0.0000;770.4420;2039.7606
187.2016;244.8779;0.0000;768.7801;2047.5952
187.2016;244.8779;0.0000;769.2765;2054.5952
188.0362;245.0434;0.0000;771.7801;2061.5952
188.0362;245.2088;0.0000;769.7801;2068.5952
188.8707;245.3743;0.0000;770.6074;2075.5952
189.7052;245.3743;0.0000;773.4492;2082.5952
189.7052;245.5398;1.9855;773.4492;2089.7605
190.5398;245.7052;0.0000;774.6074;2096.7607
191.3743;245.7052;0.0000;772.9528;2103.7607
192.2088;245.8707;0.0000;773.4492;2110.7607
192.3743;246.0362;0.0000;775.6146;2117.7607
193.2088;246.0362;0.0000;774.9528;2124.7607
193.2088;247.0362;0.0000;774.1111;2131.7607
194.2088;247.2016;0.0000;777.4492;2138.7605
194.2088;247.3671;0.0000;775.2837;2145.7605
195.2088;247.5325;0.0000;777.1110;2152.7607
196.2088;247.6980;0.0000;778.1182;2159.7607
196.2088;247.8635;0.0000;776.4492;2166.7607
197.2088;248.0289;0.0000;779.2764;2173.7607
198.2088;248.0289;0.0000;778.6146;2180.7607
199.0434;248.1944;0.0000;778.7801;2187.7607
199.2088;248.3599;0.0000;781.1110;2194.7605
200.0434;248.5253;0.0000;779.7801;2201.7605
201.0434;248.6908;0.0000;779.9383;2208.7605
202.0434;248.8562;0.0000;783.6074;2215.7607
202.0434;249.0217;0.0000;781.4420;2222.7607
203.0434;249.1872;0.0000;782.4347;2230.5952
203.2088;249.3526;0.0000;784.7728;2237.5952
204.0434;249.3526;0.0000;781.4347;2244.5952
204.2088;249.5181;0.0000;785.7656;2251.5952
205.2088;249.6836;0.0000;784.9384;2258.5952
206.0434;249.6836;0.0000;783.6002;2265.5952
207.0434;249.8490;0.0000;786.7656;2272.7607
207.8779;249.0145;0.0000;785.7728;2279.7607
208.0434;249.1799;0.0000;786.6002;2286.7607
208.8779;249.3454;0.0000;786.6002;2293.7607
209.0434;249.3454;0.0000;786.1038;2300.7607
209.8779;249.5109;0.0000;787.6002;2307.7607
210.8779;249.5109;0.0000;789.7729;2314.7605
211.7125;248.8418;0.0000;787.1038;2321.7605
211.8779;249.0072;0.0000;790.2692;2328.7605
212.8779;249.0072;0.0000;789.4420;2335.7607
212.8779;249.1727;0.0000;786.4347;2342.7607
213.8779;249.1727;0.0000;792.1038;2349.7607
213.8779;249.3382;0.0000;788.6074;2356.7607
214.8779;248.5036;0.0000;790.2692;2363.7607
215.7125;248.6691;0.0000;791.9384;2370.7607
216.7125;248.6691;0.0000;788.9384;2377.7605
216.7125;248.8345;0.0000;789.4347;2384.7605
217.7125;248.0000;0.0000;793.2765;2391.7607
217.8779;248.0000;0.0000;790.6074;2398.7607
218.7125;248.1655;0.0000;793.7728;2405.7607
219.7125;248.1655;0.0000;787.2692;2412.7607
220.5470;247.4964;0.0000;794.2765;2420.5952
220.7125;247.4964;0.0000;796.6074;2427.5952
221.5470;247.4964;0.0000;793.9456;2434.5952
221.7125;246.8273;0.0000;791.9384;2441.5952
222.5470;246.8273;0.0000;797.2765;2448.5952
223.5470;246.9928;0.0000;795.4492;2455.7607
223.7125;246.1582;0.0000;796.9456;2462.7607
224.5470;246.3237;0.0000;797.7801;2469.7607
224.7125;246.3237;0.0000;796.6146;2476.7607
225.7125;245.6546;0.0000;799.7801;2483.7607
226.7125;244.8201;0.0000;798.2837;2490.7607
227.5470;244.8201;0.0000;796.9456;2497.7605
227.7125;244.9855;0.0000;799.9456;2504.7605
228.7125;244.1510;0.0000;798.2837;2511.7607
228.7125;244.1510;0.0000;796.9456;2518.7607
229.7125;243.3165;0.0000;799.9456;2525.7607
230.7125;243.4819;0.0000;798.2837;2532.7607
230.7125;242.6474;0.0000;799.9456;2539.7607
230.8779;242.6474;0.0000;801.6146;2546.7607
231.8779;242.6474;0.0000;799.4492;2553.7607
232.7125;241.8129;0.0000;800.1110;2560.7605
232.8779;241.9783;0.0000;801.9528;2567.7607
233.8779;241.9783;0.0000;801.2838;2574.7607
234.0434;241.1438;0.0000;804.4492;2581.7607
235.0434;240.3092;0.0000;805.2909;2588.7607
235.2088;240.3092;0.0000;804.1182;2595.7607
236.2088;240.3092;0.0000;805.9528;2603.5952
236.3743;239.4747;0.0000;805.2909;2610.5952
237.3743;239.4747;0.0000;806.6218;2617.5952
237.5398;238.6402;0.0000;808.4564;2624.5952
238.5398;238.6402;0.0000;807.1254;2631.5952
238.5398;237.8056;0.0000;810.4564;2638.5952
239.5398;237.6402;0.0000;811.6291;2645.7607
240.5398;236.8056;0.0000;809.6291;2652.7607
240.7052;236.8056;0.0000;813.1254;2659.7607
240.8707;235.9711;0.0000;813.2982;2666.7607
241.8707;235.9711;0.0000;812.7946;2673.7607
242.0362;235.1365;0.0000;816.7946;2680.7605
243.0362;235.1365;0.0000;815.9672;2687.7607
243.2016;234.3020;0.0000;818.4636;2694.7607
244.3671;234.3020;10.0145;819.2982;2701.7607
244.5325;233.4675;0.0000;817.2982;2708.7607
245.5325;233.4675;10.0145;821.4636;2715.7607
245.6980;233.4675;0.0000;822.6364;2722.7607
246.6980;232.6329;0.0000;817.4636;2729.7607
246.6980;231.6329;0.0000;822.4636;2736.7605
247.6980;231.6329;0.0000;824.1400;2743.7605
248.6980;230.7984;0.0000;819.2982;2750.7607
248.8635;230.7984;0.0000;825.1327;2757.7607
249.6980;229.9638;0.0000;824.1400;2764.7607
249.8635;228.9638;10.0145;824.2982;2771.7605
250.8635;228.1293;0.0000;827.6364;2778.7607
251.6980;228.1293;10.0145;825.4709;2786.5952
251.8635;227.1293;0.0000;829.3054;2793.5952
252.0290;226.2948;0.0000;830.8090;2800.5952
253.0290;226.2948;0.0000;826.4709;2807.5952
253.8635;225.2948;0.0000;827.9673;2814.5952
254.0290;224.4602;10.0145;828.8091;2821.5952
255.0289;223.4602;0.0000;822.4636;2828.7605
255.0289;223.4602;0.0000;835.9744;2835.7607
255.1944;222.4602;0.0000;824.9673;2842.7605
255.3599;222.4602;0.0000;829.9673;2849.7607
256.3598;221.4602;0.0000;832.9672;2856.7605
257.1944;220.6257;0.0000;830.4709;2863.7607
257.3598;219.6257;0.0000;832.8018;2870.7607
258.3598;218.7912;0.0000;836.3054;2877.7607
258.5253;217.7912;0.0000;832.4708;2884.7607
258.5253;217.7912;0.0000;836.6363;2891.7605
258.6908;216.7912;0.0000;835.9744;2898.7607
258.8562;215.7912;0.0000;834.9672;2905.7605
259.8562;214.9566;0.0000;838.2981;2912.7607
259.8562;213.9566;0.0000;837.6363;2919.7605
260.8562;213.9566;0.0000;837.6291;2926.7607
261.0217;212.9566;0.0000;839.6291;2933.7607
261.1872;212.1221;0.0000;836.9672;2940.7607
261.3526;211.9566;0.0000;838.1255;2947.7607
262.1872;211.1221;0.0000;841.2982;2954.7605
262.3526;210.1221;0.0000;838.6291;2961.7607
263.3526;209.1221;0.0000;840.4564;2968.7605
263.5181;208.1221;0.0000;840.6291;2976.5952
263.5181;207.1221;0.0000;840.2910;2983.5952
263.6836;206.2876;0.0000;841.9528;2990.5952
263.6836;206.1221;0.0000;842.7946;2997.5952
263.8490;205.1221;0.0000;843.2910;3004.5952
264.0145;204.1221;0.0000;843.7874;3011.7605
264.8490;203.1221;0.0000;841.9600;3018.7607
265.0145;202.2876;0.0000;840.9528;3025.7605
266.0145;201.2876;0.0000;846.1255;3032.7607
266.1799;200.2876;0.0000;841.9600;3039.7605
266.3454;199.2876;0.0000;844.6218;3046.7607
266.5109;199.1221;0.0000;843.2910;3053.7607
266.5109;198.2876;0.0000;843.2910;3060.7607
266.6763;197.2876;1.9855;846.9528;3067.7607
266.8418;196.2876;0.0000;844.1255;3074.7605
266.8418;195.2876;1.9855;845.2910;3081.7607
267.0072;194.2876;1.9855;849.1255;3088.7605
267.0072;193.1221;0.0000;846.6291;3095.7607
267.1727;192.1221;1.9855;847.2910;3102.7607
267.1727;191.1221;0.0000;848.9600;3109.7607
267.3382;190.9566;0.0000;845.7946;3116.7607
267.3382;189.9566;1.9855;848.1255;3123.7607
267.3382;188.9566;1.9855;851.2982;3130.7607
267.3382;187.9566;0.0000;846.6291;3137.7605
267.5036;187.7912;0.0000;850.2910;3144.7607
267.5036;186.7912;0.0000;850.8018;3151.7605
267.5036;186.7912;0.0000;847.1400;3159.5952
267.6691;185.7912;0.0000;853.7874;3166.5952
267.6691;184.7912;0.0000;851.9600;3173.5952
267.6691;183.7912;0.0000;850.2837;3180.5952
267.8345;183.6257;0.0000;855.2910;3187.5952
267.8345;182.6257;0.0000;851.2910;3194.7605
267.8345;181.4602;0.0000;852.9528;3201.7607
267.8345;181.2948;0.0000;853.4564;3208.7605
267.8345;180.2948;0.0000;852.4564;3215.7607
267.8345;180.1293;0.0000;854.7874;3222.7607
268.0000;179.1293;0.0000;854.9601;3229.7607
267.1655;178.9638;0.0000;854.2910;3236.7607
267.1655;177.9638;0.0000;856.4564;3243.7607
267.1655;176.9638;0.0000;854.7946;3250.7607
267.1655;176.7984;0.0000;856.1255;3257.7605
267.1655;175.7984;0.0000;858.9601;3264.7607
267.1655;174.7984;0.0000;854.7946;3271.7605
267.0000;174.7984;0.0000;855.4564;3278.7607
267.0000;173.7984;0.0000;858.7946;3285.7607
266.1655;172.7984;0.0000;855.7946;3292.7607
266.1655;172.6329;10.0145;857.1255;3299.7607
266.1655;172.4675;0.0000;859.9673;3306.7607
266.1655;171.3020;10.0145;856.7946;3313.7607
266.0000;171.1365;0.0000;853.2837;3320.7605
266.0000;170.1365;0.0000;859.9673;3327.7607
266.0000;169.9711;0.0000;858.6292;3334.7605
265.0000;169.8056;0.0000;861.6292;3342.5952
265.0000;168.8056;0.0000;862.3054;3349.5952
265.0000;168.6402;0.0000;860.6292;3356.5952
264.1655;167.6402;0.0000;862.9672;3363.5952
264.1655;167.4747;0.0000;859.9673;3370.5952
264.1655;166.4747;0.0000;860.9601;3377.5952
263.3309;166.3092;0.0000;863.6363;3384.7607
263.3309;165.3092;0.0000;861.9672;3391.7605
263.3309;165.1438;0.0000;863.2981;3398.7607
263.3309;164.9783;0.0000;863.4708;3405.7607
263.3309;163.9783;0.0000;862.9672;3412.7607
262.4964;163.6474;0.0000;864.1327;3419.7607
262.3309;163.4819;0.0000;862.4708;3426.7607
262.3309;162.4819;0.0000;863.1327;3433.7607
262.1655;162.3165;0.0000;865.4708;3440.7605
261.3309;161.3165;0.0000;862.4708;3447.7607
261.1655;161.1510;0.0000;863.4636;3454.7607
261.1655;160.3165;0.0000;863.6363;3461.7607
260.1655;160.1510;0.0000;864.1399;3468.7607
260.1655;159.1510;0.0000;857.6219;3475.7607
260.1655;158.9855;0.0000;865.9744;3482.7607
260.0000;158.8201;0.0000;862.6363;3489.7605
260.0000;157.8201;0.0000;867.4708;3496.7607
259.1655;157.8201;0.0000;864.9744;3503.7605
259.0000;156.8201;0.0000;864.8018;3510.7607
258.1655;156.6546;1.9855;865.4708;3517.7607
258.1655;156.6546;0.0000;862.4708;3524.7607
258.1655;155.6546;0.0000;865.6363;3532.5952
257.1655;155.4892;0.0000;865.3054;3539.5952
257.1655;154.4892;0.0000;863.3054;3546.5952
257.0000;154.3237;0.0000;865.1327;3553.5952
256.1655;153.3237;0.0000;864.9744;3560.5952
256.0000;153.1582;0.0000;863.3054;3567.7607
256.0000;152.1582;0.0000;866.3054;3574.7605
255.0000;151.9928;0.0000;865.4781;3581.7607
255.0000;150.9928;0.0000;863.8018;3588.7607
254.0000;150.8273;0.0000;866.1399;3595.7607
254.0000;149.9928;0.0000;863.9744;3602.7607
253.1655;149.8273;0.0000;866.1399;3609.7605
253.0000;148.8273;0.0000;868.3126;3616.7607
253.0000;148.8273;0.0000;863.9744;3623.7605
253.0000;147.8273;0.0000;865.4708;3630.7607
252.1655;147.8273;0.0000;865.3126;3637.7607
252.0000;146.8273;0.0000;862.9744;3644.7607
252.0000;146.8273;0.0000;865.4708;3651.7607
251.1655;145.8273;0.0000;864.4781;3658.7607
251.0000;145.8273;0.0000;864.9744;3665.7607
251.0000;144.8273;0.0000;868.3126;3672.7605
250.0000;144.6618;0.0000;864.9817;3679.7607
249.8346;143.8273;0.0000;865.8090;3686.7605
248.8345;143.6618;0.0000;867.9817;3693.7607
248.6691;142.6618;0.0000;864.4781;3700.7607
247.6691;142.6618;0.0000;866.6436;3707.7607
247.6691;142.4964;0.0000;867.4853;3715.5952
247.5036;141.6618;0.0000;865.3126;3722.5952
247.5036;141.4964;0.0000;868.3126;3729.5952
247.3382;140.6618;0.0000;867.3198;3736.5952
246.3382;140.4964;0.0000;866.1472;3743.5952
246.3382;139.6618;0.0000;868.3126;3750.7607
245.3382;139.6618;0.0000;867.1544;3757.7607
245.1727;139.4964;0.0000;867.9817;3764.7607
245.0072;139.4964;0.0000;869.1544;3771.7607
244.1727;138.4964;0.0000;867.3198;3778.7607
244.0072;137.6618;0.0000;868.1472;3785.7607
243.0072;137.4964;0.0000;868.8235;3792.7605
242.6763;136.6618;0.0000;867.4853;3799.7607
242.5109;136.4964;0.0000;869.9817;3806.7605
241.5109;136.3309;0.0000;868.8235;3813.7607
241.3454;135.3309;0.0000;867.8162;3820.7607
240.1799;135.1655;0.0000;869.6508;3827.7607
239.8490;134.1655;0.0000;868.6580;3834.7607
238.8490;134.0000;0.0000;869.4853;3841.7607
238.5181;133.0000;0.0000;870.8235;3848.7607
237.5181;132.8345;0.0000;867.8235;3855.7605
237.1872;132.8345;0.0000;871.1544;3862.7607
236.1872;131.8345;0.0000;870.3271;3869.7605
236.0217;131.8345;0.0000;867.1544;3876.7607
235.0217;130.8345;0.0000;870.4853;3883.7607
234.8562;130.8345;0.0000;870.3271;3890.7607
233.8562;130.8345;0.0000;867.9890;3898.5952
233.6908;130.0000;0.0000;870.3198;3905.5952
233.5253;129.8345;0.0000;869.1616;3912.5952
232.5253;129.8345;0.0000;868.6508;3919.5952
232.3598;129.0000;0.0000;869.6580;3926.5952
232.1944;128.8345;0.0000;867.6580;3933.5952
231.1944;128.8345;0.0000;869.4853;3940.7607
231.0289;127.8345;0.0000;869.6580;3947.7607
230.0289;127.8345;0.0000;867.6580;3954.7607
229.0289;127.0000;0.0000;870.3198;3961.7607
228.8635;126.8345;0.0000;868.3271;3968.7607
228.6980;126.8345;0.0000;867.8235;3975.7605
227.6980;126.6691;0.0000;870.8235;3982.7607
227.3671;125.8345;0.0000;869.9962;3989.7605
226.3671;125.6691;0.0000;868.8235;3996.7607
225.3671;124.8345;0.0000;868.8235;4003.7607
225.0362;124.6691;0.0000;866.6580;4010.7607
224.8707;124.6691;0.0000;868.8235;4017.7607
223.7052;124.6691;0.0000;870.4926;4024.7607
223.5398;123.6691;10.0145;868.3271;4031.7607
222.3743;123.6691;0.0000;869.9890;4038.7605
221.2088;123.5036;0.0000;869.9962;4045.7607
220.8779;122.6691;0.0000;866.8235;4052.7607
219.7125;122.5036;0.0000;869.1544;4059.7607
219.3815;122.5036;0.0000;869.1616;4066.7607
218.2161;121.5036;0.0000;868.3198;4073.7607
217.8852;121.3382;10.0145;870.4853;4080.7607
216.7197;121.3382;0.0000;868.8235;4088.5952
216.3888;120.3382;10.0145;869.6508;4095.5952
215.2233;120.3382;0.0000;871.4854;4102.5952
215.0578;120.1727;0.0000;867.8162;4109.5952
213.8924;120.1727;0.0000;870.1472;4116.5952
213.5615;119.3382;0.0000;869.4853;4123.7607
212.3960;119.1727;0.0000;869.9817;4130.7607
211.3960;119.1727;0.0000;870.4781;4137.7607
211.0651;119.1727;10.0145;871.3198;4144.7607
210.0651;118.3382;0.0000;869.4781;4151.7607
209.8996;118.1727;0.0000;870.6436;4158.7607
208.7342;117.3382;0.0000;872.9890;4165.7607
207.7342;117.3382;0.0000;869.8090;4172.7607
207.5687;117.3382;0.0000;872.9817;4179.7607
206.5687;117.3382;0.0000;870.1472;4186.7607
205.5687;116.5036;0.0000;870.8090;4193.7607
204.5687;116.5036;0.0000;870.9817;4200.7607
203.5687;116.5036;0.0000;866.3054;4207.7607
203.5687;116.5036;0.0000;870.9745;4214.7607
202.5687;116.5036;0.0000;869.4781;4221.7607
201.5687;116.6691;0.0000;866.4708;4228.7607
200.7341;116.6691;0.0000;869.3054;4235.7607
199.7342;116.6691;0.0000;868.3126;4242.7607
198.8996;116.8345;0.0000;867.6363;4249.7607
197.8996;116.0000;0.0000;869.1400;4256.7607
197.7342;116.1655;0.0000;867.1400;4263.7607
196.8996;116.1655;0.0000;870.4709;4271.5952
195.8996;116.1655;0.0000;869.8090;4278.5952
195.0651;116.3309;0.0000;868.9745;4285.5952
194.0651;116.3309;0.0000;869.8018;4292.5952
192.2305;116.4964;0.0000;868.9745;4299.5952
191.3960;116.6618;0.0000;865.1327;4306.7607
190.3960;116.6618;0.0000;866.4636;4313.7607
189.5615;116.8273;0.0000;864.9672;4320.7607
188.5615;116.9928;0.0000;864.7946;4327.7607
187.7269;117.1582;0.0000;866.4636;4334.7607
186.7269;116.4892;0.0000;863.7946;4341.7607
185.8924;116.6546;0.0000;865.9600;4348.7607
184.8924;116.8201;0.0000;863.7946;4355.7607
183.8924;116.9855;0.0000;863.9600;4362.7607
183.7269;117.1510;0.0000;862.7874;4369.7607
182.8924;117.3165;0.0000;863.7946;4376.7607
181.8924;117.4819;0.0000;861.4564;4383.7607
180.8924;117.4819;0.0000;861.9528;4390.7607
179.8924;117.6474;0.0000;863.7946;4397.7607
178.8924;117.8128;0.0000;861.9528;4404.7607
178.7269;118.8128;0.0000;861.9528;4411.7607
177.7269;118.9783;0.0000;858.9528;4418.7607
176.8924;119.3092;0.0000;861.2837;4425.7607
176.7269;118.6402;0.0000;860.2838;4432.7607
175.7269;118.8056;0.0000;859.9528;4439.7607
175.5615;118.9711;0.0000;861.1111;4446.7607
174.7269;119.1365;0.0000;861.7874;4454.5952
173.7269;119.3020;0.0000;858.7801;4461.5952
172.8924;119.3020;0.0000;861.1111;4468.5952
172.7269;119.4675;0.0000;859.1183;4475.5952
171.8924;119.6329;0.0000;859.2765;4482.5952
170.8924;119.6329;0.0000;861.7801;4489.5952
170.7269;119.7984;0.0000;859.4492;4496.7607
169.8924;119.9638;0.0000;860.1110;4503.7607
168.8924;120.1293;0.0000;860.9456;4510.7607
167.8924;120.1293;0.0000;856.9456;4517.7607
167.7269;120.2948;0.0000;859.6074;4524.7607
166.7269;120.4602;0.0000;859.4492;4531.7607
166.7269;120.6257;0.0000;857.4420;4538.7607
165.7269;121.6257;0.0000;859.7728;4545.7607
164.7269;121.7912;0.0000;859.4492;4552.7607
164.7269;121.9566;0.0000;855.9384;4559.7607
163.7269;122.1221;0.0000;858.1038;4566.7607
163.5614;122.1221;0.0000;854.4420;4573.7607
162.5614;122.2876;0.0000;855.4348;4580.7607
161.7269;122.4530;0.0000;856.2693;4587.7607
161.5614;122.6184;0.0000;855.9384;4594.7607
160.5615;123.6185;0.0000;854.7656;4601.7607
159.5614;123.6185;0.0000;854.2692;4608.7607
159.3960;123.7839;0.0000;851.0966;4615.7607
158.5615;123.9494;0.0000;855.9311;4622.7607
158.3960;124.1148;0.0000;854.2692;4629.7607
157.3960;124.4458;0.0000;851.4275;4636.7607
156.3960;124.6112;0.0000;853.2620;4644.5952
155.3960;125.6112;0.0000;852.6002;4651.5952
154.5615;125.9422;0.0000;850.7584;4658.5952
154.3960;126.9422;0.0000;853.2620;4665.5952
153.3960;127.2731;0.0000;848.5930;4672.5952
152.3960;127.4386;0.0000;849.2548;4679.7607
151.3960;127.6040;0.0000;850.4275;4686.7607
151.2305;127.7695;0.0000;848.0894;4693.7607
150.2305;128.7695;0.0000;848.5857;4700.7607
149.3960;128.9349;0.0000;848.9238;4707.7607
148.3960;129.1004;0.0000;847.2548;4714.7607
147.5615;129.2658;0.0000;848.5857;4721.7607
146.5615;130.2658;0.0000;847.9238;4728.7607
145.7269;130.5968;0.0000;846.9166;4735.7607
144.7269;130.7622;0.0000;848.5857;4742.7607
143.8924;131.7622;0.0000;845.5857;4749.7607
142.8924;131.9277;0.0000;846.4130;4756.7607
142.8924;132.0932;0.0000;848.5857;4763.7607
141.8924;133.0932;0.0000;845.9166;4770.7607
141.0578;133.2586;0.0000;846.7439;4777.7607
140.8924;133.5896;0.0000;845.9166;4784.7607
140.0578;133.7550;0.0000;845.2476;4791.7607
139.0578;134.7550;0.0000;846.5785;4798.7607
139.0578;134.9205;0.0000;846.7512;4805.7607
138.0578;135.9205;0.0000;844.9094;4812.7607
137.2233;135.9205;0.0000;846.5785;4819.7607
136.3888;136.9205;0.0000;844.4130;4827.5952
136.3888;137.2514;0.0000;843.4058;4834.5952
135.5542;137.4169;0.0000;844.7439;4841.5952
134.7197;138.4169;0.0000;841.2403;4848.5952
134.7197;138.4169;0.0000;842.9022;4855.5952
133.7197;139.5823;0.0000;841.9094;4862.7607
132.8852;139.5823;0.0000;839.7368;4869.7607
131.8852;140.5823;0.0000;841.9022;4876.7607
131.8852;141.5823;0.0000;842.7439;4883.7607
131.0506;141.7478;0.0000;839.2332;4890.7607
130.0506;142.7478;0.0000;841.7367;4897.7607
129.2161;143.5823;0.0000;839.5713;4904.7607
128.3816;143.7478;0.0000;837.7295;4911.7607
127.5470;144.5823;0.0000;840.2332;4918.7607
126.7125;144.7478;0.0000;837.3986;4925.7607
125.8779;145.5823;0.0000;837.5568;4932.7607
126.0434;146.5823;0.0000;839.3986;4939.7607
125.2088;146.5823;0.0000;836.3914;4946.7607
125.2088;146.7478;0.0000;838.3842;4953.7607
124.3743;147.7478;0.0000;838.5568;4960.7607
123.3743;147.9132;0.0000;837.0460;4967.7607
123.3743;148.7478;0.0000;839.2114;4974.7607
122.5398;149.7478;0.0000;835.7150;4981.7607
121.7052;149.9132;0.0000;835.8733;4988.7607
121.7052;150.9132;0.0000;840.8805;4995.7607
120.8707;151.0787;0.0000;835.0387;5002.7607
120.8707;152.0787;0.0000;836.0315;5010.5952
120.0362;152.9132;0.0000;836.8660;5017.5952
120.0362;153.0787;0.0000;835.6934;5024.5952
120.0362;153.2442;0.0000;837.8516;5031.5952
119.3671;154.2442;0.0000;837.8588;5038.5952
119.3671;154.4096;0.0000;829.5062;5045.5952
118.5326;155.4096;0.0000;838.1825;5052.7607
118.5326;155.5751;0.0000;836.5279;5059.7607
117.8635;156.5751;0.0000;837.3479;5066.7607
117.0289;157.5751;0.0000;837.5206;5073.7607
117.0289;158.5751;0.0000;834.3552;5080.7607
116.1944;158.7405;0.0000;834.6788;5087.7607
116.1944;159.5751;0.0000;834.1825;5094.7607
116.1944;160.5751;0.0000;832.0098;5101.7607
115.3598;160.7406;0.0000;835.8371;5108.7607
115.5253;161.7405;0.0000;835.3407;5115.7607
115.5253;161.9060;0.0000;833.4989;5122.7607
114.6908;162.9060;0.0000;836.4989;5129.7607
114.6908;163.0715;0.0000;835.8371;5136.7607
113.8562;164.0715;0.0000;835.9953;5143.7607
113.0217;165.0715;0.0000;835.9953;5150.7607
113.0217;165.2369;0.0000;833.8298;5157.7607
113.0217;166.2369;0.0000;836.3262;5164.7607
112.3526;167.2369;0.0000;836.6644;5171.7607
112.3526;167.5678;0.0000;834.1608;5178.7607
112.3526;168.5679;0.0000;835.8226;5185.7607
112.3526;168.7333;0.0000;835.8298;5193.5952
111.6836;169.7333;0.0000;832.6572;5200.5952
111.6836;169.8988;0.0000;835.8226;5207.5952
110.8490;170.8988;0.0000;835.9953;5214.5952
110.0145;171.8988;0.0000;834.1536;5221.5952
110.0145;172.0642;0.0000;838.6572;5228.5952
109.1799;173.0642;0.0000;832.3190;5235.7607
108.3454;174.0642;0.0000;834.8154;5242.7607
108.3454;174.2297;0.0000;836.9881;5249.7607
107.5109;175.2297;0.0000;833.6500;5256.7607
107.5109;176.2297;0.0000;836.1463;5263.7607
107.6763;176.3952;0.0000;837.1536;5270.7607
107.0072;177.3952;0.0000;833.9808;5277.7607
106.3382;178.3951;0.0000;833.9736;5284.7607
106.5036;179.3952;0.0000;835.6500;5291.7607
105.8345;179.7261;0.0000;835.6427;5298.7607
106.0000;180.7261;0.0000;833.9736;5305.7607
105.3309;181.7261;0.0000;835.9808;5312.7607
105.4964;181.8915;0.0000;834.8082;5319.7607
104.6618;182.8915;0.0000;839.1463;5326.7607
104.8273;183.8916;0.0000;834.1390;5333.7607
104.1582;184.7261;0.0000;835.4628;5340.7607
103.3237;184.8915;0.0000;836.6355;5347.7607
103.4892;185.8915;0.0000;835.6282;5354.7607
103.4892;186.8915;0.0000;837.2901;5361.7607
103.4892;187.8915;0.0000;835.6282;5368.7607
102.6546;188.8915;0.0000;835.6210;5375.7607
102.6546;189.7261;0.0000;836.7864;5383.5952
101.9855;190.0570;0.0000;835.9592;5390.5952
101.3165;191.0570;0.0000;837.9520;5397.5952
101.4819;192.0570;0.0000;839.6210;5404.5952
101.4819;193.0570;0.0000;837.4556;5411.5952
101.6474;193.8915;0.0000;837.6138;5418.7607
100.9783;194.0570;0.0000;837.4556;5425.7607
100.9783;194.8915;0.0000;835.4483;5432.7607
100.3092;195.8915;0.0000;837.1102;5439.7607
100.3092;196.7261;0.0000;836.7864;5446.7607
100.4747;197.7261;0.0000;837.6138;5453.7607
100.4747;197.7261;0.0000;837.9447;5460.7607
100.4747;198.7261;0.0000;836.7864;5467.7607
100.6402;199.5606;0.0000;835.1102;5474.7607
100.6402;199.7261;0.0000;837.6138;5481.7607
100.8056;200.5606;0.0000;834.6138;5488.7607
99.9711;201.5606;0.0000;833.1029;5495.7607
99.9711;201.7261;0.0000;835.1102;5502.7607
100.1365;202.5606;0.0000;833.4411;5509.7607
100.3020;203.5606;0.0000;835.6066;5516.7607
100.3020;204.5606;0.0000;835.9447;5523.7607
100.4674;204.5606;0.0000;832.7720;5530.7607
99.6329;205.5606;0.0000;835.7720;5537.7607
99.7984;206.3951;0.0000;835.1102;5544.7607
99.7984;207.3951;0.0000;834.7720;5551.7607
99.7984;208.2297;0.0000;828.9303;5558.7607
99.9638;209.0642;0.0000;833.4411;5566.5952
99.9638;210.0642;0.0000;834.1029;5573.5957
99.9638;210.8988;0.0000;834.4410;5580.5952
100.1293;211.8988;0.0000;831.9374;5587.5952
100.1293;212.7333;0.0000;833.5994;5594.5952
100.2948;213.7333;0.0000;834.4410;5601.5947
100.2948;214.7333;0.0000;832.9374;5608.7607
100.4602;215.5678;0.0000;835.1029;5615.7607
99.6257;216.5679;10.0145;834.2756;5622.7607
99.7912;217.4024;0.0000;833.4338;5629.7607
99.7912;218.4024;10.0145;834.9374;5636.7607
99.9566;219.2369;0.0000;832.7720;5643.7607
99.9566;220.2370;0.0000;831.9302;5650.7607
99.9566;221.0715;0.0000;833.9374;5657.7607
100.1221;222.0715;10.0145;832.2684;5664.7607
100.1221;222.9060;0.0000;833.9302;5671.7607
100.1221;223.9060;10.0145;832.9374;5678.7607
100.2876;224.7405;0.0000;828.2612;5685.7607
100.2876;225.7406;0.0000;832.0957;5692.7607
100.4530;226.5751;0.0000;831.2684;5699.7607
100.4530;227.5751;0.0000;831.9302;5706.7607
100.6185;228.5751;10.0145;832.7648;5713.7607
100.6185;229.4096;0.0000;829.7648;5720.7607
100.7839;230.4096;0.0000;831.9302;5727.7607
100.7839;231.2442;0.0000;832.5994;5734.7607
100.9494;232.2442;0.0000;827.9303;5741.7607
101.7839;233.0787;0.0000;833.7648;5749.5952
101.9494;234.0787;0.0000;831.2684;5756.5957
101.9494;234.0787;0.0000;829.0958;5763.5952
102.1148;235.0787;0.0000;832.4266;5770.5952
102.1148;235.9132;0.0000;831.2684;5777.5952
102.2803;236.7478;0.0000;830.2611;5784.5947
102.2803;237.7478;0.0000;832.0957;5791.7607
103.2803;238.7478;0.0000;831.2684;5798.7607
103.4458;239.7478;0.0000;832.0957;5805.7607
103.6112;240.5823;0.0000;833.5994;5812.7607
103.7767;241.5823;0.0000;828.0958;5819.7607
103.7767;242.5823;0.0000;832.4266;5826.7607
103.9422;243.5823;0.0000;833.2684;5833.7607
104.9422;244.4169;0.0000;831.7648;5840.7607
105.1076;245.4169;0.0000;834.0957;5847.7607
105.9422;246.4169;0.0000;833.1029;5854.7607
106.1076;247.2514;0.0000;832.9302;5861.7607
106.2731;248.2514;0.0000;834.0957;5868.7607
106.4386;249.0859;0.0000;833.2684;5875.7607
106.6040;250.9205;0.0000;834.9302;5882.7607
106.7695;251.7550;0.0000;836.5994;5889.7607
106.9350;253.4241;0.0000;835.2684;5896.7607
107.1004;254.4241;0.0000;836.7648;5903.7607
107.9350;256.0931;0.0000;838.6066;5910.7607
108.1004;257.0931;0.0000;838.7720;5917.7607
108.2658;258.7622;0.0000;839.4338;5924.7607
108.4313;259.7622;0.0000;841.1102;5931.7607
108.5968;260.5968;0.0000;839.9375;5939.5957
109.7622;261.4313;0.0000;839.4338;5946.5952
109.9277;262.4313;0.0000;839.4411;5953.5952
110.0932;263.2659;0.0000;840.4338;5960.5952
111.0932;264.1004;0.0000;841.7720;5967.5952
111.2586;265.9349;0.0000;840.6066;5974.7607
112.2586;266.7695;0.0000;842.1030;5981.7607
112.4241;267.6040;0.0000;843.2756;5988.7607
112.5896;268.4385;0.0000;841.6066;5995.7607
112.7550;269.4385;0.0000;844.9375;6002.7607
113.7550;270.2731;0.0000;843.9447;6009.7607
113.9205;271.1076;0.0000;843.4411;6016.7607
114.0859;271.9422;0.0000;845.6066;6023.7607
115.0859;272.9422;0.0000;843.9447;6030.7607
115.2514;273.7767;0.0000;842.1030;6037.7607
116.2514;274.6112;0.0000;847.1102;6044.7607
117.2514;274.7767;0.0000;843.9447;6051.7607
117.4169;275.6112;0.0000;845.4411;6058.7607
118.4169;276.4458;0.0000;846.7793;6065.7607
118.5823;276.4458;1.9855;844.9447;6072.7607
118.7478;277.2803;0.0000;845.9375;6079.7607
119.7478;278.2803;0.0000;847.2829;6086.7607
119.9132;278.2803;1.9855;845.1102;6093.7607
120.0787;279.1149;0.0000;848.2756;6100.7607
121.2442;279.1149;0.0000;847.1174;6107.7607
121.4096;279.2803;0.0000;844.6066;6114.7607
122.5751;280.1149;0.0000;847.1102;6122.5957
122.9060;280.2803;0.0000;846.4484;6129.5952
123.0715;281.1149;0.0000;845.4411;6136.5952
124.2369;282.1148;0.0000;847.9448;6143.5952
124.4024;282.1148;0.0000;845.7793;6150.5952
125.4024;282.1148;0.0000;845.9375;6157.5952
125.5678;283.1148;0.0000;849.1174;6164.7607
125.8988;283.1148;0.0000;845.9447;6171.7607
126.8988;283.9494;0.0000;847.4411;6178.7607
127.0642;283.9494;0.0000;840.4411;6185.7607
128.0642;284.9494;0.0000;847.1102;6192.7607
129.0642;284.9494;0.0000;848.2756;6199.7607
129.3951;285.7839;0.0000;847.9520;6206.7607
129.5606;285.7839;0.0000;847.9448;6213.7607
129.7261;286.6185;0.0000;848.7792;6220.7607
130.8915;286.6185;0.0000;848.2829;6227.7607
131.8915;287.4530;0.0000;848.2756;6234.7607
132.0570;288.4530;0.0000;849.1174;6241.7607
133.2225;288.2876;0.0000;847.7793;6248.7607
133.3879;289.1221;0.0000;849.9448;6255.7607
133.5534;289.1221;0.0000;849.1174;6262.7607
134.5534;289.9566;0.0000;847.1102;6269.7607
134.8843;289.9566;0.0000;848.2756;6276.7607
135.8843;289.9566;0.0000;849.1174;6283.7607
136.0498;289.9566;0.0000;849.1102;6290.7607
136.2152;290.7912;0.0000;849.6138;6297.7607
137.2152;290.7912;0.0000;848.2829;6305.5957
137.3807;291.6257;0.0000;850.9448;6312.5952
138.5462;291.6257;0.0000;850.7865;6319.5952
138.7116;292.2948;0.0000;841.1030;6326.5957
138.8771;292.2948;1.9855;850.9448;6333.5952
140.0426;293.1293;0.0000;849.9520;6340.5952
140.2080;293.1293;0.0000;849.6138;6347.7607
141.2080;293.1293;0.0000;850.7793;6354.7607
141.5389;293.9639;0.0000;850.7865;6361.7607
141.7044;293.9639;0.0000;849.7793;6368.7607
142.7044;294.7984;0.0000;850.6138;6375.7607
143.0353;294.6329;0.0000;849.1174;6382.7607
143.2008;294.6329;0.0000;849.9448;6389.7607
144.2008;295.3020;0.0000;851.6210;6396.7607
144.5317;295.3020;1.9855;849.1174;6403.7607
145.5317;295.3020;0.0000;852.6138;6410.7607
145.6972;295.9711;1.9855;851.6210;6417.7607
146.6972;295.9711;0.0000;849.2829;6424.7607
147.0281;296.8056;0.0000;852.4484;6431.7607
148.0281;296.6402;0.0000;849.7865;6438.7607
148.3590;296.6402;0.0000;850.6138;6445.7607
148.5245;297.4747;0.0000;852.1174;6452.7607
149.6899;297.4747;0.0000;848.9520;6459.7607
149.8554;297.3092;0.0000;850.6138;6466.7607
151.0208;298.1438;0.0000;852.7865;6473.7607
151.3518;298.1438;0.0000;849.1174;6480.7607
152.3518;298.9783;0.0000;851.7793;6487.7607
153.5172;298.8129;0.0000;852.2901;6495.5952
153.8482;298.8129;0.0000;847.4484;6502.5952
155.0136;299.4819;0.0000;854.1174;6509.5957
156.0136;299.4819;0.0000;851.2901;6516.5952
156.3446;300.1510;0.0000;851.2829;6523.5952
157.3446;300.1510;0.0000;852.1174;6530.7607
158.3446;300.8201;0.0000;851.4556;6537.7607
158.6755;300.8201;0.0000;852.2829;6544.7607
159.6755;300.6546;0.0000;852.7865;6551.7607
160.6755;301.4892;0.0000;849.1174;6558.7607
160.8409;301.3237;0.0000;853.2829;6565.7607
161.8409;302.1583;0.0000;853.2901;6572.7607
162.8409;301.9928;0.0000;849.9520;6579.7607
163.0064;301.8273;0.0000;853.2829;6586.7607
164.0064;302.6619;0.0000;853.7937;6593.7607
165.0064;302.4964;0.0000;850.4484;6600.7607
166.0064;303.1655;0.0000;853.9520;6607.7607
166.1719;303.0000;0.0000;853.7937;6614.7607
167.1718;303.8346;0.0000;852.1174;6621.7607
168.0064;303.6691;0.0000;854.4556;6628.7607
168.1719;303.5036;0.0000;853.2901;6635.7607
169.1719;304.1727;0.0000;853.9520;6642.7607
170.3373;304.0072;0.0000;854.9592;6649.7607
171.3373;304.8418;0.0000;851.9520;6656.7607
172.3373;304.6763;0.0000;854.9520;6663.7607
173.5028;305.3454;0.0000;855.6282;6670.7607
174.5028;305.1799;0.0000;854.4556;6678.5952
174.6682;305.0145;0.0000;855.6210;6685.5952
175.6682;305.8490;0.0000;856.1318;6692.5957
176.8337;305.6836;0.0000;855.4556;6699.5952
177.8337;305.5181;0.0000;860.4628;6706.5952
177.9992;306.1872;0.0000;855.7937;6713.7607
178.9992;306.0217;0.0000;856.4555;6720.7607
179.9992;306.6908;0.0000;857.4628;6727.7607
180.9992;306.5253;0.0000;855.2901;6734.7607
182.1646;306.3598;0.0000;857.6210;6741.7607
183.1646;306.1944;0.0000;856.9591;6748.7607
183.3301;306.8635;0.0000;855.1174;6755.7607
184.3301;306.5325;0.0000;858.9520;6762.7607
185.3301;306.3671;0.0000;857.9591;6769.7607
186.3301;307.0362;0.0000;857.9519;6776.7607
187.3301;306.7052;0.0000;862.7937;6783.7607
188.3301;307.3743;0.0000;858.1246;6790.7607
189.3301;307.2088;0.0000;858.9520;6797.7607
190.3301;307.7125;0.0000;860.7937;6804.7607
190.3301;307.5470;0.0000;857.9519;6811.7607
191.3301;308.0506;0.0000;861.2756;6818.7607
192.3301;307.8852;0.0000;862.2828;6825.7607
193.1646;307.5542;0.0000;861.6065;6832.7607
194.8337;308.0579;1.9855;864.2684;6839.7607
195.8337;307.7269;10.0145;864.1029;6846.7607
196.6682;307.5615;0.0000;865.4266;6853.7607
197.5028;307.2306;0.0000;867.2612;6861.5952
198.5028;307.7342;10.0145;866.9302;6868.5952
199.3373;307.5687;0.0000;867.7576;6875.5957
200.1718;307.2378;0.0000;868.0957;6882.5952
202.0064;307.9069;0.0000;859.7504;6889.5952
202.8409;307.5759;0.0000;868.2539;6896.5952
204.6755;307.4105;0.0000;868.9302;6903.7607
205.5100;308.0796;0.0000;867.5921;6910.7607
206.5100;307.9141;0.0000;869.7576;6917.7607
208.1791;307.5832;0.0000;869.5994;6924.7607
209.1791;307.4177;0.0000;867.2539;6931.7607
210.8482;308.0868;0.0000;871.0957;6938.7607
211.8482;307.9213;10.0145;870.5994;6945.7607
213.5172;307.5904;0.0000;870.7576;6952.7607
214.5172;307.4249;0.0000;872.7648;6959.7607
215.5172;307.2595;10.0145;869.4266;6966.7607
217.3518;307.0940;0.0000;872.0885;6973.7607
218.1863;306.9286;0.0000;873.2612;6980.7607
220.0209;306.7631;0.0000;870.5848;6987.7607
221.0209;306.5976;0.0000;875.2467;6994.7607
222.6899;306.4322;0.0000;874.9158;7001.7607
223.6899;306.1013;0.0000;873.9014;7008.7607
225.3590;305.9358;0.0000;876.9014;7015.7607
226.1935;305.7703;10.0145;876.5704;7022.7607
227.0281;305.6049;0.0000;876.5632;7029.7607
228.6972;305.6049;0.0000;879.0668;7036.7607
229.5317;305.4394;10.0145;876.9014;7043.7607
230.3662;305.2739;1.9855;878.0596;7051.5952
232.0353;305.1085;0.0000;878.2322;7058.5957
232.8698;304.9430;1.9855;877.7286;7065.5952
233.7044;303.9430;0.0000;880.8942;7072.5952
235.3735;303.7776;0.0000;880.5704;7079.5957
236.2080;303.6121;0.0000;877.8941;7086.7607
237.0426;303.6121;1.9855;881.7286;7093.7607
238.8771;303.4466;0.0000;882.5704;7100.7607
240.5462;302.4466;1.9855;880.8942;7107.7607
241.3807;302.2812;10.0145;882.2322;7114.7607
243.2152;302.1157;0.0000;879.9014;7121.7607
244.0498;302.1157;0.0000;882.7286;7128.7607
245.0498;301.9502;1.9855;883.5704;7135.7607
245.8843;300.9502;0.0000;881.2322;7142.7607
247.5534;300.7848;0.0000;883.7286;7149.7607
249.3879;300.4539;0.0000;884.4050;7156.7607
250.2225;300.2884;0.0000;885.0668;7163.7607
251.0570;300.1229;0.0000;884.4122;7170.7607
251.8916;299.9575;0.0000;886.0668;7177.7607
252.7261;298.7920;0.0000;886.0596;7184.7607
254.3952;298.6265;0.0000;888.2250;7191.7607
255.3952;297.6265;0.0000;886.7286;7198.7607
257.0642;297.4611;0.0000;886.0524;7205.7607
257.8988;297.1302;0.0000;889.3977;7212.7607
258.7333;296.9647;0.0000;888.0596;7219.7607
259.5679;296.7992;0.0000;890.0524;7226.7607
260.4024;296.4683;0.0000;892.3978;7234.5952
261.2369;295.4683;0.0000;888.3905;7241.5957
262.0715;294.4683;10.0145;890.8869;7248.5952
263.7405;294.1374;0.0000;893.2323;7255.5957
265.4096;293.1374;10.0145;893.2251;7262.5957
267.0787;291.9719;0.0000;895.5631;7269.7607
267.9132;291.8065;0.0000;894.0668;7276.7607
269.5823;290.6410;0.0000;894.2250;7283.7607
270.5823;289.4756;0.0000;897.9013;7290.7607
272.2514;289.3101;0.0000;895.2322;7297.7607
273.0859;288.1446;0.0000;899.0596;7304.7607
274.7550;287.9792;0.0000;898.4049;7311.7607
275.4241;286.8137;0.0000;898.0668;7318.7607
277.0932;285.8137;0.0000;902.3977;7325.7607
277.9277;284.6482;0.0000;900.9086;7332.7607
279.5968;283.6483;0.0000;892.7214;7339.7607
281.2659;282.4828;0.0000;902.5704;7346.7607
282.9350;281.4828;0.0000;901.9086;7353.7607
283.7695;280.4828;0.0000;902.0668;7360.7607
285.2731;280.3173;0.0000;904.0740;7367.7607
286.1076;279.1519;0.0000;901.4050;7374.7607
287.7767;277.3173;0.0000;902.3977;7381.7607
288.6112;276.3173;0.0000;903.7431;7388.7607
290.2803;275.3173;0.0000;902.0740;7395.7607
291.1148;274.3173;0.0000;904.9014;7402.7607
291.9494;272.4828;0.0000;904.4122;7409.7607
292.7839;271.4828;0.0000;902.5704;7417.5952
293.6185;270.3173;1.9855;906.0740;7424.5957
294.2876;269.3173;0.0000;904.4122;7431.5952
295.1221;268.3173;1.9855;903.4049;7438.5957
295.9566;267.3173;0.0000;906.0740;7445.5957
296.6257;266.3173;0.0000;902.7431;7452.5957
297.4602;265.3173;0.0000;905.9086;7459.7607
298.2948;264.3173;0.0000;907.9158;7466.7607
298.1293;263.3173;0.0000;903.7431;7473.7607
298.9639;262.1519;0.0000;908.7431;7480.7607
299.7984;261.9864;0.0000;906.0812;7487.7607
299.6329;260.9864;0.0000;906.7431;7494.7607
300.4675;259.9864;0.0000;902.3977;7501.7607
301.1365;258.9864;0.0000;907.9158;7508.7607
301.1365;257.9864;0.0000;907.4049;7515.7607
301.8056;256.9864;0.0000;909.2467;7522.7607
301.8056;256.8209;0.0000;908.5776;7529.7607
302.4747;255.8209;10.0145;909.2395;7536.7607
303.1438;254.8209;0.0000;908.7431;7543.7607
303.9783;253.8209;0.0000;910.0740;7550.7607
303.8129;252.6555;0.0000;912.7359;7557.7607
304.4819;251.6555;0.0000;911.7431;7564.7607
305.3165;250.6555;10.0145;904.0596;7571.7607
305.9855;249.6555;0.0000;914.0668;7578.7607
305.8201;248.8209;0.0000;912.9086;7585.7607
306.4891;246.9864;0.0000;913.2322;7592.7607
306.3237;245.9864;0.0000;915.9014;7599.7607
307.1582;245.8209;0.0000;913.4049;7607.5957
306.9928;243.8209;0.0000;915.0668;7614.5952
307.6619;242.8209;0.0000;916.5776;7621.5957
308.3309;241.8209;0.0000;915.4049;7628.5957
308.1655;241.6555;10.0145;916.8941;7635.5957
308.8346;240.4900;0.0000;917.9086;7642.7607
308.6691;239.4900;0.0000;915.5704;7649.7607
308.5036;238.4900;0.0000;918.4050;7656.7607
309.0072;238.3245;0.0000;916.0740;7663.7607
308.8418;237.1591;0.0000;918.4050;7670.7607
309.5109;236.1591;0.0000;919.5776;7677.7607
309.3454;235.1591;0.0000;917.7432;7684.7607
310.0145;234.1591;0.0000;920.0740;7691.7607
309.8490;232.9936;0.0000;921.5777;7698.7607
309.6836;232.8282;0.0000;918.0812;7705.7607
309.5181;231.8282;0.0000;918.5704;7712.7607
310.1872;230.8282;0.0000;921.5848;7719.7607
310.0217;229.8282;0.0000;919.5776;7726.7607
310.6908;228.8282;0.0000;920.4122;7733.7607
310.6908;227.8282;0.0000;921.4194;7740.7607
310.5253;227.6627;0.0000;919.9086;7747.7607
311.1944;226.4973;0.0000;922.2467;7754.7607
311.0289;225.4972;0.0000;920.5849;7761.7612
311.6980;224.3318;0.0000;920.7432;7768.7607
311.5325;223.3318;0.0000;922.7503;7775.7607
311.3671;223.0009;0.0000;921.7503;7782.7607
311.2016;222.0008;0.0000;921.5777;7790.5957
311.8707;220.0009;0.0000;924.9230;7797.5952
311.7052;219.0009;0.0000;920.0812;7804.5957
312.5398;218.8354;0.0000;925.9158;7811.5957
312.3743;217.6699;0.0000;923.7575;7818.5957
312.2089;216.6699;0.0000;922.0812;7825.7607
312.8779;215.5045;0.0000;924.7503;7832.7607
312.7125;214.5045;0.0000;922.2539;7839.7607
312.5470;213.5045;0.0000;922.0812;7846.7607
313.2161;212.5045;0.0000;924.2539;7853.7607
313.2161;211.5045;0.0000;922.0884;7860.7607
313.8851;210.5045;0.0000;923.7503;7867.7607
313.7197;209.3390;0.0000;923.9230;7874.7607
313.5542;208.3390;0.0000;922.5848;7881.7607
314.2233;206.5045;0.0000;925.5848;7888.7607
314.0579;205.3390;10.0145;924.4266;7895.7607
314.7269;204.3390;0.0000;924.5848;7902.7607
314.5615;203.3390;10.0145;925.4194;7909.7607
314.3960;202.3390;0.0000;925.2612;7916.7607
314.8996;200.5045;0.0000;924.5848;7923.7607
314.7342;199.5045;0.0000;927.5920;7930.7607
315.4033;198.6699;10.0145;925.4266;7937.7607
315.0723;196.8354;0.0000;927.9230;7944.7612
314.9069;195.8354;10.0145;927.2612;7951.7607
315.4105;194.8354;0.0000;923.2539;7958.7607
315.0796;193.8354;0.0000;931.4266;7965.7607
314.9141;192.8354;0.0000;924.0884;7973.5957
314.5832;191.8354;0.0000;925.9230;7980.5952
314.4177;190.8354;0.0000;929.5921;7987.5957
314.9213;189.0009;0.0000;928.0957;7994.5957
314.7559;188.1663;0.0000;928.2612;8001.5957
314.4249;187.1663;0.0000;931.4266;8008.5952
314.2595;186.1663;0.0000;928.2612;8015.7607
314.0940;184.4973;0.0000;931.4266;8022.7607
313.7631;183.6627;0.0000;932.2684;8029.7607
314.4322;182.6627;0.0000;930.7648;8036.7607
314.2667;181.8282;0.0000;932.4266;8043.7607
313.9358;180.1591;0.0000;933.1030;8050.7607
313.7703;179.1591;0.0000;930.9303;8057.7607
313.4394;178.3245;1.9855;935.9303;8064.7607
313.2739;177.3246;0.0000;934.7720;8071.7607
312.9430;176.3246;0.0000;933.7648;8078.7607
312.6121;175.3246;0.0000;937.1030;8085.7607
312.4466;173.6555;0.0000;932.4338;8092.7607
312.2812;172.6555;0.0000;934.4411;8099.7607
311.9502;170.8209;0.0000;938.9303;8106.7607
312.4539;169.9864;0.0000;933.2756;8113.7607
312.2884;168.1519;0.0000;938.0885;8120.7607
311.9575;167.3173;0.0000;938.4338;8127.7607
311.7920;166.4828;0.0000;937.7648;8134.7607
311.4611;165.4828;0.0000;940.5921;8141.7607
311.2956;163.8137;0.0000;939.7648;8148.7607
310.9647;162.8137;0.0000;938.9303;8155.7607
309.7992;161.8137;0.0000;941.7648;8163.5952
309.6338;160.9792;0.0000;939.4266;8170.5957
310.1374;159.1446;0.0000;939.7576;8177.5957
309.8065;158.3101;0.0000;941.9303;8184.5957
309.6410;156.4755;0.0000;938.9303;8191.5952
309.3101;155.6410;0.0000;940.9230;8198.7607
308.1446;154.6410;0.0000;941.7648;8205.7607
307.8137;153.8065;0.0000;939.4266;8212.7607
307.6482;151.9719;0.0000;942.5921;8219.7607
307.3173;151.1374;10.0145;941.9375;8226.7607
307.1519;150.3028;0.0000;942.2612;8233.7617
306.8209;148.6338;10.0145;943.0957;8240.7607
305.8209;147.6338;0.0000;944.2684;8247.7607
305.4900;146.7992;0.0000;942.4266;8254.7607
305.3246;145.9647;0.0000;943.5994;8261.7607
304.9937;144.2956;0.0000;941.9303;8268.7607
304.8282;143.4611;0.0000;942.7576;8275.7607
304.4973;141.7920;0.0000;944.2684;8282.7607
304.1663;140.9575;0.0000;941.7648;8289.7607
303.1663;139.1229;0.0000;944.4266;8296.7607
302.8354;138.2884;0.0000;943.9375;8303.7607
302.6699;137.4538;0.0000;942.4266;8310.7607
301.5045;135.7848;0.0000;945.0958;8317.7607
301.3390;133.9502;0.0000;943.9375;8324.7607
300.1736;133.1157;0.0000;943.2612;8331.7607
300.0081;131.4466;0.0000;944.7648;8338.7607
299.6772;130.6121;0.0000;943.5994;8346.5957
298.6772;129.7775;0.0000;945.0958;8353.5957
298.3463;128.1085;0.0000;946.7720;8360.5957
297.3463;127.2739;0.0000;944.4339;8367.5957
297.1808;125.6049;0.0000;945.9303;8374.5957
297.0153;124.7703;0.0000;946.4412;8381.7607
296.0153;123.1012;0.0000;944.7648;8388.7607
295.8499;122.2667;0.0000;947.5994;8395.7607
294.8499;121.4322;0.0000;945.6066;8402.7607
293.8499;119.9286;0.0000;946.5994;8409.7617
293.6844;119.0940;0.0000;947.5994;8416.7617
292.6844;117.4249;0.0000;945.6066;8423.7607
291.8499;116.7559;0.0000;946.7648;8430.7607
291.6844;115.9213;0.0000;948.9447;8437.7607
290.6844;114.2522;0.0000;945.9375;8444.7607
289.6844;113.4177;0.0000;947.5994;8451.7607
288.8499;112.7486;0.0000;945.6066;8458.7607
288.6844;111.9141;10.0145;944.5994;8465.7607
287.8499;111.2450;0.0000;948.2684;8472.7607
287.6844;109.5759;0.0000;947.2756;8479.7607
286.6844;108.7414;0.0000;946.4338;8486.7607
286.5189;107.9068;0.0000;947.1030;8493.7607
285.5189;107.2378;0.0000;946.2756;8500.7607
284.5189;106.4032;0.0000;946.4338;8507.7607
284.3535;105.5687;0.0000;948.9447;8514.7607
283.3535;104.8996;0.0000;946.7720;8521.7607
282.3535;104.0651;0.0000;947.5994;8529.5957
281.5189;103.2305;0.0000;946.4412;8536.5957
281.3535;102.5615;0.0000;946.4412;8543.5957
280.3535;100.8924;0.0000;951.7720;8550.5957
279.3535;101.0578;0.0000;947.9447;8557.5957
278.5189;100.2233;0.0000;948.7720;8564.5957
277.5189;99.3888;0.0000;949.6065;8571.7607
277.3535;98.7197;0.0000;946.7793;8578.7607
276.3535;98.7197;0.0000;947.9375;8585.7607
275.3535;98.0506;0.0000;950.1102;8592.7617
275.0225;97.2161;0.0000;946.1102;8599.7617
274.0226;96.3816;0.0000;949.2684;8606.7607
272.8571;95.5470;0.0000;948.4483;8613.7607
271.8571;94.8779;0.0000;946.4412;8620.7607
271.5262;94.0434;0.0000;949.4338;8627.7607
270.3607;93.3743;0.0000;948.4483;8634.7607
270.1953;92.5398;0.0000;946.9448;8641.7607
269.0298;91.8707;0.0000;947.1246;8648.7607
268.0298;91.8707;0.0000;948.4483;8655.7607
267.8643;91.0362;0.0000;945.9520;8662.7607
267.0298;90.3671;0.0000;947.6210;8669.7607
266.8643;89.5326;0.0000;938.6138;8676.7607
265.8643;89.6980;0.0000;947.2828;8683.7607
264.8643;89.0289;0.0000;946.6282;8690.7607
264.6989;89.0289;0.0000;944.6210;8697.7607
263.6989;88.1944;0.0000;946.6210;8704.7607
262.6989;87.5253;0.0000;946.6282;8712.5957
262.5334;86.6908;0.0000;939.6066;8719.5957
261.3679;86.0217;0.0000;950.2900;8726.5957
261.2025;86.0217;0.0000;946.9591;8733.5957
260.2025;85.3526;0.0000;948.2900;8740.5957
259.8716;84.5181;10.0145;947.4555;8747.5957
258.8715;84.6835;0.0000;944.4556;8754.7607
257.7061;84.0145;0.0000;945.4484;8761.7607
256.7061;84.0145;0.0000;939.9520;8768.7607
256.5406;83.3454;0.0000;947.2900;8775.7617
255.3751;82.6763;0.0000;944.6138;8782.7617
254.3751;82.0072;10.0145;946.6282;8789.7607
254.2097;82.1727;0.0000;944.6210;8796.7607
253.2097;81.3382;0.0000;947.6210;8803.7607
252.2097;80.6691;0.0000;945.9591;8810.7607
251.2097;80.0000;0.0000;944.4484;8817.7607
250.2097;80.1655;0.0000;946.6210;8824.7607
249.0442;79.4964;10.0145;946.4555;8831.7607
248.8788;78.8273;0.0000;943.6138;8838.7607
247.8788;78.9928;10.0145;944.6210;8845.7607
246.8788;78.3237;0.0000;944.4556;8852.7607
245.8788;77.6546;0.0000;943.9448;8859.7607
244.8788;77.8201;0.0000;944.7865;8866.7607
243.8788;77.1510;0.0000;943.2829;8873.7607
243.0442;77.1510;10.0145;944.7793;8880.7607
242.0442;76.4819;0.0000;944.6210;8887.7607
241.2097;75.8128;0.0000;943.2756;8894.7607
240.2097;75.9783;10.0145;943.6138;8902.5957
239.2097;75.3092;0.0000;943.2829;8909.5957
238.3752;74.4747;0.0000;942.4411;8916.5957
237.3752;74.6402;10.0145;943.6138;8923.5957
236.3752;73.9711;10.0145;939.9448;8930.5957
235.3752;73.9711;10.0145;942.4411;8937.7607
234.5406;73.3020;0.0000;944.9520;8944.7607
233.5406;72.4675;0.0000;942.9448;8951.7607
232.7061;72.6329;0.0000;943.2756;8958.7617
231.8715;71.7984;10.0145;943.4484;8965.7617
231.0370;71.9638;0.0000;943.4411;8972.7607
230.0370;71.1293;0.0000;943.4411;8979.7607
229.2025;70.4602;0.0000;943.4484;8986.7607
228.2025;70.6257;0.0000;943.4411;8993.7607
227.3679;69.7912;0.0000;945.4484;9000.7607
226.5334;69.1221;0.0000;942.9448;9007.7607
225.5334;69.1221;0.0000;945.4412;9014.7607
224.6989;69.2876;0.0000;945.4484;9021.7607
223.8643;68.4530;0.0000;943.4411;9028.7607
223.0298;68.6184;0.0000;944.6066;9035.7607
221.1952;67.9494;0.0000;944.4556;9042.7607
220.3607;67.1148;0.0000;943.4411;9049.7607
220.1952;66.4458;0.0000;943.6066;9056.7607
219.3607;66.4458;0.0000;944.6138;9063.7607
218.5262;65.7767;0.0000;943.6066;9070.7607
217.5262;65.7767;0.0000;946.2756;9077.7607
215.8571;65.1076;0.0000;942.9448;9085.5957
215.6916;64.4386;0.0000;943.9375;9092.5957
214.8571;65.2731;0.0000;944.6138;9099.5957
213.8571;64.6040;0.0000;940.9375;9106.5957
212.8571;63.9349;0.0000;943.1030;9113.5957
211.8571;63.9349;0.0000;942.9448;9120.5957
210.8571;63.2658;0.0000;942.7720;9127.7607
209.8571;63.4313;0.0000;945.2684;9134.7607
209.0225;63.4313;0.0000;942.9448;9141.7607
208.0225;62.7622;0.0000;942.2684;9148.7617
207.0225;62.9277;0.0000;942.9375;9155.7607
206.0225;62.0932;0.0000;942.1102;9162.7607
205.0225;62.2586;0.0000;941.2684;9169.7607
204.0225;61.5896;0.0000;940.6066;9176.7607
203.0225;61.7550;0.0000;941.2684;9183.7607
201.1880;61.7550;0.0000;941.9303;9190.7607
200.1880;60.2514;0.0000;943.4411;9197.7607
199.1880;60.4169;0.0000;940.5994;9204.7607
198.1880;60.5823;0.0000;942.5994;9211.7607
197.1880;60.7478;0.0000;941.1030;9218.7607
197.0225;60.9132;0.0000;940.5994;9225.7607
196.0225;61.0787;0.0000;940.9303;9232.7607
195.0225;61.2442;0.0000;941.1030;9239.7607
195.0225;61.2442;0.0000;940.5994;9246.7607
194.0225;61.4096;0.0000;941.1030;9253.7607
193.0225;60.7405;0.0000;939.2684;9260.7607
192.1880;60.9060;10.0145;942.2612;9268.5957
191.1880;61.0715;0.0000;941.1030;9275.5957
190.1880;60.4024;0.0000;939.2684;9282.5957
189.3535;60.4024;0.0000;942.2612;9289.5957
188.3535;60.5678;0.0000;941.4338;9296.5957
187.3535;60.7333;0.0000;939.4266;9303.5957
186.5189;60.8988;0.0000;938.9303;9310.7607
185.5189;61.0642;0.0000;937.9303;9317.7607
184.5189;61.2297;0.0000;939.7576;9324.7607
183.5189;61.3951;0.0000;940.5994;9331.7607
182.6844;60.7261;0.0000;938.9303;9338.7607
181.6844;60.8915;0.0000;940.9230;9345.7607
180.8499;61.0570;0.0000;941.4338;9352.7607
179.8499;61.2225;0.0000;939.2612;9359.7607
179.0153;61.3879;0.0000;941.5921;9366.7607
178.1808;61.5534;10.0145;938.4338;9373.7607
177.1808;61.8843;0.0000;939.2540;9380.7607
176.3462;62.0498;0.0000;939.9230;9387.7607
175.5117;62.2152;0.0000;939.4338;9394.7607
174.5117;62.3807;0.0000;939.2540;9401.7607
173.6772;62.7116;0.0000;940.4266;9408.7607
173.5117;62.8771;0.0000;936.7576;9415.7607
172.6772;63.0425;0.0000;940.2540;9422.7607
171.8426;63.2080;0.0000;938.9303;9429.7607
170.8426;63.3735;10.0145;937.9230;9436.7607
170.0081;63.7044;0.0000;938.5848;9443.7607
169.0081;63.8698;0.0000;938.7648;9450.7607
168.1735;64.2008;0.0000;937.5848;9458.5957
167.3390;64.3662;0.0000;940.0885;9465.5957
166.3390;64.6972;0.0000;938.0957;9472.5957
166.3390;64.8626;0.0000;938.9230;9479.5957
165.3390;65.1936;0.0000;938.9230;9486.5957
164.5045;65.5245;0.0000;936.2539;9493.7607
163.6699;65.8554;0.0000;938.0812;9500.7607
162.6699;66.8554;0.0000;938.7576;9507.7607
161.8354;67.1863;0.0000;936.5848;9514.7607
161.0009;67.5172;0.0000;937.5848;9521.7607
160.0009;67.8482;0.0000;935.2539;9528.7607
159.1663;68.0136;0.0000;935.0812;9535.7607
157.3318;68.3446;0.0000;937.7503;9542.7607
157.1663;68.5100;0.0000;936.0885;9549.7607
156.3318;68.8409;0.0000;935.9158;9556.7617
155.3318;69.0064;0.0000;937.7503;9563.7607
154.4972;69.3373;0.0000;937.0885;9570.7607
153.4973;69.5028;0.0000;935.2467;9577.7607
153.4973;69.8337;0.0000;936.9230;9584.7607
152.4973;70.1646;10.0145;933.5848;9591.7607
151.6627;70.3301;0.0000;935.2467;9598.7607
151.6627;71.4955;0.0000;937.0885;9605.7607
150.6627;71.8265;0.0000;934.9158;9612.7607
149.8282;72.8265;0.0000;937.5848;9619.7607
148.9936;73.1574;0.0000;934.5848;9626.7607
148.1591;73.4883;10.0145;933.9086;9633.7617
147.3246;73.8192;0.0000;936.0812;9641.5957
146.4900;74.1502;0.0000;936.2539;9648.5957
145.6555;74.3156;0.0000;938.0812;9655.5957
144.8209;74.6465;0.0000;937.2539;9662.5957
143.9864;74.8120;0.0000;935.2467;9669.5957
143.1518;75.1429;0.0000;938.5776;9676.5957
143.1518;75.3084;0.0000;936.5848;9683.7607
142.3173;75.4738;0.0000;934.2467;9690.7607
142.3173;75.8048;0.0000;936.5776;9697.7607
141.4828;76.8048;0.0000;934.5848;9704.7607
140.6482;76.9702;0.0000;935.5776;9711.7607
140.6482;77.1357;1.9855;935.4122;9718.7607
139.8137;77.4666;1.9855;932.7503;9725.7607
138.9792;77.6321;0.0000;934.7431;9732.7607
138.1446;77.9630;1.9855;935.4194;9739.7617
137.3101;78.1285;0.0000;931.2612;9746.7607
136.4755;78.2939;0.0000;932.0885;9753.7607
136.4755;78.4594;0.0000;933.0957;9760.7607
135.6410;78.6249;10.0145;929.7576;9767.7607
134.8065;78.7903;0.0000;932.0885;9774.7607
133.9719;79.7903;0.0000;931.9303;9781.7607
133.1374;79.9558;0.0000;930.2539;9788.7607
132.3028;80.1212;0.0000;929.2539;9795.7607
131.4683;80.2867;0.0000;928.7576;9802.7607
130.6338;80.4522;0.0000;930.0885;9809.7607
130.6338;80.6176;0.0000;931.7576;9816.7617
129.7992;80.6176;0.0000;928.0885;9824.5957
128.9647;80.7831;10.0145;928.0812;9831.5957
128.2956;81.7831;0.0000;927.7575;9838.5957
127.4611;82.7831;0.0000;924.5848;9845.5957
126.6265;82.9486;10.0145;926.4122;9852.5957
125.7920;83.1140;0.0000;925.0884;9859.5957
124.9575;83.2795;0.0000;921.7432;9866.7607
124.1229;84.2795;0.0000;924.5776;9873.7607
123.2884;85.1140;0.0000;922.9158;9880.7607
123.2884;86.1140;0.0000;921.0741;9887.7607
122.6193;86.2795;0.0000;923.4121;9894.7607
121.7848;87.2795;0.0000;920.4122;9901.7607
120.9502;87.2795;0.0000;923.9086;9908.7607
120.1157;86.6104;10.0145;921.2468;9915.7607
119.2812;86.7759;0.0000;919.9086;9922.7617
118.4466;86.7759;10.0145;919.0812;9929.7607
117.7775;86.9413;10.0145;918.0740;9936.7607
116.9430;87.1068;0.0000;916.9014;9943.7607
116.1085;87.9413;0.0000;916.7286;9950.7607
115.2739;88.9413;0.0000;915.4049;9957.7607
114.4394;89.9413;0.0000;915.9014;9964.7607
113.6049;89.9413;10.0145;916.7359;9971.7607
113.7703;90.1068;0.0000;913.3978;9978.7607
112.9358;90.2722;0.0000;915.2250;9985.7607
112.1012;91.1068;10.0145;915.7359;9992.7607
112.1012;92.1068;0.0000;906.2178;9999.7617
111.4322;92.2723;0.0000;912.0523;10006.7607
110.5976;92.2723;10.0145;910.8941;10014.5957
109.7631;93.2723;0.0000;910.8941;10021.5957
108.9286;94.2723;0.0000;911.8869;10028.5957
108.0940;95.2722;0.0000;910.3977;10035.5957
107.2595;96.1068;0.0000;909.7214;10042.5957
106.4249;96.2722;0.0000;909.7214;10049.7607
106.4249;96.4377;10.0145;907.3905;10056.7607
105.5904;96.6032;0.0000;908.5487;10063.7607
103.9213;97.4377;10.0145;909.2250;10070.7607
103.0868;98.4377;0.0000;905.8868;10077.7607
102.2522;99.4377;0.0000;909.3832;10084.7617
101.4177;99.4377;0.0000;906.7214;10091.7607
100.5832;99.6032;0.0000;903.8868;10098.7607
100.5832;100.6032;0.0000;906.8796;10105.7617
99.7486;101.6032;0.0000;905.8868;10112.7607
98.9141;101.7686;0.0000;902.5415;10119.7607
98.0795;101.9341;0.0000;902.2105;10126.7617
97.2450;102.9341;0.0000;905.8868;10133.7617
96.4105;103.9341;0.0000;900.2033;10140.7607
94.7414;104.9341;0.0000;904.7142;10147.7607
94.0723;105.0996;0.0000;901.2105;10154.7607
93.2378;106.0996;0.0000;902.0378;10161.7607
92.4032;107.0996;0.0000;902.0450;10168.7607
90.7342;108.0996;0.0000;898.8724;10175.7607
89.8996;108.2650;0.0000;900.3688;10182.7617
89.2305;109.2650;0.0000;900.0451;10189.7607
88.3960;110.2650;0.0000;899.3688;10197.5957
87.5614;111.2650;0.0000;900.3688;10204.5957
86.7269;111.4305;0.0000;898.3760;10211.5957
86.7269;112.4305;0.0000;897.2034;10218.5957
85.2233;113.4305;0.0000;897.2034;10225.5957
85.2233;113.5959;0.0000;896.0379;10232.7607
84.3888;114.5959;0.0000;896.3616;10239.7607
83.5542;115.5959;0.0000;898.5414;10246.7607
82.7197;116.5959;0.0000;896.2034;10253.7607
82.0506;116.7614;0.0000;898.1962;10260.7607
82.0506;117.7614;0.0000;895.8724;10267.7617
81.2161;117.9269;0.0000;895.5343;10274.7607
81.3815;118.9269;0.0000;899.3688;10281.7607
81.3815;119.0923;0.0000;898.3760;10288.7617
80.5470;120.0923;0.0000;896.8652;10295.7607
80.7124;120.2578;0.0000;897.2034;10302.7607
80.7124;120.4232;0.0000;895.3688;10309.7617
79.8779;121.4232;0.0000;896.2106;10316.7617
79.0434;121.5887;0.0000;895.2034;10323.7607
79.0434;122.4232;0.0000;895.1961;10330.7607
78.3743;123.4232;0.0000;896.6925;10337.7607
77.5398;124.4232;0.0000;896.8724;10344.7607
76.8707;125.4232;0.0000;894.3616;10351.7607
76.2016;126.2578;0.0000;897.6925;10358.7607
75.3671;126.4232;0.0000;891.0306;10365.7617
75.5326;127.4232;0.0000;893.5270;10372.7607
74.6980;127.4232;0.0000;894.3616;10380.5957
74.0289;128.4232;0.0000;891.3616;10387.5957
74.0289;128.5887;0.0000;890.8507;10394.5957
73.1944;129.4232;0.0000;892.1962;10401.5957
72.5253;129.5887;0.0000;890.1888;10408.5957
72.5253;130.5887;0.0000;891.0162;10415.5957
71.6908;131.4232;0.0000;889.6925;10422.7607
71.0217;132.4232;0.0000;889.5198;10429.7607
71.0217;132.5887;0.0000;889.6852;10436.7607
70.3526;133.5887;0.0000;887.6925;10443.7607
69.6835;134.5887;10.0145;889.5198;10450.7617
68.8490;135.4232;0.0000;888.6852;10457.7607
68.1799;136.4232;0.0000;887.8579;10464.7607
67.3454;136.5887;10.0145;887.3471;10471.7617
67.5108;137.5887;0.0000;886.3544;10478.7607
66.8418;138.5887;0.0000;886.0162;10485.7607
66.0072;138.7542;0.0000;887.0162;10492.7617
66.1727;139.7542;0.0000;888.0234;10499.7617
65.3382;140.7542;0.0000;884.3471;10506.7607
64.6691;141.5887;10.0145;885.8435;10513.7607
64.6691;141.7542;0.0000;886.6853;10520.7607
64.0000;142.7542;0.0000;884.3471;10527.7607
63.3309;143.7542;0.0000;883.3471;10534.7607
63.3309;144.7542;0.0000;883.5198;10541.7607
62.6618;145.7542;10.0145;883.6780;10548.7617
61.8273;145.9196;0.0000;883.8507;10555.7607
61.9928;146.9196;0.0000;881.3471;10562.7607
61.1582;147.9196;0.0000;880.6708;10570.5957
61.3237;148.9196;0.0000;882.6852;10577.5957
60.4892;149.7542;0.0000;881.6780;10584.5957
60.6546;149.9196;0.0000;883.0089;10591.5957
59.9855;150.9196;0.0000;881.1816;10598.5957
60.1510;151.9196;0.0000;880.3398;10605.7607
59.3165;152.9196;0.0000;883.5126;10612.7607
58.6474;153.0851;0.0000;881.1816;10619.7607
58.8128;154.7542;0.0000;880.8435;10626.7607
57.9783;155.7542;0.0000;882.6852;10633.7617
58.1438;156.7542;0.0000;879.5126;10640.7607
57.4747;157.7542;0.0000;882.1744;10647.7607
57.6402;158.7542;0.0000;879.0162;10654.7617
56.9711;159.5887;0.0000;879.6780;10661.7607
57.1365;160.5887;0.0000;877.8362;10668.7607
56.3020;161.5887;0.0000;876.6780;10675.7617
56.4674;163.4232;0.0000;878.6708;10682.7617
55.7984;164.4232;0.0000;880.5053;10689.7607
55.9638;165.2578;0.0000;876.6780;10696.7607
55.1293;166.2578;0.0000;878.3398;10703.7607
54.4602;168.0923;0.0000;879.1744;10710.7607
54.6257;169.0923;0.0000;877.5126;10717.7607
54.7912;170.0923;0.0000;877.1744;10724.7607
54.1221;171.0923;0.0000;878.0162;10731.7607
54.1221;172.9268;0.0000;876.6780;10738.7607
54.2876;173.7614;0.0000;875.1671;10745.7607
53.6184;174.7614;0.0000;877.8507;10753.5957
53.7839;175.7614;0.0000;876.6780;10760.5957
53.9494;176.7614;0.0000;877.6780;10767.5957
54.1148;177.7614;10.0145;876.0162;10774.5957
53.6112;179.5959;0.0000;876.6780;10781.5957
53.7767;180.5959;0.0000;876.6780;10788.7607
53.1076;181.5959;0.0000;876.1816;10795.7607
53.2731;182.4305;0.0000;874.5053;10802.7607
53.2731;183.4305;0.0000;875.6852;10809.7607
53.4386;184.4305;0.0000;874.5126;10816.7607
52.7695;185.4305;0.0000;877.1744;10823.7617
52.9349;186.4305;0.0000;876.1816;10830.7607
52.2658;187.2650;10.0145;873.6708;10837.7607
52.2658;189.0995;0.0000;876.8435;10844.7617
52.4313;190.0995;0.0000;876.0162;10851.7607
51.7622;191.0995;10.0145;874.1744;10858.7607
51.9277;192.0995;0.0000;876.6780;10865.7617
52.0932;193.0995;10.0145;875.6852;10872.7607
51.4241;193.9341;0.0000;874.1744;10879.7617
51.4241;194.9341;0.0000;877.5126;10886.7607
50.7550;195.9341;0.0000;872.8435;10893.7607
50.9205;197.6032;0.0000;874.6708;10900.7617
50.9205;198.6032;0.0000;874.5126;10907.7607
50.2514;198.7686;0.0000;873.1744;10914.7607
50.4169;199.6032;0.0000;874.6708;10921.7617
50.5823;200.6032;0.0000;873.5126;10928.7607
50.7478;201.6031;0.0000;871.6708;10936.5957
50.0787;202.4377;0.0000;873.3398;10943.5947
50.0787;203.4377;0.0000;874.6780;10950.5957
50.2442;204.2722;0.0000;874.5053;10957.5957
50.4096;205.2722;0.0000;874.1816;10964.5947
49.7405;206.1068;0.0000;872.8435;10971.5957
49.9060;207.1068;0.0000;876.8435;10978.7607
49.9060;207.9413;0.0000;876.1816;10985.7617
50.0715;208.7759;0.0000;872.0089;10992.7607
49.4024;209.7759;0.0000;876.6780;10999.7607
49.5678;210.6104;10.0145;875.6852;11006.7617
49.7333;210.7759;0.0000;870.8363;11013.7607
49.8988;211.6104;0.0000;873.0089;11020.7607
49.2297;212.6104;0.0000;873.1816;11027.7617
49.3951;213.4449;0.0000;871.6708;11034.7607
49.5606;214.2795;0.0000;872.0089;11041.7607
48.8915;215.2795;0.0000;871.5125;11048.7617
48.8915;216.1140;0.0000;871.6708;11055.7607
49.0570;217.7831;0.0000;871.5125;11062.7617
49.2225;218.6176;0.0000;870.3398;11069.7607
49.3879;219.6176;0.0000;873.3398;11076.7607
48.5534;220.4522;10.0145;872.1816;11083.7617
48.7188;222.1212;0.0000;869.1744;11090.7607
48.8843;223.1212;10.0145;870.5054;11097.7607
49.0498;223.9558;0.0000;872.3470;11104.7617
49.2152;225.6249;0.0000;869.0090;11111.7607
49.3807;226.6249;0.0000;872.8435;11118.7607
49.3807;227.4594;0.0000;870.0090;11126.5947
49.5462;229.2939;10.0145;871.1744;11133.5957
48.8771;230.1284;0.0000;870.6780;11140.5957
49.0425;231.1285;10.0145;870.0090;11147.5947
49.2080;232.7975;0.0000;870.8363;11154.5957
49.3735;233.6321;0.0000;872.6852;11161.7607
49.5389;234.4666;0.0000;870.0090;11168.7617
49.7044;236.3011;0.0000;870.8435;11175.7607
49.8698;237.1357;10.0145;870.1888;11182.7607
49.8698;237.9702;0.0000;869.8435;11189.7617
50.0353;238.8048;10.0145;870.5126;11196.7617
50.2008;239.8048;0.0000;869.5126;11203.7607
50.3662;240.6393;0.0000;869.8435;11210.7617
50.5317;241.4738;10.0145;870.1816;11217.7607
50.6972;242.3084;0.0000;869.1816;11224.7607
50.8626;243.3084;0.0000;870.8435;11231.7617
51.0281;244.1429;0.0000;871.1888;11238.7607
51.0281;244.9775;0.0000;867.3471;11245.7617
51.1936;245.8120;0.0000;874.0162;11252.7607
51.3590;246.8120;0.0000;870.6852;11259.7607
51.5245;247.6465;0.0000;870.3472;11266.7617
51.5245;248.4811;0.0000;871.8506;11273.7607
50.8554;249.3156;1.9855;869.0162;11280.7607
51.0209;250.1502;0.0000;873.1816;11287.7617
51.1863;250.9847;0.0000;871.5198;11294.7607
51.3518;251.9847;0.0000;870.6852;11301.7607
51.3518;252.8192;0.0000;874.0162;11309.5947
51.6827;253.6538;0.0000;875.0234;11316.5957
51.8482;253.6538;0.0000;872.6852;11323.5957
52.0136;254.6538;0.0000;875.5198;11330.5947
52.1791;255.4883;0.0000;875.8652;11337.5957
52.5100;256.3228;0.0000;872.8507;11344.7607
52.6755;257.3228;0.0000;875.1888;11351.7617
52.8409;258.1574;0.0000;874.8579;11358.7607
53.1719;258.9919;0.0000;875.5198;11365.7607
53.3373;259.9919;0.0000;876.5270;11372.7617
53.5028;260.8265;0.0000;876.1961;11379.7617
53.8337;260.8265;0.0000;876.8579;11386.7607
53.9992;261.6610;0.0000;876.6996;11393.7617
55.1646;262.6610;0.0000;876.0306;11400.7607
55.3301;264.3301;0.0000;875.7069;11407.7607
55.6610;265.3301;0.0000;878.7069;11414.7617
55.9919;266.1646;0.0000;874.5270;11421.7607
56.3228;267.1646;0.0000;879.3688;11428.7617
56.4883;267.9991;0.0000;876.5415;11435.7617
57.6538;268.8337;0.0000;877.5342;11442.7607
57.9847;269.8337;0.0000;880.3760;11449.7617
58.3156;270.6682;0.0000;876.2034;11456.7607
58.6465;271.5028;1.9855;878.6997;11463.7607
59.8120;272.3373;0.0000;879.8796;11470.7617
60.1429;273.1719;0.0000;877.7069;11477.7607
60.3084;274.0064;0.0000;880.8724;11484.7607
61.4738;275.6755;0.0000;881.5487;11492.5947
61.8048;276.5100;0.0000;879.5415;11499.5957
62.9702;277.3445;0.0000;881.7142;11506.5947
63.3011;278.1791;0.0000;882.3832;11513.5957
63.6321;279.0136;0.0000;880.3760;11520.5957
64.7975;279.8482;0.0000;884.2178;11527.5957
65.1285;280.6827;1.9855;880.7142;11534.7617
65.4594;281.5172;10.0145;883.0451;11541.7607
66.6249;282.3518;0.0000;886.3905;11548.7607
66.9558;283.1863;0.0000;884.8869;11555.7617
67.2867;284.0209;0.0000;885.7214;11562.7617
68.4522;284.6899;0.0000;885.2250;11569.7607
68.7831;285.5245;0.0000;884.7214;11576.7617
69.1140;286.1936;1.9855;885.0524;11583.7607
70.2795;287.0281;0.0000;882.2250;11590.7607
70.6104;288.5317;0.0000;884.8869;11597.7607
70.9413;289.3662;1.9855;884.5560;11604.7607
72.1068;290.2008;0.0000;884.0596;11611.7617
72.4377;290.8698;0.0000;884.0524;11618.7617
73.6032;291.7044;0.0000;886.0596;11625.7607
73.9341;292.5389;0.0000;883.5560;11632.7617
75.0996;293.2080;0.0000;887.5560;11639.7617
75.4305;294.0426;0.0000;888.3978;11646.7607
75.7614;294.8771;0.0000;887.2250;11653.7617
76.7614;295.5462;0.0000;888.2250;11660.7607
77.0923;297.2152;0.0000;885.7287;11667.7607
77.4232;297.8843;0.0000;885.7214;11674.7617
78.4232;298.7188;1.9855;888.2250;11682.5957
78.7542;299.3879;0.0000;886.2250;11689.5947
79.9196;300.2225;0.0000;885.0524;11696.5957
80.0851;300.8915;0.0000;887.2323;11703.5957
81.2505;301.7261;0.0000;886.5632;11710.5957
81.5815;303.2297;0.0000;886.5560;11717.7617
82.5815;304.0642;0.0000;887.5632;11724.7607
83.7469;304.7333;0.0000;884.3905;11731.7607
84.0779;306.4024;0.0000;887.5560;11738.7617
85.0779;307.2369;0.0000;887.5632;11745.7617
86.0779;307.9060;0.0000;887.0596;11752.7607
86.4088;309.5751;0.0000;888.0596;11759.7617
87.4088;310.4096;0.0000;886.5632;11766.7607
87.5742;311.9132;0.0000;885.7214;11773.7607
88.5742;312.7478;0.0000;886.8941;11780.7607
89.5742;313.5823;0.0000;883.2250;11787.7607
89.7397;315.2514;0.0000;887.5560;11794.7617
90.9052;315.9205;0.0000;887.2323;11801.7617
91.9052;316.7550;0.0000;886.0596;11808.7607
92.9052;318.4241;0.0000;885.7214;11815.7617
93.9052;319.2586;0.0000;886.3978;11822.7617
94.9052;319.9277;0.0000;884.0524;11829.7607
95.0706;321.5968;1.9855;887.2250;11836.7617
96.0706;322.4313;10.0145;886.5632;11843.7607
97.0706;323.2659;0.0000;884.5560;11850.7607
98.0706;324.7695;0.0000;884.3905;11857.7617
99.2361;325.6040;0.0000;884.0596;11865.5957
100.2361;326.4386;0.0000;884.0524;11872.5957
100.4016;327.2731;0.0000;885.5632;11879.5957
101.4016;328.9422;0.0000;884.7214;11886.5957
102.4016;329.7767;0.0000;885.7214;11893.5957
103.5670;330.6112;0.0000;886.3978;11900.7617
104.5670;332.2803;0.0000;886.2250;11907.7607
105.5670;332.9494;0.0000;888.0596;11914.7607
106.5670;333.7840;0.0000;885.5632;11921.7617
107.5670;334.6185;0.0000;884.8869;11928.7617
108.5670;335.2876;0.0000;886.8941;11935.7607
109.5670;336.9566;0.0000;884.7286;11942.7617
110.5670;337.7912;1.9855;887.2250;11949.7607
111.4016;338.6257;0.0000;885.5632;11956.7607
112.4016;339.2948;0.0000;884.2250;11963.7617
113.4016;340.1293;0.0000;884.7214;11970.7607
114.4016;340.7984;0.0000;887.2323;11977.7617
115.4016;341.6329;0.0000;883.0596;11984.7617
115.5670;342.4675;0.0000;887.0596;11991.7607
116.5670;343.1365;0.0000;884.3978;11998.7617
117.5670;343.9711;0.0000;884.3905;12005.7617
118.5670;344.6402;0.0000;886.0596;12012.7607
118.7325;344.6402;0.0000;883.8942;12019.7617
119.7325;345.3092;0.0000;884.7214;12026.7607
120.7325;346.1438;0.0000;885.3977;12033.7607
120.8979;346.9783;0.0000;881.3905;12040.7617
121.8979;346.8129;0.0000;885.0524;12048.5957
122.0634;347.6474;0.0000;885.5632;12055.5957
123.2289;348.3165;0.0000;884.5560;12062.5957
124.2289;349.1510;0.0000;886.3905;12069.5957
124.3943;349.8201;0.0000;885.5632;12076.5957
125.3943;350.6546;0.0000;883.8869;12083.5957
126.3943;351.3237;0.0000;884.7214;12090.7607
127.3943;352.1583;0.0000;884.0596;12097.7607
128.3943;351.9928;0.0000;883.5560;12104.7617
129.3943;353.6619;0.0000;884.5632;12111.7617
130.5598;353.4964;0.0000;881.8868;12118.7607
131.5598;354.1655;0.0000;884.7214;12125.7617
132.5598;354.1655;0.0000;883.8942;12132.7607
133.7252;354.8345;0.0000;883.5560;12139.7607
135.5598;355.5036;0.0000;884.5560;12146.7617
136.5598;356.1727;0.0000;883.8942;12153.7607
137.7252;356.8418;0.0000;883.7214;12160.7617
138.7253;356.8418;0.0000;884.3905;12167.7617
139.8907;357.5109;0.0000;881.3905;12174.7607
141.7252;358.1799;0.0000;884.7214;12181.7617
142.8907;358.0145;0.0000;885.8942;12188.7617
144.8907;358.6836;0.0000;884.0596;12195.7607
146.7253;359.3526;0.0000;883.2178;12202.7617
147.7253;359.1872;0.0000;885.5632;12209.7607
149.7252;359.6908;0.0000;882.3905;12216.7607
151.7253;359.5253;0.0000;884.8869;12223.7617
152.7253;360.1944;0.0000;884.3978;12231.5957
154.7253;360.8635;0.0000;882.8868;12238.5957
155.7253;361.5326;0.0000;885.3905;12245.5957
157.7252;362.2016;0.0000;883.8942;12252.5957
158.7252;361.8707;0.0000;884.3905;12259.5957
160.5598;362.5398;0.0000;885.8942;12266.5957
161.7253;363.2088;0.0000;883.8942;12273.7607
163.5598;363.7125;0.0000;884.8869;12280.7607
164.5598;364.3815;0.0000;886.2323;12287.7617
166.5598;364.0506;0.0000;884.2250;12294.7617
167.5598;364.7197;0.0000;883.8869;12301.7607
169.3943;365.3888;0.0000;885.2323;12308.7617
171.2289;365.0579;0.0000;884.3905;12315.7607
173.2289;365.7269;0.0000;886.8941;12322.7607
174.2289;365.3960;0.0000;885.2323;12329.7617
176.0634;366.0651;0.0000;884.3905;12336.7607
177.8979;365.7342;0.0000;888.5632;12343.7607
179.7325;366.2378;1.9855;884.8942;12350.7617
181.7325;366.9069;0.0000;886.0596;12357.7607
182.7325;366.5759;0.0000;887.9014;12364.7617
184.5670;367.2450;0.0000;886.3978;12371.7617
186.5670;366.9141;0.0000;887.2250;12378.7607
188.4016;367.4177;0.0000;884.3978;12385.7617
190.2361;367.2523;0.0000;885.8942;12392.7607
192.0706;367.7559;0.0000;887.2250;12399.7607
193.9052;367.4249;0.0000;885.9014;12406.7617
195.7397;367.9286;0.0000;886.0596;12413.7607
196.7397;367.5976;0.0000;888.0668;12421.5957
198.4088;367.4322;0.0000;886.3978;12428.5957
200.2433;367.1013;0.0000;886.8941;12435.5957
201.4088;367.6049;0.0000;888.7359;12442.5957
203.2433;367.4394;0.0000;887.2323;12449.5957
204.2433;367.9430;0.0000;887.2250;12456.7607
206.0779;367.7776;0.0000;889.0668;12463.7607
207.0779;368.2812;0.0000;886.5632;12470.7617
208.9124;367.9502;0.0000;888.5632;12477.7607
210.7469;367.7848;0.0000;888.5704;12484.7607
211.7469;367.4539;0.0000;888.2323;12491.7617
213.5815;367.1229;0.0000;890.2323;12498.7607
215.4160;367.6265;0.0000;890.4050;12505.7607
216.2505;367.4611;0.0000;889.5632;12512.7617
218.0851;367.1302;0.0000;889.7359;12519.7607
219.9196;367.6338;0.0000;888.9014;12526.7607
220.9196;367.3028;0.0000;889.7287;12533.7617
222.7542;367.1374;0.0000;890.5704;12540.7607
223.7542;366.8065;0.0000;886.5632;12547.7617
225.5887;367.4755;1.9855;891.3978;12554.7617
226.5887;367.1446;0.0000;891.2395;12561.7607
227.4232;366.8137;0.0000;888.5632;12568.7617
229.2578;366.6482;0.0000;891.0668;12575.7607
230.2578;367.1519;0.0000;890.4050;12582.7607
231.9269;366.8209;0.0000;887.3978;12589.7617
232.9268;366.6555;0.0000;890.0668;12596.7607
233.9268;366.3245;0.0000;890.7359;12604.5957
235.5959;365.9936;0.0000;892.3978;12611.5957
236.5959;365.6627;0.0000;893.0740;12618.5957
238.2650;365.4973;0.0000;891.9014;12625.5957
239.2650;365.1663;0.0000;893.2323;12632.5957
240.9341;364.8354;0.0000;893.0740;12639.5957
241.9341;364.6699;0.0000;891.5632;12646.7607
242.7686;364.3390;0.0000;894.9013;12653.7617
244.6032;364.0081;0.0000;893.5704;12660.7607
245.4377;363.8426;0.0000;892.7286;12667.7607
247.1068;363.5117;0.0000;895.2322;12674.7617
247.9413;363.1808;0.0000;892.8942;12681.7607
249.6104;362.8499;0.0000;894.2250;12688.7607
251.1140;362.5189;0.0000;894.3977;12695.7617
251.9486;362.1880;1.9855;893.7286;12702.7607
253.4522;361.8571;0.0000;896.5559;12709.7607
255.1212;361.5262;1.9855;895.9013;12716.7617
255.9558;361.3607;0.0000;895.0595;12723.7607
257.4594;361.0298;1.9855;898.2250;12730.7617
259.1285;360.8643;1.9855;895.0668;12737.7607
260.7975;359.6989;1.9855;895.8940;12744.7607
261.4666;359.5334;0.0000;896.7286;12751.7617
263.1357;359.3679;1.9855;896.0668;12758.7607
264.8048;359.0370;0.0000;896.5559;12765.7607
265.6393;358.0370;0.0000;896.9013;12772.7617
267.3084;357.8715;0.0000;897.0668;12779.7607
268.8120;356.7061;0.0000;896.9086;12787.5957
270.4811;356.5406;0.0000;900.7286;12794.5957
272.1501;356.3751;0.0000;898.7214;12801.5957
273.8192;355.3751;0.0000;901.2178;12808.5957
274.4883;355.2097;0.0000;900.8941;12815.5957
276.1574;354.0443;0.0000;900.0523;12822.5957
277.8265;354.0443;0.0000;903.3905;12829.7607
279.4955;353.0443;0.0000;902.7286;12836.7617
280.3301;352.8788;0.0000;902.0523;12843.7607
282.8337;351.8788;0.0000;904.0596;12850.7607
284.5028;351.0443;0.0000;904.8941;12857.7617
285.3373;350.8788;0.0000;903.8868;12864.7607
287.0064;349.8788;0.0000;904.8941;12871.7607
288.6755;349.0443;0.0000;903.3905;12878.7617
289.5100;348.8788;0.0000;906.5559;12885.7607
291.1791;348.0443;0.0000;906.5632;12892.7607
292.8482;347.2097;0.0000;904.5559;12899.7617
293.6827;346.3752;0.0000;906.3977;12906.7607
295.3518;345.5406;0.0000;902.7503;12913.7617
296.1863;344.7061;10.0145;896.2901;12920.7607
297.6899;343.8715;0.0000;891.0242;12927.7607
299.3590;343.0370;10.0145;871.9817;12934.7617
300.1935;342.0370;0.0000;801.6533;12941.7607
236.1744;307.9447;0.0000;805.3296;10759.7041
237.0089;307.1102;0.0000;803.6605;10765.5469
238.6780;306.2756;0.0000;805.3296;10771.3877
240.3471;304.6066;0.0000;805.3296;10777.2295
241.1816;303.7720;0.0000;803.6605;10783.9053
242.8507;302.9375;0.0000;805.3296;10789.7480
244.5198;302.1029;0.0000;806.1642;10795.5898
245.3543;301.2684;0.0000;805.3296;10801.4316
247.0234;300.4338;0.0000;806.9987;10807.2734
247.8579;299.5993;0.0000;805.3296;10813.1143
249.5270;298.7648;0.0000;807.8333;10818.9570
251.1961;297.9302;0.0000;809.5023;10824.7988
252.8652;296.2611;0.0000;806.1642;10830.6396
254.5342;295.4266;0.0000;807.8333;10836.4824
255.3688;294.5921;0.0000;810.3369;10842.3242
257.0379;292.9230;0.0000;806.1642;10848.1650
258.7069;292.0885;0.0000;810.3369;10854.0078
259.5415;291.2539;0.0000;810.3369;10859.8486
261.2105;290.4194;0.0000;807.8333;10865.6904
262.0451;288.7503;0.0000;810.3369;10871.5332
263.7141;288.7503;0.0000;807.8333;10877.3740
264.5487;287.0812;0.0000;806.9987;10883.2168
266.2178;287.0812;0.0000;812.0060;10889.0576
267.0523;286.2467;0.0000;808.6678;10894.8994
268.7214;285.4121;0.0000;810.3369;10900.7422
269.5559;284.5776;0.0000;810.3369;10906.5830
271.2250;282.9085;0.0000;808.6678;10912.4248
272.8941;282.0740;0.0000;810.3369;10918.2676
274.5631;281.2395;0.0000;810.3369;10924.1084
275.3977;279.5704;0.0000;810.3369;10929.9502
277.0668;277.9013;0.0000;812.8405;10936.6260
278.7358;277.0668;0.0000;811.1714;10942.4688
279.5704;275.3977;0.0000;812.0060;10948.3096
280.4049;274.5631;0.0000;815.3441;10954.1523
282.0740;273.7286;0.0000;810.3369;10959.9941
282.9085;272.8941;0.0000;812.8405;10965.8350
283.7431;271.2250;0.0000;812.0060;10971.6777
285.4121;270.3905;10.0145;812.0060;10977.5186
286.2467;269.5559;0.0000;813.6750;10983.3604
287.0812;268.7214;10.0145;813.6750;10989.2031
287.9158;267.0523;0.0000;812.0060;10995.0439
289.5848;266.2178;0.0000;813.6750;11000.8857
290.4194;264.5487;0.0000;812.8405;11006.7285
291.2539;263.7141;0.0000;812.8405;11012.5693
292.0885;262.8796;0.0000;815.3441;11018.4111
293.7576;261.2105;0.0000;811.1714;11024.2529
294.5921;260.3760;0.0000;813.6750;11030.0947
295.4266;258.7069;0.0000;815.3441;11035.9375
296.2611;257.0379;0.0000;812.0060;11041.7783
297.0957;255.3688;0.0000;815.3441;11047.6201
298.7648;253.6997;0.0000;814.5096;11053.4619
299.5993;252.0306;0.0000;812.0060;11059.3037
301.2684;250.3615;0.0000;815.3441;11065.1455
302.1029;248.6925;0.0000;814.5096;11070.9873
303.7720;247.0234;0.0000;813.6750;11076.8291
304.6066;246.1889;0.0000;816.1786;11082.6699
305.4411;244.5198;0.0000;814.5096;11089.3467
306.2756;243.6852;0.0000;815.3441;11095.1895
307.1102;242.8507;0.0000;816.1786;11101.0303
308.7792;241.1816;0.0000;813.6750;11106.8730
308.7792;240.3471;0.0000;815.3441;11112.7148
309.6138;239.5125;0.0000;816.1786;11118.5557
310.4483;237.8435;0.0000;815.3441;11124.3984
311.2828;237.0089;0.0000;817.8477;11130.2393
312.1174;235.3399;0.0000;817.0131;11136.0811
312.9519;233.6708;0.0000;816.1786;11141.9238
313.7865;232.8362;10.0145;817.8477;11147.7646
313.7865;231.1671;0.0000;817.8477;11153.6064
314.6210;229.4981;10.0145;817.8477;11159.4482
315.4555;228.6635;0.0000;819.5167;11165.2900
316.2901;226.9945;0.0000;817.8477;11171.1318
316.2901;225.3254;0.0000;819.5167;11176.9736
317.9592;224.4908;0.0000;819.5167;11182.8154
317.9592;222.8218;0.0000;812.0060;11188.6572
318.7937;221.1527;0.0000;820.3513;11194.4990
319.6282;219.4836;0.0000;821.1858;11200.3408
320.4628;218.6491;0.0000;820.3513;11206.1826
320.4628;216.9800;0.0000;822.0204;11212.0244
321.2973;215.3109;0.0000;820.3513;11217.8662
322.1318;213.6419;0.0000;821.1858;11223.7080
322.9664;212.8073;0.0000;822.8549;11229.5498
322.9664;211.1382;0.0000;820.3513;11235.3906
323.8009;210.3037;0.0000;819.5167;11241.2334
324.6355;209.4691;0.0000;822.0204;11247.9102
325.4700;207.8001;0.0000;820.3513;11253.7510
325.4700;206.9655;0.0000;819.5167;11259.5938
326.3045;206.1310;0.0000;821.1858;11265.4346
327.1391;204.4619;0.0000;820.3513;11271.2764
327.1391;203.6274;0.0000;821.1858;11277.1191
327.9736;201.9583;0.0000;820.3513;11282.9600
328.8082;201.1238;0.0000;822.8549;11288.8018
328.8082;199.4547;0.0000;824.5240;11294.6436
328.8082;197.7856;0.0000;820.3513;11300.4854
328.8082;196.9511;0.0000;821.1858;11306.3271
329.6427;195.2820;0.0000;822.8549;11312.1689
329.6427;194.4475;0.0000;820.3513;11318.0107
329.6427;192.7784;0.0000;820.3513;11323.8516
330.4772;191.1093;10.0145;822.0204;11329.6943
330.4772;190.2748;0.0000;821.1858;11335.5361
331.3118;188.6057;10.0145;820.3513;11341.3779
331.3118;187.7711;0.0000;818.6822;11347.2197
331.3118;186.9366;0.0000;818.6822;11353.0605
332.1463;186.1021;0.0000;817.8477;11358.9033
332.1463;186.1021;10.0145;818.6822;11364.7451
332.1463;185.2675;0.0000;820.3513;11370.5859
332.1463;184.4330;10.0145;820.3513;11376.4287
332.1463;184.4330;0.0000;817.8477;11382.2695
332.1463;183.5985;0.0000;818.6822;11388.1113
332.1463;182.7639;0.0000;815.3441;11393.9541
332.1463;181.0948;0.0000;809.5023;11400.6299
332.1463;180.2603;0.0000;819.5167;11406.4717
332.9809;179.4258;0.0000;806.9987;11412.3135
332.9809;177.7567;0.0000;812.8405;11418.1553
332.9809;176.9221;0.0000;812.8405;11423.9971
332.9809;176.0876;0.0000;809.5023;11429.8389
333.8154;175.2531;0.0000;810.3369;11435.6807
333.8154;174.4185;0.0000;812.0060;11441.5225
333.8154;173.5840;0.0000;808.6678;11447.3643
333.8154;172.7495;0.0000;810.3369;11453.2061
333.8154;171.9149;0.0000;810.3369;11459.0469
333.8154;171.0804;0.0000;806.1642;11464.8896
333.8154;170.2458;0.0000;807.8333;11470.7314
334.6499;169.4113;0.0000;806.1642;11476.5723
334.6499;168.5768;0.0000;804.4951;11482.4150
334.6499;167.7422;0.0000;803.6605;11488.2568
334.6499;167.7422;0.0000;803.6605;11494.0986
334.6499;167.7422;0.0000;805.3296;11499.9404
334.6499;167.7422;0.0000;806.9987;11505.7812
334.6499;167.7422;0.0000;803.6605;11511.6240
334.6499;166.9077;0.0000;804.4951;11517.4658
334.6499;166.9077;0.0000;802.8260;11523.3066
334.6499;166.9077;0.0000;798.6533;11529.1494
334.6499;166.9077;0.0000;792.8115;11534.9902
333.8154;166.9077;0.0000;782.7971;11540.8320
333.8154;166.9077;0.0000;769.4445;11546.6748
333.8154;166.9077;0.0000;759.4301;11553.3506
333.8154;166.9077;0.0000;736.0629;11559.1924
333.8154;166.9077;0.0000;700.1777;11565.0332
333.8154;166.9077;0.0000;647.6019;11570.8760
333.8154;166.9077;10.0145;538.2773;11576.7178
332.9809;166.9077;20.0289;330.4772;11582.5596
332.9809;166.9077;30.0434;157.7278;11588.4014
512.4066;-13.3526;0.0000;332.1463;12392.0615
512.4066;-14.1872;0.0000;334.6499;12397.9033
512.4066;-14.1872;0.0000;335.4844;12403.7461
512.4066;-14.1872;0.0000;353.8443;12409.5869
512.4066;-14.1872;0.0000;378.0459;12415.4287
512.4066;-14.1872;0.0000;388.0604;12421.2705
512.4066;-14.1872;0.0000;385.5568;12427.1123
512.4066;-14.1872;0.0000;371.3696;12432.9541
512.4066;-13.3526;0.0000;330.4772;12438.7959
512.4066;-13.3526;0.0000;125.1808;12444.6377
