200.8194;202.1806;0.0000;90.3155;0.0000
200.8194;202.1806;0.0000;221.3102;7.0000
200.8194;202.1806;0.0000;228.3938;14.0000
200.8194;202.1806;0.0000;250.2267;21.0000
200.8194;202.1806;0.0000;300.7254;28.0000
200.8194;202.1806;0.0000;344.4047;35.0000
200.8194;202.1806;0.0000;369.9734;42.0000
200.8194;202.1806;0.0000;390.9869;49.0000
200.8194;202.1806;0.0000;412.0139;56.0000
201.6388;202.1806;0.0000;432.5826;63.0000
201.6388;202.1806;0.0000;450.7767;70.1806
201.6388;202.1806;0.0000;466.7067;77.1806
202.4582;202.1806;0.0000;483.0813;84.1806
202.4582;202.1806;0.0000;493.6366;91.1806
203.2776;201.3612;0.0000;505.7471;98.1806
203.2776;201.3612;0.0000;516.4830;105.1806
204.0970;201.3612;0.0000;524.3995;112.1806
204.0970;200.5418;0.0000;535.0518;119.1806
204.0970;200.5418;0.0000;541.0518;126.1806
204.9165;200.5418;0.0000;547.8846;133.1806
204.9165;200.5418;0.0000;556.4399;141.0000
205.7359;199.7224;0.0000;560.0787;148.0000
205.7359;199.7224;0.0000;566.7310;155.0000
206.5553;198.9030;0.0000;571.3698;162.0000
206.5553;198.9030;0.0000;573.3699;169.0000
206.5553;198.9030;0.0000;576.7445;176.0000
207.3747;198.0836;0.0000;579.2863;183.0000
207.3747;197.2641;0.0000;580.1057;190.0000
207.3747;197.2641;0.0000;583.8416;197.0000
207.3747;196.4447;0.0000;584.2028;204.0000
207.3747;196.4447;0.0000;586.2997;211.0000
207.3747;195.6253;0.0000;591.0356;218.0000
207.3747;195.6253;0.0000;592.1192;225.0000
207.3747;195.6253;0.0000;595.1327;232.0000
207.3747;194.8059;0.0000;598.9521;239.0000
207.3747;194.8059;0.0000;597.3132;246.0000
207.3747;194.8059;0.0000;600.8685;253.0000
207.3747;193.9865;0.0000;603.0491;260.1806
207.3747;193.9865;0.0000;601.2297;267.1806
207.3747;193.1671;0.0000;602.5073;274.1806
207.3747;193.1671;0.0000;603.8685;281.1806
207.3747;193.1671;0.0000;605.7850;288.1806
207.3747;192.3477;0.0000;610.0626;295.1806
207.3747;192.3477;0.0000;610.1462;302.1806
206.5553;192.3477;0.0000;612.5208;309.1806
206.5553;191.5283;0.0000;615.1596;316.1806
206.5553;191.5283;0.0000;614.7014;324.0000
206.5553;191.5283;0.0000;618.2567;331.0000
206.5553;191.5283;0.0000;618.6179;338.0000
206.5553;190.7089;0.0000;618.3402;345.0000
206.5553;190.7089;0.0000;621.0761;352.0000
205.7359;190.7089;0.0000;621.7985;359.0000
205.7359;189.8895;0.0000;622.0761;366.0000
205.7359;189.8895;0.0000;623.5343;373.0000
205.7359;189.8895;0.0000;624.2567;380.0000
204.9165;189.8895;0.0000;625.9926;387.0000
204.9165;189.0701;0.0000;628.4507;394.0000
204.9165;189.0701;0.0000;626.7149;401.0000
204.0970;189.0701;0.0000;631.3672;408.0000
204.0970;189.0701;0.0000;629.1732;415.0000
204.0970;189.0701;0.0000;631.6313;422.0000
204.0970;188.2507;0.0000;631.7284;429.0000
203.2776;188.2507;0.0000;632.4507;436.0000
203.2776;188.2507;0.0000;631.9090;443.1806
203.2776;188.2507;0.0000;633.1866;450.1806
203.2776;188.2507;0.0000;633.5479;457.1806
203.2776;188.2507;0.0000;634.4643;464.1806
202.4582;187.4312;0.0000;636.2837;471.1806
202.4582;187.4312;0.0000;634.1866;478.1806
201.6388;187.4312;0.0000;637.5613;485.1806
201.6388;187.4312;0.0000;637.4643;492.1806
200.8194;187.4312;0.0000;636.8254;499.1806
200.8194;187.4312;0.0000;638.5613;506.1806
200.8194;187.4312;0.0000;640.7419;514.0000
200.0000;187.4312;0.0000;640.7419;521.0000
200.0000;186.6118;0.0000;643.4777;528.0000
199.1806;186.6118;0.0000;643.3807;535.0000
199.1806;186.4312;0.0000;645.2971;542.0000
199.1806;186.4312;0.0000;647.9360;549.0000
198.3612;186.4312;0.0000;647.0195;556.0000
198.3612;186.4312;0.0000;648.3942;563.0000
198.3612;185.6118;0.0000;649.7554;570.0000
197.5418;185.6118;0.0000;648.6584;577.0000
197.5418;185.6118;0.0000;650.0330;584.0000
196.7224;185.6118;0.0000;651.2136;591.0000
196.7224;185.6118;0.0000;650.5748;598.0000
195.9030;185.6118;0.0000;652.6718;605.0000
195.9030;185.6118;0.0000;651.5748;612.0000
195.0835;185.6118;0.0000;652.6718;619.0000
195.0835;185.6118;0.0000;657.1301;626.1806
195.0835;185.7924;0.0000;655.7554;633.1806
194.2641;185.7924;0.0000;655.7554;640.1806
194.2641;185.7924;0.0000;660.1165;647.1805
194.2641;185.7924;0.0000;658.3807;654.1806
193.4447;185.7924;0.0000;660.1165;661.1806
193.4447;185.7924;0.0000;658.3807;668.1807
193.4447;185.7924;0.0000;660.2001;675.1806
192.6253;185.7924;0.0000;662.6583;682.1806
192.6253;185.7924;0.0000;659.6449;689.1806
191.8059;185.7924;0.0000;660.9225;697.0000
191.8059;185.7924;0.0000;664.3807;703.9999
191.8059;185.7924;0.0000;662.8254;711.0000
190.9865;185.7924;0.0000;663.9225;718.0000
190.9865;185.7924;0.0000;664.1031;725.0000
190.1671;186.6118;0.0000;663.1866;732.0000
190.1671;186.6118;0.0000;665.1031;738.9999
190.1671;186.6118;0.0000;666.6448;746.0001
189.3477;186.6118;0.0000;665.0060;753.0000
189.3477;186.6118;0.0000;665.1031;760.0000
188.5283;186.4312;0.0000;667.0060;767.0000
188.7089;186.4312;0.0000;667.6448;774.0000
188.7089;186.4312;0.0000;669.7419;781.0000
187.8895;186.4312;0.0000;667.8254;788.0000
187.8895;186.4312;0.0000;668.1030;795.0000
187.8895;186.4312;0.0000;672.3807;802.0000
187.7089;186.4312;0.0000;668.3807;809.0000
187.7089;186.4312;0.0000;669.5883;816.1806
186.8895;186.4312;0.0000;668.7823;823.1806
186.8895;186.4312;0.0000;663.7123;830.1805
186.0701;186.4312;0.0000;660.2946;837.1806
186.0701;187.2507;0.0000;651.6262;844.1806
185.8895;187.0701;0.0000;642.4025;911.8595
185.8895;187.0701;0.0000;649.3189;918.8595
185.8895;187.0701;0.0000;644.5696;925.8595
185.0701;187.0701;0.0000;646.6531;932.8595
185.0701;187.8895;0.0000;649.9307;940.6789
184.2507;187.8895;0.0000;647.4725;947.6790
184.2507;188.7089;0.0000;653.1814;954.6789
184.2507;188.7089;0.0000;656.7932;961.6788
183.4312;188.7089;0.0000;656.9468;968.6790
183.4312;189.5283;0.0000;664.6557;975.6789
182.7924;189.5283;0.0000;664.9199;982.8595
182.7924;189.5283;0.0000;666.0034;989.8595
182.7924;189.5283;0.0000;668.8228;996.8595
182.7924;190.3477;0.0000;666.3646;1003.8595
181.9730;190.3477;0.0000;668.2676;1010.8595
181.9730;190.3477;0.0000;670.0870;1017.8595
181.1536;190.3477;0.0000;667.9899;1024.8595
181.1536;191.1671;0.0000;671.8929;1031.8595
181.1536;191.1671;0.0000;671.7123;1038.8595
181.1536;191.1671;0.0000;671.1570;1045.8595
180.3342;191.1671;0.0000;673.6988;1052.8595
180.3342;191.9865;0.0000;673.3376;1059.8595
179.5148;191.9865;0.0000;673.1436;1066.8595
179.5148;191.9865;0.0000;675.3241;1073.8595
179.5148;192.8059;0.0000;672.6853;1080.8595
179.5148;192.8059;0.0000;675.0465;1087.8595
178.6954;192.8059;0.0000;675.2271;1094.8595
178.6954;193.6253;0.0000;674.0465;1101.8595
178.6954;193.8059;0.0000;675.7689;1108.8595
177.8760;193.8059;0.0000;677.5047;1115.8595
177.8760;194.6253;0.0000;674.4077;1122.8595
177.8760;194.6253;0.0000;678.2271;1130.6790
177.8760;194.6253;0.0000;677.5047;1137.6790
177.2372;195.4447;0.0000;676.5883;1144.6790
177.2372;195.4447;0.0000;678.7689;1151.6790
177.2372;195.4447;0.0000;677.6853;1158.6790
176.4178;196.2641;0.0000;678.7689;1165.8595
176.4178;196.2641;0.0000;680.4077;1172.8595
176.4178;196.2641;0.0000;678.7689;1179.8595
175.5984;197.0836;0.0000;681.4912;1186.8595
175.5984;197.0836;0.0000;680.9495;1193.8595
175.5984;197.9030;0.0000;678.2136;1200.8595
174.7789;197.9030;0.0000;682.7554;1207.8595
174.7789;197.9030;0.0000;681.2136;1214.8595
174.7789;198.7224;0.0000;680.7554;1221.8595
174.9595;198.7224;0.0000;681.9360;1228.8595
174.1401;199.5418;0.0000;680.0330;1235.8595
174.1401;200.3612;0.0000;680.9360;1242.8595
174.1401;200.3612;0.0000;683.5748;1249.8595
173.5013;201.1806;0.0000;681.1166;1256.8595
173.5013;202.0000;0.0000;682.8389;1263.8595
173.5013;201.8194;0.0000;684.3807;1270.8595
173.5013;202.6388;0.0000;683.4642;1277.8595
172.6819;202.4582;0.0000;685.8254;1284.8595
172.6819;203.2776;0.0000;684.8254;1291.8595
172.8625;203.9165;0.0000;683.0896;1298.8595
172.8625;203.9165;0.0000;686.0896;1305.8595
172.8625;204.5553;0.0000;684.7284;1313.6790
172.8625;204.5553;0.0000;686.6313;1320.6790
172.0431;205.3747;9.8329;687.6313;1327.6788
172.0431;205.1941;0.0000;685.4507;1334.6790
172.0431;206.0135;0.0000;687.1731;1341.6790
172.2237;206.0135;0.0000;689.9091;1348.8595
172.2237;205.8329;0.0000;685.8120;1355.8594
172.2237;206.6523;0.0000;687.9926;1362.8595
172.2237;207.2911;9.8329;686.8120;1369.8595
172.2237;207.1105;0.0000;684.3537;1376.8595
171.5849;207.9299;0.0000;689.6314;1383.8595
171.5849;208.5688;0.0000;687.4507;1390.8594
171.5849;209.3882;9.8329;687.1731;1397.8596
171.5849;209.2076;0.0000;688.8120;1404.8595
171.5849;210.0270;0.0000;687.6313;1411.8595
171.5849;210.0270;0.0000;687.3537;1418.8595
171.5849;210.6658;0.0000;689.6314;1425.8595
171.5849;210.6658;0.0000;686.9926;1432.8596
171.5849;211.4852;9.8329;689.3537;1439.8595
171.5849;211.4852;0.0000;690.4508;1446.8595
171.4043;212.1240;0.0000;688.1731;1453.8595
171.4043;212.1240;0.0000;690.7150;1460.8595
172.0431;212.7628;0.0000;690.4508;1467.8594
171.8625;212.7628;9.8329;691.5344;1474.8595
171.6819;213.4017;0.0000;694.3538;1481.8595
171.5013;214.2211;9.8329;696.8120;1488.8595
171.3207;214.0405;0.0000;690.8820;1496.6790
171.1401;214.6793;0.0000;700.4238;1503.6788
170.9595;215.3181;0.0000;698.8550;1510.6790
170.7789;215.3181;0.0000;703.3833;1517.6790
170.7789;215.9569;0.0000;705.9251;1524.6790
170.5984;215.9569;0.0000;704.5505;1531.6790
170.5984;216.7763;0.0000;708.7310;1538.8595
170.4178;216.7763;0.0000;707.6475;1545.8595
171.2372;217.5957;0.0000;708.3699;1552.8595
171.2372;217.5957;0.0000;711.1893;1559.8595
171.2372;218.4151;0.0000;708.6475;1566.8595
171.2372;219.2345;0.0000;711.1893;1573.8594
171.2372;219.2345;0.0000;713.2863;1580.8596
171.8760;219.2345;0.0000;710.0087;1587.8595
171.8760;220.0540;0.0000;713.1893;1594.8595
171.8760;220.0540;0.0000;713.2863;1601.8595
171.6954;220.0540;0.0000;712.1893;1608.8595
172.3342;220.8734;0.0000;716.1892;1615.8596
172.3342;220.8734;0.0000;714.0087;1622.8595
172.1536;221.6928;0.0000;715.3698;1629.8595
171.9730;221.6928;9.8329;718.5504;1636.8595
171.7924;222.5122;0.0000;714.9116;1643.8595
171.7924;223.3316;0.0000;718.2728;1650.8594
172.4312;223.3316;0.0000;720.6340;1657.8595
172.2507;223.3316;0.0000;718.9951;1664.8595
172.0701;223.9704;0.0000;722.3564;1671.8595
172.7089;223.9704;9.8329;723.9952;1679.6790
172.3477;223.9704;0.0000;723.0787;1686.6788
172.1671;224.7898;0.0000;726.9817;1693.6790
171.9865;224.7898;0.0000;727.8011;1700.6790
171.8059;225.6092;0.0000;727.7876;1707.6790
172.6253;225.6092;0.0000;732.5099;1714.6788
172.4447;226.4286;0.0000;730.0518;1721.8595
172.2641;226.4286;0.0000;730.9547;1728.8596
173.0836;227.4286;0.0000;734.5935;1735.8595
172.9030;227.4286;0.0000;732.4130;1742.8595
173.5418;227.6092;0.0000;734.3159;1749.8595
173.5418;228.4286;0.0000;737.0518;1756.8595
174.1806;228.6092;0.0000;737.0518;1763.8596
174.0000;229.4286;0.0000;739.5935;1770.8595
173.8194;229.6092;0.0000;740.6906;1777.8595
174.4582;230.4286;0.0000;739.2323;1784.8595
174.2776;230.6092;0.0000;743.0517;1791.8595
174.2776;231.4286;0.0000;742.5099;1798.8596
174.9164;231.6092;0.0000;743.0517;1805.8595
174.7359;231.6092;0.0000;745.3294;1812.8595
175.5553;232.6092;0.0000;741.6906;1819.8595
175.5553;232.6092;0.0000;744.6906;1826.8595
175.3747;233.6092;0.0000;745.9682;1833.8594
176.1941;233.6092;0.0000;744.1488;1840.8595
176.1941;234.6092;0.0000;747.6906;1847.8595
176.0135;234.7898;0.0000;746.6070;1854.8595
176.8329;235.6092;0.0000;746.1488;1861.8595
177.6523;235.7898;0.0000;749.1488;1869.6788
177.6523;236.7898;0.0000;747.4265;1876.6790
178.2911;236.7898;0.0000;747.3294;1883.6790
178.2911;236.9704;0.0000;749.7876;1890.6790
179.1105;236.9704;0.0000;747.6070;1897.6788
179.1105;237.9704;0.0000;750.6070;1904.8594
179.1105;238.1510;0.0000;752.0652;1911.8596
179.1105;238.1510;0.0000;749.4264;1918.8595
179.9299;239.1510;0.0000;752.6070;1925.8595
179.9299;239.3316;0.0000;753.3428;1932.8595
180.7493;240.3316;0.0000;751.0652;1939.8595
180.5688;240.5122;0.0000;747.6906;1946.8596
181.3882;240.5122;0.0000;753.9817;1953.8595
181.3882;240.6928;0.0000;754.0652;1960.8595
182.2076;240.8734;0.0000;757.3428;1967.8595
182.2076;241.6928;0.0000;754.1622;1974.8595
183.0270;241.8734;0.0000;754.8846;1981.8596
183.0270;242.0540;0.0000;758.6205;1988.8595
183.8464;242.0540;0.0000;756.8010;1995.8595
183.6658;242.2345;0.0000;759.1622;2002.8595
184.4852;242.4151;0.0000;760.8981;2009.8595
184.4852;242.5957;0.0000;757.9817;2016.8594
185.1240;243.5957;0.0000;760.9817;2023.8595
185.1240;243.7763;0.0000;760.2593;2030.8595
185.9434;243.9569;0.0000;759.9817;2037.8595
185.9434;244.1375;0.0000;762.8011;2044.8595
186.7628;244.3181;0.0000;761.0787;2052.6790
186.7628;244.3181;0.0000;761.6205;2059.6790
187.5822;244.4987;0.0000;764.0787;2066.6790
187.5822;244.6793;0.0000;762.0787;2073.6790
188.4016;244.8599;0.0000;762.9817;2080.6790
189.2211;244.8599;0.0000;765.7175;2087.6790
189.2211;245.0405;2.1671;765.7175;2094.8596
190.0405;245.2211;0.0000;766.9817;2101.8596
190.8599;245.2211;0.0000;765.1758;2108.8594
191.6793;245.4017;0.0000;765.7175;2115.8594
191.8599;245.5822;0.0000;767.8981;2122.8594
192.6793;245.5822;0.0000;767.1758;2129.8596
192.6793;246.5822;0.0000;766.4399;2136.8596
193.6793;246.7628;0.0000;769.7175;2143.8594
193.6793;246.9434;0.0000;767.5369;2150.8594
194.6793;247.1240;0.0000;769.4399;2157.8594
195.6793;247.3046;0.0000;770.3563;2164.8596
195.6793;247.4852;0.0000;768.7175;2171.8596
196.6793;247.6658;0.0000;771.6205;2178.8596
197.6793;247.6658;0.0000;770.8981;2185.8594
198.4987;247.8464;0.0000;771.0787;2192.8594
198.6793;248.0270;0.0000;773.4399;2199.8594
199.4987;248.2076;0.0000;772.0787;2206.8596
200.4987;248.3882;0.0000;772.3428;2213.8596
201.4987;248.5688;0.0000;775.9817;2220.8594
201.4987;248.7493;0.0000;773.8011;2227.8594
202.4987;248.9299;0.0000;774.8846;2235.6790
202.6793;249.1105;0.0000;777.1622;2242.6790
203.4987;249.1105;0.0000;773.8846;2249.6790
203.6793;249.2911;0.0000;778.2458;2256.6790
204.6793;249.4717;0.0000;777.3428;2263.6790
205.4987;249.4717;0.0000;776.0652;2270.6790
206.4987;249.6523;0.0000;779.2458;2277.8596
207.3181;248.8329;0.0000;778.1623;2284.8596
207.4987;249.0135;0.0000;779.0652;2291.8594
208.3181;249.1941;0.0000;779.0652;2298.8594
208.4987;249.1941;0.0000;778.5235;2305.8594
209.3181;249.3747;0.0000;780.0652;2312.8596
210.3181;249.3747;0.0000;782.1623;2319.8596
211.1375;248.7359;0.0000;779.5235;2326.8594
211.3181;248.9165;0.0000;782.7041;2333.8594
212.3181;248.9165;0.0000;781.8011;2340.8594
212.3181;249.0970;0.0000;778.8846;2347.8596
213.3181;249.0970;0.0000;784.5234;2354.8596
213.3181;249.2776;0.0000;780.9817;2361.8594
214.3181;248.4582;0.0000;782.7041;2368.8594
215.1375;248.6388;0.0000;784.3429;2375.8594
216.1375;248.6388;0.0000;781.3429;2382.8594
216.1375;248.8194;0.0000;781.8846;2389.8596
217.1375;248.0000;0.0000;785.6205;2396.8594
217.3181;248.0000;0.0000;782.9817;2403.8594
218.1375;248.1806;0.0000;786.1623;2410.8594
219.1375;248.1806;0.0000;779.7041;2417.8594
219.9569;247.5418;0.0000;786.6205;2425.6790
220.1375;247.5418;0.0000;788.9817;2432.6790
220.9569;247.5418;0.0000;786.2593;2439.6790
221.1375;246.9030;0.0000;784.3429;2446.6790
221.9569;246.9030;0.0000;789.6205;2453.6787
222.9569;247.0836;0.0000;787.7175;2460.8596
223.1375;246.2641;0.0000;789.2593;2467.8596
223.9569;246.4448;0.0000;790.0787;2474.8594
224.1375;246.4448;0.0000;788.8981;2481.8594
225.1375;245.8059;0.0000;792.0787;2488.8594
226.1375;244.9865;0.0000;790.5369;2495.8594
226.9569;244.9865;0.0000;789.2593;2502.8596
227.1375;245.1671;0.0000;792.2593;2509.8594
228.1375;244.3477;0.0000;790.5369;2516.8594
228.1375;244.3477;0.0000;789.2593;2523.8594
229.1375;243.5283;0.0000;792.2593;2530.8596
230.1375;243.7089;0.0000;790.5369;2537.8596
230.1375;242.8895;0.0000;792.2593;2544.8594
230.3181;242.8895;0.0000;793.8981;2551.8594
231.3181;242.8895;0.0000;791.7175;2558.8594
232.1375;242.0701;0.0000;792.4399;2565.8594
232.3181;242.2507;0.0000;794.1758;2572.8596
233.3181;242.2507;0.0000;793.5369;2579.8594
233.4987;241.4312;0.0000;796.7175;2586.8594
234.4987;240.6118;0.0000;797.4534;2593.8594
234.6793;240.6118;0.0000;796.3564;2600.8594
235.6793;240.6118;0.0000;798.1758;2608.6790
235.8599;239.7924;0.0000;797.4534;2615.6790
236.8599;239.7924;0.0000;798.8146;2622.6790
237.0405;238.9730;0.0000;800.6340;2629.6787
238.0405;238.9730;0.0000;799.2728;2636.6790
238.0405;238.1536;0.0000;802.6340;2643.6790
239.0405;237.9730;0.0000;803.7310;2650.8594
240.0405;237.1536;0.0000;801.7310;2657.8594
240.2211;237.1536;0.0000;805.2728;2664.8596
240.4017;236.3342;0.0000;805.3698;2671.8594
241.4016;236.3342;0.0000;804.9116;2678.8596
241.5822;235.5148;0.0000;808.9116;2685.8594
242.5822;235.5148;0.0000;808.0087;2692.8594
242.7628;234.6954;0.0000;810.5504;2699.8596
243.9434;234.6954;9.8329;811.3699;2706.8594
244.1240;233.8760;0.0000;809.3698;2713.8594
245.1240;233.8760;9.8329;813.5505;2720.8594
245.3046;233.8760;0.0000;814.6475;2727.8594
246.3046;233.0566;0.0000;809.5504;2734.8596
246.3046;232.0566;0.0000;814.5505;2741.8594
247.3046;232.0566;0.0000;816.1057;2748.8596
248.3046;231.2372;0.0000;811.3699;2755.8594
248.4852;231.2372;0.0000;817.1893;2762.8594
249.3046;230.4178;0.0000;816.1057;2769.8596
249.4852;229.4178;9.8329;816.3699;2776.8594
250.4852;228.5983;0.0000;819.6475;2783.8596
251.3046;228.5983;9.8329;817.4669;2791.6790
251.4852;227.5983;0.0000;821.2863;2798.6787
251.6658;226.7789;0.0000;822.7445;2805.6790
252.6658;226.7789;0.0000;818.4669;2812.6792
253.4852;225.7789;0.0000;820.0087;2819.6787
253.6658;224.9596;9.8329;820.7445;2826.6790
254.6658;223.9596;0.0000;814.5505;2833.8594
254.6658;223.9596;0.0000;827.9252;2840.8594
254.8464;222.9595;0.0000;817.0087;2847.8596
255.0270;222.9595;0.0000;822.0087;2854.8594
256.0270;221.9595;0.0000;825.0087;2861.8596
256.8464;221.1401;0.0000;822.4669;2868.8594
257.0270;220.1401;0.0000;824.8281;2875.8594
258.0270;219.3207;0.0000;828.2863;2882.8596
258.2076;218.3207;0.0000;824.4669;2889.8594
258.2076;218.3207;0.0000;828.6475;2896.8596
258.3882;217.3207;0.0000;827.9252;2903.8594
258.5688;216.3207;0.0000;827.0087;2910.8594
259.5688;215.5013;0.0000;830.3699;2917.8596
259.5688;214.5013;0.0000;829.6475;2924.8594
260.5688;214.5013;0.0000;829.7311;2931.8596
260.7493;213.5013;0.0000;831.7311;2938.8594
260.9299;212.6819;0.0000;829.0087;2945.8596
261.1105;212.5013;0.0000;830.2728;2952.8596
261.9299;211.6819;0.0000;833.3699;2959.8594
262.1105;210.6819;0.0000;830.7311;2966.8596
263.1105;209.6819;0.0000;832.6340;2973.8594
263.2911;208.6819;0.0000;832.7310;2981.6787
263.2911;207.6819;0.0000;832.4534;2988.6790
263.4717;206.8625;0.0000;834.1758;2995.6790
263.4717;206.6819;0.0000;834.9116;3002.6790
263.6523;205.6819;0.0000;835.4534;3009.6790
263.8329;204.6819;0.0000;835.9952;3016.8594
264.6523;203.6819;0.0000;834.0922;3023.8596
264.8329;202.8625;0.0000;833.1758;3030.8596
265.8329;201.8625;0.0000;838.2728;3037.8594
266.0135;200.8625;0.0000;834.0922;3044.8596
266.1941;199.8625;0.0000;836.8146;3051.8594
266.3747;199.6819;0.0000;835.4534;3058.8594
266.3747;198.8625;0.0000;835.4534;3065.8596
266.5553;197.8625;2.1671;839.1758;3072.8594
266.7359;196.8625;0.0000;836.2728;3079.8594
266.7359;195.8625;2.1671;837.4534;3086.8594
266.9164;194.8625;2.1671;841.2728;3093.8594
266.9164;193.6819;0.0000;838.7310;3100.8596
267.0970;192.6819;2.1671;839.4534;3107.8594
267.0970;191.6819;0.0000;841.0922;3114.8596
267.2776;191.5013;0.0000;837.9116;3121.8594
267.2776;190.5013;2.1671;840.2728;3128.8596
267.2776;189.5013;2.1671;843.3698;3135.8596
267.2776;188.5013;0.0000;838.7310;3142.8594
267.4582;188.3207;0.0000;842.4534;3149.8596
267.4582;187.3207;0.0000;842.8281;3156.8594
267.4582;187.3207;0.0000;839.1057;3164.6787
267.6388;186.3207;0.0000;845.9951;3171.6790
267.6388;185.3207;0.0000;844.0922;3178.6790
267.6388;184.3207;0.0000;842.5369;3185.6787
267.8194;184.1401;0.0000;847.4534;3192.6790
267.8194;183.1401;0.0000;843.4534;3199.8594
267.8194;181.9595;0.0000;845.1758;3206.8594
267.8194;181.7789;0.0000;845.6340;3213.8596
267.8194;180.7789;0.0000;844.6340;3220.8594
267.8194;180.5983;0.0000;846.9951;3227.8594
268.0000;179.5984;0.0000;847.0922;3234.8594
267.1806;179.4178;0.0000;846.4534;3241.8594
267.1806;178.4178;0.0000;848.6340;3248.8596
267.1806;177.4178;0.0000;846.9116;3255.8594
267.1806;177.2372;0.0000;848.2728;3262.8596
267.1806;176.2372;0.0000;851.0922;3269.8594
267.1806;175.2372;0.0000;846.9116;3276.8596
267.0000;175.2372;0.0000;847.6340;3283.8596
267.0000;174.2372;0.0000;850.9116;3290.8594
266.1806;173.2372;0.0000;847.9117;3297.8596
266.1806;173.0566;9.8329;849.2728;3304.8594
266.1806;172.8760;0.0000;852.0087;3311.8596
266.1806;171.6954;9.8329;848.9117;3318.8596
266.0000;171.5148;0.0000;845.5369;3325.8594
266.0000;170.5148;0.0000;852.0087;3332.8596
266.0000;170.3342;0.0000;850.7311;3339.8594
265.0000;170.1536;0.0000;853.7310;3347.6787
265.0000;169.1536;0.0000;854.2863;3354.6790
265.0000;168.9730;0.0000;852.7310;3361.6790
264.1806;167.9730;0.0000;855.0087;3368.6787
264.1806;167.7924;0.0000;852.0087;3375.6790
264.1806;166.7924;0.0000;853.0922;3382.6787
263.3612;166.6118;0.0000;855.6475;3389.8594
263.3612;165.6118;0.0000;854.0087;3396.8596
263.3612;165.4312;0.0000;855.3699;3403.8594
263.3612;165.2507;0.0000;855.4669;3410.8596
263.3612;164.2507;0.0000;855.0087;3417.8594
262.5418;163.8895;0.0000;856.1893;3424.8594
262.3612;163.7089;0.0000;854.4669;3431.8596
262.3612;162.7089;0.0000;855.1893;3438.8594
262.1806;162.5283;0.0000;857.4669;3445.8596
261.3612;161.5283;0.0000;854.4669;3452.8594
261.1806;161.3477;0.0000;855.5504;3459.8596
261.1806;160.5283;0.0000;855.6475;3466.8596
260.1806;160.3477;0.0000;856.1057;3473.8594
260.1806;159.3477;0.0000;849.8146;3480.8596
260.1806;159.1671;0.0000;857.9251;3487.8594
260.0000;158.9865;0.0000;854.6475;3494.8596
260.0000;157.9865;0.0000;859.4669;3501.8596
259.1806;157.9865;0.0000;856.9251;3508.8594
259.0000;156.9865;0.0000;856.8281;3515.8596
258.1806;156.8059;2.1671;857.4669;3522.8594
258.1806;156.8059;0.0000;854.4669;3529.8594
258.1806;155.8059;0.0000;857.6475;3537.6790
257.1806;155.6253;0.0000;857.2863;3544.6792
257.1806;154.6253;0.0000;855.2863;3551.6790
257.0000;154.4447;0.0000;857.1893;3558.6790
256.1806;153.4447;0.0000;856.9251;3565.6787
256.0000;153.2641;0.0000;855.2863;3572.8594
256.0000;152.2641;0.0000;858.2863;3579.8596
255.0000;152.0836;0.0000;857.3833;3586.8594
255.0000;151.0836;0.0000;855.8281;3593.8596
254.0000;150.9030;0.0000;858.1057;3600.8594
254.0000;150.0836;0.0000;855.9251;3607.8594
253.1806;149.9030;0.0000;858.1057;3614.8596
253.0000;148.9030;0.0000;860.2028;3621.8594
253.0000;148.9030;0.0000;855.9251;3628.8596
253.0000;147.9030;0.0000;857.4669;3635.8594
252.1806;147.9030;0.0000;857.2028;3642.8596
252.0000;146.9030;0.0000;854.9251;3649.8596
252.0000;146.9030;0.0000;857.4669;3656.8594
251.1806;145.9030;0.0000;856.3833;3663.8596
251.0000;145.9030;0.0000;856.9251;3670.8594
251.0000;144.9030;0.0000;860.2028;3677.8596
250.0000;144.7224;0.0000;856.8416;3684.8596
249.8194;143.9030;0.0000;857.7445;3691.8594
248.8194;143.7224;0.0000;859.8416;3698.8596
248.6388;142.7224;0.0000;856.3833;3705.8594
247.6388;142.7224;0.0000;858.5639;3712.8596
247.6388;142.5418;0.0000;859.2997;3720.6790
247.4582;141.7224;0.0000;857.2028;3727.6790
247.4582;141.5418;0.0000;860.2028;3734.6790
247.2776;140.7224;0.0000;859.1191;3741.6790
246.2776;140.5418;0.0000;858.0222;3748.6787
246.2776;139.7224;0.0000;860.2028;3755.8594
245.2776;139.7224;0.0000;858.9386;3762.8596
245.0970;139.5418;0.0000;859.8416;3769.8594
244.9165;139.5418;0.0000;860.9386;3776.8596
244.0970;138.5418;0.0000;859.1191;3783.8594
243.9165;137.7224;0.0000;860.0221;3790.8596
242.9164;137.5418;0.0000;860.5774;3797.8596
242.5553;136.7224;0.0000;859.2997;3804.8594
242.3747;136.5418;0.0000;861.8416;3811.8596
241.3747;136.3612;0.0000;860.5774;3818.8594
241.1941;135.3612;0.0000;859.6609;3825.8596
240.0135;135.1806;0.0000;861.4803;3832.8596
239.6523;134.1806;0.0000;860.3968;3839.8594
238.6523;134.0000;0.0000;861.2997;3846.8596
238.2911;133.0000;0.0000;862.5775;3853.8594
237.2911;132.8194;0.0000;859.5774;3860.8596
236.9299;132.8194;0.0000;862.9387;3867.8596
235.9299;131.8194;0.0000;862.0357;3874.8594
235.7493;131.8194;0.0000;858.9386;3881.8596
234.7493;130.8194;0.0000;862.2997;3888.8594
234.5688;130.8194;0.0000;862.0357;3895.8596
233.5688;130.8194;0.0000;859.7580;3903.6790
233.3882;130.0000;0.0000;862.1191;3910.6792
233.2076;129.8194;0.0000;860.8550;3917.6790
232.2076;129.8194;0.0000;860.4803;3924.6790
232.0270;129.0000;0.0000;861.3968;3931.6787
231.8464;128.8194;0.0000;859.3968;3938.6790
230.8464;128.8194;0.0000;861.2997;3945.8596
230.6658;127.8194;0.0000;861.3968;3952.8594
229.6658;127.8194;0.0000;859.3968;3959.8596
228.6658;127.0000;0.0000;862.1191;3966.8594
228.4852;126.8194;0.0000;860.0356;3973.8596
228.3046;126.8194;0.0000;859.5774;3980.8596
227.3046;126.6388;0.0000;862.5775;3987.8594
226.9434;125.8194;0.0000;861.6744;3994.8596
225.9434;125.6388;0.0000;860.5774;4001.8594
224.9434;124.8194;0.0000;860.5774;4008.8596
224.5822;124.6388;0.0000;858.3968;4015.8596
224.4016;124.6388;0.0000;860.5774;4022.8594
223.2211;124.6388;0.0000;862.2162;4029.8596
223.0405;123.6388;9.8329;860.0356;4036.8594
221.8599;123.6388;0.0000;861.7580;4043.8596
220.6793;123.4582;0.0000;861.6744;4050.8596
220.3181;122.6388;0.0000;858.5774;4057.8594
219.1375;122.4582;0.0000;860.9386;4064.8596
218.7763;122.4582;0.0000;860.8550;4071.8594
217.5957;121.4582;0.0000;860.1191;4078.8596
217.2345;121.2776;9.8329;862.2997;4085.8596
216.0540;121.2776;0.0000;860.5774;4093.6790
215.6928;120.2776;9.8329;861.4803;4100.6787
214.5122;120.2776;0.0000;863.2998;4107.6792
214.3316;120.0970;0.0000;859.6609;4114.6787
213.1510;120.0970;0.0000;862.0221;4121.6787
212.7898;119.2776;0.0000;861.2997;4128.8594
211.6092;119.0970;0.0000;861.8416;4135.8594
210.6092;119.0970;0.0000;862.3833;4142.8594
210.2480;119.0970;9.8329;863.1192;4149.8594
209.2480;118.2776;0.0000;861.3833;4156.8594
209.0674;118.0970;0.0000;862.5639;4163.8594
207.8869;117.2776;0.0000;864.7581;4170.8594
206.8868;117.2776;0.0000;861.7445;4177.8594
206.7063;117.2776;0.0000;864.8416;4184.8594
205.7063;117.2776;0.0000;862.0221;4191.8594
204.7063;116.4582;0.0000;862.7445;4198.8594
203.7063;116.4582;0.0000;862.8416;4205.8594
202.7063;116.4582;0.0000;858.2863;4212.8594
202.7063;116.4582;0.0000;862.9251;4219.8594
201.7063;116.4582;0.0000;861.3833;4226.8594
200.7063;116.6388;0.0000;858.4669;4233.8594
199.8868;116.6388;0.0000;861.2863;4240.8594
198.8869;116.6388;0.0000;860.2028;4247.8594
198.0674;116.8194;0.0000;859.6475;4254.8594
197.0674;116.0000;0.0000;861.1057;4261.8594
196.8868;116.1806;0.0000;859.1057;4268.8594
196.0674;116.1806;0.0000;862.4669;4276.6787
195.0674;116.1806;0.0000;861.7445;4283.6787
194.2480;116.3612;0.0000;860.9251;4290.6787
193.2480;116.3612;0.0000;861.8281;4297.6787
191.4286;116.5418;0.0000;860.9251;4304.6787
190.6092;116.7224;0.0000;857.1893;4311.8594
189.6092;116.7224;0.0000;858.5504;4318.8594
188.7898;116.9030;0.0000;857.0087;4325.8594
187.7898;117.0835;0.0000;856.9116;4332.8594
186.9704;117.2641;0.0000;858.5504;4339.8594
185.9704;116.6253;0.0000;855.9116;4346.8594
185.1510;116.8059;0.0000;858.0922;4353.8594
184.1510;116.9865;0.0000;855.9116;4360.8594
183.1510;117.1671;0.0000;856.0922;4367.8594
182.9704;117.3477;0.0000;854.9952;4374.8594
182.1510;117.5283;0.0000;855.9116;4381.8594
181.1510;117.7089;0.0000;853.6340;4388.8594
180.1510;117.7089;0.0000;854.1758;4395.8594
179.1510;117.8895;0.0000;855.9116;4402.8594
178.1510;118.0701;0.0000;854.1758;4409.8594
177.9704;119.0701;0.0000;854.1758;4416.8594
176.9704;119.2507;0.0000;851.1758;4423.8594
176.1510;119.6118;0.0000;853.5370;4430.8594
175.9704;118.9730;0.0000;852.5370;4437.8594
174.9704;119.1536;0.0000;852.1758;4444.8594
174.7898;119.3342;0.0000;853.4399;4451.8599
173.9704;119.5148;0.0000;853.9952;4459.6792
172.9704;119.6954;0.0000;851.0787;4466.6787
172.1510;119.6954;0.0000;853.4399;4473.6792
171.9704;119.8760;0.0000;851.3564;4480.6787
171.1510;120.0566;0.0000;851.6205;4487.6787
170.1510;120.0566;0.0000;854.0787;4494.6792
169.9704;120.2372;0.0000;851.7176;4501.8594
169.1510;120.4178;0.0000;852.4399;4508.8594
168.1510;120.5983;0.0000;853.2593;4515.8594
167.1510;120.5983;0.0000;849.2593;4522.8594
166.9704;120.7789;0.0000;851.9817;4529.8594
165.9704;120.9595;0.0000;851.7176;4536.8594
165.9704;121.1401;0.0000;849.8010;4543.8594
164.9704;122.1401;0.0000;852.1623;4550.8594
163.9704;122.3207;0.0000;851.7176;4557.8594
163.9704;122.5013;0.0000;848.3428;4564.8594
162.9704;122.6819;0.0000;850.5234;4571.8594
162.7898;122.6819;0.0000;846.8011;4578.8594
161.7898;122.8625;0.0000;847.8846;4585.8594
160.9704;123.0431;0.0000;848.7040;4592.8594
160.7898;123.2237;0.0000;848.3428;4599.8594
159.7898;124.2237;0.0000;847.2458;4606.8594
158.7898;124.2237;0.0000;846.7040;4613.8594
158.6092;124.4043;0.0000;843.6070;4620.8594
157.7898;124.5849;0.0000;848.4264;4627.8594
157.6092;124.7654;0.0000;846.7040;4634.8599
156.6092;125.1266;0.0000;843.9682;4641.8594
155.6092;125.3072;0.0000;845.7876;4649.6787
154.6092;126.3072;0.0000;845.0652;4656.6792
153.7898;126.6684;0.0000;843.3294;4663.6787
153.6092;127.6684;0.0000;845.7876;4670.6787
152.6092;128.0296;0.0000;841.1488;4677.6792
151.6092;128.2102;0.0000;841.8712;4684.8594
150.6092;128.3908;0.0000;842.9682;4691.8594
150.4286;128.5714;0.0000;840.6906;4698.8594
149.4286;129.5714;0.0000;841.2324;4705.8594
148.6092;129.7520;0.0000;841.5100;4712.8594
147.6092;129.9326;0.0000;839.8712;4719.8594
146.7898;130.1131;0.0000;841.2324;4726.8594
145.7898;131.1131;0.0000;840.5099;4733.8594
144.9704;131.4743;0.0000;839.5935;4740.8594
143.9704;131.6549;0.0000;841.2324;4747.8594
143.1510;132.6549;0.0000;838.2324;4754.8594
142.1510;132.8355;0.0000;839.1353;4761.8594
142.1510;133.0161;0.0000;841.2324;4768.8594
141.1510;134.0161;0.0000;838.5935;4775.8594
140.3316;134.1967;0.0000;839.4965;4782.8599
140.1510;134.5579;0.0000;838.5935;4789.8594
139.3316;134.7385;0.0000;837.9547;4796.8594
138.3316;135.7385;0.0000;839.3159;4803.8594
138.3316;135.9191;0.0000;839.4130;4810.8594
137.3316;136.9191;0.0000;837.6771;4817.8594
136.5122;136.9191;0.0000;839.3159;4824.8594
135.6928;137.9191;0.0000;837.1353;4832.6787
135.6928;138.2803;0.0000;836.2188;4839.6792
134.8734;138.4608;0.0000;837.4965;4846.6787
134.0540;139.4608;0.0000;834.0382;4853.6787
134.0540;139.4608;0.0000;835.7606;4860.6792
133.0540;140.6414;0.0000;834.6771;4867.8594
132.2345;140.6414;0.0000;832.5800;4874.8594
131.2346;141.6414;0.0000;834.7606;4881.8594
131.2346;142.6414;0.0000;835.4965;4888.8594
130.4151;142.8220;0.0000;832.1218;4895.8594
129.4151;143.8220;0.0000;834.5800;4902.8594
128.5957;144.6414;0.0000;832.3994;4909.8594
127.7763;144.8220;0.0000;830.6636;4916.8594
126.9569;145.6414;0.0000;833.1218;4923.8594
126.1375;145.8220;0.0000;830.3024;4930.8594
125.3181;146.6414;0.0000;830.5665;4937.8594
125.4987;147.6414;0.0000;832.3024;4944.8594
124.6793;147.6414;0.0000;829.3859;4951.8594
124.6793;147.8220;0.0000;831.4695;4958.8594
123.8599;148.8220;0.0000;831.5665;4965.8594
122.8599;149.0026;0.0000;830.1919;4972.8594
122.8599;149.8220;0.0000;832.3725;4979.8594
122.0405;150.8220;0.0000;828.8307;4986.8594
121.2211;151.0026;0.0000;829.0948;4993.8594
121.2211;152.0026;0.0000;834.0113;5000.8594
120.4016;152.1832;0.0000;828.2755;5007.8594
120.4016;153.1832;0.0000;829.3590;5015.6787
119.5822;154.0026;0.0000;830.1784;5022.6787
119.5822;154.1832;0.0000;829.0814;5029.6787
119.5822;154.3638;0.0000;831.3455;5036.6787
118.9434;155.3638;0.0000;831.2620;5043.6792
118.9434;155.5444;0.0000;823.1514;5050.6787
118.1240;156.5444;0.0000;831.7067;5057.8594
118.1240;156.7250;0.0000;829.9008;5064.8594
117.4852;157.7250;0.0000;830.8873;5071.8594
116.6658;158.7250;0.0000;830.9843;5078.8594
116.6658;159.7250;0.0000;827.8037;5085.8594
115.8464;159.9056;0.0000;828.2484;5092.8594
115.8464;160.7250;0.0000;827.7067;5099.8594
115.8464;161.7250;0.0000;825.6096;5106.8594
115.0270;161.9056;0.0000;829.5126;5113.8594
115.2076;162.9056;0.0000;828.9708;5120.8594
115.2076;163.0862;0.0000;827.2349;5127.8594
114.3882;164.0862;0.0000;830.2349;5134.8594
114.3882;164.2668;0.0000;829.5126;5141.8594
113.5688;165.2668;0.0000;829.7767;5148.8594
112.7493;166.2668;0.0000;829.7767;5155.8594
112.7493;166.4474;0.0000;827.5961;5162.8594
112.7493;167.4474;0.0000;830.1379;5169.8594
112.1105;168.4474;0.0000;830.4155;5176.8594
112.1105;168.8085;0.0000;827.9573;5183.8594
112.1105;169.8085;0.0000;829.6797;5190.8594
112.1105;169.9891;0.0000;829.5961;5198.6787
111.4717;170.9891;0.0000;826.4991;5205.6792
111.4717;171.1697;0.0000;829.6797;5212.6787
110.6523;172.1697;0.0000;829.7767;5219.6792
109.8329;173.1697;0.0000;828.0409;5226.6787
109.8329;173.3503;0.0000;832.4991;5233.6787
109.0135;174.3503;0.0000;826.2214;5240.8594
108.1941;175.3503;0.0000;828.7632;5247.8599
108.1941;175.5309;0.0000;830.8603;5254.8594
107.3747;176.5309;0.0000;827.5826;5261.8594
107.3747;177.5309;0.0000;830.1244;5268.8599
107.5553;177.7115;0.0000;831.0408;5275.8594
106.9165;178.7115;0.0000;827.9438;5282.8594
106.2776;179.7115;0.0000;828.0274;5289.8594
106.4582;180.7115;0.0000;829.5826;5296.8594
105.8194;181.0727;0.0000;829.6662;5303.8594
106.0000;182.0727;0.0000;828.0274;5310.8594
105.3612;183.0727;0.0000;829.9438;5317.8599
105.5418;183.2533;0.0000;828.8468;5324.8594
104.7224;184.2533;0.0000;833.1244;5331.8594
104.9030;185.2533;0.0000;828.2079;5338.8599
104.2641;186.0727;0.0000;829.6527;5345.8594
103.4447;186.2533;0.0000;830.7498;5352.8594
103.6253;187.2533;0.0000;829.8333;5359.8594
103.6253;188.2533;0.0000;831.5557;5366.8594
103.6253;189.2533;0.0000;829.8333;5373.8594
102.8059;190.2533;0.0000;829.9169;5380.8594
102.8059;191.0727;0.0000;831.0974;5388.6787
102.1671;191.4339;0.0000;830.1945;5395.6792
101.5283;192.4339;0.0000;832.2781;5402.6787
101.7089;193.4339;0.0000;833.9169;5409.6787
101.7089;194.4339;0.0000;831.7363;5416.6792
101.8895;195.2533;0.0000;832.0004;5423.8594
101.2507;195.4339;0.0000;831.7363;5430.8594
101.2507;196.2533;0.0000;829.8198;5437.8599
100.6118;197.2533;0.0000;831.5422;5444.8594
100.6118;198.0727;0.0000;831.0974;5451.8594
100.7924;199.0727;0.0000;832.0004;5458.8594
100.7924;199.0727;0.0000;832.3616;5465.8594
100.7924;200.0727;0.0000;831.0974;5472.8594
100.9730;200.8921;0.0000;829.5422;5479.8594
100.9730;201.0727;0.0000;832.0004;5486.8599
101.1536;201.8921;0.0000;829.0004;5493.8594
100.3342;202.8921;0.0000;827.6257;5500.8594
100.3342;203.0727;0.0000;829.5422;5507.8594
100.5148;203.8921;0.0000;827.9034;5514.8594
100.6954;204.8921;0.0000;830.0839;5521.8594
100.6954;205.8921;0.0000;830.3616;5528.8594
100.8760;205.8921;0.0000;827.2646;5535.8594
100.0566;206.8921;0.0000;830.2645;5542.8594
100.2372;207.7115;0.0000;829.5422;5549.8594
100.2372;208.7115;0.0000;829.2645;5556.8599
100.2372;209.5309;0.0000;823.5287;5563.8599
100.4178;210.3503;0.0000;827.9034;5571.6792
100.4178;211.3503;0.0000;828.6258;5578.6787
100.4178;212.1697;0.0000;828.9034;5585.6792
100.5984;213.1697;0.0000;826.4451;5592.6792
100.5984;213.9892;0.0000;828.1675;5599.6787
100.7789;214.9891;0.0000;828.9034;5606.6787
100.7789;215.9891;0.0000;827.4452;5613.8599
100.9595;216.8085;0.0000;829.6257;5620.8594
100.1401;217.8085;9.8329;828.7228;5627.8594
100.3207;218.6279;0.0000;827.9869;5634.8599
100.3207;219.6279;9.8329;829.4452;5641.8594
100.5013;220.4474;0.0000;827.2646;5648.8594
100.5013;221.4474;0.0000;826.5287;5655.8594
100.5013;222.2668;0.0000;828.4451;5662.8594
100.6819;223.2668;9.8329;826.8063;5669.8594
100.6819;224.0862;0.0000;828.5287;5676.8594
100.6819;225.0862;9.8329;827.4452;5683.8599
100.8625;225.9056;0.0000;822.8899;5690.8594
100.8625;226.9056;0.0000;826.7093;5697.8594
101.0431;227.7250;0.0000;825.8063;5704.8599
101.0431;228.7250;0.0000;826.5287;5711.8594
101.2237;229.7250;9.8329;827.3481;5718.8594
101.2237;230.5444;0.0000;824.3481;5725.8594
101.4043;231.5444;0.0000;826.5287;5732.8594
101.4043;232.3638;0.0000;827.1675;5739.8594
101.5849;233.3638;0.0000;822.5287;5746.8594
102.4043;234.1832;0.0000;828.3481;5754.6787
102.5849;235.1832;0.0000;825.8063;5761.6792
102.5849;235.1832;0.0000;823.7094;5768.6787
102.7655;236.1832;0.0000;827.0705;5775.6787
102.7655;237.0026;0.0000;825.8063;5782.6792
102.9460;237.8220;0.0000;824.8899;5789.6792
102.9460;238.8220;0.0000;826.7093;5796.8594
103.9460;239.8220;0.0000;825.8063;5803.8599
104.1266;240.8220;0.0000;826.7093;5810.8599
104.3072;241.6414;0.0000;828.1675;5817.8594
104.4878;242.6414;0.0000;822.7094;5824.8594
104.4878;243.6414;0.0000;827.0705;5831.8599
104.6684;244.6414;0.0000;827.8063;5838.8594
105.6684;245.4608;0.0000;826.3481;5845.8594
105.8490;246.4608;0.0000;828.7093;5852.8599
106.6684;247.4608;0.0000;827.6257;5859.8594
106.8490;248.2803;0.0000;827.5287;5866.8594
107.0296;249.2803;0.0000;828.7093;5873.8594
107.2102;250.0997;0.0000;827.8063;5880.8599
107.3908;251.9191;0.0000;829.5287;5887.8594
107.5714;252.7385;0.0000;831.1675;5894.8594
107.7520;254.3773;0.0000;829.8063;5901.8599
107.9326;255.3773;0.0000;831.3481;5908.8594
108.7520;257.0161;0.0000;833.0839;5915.8594
108.9326;258.0161;0.0000;833.2645;5922.8599
109.1131;259.6549;0.0000;833.9869;5929.8594
109.2937;260.6549;0.0000;835.5422;5936.8594
109.4743;261.4743;0.0000;834.4451;5944.6787
110.6549;262.2938;0.0000;833.9869;5951.6792
110.8355;263.2937;0.0000;833.9034;5958.6787
111.0161;264.1132;0.0000;834.9869;5965.6787
112.0161;264.9326;0.0000;836.2645;5972.6787
112.1967;266.7520;0.0000;835.0839;5979.8594
113.1967;267.5714;0.0000;836.6257;5986.8594
113.3773;268.3908;0.0000;837.7228;5993.8594
113.5579;269.2102;0.0000;836.0839;6000.8599
113.7385;270.2102;0.0000;839.4451;6007.8594
114.7385;271.0296;0.0000;838.3616;6014.8594
114.9191;271.8490;0.0000;837.9033;6021.8594
115.0997;272.6684;0.0000;840.0840;6028.8594
116.0997;273.6684;0.0000;838.3616;6035.8594
116.2803;274.4878;0.0000;836.6257;6042.8594
117.2803;275.3072;0.0000;841.5422;6049.8594
118.2803;275.4878;0.0000;838.3616;6056.8594
118.4608;276.3072;0.0000;839.9034;6063.8594
119.4608;277.1266;0.0000;841.1810;6070.8599
119.6414;277.1266;2.1671;839.3616;6077.8594
119.8220;277.9460;0.0000;840.4452;6084.8594
120.8220;278.9460;0.0000;841.6392;6091.8594
121.0026;278.9460;2.1671;839.5422;6098.8594
121.1832;279.7655;0.0000;842.7228;6105.8594
122.3638;279.7655;0.0000;841.4586;6112.8594
122.5444;279.9460;0.0000;839.0839;6119.8594
123.7250;280.7654;0.0000;841.5422;6127.6792
124.0862;280.9460;0.0000;840.8198;6134.6787
124.2668;281.7654;0.0000;839.9034;6141.6787
125.4474;282.7654;0.0000;842.3616;6148.6792
125.6279;282.7654;0.0000;840.1810;6155.6792
126.6279;282.7654;0.0000;840.4452;6162.6787
126.8085;283.7654;0.0000;843.4586;6169.8599
127.1697;283.7654;0.0000;840.3616;6176.8594
128.1697;284.5849;0.0000;841.9034;6183.8594
128.3503;284.5849;0.0000;834.9033;6190.8594
129.3503;285.5849;0.0000;841.5422;6197.8599
130.3503;285.5849;0.0000;842.7228;6204.8594
130.7115;286.4043;0.0000;842.2781;6211.8594
130.8921;286.4043;0.0000;842.3616;6218.8599
131.0727;287.2237;0.0000;843.1810;6225.8594
132.2533;287.2237;0.0000;842.6393;6232.8594
133.2533;288.0431;0.0000;842.7228;6239.8594
133.4339;289.0431;0.0000;843.4586;6246.8594
134.6145;288.8625;0.0000;842.1810;6253.8594
134.7951;289.6819;0.0000;844.3616;6260.8594
134.9756;289.6819;0.0000;843.4586;6267.8599
135.9756;290.5013;0.0000;841.5422;6274.8594
136.3368;290.5013;0.0000;842.7228;6281.8594
137.3368;290.5013;0.0000;843.4586;6288.8599
137.5174;290.5013;0.0000;843.5422;6295.8594
137.6980;291.3207;0.0000;844.0004;6302.8594
138.6980;291.3207;0.0000;842.6393;6310.6787
138.8786;292.1401;0.0000;845.3616;6317.6792
140.0592;292.1401;0.0000;845.0975;6324.6792
140.2398;292.7789;0.0000;835.6257;6331.6787
140.4204;292.7789;2.1671;845.3616;6338.6787
141.6010;293.5984;0.0000;844.2781;6345.6792
141.7816;293.5984;0.0000;844.0004;6352.8594
142.7816;293.5984;0.0000;845.1810;6359.8594
143.1427;294.4178;0.0000;845.0975;6366.8599
143.3233;294.4178;0.0000;844.1810;6373.8594
144.3233;295.2372;0.0000;845.0004;6380.8594
144.6845;295.0566;0.0000;843.4586;6387.8599
144.8651;295.0566;0.0000;844.3616;6394.8599
145.8651;295.6954;0.0000;845.9169;6401.8594
146.2263;295.6954;2.1671;843.4586;6408.8594
147.2263;295.6954;0.0000;847.0004;6415.8599
147.4069;296.3342;2.1671;845.9169;6422.8594
148.4069;296.3342;0.0000;843.6392;6429.8594
148.7681;297.1536;0.0000;846.8198;6436.8599
149.7681;296.9730;0.0000;844.0975;6443.8594
150.1292;296.9730;0.0000;845.0004;6450.8594
150.3098;297.7924;0.0000;846.4586;6457.8594
151.4904;297.7924;0.0000;843.2781;6464.8594
151.6710;297.6118;0.0000;845.0004;6471.8594
152.8516;298.4312;0.0000;847.0975;6478.8594
153.2128;298.4312;0.0000;843.4586;6485.8599
154.2128;299.2507;0.0000;846.1810;6492.8599
155.3934;299.0701;0.0000;846.5557;6500.6787
155.7546;299.0701;0.0000;841.8198;6507.6787
156.9352;299.7089;0.0000;848.4586;6514.6792
157.9352;299.7089;0.0000;845.5557;6521.6792
158.2964;300.3477;0.0000;845.6392;6528.6787
159.2964;300.3477;0.0000;846.4586;6535.8599
160.2964;300.9865;0.0000;845.7363;6542.8594
160.6575;300.9865;0.0000;846.6392;6549.8594
161.6575;300.8059;0.0000;847.0975;6556.8594
162.6575;301.6253;0.0000;843.4586;6563.8594
162.8381;301.4448;0.0000;847.6392;6570.8594
163.8381;302.2641;0.0000;847.5557;6577.8594
164.8381;302.0836;0.0000;844.2781;6584.8599
165.0187;301.9030;0.0000;847.6392;6591.8594
166.0187;302.7224;0.0000;848.0139;6598.8594
167.0187;302.5418;0.0000;844.8198;6605.8594
168.0187;303.1806;0.0000;848.2781;6612.8594
168.1993;303.0000;0.0000;848.0139;6619.8594
169.1993;303.8194;0.0000;846.4586;6626.8594
170.0187;303.6388;0.0000;848.7363;6633.8594
170.1993;303.4582;0.0000;847.5557;6640.8594
171.1993;304.0970;0.0000;848.2781;6647.8594
172.3799;303.9164;0.0000;849.1945;6654.8599
173.3799;304.7359;0.0000;846.2781;6661.8594
174.3799;304.5553;0.0000;849.2781;6668.8594
175.5605;305.1941;0.0000;849.8333;6675.8594
176.5605;305.0135;0.0000;848.7363;6683.6792
176.7411;304.8329;0.0000;849.9169;6690.6787
177.7411;305.6523;0.0000;850.2915;6697.6787
178.9217;305.4717;0.0000;849.7363;6704.6787
179.9217;305.2911;0.0000;854.6527;6711.6792
180.1023;305.9300;0.0000;850.0139;6718.8594
181.1023;305.7493;0.0000;850.7362;6725.8594
182.1023;306.3882;0.0000;851.6527;6732.8599
183.1023;306.2076;0.0000;849.5557;6739.8594
184.2829;306.0270;0.0000;851.9169;6746.8594
185.2829;305.8464;0.0000;851.1945;6753.8599
185.4635;306.4852;0.0000;849.4586;6760.8594
186.4635;306.1240;0.0000;853.2780;6767.8594
187.4635;305.9434;0.0000;852.1945;6774.8594
188.4635;306.5822;0.0000;852.2781;6781.8599
189.4635;306.2211;0.0000;857.0139;6788.8594
190.4635;306.8599;0.0000;852.3751;6795.8594
191.4635;306.6793;0.0000;853.2780;6802.8599
192.4635;307.1375;0.0000;855.0139;6809.8594
192.4635;306.9569;0.0000;852.2781;6816.8594
193.4635;307.4151;0.0000;855.7227;6823.8594
194.4635;307.2345;0.0000;856.6393;6830.8599
195.2829;306.8734;0.0000;856.0839;6837.8594
196.9217;307.3316;2.1671;858.8064;6844.8594
197.9217;306.9704;9.8329;858.6258;6851.8599
198.7411;306.7898;0.0000;860.0705;6858.8594
199.5605;306.4286;0.0000;861.8899;6866.6787
200.5605;306.8869;9.8329;861.5287;6873.6787
201.3799;306.7062;0.0000;862.4317;6880.6792
202.1993;306.3451;0.0000;862.7093;6887.6787
204.0187;306.9839;0.0000;854.5152;6894.6787
204.8381;306.6227;0.0000;862.9734;6901.6792
206.6575;306.4421;0.0000;863.5287;6908.8594
207.4769;307.0810;0.0000;862.2511;6915.8594
208.4769;306.9003;0.0000;864.4316;6922.8594
210.1158;306.5392;0.0000;864.1675;6929.8599
211.1158;306.3586;0.0000;861.9734;6936.8594
212.7546;306.9974;0.0000;865.7093;6943.8594
213.7546;306.8168;9.8329;865.1675;6950.8599
215.3934;306.4556;0.0000;865.4316;6957.8594
216.3934;306.2750;0.0000;867.3481;6964.8594
217.3934;306.0944;9.8329;864.0705;6971.8594
219.2128;305.9138;0.0000;866.7928;6978.8594
220.0322;305.7332;0.0000;867.8899;6985.8594
221.8516;305.5526;0.0000;865.3346;6992.8594
222.8516;305.3721;0.0000;870.0570;6999.8599
224.4904;305.1915;0.0000;869.6958;7006.8599
225.4904;304.8303;0.0000;868.8629;7013.8594
227.1293;304.6497;0.0000;871.8629;7020.8599
227.9487;304.4691;9.8329;871.5017;7027.8599
228.7681;304.2885;0.0000;871.5853;7034.8594
230.4069;304.2885;0.0000;874.0435;7041.8594
231.2263;304.1079;9.8329;871.8629;7048.8599
232.0457;303.9273;2.1671;873.1271;7056.6792
233.6845;303.7467;0.0000;873.2241;7063.6787
234.5039;303.5662;2.1671;872.7659;7070.6787
235.3233;302.5662;0.0000;875.9464;7077.6792
236.9621;302.3856;0.0000;875.5017;7084.6787
237.7816;302.2050;0.0000;872.9465;7091.8594
238.6010;302.2050;2.1671;876.7659;7098.8599
240.4204;302.0244;0.0000;877.5017;7105.8594
242.0592;301.0244;2.1671;875.9464;7112.8594
242.8786;300.8438;9.8329;877.2241;7119.8599
244.6980;300.6632;0.0000;874.8629;7126.8594
245.5174;300.6632;0.0000;877.7659;7133.8594
246.5174;300.4826;2.1671;878.5017;7140.8594
247.3368;299.4826;0.0000;876.2241;7147.8594
248.9756;299.3020;0.0000;878.7659;7154.8594
250.7951;298.9408;0.0000;879.3211;7161.8594
251.6145;298.7602;0.0000;880.0435;7168.8599
252.4339;298.5796;0.0000;879.2375;7175.8594
253.2533;298.3990;0.0000;881.0435;7182.8594
254.0727;297.2184;0.0000;881.1270;7189.8594
255.7115;297.0378;0.0000;883.3077;7196.8599
256.7115;296.0378;0.0000;881.7658;7203.8594
258.3503;295.8573;0.0000;881.2106;7210.8594
259.1697;295.4961;0.0000;884.4047;7217.8594
259.9891;295.3155;0.0000;883.1271;7224.8594
260.8086;295.1349;0.0000;885.2106;7231.8594
261.6279;294.7737;0.0000;887.4047;7239.6787
262.4474;293.7737;0.0000;883.4883;7246.6792
263.2668;292.7737;9.8329;886.0300;7253.6792
264.9056;292.4125;0.0000;888.2241;7260.6787
266.5444;291.4125;9.8329;888.3076;7267.6792
268.1832;290.2319;0.0000;890.5853;7274.8594
269.0026;290.0513;0.0000;889.0435;7281.8594
270.6414;288.8708;0.0000;889.3076;7288.8594
271.6414;287.6902;0.0000;892.8629;7295.8599
273.2802;287.5096;0.0000;890.2241;7302.8594
274.0997;286.3289;0.0000;894.1271;7309.8594
275.7385;286.1484;0.0000;893.3211;7316.8599
276.3773;284.9678;0.0000;893.0435;7323.8594
278.0161;283.9678;0.0000;897.4047;7330.8594
278.8355;282.7872;0.0000;895.7794;7337.8594
280.4743;281.7872;0.0000;887.8494;7344.8599
282.1132;280.6066;0.0000;897.5017;7351.8594
283.7520;279.6066;0.0000;896.7794;7358.8594
284.5714;278.6066;0.0000;897.0435;7365.8599
286.0296;278.4260;0.0000;898.9599;7372.8594
286.8490;277.2454;0.0000;896.3211;7379.8594
288.4878;275.4260;0.0000;897.4047;7386.8599
289.3072;274.4260;0.0000;898.5988;7393.8599
290.9460;273.4260;0.0000;896.9599;7400.8594
291.7655;272.4260;0.0000;899.8629;7407.8594
292.5849;270.6066;0.0000;899.2376;7414.8599
293.4043;269.6066;0.0000;897.5017;7422.6787
294.2237;268.4260;2.1671;900.9600;7429.6787
294.8625;267.4260;0.0000;899.2376;7436.6787
295.6819;266.4260;2.1671;898.3211;7443.6792
296.5013;265.4260;0.0000;900.9600;7450.6792
297.1401;264.4260;0.0000;897.5988;7457.6787
297.9595;263.4260;0.0000;900.7794;7464.8599
298.7789;262.4260;0.0000;902.6958;7471.8594
298.5984;261.4260;0.0000;898.5988;7478.8594
299.4178;260.2454;0.0000;903.5988;7485.8599
300.2372;260.0648;0.0000;900.8764;7492.8594
300.0566;259.0648;0.0000;901.5988;7499.8594
300.8760;258.0648;0.0000;897.4047;7506.8594
301.5148;257.0648;0.0000;902.6958;7513.8599
301.5148;256.0648;0.0000;902.3212;7520.8599
302.1536;255.0648;0.0000;904.0570;7527.8594
302.1536;254.8842;0.0000;903.4182;7534.8599
302.7924;253.8842;9.8329;904.1406;7541.8599
303.4313;252.8842;0.0000;903.5988;7548.8594
304.2507;251.8842;0.0000;904.9600;7555.8594
304.0701;250.7036;0.0000;907.6823;7562.8599
304.7089;249.7036;0.0000;906.5988;7569.8594
305.5283;248.7036;9.8329;899.1271;7576.8594
306.1671;247.7036;0.0000;909.0435;7583.8599
305.9865;246.8842;0.0000;907.7794;7590.8594
306.6253;245.0648;0.0000;908.2241;7597.8594
306.4448;244.0648;0.0000;910.8629;7604.8599
307.2641;243.8842;0.0000;908.3212;7612.6787
307.0836;241.8842;0.0000;910.0435;7619.6787
307.7224;240.8842;0.0000;911.4182;7626.6787
308.3612;239.8842;0.0000;910.3212;7633.6792
308.1806;239.7036;9.8329;911.9465;7640.6792
308.8194;238.5231;0.0000;912.7794;7647.8594
308.6388;237.5230;0.0000;910.5017;7654.8594
308.4582;236.5230;0.0000;913.3211;7661.8594
308.9164;236.3425;0.0000;910.9600;7668.8594
308.7359;235.1619;0.0000;913.3211;7675.8594
309.3747;234.1619;0.0000;914.4182;7682.8599
309.1941;233.1619;0.0000;912.5988;7689.8594
309.8329;232.1619;0.0000;914.9599;7696.8594
309.6523;230.9813;0.0000;916.4181;7703.8594
309.4717;230.8007;0.0000;912.8763;7710.8594
309.2911;229.8007;0.0000;913.5017;7717.8594
309.9299;228.8007;0.0000;916.3347;7724.8594
309.7493;227.8007;0.0000;914.4182;7731.8594
310.3882;226.8007;0.0000;915.2375;7738.8594
310.3882;225.8007;0.0000;916.1541;7745.8594
310.2076;225.6201;0.0000;914.7794;7752.8599
310.8464;224.4395;0.0000;917.0570;7759.8599
310.6658;223.4395;0.0000;915.3346;7766.8594
311.3046;222.2589;0.0000;915.5988;7773.8594
311.1240;221.2589;0.0000;917.5153;7780.8599
310.9434;220.8977;0.0000;916.5153;7787.8594
310.7628;219.8977;0.0000;916.4181;7795.6787
311.4016;217.8977;0.0000;919.6122;7802.6787
311.2211;216.8977;0.0000;914.8763;7809.6792
312.0405;216.7171;0.0000;920.6958;7816.6787
311.8599;215.5365;0.0000;918.4316;7823.6787
311.6793;214.5365;0.0000;916.8764;7830.8594
312.3181;213.3559;0.0000;919.5153;7837.8594
312.1375;212.3559;0.0000;916.9734;7844.8594
311.9569;211.3560;0.0000;916.8764;7851.8599
312.5957;210.3560;0.0000;918.9734;7858.8599
312.5957;209.3559;0.0000;916.7928;7865.8594
313.2345;208.3559;0.0000;918.5153;7872.8594
313.0540;207.1754;0.0000;918.6123;7879.8599
312.8734;206.1754;0.0000;917.3347;7886.8594
313.5122;204.3559;0.0000;920.3346;7893.8594
313.3316;203.1754;9.8329;919.0705;7900.8599
313.9704;202.1754;0.0000;919.3346;7907.8594
313.7898;201.1754;9.8329;920.1541;7914.8594
313.6092;200.1754;0.0000;919.8899;7921.8594
314.0674;198.3559;0.0000;919.3346;7928.8599
313.8868;197.3560;0.0000;922.2511;7935.8594
314.5257;196.5365;9.8329;920.0705;7942.8594
314.1645;194.7171;0.0000;922.6122;7949.8599
313.9839;193.7171;9.8329;921.8899;7956.8599
314.4421;192.7171;0.0000;917.9735;7963.8594
314.0809;191.7171;0.0000;926.0704;7970.8599
313.9004;190.7171;0.0000;918.7928;7978.6792
313.5392;189.7171;0.0000;920.6123;7985.6787
313.3586;188.7171;0.0000;924.2511;7992.6787
313.8168;186.8977;0.0000;922.7093;7999.6792
313.6362;186.0783;0.0000;922.8899;8006.6787
313.2750;185.0783;0.0000;926.0704;8013.6787
313.0944;184.0783;0.0000;922.8899;8020.8594
312.9138;182.4395;0.0000;926.0704;8027.8594
312.5527;181.6201;0.0000;926.8063;8034.8599
313.1915;180.6201;0.0000;925.3481;8041.8594
313.0109;179.8007;0.0000;927.0704;8048.8599
312.6497;178.1619;0.0000;927.6257;8055.8599
312.4691;177.1619;0.0000;925.5287;8062.8594
312.1079;176.3425;2.1671;930.5287;8069.8594
311.9273;175.3425;0.0000;929.2645;8076.8599
311.5662;174.3425;0.0000;928.3481;8083.8594
311.2050;173.3425;0.0000;931.6258;8090.8594
311.0244;171.7036;0.0000;926.9869;8097.8594
310.8438;170.7036;0.0000;928.9033;8104.8599
310.4826;168.8842;0.0000;933.5287;8111.8594
310.9408;168.0648;0.0000;927.7228;8118.8599
310.7602;166.2454;0.0000;932.7928;8125.8599
310.3990;165.4260;0.0000;932.9869;8132.8594
310.2184;164.6066;0.0000;932.3481;8139.8594
309.8573;163.6066;0.0000;935.2511;8146.8599
309.6767;161.9678;0.0000;934.3481;8153.8594
309.3155;160.9678;0.0000;933.5287;8160.8594
308.1349;159.9678;0.0000;936.3481;8168.6787
307.9543;159.1484;0.0000;934.0706;8175.6787
308.4125;157.3290;0.0000;934.4317;8182.6792
308.0513;156.5096;0.0000;936.5287;8189.6787
307.8708;154.6902;0.0000;933.5287;8196.6797
307.5096;153.8707;0.0000;935.6123;8203.8594
306.3290;152.8707;0.0000;936.3481;8210.8594
305.9678;152.0513;0.0000;934.0706;8217.8594
305.7872;150.2319;0.0000;937.2511;8224.8594
305.4260;149.4125;9.8329;936.4452;8231.8594
305.2454;148.5931;0.0000;936.8899;8238.8594
304.8842;146.9543;9.8329;937.7093;8245.8594
303.8842;145.9543;0.0000;938.8063;8252.8594
303.5231;145.1349;0.0000;937.0704;8259.8594
303.3425;144.3155;0.0000;938.1675;8266.8594
302.9813;142.6767;0.0000;936.5287;8273.8594
302.8007;141.8573;0.0000;937.4316;8280.8594
302.4395;140.2184;0.0000;938.8063;8287.8594
302.0783;139.3990;0.0000;936.3481;8294.8594
301.0783;137.5796;0.0000;939.0705;8301.8594
300.7172;136.7602;0.0000;938.4451;8308.8594
300.5366;135.9408;0.0000;937.0704;8315.8594
299.3560;134.3020;0.0000;939.7093;8322.8594
299.1754;132.4826;0.0000;938.4451;8329.8594
297.9948;131.6632;0.0000;937.8899;8336.8594
297.8142;130.0244;0.0000;939.3481;8343.8594
297.4530;129.2050;0.0000;938.1675;8351.6787
296.4530;128.3855;0.0000;939.7093;8358.6787
296.0918;126.7467;0.0000;941.2645;8365.6787
295.0918;125.9273;0.0000;938.9869;8372.6787
294.9112;124.2885;0.0000;940.5287;8379.6787
294.7306;123.4691;0.0000;940.9034;8386.8594
293.7306;121.8303;0.0000;939.3481;8393.8594
293.5500;121.0109;0.0000;942.1675;8400.8594
292.5500;120.1915;0.0000;940.0839;8407.8594
291.5500;118.7332;0.0000;941.1675;8414.8594
291.3694;117.9138;0.0000;942.1675;8421.8594
290.3694;116.2750;0.0000;940.0839;8428.8594
289.5500;115.6362;0.0000;941.3481;8435.8604
289.3694;114.8168;0.0000;943.3616;8442.8594
288.3694;113.1780;0.0000;940.4451;8449.8594
287.3694;112.3586;0.0000;942.1675;8456.8594
286.5500;111.7197;0.0000;940.0839;8463.8594
286.3694;110.9003;9.8329;939.1675;8470.8594
285.5500;110.2615;0.0000;942.8063;8477.8594
285.3694;108.6227;0.0000;941.7228;8484.8594
284.3694;107.8033;0.0000;940.9869;8491.8594
284.1888;106.9839;0.0000;941.6257;8498.8594
283.1888;106.3451;0.0000;940.7228;8505.8594
282.1888;105.5257;0.0000;940.9869;8512.8594
282.0083;104.7063;0.0000;943.3616;8519.8594
281.0083;104.0674;0.0000;941.2645;8526.8594
280.0083;103.2480;0.0000;942.1675;8534.6787
279.1888;102.4286;0.0000;940.9034;8541.6797
279.0083;101.7898;0.0000;940.9034;8548.6787
278.0083;100.1510;0.0000;946.2645;8555.6787
277.0083;100.3316;0.0000;942.3616;8562.6797
276.1888;99.5122;0.0000;943.2645;8569.6787
275.1888;98.6928;0.0000;944.0839;8576.8594
275.0083;98.0540;0.0000;941.1810;8583.8604
274.0083;98.0540;0.0000;942.4451;8590.8594
273.0083;97.4151;0.0000;944.5422;8597.8594
272.6471;96.5957;0.0000;940.5422;8604.8594
271.6471;95.7763;0.0000;943.8063;8611.8594
270.4665;94.9569;0.0000;942.8198;8618.8594
269.4665;94.3181;0.0000;940.9034;8625.8594
269.1053;93.4987;0.0000;943.9869;8632.8594
267.9247;92.8599;0.0000;942.8198;8639.8594
267.7441;92.0405;0.0000;941.3616;8646.8594
266.5635;91.4016;0.0000;941.3751;8653.8594
265.5635;91.4016;0.0000;942.8198;8660.8594
265.3829;90.5822;0.0000;940.2781;8667.8594
264.5635;89.9434;0.0000;941.9169;8674.8594
264.3829;89.1240;0.0000;933.0004;8681.8594
263.3829;89.3046;0.0000;941.6392;8688.8594
262.3829;88.6658;0.0000;940.8333;8695.8594
262.2023;88.6658;0.0000;938.9169;8702.8594
261.2023;87.8464;0.0000;940.9169;8709.8594
260.2023;87.2076;0.0000;940.8333;8717.6787
260.0218;86.3882;0.0000;934.0840;8724.6787
258.8412;85.7493;0.0000;944.5557;8731.6797
258.6606;85.7493;0.0000;941.1945;8738.6787
257.6606;85.1105;0.0000;942.5557;8745.6787
257.2994;84.2911;9.8329;941.7363;8752.6787
256.2994;84.4717;0.0000;938.7363;8759.8594
255.1188;83.8329;0.0000;939.8198;8766.8594
254.1188;83.8329;0.0000;934.2781;8773.8594
253.9382;83.1941;0.0000;941.5557;8780.8594
252.7576;82.5553;0.0000;939.0004;8787.8594
251.7576;81.9165;9.8329;940.8333;8794.8594
251.5770;82.0970;0.0000;938.9169;8801.8594
250.5770;81.2776;0.0000;941.9169;8808.8594
249.5770;80.6388;0.0000;940.1945;8815.8594
248.5770;80.0000;0.0000;938.8198;8822.8594
247.5770;80.1806;0.0000;940.9169;8829.8594
246.3964;79.5418;9.8329;940.7363;8836.8594
246.2158;78.9030;0.0000;938.0004;8843.8594
245.2158;79.0835;9.8329;938.9169;8850.8594
244.2158;78.4447;0.0000;938.7363;8857.8594
243.2158;77.8059;0.0000;938.3616;8864.8594
242.2158;77.9865;0.0000;939.0974;8871.8594
241.2158;77.3477;0.0000;937.6392;8878.8594
240.3964;77.3477;9.8329;939.1810;8885.8594
239.3964;76.7089;0.0000;938.9169;8892.8594
238.5770;76.0701;0.0000;937.7228;8899.8594
237.5770;76.2507;9.8329;938.0004;8907.6797
236.5770;75.6118;0.0000;937.6392;8914.6787
235.7576;74.7924;0.0000;936.9034;8921.6787
234.7576;74.9730;9.8329;938.0004;8928.6797
233.7576;74.3342;9.8329;934.3616;8935.6787
232.7576;74.3342;9.8329;936.9034;8942.8594
231.9382;73.6954;0.0000;939.2781;8949.8604
230.9382;72.8760;0.0000;937.3616;8956.8594
230.1188;73.0566;0.0000;937.7228;8963.8594
229.2994;72.2372;9.8329;937.8198;8970.8594
228.4800;72.4178;0.0000;937.9034;8977.8594
227.4800;71.5984;0.0000;937.9034;8984.8594
226.6606;70.9595;0.0000;937.8198;8991.8594
225.6606;71.1401;0.0000;937.9034;8998.8594
224.8412;70.3207;0.0000;939.8198;9005.8594
224.0217;69.6819;0.0000;937.3616;9012.8594
223.0217;69.6819;0.0000;939.9034;9019.8594
222.2023;69.8625;0.0000;939.8198;9026.8594
221.3829;69.0431;0.0000;937.9034;9033.8594
220.5635;69.2237;0.0000;939.0839;9040.8594
218.7441;68.5849;0.0000;938.7363;9047.8594
217.9247;67.7654;0.0000;937.9034;9054.8594
217.7441;67.1266;0.0000;938.0839;9061.8594
216.9247;67.1266;0.0000;939.0004;9068.8594
216.1053;66.4878;0.0000;938.0839;9075.8594
215.1053;66.4878;0.0000;940.7228;9082.8594
213.4665;65.8490;0.0000;937.3616;9090.6787
213.2859;65.2102;0.0000;938.4451;9097.6787
212.4665;66.0296;0.0000;939.0004;9104.6787
211.4665;65.3908;0.0000;935.4452;9111.6787
210.4665;64.7520;0.0000;937.6257;9118.6787
209.4665;64.7520;0.0000;937.3616;9125.6797
208.4665;64.1131;0.0000;937.2645;9132.8594
207.4665;64.2937;0.0000;939.8063;9139.8594
206.6471;64.2937;0.0000;937.3616;9146.8594
205.6471;63.6549;0.0000;936.8063;9153.8594
204.6471;63.8355;0.0000;937.4452;9160.8594
203.6471;63.0161;0.0000;936.5422;9167.8604
202.6471;63.1967;0.0000;935.8063;9174.8594
201.6471;62.5579;0.0000;935.0840;9181.8594
200.6471;62.7385;0.0000;935.8063;9188.8594
198.8277;62.7385;0.0000;936.5287;9195.8594
197.8277;61.2803;0.0000;937.9034;9202.8594
196.8277;61.4608;0.0000;935.1675;9209.8594
195.8277;61.6414;0.0000;937.1675;9216.8594
194.8277;61.8220;0.0000;935.6257;9223.8594
194.6471;62.0026;0.0000;935.1675;9230.8594
193.6471;62.1832;0.0000;935.5287;9237.8594
192.6471;62.3638;0.0000;935.6257;9244.8594
192.6471;62.3638;0.0000;935.1675;9251.8594
191.6471;62.5444;0.0000;935.6257;9258.8594
190.6471;61.9056;0.0000;933.8064;9265.8594
189.8277;62.0862;9.8329;936.8899;9273.6787
188.8277;62.2668;0.0000;935.6257;9280.6787
187.8277;61.6279;0.0000;933.8064;9287.6787
187.0083;61.6279;0.0000;936.8899;9294.6787
186.0083;61.8085;0.0000;935.9869;9301.6787
185.0083;61.9891;0.0000;934.0706;9308.6787
184.1888;62.1697;0.0000;933.5287;9315.8594
183.1888;62.3503;0.0000;932.5287;9322.8594
182.1888;62.5309;0.0000;934.4317;9329.8594
181.1889;62.7115;0.0000;935.1675;9336.8594
180.3694;62.0727;0.0000;933.5287;9343.8594
179.3694;62.2533;0.0000;935.6123;9350.8594
178.5500;62.4339;0.0000;935.9869;9357.8594
177.5500;62.6145;0.0000;933.8899;9364.8594
176.7306;62.7950;0.0000;936.2511;9371.8594
175.9112;62.9756;9.8329;932.9869;9378.8594
174.9112;63.3368;0.0000;933.9735;9385.8594
174.0918;63.5174;0.0000;934.6122;9392.8594
173.2724;63.6980;0.0000;933.9869;9399.8594
172.2724;63.8786;0.0000;933.9735;9406.8594
171.4530;64.2398;0.0000;935.0705;9413.8594
171.2724;64.4204;0.0000;931.4316;9420.8594
170.4530;64.6010;0.0000;934.9735;9427.8594
169.6336;64.7816;0.0000;933.5287;9434.8594
168.6336;64.9622;9.8329;932.6122;9441.8594
167.8142;65.3233;0.0000;933.3346;9448.8594
166.8142;65.5039;0.0000;933.3481;9455.8594
165.9948;65.8651;0.0000;932.3346;9463.6797
165.1754;66.0457;0.0000;934.7928;9470.6797
164.1754;66.4069;0.0000;932.7094;9477.6787
164.1754;66.5875;0.0000;933.6122;9484.6787
163.1754;66.9487;0.0000;933.6122;9491.6787
162.3559;67.3098;0.0000;930.9734;9498.8594
161.5365;67.6710;0.0000;932.8763;9505.8594
160.5365;68.6710;0.0000;933.4317;9512.8594
159.7171;69.0322;0.0000;931.3346;9519.8594
158.8977;69.3934;0.0000;932.3346;9526.8594
157.8977;69.7546;0.0000;929.9734;9533.8604
157.0783;69.9352;0.0000;929.8763;9540.8594
155.2589;70.2964;0.0000;932.5152;9547.8594
155.0783;70.4769;0.0000;930.7928;9554.8594
154.2589;70.8381;0.0000;930.6958;9561.8594
153.2589;71.0187;0.0000;932.5152;9568.8594
152.4395;71.3799;0.0000;931.7928;9575.8594
151.4395;71.5605;0.0000;930.0570;9582.8594
151.4395;71.9217;0.0000;931.6122;9589.8594
150.4395;72.2829;9.8329;928.3346;9596.8594
149.6201;72.4635;0.0000;930.0570;9603.8594
149.6201;73.6441;0.0000;931.7928;9610.8594
148.6201;74.0052;0.0000;929.6958;9617.8594
147.8007;75.0052;0.0000;932.3346;9624.8594
146.9813;75.3664;0.0000;929.3346;9631.8594
146.1619;75.7276;9.8329;928.7794;9638.8594
145.3425;76.0888;0.0000;930.8763;9646.6787
144.5230;76.4500;0.0000;930.9734;9653.6787
143.7036;76.6306;0.0000;932.8763;9660.6797
142.8842;76.9917;0.0000;931.9734;9667.6787
142.0648;77.1723;0.0000;930.0570;9674.6787
141.2454;77.5335;0.0000;933.4182;9681.6797
141.2454;77.7141;0.0000;931.3346;9688.8594
140.4260;77.8947;0.0000;929.0570;9695.8594
140.4260;78.2559;0.0000;931.4182;9702.8594
139.6066;79.2559;0.0000;929.3346;9709.8594
138.7872;79.4365;0.0000;930.4182;9716.8594
138.7872;79.6171;2.1671;930.2375;9723.8594
137.9678;79.9783;2.1671;927.5152;9730.8594
137.1484;80.1589;0.0000;929.5988;9737.8594
136.3290;80.5200;2.1671;930.1540;9744.8594
135.5096;80.7006;0.0000;925.8899;9751.8594
134.6902;80.8812;0.0000;926.7928;9758.8594
134.6902;81.0618;0.0000;927.7093;9765.8594
133.8708;81.2424;9.8329;924.4316;9772.8594
133.0513;81.4230;0.0000;926.7928;9779.8594
132.2319;82.4230;0.0000;926.5287;9786.8594
131.4125;82.6036;0.0000;924.9734;9793.8594
130.5931;82.7842;0.0000;923.9734;9800.8594
129.7737;82.9648;0.0000;923.4316;9807.8594
128.9543;83.1454;0.0000;924.7928;9814.8594
128.9543;83.3259;0.0000;926.4316;9821.8594
128.1349;83.3259;0.0000;922.7928;9829.6797
127.3155;83.5065;9.8329;922.8764;9836.6797
126.6767;84.5065;0.0000;922.4316;9843.6787
125.8573;85.5065;0.0000;919.3346;9850.6787
125.0378;85.6871;9.8329;921.2376;9857.6797
124.2184;85.8677;0.0000;919.7928;9864.6787
123.3990;86.0483;0.0000;916.5988;9871.8594
122.5796;87.0483;0.0000;919.4182;9878.8594
121.7602;87.8677;0.0000;917.6958;9885.8594
121.7602;88.8677;0.0000;915.9599;9892.8594
121.1214;89.0483;0.0000;918.2376;9899.8594
120.3020;90.0483;0.0000;915.2375;9906.8594
119.4826;90.0483;0.0000;918.7794;9913.8594
118.6632;89.4095;9.8329;916.0569;9920.8594
117.8438;89.5901;0.0000;914.7794;9927.8594
117.0244;89.5901;9.8329;913.8763;9934.8594
116.3855;89.7707;9.8329;912.9600;9941.8594
115.5661;89.9513;0.0000;911.8629;9948.8594
114.7467;90.7707;0.0000;911.7659;9955.8594
113.9273;91.7707;0.0000;910.3212;9962.8594
113.1079;92.7707;0.0000;910.8629;9969.8594
112.2885;92.7707;9.8329;911.6823;9976.8594
112.4691;92.9513;0.0000;908.4047;9983.8594
111.6497;93.1319;0.0000;910.3076;9990.8594
110.8303;93.9513;9.8329;910.6823;9997.8594
110.8303;94.9513;0.0000;901.3912;10004.8594
110.1915;95.1319;0.0000;907.2106;10011.8594
109.3721;95.1319;9.8329;905.9465;10019.6787
108.5527;96.1319;0.0000;905.9465;10026.6787
107.7332;97.1319;0.0000;907.0300;10033.6797
106.9138;98.1319;0.0000;905.4047;10040.6787
106.0944;98.9513;0.0000;904.8494;10047.6797
105.2750;99.1319;0.0000;904.8494;10054.8594
105.2750;99.3125;9.8329;902.4883;10061.8594
104.4556;99.4931;0.0000;903.7524;10068.8594
102.8168;100.3125;9.8329;904.3076;10075.8594
101.9974;101.3125;0.0000;901.0300;10082.8594
101.1780;102.3125;0.0000;904.5718;10089.8594
100.3586;102.3125;0.0000;901.8494;10096.8594
99.5392;102.4931;0.0000;899.0300;10103.8594
99.5392;103.4931;0.0000;902.1135;10110.8594
98.7197;104.4931;0.0000;901.0300;10117.8594
97.9003;104.6736;0.0000;897.8359;10124.8594
97.0809;104.8542;0.0000;897.4747;10131.8594
96.2615;105.8542;0.0000;901.0300;10138.8594
95.4421;106.8542;0.0000;895.5583;10145.8594
93.8033;107.8542;0.0000;899.9330;10152.8594
93.1645;108.0348;0.0000;896.4747;10159.8594
92.3451;109.0348;0.0000;897.3777;10166.8594
91.5257;110.0348;0.0000;897.2941;10173.8594
89.8869;111.0348;0.0000;894.1971;10180.8594
89.0674;111.2154;0.0000;895.7389;10187.8594
88.4286;112.2154;0.0000;895.2941;10194.8594
87.6092;113.2154;0.0000;894.7389;10202.6787
86.7898;114.2154;0.0000;895.7389;10209.6787
85.9704;114.3960;0.0000;893.6553;10216.6787
85.9704;115.3960;0.0000;892.5583;10223.6787
84.5122;116.3960;0.0000;892.5583;10230.6787
84.5122;116.5766;0.0000;891.3777;10237.8594
83.6928;117.5766;0.0000;891.8224;10244.8594
82.8734;118.5766;0.0000;893.8359;10251.8594
82.0540;119.5766;0.0000;891.5583;10258.8594
81.4151;119.7572;0.0000;893.6418;10265.8594
81.4151;120.7572;0.0000;891.1971;10272.8594
80.5957;120.9378;0.0000;890.9195;10279.8594
80.7763;121.9378;0.0000;894.7389;10286.8594
80.7763;122.1184;0.0000;893.6553;10293.8594
79.9569;123.1184;0.0000;892.2807;10300.8594
80.1375;123.2990;0.0000;892.5583;10307.8594
80.1375;123.4796;0.0000;890.7389;10314.8594
79.3181;124.4796;0.0000;891.4747;10321.8594
78.4987;124.6602;0.0000;890.5583;10328.8594
78.4987;125.4796;0.0000;890.6418;10335.8594
77.8599;126.4796;0.0000;892.1836;10342.8594
77.0405;127.4796;0.0000;892.1971;10349.8594
76.4016;128.4796;0.0000;889.8224;10356.8594
75.7628;129.2990;0.0000;893.1837;10363.8594
74.9434;129.4796;0.0000;886.4612;10370.8594
75.1240;130.4796;0.0000;889.0031;10377.8594
74.3046;130.4796;0.0000;889.8224;10385.6787
73.6658;131.4796;0.0000;886.8224;10392.6787
73.6658;131.6602;0.0000;886.4478;10399.6787
72.8464;132.4796;0.0000;887.6418;10406.6797
72.2076;132.6602;0.0000;885.7254;10413.6797
72.2076;133.6602;0.0000;886.6284;10420.6787
71.3882;134.4796;0.0000;885.1836;10427.8594
70.7493;135.4796;0.0000;885.0865;10434.8604
70.7493;135.6602;0.0000;885.2672;10441.8594
70.1105;136.6602;0.0000;883.1836;10448.8594
69.4717;137.6602;9.8329;885.0865;10455.8604
68.6523;138.4796;0.0000;884.2672;10462.8594
68.0135;139.4796;0.0000;883.3642;10469.8594
67.1941;139.6602;9.8329;882.9895;10476.8604
67.3747;140.6602;0.0000;881.9060;10483.8594
66.7359;141.6602;0.0000;881.6284;10490.8594
65.9164;141.8407;0.0000;882.6284;10497.8594
66.0970;142.8407;0.0000;883.5448;10504.8594
65.2776;143.8408;0.0000;879.9895;10511.8594
64.6388;144.6602;9.8329;881.5313;10518.8594
64.6388;144.8408;0.0000;882.2672;10525.8594
64.0000;145.8408;0.0000;879.9895;10532.8594
63.3612;146.8408;0.0000;878.9895;10539.8594
63.3612;147.8408;0.0000;879.0865;10546.8594
62.7224;148.8408;9.8329;879.3507;10553.8594
61.9030;149.0214;0.0000;879.4478;10560.8594
62.0835;150.0213;0.0000;876.9896;10567.8594
61.2641;151.0214;0.0000;876.4343;10575.6787
61.4447;152.0213;0.0000;878.2672;10582.6797
60.6253;152.8407;0.0000;877.3507;10589.6787
60.8059;153.0214;0.0000;878.7119;10596.6787
60.1671;154.0213;0.0000;876.8090;10603.6797
60.3477;155.0214;0.0000;876.0731;10610.8594
59.5283;156.0213;0.0000;879.1702;10617.8594
58.8895;156.2019;0.0000;876.8090;10624.8604
59.0701;157.8407;0.0000;876.5313;10631.8594
58.2507;158.8407;0.0000;878.2672;10638.8594
58.4312;159.8407;0.0000;875.1702;10645.8604
57.7924;160.8407;0.0000;877.8925;10652.8594
57.9730;161.8407;0.0000;874.6284;10659.8594
57.3342;162.6602;0.0000;875.3507;10666.8604
57.5148;163.6602;0.0000;873.6149;10673.8594
56.6954;164.6602;0.0000;872.3508;10680.8594
56.8760;166.4796;0.0000;874.4343;10687.8594
56.2372;167.4796;0.0000;876.2537;10694.8594
56.4178;168.2990;0.0000;872.3508;10701.8594
55.5984;169.2990;0.0000;874.0731;10708.8594
54.9595;171.1184;0.0000;874.8925;10715.8594
55.1401;172.1184;0.0000;873.1702;10722.8594
55.3207;173.1184;0.0000;872.8925;10729.8594
54.6819;174.1184;0.0000;873.6284;10736.8594
54.6819;175.9378;0.0000;872.3508;10743.8594
54.8625;176.7572;0.0000;870.9760;10750.8594
54.2237;177.7572;0.0000;873.4478;10758.6787
54.4043;178.7572;0.0000;872.3508;10765.6787
54.5849;179.7572;0.0000;873.3507;10772.6797
54.7654;180.7572;9.8329;871.6284;10779.6787
54.3072;182.5766;0.0000;872.3508;10786.6787
54.4878;183.5766;0.0000;872.3508;10793.8594
53.8490;184.5766;0.0000;871.8090;10800.8594
54.0296;185.3960;0.0000;870.2537;10807.8594
54.0296;186.3960;0.0000;871.2672;10814.8604
54.2102;187.3960;0.0000;870.1701;10821.8594
53.5714;188.3960;0.0000;872.8925;10828.8594
53.7520;189.3960;0.0000;871.8090;10835.8594
53.1131;190.2154;9.8329;869.4343;10842.8594
53.1131;192.0348;0.0000;872.5314;10849.8594
53.2937;193.0348;0.0000;871.6284;10856.8594
52.6549;194.0348;9.8329;869.8925;10863.8594
52.8355;195.0348;0.0000;872.3508;10870.8594
53.0161;196.0348;9.8329;871.2672;10877.8594
52.3773;196.8542;0.0000;869.8925;10884.8594
52.3773;197.8542;0.0000;873.1702;10891.8594
51.7385;198.8542;0.0000;868.5313;10898.8594
51.9191;200.4931;0.0000;870.4343;10905.8594
51.9191;201.4931;0.0000;870.1701;10912.8594
51.2803;201.6736;0.0000;868.8925;10919.8594
51.4608;202.4931;0.0000;870.4343;10926.8594
51.6414;203.4931;0.0000;869.1701;10933.8604
51.8220;204.4931;0.0000;867.4343;10941.6797
51.1832;205.3125;0.0000;869.0731;10948.6787
51.1832;206.3125;0.0000;870.3507;10955.6797
51.3638;207.1319;0.0000;870.2537;10962.6797
51.5444;208.1319;0.0000;869.8090;10969.6797
50.9056;208.9513;0.0000;868.5313;10976.6797
51.0862;209.9513;0.0000;872.5314;10983.8594
51.0862;210.7707;0.0000;871.8090;10990.8594
51.2668;211.5901;0.0000;867.7119;10997.8594
50.6279;212.5901;0.0000;872.3508;11004.8594
50.8085;213.4095;9.8329;871.2672;11011.8594
50.9891;213.5901;0.0000;866.6149;11018.8604
51.1697;214.4095;0.0000;868.7119;11025.8594
50.5309;215.4095;0.0000;868.8090;11032.8594
50.7115;216.2289;0.0000;867.4343;11039.8594
50.8921;217.0483;0.0000;867.7119;11046.8594
50.2533;218.0483;0.0000;867.1701;11053.8594
50.2533;218.8677;0.0000;867.4343;11060.8604
50.4339;220.5065;0.0000;867.1701;11067.8594
50.6145;221.3259;0.0000;866.0731;11074.8594
50.7950;222.3260;0.0000;869.0731;11081.8604
49.9756;223.1454;9.8329;867.8090;11088.8594
50.1562;224.7842;0.0000;864.8925;11095.8594
50.3368;225.7842;9.8329;866.2537;11102.8594
50.5174;226.6036;0.0000;867.9895;11109.8594
50.6980;228.2424;0.0000;864.7119;11116.8594
50.8786;229.2424;0.0000;868.5313;11123.8594
50.8786;230.0618;0.0000;865.7119;11131.6787
51.0592;231.8812;9.8329;866.8925;11138.6787
50.4204;232.7006;0.0000;866.3507;11145.6797
50.6010;233.7006;9.8329;865.7119;11152.6787
50.7816;235.3394;0.0000;866.6149;11159.6787
50.9622;236.1588;0.0000;868.2672;11166.8594
51.1427;236.9783;0.0000;865.7119;11173.8594
51.3234;238.7977;0.0000;866.5313;11180.8594
51.5039;239.6171;9.8329;865.7253;11187.8604
51.5039;240.4365;0.0000;865.5313;11194.8594
51.6845;241.2559;9.8329;866.1701;11201.8594
51.8651;242.2559;0.0000;865.1701;11208.8594
52.0457;243.0753;0.0000;865.5313;11215.8594
52.2263;243.8947;9.8329;865.8090;11222.8594
52.4069;244.7141;0.0000;864.8090;11229.8604
52.5875;245.7141;0.0000;866.5313;11236.8594
52.7681;246.5335;0.0000;866.7253;11243.8594
52.7681;247.3529;0.0000;862.9895;11250.8594
52.9487;248.1724;0.0000;869.6283;11257.8594
53.1293;249.1723;0.0000;866.2672;11264.8594
53.3098;249.9918;0.0000;865.9895;11271.8594
53.3098;250.8112;0.0000;867.4478;11278.8594
52.6710;251.6306;2.1671;864.6284;11285.8594
52.8516;252.4500;0.0000;868.8090;11292.8594
53.0322;253.2694;0.0000;867.0865;11299.8594
53.2128;254.2694;0.0000;866.2672;11306.8594
53.2128;255.0888;0.0000;869.6283;11314.6797
53.5740;255.9082;0.0000;870.5448;11321.6787
53.7546;255.9082;0.0000;868.2672;11328.6787
53.9352;256.9082;0.0000;871.0866;11335.6797
54.1158;257.7276;0.0000;871.2806;11342.6787
54.4769;258.5470;0.0000;868.4478;11349.8594
54.6575;259.5470;0.0000;870.7254;11356.8594
54.8381;260.3664;0.0000;870.3643;11363.8594
55.1993;261.1858;0.0000;871.0866;11370.8594
55.3799;262.1858;0.0000;872.0031;11377.8594
55.5605;263.0052;0.0000;871.6418;11384.8594
55.9217;263.0052;0.0000;872.3643;11391.8594
56.1023;263.8246;0.0000;872.1001;11398.8604
57.2829;264.8246;0.0000;871.4613;11405.8594
57.4635;266.4635;0.0000;871.0165;11412.8594
57.8246;267.4635;0.0000;874.0165;11419.8594
58.1858;268.2829;0.0000;870.0031;11426.8594
58.5470;269.2829;0.0000;874.7389;11433.8604
58.7276;270.1023;0.0000;871.8359;11440.8594
59.9082;270.9217;0.0000;872.9195;11447.8594
60.2694;271.9217;0.0000;875.6553;11454.8594
60.6306;272.7411;0.0000;871.5583;11461.8594
60.9917;273.5605;2.1671;874.1001;11468.8594
62.1724;274.3799;0.0000;875.1136;11475.8604
62.5335;275.1993;0.0000;873.0165;11482.8594
62.7141;276.0187;0.0000;876.1971;11489.8594
63.8947;277.6576;0.0000;876.7524;11497.6797
64.2559;278.4769;0.0000;874.8359;11504.6797
65.4365;279.2964;0.0000;876.9330;11511.6787
65.7977;280.1158;0.0000;877.5718;11518.6797
66.1588;280.9352;0.0000;875.6553;11525.6797
67.3394;281.7546;0.0000;879.3912;11532.6787
67.7006;282.5740;2.1671;875.9330;11539.8594
68.0618;283.3934;9.8329;878.2941;11546.8604
69.2424;284.2128;0.0000;881.4882;11553.8594
69.6036;285.0322;0.0000;880.0300;11560.8594
69.9648;285.8516;0.0000;880.8494;11567.8594
71.1454;286.4904;0.0000;880.3076;11574.8594
71.5065;287.3098;0.0000;879.8494;11581.8594
71.8677;287.9487;2.1671;880.2106;11588.8594
73.0483;288.7681;0.0000;877.3076;11595.8594
73.4095;290.2263;0.0000;880.0300;11602.8604
73.7707;291.0457;2.1671;879.6688;11609.8594
74.9513;291.8651;0.0000;879.1270;11616.8594
75.3125;292.5039;0.0000;879.2106;11623.8594
76.4931;293.3233;0.0000;881.1270;11630.8594
76.8542;294.1428;0.0000;878.6688;11637.8594
78.0348;294.7816;0.0000;882.6688;11644.8604
78.3960;295.6010;0.0000;883.4047;11651.8594
78.7572;296.4204;0.0000;882.3076;11658.8594
79.7572;297.0592;0.0000;883.3077;11665.8604
80.1184;298.6980;0.0000;880.7658;11672.8594
80.4796;299.3368;0.0000;880.8494;11679.8594
81.4796;300.1562;2.1671;883.3077;11687.6787
81.8408;300.7950;0.0000;881.3076;11694.6797
83.0213;301.6144;0.0000;880.2106;11701.6787
83.2019;302.2533;0.0000;882.2241;11708.6787
84.3825;303.0727;0.0000;881.5853;11715.6787
84.7437;304.5309;0.0000;881.6688;11722.8594
85.7437;305.3503;0.0000;882.5853;11729.8594
86.9243;305.9891;0.0000;879.4882;11736.8594
87.2855;307.6279;0.0000;882.6688;11743.8594
88.2855;308.4474;0.0000;882.5853;11750.8594
89.2855;309.0862;0.0000;882.1271;11757.8594
89.6467;310.7250;0.0000;883.1271;11764.8594
90.6467;311.5444;0.0000;881.5853;11771.8594
90.8273;313.0026;0.0000;880.8494;11778.8594
91.8273;313.8220;0.0000;881.9464;11785.8594
92.8273;314.6414;0.0000;878.3076;11792.8594
93.0079;316.2802;0.0000;882.6688;11799.8594
94.1884;316.9191;0.0000;882.2241;11806.8594
95.1884;317.7385;0.0000;881.1270;11813.8604
96.1884;319.3773;0.0000;880.8494;11820.8594
97.1884;320.1967;0.0000;881.4047;11827.8594
98.1884;320.8355;0.0000;879.2106;11834.8594
98.3690;322.4743;2.1671;882.3076;11841.8594
99.3690;323.2938;9.8329;881.5853;11848.8594
100.3690;324.1132;0.0000;879.6688;11855.8594
101.3690;325.5714;0.0000;879.4882;11862.8594
102.5496;326.3908;0.0000;879.1270;11870.6787
103.5496;327.2102;0.0000;879.2106;11877.6797
103.7302;328.0296;0.0000;880.5853;11884.6787
104.7302;329.6684;0.0000;879.8494;11891.6797
105.7302;330.4878;0.0000;880.8494;11898.6797
106.9108;331.3072;0.0000;881.4047;11905.8594
107.9108;332.9460;0.0000;881.3076;11912.8594
108.9108;333.5849;0.0000;883.1271;11919.8604
109.9108;334.4043;0.0000;880.5853;11926.8594
110.9108;335.2237;0.0000;880.0300;11933.8594
111.9108;335.8625;0.0000;881.9464;11940.8604
112.9108;337.5013;0.0000;879.7659;11947.8594
113.9108;338.3207;2.1671;882.3076;11954.8594
114.7302;339.1401;0.0000;880.5853;11961.8604
115.7302;339.7790;0.0000;879.3076;11968.8594
116.7302;340.5984;0.0000;879.8494;11975.8594
117.7302;341.2372;0.0000;882.2241;11982.8594
118.7302;342.0566;0.0000;878.1271;11989.8594
118.9108;342.8760;0.0000;882.1271;11996.8594
119.9108;343.5148;0.0000;879.4047;12003.8594
120.9108;344.3342;0.0000;879.4882;12010.8594
121.9108;344.9730;0.0000;881.1270;12017.8604
122.0914;344.9730;0.0000;878.9465;12024.8594
123.0914;345.6118;0.0000;879.8494;12031.8594
124.0914;346.4313;0.0000;880.4047;12038.8594
124.2720;347.2507;0.0000;876.4882;12045.8594
125.2720;347.0701;0.0000;880.2106;12053.6787
125.4526;347.8895;0.0000;880.5853;12060.6797
126.6332;348.5283;0.0000;879.6688;12067.6797
127.6332;349.3477;0.0000;881.4882;12074.6787
127.8138;349.9865;0.0000;880.5853;12081.6787
128.8138;350.8059;0.0000;879.0300;12088.6797
129.8138;351.4447;0.0000;879.8494;12095.8594
130.8138;352.2641;0.0000;879.1270;12102.8594
131.8138;352.0836;0.0000;878.6688;12109.8604
132.8138;353.7224;0.0000;879.5853;12116.8594
133.9944;353.5418;0.0000;877.0300;12123.8594
134.9944;354.1806;0.0000;879.8494;12130.8604
135.9944;354.1806;0.0000;878.9465;12137.8594
137.1750;354.8194;0.0000;878.6688;12144.8594
138.9944;355.4582;0.0000;879.6688;12151.8594
139.9944;356.0970;0.0000;878.9465;12158.8594
141.1750;356.7359;0.0000;878.8494;12165.8594
142.1750;356.7359;0.0000;879.4882;12172.8594
143.3555;357.3747;0.0000;876.4882;12179.8594
145.1750;358.0135;0.0000;879.8494;12186.8604
146.3555;357.8329;0.0000;880.9464;12193.8594
148.3555;358.4717;0.0000;879.1270;12200.8594
150.1750;359.1105;0.0000;878.3912;12207.8594
151.1750;358.9300;0.0000;880.5853;12214.8594
153.1750;359.3882;0.0000;877.4882;12221.8594
155.1750;359.2076;0.0000;880.0300;12228.8604
156.1750;359.8464;0.0000;879.4047;12236.6797
158.1750;360.4852;0.0000;878.0300;12243.6787
159.1750;361.1240;0.0000;880.4882;12250.6787
161.1750;361.7628;0.0000;878.9465;12257.6797
162.1750;361.4017;0.0000;879.4882;12264.6787
163.9944;362.0405;0.0000;880.9464;12271.6787
165.1750;362.6793;0.0000;878.9465;12278.8604
166.9944;363.1375;0.0000;880.0300;12285.8594
167.9944;363.7763;0.0000;881.2241;12292.8594
169.9944;363.4152;0.0000;879.3076;12299.8594
170.9944;364.0540;0.0000;879.0300;12306.8594
172.8138;364.6928;0.0000;880.2241;12313.8594
174.6332;364.3316;0.0000;879.4882;12320.8594
176.6332;364.9704;0.0000;881.9464;12327.8594
177.6332;364.6092;0.0000;880.2241;12334.8594
179.4526;365.2480;0.0000;879.4882;12341.8594
181.2720;364.8868;0.0000;883.5853;12348.8594
183.0914;365.3451;2.1671;879.9464;12355.8604
185.0914;365.9839;0.0000;881.1270;12362.8594
186.0914;365.6227;0.0000;882.8629;12369.8594
187.9108;366.2615;0.0000;881.4047;12376.8594
189.9108;365.9003;0.0000;882.3076;12383.8594
191.7302;366.3586;0.0000;879.4047;12390.8594
193.5496;366.1780;0.0000;880.9464;12397.8604
195.3690;366.6362;0.0000;882.3076;12404.8594
197.1884;366.2750;0.0000;880.8629;12411.8594
199.0079;366.7332;0.0000;881.1270;12418.8594
200.0079;366.3721;0.0000;883.0435;12426.6797
201.6467;366.1915;0.0000;881.4047;12433.6787
203.4661;365.8303;0.0000;881.9464;12440.6797
204.6467;366.2885;0.0000;883.6824;12447.6787
206.4661;366.1079;0.0000;882.2241;12454.6787
207.4661;366.5662;0.0000;882.3076;12461.8604
209.2855;366.3855;0.0000;884.0435;12468.8594
210.2855;366.8438;0.0000;881.5853;12475.8594
212.1049;366.4826;0.0000;883.5853;12482.8594
213.9243;366.3020;0.0000;883.5017;12489.8594
214.9243;365.9408;0.0000;883.2241;12496.8594
216.7437;365.5796;0.0000;885.2241;12503.8604
218.5631;366.0378;0.0000;885.3212;12510.8594
219.3825;365.8573;0.0000;884.5853;12517.8594
221.2019;365.4961;0.0000;884.6823;12524.8604
223.0214;365.9543;0.0000;883.8629;12531.8594
224.0214;365.5931;0.0000;884.7659;12538.8594
225.8408;365.4125;0.0000;885.5017;12545.8604
226.8408;365.0513;0.0000;881.5853;12552.8594
228.6602;365.6902;2.1671;886.4047;12559.8594
229.6602;365.3289;0.0000;886.1406;12566.8594
230.4796;364.9678;0.0000;883.5853;12573.8594
232.2990;364.7872;0.0000;886.0435;12580.8594
233.2990;365.2454;0.0000;885.3212;12587.8594
234.9378;364.8842;0.0000;882.4047;12594.8594
235.9378;364.7036;0.0000;885.0435;12601.8604
236.9378;364.3424;0.0000;885.6823;12609.6797
238.5766;363.9813;0.0000;887.4047;12616.6787
239.5766;363.6201;0.0000;887.9600;12623.6787
241.2154;363.4395;0.0000;886.8629;12630.6797
242.2154;363.0783;0.0000;888.2241;12637.6787
243.8542;362.7171;0.0000;887.9600;12644.6797
244.8542;362.5365;0.0000;886.5853;12651.8594
245.6736;362.1754;0.0000;889.8629;12658.8594
247.4931;361.8141;0.0000;888.5017;12665.8594
248.3125;361.6336;0.0000;887.7659;12672.8604
249.9513;361.2724;0.0000;890.2241;12679.8594
250.7707;360.9112;0.0000;887.9465;12686.8594
252.4095;360.5500;0.0000;889.3076;12693.8604
253.8677;360.1888;0.0000;889.4047;12700.8594
254.6872;359.8276;2.1671;888.7659;12707.8594
256.1454;359.4665;0.0000;891.6688;12714.8604
257.7842;359.1053;2.1671;890.8629;12721.8594
258.6036;358.9247;0.0000;890.1271;12728.8594
260.0618;358.5635;2.1671;893.3076;12735.8594
261.7006;358.3829;2.1671;890.0435;12742.8594
263.3394;357.2023;2.1671;890.9465;12749.8594
263.9783;357.0218;0.0000;891.7659;12756.8594
265.6171;356.8411;2.1671;891.0435;12763.8594
267.2559;356.4799;0.0000;891.6688;12770.8594
268.0753;355.4800;0.0000;891.8629;12777.8594
269.7141;355.2994;0.0000;892.0435;12784.8594
271.1724;354.1188;0.0000;891.7794;12792.6787
272.8112;353.9382;0.0000;895.7659;12799.6797
274.4500;353.7576;0.0000;893.8494;12806.6787
276.0888;352.7576;0.0000;896.3912;12813.6797
276.7276;352.5770;0.0000;895.9464;12820.6797
278.3664;351.3964;0.0000;895.2106;12827.6787
280.0052;351.3964;0.0000;898.4882;12834.8594
281.6440;350.3964;0.0000;897.7658;12841.8604
282.4635;350.2159;0.0000;897.2106;12848.8594
284.9217;349.2159;0.0000;899.1271;12855.8594
286.5605;348.3964;0.0000;899.9464;12862.8604
287.3799;348.2159;0.0000;899.0300;12869.8594
289.0187;347.2158;0.0000;899.9464;12876.8594
290.6575;346.3964;0.0000;898.4882;12883.8594
291.4770;346.2158;0.0000;901.6688;12890.8594
293.1158;345.3964;0.0000;901.5853;12897.8594
294.7546;344.5770;0.0000;899.6688;12904.8594
295.5740;343.7576;0.0000;901.4047;12911.8594
297.2128;342.9382;0.0000;897.5151;12918.8594
298.0322;342.1188;9.8329;890.5557;12925.8594
299.4904;341.2994;0.0000;884.4426;12932.8594
301.1293;340.4800;9.8329;863.8416;12939.8604
301.9487;339.4799;0.0000;787.1735;12946.8594
231.8925;302.3616;0.0000;790.7288;10564.6289
232.7119;301.5422;0.0000;789.0900;10570.3652
234.3507;300.7227;0.0000;790.7288;10576.0996
235.9895;299.0840;0.0000;790.7288;10581.8359
236.8089;298.2646;0.0000;789.0900;10588.3916
238.4478;297.4452;0.0000;790.7288;10594.1279
240.0866;296.6257;0.0000;791.5482;10599.8633
240.9060;295.8063;0.0000;790.7288;10605.5986
242.5448;294.9869;0.0000;792.3676;10611.3350
243.3642;294.1675;0.0000;790.7288;10617.0703
245.0030;293.3481;0.0000;793.1870;10622.8066
246.6418;292.5287;0.0000;794.8258;10628.5420
248.2807;290.8899;0.0000;791.5482;10634.2783
249.9195;290.0705;0.0000;793.1870;10640.0146
250.7389;289.2511;0.0000;795.6453;10645.7500
252.3777;287.6122;0.0000;791.5482;10651.4854
254.0165;286.7928;0.0000;795.6453;10657.2217
254.8359;285.9734;0.0000;795.6453;10662.9570
256.4747;285.1540;0.0000;793.1870;10668.6934
257.2942;283.5152;0.0000;795.6453;10674.4297
258.9330;283.5152;0.0000;793.1870;10680.1650
259.7523;281.8764;0.0000;792.3676;10685.9014
261.3912;281.8764;0.0000;797.2841;10691.6367
262.2106;281.0570;0.0000;794.0065;10697.3721
263.8494;280.2375;0.0000;795.6453;10703.1084
264.6688;279.4182;0.0000;795.6453;10708.8447
266.3076;277.7794;0.0000;794.0065;10714.5801
267.9464;276.9599;0.0000;795.6453;10720.3164
269.5853;276.1405;0.0000;795.6453;10726.0518
270.4047;274.5017;0.0000;795.6453;10731.7881
272.0435;272.8629;0.0000;798.1035;10738.3428
273.6823;272.0435;0.0000;796.4647;10744.0791
274.5017;270.4047;0.0000;797.2841;10749.8145
275.3211;269.5853;0.0000;800.5616;10755.5508
276.9599;268.7659;0.0000;795.6453;10761.2871
277.7794;267.9464;0.0000;798.1035;10767.0215
278.5988;266.3076;0.0000;797.2841;10772.7578
280.2375;265.4882;9.8329;797.2841;10778.4941
281.0570;264.6688;0.0000;798.9229;10784.2295
281.8764;263.8494;9.8329;798.9229;10789.9658
282.6958;262.2106;0.0000;797.2841;10795.7021
284.3346;261.3912;0.0000;798.9229;10801.4375
285.1540;259.7523;0.0000;798.1035;10807.1738
285.9734;258.9330;0.0000;798.1035;10812.9092
286.7928;258.1136;0.0000;800.5616;10818.6445
288.4316;256.4747;0.0000;796.4647;10824.3809
289.2511;255.6553;0.0000;798.9229;10830.1172
290.0705;254.0165;0.0000;800.5616;10835.8525
290.8899;252.3777;0.0000;797.2841;10841.5889
291.7093;250.7389;0.0000;800.5616;10847.3242
293.3481;249.1001;0.0000;799.7423;10853.0596
294.1675;247.4612;0.0000;797.2841;10858.7959
295.8063;245.8224;0.0000;800.5616;10864.5312
296.6257;244.1836;0.0000;799.7423;10870.2676
298.2646;242.5448;0.0000;798.9229;10876.0039
299.0840;241.7254;0.0000;801.3811;10881.7393
299.9034;240.0866;0.0000;799.7423;10888.2939
300.7227;239.2672;0.0000;800.5616;10894.0303
301.5422;238.4478;0.0000;801.3811;10899.7666
303.1810;236.8089;0.0000;798.9229;10905.5020
303.1810;235.9895;0.0000;800.5616;10911.2383
304.0004;235.1701;0.0000;801.3811;10916.9746
304.8198;233.5313;0.0000;800.5616;10922.7100
305.6392;232.7119;0.0000;803.0200;10928.4453
306.4586;231.0731;0.0000;802.2006;10934.1816
307.2780;229.4343;0.0000;801.3811;10939.9170
308.0974;228.6149;9.8329;803.0200;10945.6533
308.0974;226.9761;0.0000;803.0200;10951.3896
308.9168;225.3372;9.8329;803.0200;10957.1250
309.7363;224.5178;0.0000;804.6588;10962.8613
310.5556;222.8790;0.0000;803.0200;10968.5977
310.5556;221.2402;0.0000;804.6588;10974.3320
312.1945;220.4208;0.0000;804.6588;10980.0684
312.1945;218.7820;0.0000;797.2841;10985.8037
313.0139;217.1431;0.0000;805.4781;10991.5400
313.8333;215.5043;0.0000;806.2976;10997.2764
314.6527;214.6849;0.0000;805.4781;11003.0117
314.6527;213.0461;0.0000;807.1169;11008.7480
315.4721;211.4073;0.0000;805.4781;11014.4834
316.2915;209.7685;0.0000;806.2976;11020.2188
317.1109;208.9491;0.0000;807.9364;11025.9551
317.1109;207.3102;0.0000;805.4781;11031.6914
317.9303;206.4908;0.0000;804.6588;11037.4268
318.7498;205.6714;0.0000;807.1169;11043.9824
319.5692;204.0326;0.0000;805.4781;11049.7178
319.5692;203.2132;0.0000;804.6588;11055.4541
320.3886;202.3938;0.0000;806.2976;11061.1895
321.2080;200.7550;0.0000;805.4781;11066.9258
321.2080;199.9356;0.0000;806.2976;11072.6621
322.0274;198.2968;0.0000;805.4781;11078.3975
322.8468;197.4773;0.0000;807.9364;11084.1338
322.8468;195.8385;0.0000;809.5752;11089.8691
322.8468;194.1997;0.0000;805.4781;11095.6045
322.8468;193.3803;0.0000;806.2976;11101.3408
323.6662;191.7415;0.0000;807.9364;11107.0762
323.6662;190.9221;0.0000;805.4781;11112.8125
323.6662;189.2833;0.0000;805.4781;11118.5488
324.4856;187.6445;9.8329;807.1169;11124.2842
324.4856;186.8250;0.0000;806.2976;11130.0205
325.3050;185.1862;9.8329;805.4781;11135.7559
325.3050;184.3668;0.0000;803.8394;11141.4912
325.3050;183.5474;0.0000;803.8394;11147.2275
326.1245;182.7280;0.0000;803.0200;11152.9639
326.1245;182.7280;9.8329;803.8394;11158.6992
326.1245;181.9086;0.0000;805.4781;11164.4355
326.1245;181.0892;9.8329;805.4781;11170.1719
326.1245;181.0892;0.0000;803.0200;11175.9062
326.1245;180.2698;0.0000;803.8394;11181.6426
326.1245;179.4504;0.0000;800.5616;11187.3789
326.1245;177.8116;0.0000;794.8258;11193.9346
326.1245;176.9921;0.0000;804.6588;11199.6699
326.9438;176.1727;0.0000;792.3676;11205.4062
326.9438;174.5339;0.0000;798.1035;11211.1416
326.9438;173.7145;0.0000;798.1035;11216.8770
326.9438;172.8951;0.0000;794.8258;11222.6133
327.7632;172.0757;0.0000;795.6453;11228.3486
327.7632;171.2563;0.0000;797.2841;11234.0850
327.7632;170.4369;0.0000;794.0065;11239.8213
327.7632;169.6175;0.0000;795.6453;11245.5566
327.7632;168.7981;0.0000;795.6453;11251.2920
327.7632;167.9787;0.0000;791.5482;11257.0283
327.7632;167.1592;0.0000;793.1870;11262.7637
328.5826;166.3398;0.0000;791.5482;11268.5000
328.5826;165.5204;0.0000;789.9094;11274.2363
328.5826;164.7010;0.0000;789.0900;11279.9717
328.5826;164.7010;0.0000;789.0900;11285.7080
328.5826;164.7010;0.0000;790.7288;11291.4443
328.5826;164.7010;0.0000;792.3676;11297.1787
328.5826;164.7010;0.0000;789.0900;11302.9150
328.5826;163.8816;0.0000;789.9094;11308.6514
328.5826;163.8816;0.0000;788.2706;11314.3867
328.5826;163.8816;0.0000;784.1735;11320.1230
328.5826;163.8816;0.0000;778.4377;11325.8584
327.7632;163.8816;0.0000;768.6047;11331.5947
327.7632;163.8816;0.0000;755.4943;11337.3301
327.7632;163.8816;0.0000;745.6614;11343.8857
327.7632;163.8816;0.0000;722.7179;11349.6211
327.7632;163.8816;0.0000;687.4834;11355.3574
327.7632;163.8816;0.0000;635.8607;11361.0938
327.7632;163.8816;9.8329;528.5182;11366.8291
326.9438;163.8816;19.6658;324.4856;11372.5645
326.9438;163.8816;29.4987;154.8681;11378.3008
503.1166;-13.1105;0.0000;326.1245;12167.3906
503.1166;-13.9299;0.0000;328.5826;12173.1270
503.1166;-13.9299;0.0000;329.4020;12178.8623
503.1166;-13.9299;0.0000;347.4290;12184.5986
503.1166;-13.9299;0.0000;371.1919;12190.3340
503.1166;-13.9299;0.0000;381.0248;12196.0693
503.1166;-13.9299;0.0000;378.5666;12201.8057
503.1166;-13.9299;0.0000;364.6366;12207.5420
503.1166;-13.1105;0.0000;324.4856;12213.2773
503.1166;-13.1105;0.0000;122.9112;12219.0137
