200.3750;202.6250;0.0000;41.8826;650106752.0000
200.3750;202.6250;0.0000;108.8926;650106752.0000
200.3750;202.6250;0.0000;118.6422;650106752.0000
200.3750;202.6250;0.0000;135.1430;650106752.0000
200.3750;202.6250;0.0000;169.6455;650106752.0000
200.3750;202.6250;0.0000;197.7729;650106752.0000
200.3750;202.6250;0.0000;214.8992;650106752.0000
200.3750;202.6250;0.0000;231.0251;650106752.0000
200.3750;202.6250;0.0000;242.2766;650106752.0000
200.7502;202.6250;0.0000;254.4029;650106816.0000
200.7502;202.6250;0.0000;268.1535;650106816.0000
200.7502;202.6250;0.0000;276.5298;650106880.0000
201.1252;202.6250;0.0000;288.9054;650106880.0000
201.1252;202.6250;0.0000;295.9059;650106880.0000
201.5002;202.2498;0.0000;300.9070;650106880.0000
201.5002;202.2498;0.0000;308.5325;650106880.0000
201.8754;202.2498;0.0000;313.7830;650106880.0000
201.8754;201.8748;0.0000;318.6588;650106880.0000
201.8754;201.8748;0.0000;324.6589;650106880.0000
202.2504;201.8748;0.0000;326.1597;650106880.0000
202.2504;201.8748;0.0000;331.1602;650106880.0000
202.6255;201.4997;0.0000;333.9104;650106880.0000
202.6255;201.4997;0.0000;334.7863;650106944.0000
203.0005;201.1247;0.0000;338.5365;650106944.0000
203.0005;201.1247;0.0000;340.5365;650106944.0000
203.0005;201.1247;0.0000;339.9121;650106944.0000
203.3757;200.7496;0.0000;343.7868;650106944.0000
203.3757;200.3745;0.0000;344.1620;650107008.0000
203.3757;200.3745;0.0000;344.7874;650107008.0000
203.3757;199.9994;0.0000;346.0373;650107008.0000
203.3757;199.9994;0.0000;345.9126;650107008.0000
203.3757;199.6244;0.0000;347.5381;650107008.0000
203.3757;199.6244;0.0000;351.2877;650107008.0000
203.3757;199.6244;0.0000;349.4134;650107008.0000
203.3757;199.2493;0.0000;352.7885;650107008.0000
203.3757;199.2493;0.0000;352.0384;650107008.0000
203.3757;199.2493;0.0000;352.0389;650107008.0000
203.3757;198.8742;0.0000;354.6638;650107008.0000
203.3757;198.8742;0.0000;353.2888;650107008.0000
203.3757;198.4991;0.0000;352.7891;650107008.0000
203.3757;198.4991;0.0000;355.0389;650107008.0000
203.3757;198.4991;0.0000;354.2894;650107008.0000
203.3757;198.1241;0.0000;356.7896;650107072.0000
203.3757;198.1241;0.0000;359.5392;650107072.0000
203.0005;198.1241;0.0000;357.9148;650107072.0000
203.0005;197.7490;0.0000;359.6650;650107136.0000
203.0005;197.7490;0.0000;360.5398;650107136.0000
203.0005;197.7490;0.0000;360.5403;650107200.0000
203.0005;197.7490;0.0000;361.7901;650107200.0000
203.0005;197.3740;0.0000;363.2899;650107200.0000
203.0005;197.3740;0.0000;362.9154;650107200.0000
202.6255;197.3740;0.0000;365.4151;650107200.0000
202.6255;196.9989;0.0000;363.9154;650107200.0000
202.6255;196.9989;0.0000;364.0406;650107200.0000
202.6255;196.9989;0.0000;366.5403;650107200.0000
202.2504;196.9989;0.0000;365.1658;650107200.0000
202.2504;196.6238;0.0000;366.2910;650107200.0000
202.2504;196.6238;0.0000;367.6655;650107200.0000
201.8754;196.6238;0.0000;366.5415;650107200.0000
201.8754;196.6238;0.0000;368.7907;650107200.0000
201.8754;196.6238;0.0000;369.9160;650107200.0000
201.8754;196.2488;0.0000;367.7912;650107200.0000
201.5002;196.2488;0.0000;370.2910;650107200.0000
201.5002;196.2488;0.0000;368.4162;650107200.0000
201.5002;196.2488;0.0000;367.9165;650107264.0000
201.5002;196.2488;0.0000;369.1664;650107264.0000
201.5002;196.2488;0.0000;367.4168;650107328.0000
201.1252;195.8737;0.0000;368.7918;650107328.0000
201.1252;195.8737;0.0000;368.9165;650107328.0000
200.7502;195.8737;0.0000;368.2921;650107328.0000
200.7502;195.8737;0.0000;370.4168;650107328.0000
200.3750;195.8737;0.0000;370.6667;650107328.0000
200.3750;195.8737;0.0000;369.2921;650107328.0000
200.3750;195.8737;0.0000;371.9170;650107328.0000
200.0000;195.8737;0.0000;371.9170;650107328.0000
200.0000;195.4986;0.0000;371.5425;650107328.0000
199.6250;195.4986;0.0000;373.6672;650107328.0000
199.6250;194.8736;0.0000;372.9176;650107328.0000
199.6250;194.8736;0.0000;374.6678;650107328.0000
199.2498;194.8736;0.0000;376.4173;650107328.0000
199.2498;194.8736;0.0000;373.7930;650107328.0000
199.2498;194.4986;0.0000;376.0428;650107392.0000
198.8748;194.4986;0.0000;377.1675;650107392.0000
198.8748;194.4986;0.0000;374.5432;650107392.0000
198.4997;194.4986;0.0000;376.1681;650107456.0000
198.4997;194.4986;0.0000;376.4179;650107456.0000
198.1246;194.4986;0.0000;376.2932;650107456.0000
198.1246;194.4986;0.0000;377.4179;650107456.0000
197.7496;194.4986;0.0000;376.2932;650107456.0000
197.7496;194.4986;0.0000;379.4184;650107456.0000
197.7496;195.1235;0.0000;382.0428;650107456.0000
197.3745;195.1235;0.0000;382.0428;650107456.0000
197.3745;195.1235;0.0000;387.2927;650107456.0000
197.3745;195.1235;0.0000;388.6672;650107456.0000
196.9994;195.1235;0.0000;387.2927;650107456.0000
196.9994;195.1235;0.0000;388.6672;650107456.0000
196.9994;195.1235;0.0000;390.0422;650107456.0000
196.6243;195.1235;0.0000;391.1674;650107456.0000
196.6243;195.1235;0.0000;393.0417;650107520.0000
196.2493;195.1235;0.0000;392.5419;650107520.0000
196.2493;195.1235;0.0000;394.6672;650107520.0000
196.2493;195.1235;0.0000;396.6666;650107520.0000
195.8742;195.1235;0.0000;395.5419;650107520.0000
195.8742;195.1235;0.0000;396.1669;650107520.0000
195.4991;195.4986;0.0000;397.9165;650107520.0000
195.4991;195.4986;0.0000;397.1669;650107520.0000
195.4991;195.4986;0.0000;400.0417;650107520.0000
195.1241;195.4986;0.0000;399.2915;650107584.0000
195.1241;195.4986;0.0000;397.1669;650107584.0000
194.7490;194.8736;0.0000;401.2916;650107584.0000
195.3740;194.8736;0.0000;401.0417;650107584.0000
195.3740;194.8736;0.0000;400.9170;650107584.0000
194.9989;194.8736;0.0000;401.6667;650107584.0000
194.9989;194.8736;0.0000;400.1669;650107584.0000
194.9989;194.8736;0.0000;402.6672;650107584.0000
194.3740;194.8736;0.0000;398.6672;650107584.0000
194.3740;194.8736;0.0000;390.5437;650107648.0000
193.9989;194.8736;0.0000;385.2944;650107648.0000
193.9989;194.8736;0.0000;372.6705;650107648.0000
193.6238;194.8736;0.0000;355.9227;650107648.0000
193.6238;195.2487;0.0000;325.9260;650107712.0000
192.9989;194.6238;0.0000;298.9286;650107904.0000
192.9989;194.6238;0.0000;303.1792;650107904.0000
192.9989;194.6238;0.0000;306.4279;650107904.0000
192.6238;194.6238;0.0000;311.1775;650107904.0000
192.6238;194.9989;0.0000;312.6777;650107904.0000
192.2487;194.9989;0.0000;311.5526;650107904.0000
192.2487;195.3740;0.0000;323.9265;650107904.0000
192.2487;195.3740;0.0000;336.4251;650107904.0000
191.8737;195.3740;0.0000;346.7985;650107904.0000
191.8737;195.7490;0.0000;361.1724;650107904.0000
192.1235;195.7490;0.0000;364.5470;650107904.0000
192.1235;195.7490;0.0000;368.2965;650107904.0000
192.1235;195.7490;0.0000;370.6716;650107904.0000
192.1235;196.1241;0.0000;369.5465;650107904.0000
191.7485;196.1241;0.0000;373.6711;650107904.0000
191.7485;196.1241;0.0000;375.0461;650107904.0000
191.3734;196.1241;0.0000;375.1708;650107904.0000
191.3734;196.4991;0.0000;381.2955;650107968.0000
191.3734;196.4991;0.0000;380.6706;650107968.0000
191.3734;196.4991;0.0000;383.6700;650108032.0000
190.9983;196.4991;0.0000;387.5448;650108032.0000
190.9983;196.8742;0.0000;386.2949;650108032.0000
190.6233;196.8742;0.0000;390.5443;650108032.0000
190.6233;196.8742;0.0000;393.1692;650108096.0000
190.6233;197.2493;0.0000;391.4191;650108096.0000
190.6233;197.2493;0.0000;394.6689;650108096.0000
190.2482;197.2493;0.0000;395.2939;650108096.0000
190.2482;197.6243;0.0000;393.6689;650108096.0000
190.2482;198.2493;0.0000;397.1686;650108096.0000
189.8731;198.2493;0.0000;395.7941;650108096.0000
189.8731;198.6243;0.0000;394.9188;650108096.0000
189.8731;198.6243;0.0000;398.2938;650108096.0000
189.8731;198.6243;0.0000;395.7941;650108096.0000
190.1230;198.9994;0.0000;397.5437;650108096.0000
190.1230;198.9994;0.0000;400.1686;650108096.0000
190.1230;198.9994;0.0000;396.4191;650108160.0000
189.7479;199.3745;0.0000;400.1686;650108160.0000
189.7479;199.3745;0.0000;400.9187;650108160.0000
189.7479;199.3745;0.0000;400.1686;650108160.0000
189.3729;199.7496;0.0000;404.6683;650108160.0000
189.3729;199.7496;0.0000;402.7935;650108160.0000
189.3729;200.1246;0.0000;403.1681;650108160.0000
188.9978;200.1246;0.0000;409.0428;650108160.0000
188.9978;200.1246;0.0000;406.1680;650108160.0000
188.9978;200.4997;0.0000;407.0428;650108160.0000
189.6227;200.4997;0.0000;408.6678;650108160.0000
189.2476;200.8748;0.0000;404.5431;650108160.0000
189.2476;201.2498;0.0000;407.6677;650108160.0000
189.2476;201.2498;0.0000;409.4179;650108160.0000
189.4975;201.6250;0.0000;408.2927;650108160.0000
189.4975;202.0000;0.0000;411.7924;650108160.0000
189.4975;201.3750;0.0000;414.6672;650108160.0000
189.4975;201.7502;0.0000;416.4167;650108160.0000
189.1224;201.1252;0.0000;419.6667;650108160.0000
189.1224;201.5002;0.0000;418.6667;650108288.0000
189.7474;201.2504;0.0000;420.0411;650108288.0000
189.7474;201.2504;0.0000;423.0411;650108288.0000
189.7474;201.0005;0.0000;420.7913;650108288.0000
189.7474;201.0005;0.0000;424.9160;650108288.0000
189.3723;201.3757;4.5008;425.9160;650108288.0000
189.3723;200.7507;0.0000;423.2910;650108288.0000
189.3723;201.1257;0.0000;426.7907;650108288.0000
189.9972;201.1257;0.0000;426.4162;650108288.0000
189.9972;200.5009;0.0000;424.5408;650108288.0000
189.9972;200.8759;0.0000;427.1658;650108288.0000
189.9972;200.6260;4.5008;425.5408;650108352.0000
189.9972;200.0011;0.0000;424.4156;650108352.0000
190.2471;200.3762;0.0000;427.9160;650108352.0000
190.2471;200.1264;0.0000;425.2910;650108352.0000
190.2471;200.5014;4.5008;426.7907;650108352.0000
190.2471;199.8764;0.0000;427.5409;650108352.0000
190.2471;200.2515;0.0000;425.9160;650108352.0000
190.2471;200.2515;0.0000;427.4156;650108480.0000
190.2471;200.0017;0.0000;427.9160;650108480.0000
190.2471;200.0017;0.0000;426.1658;650108480.0000
190.2471;200.3767;4.5008;429.4156;650108480.0000
190.2471;200.3767;0.0000;428.2910;650108480.0000
189.6222;200.1269;0.0000;427.7907;650108480.0000
189.6222;200.1269;0.0000;431.6655;650108480.0000
189.3723;199.8770;0.0000;428.2910;650108480.0000
188.7474;199.8770;4.5008;432.0405;650108480.0000
188.1224;199.6272;0.0000;434.4156;650108480.0000
187.4975;200.0022;4.5008;435.5408;650108480.0000
186.8726;199.3773;0.0000;437.1646;650108480.0000
186.2476;199.1274;0.0000;448.0396;650108480.0000
185.6227;198.8776;0.0000;454.9132;650108480.0000
184.9978;198.8776;0.0000;465.6622;650108480.0000
184.9978;198.6277;0.0000;469.5371;650108480.0000
184.3728;198.6277;0.0000;472.1614;650108480.0000
184.3728;199.0028;0.0000;476.7863;650108480.0000
183.7479;199.0028;0.0000;473.0367;650108544.0000
184.1230;199.3778;0.0000;475.5364;650108544.0000
184.1230;199.3778;0.0000;477.9115;650108544.0000
184.1230;199.7529;0.0000;474.0367;650108544.0000
184.1230;200.1280;0.0000;477.9115;650108544.0000
184.1230;200.1280;0.0000;477.7868;650108544.0000
183.8731;200.1280;0.0000;476.2866;650108544.0000
183.8731;200.5031;0.0000;479.9115;650108544.0000
183.8731;200.5031;0.0000;477.7868;650108544.0000
183.2482;200.5031;0.0000;478.9115;650108544.0000
182.9983;200.8781;0.0000;482.9115;650108544.0000
182.9983;200.8781;0.0000;480.2865;650108544.0000
182.3734;201.2532;0.0000;482.5364;650108544.0000
181.7485;201.2532;4.5008;486.1613;650108544.0000
181.1235;201.6283;0.0000;483.4113;650108544.0000
181.1235;202.0033;0.0000;487.6611;650108544.0000
180.8737;202.0033;0.0000;490.9109;650108544.0000
180.2488;202.0033;0.0000;490.1608;650108544.0000
179.6238;201.7535;0.0000;494.4106;650108736.0000
179.3740;201.7535;4.5008;495.1608;650108736.0000
178.1241;201.7535;0.0000;496.9104;650108736.0000
177.4991;202.1285;0.0000;503.0351;650108736.0000
176.8743;202.1285;0.0000;503.4101;650108736.0000
176.2493;202.5036;0.0000;508.2843;650108736.0000
176.6244;202.5036;0.0000;514.7841;650108736.0000
175.9994;202.8787;0.0000;513.6589;650108736.0000
175.3745;202.8787;0.0000;516.7834;650108736.0000
175.7496;203.8786;0.0000;519.5336;650108736.0000
175.1246;203.8786;0.0000;516.9088;650108736.0000
174.8748;204.5036;0.0000;521.0334;650108736.0000
174.8748;204.8787;0.0000;520.6589;650108736.0000
174.6250;205.5036;0.0000;520.6589;650108736.0000
174.0000;205.8787;0.0000;524.5336;650108736.0000
173.3750;206.5036;0.0000;523.4090;650108736.0000
173.1252;206.8787;0.0000;523.2839;650108736.0000
172.5002;207.5036;0.0000;526.6589;650108736.0000
172.5002;207.8787;0.0000;524.7841;650108800.0000
172.2504;208.5036;0.0000;526.6589;650108800.0000
171.6255;208.5036;0.0000;527.1591;650108800.0000
172.0005;209.5036;0.0000;524.4090;650108800.0000
172.0005;209.5036;0.0000;527.4090;650108800.0000
171.3757;210.5036;0.0000;526.9092;650108800.0000
171.7507;210.5036;0.0000;525.5342;650108800.0000
171.7507;211.5036;0.0000;530.4090;650108800.0000
171.1257;212.1285;0.0000;526.6594;650108800.0000
171.5009;212.5036;0.0000;527.5341;650108800.0000
171.8759;213.1285;0.0000;530.5342;650108800.0000
171.8759;214.1285;0.0000;527.0344;650108800.0000
171.6260;214.1285;0.0000;529.1591;650108800.0000
171.6260;214.7535;0.0000;530.2843;650108800.0000
172.0011;214.7535;0.0000;527.6594;650108800.0000
172.0011;215.7535;0.0000;530.6594;650108800.0000
172.0011;216.3784;0.0000;530.7847;650108800.0000
172.0011;216.3784;0.0000;529.0344;650108864.0000
172.3762;217.3784;0.0000;532.6594;650108864.0000
172.3762;218.0033;0.0000;530.2849;650108928.0000
172.7513;219.0033;0.0000;529.7847;650108928.0000
172.1264;219.6283;0.0000;530.4090;650108928.0000
172.5014;219.6283;0.0000;530.0351;650108928.0000
172.5014;220.2531;0.0000;532.7846;650108928.0000
172.8764;220.8781;0.0000;534.2849;650108992.0000
172.8764;221.2533;0.0000;530.6600;650108992.0000
173.2515;221.8781;0.0000;533.1596;650108992.0000
173.2515;222.5031;0.0000;533.7852;650108992.0000
173.6266;222.5031;0.0000;532.4101;650108992.0000
173.0017;223.1280;0.0000;535.6600;650108992.0000
173.3767;223.7529;0.0000;534.2854;650108992.0000
173.3767;224.3778;0.0000;534.0351;650108992.0000
173.1269;225.3778;0.0000;537.0351;650108992.0000
173.1269;226.0028;0.0000;534.5353;650108992.0000
173.5019;226.6277;0.0000;536.0351;650108992.0000
173.5019;227.2526;0.0000;538.4102;650109056.0000
173.8770;227.8776;0.0000;534.9104;650109056.0000
173.8770;227.8776;0.0000;536.7852;650109056.0000
174.2521;228.5025;0.0000;537.9104;650109056.0000
174.2521;229.1274;0.0000;535.9104;650109056.0000
174.6271;229.7524;0.0000;539.0351;650109056.0000
175.0022;229.7524;0.0000;538.6605;650109056.0000
175.0022;230.3773;7.4992;538.6605;650109056.0000
175.3773;231.0022;0.0000;543.0351;650109056.0000
175.7524;231.0022;0.0000;536.7858;650109056.0000
176.1274;231.6272;0.0000;538.6605;650109056.0000
176.7524;232.2521;0.0000;541.2854;650109056.0000
177.1274;232.2521;0.0000;538.7856;650109056.0000
177.1274;233.2521;0.0000;541.1602;650109056.0000
178.1274;233.8770;0.0000;542.6605;650109056.0000
178.1274;234.5019;0.0000;540.0356;650109056.0000
179.1274;235.1269;0.0000;544.1603;650109056.0000
180.1274;235.7518;0.0000;542.4106;650109056.0000
180.1274;236.3767;0.0000;541.6605;650109120.0000
181.1274;237.0017;0.0000;546.7852;650109120.0000
182.1274;237.0017;0.0000;544.2855;650109184.0000
182.5025;237.6266;0.0000;544.9103;650109184.0000
183.1274;238.2515;0.0000;548.1602;650109184.0000
183.5025;238.8764;0.0000;545.9104;650109184.0000
184.5025;239.5014;0.0000;549.2849;650109184.0000
185.5025;240.1263;0.0000;552.0351;650109184.0000
185.5025;240.7512;0.0000;549.4101;650109184.0000
186.5025;241.3762;0.0000;553.1597;650109184.0000
187.1274;242.0011;0.0000;553.6600;650109184.0000
187.5025;242.0011;0.0000;552.1596;650109184.0000
188.1274;242.6260;0.0000;557.4094;650109184.0000
189.1274;243.2509;0.0000;554.2849;650109184.0000
189.5025;243.2509;0.0000;554.7847;650109248.0000
190.5025;243.8759;0.0000;558.4095;650109248.0000
190.8776;243.5009;0.0000;554.6600;650109248.0000
191.5025;244.1257;0.0000;557.7846;650109248.0000
191.8776;244.7507;0.0000;557.7846;650109312.0000
192.5025;244.7507;0.0000;555.9099;650109312.0000
192.8776;245.3757;0.0000;558.7846;650109376.0000
193.8776;245.3757;0.0000;558.6600;650109376.0000
194.2526;245.6255;0.0000;556.9099;650109376.0000
194.8776;246.2505;0.0000;560.5348;650109376.0000
195.8776;246.2505;0.0000;557.4102;650109376.0000
195.8776;246.8754;0.0000;557.1596;650109376.0000
196.8776;246.8754;0.0000;561.9099;650109376.0000
196.8776;247.5002;0.0000;557.0351;650109376.0000
197.8776;247.1252;0.0000;560.5348;650109376.0000
198.2526;247.7502;0.0000;561.2849;650109376.0000
199.2526;247.7502;0.0000;558.2849;650109376.0000
199.2526;248.3750;0.0000;560.1597;650109376.0000
200.2526;248.0000;0.0000;560.7852;650109376.0000
200.8776;248.0000;0.0000;559.0351;650109376.0000
201.2526;248.6250;0.0000;562.6600;650109376.0000
202.2526;248.6250;0.0000;557.5348;650109376.0000
202.6277;248.8748;0.0000;561.7852;650109376.0000
203.2526;248.8748;0.0000;565.0351;650109376.0000
203.6277;248.8748;0.0000;560.5353;650109440.0000
204.2526;249.1247;0.0000;561.2849;650109440.0000
204.6277;249.1247;0.0000;564.7852;650109440.0000
205.6277;249.7496;0.0000;560.6605;650109440.0000
206.2526;249.3745;0.0000;563.5353;650109440.0000
206.6277;249.9995;0.0000;563.9104;650109440.0000
207.2526;249.9995;0.0000;562.2854;650109440.0000
208.2526;250.2493;0.0000;565.9104;650109440.0000
209.2526;249.8742;0.0000;563.0356;650109440.0000
209.6277;249.8742;0.0000;563.5353;650109440.0000
210.2526;250.4991;0.0000;566.5353;650109440.0000
211.2526;250.1241;0.0000;563.0356;650109440.0000
211.2526;250.1241;0.0000;563.5353;650109440.0000
212.2526;249.7490;0.0000;566.5353;650109440.0000
213.2526;250.3740;0.0000;563.0356;650109440.0000
213.2526;249.9989;0.0000;566.5353;650109504.0000
213.8776;249.9989;0.0000;567.2854;650109504.0000
214.8776;249.9989;0.0000;564.6605;650109504.0000
215.2526;249.6238;0.0000;567.1602;650109568.0000
215.8776;250.2488;0.0000;565.7858;650109632.0000
216.8776;250.2488;0.0000;566.0356;650109632.0000
217.5025;249.8737;0.0000;569.6605;650109632.0000
218.5025;249.4986;0.0000;567.2860;650109632.0000
219.1274;249.4986;0.0000;568.4106;650109632.0000
220.1274;249.4986;0.0000;569.7858;650109632.0000
220.7524;249.1235;0.0000;567.2860;650109632.0000
221.7524;249.1235;0.0000;569.5359;650109632.0000
222.3773;248.7485;0.0000;570.9109;650109632.0000
223.3773;248.7485;0.0000;568.6610;650109632.0000
223.3773;248.3734;0.0000;572.9109;650109632.0000
224.3773;247.7485;0.0000;571.7863;650109632.0000
225.3773;247.3733;0.0000;569.7863;650109632.0000
226.0022;247.3733;0.0000;574.6611;650109632.0000
226.6271;246.9983;0.0000;572.5364;650109696.0000
227.6272;246.9983;0.0000;573.4112;650109696.0000
228.2521;246.6233;0.0000;577.4112;650109696.0000
229.2521;246.6233;0.0000;574.2865;650109696.0000
229.8770;246.2482;0.0000;578.1614;650109696.0000
231.5019;246.2482;4.5008;578.5364;650109696.0000
232.1269;245.8731;0.0000;576.5364;650109696.0000
233.1269;245.8731;4.5008;581.1614;650109696.0000
233.7518;245.8731;0.0000;580.0367;650109696.0000
234.7518;245.4981;0.0000;577.1614;650109696.0000
234.7518;244.4981;0.0000;582.1614;650109696.0000
235.7518;244.4981;0.0000;580.1620;650109696.0000
236.7518;244.1230;0.0000;578.5364;650109696.0000
237.3767;244.1230;0.0000;583.9115;650109696.0000
237.7518;243.7479;0.0000;580.1620;650109696.0000
238.3767;242.7479;4.5008;583.5364;650109696.0000
239.3767;242.3729;0.0000;585.0367;650109696.0000
239.7518;242.3729;4.5008;582.4117;650109696.0000
240.3767;241.3729;0.0000;585.7869;650109696.0000
241.0017;240.9978;0.0000;585.9121;650109696.0000
242.0016;240.9978;0.0000;583.4117;650109696.0000
242.3767;239.9978;0.0000;586.2865;650109696.0000
243.0016;239.6227;4.5008;583.9121;650109760.0000
244.0016;238.6227;0.0000;582.1614;650109760.0000
244.0016;238.6227;0.0000;591.5370;650109760.0000
244.6266;237.6227;0.0000;583.2865;650109760.0000
245.2515;237.6227;0.0000;588.2865;650109760.0000
246.2515;236.6227;0.0000;591.2865;650109824.0000
246.6266;236.2476;0.0000;587.4117;650109824.0000
247.2516;235.2476;0.0000;590.6616;650109824.0000
248.2515;234.8726;0.0000;592.7869;650109824.0000
248.8764;233.8726;0.0000;589.4117;650109824.0000
248.8764;233.8726;0.0000;594.0367;650109824.0000
249.5014;232.8726;0.0000;591.5370;650109824.0000
250.1264;231.8726;0.0000;593.2866;650109824.0000
251.1263;231.4975;0.0000;597.5364;650109824.0000
251.1263;230.4975;0.0000;595.0367;650109888.0000
252.1263;230.4975;0.0000;597.7863;650109888.0000
252.7513;229.4975;0.0000;599.7863;650109888.0000
253.3762;229.1224;0.0000;595.2865;650109888.0000
254.0011;228.4975;0.0000;599.6611;650109952.0000
254.3762;228.1224;0.0000;600.5364;650109952.0000
255.0012;227.1224;0.0000;598.7863;650109952.0000
256.0011;226.1224;0.0000;602.9109;650109952.0000
256.6260;225.1224;0.0000;600.7863;650109952.0000
256.6260;224.1224;0.0000;602.2860;650109952.0000
257.2509;223.7474;0.0000;605.7858;650109952.0000
257.2509;223.1224;0.0000;603.4112;650109952.0000
257.8759;222.1224;0.0000;605.2861;650109952.0000
258.5009;221.1224;0.0000;607.1608;650109952.0000
258.8759;220.1224;0.0000;603.0362;650109952.0000
259.5009;219.7474;0.0000;604.7858;650109952.0000
260.5009;218.7474;0.0000;607.6610;650109952.0000
261.1257;217.7474;0.0000;603.0362;650109952.0000
261.7507;216.7474;0.0000;607.5359;650109952.0000
262.3757;216.1224;0.0000;605.2861;650109952.0000
262.3757;215.7474;0.0000;605.2861;650109952.0000
263.0005;214.7474;7.4992;610.7858;650109952.0000
263.6255;213.7474;0.0000;605.6611;650110016.0000
263.6255;212.7474;7.4992;607.2860;650110016.0000
264.2504;211.7474;7.4992;610.6611;650110016.0000
264.2504;210.1224;0.0000;606.7863;650110016.0000
264.8753;209.1224;7.4992;609.2860;650110016.0000
264.8753;208.1224;0.0000;610.0362;650110016.0000
265.5002;207.4975;0.0000;606.4113;650110016.0000
265.5002;206.4975;7.4992;609.6611;650110016.0000
265.5002;205.4975;7.4992;610.5364;650110016.0000
265.5002;204.4975;0.0000;606.7863;650110016.0000
266.1252;203.8726;0.0000;612.2860;650110016.0000
266.1252;202.8726;0.0000;608.6617;650110016.0000
266.1252;202.8726;0.0000;603.1620;650110080.0000
266.7502;201.8726;0.0000;617.1608;650110080.0000
266.7502;200.8726;0.0000;613.0362;650110144.0000
266.7502;199.8726;0.0000;615.0356;650110144.0000
267.3750;199.2476;0.0000;617.2860;650110144.0000
267.3750;198.2476;0.0000;613.2860;650110144.0000
267.3750;196.6227;0.0000;616.7856;650110208.0000
267.3750;195.9978;0.0000;615.9109;650110208.0000
267.3750;194.9978;0.0000;614.9110;650110208.0000
267.3750;194.3729;0.0000;618.1608;650110208.0000
268.0000;193.3729;0.0000;616.0362;650110208.0000
267.6249;192.7479;0.0000;616.2861;650110208.0000
267.6249;191.7479;0.0000;618.9109;650110208.0000
267.6249;190.7479;0.0000;615.4112;650110208.0000
267.6249;190.1230;0.0000;617.6611;650110208.0000
267.6249;189.1230;0.0000;620.0362;650110208.0000
267.6249;188.1230;0.0000;615.4112;650110208.0000
267.0000;188.1230;0.0000;617.9110;650110208.0000
267.0000;187.1230;0.0000;619.4113;650110208.0000
266.6249;186.1230;0.0000;616.4112;650110272.0000
266.6249;185.4981;4.5008;618.6611;650110272.0000
266.6249;184.8731;0.0000;618.2866;650110272.0000
266.6249;183.2482;4.5008;617.4113;650110272.0000
266.0000;182.6233;0.0000;618.0356;650110272.0000
266.0000;181.6233;0.0000;618.2866;650110272.0000
266.0000;180.9983;0.0000;618.7863;650110272.0000
265.0000;180.3733;0.0000;621.7863;650110272.0000
265.0000;179.3734;0.0000;618.7868;650110272.0000
265.0000;178.7485;0.0000;620.7863;650110272.0000
264.6249;177.7485;0.0000;621.2865;650110272.0000
264.6249;177.1235;0.0000;618.2866;650110272.0000
264.6249;176.1235;0.0000;622.0361;650110272.0000
264.2498;175.4986;0.0000;621.0367;650110272.0000
264.2498;174.4986;0.0000;620.2865;650110272.0000
264.2498;173.8737;0.0000;622.5364;650110272.0000
264.2498;173.2488;0.0000;620.4117;650110272.0000
264.2498;172.2488;0.0000;621.2865;650110272.0000
263.8748;170.9989;0.0000;622.9115;650110336.0000
263.2498;170.3740;0.0000;619.4117;650110336.0000
263.2498;169.3740;0.0000;621.9115;650110336.0000
262.6249;168.7490;0.0000;622.4117;650110336.0000
262.2498;167.7490;0.0000;619.4117;650110336.0000
261.6249;167.1241;0.0000;623.1613;650110400.0000
261.6249;166.7490;0.0000;621.0367;650110464.0000
260.6249;166.1241;0.0000;620.1620;650110464.0000
260.6249;165.1241;0.0000;620.5359;650110464.0000
260.6249;164.4992;0.0000;621.5370;650110464.0000
260.0000;163.8743;0.0000;620.0367;650110464.0000
260.0000;162.8743;0.0000;624.4117;650110464.0000
259.6249;162.8743;0.0000;620.5371;650110464.0000
259.0000;161.8743;0.0000;622.6617;650110464.0000
258.6249;161.2493;7.4992;622.4117;650110464.0000
258.6249;161.2493;0.0000;619.4117;650110464.0000
258.6249;160.2493;0.0000;623.0367;650110464.0000
257.6249;159.6244;0.0000;621.7868;650110464.0000
257.6249;158.6243;0.0000;619.7869;650110528.0000
257.0000;157.9994;0.0000;623.9114;650110528.0000
256.6249;156.9995;0.0000;620.5371;650110528.0000
256.0000;156.3745;0.0000;619.7869;650110528.0000
256.0000;155.3745;0.0000;622.7869;650110528.0000
255.0000;154.7496;0.0000;619.6622;650110528.0000
255.0000;153.7496;0.0000;621.6616;650110592.0000
254.0000;153.1246;0.0000;622.1619;650110592.0000
254.0000;152.7496;0.0000;619.5370;650110592.0000
253.6250;152.1247;0.0000;622.1619;650110592.0000
253.0000;151.1246;0.0000;622.0373;650110592.0000
253.0000;151.1246;0.0000;619.5370;650110592.0000
253.0000;150.1246;0.0000;622.4117;650110592.0000
252.6250;150.1246;0.0000;619.0373;650110592.0000
252.0000;149.1247;0.0000;618.5369;650110592.0000
252.0000;149.1247;0.0000;622.4117;650110592.0000
251.6249;148.1246;0.0000;618.6622;650110592.0000
251.0000;148.1246;0.0000;620.5371;650110592.0000
251.0000;147.1246;0.0000;622.0373;650110592.0000
250.0000;146.4997;0.0000;617.7874;650110592.0000
249.3750;146.1246;0.0000;620.9122;650110592.0000
248.3750;145.4998;0.0000;620.7874;650110592.0000
247.7502;144.4998;0.0000;618.6622;650110592.0000
246.7502;144.4998;0.0000;621.2872;650110592.0000
246.7502;143.8748;0.0000;618.9127;650110656.0000
246.1252;143.4998;0.0000;619.0373;650110656.0000
246.1252;142.8748;0.0000;622.0373;650110656.0000
245.5002;142.4998;0.0000;618.2877;650110656.0000
244.5002;141.8748;0.0000;619.4124;650110656.0000
244.5002;141.4998;0.0000;622.0373;650110656.0000
243.5002;141.4998;0.0000;617.6627;650110720.0000
242.8754;140.8748;0.0000;620.7874;650110720.0000
242.2504;140.8748;0.0000;619.6628;650110720.0000
241.8754;139.8748;0.0000;618.2877;650110720.0000
241.2504;139.4997;0.0000;621.4124;650110720.0000
240.2504;138.8748;0.0000;618.4130;650110720.0000
239.0005;138.4997;0.0000;618.9127;650110784.0000
238.3757;137.8748;0.0000;622.7875;650110784.0000
237.3756;137.2498;0.0000;618.4130;650110784.0000
236.7507;136.2498;0.0000;620.1625;650110784.0000
235.1257;135.6250;0.0000;621.5375;650110784.0000
233.8759;134.6250;0.0000;617.7880;650110784.0000
232.8759;134.0000;0.0000;620.9126;650110784.0000
231.6260;133.0000;0.0000;620.4130;650110848.0000
230.6260;132.3750;0.0000;617.4130;650110848.0000
229.3762;132.3750;0.0000;621.6627;650110848.0000
228.3762;131.3750;0.0000;618.5380;650110848.0000
227.7513;131.3750;0.0000;617.6627;650110848.0000
226.7512;130.3750;0.0000;621.9126;650110848.0000
226.1264;130.3750;0.0000;618.5380;650110848.0000
225.1264;130.3750;0.0000;618.0378;650110848.0000
224.5014;130.0000;0.0000;621.2877;650110848.0000
223.8764;129.3750;0.0000;616.9132;650110848.0000
222.8764;129.3750;0.0000;620.5375;650110848.0000
222.2515;129.0000;0.0000;618.7880;650110848.0000
221.6266;128.3750;0.0000;616.7880;650110848.0000
220.6266;128.3750;0.0000;620.9126;650110848.0000
220.0017;127.3750;0.0000;618.7880;650110848.0000
219.0017;127.3750;0.0000;616.7880;650110848.0000
218.0017;127.0000;0.0000;621.2877;650110848.0000
217.3767;126.3750;0.0000;616.5382;650110848.0000
216.7518;126.3750;0.0000;617.4130;650110912.0000
215.7518;125.7502;0.0000;620.4130;650110912.0000
214.5019;125.3750;0.0000;617.2881;650110912.0000
213.5019;124.7502;0.0000;618.4130;650110912.0000
212.5019;124.3750;0.0000;618.4130;650110912.0000
211.2521;123.7502;0.0000;615.7879;650110912.0000
210.6271;123.7502;0.0000;618.4130;650110912.0000
209.0022;123.7502;0.0000;619.1631;650110912.0000
208.3773;122.7502;4.5008;616.5382;650110912.0000
206.7524;122.7502;0.0000;620.0378;650110912.0000
205.1274;122.1252;0.0000;617.2881;650110976.0000
203.8776;121.7502;0.0000;616.4129;650111040.0000
202.2526;121.1252;0.0000;619.6628;650111040.0000
201.0028;121.1252;0.0000;616.9132;650111040.0000
199.3778;120.1252;0.0000;619.2877;650111040.0000
198.1280;119.5002;4.5008;621.9126;650111040.0000
196.5031;119.5002;0.0000;618.4130;650111040.0000
195.2532;118.5002;4.5008;621.5375;650111040.0000
193.6283;118.5002;0.0000;622.9126;650111104.0000
193.0033;117.8754;0.0000;620.1625;650111104.0000
191.3784;117.8754;0.0000;623.4124;650111104.0000
190.1285;117.5002;0.0000;620.9126;650111104.0000
188.5036;116.8754;0.0000;622.7875;650111104.0000
187.5036;116.8754;0.0000;624.6622;650111104.0000
186.2538;116.8754;4.5008;622.2877;650111104.0000
185.2538;116.5002;0.0000;623.6622;650111104.0000
184.6288;115.8754;0.0000;625.2872;650111104.0000
183.0039;115.5002;0.0000;623.0378;650111104.0000
182.0039;115.5002;0.0000;624.9122;650111168.0000
181.3790;115.5002;0.0000;625.7874;650111168.0000
180.3790;115.5002;0.0000;623.4124;650111168.0000
179.3790;115.1252;0.0000;625.9121;650111168.0000
178.3790;115.1252;0.0000;623.7874;650111168.0000
177.3790;115.1252;0.0000;622.7869;650111168.0000
177.3790;115.1252;0.0000;626.5370;650111168.0000
176.3790;115.1252;0.0000;623.6622;650111168.0000
175.3790;115.7502;0.0000;623.4117;650111168.0000
175.0038;115.7502;0.0000;625.7868;650111168.0000
174.0039;115.7502;0.0000;622.0373;650111168.0000
173.6288;116.3750;0.0000;625.0366;650111168.0000
172.6288;116.0000;0.0000;625.1620;650111168.0000
172.0039;116.6250;0.0000;623.1620;650111168.0000
171.6288;116.6250;0.0000;627.4117;650111168.0000
170.6288;116.6250;0.0000;624.9122;650111168.0000
170.2538;117.2498;0.0000;624.5369;650111168.0000
169.2538;117.2498;0.0000;627.6616;650111168.0000
167.8786;117.8748;0.0000;624.5369;650111232.0000
167.5036;118.4998;0.0000;623.9114;650111232.0000
166.5036;118.4998;0.0000;626.1613;650111232.0000
166.1285;119.1246;0.0000;623.2865;650111232.0000
165.1285;119.7496;0.0000;625.4112;650111232.0000
164.7535;120.3745;0.0000;626.1613;650111232.0000
163.7535;120.6244;0.0000;624.4112;650111232.0000
163.3784;121.2493;0.0000;627.0362;650111232.0000
162.3784;121.8743;0.0000;624.4112;650111360.0000
161.3784;122.4992;0.0000;625.0361;650111360.0000
160.7535;123.1241;0.0000;626.1608;650111360.0000
160.3784;123.7490;0.0000;624.4112;650111360.0000
159.3784;124.3740;0.0000;623.9109;650111360.0000
158.3784;124.3740;0.0000;625.7858;650111360.0000
157.3784;124.9989;0.0000;624.4112;650111360.0000
156.3784;125.6238;0.0000;625.7858;650111360.0000
155.7535;126.6238;0.0000;625.7858;650111360.0000
154.7535;127.2488;0.0000;622.7858;650111360.0000
154.3784;128.4986;0.0000;626.0356;650111424.0000
153.7535;128.7485;0.0000;625.0356;650111424.0000
152.7535;129.3734;0.0000;623.7858;650111424.0000
152.1285;129.9983;0.0000;628.1603;650111424.0000
151.7535;130.6233;0.0000;625.1608;650111424.0000
150.7535;131.2482;0.0000;624.9104;650111424.0000
150.3784;131.2482;0.0000;628.1603;650111424.0000
149.7535;131.8731;0.0000;623.4106;650111424.0000
149.3784;132.4981;0.0000;626.7852;650111488.0000
148.3784;132.4981;0.0000;627.9104;650111488.0000
147.7535;133.1230;0.0000;624.6605;650111488.0000
147.3784;133.7479;0.0000;627.1602;650111488.0000
146.3784;134.3729;0.0000;627.5353;650111488.0000
145.3784;134.3729;0.0000;623.5353;650111488.0000
144.7535;134.9978;0.0000;628.0351;650111488.0000
143.7535;135.6227;0.0000;624.6605;650111488.0000
143.7535;136.2476;0.0000;625.4102;650111488.0000
142.7535;137.2476;0.0000;628.6600;650111488.0000
141.7535;137.8726;0.0000;624.6605;650111488.0000
141.7535;138.4975;0.0000;625.2849;650111488.0000
140.7535;139.1224;0.0000;627.9099;650111488.0000
140.1285;139.1224;0.0000;622.4101;650111488.0000
139.1285;139.7474;0.0000;626.1597;650111488.0000
138.7535;140.3723;0.0000;626.5348;650111488.0000
138.1285;140.9972;0.0000;625.2849;650111488.0000
137.1285;141.9972;0.0000;626.4095;650111488.0000
136.1285;141.9972;0.0000;624.5347;650111488.0000
135.5036;142.6222;0.0000;623.6594;650111552.0000
135.1285;143.2471;0.0000;628.0344;650111552.0000
134.5036;143.8720;0.0000;624.5347;650111552.0000
133.5036;145.1219;0.0000;624.9092;650111552.0000
132.5036;145.7468;0.0000;626.2843;650111552.0000
131.5036;146.7468;0.0000;623.7846;650111616.0000
131.1285;147.9967;0.0000;625.1592;650111616.0000
130.5036;148.9967;0.0000;626.2843;650111616.0000
129.5036;150.2465;0.0000;622.5342;650111680.0000
128.5036;150.8715;0.0000;625.0339;650111680.0000
127.5036;151.4964;0.0000;623.9092;650111680.0000
126.8787;152.1213;0.0000;623.4090;650111680.0000
125.8787;153.1213;0.0000;625.2838;650111680.0000
125.5036;153.7462;0.0000;623.7841;650111680.0000
124.5036;154.3712;0.0000;623.0339;650111680.0000
124.1285;154.9962;0.0000;625.2838;650111680.0000
123.1285;155.9961;0.0000;622.7841;650111680.0000
122.7535;157.2460;0.0000;624.5336;650111680.0000
121.7535;157.8709;0.0000;625.2838;650111744.0000
121.3784;158.8709;0.0000;622.2839;650111744.0000
120.3784;159.4958;0.0000;625.4084;650111744.0000
120.3784;160.1207;0.0000;625.2838;650111744.0000
119.3784;161.1207;0.0000;623.5336;650111744.0000
119.0033;161.7457;0.0000;626.6582;650111744.0000
118.3784;162.9955;0.0000;623.5336;650111744.0000
118.0033;163.6205;0.0000;623.7834;650111744.0000
117.0033;164.6205;0.0000;626.0334;650111744.0000
117.0033;165.2455;0.0000;623.9088;650111744.0000
116.0033;166.2455;0.0000;625.2832;650111744.0000
115.6283;166.2455;0.0000;626.0334;650111744.0000
115.2532;167.2455;0.0000;623.4084;650111744.0000
115.2532;168.4952;0.0000;625.1580;650111744.0000
114.8781;169.1202;0.0000;624.6583;650111744.0000
114.5031;170.1202;0.0000;622.5331;650111744.0000
114.5031;170.1202;0.0000;626.0328;650111744.0000
113.5031;171.7451;0.0000;622.2832;650111744.0000
113.1280;171.7451;0.0000;622.4079;650111808.0000
112.1281;172.7451;0.0000;625.0328;650111808.0000
112.1281;173.7451;0.0000;622.6583;650111808.0000
111.7529;174.3700;0.0000;623.2827;650111808.0000
110.7529;175.3700;0.0000;624.4079;650111808.0000
110.3778;175.7451;0.0000;621.7830;650111808.0000
110.0028;176.3700;0.0000;623.1573;650111808.0000
109.6277;176.7451;0.0000;624.2827;650111808.0000
109.2526;177.3700;0.0000;621.9077;650111872.0000
108.8776;177.7451;0.0000;625.2821;650111872.0000
109.5025;178.7451;0.0000;623.9077;650111872.0000
109.1274;178.7451;0.0000;623.6572;650111936.0000
109.1274;179.3700;0.0000;628.4067;650111936.0000
108.7524;180.3700;0.0000;626.2821;650111936.0000
107.7524;180.9950;0.0000;628.9065;650111936.0000
107.7524;181.3700;0.0000;631.5315;650111936.0000
107.3773;182.3700;0.0000;626.6567;650111936.0000
107.0022;182.9950;0.0000;630.0311;650111936.0000
107.0022;183.9950;0.0000;632.2816;650112000.0000
106.6272;184.6199;0.0000;629.6561;650112000.0000
106.6272;185.6199;0.0000;633.4056;650112000.0000
106.2521;185.9950;0.0000;633.7807;650112000.0000
106.2521;186.6199;0.0000;634.9054;650112000.0000
106.2521;187.2448;0.0000;640.2799;650112000.0000
106.5019;188.2448;0.0000;637.5304;650112000.0000
106.5019;188.8698;0.0000;636.5292;650112000.0000
106.1269;189.8698;0.0000;641.5297;650112064.0000
106.1269;190.4947;0.0000;635.2805;650112064.0000
106.3767;191.4947;0.0000;641.1547;650112064.0000
106.0017;192.4947;0.0000;639.0300;650112064.0000
106.0017;193.4948;0.0000;635.4052;650112064.0000
105.6266;194.1196;0.0000;639.4046;650112064.0000
105.6266;194.4948;0.0000;637.5297;650112064.0000
105.6266;195.4947;0.0000;637.6544;650112064.0000
105.2515;196.1196;0.0000;643.7791;650112064.0000
105.8765;197.1196;0.0000;641.9044;650112064.0000
105.8765;197.7446;0.0000;643.2787;650112064.0000
105.5014;198.7446;0.0000;646.2788;650112064.0000
105.5014;199.3695;0.0000;643.7791;650112064.0000
105.1264;200.3695;0.0000;647.1536;650112064.0000
104.7512;201.3695;0.0000;647.1536;650112064.0000
104.7512;201.9944;0.0000;644.5287;650112128.0000
104.7512;202.9944;0.0000;648.4034;650112128.0000
105.0011;203.9944;0.0000;646.9037;650112128.0000
105.0011;205.2443;0.0000;645.7785;650112192.0000
105.0011;206.2443;0.0000;649.2783;650112192.0000
105.0011;206.8692;0.0000;646.5286;650112192.0000
105.2510;207.8692;0.0000;645.6534;650112192.0000
105.2510;208.4941;0.0000;649.2783;650112192.0000
104.8759;209.4941;0.0000;647.1536;650112192.0000
104.5009;210.4941;0.0000;648.5281;650112192.0000
104.5009;211.1191;0.0000;651.6533;650112192.0000
104.1257;212.1191;0.0000;647.1531;650112192.0000
103.7507;213.1191;0.0000;651.0278;650112192.0000
103.7507;213.7440;0.0000;650.9031;650112320.0000
103.3757;214.7440;0.0000;649.4030;650112320.0000
103.3757;215.7440;0.0000;653.2776;650112320.0000
104.0005;216.3690;0.0000;651.5282;650112320.0000
104.2504;217.3690;0.0000;650.6527;650112320.0000
104.5002;218.3690;0.0000;653.4023;650112320.0000
105.1252;219.3690;0.0000;651.4028;650112320.0000
105.3750;220.6188;0.0000;654.1525;650112384.0000
106.0000;221.6188;0.0000;653.4023;650112384.0000
106.2498;222.6188;0.0000;652.6527;650112384.0000
106.8748;223.2438;0.0000;653.7773;650112384.0000
106.4998;224.2438;0.0000;656.2777;650112384.0000
107.1246;225.2438;0.0000;654.0272;650112384.0000
107.3745;225.6188;0.0000;659.0267;650112384.0000
106.9995;226.2438;0.0000;657.9020;650112384.0000
107.6244;227.2438;0.0000;659.6516;650112384.0000
107.6244;228.2438;0.0000;663.1514;650112384.0000
107.6244;229.2438;0.0000;659.6516;650112384.0000
107.2493;230.2438;0.0000;662.4012;650112384.0000
107.2493;230.6188;0.0000;664.0261;650112384.0000
107.4992;231.8687;0.0000;660.9015;650112384.0000
107.7490;232.8686;0.0000;665.6511;650112384.0000
108.3740;233.8687;0.0000;666.4012;650112384.0000
108.3740;234.8687;0.0000;663.7762;650112384.0000
108.9989;235.2438;0.0000;667.1508;650112384.0000
109.2488;235.8687;0.0000;663.7762;650112448.0000
109.2488;236.2438;0.0000;664.5259;650112448.0000
109.4986;237.2438;0.0000;668.0255;650112448.0000
109.4986;237.6188;0.0000;664.0261;650112448.0000
110.1235;238.6188;0.0000;667.1508;650112448.0000
110.1235;238.6188;0.0000;668.4006;650112448.0000
110.1235;239.6188;0.0000;664.0261;650112448.0000
110.7485;239.9939;0.0000;666.0256;650112448.0000
110.7485;240.6188;0.0000;667.1508;650112448.0000
111.3734;240.9938;0.0000;664.1507;650112448.0000
110.9983;241.9939;0.0000;666.7751;650112448.0000
110.9983;242.6188;0.0000;666.0256;650112448.0000
111.6233;242.9939;0.0000;665.2755;650112512.0000
112.2482;243.9939;0.0000;667.9004;650112512.0000
112.2482;244.9939;0.0000;666.4006;650112512.0000
112.8731;244.9939;0.0000;665.5253;650112512.0000
112.4981;245.9939;0.0000;668.5253;650112512.0000
113.1230;246.3690;0.0000;666.0256;650112576.0000
113.1230;247.3690;0.0000;667.5253;650112640.0000
113.1230;247.7440;0.0000;664.8998;650112640.0000
113.7479;248.1191;0.0000;665.2755;650112640.0000
113.7479;249.1191;0.0000;667.7752;650112640.0000
113.7479;249.4941;0.0000;666.2754;650112640.0000
114.3729;250.4941;0.0000;665.1501;650112640.0000
114.3729;250.8692;0.0000;668.6499;650112640.0000
114.9978;251.8692;0.0000;666.2754;650112640.0000
114.9978;252.8692;0.0000;666.1501;650112640.0000
115.6227;253.2443;0.0000;668.7751;650112640.0000
115.2476;254.2443;4.5008;665.6505;650112640.0000
115.8726;254.6193;0.0000;668.0250;650112640.0000
115.8726;255.6194;4.5008;668.1502;650112640.0000
116.4975;255.9945;0.0000;665.5253;650112640.0000
116.4975;256.9944;0.0000;667.8998;650112640.0000
116.4975;257.3695;0.0000;667.1503;650112640.0000
117.1224;258.3695;4.5008;666.4001;650112640.0000
117.1224;258.7446;0.0000;669.8998;650112640.0000
117.1224;259.7446;4.5008;666.1501;650112704.0000
117.7474;260.1196;0.0000;665.1497;650112704.0000
117.7474;261.1196;0.0000;668.5248;650112704.0000
118.3723;261.4948;0.0000;665.4001;650112704.0000
118.3723;262.4947;0.0000;667.8998;650112704.0000
118.9972;263.4948;4.5008;668.2749;650112704.0000
118.9972;263.8698;0.0000;665.2750;650112704.0000
119.6222;264.8698;0.0000;667.8998;650112704.0000
119.6222;265.2448;0.0000;667.6499;650112704.0000
120.2471;266.2448;0.0000;663.8998;650112704.0000
120.6222;266.6200;0.0000;669.2749;650112704.0000
121.2471;267.6199;0.0000;665.4001;650112704.0000
121.2471;267.6199;0.0000;665.5248;650112704.0000
121.8720;268.6199;0.0000;669.7745;650112704.0000
121.8720;268.9950;0.0000;665.4001;650112704.0000
122.4969;269.3700;0.0000;667.1497;650112704.0000
122.4969;270.3700;0.0000;668.5248;650112704.0000
123.4969;271.3700;0.0000;665.4001;650112704.0000
124.1219;272.3700;0.0000;668.5248;650112768.0000
124.7468;272.7451;0.0000;668.6499;650112768.0000
125.3717;273.7451;0.0000;664.5248;650112768.0000
125.3717;274.7451;0.0000;669.7745;650112768.0000
125.9967;275.7452;0.0000;667.4001;650112768.0000
126.9967;276.1202;0.0000;667.2749;650112768.0000
127.6216;277.1202;0.0000;670.5247;650112832.0000
127.9967;278.1202;0.0000;666.7751;650112832.0000
128.6216;278.4952;0.0000;668.8998;650112832.0000
129.2465;279.4953;0.0000;670.5247;650112832.0000
129.8715;279.8703;0.0000;667.4001;650112832.0000
130.4964;281.2454;0.0000;670.8998;650112832.0000
131.1213;281.6205;0.0000;671.6499;650112832.0000
131.7462;282.3707;0.0000;669.4001;650112896.0000
132.3712;283.3707;0.0000;672.2749;650112896.0000
132.7462;284.1208;0.0000;670.9004;650112896.0000
133.3712;285.1207;0.0000;671.5253;650112896.0000
133.9961;285.8709;0.0000;674.0251;650112960.0000
134.6210;286.8709;0.0000;672.0255;650112960.0000
135.2460;287.2459;0.0000;673.1502;650112960.0000
136.8709;287.6210;0.0000;674.0251;650112960.0000
137.4958;288.6210;0.0000;671.2754;650112960.0000
138.1207;288.9962;0.0000;675.0250;650112960.0000
139.1207;289.3711;0.0000;674.5253;650112960.0000
139.7457;290.7462;0.0000;672.9004;650112960.0000
140.7457;291.1213;0.0000;675.7751;650112960.0000
141.3707;291.4964;0.0000;674.6505;650112960.0000
141.9955;291.8714;0.0000;673.9004;650112960.0000
142.6205;292.8714;0.0000;678.1502;650112960.0000
143.6205;293.2465;0.0000;674.4006;650112960.0000
144.2455;293.6216;0.0000;675.2755;650112960.0000
144.8703;293.9966;0.0000;677.9004;650112960.0000
145.8703;294.9966;0.0000;674.4006;650112960.0000
146.4952;295.3717;0.0000;675.7751;650112960.0000
147.4952;295.7468;0.0000;678.0255;650112960.0000
148.4952;296.3717;0.0000;674.4006;650113024.0000
149.1202;296.7468;0.0000;677.2754;650113024.0000
150.1202;297.1219;0.0000;676.7757;650113024.0000
150.7451;297.1219;7.4992;675.4006;650113024.0000
151.3700;297.4969;0.0000;679.1502;650113024.0000
152.3700;298.4969;0.0000;675.9009;650113024.0000
152.9950;298.4969;7.4992;676.0255;650113024.0000
153.6200;298.8720;0.0000;679.6505;650113024.0000
155.2448;298.8720;0.0000;675.2760;650113024.0000
155.8698;299.4970;0.0000;676.9003;650113024.0000
157.4947;299.8720;0.0000;678.0255;650113024.0000
158.7446;300.4969;0.0000;675.5259;650113024.0000
159.3695;300.8720;0.0000;677.2754;650113024.0000
160.9945;301.8720;0.0000;678.4006;650113088.0000
161.6194;301.8720;0.0000;675.7756;650113152.0000
162.6193;301.8720;0.0000;679.1502;650113152.0000
163.2443;302.8720;0.0000;677.2761;650113152.0000
164.4941;302.8720;0.0000;676.4006;650113152.0000
165.4941;303.2471;0.0000;679.2755;650113216.0000
166.1191;303.2471;0.0000;672.2755;650113216.0000
167.1191;304.2471;0.0000;678.0255;650113216.0000
168.1191;304.2471;0.0000;679.6505;650113216.0000
169.3690;304.6222;0.0000;675.6511;650113216.0000
169.9939;304.6222;0.0000;678.4006;650113216.0000
170.6188;304.9973;0.0000;678.7756;650113216.0000
172.2438;304.9973;0.0000;676.9009;650113216.0000
173.2438;305.3723;0.0000;679.6505;650113216.0000
173.8687;306.3723;0.0000;677.2761;650113216.0000
175.4936;305.7474;0.0000;677.7756;650113216.0000
176.1185;306.1224;0.0000;680.4006;650113216.0000
176.7435;306.1224;0.0000;677.2761;650113216.0000
177.7435;306.4975;0.0000;678.0255;650113216.0000
178.9933;306.4975;0.0000;679.6505;650113280.0000
179.9933;306.4975;0.0000;677.2761;650113280.0000
180.6183;306.4975;0.0000;680.0255;650113280.0000
181.2432;306.8726;0.0000;679.1507;650113280.0000
182.2432;306.8726;0.0000;676.9009;650113280.0000
182.8681;307.2476;0.0000;681.4006;650113280.0000
184.4931;307.2476;0.0000;678.0261;650113280.0000
185.1180;306.9978;0.0000;674.7751;650113280.0000
185.7429;306.9978;7.4992;681.4006;650113280.0000
187.3679;307.3729;0.0000;677.6511;650113280.0000
187.9928;307.3729;0.0000;679.1507;650113280.0000
188.9928;307.3729;0.0000;680.7756;650113280.0000
190.2426;307.7479;0.0000;678.0261;650113280.0000
190.8676;307.7479;0.0000;679.7757;650113280.0000
191.8676;308.1230;0.0000;680.1508;650113280.0000
193.1174;307.4981;0.0000;677.2761;650113280.0000
193.7424;307.4981;0.0000;680.4006;650113280.0000
194.7424;307.2482;0.0000;678.4012;650113280.0000
195.9922;307.2482;7.4992;677.2761;650113344.0000
196.9922;307.2482;0.0000;682.1507;650113344.0000
197.6172;306.9983;7.4992;678.4012;650113344.0000
198.6172;306.9983;0.0000;677.9009;650113344.0000
199.8670;307.3734;0.0000;681.5259;650113408.0000
200.8670;306.7485;0.0000;677.0261;650113408.0000
202.1169;306.7485;0.0000;680.1508;650113472.0000
202.7418;307.1235;0.0000;680.2759;650113472.0000
204.3667;307.1235;0.0000;676.6511;650113472.0000
204.9916;306.4986;0.0000;680.1508;650113472.0000
206.6166;306.8737;0.0000;680.0261;650113472.0000
207.8664;306.8737;0.0000;677.2761;650113472.0000
208.8665;307.2488;0.0000;681.7756;650113472.0000
210.4914;306.6238;0.0000;678.1514;650113472.0000
211.7412;306.6238;0.0000;676.5259;650113472.0000
213.3662;306.3740;0.0000;682.2760;650113472.0000
214.3662;306.3740;0.0000;677.1514;650113472.0000
215.6160;306.1241;0.0000;679.9009;650113472.0000
216.6160;306.1241;0.0000;680.2759;650113536.0000
217.6160;305.8743;0.0000;677.7762;650113536.0000
218.8659;305.8743;0.0000;680.9010;650113536.0000
219.8659;305.2493;0.0000;680.0261;650113536.0000
220.8659;305.6243;0.0000;677.2761;650113536.0000
221.4908;304.9994;0.0000;681.9009;650113536.0000
222.4908;305.3745;0.0000;679.1513;650113536.0000
223.4908;304.7496;0.0000;677.6511;650113536.0000
224.1157;304.1247;0.0000;681.9009;650113536.0000
225.1157;304.4997;0.0000;678.2765;650113536.0000
226.1157;303.8748;0.0000;679.5258;650113536.0000
227.1157;303.6249;0.0000;681.6511;650113536.0000
227.7407;303.0000;0.0000;678.2765;650113536.0000
228.7407;303.3751;0.0000;680.2759;650113536.0000
229.1157;302.7502;0.0000;680.7762;650113536.0000
229.7407;302.1252;0.0000;679.1513;650113536.0000
230.7407;301.8753;0.0000;681.6511;650113536.0000
232.3656;301.2504;0.0000;679.9014;650113536.0000
233.3656;301.6255;0.0000;679.6511;650113536.0000
234.3656;301.0005;0.0000;682.6511;650113600.0000
235.9905;300.7507;0.0000;679.6516;650113600.0000
236.9905;300.1257;0.0000;680.7762;650113664.0000
237.6155;299.5009;0.0000;682.4012;650113664.0000
238.6155;299.8759;0.0000;678.7769;650113664.0000
240.2404;299.2509;0.0000;681.7762;650113664.0000
241.2404;298.6260;0.0000;684.0266;650113664.0000
241.8653;298.3761;0.0000;680.2765;650113664.0000
242.8653;297.7512;0.0000;682.7763;650113664.0000
243.8653;297.5014;0.0000;681.0266;650113664.0000
244.8653;296.8764;0.0000;681.1514;650113664.0000
246.4903;296.2516;0.0000;684.4012;650113728.0000
247.4903;295.6266;0.0000;681.9015;650113728.0000
248.1152;295.3767;0.0000;683.2761;650113728.0000
249.1152;294.1269;0.0000;686.6511;650113728.0000
250.1152;293.5019;0.0000;682.9014;650113728.0000
251.1152;293.2521;0.0000;685.6511;650113728.0000
252.1152;292.0023;0.0000;687.2765;650113728.0000
253.1152;291.7524;0.0000;683.5264;650113792.0000
254.1153;291.1274;0.0000;686.6511;650113792.0000
255.1152;290.2526;0.0000;685.2765;650113856.0000
255.1152;289.6277;0.0000;685.6511;650113856.0000
256.1152;288.7529;0.0000;692.6505;650113856.0000
257.1152;288.1280;0.0000;690.9010;650113856.0000
257.4903;286.8781;0.0000;693.9003;650113856.0000
258.2404;286.0034;7.4992;698.4001;650113856.0000
259.2404;284.7535;4.5008;697.7752;650113856.0000
259.6155;284.1285;0.0000;702.7746;650113856.0000
259.9905;282.8787;0.0000;704.1497;650113856.0000
260.9905;282.0038;4.5008;702.8998;650113856.0000
261.3656;281.3790;0.0000;706.0244;650113856.0000
261.7407;280.1291;0.0000;704.5247;650113856.0000
263.1157;279.8792;0.0000;700.7741;650113856.0000
263.4908;278.6293;0.0000;707.8992;650113856.0000
264.8659;278.0044;0.0000;704.8998;650113856.0000
265.2409;277.7545;0.0000;705.3995;650113856.0000
266.2409;277.1297;0.0000;708.0245;650113856.0000
266.9911;275.8798;0.0000;704.6500;650113856.0000
267.9911;275.2549;0.0000;706.8992;650113920.0000
268.7412;275.0050;0.0000;707.5247;650113920.0000
269.7412;274.3800;4.5008;705.6499;650113920.0000
270.4914;273.1302;0.0000;709.0244;650113920.0000
271.4914;272.5052;0.0000;708.2749;650113920.0000
272.4914;271.8804;4.5008;706.7747;650113920.0000
273.8665;271.2554;0.0000;711.2743;650113920.0000
274.2415;270.6304;0.0000;710.1496;650113920.0000
275.6166;270.0056;0.0000;711.1491;650113920.0000
276.6166;269.3807;0.0000;717.6489;650113920.0000
277.3667;268.7557;0.0000;716.3990;650113920.0000
278.3667;267.5059;0.0000;720.8982;650113920.0000
279.1169;266.8809;0.0000;723.8981;650113920.0000
279.4919;266.2560;4.5008;722.6483;650113920.0000
279.8670;265.6310;0.0000;725.3978;650113920.0000
280.6171;265.6310;0.0000;726.5231;650113920.0000
280.9922;265.0061;4.5008;723.8981;650114048.0000
281.3672;264.3812;7.4992;728.2727;650114048.0000
282.1174;263.7562;0.0000;726.1479;650114112.0000
282.4925;263.1313;7.4992;727.0228;650114112.0000
282.8676;262.1313;0.0000;730.6477;650114112.0000
283.6176;261.5064;0.0000;726.6483;650114112.0000
283.9928;260.8814;0.0000;727.6477;650114112.0000
284.3679;260.8814;7.4992;731.0228;650114112.0000
285.7429;260.2566;0.0000;728.6483;650114112.0000
286.4931;259.2565;7.4992;730.6477;650114112.0000
286.8681;258.6317;4.5008;730.1479;650114112.0000
288.2432;258.0067;0.0000;726.8981;650114112.0000
288.6183;258.0067;0.0000;732.0228;650114112.0000
289.6183;257.3817;7.4992;729.6483;650114112.0000
289.9933;256.3817;0.0000;729.1479;650114112.0000
290.7435;255.7569;0.0000;733.0228;650114112.0000
292.1186;254.5069;0.0000;730.0234;650114112.0000
292.4936;253.8820;0.0000;732.5231;650114112.0000
292.8687;253.2571;0.0000;727.2738;650114176.0000
293.2438;252.6321;0.0000;733.5231;650114176.0000
293.6188;251.0072;0.0000;736.2727;650114176.0000
294.3690;250.3824;0.0000;738.8976;650114176.0000
295.3690;249.3823;0.0000;736.0228;650114176.0000
296.1191;248.7574;0.0000;739.0223;650114176.0000
296.4941;247.5076;0.0000;737.7729;650114176.0000
296.8692;246.8826;0.0000;738.2727;650114176.0000
297.2443;246.2576;0.0000;743.0223;650114176.0000
297.6193;245.0078;0.0000;740.7729;650114176.0000
297.9944;244.0078;0.0000;739.5225;650114176.0000
298.3695;243.0078;4.5008;743.3973;650114176.0000
299.1197;241.7579;0.0000;741.1480;650114176.0000
299.8698;240.7579;4.5008;743.8976;650114176.0000
300.6199;239.1330;0.0000;744.3979;650114176.0000
300.9950;238.5080;0.0000;741.5231;650114176.0000
301.7452;236.8831;0.0000;744.8977;650114176.0000
302.7452;235.2582;0.0000;744.8982;650114176.0000
303.4953;234.6333;0.0000;743.1479;650114240.0000
303.8703;233.0083;0.0000;749.2727;650114304.0000
304.6205;232.3834;0.0000;744.0234;650114304.0000
304.3707;230.7585;0.0000;745.5231;650114304.0000
305.1207;229.7585;0.0000;750.7729;650114304.0000
305.4958;228.1335;0.0000;745.1484;650114304.0000
306.2459;227.1335;0.0000;744.7725;650114368.0000
306.9962;225.5086;0.0000;748.6483;650114368.0000
307.7462;224.5086;0.0000;746.1486;650114368.0000
308.1213;223.5086;0.0000;749.5231;650114368.0000
308.2465;222.8837;0.0000;748.7734;650114368.0000
308.6216;221.2587;0.0000;747.0233;650114368.0000
309.3717;219.8837;0.0000;750.7729;650114368.0000
309.7468;218.8837;0.0000;747.5237;650114368.0000
310.4969;217.8837;0.0000;746.7736;650114368.0000
310.8720;216.8837;0.0000;751.8982;650114368.0000
311.2471;215.5086;0.0000;747.2738;650114368.0000
311.6222;214.5086;0.0000;748.6483;650114368.0000
311.9973;212.8837;7.4992;750.7734;650114368.0000
311.7474;211.8837;0.0000;747.2738;650114432.0000
312.1224;210.8837;7.4992;749.0234;650114432.0000
312.4975;209.8837;0.0000;750.7734;650114432.0000
312.2476;208.8837;0.0000;746.5237;650114432.0000
312.6227;207.8837;0.0000;750.1486;650114432.0000
312.9978;206.8837;0.0000;749.3990;650114432.0000
312.3729;205.8837;0.0000;747.5237;650114432.0000
312.7479;204.2587;0.0000;752.5237;650114432.0000
313.1230;203.6338;0.0000;748.0239;650114432.0000
312.4981;202.6338;0.0000;750.5237;650114432.0000
312.8731;201.6338;0.0000;750.7729;650114432.0000
312.6233;200.6338;0.0000;749.3990;650114432.0000
312.6233;199.6338;0.0000;753.0234;650114432.0000
312.3734;198.6338;0.0000;751.6489;650114432.0000
312.3734;198.0089;0.0000;751.8987;650114432.0000
312.1235;197.0089;4.5008;754.3984;650114432.0000
311.8737;196.0089;0.0000;752.5237;650114432.0000
312.2488;195.0089;0.0000;754.7734;650114432.0000
311.6238;193.3840;0.0000;759.2732;650114560.0000
311.3740;192.3840;0.0000;755.5237;650114560.0000
311.7491;191.3840;4.5008;754.2726;650114560.0000
311.4991;190.3840;0.0000;761.5231;650114560.0000
310.8742;190.0089;0.0000;757.1487;650114560.0000
310.6243;188.6338;0.0000;761.1479;650114560.0000
309.9995;187.6338;0.0000;762.8982;650114560.0000
310.3745;187.0089;0.0000;759.0234;650114560.0000
309.7496;185.0089;0.0000;762.5231;650114560.0000
309.4997;184.0089;0.0000;759.8987;650114560.0000
309.2498;183.0089;0.0000;761.0234;650114560.0000
308.6249;182.3840;4.5008;766.6477;650114624.0000
308.3751;180.7590;0.0000;762.1484;650114624.0000
307.7502;179.7590;0.0000;761.6483;650114624.0000
307.1252;178.7590;0.0000;764.0234;650114624.0000
306.2505;178.1341;0.0000;760.7734;650114624.0000
305.6255;176.5092;0.0000;764.0234;650114624.0000
305.3757;175.5092;0.0000;762.8986;650114624.0000
304.7507;174.5092;0.0000;761.5236;650114752.0000
304.5009;173.5092;0.0000;764.7735;650114752.0000
303.8759;171.8843;0.0000;764.8987;650114752.0000
303.2509;171.2593;0.0000;760.0240;650114752.0000
302.6260;170.2593;0.0000;764.6482;650114752.0000
302.3761;169.2593;0.0000;762.1491;650114752.0000
301.7513;168.2593;0.0000;762.8986;650114752.0000
301.5014;167.2593;0.0000;763.2739;650114752.0000
301.5014;166.2593;0.0000;761.5242;650114752.0000
300.8764;165.6344;0.0000;764.1487;650114752.0000
300.6266;164.0095;0.0000;764.6489;650114752.0000
300.0016;163.0095;0.0000;761.1491;650114752.0000
299.7518;161.3845;0.0000;764.5237;650114752.0000
299.1269;160.3845;0.0000;763.7741;650114752.0000
298.5019;159.1347;0.0000;762.7740;650114752.0000
297.8770;158.1347;0.0000;764.8987;650114752.0000
297.6271;156.1347;0.0000;763.6494;650114752.0000
297.0023;155.1347;0.0000;762.0239;650114752.0000
297.3773;154.5097;0.0000;767.3990;650114752.0000
296.7524;152.8847;0.0000;762.0244;650114752.0000
296.1274;151.8848;0.0000;764.0239;650114752.0000
295.8776;150.2599;0.0000;765.7741;650114752.0000
295.2526;149.2599;0.0000;761.8992;650114752.0000
294.6277;148.2599;0.0000;764.0239;650114752.0000
294.3778;147.2599;0.0000;763.8992;650114752.0000
294.3778;146.2599;0.0000;761.2743;650114752.0000
294.1280;145.2599;0.0000;764.7740;650114752.0000
293.5031;143.6350;0.0000;762.6494;650114752.0000
292.8781;142.6350;0.0000;763.1491;650114752.0000
292.6283;141.2599;0.0000;766.1491;650114752.0000
292.0033;139.6350;4.5008;761.7746;650114752.0000
291.7535;138.6350;0.0000;765.1491;650114752.0000
291.1285;137.6350;4.5008;765.5242;650114752.0000
290.5036;136.6350;0.0000;762.1496;650114752.0000
289.6288;135.2599;0.0000;765.1491;650114752.0000
289.0038;134.2599;0.0000;765.3994;650114816.0000
288.7540;133.8848;4.5008;762.7745;650114880.0000
287.5042;132.5097;0.0000;766.6494;650114944.0000
286.8792;131.5098;4.5008;764.1497;650114944.0000
286.0044;130.5097;0.0000;762.8993;650114944.0000
284.7545;129.5097;0.0000;768.7746;650114944.0000
284.1297;128.5097;0.0000;763.2744;650114944.0000
282.8798;127.5098;0.0000;764.6494;650114944.0000
282.2549;126.5097;0.0000;767.3995;650114944.0000
281.3801;125.1347;0.0000;764.5248;650114944.0000
280.7552;124.7596;0.0000;765.1497;650114944.0000
279.5052;123.7596;0.0000;768.7746;650114944.0000
278.8803;122.7595;0.0000;765.1497;650114944.0000
278.2554;122.0095;0.0000;768.7746;650114944.0000
277.0056;121.6344;0.0000;766.4001;650114944.0000
276.7557;120.6344;0.0000;766.2749;650114944.0000
276.1307;120.2593;0.0000;769.7745;650114944.0000
274.8809;119.5092;0.0000;766.7751;650114944.0000
274.2560;118.5092;0.0000;766.8998;650115008.0000
273.0061;118.1341;7.4992;771.8998;650115008.0000
272.3812;117.1341;0.0000;767.5253;650115072.0000
271.1313;116.1341;0.0000;769.2749;650115072.0000
269.8814;115.1341;0.0000;770.7751;650115072.0000
269.2566;114.3840;0.0000;767.0250;650115072.0000
268.6316;113.3840;0.0000;766.2754;650115072.0000
267.3817;112.0089;0.0000;774.8998;650115072.0000
266.5069;111.6338;0.0000;764.6504;650115072.0000
265.8820;110.2588;0.0000;777.2742;650115072.0000
264.6321;109.8837;0.0000;773.0251;650115072.0000
264.0073;109.5086;0.0000;773.2749;650115072.0000
262.7574;108.5086;0.0000;778.3995;650115072.0000
262.1324;107.7585;0.0000;775.2749;650115072.0000
260.8826;106.7585;0.0000;774.8998;650115072.0000
259.2576;105.7585;0.0000;777.2749;650115072.0000
258.6327;105.3834;0.0000;776.7747;650115072.0000
257.7578;104.0083;0.0000;778.0244;650115072.0000
256.5080;103.6333;0.0000;777.8998;650115072.0000
255.8831;102.2582;0.0000;774.8998;650115072.0000
254.6333;101.8831;0.0000;779.6494;650115136.0000
253.0083;100.8831;0.0000;777.2749;650115136.0000
251.7585;100.5080;0.0000;776.7747;650115136.0000
251.1335;99.1330;0.0000;780.3996;650115136.0000
249.8837;98.7579;4.5008;775.1501;650115136.0000
249.2587;98.3828;0.0000;779.1496;650115200.0000
248.0089;97.6328;4.5008;779.5247;650115200.0000
247.0089;96.6327;0.0000;778.4001;650115200.0000
245.7590;96.2576;0.0000;779.7745;650115200.0000
245.1341;95.8826;0.0000;778.6499;650115200.0000
243.8842;95.1324;0.0000;777.8998;650115200.0000
243.2593;94.7574;0.0000;781.0245;650115200.0000
242.0095;94.0072;0.0000;778.4001;650115200.0000
240.7596;93.6321;0.0000;777.2749;650115200.0000
239.7596;92.2571;0.0000;781.7746;650115200.0000
238.5097;91.8820;0.0000;777.1503;650115200.0000
237.8848;91.5069;0.0000;779.7745;650115264.0000
236.2599;90.7568;0.0000;781.5248;650115264.0000
235.6350;89.3817;0.0000;777.1503;650115328.0000
234.0100;89.0067;0.0000;780.1497;650115328.0000
233.3850;88.2565;0.0000;780.2749;650115328.0000
232.1352;87.8815;0.0000;778.6499;650115328.0000
231.1352;87.5064;0.0000;781.5248;650115328.0000
229.8854;86.7562;0.0000;779.5253;650115328.0000
228.8854;86.3812;0.0000;779.0250;650115328.0000
228.2604;85.6311;0.0000;781.8998;650115328.0000
227.6355;85.2560;0.0000;778.2755;650115328.0000
226.6355;84.5059;0.0000;780.2749;650115328.0000
226.0106;84.1308;0.0000;782.6500;650115328.0000
225.0106;83.7557;0.0000;777.9004;650115328.0000
224.0106;83.6305;0.0000;781.6499;650115328.0000
223.3857;83.2554;0.0000;782.6500;650115328.0000
222.3856;82.5052;0.0000;777.9004;650115328.0000
222.0106;82.7552;0.0000;782.2749;650115328.0000
221.3857;82.3801;0.0000;779.4006;650115328.0000
220.3857;81.6300;0.0000;779.1502;650115328.0000
219.3856;81.2549;0.0000;782.6500;650115392.0000
219.0106;81.5048;0.0000;777.9004;650115392.0000
218.3857;81.1297;4.5008;779.6500;650115392.0000
218.0106;81.3795;0.0000;782.4001;650115392.0000
217.3857;80.6294;0.0000;778.6505;650115392.0000
216.3856;80.2543;0.0000;781.0250;650115392.0000
215.7607;79.8793;0.0000;780.7751;650115392.0000
214.7607;80.1291;0.0000;777.6505;650115392.0000
213.7607;79.7540;0.0000;781.0250;650115392.0000
213.1358;79.3790;0.0000;779.4006;650115392.0000
212.1357;79.6288;0.0000;779.5253;650115392.0000
211.1358;79.2538;0.0000;782.6500;650115392.0000
210.7607;78.8787;0.0000;778.2755;650115456.0000
210.1358;79.1285;0.0000;778.2755;650115456.0000
209.1358;78.3784;0.0000;784.5253;650115456.0000
208.1358;79.0033;0.0000;778.4006;650115456.0000
207.7607;78.6283;0.0000;781.5253;650115520.0000
206.7607;78.2532;0.0000;781.9004;650115520.0000
206.1357;78.5031;0.0000;776.7757;650115584.0000
205.1358;78.5031;0.0000;781.1502;650115584.0000
204.1358;78.7529;0.0000;781.0255;650115584.0000
202.8859;78.3778;0.0000;777.0255;650115584.0000
201.8859;78.0028;0.0000;783.4001;650115584.0000
200.2610;77.6277;0.0000;777.5259;650115584.0000
199.2610;77.8776;0.0000;778.2755;650115584.0000
198.0111;77.5025;0.0000;784.0250;650115584.0000
196.3862;77.7524;0.0000;777.5259;650115584.0000
195.7612;77.3773;0.0000;777.4006;650115584.0000
194.1363;77.6271;0.0000;772.5264;650115584.0000
193.1363;77.6271;0.0000;777.5259;650115584.0000
192.5114;77.2521;0.0000;773.6511;650115584.0000
192.1363;77.5019;0.0000;774.4012;650115584.0000
191.5114;77.1269;0.0000;768.1507;650115584.0000
190.5114;77.7518;0.0000;775.9009;650115648.0000
189.5114;78.0017;0.0000;770.6516;650115648.0000
188.8864;78.0017;0.0000;771.4012;650115648.0000
187.8865;77.6266;0.0000;773.4012;650115648.0000
186.8865;77.8765;0.0000;770.6516;650115648.0000
186.2616;77.5014;0.0000;771.9003;650115648.0000
184.6366;77.7512;0.0000;776.1514;650115648.0000
184.0116;77.7512;0.0000;771.9014;650115648.0000
183.0117;78.0011;0.0000;774.1514;650115648.0000
181.7619;77.6260;4.5008;773.7762;650115648.0000
180.7618;78.2510;0.0000;770.7762;650115648.0000
179.1369;78.5008;0.0000;774.5258;650115648.0000
178.1369;78.5008;0.0000;767.6511;650115648.0000
177.5119;78.7507;0.0000;773.1514;650115648.0000
175.8870;79.0005;0.0000;774.1507;650115648.0000
174.8870;79.2504;4.5008;770.6516;650115648.0000
174.2621;79.8754;0.0000;771.4012;650115648.0000
173.2621;79.5002;0.0000;774.4012;650115648.0000
172.2621;79.7502;0.0000;770.9015;650115712.0000
171.2621;80.0000;0.0000;773.5258;650115712.0000
170.2621;80.6250;0.0000;773.4012;650115712.0000
168.6372;80.8748;4.5008;772.7763;650115776.0000
168.0123;81.1246;0.0000;773.1507;650115840.0000
167.0122;81.7496;4.5008;771.4012;650115840.0000
166.0123;81.9995;0.0000;770.7762;650115840.0000
165.0123;82.2493;0.0000;774.4006;650115840.0000
164.0123;82.8743;0.0000;772.0262;650115840.0000
163.0123;83.1241;0.0000;771.9009;650115840.0000
162.6372;83.1241;4.5008;774.7756;650115840.0000
161.6371;83.3740;0.0000;771.4012;650115840.0000
161.2621;83.6238;0.0000;774.6505;650115840.0000
160.2621;84.2488;4.5008;773.1507;650115840.0000
159.2621;84.4986;0.0000;771.9009;650115840.0000
158.8870;84.1235;0.0000;774.2754;650115840.0000
157.8870;84.7485;4.5008;773.1507;650115840.0000
156.8870;84.9983;4.5008;770.4006;650115840.0000
155.8870;84.9983;4.5008;774.2754;650115904.0000
155.5119;85.2482;0.0000;772.6511;650115904.0000
154.5119;84.8731;0.0000;773.4006;650115904.0000
154.1369;85.4981;0.0000;774.6505;650115904.0000
153.7618;85.1230;4.5008;772.5259;650115968.0000
153.3867;85.7479;0.0000;775.2755;650115968.0000
152.3868;85.3729;0.0000;775.2755;650115968.0000
152.0117;85.6227;0.0000;772.5259;650115968.0000
151.0117;86.2476;0.0000;775.2755;650115968.0000
150.6366;85.8726;0.0000;774.5258;650115968.0000
150.2616;86.1224;0.0000;773.4006;650115968.0000
149.2616;86.1224;0.0000;777.2754;650115968.0000
148.8864;86.7474;0.0000;774.5258;650115968.0000
148.5114;86.3723;0.0000;775.2755;650115968.0000
148.1363;86.9972;0.0000;776.9004;650115968.0000
146.7612;87.2471;0.0000;770.7762;650115968.0000
146.3862;86.8720;0.0000;775.2755;650115968.0000
145.7613;87.1219;0.0000;775.9003;650115968.0000
145.3862;87.1219;0.0000;774.1507;650115968.0000
145.0111;87.3717;0.0000;775.9003;650115968.0000
144.0111;87.3717;0.0000;777.6505;650115968.0000
143.2610;87.6216;0.0000;773.4006;650115968.0000
142.6361;87.8715;0.0000;777.1503;650116032.0000
142.2610;88.2465;0.0000;774.1507;650116032.0000
141.2610;88.4964;0.0000;774.1502;650116032.0000
140.2610;88.7462;0.0000;776.7751;650116032.0000
139.2610;88.7462;0.0000;773.4006;650116032.0000
138.2610;88.9961;0.0000;775.5253;650116032.0000
137.2610;89.6210;0.0000;779.4001;650116096.0000
136.8859;89.6210;0.0000;773.4006;650116096.0000
135.8859;89.8709;0.0000;776.4001;650116096.0000
134.8859;90.4958;0.0000;776.1501;650116096.0000
133.8859;90.1207;0.0000;773.0255;650116096.0000
132.8859;90.7457;0.0000;775.4001;650116096.0000
131.8859;90.9955;0.0000;772.9004;650116096.0000
130.8859;91.6205;0.0000;775.4001;650116096.0000
129.5109;91.6205;0.0000;777.8998;650116160.0000
128.5109;91.4952;0.0000;775.2755;650116160.0000
127.5109;92.1202;0.0000;775.6500;650116160.0000
126.5109;92.7451;0.0000;777.6499;650116160.0000
125.5109;93.3700;0.0000;774.7751;650116224.0000
124.8859;93.9950;0.0000;775.6500;650116224.0000
123.8859;94.6199;0.0000;776.8998;650116224.0000
122.8859;95.2448;0.0000;774.7751;650116224.0000
122.8859;95.2448;0.0000;775.6500;650116224.0000
121.8859;95.8698;0.0000;774.7751;650116224.0000
120.8859;96.1196;0.0000;773.4001;650116224.0000
120.5109;96.7446;4.5008;779.1496;650116224.0000
119.5109;97.3695;0.0000;774.7751;650116224.0000
118.5109;97.6193;0.0000;773.4001;650116224.0000
118.1357;97.6193;0.0000;779.1496;650116224.0000
117.1358;98.2443;0.0000;776.0250;650116224.0000
116.1357;98.8693;0.0000;776.7747;650116224.0000
115.7607;99.4941;0.0000;774.8998;650116224.0000
114.7607;100.1191;0.0000;773.8998;650116224.0000
113.7607;100.7440;0.0000;778.0244;650116224.0000
112.7607;101.3689;0.0000;775.6500;650116224.0000
112.3856;101.6188;0.0000;774.8998;650116224.0000
111.3856;102.2438;0.0000;779.6494;650116288.0000
111.0106;102.8687;0.0000;776.0250;650116288.0000
110.0106;103.4936;0.0000;776.1497;650116288.0000
109.6355;104.1185;0.0000;779.3995;650116288.0000
109.2604;104.7434;4.5008;773.0251;650116288.0000
108.2604;105.9933;0.0000;778.8992;650116288.0000
107.8854;106.6183;0.0000;778.6494;650116288.0000
107.5102;107.2432;0.0000;774.0250;650116288.0000
106.5103;107.8681;0.0000;778.8992;650116288.0000
106.1352;109.1180;0.0000;777.7746;650116288.0000
105.5103;109.7429;0.0000;775.0244;650116288.0000
105.1352;110.3679;0.0000;779.8993;650116288.0000
104.7602;110.9928;0.0000;774.8998;650116352.0000
103.7602;111.6176;4.5008;776.6494;650116416.0000
103.3851;112.8676;0.0000;779.1491;650116416.0000
102.3851;113.4924;0.0000;774.2749;650116416.0000
102.0100;114.7424;0.0000;778.1491;650116416.0000
101.6350;115.3673;0.0000;779.2744;650116416.0000
100.6350;116.6172;0.0000;774.5248;650116416.0000
100.6350;117.2421;0.0000;777.6494;650116480.0000
99.6350;118.4919;0.0000;777.6494;650116480.0000
99.2599;119.7418;0.0000;775.8992;650116480.0000
98.8848;120.9917;0.0000;780.0239;650116480.0000
97.8848;121.9917;0.0000;777.0244;650116480.0000
97.5097;123.2415;0.0000;777.1492;650116480.0000
97.1347;124.4914;0.0000;778.1491;650116480.0000
96.1347;125.7412;0.0000;774.8992;650116480.0000
95.7596;126.3662;0.0000;777.0239;650116480.0000
94.3845;127.6160;0.0000;778.7741;650116480.0000
93.7596;128.2409;0.0000;775.2743;650116480.0000
93.3845;129.4908;0.0000;777.3990;650116480.0000
92.3845;130.1157;0.0000;778.7741;650116544.0000
92.0095;131.3656;0.0000;776.2743;650116544.0000
91.0095;131.9905;0.0000;777.6489;650116544.0000
91.0095;133.2404;0.0000;775.6494;650116544.0000
90.0095;134.4903;4.5008;774.1490;650116544.0000
89.6344;135.1152;0.0000;777.6489;650116544.0000
89.6344;136.7401;0.0000;776.2743;650116544.0000
88.6344;137.9900;0.0000;776.3990;650116544.0000
88.2593;138.9900;0.0000;778.1491;650116544.0000
87.8843;140.2398;0.0000;775.1491;650116544.0000
87.5092;141.4897;4.5008;778.1484;650116544.0000
87.1341;142.7396;0.0000;778.0240;650116544.0000
86.7590;143.9895;0.0000;775.8992;650116544.0000
86.3840;144.6144;0.0000;780.0239;650116544.0000
86.0089;145.8642;0.0000;776.8992;650116544.0000
85.6338;146.4891;0.0000;777.6489;650116544.0000
85.2588;147.7390;0.0000;781.8987;650116544.0000
85.2588;148.3640;0.0000;777.1492;650116544.0000
84.8837;148.9889;0.0000;776.6489;650116608.0000
84.8837;150.2388;0.0000;779.8987;650116608.0000
84.5086;151.2388;0.0000;775.1491;650116608.0000
84.1335;151.8636;0.0000;778.8986;650116608.0000
84.1335;152.4886;7.4992;778.2736;650116608.0000
83.7585;153.7384;7.4992;773.7740;650116672.0000
83.3834;154.3633;0.0000;778.5237;650116736.0000
83.0083;155.6133;7.4992;775.5242;650116736.0000
82.6333;156.2382;0.0000;768.1496;650116736.0000
82.2583;156.8631;0.0000;771.2743;650116736.0000
82.2583;157.4881;0.0000;769.5247;650116736.0000
81.8831;158.1130;4.5008;768.0245;650116736.0000
81.5080;158.7379;0.0000;771.2743;650116736.0000
81.1330;159.7379;0.0000;767.8998;650116736.0000
80.7579;160.3629;0.0000;769.8992;650116736.0000
80.3828;160.9877;0.0000;768.8992;650116736.0000
80.0078;161.6127;0.0000;767.0244;650116736.0000
79.6328;162.2377;0.0000;769.2744;650116736.0000
79.6328;162.8626;0.0000;770.0244;650116800.0000
79.2576;162.8626;0.0000;767.2742;650116800.0000
78.8826;163.4874;4.5008;770.0239;650116800.0000
79.1324;164.4874;0.0000;766.0244;650116800.0000
78.7574;165.4875;0.0000;765.1491;650116800.0000
78.3823;166.1124;4.5008;769.2739;650116800.0000
78.0072;166.7374;0.0000;764.2742;650116864.0000
77.6321;167.3622;0.0000;765.5237;650116864.0000
77.2571;168.3622;0.0000;767.8987;650116864.0000
76.8820;168.7374;0.0000;764.3990;650116864.0000
76.8820;169.7374;0.0000;765.7734;650116864.0000
77.1319;170.3622;0.0000;766.2739;650116864.0000
76.7568;171.3622;0.0000;763.2739;650116864.0000
76.3817;171.3622;0.0000;768.1486;650116864.0000
76.0067;171.6121;4.5008;763.6489;650116864.0000
75.6316;172.2371;0.0000;764.1487;650116864.0000
75.2566;172.2371;4.5008;761.0239;650116864.0000
75.5064;172.8620;4.5008;762.7734;650116864.0000
75.1313;173.4869;0.0000;763.8981;650116864.0000
74.7562;173.8620;0.0000;766.0228;650116864.0000
74.3812;174.8620;0.0000;761.0234;650116864.0000
74.0061;175.8620;0.0000;762.8982;650116864.0000
73.6311;175.8620;4.5008;763.2732;650116864.0000
74.2560;176.4870;0.0000;761.7729;650116864.0000
73.8809;177.1119;0.0000;765.8976;650116864.0000
73.5059;177.4870;4.5008;762.2732;650116928.0000
73.5059;178.4870;0.0000;759.6472;650116928.0000
73.7557;179.1119;0.0000;765.0223;650116928.0000
73.3807;179.1119;4.5008;760.6477;650116928.0000
73.0056;180.1119;0.0000;760.6477;650116928.0000
72.6305;181.1119;0.0000;764.3973;650116992.0000
72.2554;182.1119;0.0000;758.7729;650116992.0000
71.8804;182.4870;0.0000;761.7725;650116992.0000
71.5052;183.1119;0.0000;761.7725;650116992.0000
71.5052;183.7368;4.5008;758.5226;650116992.0000
71.1302;184.3617;0.0000;762.8970;650117056.0000
70.3801;184.7368;4.5008;759.8976;650117056.0000
70.0050;185.7368;0.0000;758.3974;650117056.0000
69.6300;186.7368;0.0000;763.2721;650117056.0000
69.2549;186.7368;0.0000;758.7725;650117056.0000
68.8798;187.3617;0.0000;756.3973;650117056.0000
68.8798;188.3617;0.0000;762.1470;650117056.0000
68.5048;189.3617;0.0000;758.3974;650117056.0000
68.1297;189.9866;0.0000;759.6466;650117120.0000
67.7545;190.6116;0.0000;758.3968;650117120.0000
67.3795;191.6116;0.0000;758.3974;650117120.0000
67.0045;192.6116;0.0000;759.1464;650117120.0000
66.2543;193.6116;0.0000;759.5220;650117120.0000
66.5042;194.2365;0.0000;757.3967;650117120.0000
66.1291;195.2365;0.0000;760.5214;650117120.0000
65.7540;196.2365;0.0000;757.7719;650117120.0000
65.0039;197.2365;0.0000;756.8965;650117120.0000
64.6288;197.8614;0.0000;759.7713;650117120.0000
64.8787;198.8614;0.0000;755.7719;650117120.0000
64.5036;199.8614;0.0000;758.7711;650117120.0000
64.1285;200.8614;0.0000;759.7713;650117120.0000
63.7535;201.4864;0.0000;755.0217;650117120.0000
63.7535;202.4864;0.0000;756.1464;650117120.0000
63.6283;203.4864;0.0000;756.1464;650117120.0000
63.6283;204.1113;0.0000;754.5214;650117120.0000
63.2532;205.1113;0.0000;758.5208;650117120.0000
62.8781;206.1113;0.0000;755.6466;650117184.0000
62.5031;207.1113;0.0000;755.1464;650117184.0000
62.7529;207.7362;0.0000;759.8959;650117184.0000
62.7529;208.7362;0.0000;753.8966;650117184.0000
62.3778;209.3612;0.0000;755.3962;650117184.0000
63.0028;210.3612;0.0000;758.7711;650117184.0000
63.0028;210.9861;0.0000;755.0217;650117184.0000
62.6277;211.9861;0.0000;757.6461;650117248.0000
63.2526;212.6110;0.0000;756.1464;650117248.0000
63.2526;213.2360;0.0000;754.7712;650117248.0000
62.8776;214.2360;0.0000;752.3968;650117312.0000
62.5025;214.8609;0.0000;754.1464;650117376.0000
62.5025;215.2360;0.0000;756.8959;650117376.0000
62.7524;216.2360;0.0000;759.7708;650117376.0000
62.3773;217.2360;0.0000;754.8965;650117376.0000
62.6272;218.2360;0.0000;756.5209;650117376.0000
62.8770;218.6110;0.0000;760.7707;650117376.0000
62.5019;219.2360;0.0000;752.2709;650117376.0000
63.1269;220.2360;0.0000;756.1458;650117440.0000
62.7518;220.2360;0.0000;756.5209;650117440.0000
63.0017;221.2360;0.0000;753.5209;650117440.0000
63.0017;221.8609;0.0000;757.1453;650117440.0000
62.6266;222.2360;0.0000;753.8959;650117440.0000
62.8765;222.8610;0.0000;754.6455;650117440.0000
62.8765;223.8609;0.0000;757.7701;650117440.0000
62.5014;224.2360;0.0000;752.7708;650117440.0000
62.7512;225.2360;0.0000;754.8954;650117440.0000
62.7512;225.8609;0.0000;755.5204;650117440.0000
63.0011;226.8609;0.0000;750.7707;650117440.0000
63.2510;227.8609;4.5008;754.8954;650117440.0000
62.8759;228.2360;0.0000;754.5204;650117440.0000
63.1257;229.2360;0.0000;751.3956;650117440.0000
62.7507;229.8609;4.5008;755.0200;650117440.0000
63.3757;230.8609;0.0000;751.2704;650117440.0000
63.6255;231.8609;0.0000;752.7701;650117440.0000
63.2504;232.4858;0.0000;753.7701;650117440.0000
63.8754;233.4858;0.0000;752.0206;650117504.0000
63.5002;234.4858;0.0000;752.0200;650117504.0000
63.7502;234.8609;4.5008;754.8948;650117504.0000
63.7502;235.4858;0.0000;752.5203;650117504.0000
64.0000;236.4858;0.0000;752.0200;650117504.0000
64.2498;237.4858;0.0000;751.0200;650117504.0000
64.2498;238.4858;0.0000;748.8954;650117504.0000
64.4998;239.4858;4.5008;752.2699;650117504.0000
64.1247;240.1107;0.0000;750.1453;650117504.0000
64.7496;241.1107;0.0000;749.0201;650117504.0000
64.3745;242.1107;0.0000;752.0195;650117568.0000
64.9995;243.1107;0.0000;748.5203;650117568.0000
64.6243;243.4858;0.0000;750.2698;650117568.0000
65.2493;244.1107;0.0000;752.5197;650117568.0000
65.4992;245.1107;0.0000;748.3951;650117568.0000
66.1241;246.1107;0.0000;750.7697;650117568.0000
65.7490;247.1107;0.0000;751.6449;650117568.0000
65.9989;247.7357;0.0000;748.3951;650117568.0000
66.6238;248.4858;0.0000;749.8948;650117696.0000
66.2488;249.4858;0.0000;748.5203;650117696.0000
66.8736;250.4858;0.0000;747.6449;650117696.0000
67.1235;251.4858;0.0000;752.1447;650117696.0000
67.7485;252.4858;0.0000;745.7701;650117696.0000
67.9983;252.8610;0.0000;748.2699;650117696.0000
68.6233;253.8609;0.0000;749.6444;650117696.0000
68.2482;254.8609;0.0000;745.2699;650117696.0000
68.8731;256.2360;0.0000;750.0195;650117696.0000
69.1230;257.2360;0.0000;751.3945;650117760.0000
69.7479;257.6110;0.0000;745.2699;650117760.0000
69.3729;258.6110;0.0000;748.7696;650117760.0000
69.6227;259.9861;0.0000;749.1447;650117760.0000
70.2476;260.9861;0.0000;745.6449;650117760.0000
70.8726;261.9861;0.0000;747.1447;650117760.0000
71.1224;262.9861;0.0000;744.7701;650117760.0000
71.1224;264.3611;0.0000;745.2699;650117760.0000
71.7474;264.7362;0.0000;747.8943;650117760.0000
71.9972;265.7362;0.0000;744.1453;650117760.0000
72.6222;266.7362;0.0000;745.2699;650117760.0000
73.2471;267.7362;0.0000;746.2699;650117760.0000
73.8720;268.7362;4.5008;742.7701;650117760.0000
74.7468;270.1113;0.0000;745.2699;650117760.0000
75.3717;271.1113;0.0000;745.2699;650117760.0000
75.6216;272.1113;0.0000;743.3951;650117760.0000
76.2465;272.4864;0.0000;745.3945;650117760.0000
76.2465;273.4864;0.0000;741.5204;650117760.0000
76.8715;274.4864;0.0000;742.6449;650117824.0000
77.1213;275.4864;0.0000;747.1447;650117824.0000
77.7462;276.4864;0.0000;743.3951;650117824.0000
77.9961;276.8614;4.5008;745.0195;650117824.0000
77.9961;278.2365;0.0000;745.8947;650117824.0000
78.6210;279.2365;0.0000;742.7701;650117824.0000
78.8709;280.2365;4.5008;744.1447;650117824.0000
79.4958;281.2365;0.0000;745.2699;650117824.0000
80.1207;282.2365;4.5008;741.5204;650117824.0000
80.3706;282.6115;0.0000;744.1447;650117824.0000
80.3706;283.6116;0.0000;745.6449;650117888.0000
80.6205;284.6116;0.0000;741.8948;650117888.0000
81.2455;285.3617;0.0000;746.0195;650117888.0000
81.2455;286.3617;0.0000;742.6449;650117888.0000
81.4952;286.9867;0.0000;743.1447;650117888.0000
82.1202;287.3617;0.0000;746.0195;650117952.0000
82.7451;288.3617;0.0000;741.6450;650117952.0000
83.3700;289.3617;0.0000;743.0195;650117952.0000
83.6200;289.7368;0.0000;743.7696;650118016.0000
83.6200;290.7368;0.0000;743.2698;650118016.0000
84.2448;291.1119;0.0000;745.3945;650118016.0000
84.8698;292.1119;0.0000;741.3951;650118016.0000
85.1196;292.4869;0.0000;741.8948;650118016.0000
85.7446;293.4869;0.0000;745.8947;650118016.0000
85.7446;293.8620;0.0000;743.3951;650118016.0000
86.3695;294.2371;0.0000;741.5197;650118016.0000
86.6193;295.2371;0.0000;745.2699;650118016.0000
87.2443;295.6121;4.5008;741.5204;650118016.0000
87.8692;296.2371;0.0000;742.6444;650118016.0000
88.4941;296.6121;0.0000;742.5197;650118016.0000
88.7440;297.6121;0.0000;740.3951;650118016.0000
89.3689;297.9872;0.0000;743.0195;650118016.0000
89.9939;298.3622;0.0000;741.5197;650118016.0000
90.2438;299.3622;0.0000;739.6449;650118016.0000
90.2438;299.7374;0.0000;743.0195;650118016.0000
90.8687;300.4875;0.0000;739.6449;650118016.0000
91.4936;300.8625;0.0000;740.7696;650118080.0000
92.1185;301.8625;0.0000;743.7696;650118080.0000
91.7434;302.2376;4.5008;739.3951;650118080.0000
92.3684;302.9877;0.0000;739.1447;650118080.0000
92.9933;303.9877;4.5008;741.3945;650118080.0000
93.6183;304.3629;0.0000;740.0200;650118080.0000
94.2432;305.1129;0.0000;738.5197;650118080.0000
94.8681;306.1129;0.0000;741.8948;650118080.0000
94.8681;306.4880;0.0000;739.5197;650118080.0000
95.4931;307.8631;4.5008;741.1447;650118080.0000
95.7429;308.2382;0.0000;739.2699;650118144.0000
96.3679;309.2382;4.5008;739.5197;650118144.0000
96.9928;309.9883;0.0000;742.6444;650118144.0000
97.6176;310.3634;0.0000;738.5204;650118144.0000
98.2426;310.7385;0.0000;739.5197;650118144.0000
98.8676;312.1136;0.0000;739.8947;650118144.0000
99.4924;312.4886;4.5008;734.6456;650118144.0000
99.4924;312.8636;0.0000;738.8948;650118144.0000
100.1174;313.2387;4.5008;738.6449;650118208.0000
100.7424;314.2388;0.0000;737.6449;650118208.0000
101.3673;314.6138;0.0000;738.8948;650118208.0000
101.9922;314.9888;4.5008;737.3951;650118208.0000
102.6172;315.3640;0.0000;736.3951;650118272.0000
103.2421;316.3640;0.0000;739.8947;650118272.0000
103.8670;316.7390;0.0000;735.6454;650118272.0000
103.8670;317.1141;0.0000;735.0200;650118272.0000
104.4919;317.4891;0.0000;740.7701;650118272.0000
105.1169;318.4891;0.0000;736.5204;650118272.0000
105.7418;318.8642;0.0000;738.0200;650118336.0000
105.7418;319.2393;0.0000;738.1452;650118336.0000
105.9917;319.6144;7.4992;735.7701;650118336.0000
106.6166;319.9894;0.0000;740.3951;650118336.0000
107.2415;320.3645;0.0000;736.8954;650118336.0000
107.8664;321.3645;0.0000;736.5204;650118336.0000
107.8664;321.7396;0.0000;740.7701;650118336.0000
109.1163;322.1147;0.0000;739.0206;650118336.0000
109.7412;322.1147;0.0000;738.5204;650118336.0000
110.3662;323.1147;0.0000;740.8954;650118336.0000
110.9911;323.4897;0.0000;736.6461;650118336.0000
112.2409;323.8648;0.0000;739.1453;650118336.0000
112.8659;324.8648;0.0000;739.6456;650118336.0000
113.4908;325.2398;0.0000;738.3956;650118336.0000
114.7407;325.6149;0.0000;740.8954;650118336.0000
115.3656;326.6149;0.0000;739.1458;650118336.0000
115.9905;326.9900;0.0000;737.8959;650118336.0000
117.2404;326.9900;0.0000;740.3956;650118336.0000
117.8653;327.3651;0.0000;737.0212;650118400.0000
119.4903;328.3650;0.0000;737.2710;650118400.0000
120.1152;329.1152;0.0000;733.2716;650118400.0000
121.3650;330.1152;0.0000;736.2716;650118400.0000
122.6149;330.4903;0.0000;737.1458;650118400.0000
123.8648;331.4903;0.0000;738.7713;650118400.0000
124.4897;331.8653;0.0000;733.6467;650118400.0000
126.1146;332.2404;0.0000;737.3961;650118464.0000
127.3645;333.2404;0.0000;737.0217;650118464.0000
128.6144;333.6155;0.0000;735.1464;650118464.0000
129.8642;333.9905;7.4992;739.0212;650118464.0000
131.4891;334.3657;0.0000;735.1469;650118464.0000
132.7390;334.7407;0.0000;735.2716;650118464.0000
133.3639;335.1157;0.0000;738.8965;650118464.0000
134.9889;335.8659;0.0000;735.8970;650118464.0000
136.2388;336.2409;0.0000;736.6467;650118464.0000
137.8637;336.6160;0.0000;736.5220;650118464.0000
139.1136;336.9911;0.0000;736.2722;650118464.0000
140.3634;337.3662;0.0000;737.0217;650118528.0000
141.9883;337.7412;0.0000;737.6472;650118592.0000
143.2381;338.1163;7.4992;735.5220;650118592.0000
144.4881;338.4914;4.5008;738.7719;650118592.0000
146.1130;338.8664;0.0000;737.5226;650118592.0000
147.3629;339.2415;0.0000;737.3973;650118592.0000
148.6127;339.6165;0.0000;737.7723;650118592.0000
150.2377;339.3667;0.0000;735.8976;650118656.0000
151.4874;339.7418;0.0000;736.7723;650118656.0000
152.7374;339.4919;7.4992;738.0222;650118656.0000
154.3622;339.8670;0.0000;732.8976;650118656.0000
155.6121;339.9922;0.0000;737.3973;650118656.0000
156.8620;340.3672;7.4992;736.1475;650118656.0000
158.4869;340.7424;0.0000;734.2726;650118656.0000
159.7368;340.4925;0.0000;737.0222;650118656.0000
161.3617;340.8676;0.0000;736.2727;650118656.0000
162.6116;341.2426;0.0000;735.1475;650118656.0000
164.2365;340.9927;0.0000;739.1475;650118656.0000
165.4864;341.3679;0.0000;736.7729;650118656.0000
166.7362;341.7429;0.0000;737.8977;650118656.0000
167.7362;341.4931;0.0000;738.8976;650118656.0000
168.9861;342.2432;0.0000;735.0228;650118656.0000
170.2360;341.9933;0.0000;737.7723;650118656.0000
171.2360;342.3683;7.4992;738.8976;650118656.0000
172.4858;342.1186;0.0000;736.8976;650118656.0000
174.1107;342.4936;0.0000;738.0222;650118720.0000
174.7357;342.2438;0.0000;735.1480;650118720.0000
176.3606;342.6188;0.0000;735.3979;650118720.0000
177.6105;342.7440;0.0000;738.1475;650118720.0000
178.6105;343.1191;0.0000;736.3978;650118720.0000
180.2354;342.8692;0.0000;735.5226;650118720.0000
181.4853;343.6193;0.0000;739.1475;650118720.0000
182.4853;343.9945;0.0000;736.3978;650118720.0000
183.4853;343.7446;0.0000;737.2726;650118720.0000
184.7351;344.4948;0.0000;738.2727;650118720.0000
185.7351;344.8698;0.0000;735.3979;650118720.0000
186.3601;344.9950;0.0000;737.7723;650118720.0000
187.3601;345.3700;0.0000;736.6478;650118720.0000
188.3601;345.7452;0.0000;733.8976;650118720.0000
188.9850;346.4952;0.0000;739.1475;650118720.0000
190.6099;346.2454;0.0000;735.1480;650118720.0000
191.6099;346.6205;0.0000;736.2727;650118720.0000
192.6099;347.3707;0.0000;737.7723;650118720.0000
193.6100;347.7457;0.0000;734.7729;650118848.0000
194.6099;347.4958;0.0000;737.0222;650118848.0000
195.2348;348.2460;7.4992;737.8977;650118848.0000
196.2348;348.6210;4.5008;735.3979;650118848.0000
197.2348;348.9962;0.0000;736.1475;650118848.0000
198.2348;349.1213;0.0000;735.5226;650118848.0000
199.8598;349.4964;0.0000;734.2726;650118848.0000
200.8598;349.8714;0.0000;737.0222;650118848.0000
201.4847;350.2465;0.0000;734.3979;650118848.0000
202.4847;350.9966;0.0000;736.7723;650118848.0000
203.4847;351.3717;0.0000;737.7723;650118848.0000
205.1096;351.7468;0.0000;734.7729;650118848.0000
206.1096;352.4969;0.0000;736.8976;650118912.0000
207.1096;352.2471;0.0000;738.2727;650118912.0000
208.1096;352.6222;0.0000;734.3979;650118912.0000
209.1096;352.9972;0.0000;737.3973;650118912.0000
210.1096;352.7474;0.0000;736.6478;650118912.0000
211.1096;353.4975;0.0000;734.0228;650118912.0000
212.1096;353.8726;7.4992;737.8977;650118912.0000
212.4847;354.2476;0.0000;734.3979;650118912.0000
213.4847;353.9978;0.0000;734.8976;650118912.0000
214.4847;354.3728;0.0000;736.7723;650118912.0000
215.4847;354.1230;0.0000;735.1480;650118912.0000
216.4847;354.4980;0.0000;733.2727;650118912.0000
217.1096;354.8731;0.0000;737.2726;650118912.0000
218.1096;354.6233;0.0000;732.7729;650118912.0000
219.1096;354.9983;0.0000;735.5226;650118912.0000
220.1096;354.7485;0.0000;736.2727;650118912.0000
220.7346;354.7485;0.0000;733.6478;650118912.0000
221.7346;354.4986;0.0000;736.7723;650118912.0000
222.7346;354.8737;0.0000;733.7729;650118912.0000
223.3595;355.2488;0.0000;732.5226;650118976.0000
224.3595;354.6238;0.0000;738.0222;650118976.0000
224.9844;354.9988;0.0000;734.3979;650118976.0000
226.6093;354.7491;0.0000;736.1475;650118976.0000
227.6094;355.1241;0.0000;737.5226;650119040.0000
228.2343;354.8742;0.0000;734.3979;650119040.0000
229.2343;355.2493;0.0000;736.3973;650119040.0000
230.2343;354.9994;0.0000;736.7723;650119040.0000
231.2343;355.3745;0.0000;734.2726;650119040.0000
232.2343;354.7496;0.0000;735.1475;650119040.0000
233.2343;355.4997;0.0000;733.3979;650119040.0000
234.8593;354.8748;0.0000;734.3974;650119104.0000
235.8593;354.6249;0.0000;736.7723;650119104.0000
236.8592;354.6249;0.0000;733.6478;650119104.0000
238.4841;354.3750;0.0000;735.1475;650119104.0000
239.8593;354.1252;0.0000;736.1475;650119104.0000
240.8593;353.8753;0.0000;733.6478;650119104.0000
242.4841;353.6255;0.0000;735.7725;650119104.0000
243.4842;353.6255;0.0000;735.5226;650119168.0000
245.1091;353.3757;0.0000;732.5226;650119168.0000
246.4841;353.1257;0.0000;736.7723;650119168.0000
248.1091;352.5009;0.0000;735.6477;650119168.0000
250.1091;352.2509;0.0000;734.2726;650119232.0000
251.4841;352.0011;0.0000;736.6472;650119232.0000
252.4841;351.3761;0.0000;734.3979;650119232.0000
254.4841;350.5014;0.0000;733.5225;650119232.0000
256.4842;349.8765;0.0000;737.3973;650119232.0000
257.4841;349.6266;0.0000;732.7729;650119232.0000
259.4841;349.3767;0.0000;735.3974;650119232.0000
260.4841;349.1269;0.0000;736.5226;650119232.0000
262.4841;348.8770;0.0000;733.6478;650119232.0000
263.4841;347.6271;0.0000;735.5226;650119232.0000
264.8593;347.3773;0.0000;735.6477;650119232.0000
266.4841;347.1274;0.0000;733.6478;650119232.0000
267.8593;346.2526;0.0000;737.3973;650119232.0000
268.8593;346.0028;0.0000;734.1480;650119232.0000
270.8593;344.7530;0.0000;734.8976;650119232.0000
271.8593;344.5031;0.0000;736.3973;650119232.0000
273.2343;344.2532;0.0000;733.1479;650119232.0000
274.6093;343.0034;0.0000;735.5226;650119232.0000
276.6093;342.7535;0.0000;736.6478;650119296.0000
277.6093;341.5036;0.0000;733.1479;650119296.0000
278.9844;341.2538;0.0000;735.5226;650119296.0000
280.3595;340.0039;0.0000;737.3979;650119296.0000
281.7346;339.1291;7.4992;734.6477;650119296.0000
283.7346;338.8792;0.0000;736.2727;650119296.0000
284.7346;337.6294;0.0000;734.8982;650119296.0000
286.1096;337.3795;0.0000;734.7729;650119296.0000
288.1096;336.1297;0.0000;737.8977;650119296.0000
289.4847;335.2549;0.0000;732.7729;650119296.0000
290.8598;334.6300;0.0000;735.6477;650119296.0000
292.2348;333.7552;0.0000;737.8977;650119296.0000
293.6099;332.5052;0.0000;732.8981;650119296.0000
294.9850;331.6304;0.0000;736.2727;650119296.0000
295.9850;330.3807;0.0000;735.5231;650119424.0000
296.7351;329.7557;0.0000;734.7729;650119424.0000
298.1102;328.5059;0.0000;736.6478;650119424.0000
299.7351;327.6310;0.0000;735.2732;650119424.0000
301.1102;327.0061;0.0000;735.1480;650119488.0000
302.1102;326.1313;0.0000;737.8977;650119488.0000
303.4853;325.5064;0.0000;736.5231;650119488.0000
304.4853;324.6317;0.0000;735.3979;650119488.0000
305.8603;323.3817;0.0000;737.3979;650119488.0000
307.2354;322.7569;0.0000;734.6483;650119488.0000
308.2354;321.5069;0.0000;736.1479;650119488.0000
309.6105;320.2571;0.0000;738.1480;650119488.0000
310.9855;319.3823;0.0000;736.0234;650119488.0000
311.3607;318.7574;0.0000;738.3979;650119488.0000
312.7357;317.5075;0.0000;736.2732;650119488.0000
314.1107;316.6327;0.0000;735.8981;650119488.0000
315.1107;315.3828;0.0000;739.0227;650119488.0000
316.4858;314.7579;0.0000;736.6483;650119488.0000
317.4858;313.5080;0.0000;735.3979;650119552.0000
318.8609;313.2582;7.4992;739.7729;650119552.0000
319.8610;312.0083;0.0000;736.3984;650119552.0000
320.2360;310.7585;0.0000;737.3979;650119552.0000
321.6110;310.1335;0.0000;738.5233;650119552.0000
322.6110;309.2587;0.0000;736.0234;650119552.0000
323.3612;308.0089;0.0000;735.7729;650119552.0000
324.3612;307.3839;0.0000;737.5231;650119552.0000
325.3612;306.1341;0.0000;737.2732;650119552.0000
326.1113;304.8843;0.0000;740.7729;650119552.0000
327.1113;303.6343;0.0000;737.7734;650119552.0000
327.8614;303.0094;0.0000;738.8982;650119552.0000
328.8614;301.7596;0.0000;741.1480;650119552.0000
329.6115;300.5097;0.0000;737.7734;650119552.0000
330.6115;299.8847;0.0000;740.3979;650119552.0000
330.9866;298.6349;0.0000;741.8981;650119552.0000
332.3617;297.3851;0.0000;739.6483;650119552.0000
332.7368;296.7602;0.0000;742.0228;650119552.0000
333.4869;295.5103;0.0000;743.1479;650119616.0000
333.8620;294.2604;0.0000;742.6477;650119616.0000
334.6121;293.0106;0.0000;744.8977;650119616.0000
334.7374;291.7607;0.0000;742.7729;650119680.0000
335.1124;290.5109;7.4992;743.0228;650119680.0000
335.2376;289.2610;0.0000;748.1475;650119680.0000
335.9878;288.0111;7.4992;742.8981;650119744.0000
336.3629;287.3861;0.0000;745.2727;650119744.0000
336.4880;286.1363;7.4992;748.8976;650119744.0000
337.2382;285.5114;7.4992;742.5231;650119744.0000
337.9883;283.8865;7.4992;745.6477;650119744.0000
337.7385;283.2616;0.0000;746.0227;650119744.0000
338.4886;282.6366;7.4992;743.5231;650119744.0000
339.2388;281.3867;0.0000;748.1475;650119744.0000
339.6138;280.3867;0.0000;743.8981;650119744.0000
340.3640;279.7618;0.0000;744.5231;650119744.0000
340.4891;278.1369;0.0000;741.1487;650119744.0000
341.2393;277.5120;0.0000;750.0227;650119744.0000
341.9894;276.8870;0.0000;750.7725;650119744.0000
342.7396;275.8870;0.0000;754.6472;650119808.0000
342.4897;275.2621;0.0000;750.6478;650119808.0000
343.2398;273.6372;0.0000;753.0222;650119808.0000
343.9900;273.6372;0.0000;754.5225;650119808.0000
344.7401;272.6371;0.0000;752.0227;650119808.0000
345.1152;272.0122;0.0000;755.0222;650119808.0000
346.2404;271.0122;0.0000;754.2726;650119808.0000
346.9905;270.6372;0.0000;754.6478;650119808.0000
347.3657;270.0122;0.0000;756.3973;650119808.0000
348.1157;269.0122;0.0000;754.6478;650119808.0000
348.8659;268.6371;0.0000;754.5225;650119808.0000
349.2409;268.0122;0.0000;758.1475;650119808.0000
349.9911;267.6372;0.0000;755.3979;650119808.0000
350.7412;267.2621;0.0000;756.1475;650119808.0000
351.1163;266.8870;0.0000;754.7729;650119808.0000
351.8664;266.5120;0.0000;743.7741;650119808.0000
352.2415;266.1369;4.5008;722.1514;650119808.0000
352.3667;265.7618;0.0000;691.1554;650119808.0000
353.1169;265.3867;4.5008;624.7874;650119872.0000
353.4919;264.3867;0.0000;361.9416;650119872.0000
106.1447;138.4006;0.0000;361.9421;649949440.0000
106.5197;138.0256;0.0000;361.1919;649949440.0000
107.2699;137.6505;0.0000;361.9421;649949440.0000
108.0200;136.9004;0.0000;361.9421;649949440.0000
108.3951;136.5253;0.0000;361.1919;649949440.0000
109.1452;136.1502;0.0000;361.9421;649949440.0000
109.8954;135.7751;0.0000;362.3172;649949440.0000
110.2704;135.4001;0.0000;361.9421;649949440.0000
111.0206;135.0250;0.0000;362.6922;649949440.0000
111.3956;134.6499;0.0000;361.9421;649949440.0000
112.1458;134.2749;0.0000;363.0673;649949440.0000
112.8959;133.8998;0.0000;363.8174;649949440.0000
113.6461;133.1497;0.0000;362.3172;649949440.0000
114.3962;132.7746;0.0000;363.0673;649949440.0000
114.7713;132.3995;0.0000;364.1925;649949440.0000
115.5214;131.6494;0.0000;362.3172;649949440.0000
116.2716;131.2744;0.0000;364.1925;649949440.0000
116.6466;130.8992;0.0000;364.1925;649949440.0000
117.3968;130.5242;0.0000;363.0673;649949440.0000
117.7718;129.7740;0.0000;364.1925;649949440.0000
118.5220;129.7740;0.0000;363.0673;649949440.0000
118.8971;129.0239;0.0000;362.6922;649949440.0000
119.6472;129.0239;0.0000;364.9426;649949440.0000
120.0223;128.6488;0.0000;363.4424;649949440.0000
120.7724;128.2738;0.0000;364.1925;649949440.0000
121.1475;127.8987;0.0000;364.1925;649949440.0000
121.8976;127.1486;0.0000;363.4424;649949440.0000
122.6478;126.7735;0.0000;364.1925;649949440.0000
123.3979;126.3985;0.0000;364.1925;649949440.0000
123.7730;125.6483;0.0000;364.1925;649949440.0000
124.5230;124.8982;0.0000;365.3177;649949440.0000
125.2732;124.5230;0.0000;364.5676;649949440.0000
125.6483;123.7730;0.0000;364.9426;649949440.0000
126.0234;123.3979;0.0000;366.4429;649949440.0000
126.7735;123.0228;0.0000;364.1925;649949504.0000
127.1486;122.6478;0.0000;365.3177;649949504.0000
127.5237;121.8976;0.0000;364.9426;649949504.0000
128.2738;121.5225;4.5008;364.9426;649949504.0000
128.6488;121.1475;0.0000;365.6928;649949504.0000
129.0239;120.7724;4.5008;365.6928;649949504.0000
129.3990;120.0223;0.0000;364.9426;649949504.0000
130.1491;119.6472;0.0000;365.6928;649949504.0000
130.5242;118.8971;0.0000;365.3177;649949504.0000
130.8992;118.5220;0.0000;365.3177;649949504.0000
131.2744;118.1469;0.0000;366.4429;649949504.0000
132.0245;117.3968;0.0000;364.5676;649949504.0000
132.3995;117.0217;0.0000;365.6928;649949504.0000
132.7746;116.2716;0.0000;366.4429;649949504.0000
133.1497;115.5214;0.0000;364.9426;649949504.0000
133.5247;114.7713;0.0000;366.4429;649949504.0000
134.2749;114.0211;0.0000;366.0679;649949504.0000
134.6499;113.2710;0.0000;364.9426;649949504.0000
135.4001;112.5208;0.0000;366.4429;649949568.0000
135.7751;111.7707;0.0000;366.0679;649949568.0000
136.5253;111.0206;0.0000;365.6928;649949568.0000
136.9004;110.6455;0.0000;366.8180;649949568.0000
137.2754;109.8954;0.0000;366.0679;649949568.0000
137.6505;109.5203;0.0000;366.4429;649949568.0000
138.0256;109.1452;0.0000;366.8180;649949568.0000
138.7757;108.3951;0.0000;365.6928;649949568.0000
138.7757;108.0200;0.0000;366.4429;649949568.0000
139.1508;107.6449;0.0000;366.8180;649949568.0000
139.5258;106.8948;0.0000;366.4429;649949568.0000
139.9009;106.5197;0.0000;367.5681;649949568.0000
140.2760;105.7696;0.0000;367.1931;649949568.0000
140.6511;105.0195;0.0000;366.8180;649949568.0000
141.0261;104.6444;4.5008;367.5681;649949568.0000
141.0261;103.8942;0.0000;367.5681;649949568.0000
141.4012;103.1441;4.5008;367.5681;649949568.0000
141.7763;102.7690;0.0000;368.3183;649949568.0000
142.1514;102.0189;0.0000;367.5681;649949632.0000
142.1514;101.2688;0.0000;368.3183;649949632.0000
142.9015;100.8937;0.0000;368.3183;649949632.0000
142.9015;100.1436;0.0000;364.9426;649949632.0000
143.2766;99.3935;0.0000;368.6933;649949632.0000
143.6516;98.6433;0.0000;369.0684;649949632.0000
144.0267;98.2682;0.0000;368.6933;649949632.0000
144.0267;97.5181;0.0000;369.4435;649949632.0000
144.4018;96.7680;0.0000;368.6933;649949632.0000
144.7769;96.0178;0.0000;369.0684;649949632.0000
145.1519;95.6428;0.0000;369.8185;649949632.0000
145.1519;94.8926;0.0000;368.6933;649949632.0000
145.5270;94.5175;0.0000;368.3183;649949632.0000
145.9021;94.1425;0.0000;369.4435;649949632.0000
146.2771;93.3923;0.0000;368.6933;649949632.0000
146.2771;93.0173;0.0000;368.3183;649949632.0000
146.6522;92.6421;0.0000;369.0684;649949632.0000
147.0273;91.8921;0.0000;368.6933;649949632.0000
147.0273;91.5170;0.0000;369.0684;649949632.0000
147.4023;90.7668;0.0000;368.6933;649949696.0000
147.7774;90.3918;0.0000;369.8185;649949696.0000
147.7774;89.6416;0.0000;370.5688;649949696.0000
147.7774;88.8914;0.0000;368.6933;649949696.0000
147.7774;88.5164;0.0000;369.0684;649949696.0000
148.1525;87.7663;0.0000;369.8185;649949696.0000
148.1525;87.3912;0.0000;368.6933;649949696.0000
148.1525;86.6411;0.0000;368.6933;649949696.0000
148.5275;85.8909;4.5008;369.4435;649949696.0000
148.5275;85.5159;0.0000;369.0684;649949696.0000
148.9025;84.7657;4.5008;368.6933;649949696.0000
148.9025;84.3906;0.0000;367.9432;649949696.0000
148.9025;84.0156;0.0000;367.9432;649949696.0000
149.2777;83.6405;0.0000;367.5681;649949696.0000
149.2777;83.6405;4.5008;367.9432;649949696.0000
149.2777;83.2654;0.0000;368.6933;649949696.0000
149.2777;82.8904;4.5008;368.6933;649949696.0000
149.2777;82.8904;0.0000;367.5681;649949696.0000
149.2777;82.5153;0.0000;367.9432;649949696.0000
149.2777;82.1402;0.0000;366.4429;649949696.0000
149.2777;81.3901;0.0000;363.8174;649949696.0000
149.2777;81.0150;0.0000;368.3183;649949696.0000
149.6527;80.6400;0.0000;362.6922;649949696.0000
149.6527;79.8898;0.0000;365.3177;649949696.0000
149.6527;79.5147;0.0000;365.3177;649949696.0000
149.6527;79.1397;0.0000;363.8174;649949696.0000
150.0278;78.7646;0.0000;364.1925;649949696.0000
150.0278;78.3895;0.0000;364.9426;649949696.0000
150.0278;78.0145;0.0000;363.4424;649949696.0000
150.0278;77.6394;0.0000;364.1925;649949696.0000
150.0278;77.2643;0.0000;364.1925;649949696.0000
150.0278;76.8893;0.0000;362.3172;649949696.0000
150.0278;76.5142;0.0000;363.0673;649949696.0000
150.4029;76.1391;0.0000;362.3172;649949696.0000
150.4029;75.7640;0.0000;361.5670;649949696.0000
150.4029;75.3890;0.0000;361.1919;649949696.0000
150.4029;75.3890;0.0000;361.1919;649949760.0000
150.4029;75.3890;0.0000;361.9421;649949760.0000
150.4029;75.3890;0.0000;362.6922;649949760.0000
150.4029;75.3890;0.0000;361.1919;649949760.0000
150.4029;75.0139;0.0000;361.5670;649949760.0000
150.4029;75.0139;0.0000;360.8169;649949760.0000
150.4029;75.0139;0.0000;358.9416;649949760.0000
150.4029;75.0139;0.0000;356.3160;649949760.0000
150.0278;75.0139;0.0000;351.8152;649949760.0000
150.0278;75.0139;0.0000;345.8141;649949760.0000
150.0278;75.0139;0.0000;341.3133;649949760.0000
150.0278;75.0139;0.0000;330.8113;649949760.0000
150.0278;75.0139;0.0000;314.6833;649949760.0000
150.0278;75.0139;0.0000;291.0539;649949760.0000
150.0278;75.0139;4.5008;241.9199;649949760.0000
149.6527;75.0139;9.0017;148.5275;649949760.0000
149.6527;75.0139;13.5025;70.8881;649949760.0000
230.2927;-6.0011;0.0000;149.2777;649950144.0000
230.2927;-6.3762;0.0000;150.4029;649950144.0000
230.2927;-6.3762;0.0000;150.7780;649950144.0000
230.2927;-6.3762;0.0000;159.0295;649950144.0000
230.2927;-6.3762;0.0000;169.9065;649950144.0000
230.2927;-6.3762;0.0000;174.4073;649950144.0000
230.2927;-6.3762;0.0000;173.2821;649950144.0000
230.2927;-6.3762;0.0000;166.9059;649950144.0000
230.2927;-6.0011;0.0000;148.5275;649950144.0000
230.2927;-6.0011;0.0000;56.2604;649950144.0000
