200.9959;202.0041;0.0000;109.5566;276189984.0000
200.9959;202.0041;0.0000;265.9709;276189984.0000
200.9959;202.0041;0.0000;271.9953;276189984.0000
200.9959;202.0041;0.0000;295.9465;276190016.0000
200.9959;202.0041;0.0000;352.8000;276190016.0000
200.9959;202.0041;0.0000;402.6577;276190016.0000
200.9959;202.0041;0.0000;431.5804;276190016.0000
200.9959;202.0041;0.0000;454.5357;276190016.0000
200.9959;202.0041;0.0000;479.4461;276190016.0000
201.9919;202.0041;0.0000;503.3689;276190048.0000
201.9919;202.0041;0.0000;523.3282;276190080.0000
201.9919;202.0041;0.0000;542.2590;276190112.0000
202.9878;202.0041;0.0000;560.2225;276190112.0000
202.9878;202.0041;0.0000;572.1899;276190112.0000
203.9837;201.0081;0.0000;587.1248;276190112.0000
203.9837;201.0081;0.0000;599.0963;276190112.0000
204.9796;201.0081;0.0000;608.0720;276190112.0000
204.9796;200.0122;0.0000;621.0190;276190112.0000
204.9796;200.0122;0.0000;627.0192;276190112.0000
205.9756;200.0122;0.0000;635.9703;276190112.0000
205.9756;200.0122;0.0000;645.9377;276190112.0000
206.9715;199.0163;0.0000;649.9296;276190144.0000
206.9715;199.0163;0.0000;658.8767;276190144.0000
207.9674;198.0204;0.0000;663.8686;276190144.0000
207.9674;198.0204;0.0000;665.8685;276190144.0000
207.9674;198.0204;0.0000;670.8320;276190144.0000
208.9634;197.0244;0.0000;672.8441;276190176.0000
208.9634;196.0285;0.0000;673.8401;276190176.0000
208.9634;196.0285;0.0000;678.8116;276190176.0000
208.9634;195.0326;0.0000;678.8198;276190208.0000
208.9634;195.0326;0.0000;681.7994;276190240.0000
208.9634;194.0366;0.0000;687.7709;276190240.0000
208.9634;194.0366;0.0000;687.7953;276190240.0000
208.9634;194.0366;0.0000;692.7506;276190240.0000
208.9634;193.0407;0.0000;696.7465;276190240.0000
208.9634;193.0407;0.0000;694.7547;276190240.0000
208.9634;193.0407;0.0000;699.7222;276190240.0000
208.9634;192.0448;0.0000;701.7261;276190240.0000
208.9634;192.0448;0.0000;699.7303;276190272.0000
208.9634;191.0488;0.0000;701.7140;276190272.0000
208.9634;191.0488;0.0000;702.7220;276190272.0000
208.9634;191.0488;0.0000;705.6978;276190272.0000
208.9634;190.0528;0.0000;710.6815;276190304.0000
208.9634;190.0528;0.0000;709.7059;276190304.0000
207.9674;190.0528;0.0000;713.6693;276190336.0000
207.9674;189.0570;0.0000;716.6611;276190336.0000
207.9674;189.0570;0.0000;715.6732;276190336.0000
207.9674;189.0570;0.0000;720.6407;276190336.0000
207.9674;189.0570;0.0000;720.6489;276190336.0000
207.9674;188.0611;0.0000;719.6652;276190368.0000
207.9674;188.0611;0.0000;723.6367;276190400.0000
206.9715;188.0611;0.0000;723.6530;276190400.0000
206.9715;187.0650;0.0000;724.6367;276190400.0000
206.9715;187.0650;0.0000;726.6245;276190400.0000
206.9715;187.0650;0.0000;726.6407;276190400.0000
205.9756;187.0650;0.0000;729.6123;276190432.0000
205.9756;186.0691;0.0000;732.6001;276190432.0000
205.9756;186.0691;0.0000;729.6285;276190432.0000
204.9796;186.0691;0.0000;736.5757;276190432.0000
204.9796;186.0691;0.0000;732.6163;276190432.0000
204.9796;186.0691;0.0000;735.6041;276190432.0000
204.9796;185.0732;0.0000;736.5838;276190464.0000
203.9837;185.0732;0.0000;736.6000;276190464.0000
203.9837;185.0732;0.0000;736.5878;276190464.0000
203.9837;185.0732;0.0000;738.5717;276190464.0000
203.9837;185.0732;0.0000;738.5797;276190464.0000
203.9837;185.0732;0.0000;740.5553;276190464.0000
202.9878;184.0773;0.0000;742.5513;276190464.0000
202.9878;184.0773;0.0000;739.5717;276190464.0000
201.9919;184.0773;0.0000;744.5350;276190496.0000
201.9919;184.0773;0.0000;743.5553;276190496.0000
200.9959;184.0773;0.0000;742.5635;276190496.0000
200.9959;184.0773;0.0000;745.5350;276190496.0000
200.9959;184.0773;0.0000;747.5391;276190528.0000
200.0000;184.0773;0.0000;747.5391;276190528.0000
200.0000;183.0813;0.0000;751.5106;276190528.0000
199.0041;183.0813;0.0000;750.5309;276190528.0000
199.0041;183.0773;0.0000;753.5065;276190528.0000
199.0041;183.0773;0.0000;756.4984;276190560.0000
198.0081;183.0773;0.0000;754.5228;276190560.0000
198.0081;183.0773;0.0000;757.4861;276190560.0000
198.0081;182.0813;0.0000;758.4944;276190560.0000
197.0122;182.0813;0.0000;756.5146;276190560.0000
197.0122;182.0813;0.0000;759.4781;276190560.0000
196.0163;182.0813;0.0000;760.4821;276190624.0000
196.0163;182.0813;0.0000;759.4903;276190624.0000
195.0204;182.0813;0.0000;762.4700;276190624.0000
195.0204;182.0813;0.0000;760.4903;276190624.0000
194.0244;182.0813;0.0000;762.4700;276190624.0000
194.0244;182.0813;0.0000;767.4577;276190656.0000
194.0244;182.0854;0.0000;764.4944;276190656.0000
193.0285;182.0854;0.0000;764.4944;276190656.0000
193.0285;182.0854;0.0000;768.5024;276190656.0000
193.0285;182.0854;0.0000;765.5309;276190656.0000
192.0326;182.0854;0.0000;768.5024;276190656.0000
192.0326;182.0854;0.0000;765.5309;276190656.0000
192.0326;182.0854;0.0000;767.5269;276190688.0000
191.0366;182.0854;0.0000;770.5147;276190688.0000
191.0366;182.0854;0.0000;765.5594;276190688.0000
190.0406;182.0854;0.0000;767.5432;276190688.0000
190.0406;182.0854;0.0000;771.5309;276190688.0000
190.0406;182.0854;0.0000;768.5635;276190688.0000
189.0448;182.0854;0.0000;770.5432;276190752.0000
189.0448;182.0854;0.0000;770.5472;276190752.0000
188.0488;183.0813;0.0000;768.5717;276190752.0000
188.0488;183.0813;0.0000;771.5472;276190752.0000
188.0488;183.0813;0.0000;772.5594;276190752.0000
187.0529;183.0813;0.0000;770.5676;276190752.0000
187.0529;183.0813;0.0000;771.5472;276190784.0000
186.0569;183.0773;0.0000;772.5674;276190784.0000
186.0610;183.0773;0.0000;773.5594;276190784.0000
186.0610;183.0773;0.0000;776.5392;276190784.0000
185.0650;183.0773;0.0000;773.5635;276190784.0000
185.0650;183.0773;0.0000;774.5472;276190816.0000
185.0650;183.0773;0.0000;779.5309;276190816.0000
185.0611;183.0773;0.0000;775.5309;276190816.0000
185.0611;183.0773;0.0000;780.4456;276190816.0000
184.0650;183.0773;0.0000;781.4048;276190816.0000
184.0650;183.0773;0.0000;779.3358;276190816.0000
183.0692;183.0773;0.0000;781.2137;276190848.0000
183.0692;184.0732;0.0000;781.0184;276190880.0000
183.0650;184.0692;0.0000;778.8558;276190880.0000
183.0650;184.0692;0.0000;786.8313;276190880.0000
183.0650;184.0692;0.0000;778.9046;276190880.0000
182.0692;184.0692;0.0000;779.9290;276190880.0000
182.0692;185.0650;0.0000;783.9127;276190880.0000
181.0732;185.0650;0.0000;780.9249;276190880.0000
181.0732;186.0610;0.0000;783.9859;276190880.0000
181.0732;186.0610;0.0000;784.0673;276190912.0000
180.0773;186.0610;0.0000;780.1607;276190912.0000
180.0773;187.0570;0.0000;785.2217;276190944.0000
179.0854;187.0570;0.0000;784.2503;276190944.0000
179.0854;187.0570;0.0000;784.2747;276190944.0000
179.0854;187.0570;0.0000;787.2706;276190944.0000
179.0854;188.0528;0.0000;784.2828;276190944.0000
178.0895;188.0528;0.0000;785.3032;276190944.0000
178.0895;188.0528;0.0000;787.2991;276190976.0000
177.0935;188.0528;0.0000;784.3194;276190976.0000
177.0935;189.0488;0.0000;787.3398;276191008.0000
177.0935;189.0488;0.0000;787.3357;276191008.0000
177.0935;189.0488;0.0000;785.3682;276191008.0000
176.0976;189.0488;0.0000;787.3805;276191008.0000
176.0976;190.0448;0.0000;787.3723;276191040.0000
175.1017;190.0448;0.0000;785.4130;276191040.0000
175.1017;190.0448;0.0000;787.4171;276191040.0000
175.1017;191.0407;0.0000;784.4252;276191040.0000
175.1017;191.0407;0.0000;786.4334;276191040.0000
174.1057;191.0407;0.0000;786.4374;276191040.0000
174.1057;192.0366;0.0000;785.4333;276191072.0000
174.1057;192.0407;0.0000;786.4496;276191072.0000
173.1098;192.0407;0.0000;789.4211;276191072.0000
173.1098;193.0366;0.0000;785.4415;276191072.0000
173.1098;193.0366;0.0000;789.4374;276191072.0000
173.1098;193.0366;0.0000;789.4211;276191072.0000
172.1180;194.0326;0.0000;787.4456;276191104.0000
172.1180;194.0326;0.0000;789.4496;276191104.0000
172.1180;194.0326;0.0000;789.4252;276191136.0000
171.1220;195.0285;0.0000;789.4496;276191136.0000
171.1220;195.0285;0.0000;791.4414;276191136.0000
171.1220;195.0285;0.0000;789.4496;276191168.0000
170.1261;196.0244;0.0000;791.4659;276191168.0000
170.1261;196.0244;0.0000;791.4536;276191168.0000
170.1261;197.0204;0.0000;787.4821;276191168.0000
169.1302;197.0204;0.0000;791.4944;276191168.0000
169.1302;197.0204;0.0000;790.4821;276191168.0000
169.1302;198.0163;0.0000;789.4944;276191168.0000
169.1342;198.0163;0.0000;790.4984;276191168.0000
168.1383;199.0122;0.0000;789.4781;276191200.0000
168.1383;200.0081;0.0000;789.4984;276191200.0000
168.1383;200.0081;0.0000;792.4903;276191200.0000
167.1465;201.0041;0.0000;789.5024;276191200.0000
167.1465;202.0000;0.0000;790.5188;276191232.0000
167.1465;201.9959;0.0000;791.5309;276191232.0000
167.1465;202.9919;0.0000;789.5554;276191232.0000
166.1505;202.9878;0.0000;791.5635;276191232.0000
166.1505;203.9837;0.0000;790.5635;276191264.0000
166.1546;204.9756;0.0000;787.5919;276191264.0000
166.1546;204.9756;0.0000;790.5920;276191296.0000
166.1546;205.9674;0.0000;789.5839;276191296.0000
166.1546;205.9674;0.0000;790.6042;276191296.0000
165.1587;206.9634;11.9512;791.6041;276191296.0000
165.1587;206.9593;0.0000;789.6002;276191296.0000
165.1587;207.9552;0.0000;790.6163;276191296.0000
165.1627;207.9552;0.0000;794.5878;276191296.0000
165.1627;207.9512;0.0000;789.6082;276191296.0000
165.1627;208.9472;0.0000;791.6123;276191296.0000
165.1627;209.9389;11.9512;790.6082;276191296.0000
165.1627;209.9350;0.0000;787.6204;276191328.0000
164.1709;210.9308;0.0000;793.6041;276191360.0000
164.1709;211.9227;0.0000;791.6001;276191360.0000
164.1709;212.9187;11.9512;790.6163;276191360.0000
164.1709;212.9146;0.0000;792.6083;276191360.0000
164.1709;213.9105;0.0000;791.6041;276191360.0000
164.1709;213.9105;0.0000;790.6205;276191360.0000
164.1709;214.9024;0.0000;793.6041;276191392.0000
164.1709;214.9024;0.0000;790.6123;276191392.0000
164.1709;215.8983;11.9512;792.6205;276191392.0000
164.1709;215.8983;0.0000;794.6002;276191392.0000
164.1668;216.8902;0.0000;791.6163;276191392.0000
164.1668;216.8902;0.0000;793.6285;276191392.0000
165.1587;217.8820;0.0000;794.6002;276191424.0000
165.1546;217.8820;11.9512;794.6245;276191424.0000
165.1505;218.8739;0.0000;797.6205;276191424.0000
165.1465;219.8698;11.9512;800.6082;276191424.0000
165.1424;219.8658;0.0000;791.6774;276191424.0000
165.1383;220.8576;0.0000;800.6896;276191424.0000
165.1342;221.8495;0.0000;795.7668;276191488.0000
165.1302;221.8495;0.0000;797.8239;276191488.0000
165.1302;222.8413;0.0000;799.8361;276191488.0000
165.1261;222.8413;0.0000;796.8727;276191488.0000
165.1261;223.8373;0.0000;800.8767;276191488.0000
165.1220;223.8373;0.0000;800.8523;276191520.0000
166.1180;224.8332;0.0000;800.8686;276191520.0000
166.1180;224.8332;0.0000;803.8646;276191520.0000
166.1180;225.8291;0.0000;801.8523;276191520.0000
166.1180;226.8251;0.0000;803.8646;276191520.0000
166.1180;226.8251;0.0000;806.8441;276191520.0000
167.1098;226.8251;0.0000;802.8605;276191552.0000
167.1098;227.8210;0.0000;805.8646;276191552.0000
167.1098;227.8210;0.0000;806.8441;276191552.0000
167.1057;227.8210;0.0000;804.8646;276191552.0000
168.0976;228.8170;0.0000;808.8646;276191552.0000
168.0976;228.8170;0.0000;806.8605;276191552.0000
168.0935;229.8129;0.0000;807.8686;276191584.0000
168.0895;229.8129;11.9512;810.8727;276191584.0000
168.0854;230.8088;0.0000;806.8807;276191584.0000
168.0854;231.8048;0.0000;809.8889;276191616.0000
169.0773;231.8048;0.0000;811.8971;276191616.0000
169.0733;231.8048;0.0000;809.9052;276191616.0000
169.0692;232.7966;0.0000;812.9134;276191648.0000
170.0611;232.7966;11.9512;814.9052;276191648.0000
170.0528;232.7966;0.0000;812.9296;276191648.0000
170.0488;233.7926;0.0000;815.9500;276191648.0000
170.0448;233.7926;0.0000;816.9459;276191648.0000
170.0407;234.7885;0.0000;814.9905;276191680.0000
171.0366;234.7885;0.0000;819.0068;276191680.0000
171.0326;235.7844;0.0000;816.0190;276191680.0000
171.0285;235.7844;0.0000;816.0394;276191680.0000
172.0244;236.7844;0.0000;820.0313;276191680.0000
172.0204;236.7844;0.0000;818.0272;276191680.0000
173.0122;236.7885;0.0000;819.0474;276191712.0000
173.0122;237.7844;0.0000;823.0192;276191712.0000
174.0041;237.7885;0.0000;823.0192;276191712.0000
174.0000;238.7844;0.0000;825.0313;276191712.0000
173.9959;238.7885;0.0000;827.0109;276191712.0000
174.9878;239.7844;0.0000;825.0231;276191744.0000
174.9837;239.7885;0.0000;829.0191;276191744.0000
174.9837;240.7844;0.0000;829.0068;276191744.0000
175.9756;240.7885;0.0000;829.0191;276191776.0000
175.9715;240.7885;0.0000;832.0028;276191776.0000
176.9674;241.7885;0.0000;828.0109;276191776.0000
176.9674;241.7885;0.0000;831.0109;276191776.0000
176.9634;242.7885;0.0000;832.9948;276191808.0000
177.9594;242.7885;0.0000;830.9987;276191808.0000
177.9594;243.7885;0.0000;834.0109;276191808.0000
177.9552;243.7926;0.0000;833.9866;276191808.0000
178.9512;244.7885;0.0000;832.9988;276191808.0000
179.9472;244.7926;0.0000;835.9987;276191840.0000
179.9472;245.7926;0.0000;834.9825;276191840.0000
180.9389;245.7926;0.0000;834.0027;276191840.0000
180.9389;245.7966;0.0000;836.9906;276191840.0000
181.9349;245.7966;0.0000;834.9865;276191840.0000
181.9349;246.7966;0.0000;837.9865;276191840.0000
181.9349;246.8007;0.0000;839.9743;276191872.0000
181.9349;246.8007;0.0000;836.9824;276191872.0000
182.9309;247.8007;0.0000;839.9865;276191904.0000
182.9309;247.8048;0.0000;841.9581;276191904.0000
183.9267;248.8048;0.0000;838.9744;276191904.0000
183.9227;248.8089;0.0000;834.0109;276191904.0000
184.9187;248.8089;0.0000;842.9500;276191936.0000
184.9187;248.8129;0.0000;841.9744;276191936.0000
185.9146;248.8170;0.0000;845.9580;276191936.0000
185.9146;249.8129;0.0000;842.9540;276191936.0000
186.9105;249.8170;0.0000;842.9703;276191936.0000
186.9105;249.8210;0.0000;847.9417;276191936.0000
187.9065;249.8210;0.0000;845.9459;276191968.0000
187.9024;249.8251;0.0000;847.9540;276191968.0000
188.8983;249.8291;0.0000;850.9255;276191968.0000
188.8983;249.8332;0.0000;846.9500;276191968.0000
189.8902;250.8332;0.0000;849.9500;276191968.0000
189.8902;250.8373;0.0000;849.9336;276191968.0000
190.8861;250.8413;0.0000;848.9500;276192000.0000
190.8861;250.8454;0.0000;851.9459;276192000.0000
191.8820;250.8495;0.0000;850.9296;276192000.0000
191.8820;250.8495;0.0000;850.9417;276192000.0000
192.8780;250.8535;0.0000;853.9296;276192032.0000
192.8780;250.8576;0.0000;851.9296;276192064.0000
193.8739;250.8617;0.0000;851.9500;276192064.0000
194.8698;250.8617;0.0000;855.9214;276192064.0000
194.8698;250.8658;0.0488;855.9214;276192064.0000
195.8658;250.8698;0.0000;855.9500;276192064.0000
196.8617;250.8698;0.0000;855.9092;276192064.0000
197.8576;250.8739;0.0000;855.9214;276192096.0000
197.8617;250.8780;0.0000;857.9255;276192096.0000
198.8576;250.8780;0.0000;857.9092;276192096.0000
198.8576;251.8780;0.0000;855.9376;276192096.0000
199.8576;251.8820;0.0000;859.9215;276192096.0000
199.8576;251.8861;0.0000;857.9174;276192096.0000
200.8576;251.8902;0.0000;858.9377;276192128.0000
201.8576;251.8943;0.0000;860.9133;276192128.0000
201.8576;251.8983;0.0000;858.9214;276192128.0000
202.8576;251.9024;0.0000;860.9417;276192128.0000
203.8576;251.9024;0.0000;860.9255;276192128.0000
204.8535;251.9065;0.0000;860.9296;276192128.0000
204.8576;251.9105;0.0000;862.9377;276192160.0000
205.8535;251.9146;0.0000;861.9296;276192160.0000
206.8535;251.9187;0.0000;860.9580;276192160.0000
207.8535;251.9227;0.0000;864.9500;276192160.0000
207.8535;251.9267;0.0000;862.9459;276192160.0000
208.8535;251.9308;0.0000;862.9703;276192192.0000
208.8576;251.9349;0.0000;865.9539;276192192.0000
209.8535;251.9349;0.0000;861.9703;276192192.0000
209.8576;251.9389;0.0000;865.9784;276192192.0000
210.8576;251.9430;0.0000;865.9580;276192192.0000
211.8535;251.9430;0.0000;863.9744;276192192.0000
212.8535;251.9472;0.0000;866.9783;276192224.0000
213.8495;250.9512;0.0000;866.9539;276192224.0000
213.8535;250.9552;0.0000;866.9742;276192224.0000
214.8495;250.9593;0.0000;866.9742;276192224.0000
214.8535;250.9593;0.0000;866.9620;276192224.0000
215.8495;250.9634;0.0000;867.9744;276192256.0000
216.8495;250.9634;0.0000;870.9539;276192256.0000
217.8454;249.9715;0.0000;867.9621;276192256.0000
217.8495;249.9756;0.0000;870.9661;276192256.0000
218.8495;249.9756;0.0000;870.9459;276192288.0000
218.8495;249.9796;0.0000;866.9703;276192288.0000
219.8495;249.9796;0.0000;872.9621;276192288.0000
219.8495;249.9837;0.0000;869.9500;276192320.0000
220.8495;248.9878;0.0000;870.9661;276192320.0000
221.8454;248.9919;0.0000;872.9581;276192320.0000
222.8454;248.9919;0.0000;869.9580;276192320.0000
222.8454;248.9959;0.0000;869.9703;276192320.0000
223.8454;248.0000;0.0000;874.9418;276192320.0000
223.8495;248.0000;0.0000;871.9500;276192352.0000
224.8454;248.0041;0.0000;874.9540;276192352.0000
225.8454;248.0041;0.0000;867.9661;276192352.0000
226.8413;247.0122;0.0000;875.9417;276192352.0000
226.8454;247.0122;0.0000;877.9500;276192352.0000
227.8413;247.0122;0.0000;875.9337;276192416.0000
227.8454;246.0204;0.0000;872.9581;276192416.0000
228.8413;246.0204;0.0000;878.9418;276192416.0000
229.8413;246.0244;0.0000;877.9215;276192416.0000
229.8454;245.0285;0.0000;878.9337;276192416.0000
230.8413;245.0326;0.0000;879.9296;276192448.0000
230.8454;245.0326;0.0000;878.9255;276192448.0000
231.8454;244.0406;0.0000;881.9296;276192448.0000
232.8454;243.0448;0.0000;880.9173;276192448.0000
233.8413;243.0448;0.0000;878.9337;276192448.0000
233.8454;243.0488;0.0000;881.9337;276192448.0000
234.8454;242.0528;0.0000;880.9173;276192448.0000
234.8454;242.0528;0.0000;878.9337;276192480.0000
235.8454;241.0570;0.0000;881.9337;276192480.0000
236.8454;241.0611;0.0000;880.9173;276192480.0000
236.8454;240.0650;0.0000;881.9337;276192480.0000
236.8495;240.0650;0.0000;883.9255;276192480.0000
237.8495;240.0650;0.0000;881.9214;276192480.0000
238.8454;239.0691;0.0000;881.9377;276192512.0000
238.8495;239.0732;0.0000;884.9092;276192544.0000
239.8495;239.0732;0.0000;883.9174;276192544.0000
239.8535;238.0773;0.0000;886.9214;276192544.0000
240.8535;237.0813;0.0000;888.8929;276192544.0000
240.8576;237.0813;0.0000;886.9133;276192544.0000
241.8576;237.0813;0.0000;888.9092;276192544.0000
241.8617;236.0854;0.0000;888.8929;276192576.0000
242.8617;236.0854;0.0000;889.9011;276192576.0000
242.8658;235.0895;0.0000;891.8970;276192576.0000
243.8658;235.0895;0.0000;890.8889;276192576.0000
243.8658;234.0935;0.0000;893.8970;276192608.0000
244.8657;234.0895;0.0000;895.8767;276192608.0000
245.8658;233.0935;0.0000;893.8767;276192608.0000
245.8698;233.0935;0.0000;896.8889;276192608.0000
245.8739;232.0976;0.0000;897.8685;276192608.0000
246.8739;232.0976;0.0000;896.8807;276192608.0000
246.8780;231.1017;0.0000;900.8807;276192640.0000
247.8780;231.1017;0.0000;900.8605;276192640.0000
247.8820;230.1057;0.0000;902.8726;276192640.0000
248.8861;230.1057;11.9512;903.8686;276192640.0000
248.8902;229.1098;0.0000;901.8685;276192640.0000
249.8902;229.1098;11.9512;905.8727;276192640.0000
249.8942;229.1098;0.0000;907.8523;276192672.0000
250.8943;228.1139;0.0000;901.8726;276192672.0000
250.8943;227.1139;0.0000;906.8726;276192672.0000
251.8943;227.1139;0.0000;909.8401;276192672.0000
252.8942;226.1180;0.0000;903.8686;276192704.0000
252.8983;226.1180;0.0000;909.8645;276192704.0000
253.8943;225.1220;0.0000;909.8401;276192704.0000
253.8983;224.1220;11.9512;908.8686;276192704.0000
254.8983;223.1261;0.0000;912.8523;276192704.0000
255.8943;223.1261;11.9512;910.8483;276192704.0000
255.8983;222.1261;0.0000;914.8441;276192704.0000
255.9024;221.1302;0.0000;916.8318;276192736.0000
256.9024;221.1302;0.0000;911.8482;276192736.0000
257.8983;220.1302;0.0000;912.8605;276192736.0000
257.9024;219.1342;11.9512;914.8320;276192768.0000
258.9024;218.1342;0.0000;906.8726;276192768.0000
258.9024;218.1342;0.0000;921.8361;276192768.0000
258.9065;217.1342;0.0000;909.8605;276192800.0000
258.9105;217.1342;0.0000;914.8605;276192800.0000
259.9105;216.1342;0.0000;917.8605;276192800.0000
260.9065;215.1383;0.0000;915.8483;276192800.0000
260.9105;214.1383;0.0000;917.8563;276192800.0000
261.9106;213.1424;0.0000;921.8441;276192800.0000
261.9146;212.1424;0.0000;917.8481;276192864.0000
261.9146;212.1424;0.0000;921.8523;276192864.0000
261.9187;211.1424;0.0000;921.8361;276192864.0000
261.9228;210.1424;0.0000;919.8605;276192864.0000
262.9227;209.1465;0.0000;922.8685;276192864.0000
262.9227;208.1465;0.0000;922.8523;276192864.0000
263.9228;208.1465;0.0000;921.8767;276192864.0000
263.9268;207.1465;0.0000;923.8767;276192864.0000
263.9309;206.1505;0.0000;921.8604;276192864.0000
263.9350;206.1465;0.0000;921.8889;276192896.0000
264.9308;205.1505;0.0000;925.8686;276192896.0000
264.9349;204.1505;0.0000;922.8767;276192896.0000
265.9350;203.1505;0.0000;923.8970;276192928.0000
265.9389;202.1505;0.0000;924.8766;276192928.0000
265.9389;201.1505;0.0000;923.8929;276192928.0000
265.9430;200.1546;0.0000;924.9092;276192928.0000
265.9430;200.1505;0.0000;926.8807;276192928.0000
265.9472;199.1505;0.0000;926.8929;276192960.0000
265.9511;198.1505;0.0000;926.9052;276192960.0000
266.9472;197.1505;0.0000;925.8848;276192960.0000
266.9512;196.1546;0.0000;923.9092;276192992.0000
267.9512;195.1546;0.0000;929.8889;276192992.0000
267.9552;194.1546;0.0000;925.8848;276192992.0000
267.9594;193.1546;0.0000;927.9011;276192992.0000
267.9633;193.1505;0.0000;926.8929;276192992.0000
267.9633;192.1546;0.0000;926.8929;276192992.0000
267.9674;191.1546;0.0488;929.9092;276192992.0000
267.9715;190.1546;0.0000;927.8889;276193024.0000
267.9715;189.1546;0.0488;928.8929;276193024.0000
267.9756;188.1546;0.0488;932.8889;276193056.0000
267.9756;187.1505;0.0000;930.8767;276193056.0000
267.9796;186.1505;0.0488;930.8930;276193056.0000
267.9796;185.1505;0.0000;932.8848;276193056.0000
267.9837;185.1465;0.0000;929.8807;276193056.0000
267.9837;184.1465;0.0488;931.8889;276193056.0000
267.9837;183.1465;0.0488;935.8686;276193088.0000
267.9837;182.1465;0.0000;930.8767;276193088.0000
267.9878;182.1424;0.0000;933.8929;276193088.0000
267.9878;181.1424;0.0000;935.8563;276193088.0000
267.9878;181.1424;0.0000;932.8401;276193120.0000
267.9919;180.1424;0.0000;936.9052;276193120.0000
267.9919;179.1424;0.0000;935.8848;276193120.0000
267.9919;178.1424;0.0000;932.9174;276193120.0000
267.9959;178.1383;0.0000;938.8929;276193120.0000
267.9959;177.1383;0.0000;934.8929;276193120.0000
267.9959;176.1342;0.0000;935.9092;276193120.0000
267.9959;176.1302;0.0000;936.8970;276193152.0000
267.9959;175.1302;0.0000;935.8970;276193152.0000
267.9959;175.1261;0.0000;937.9052;276193152.0000
268.0000;174.1261;0.0000;938.8848;276193152.0000
267.0041;174.1220;0.0000;937.8929;276193152.0000
267.0041;173.1220;0.0000;939.8970;276193152.0000
267.0041;172.1220;0.0000;938.8807;276193184.0000
267.0041;172.1180;0.0000;939.8889;276193184.0000
267.0041;171.1180;0.0000;942.8848;276193184.0000
267.0041;170.1180;0.0000;938.8807;276193184.0000
267.0000;170.1180;0.0000;938.8970;276193184.0000
267.0000;169.1180;0.0000;942.8807;276193184.0000
266.0041;168.1180;0.0000;939.8807;276193216.0000
266.0041;168.1139;11.9512;940.8889;276193248.0000
266.0041;168.1098;0.0000;944.8605;276193248.0000
266.0041;167.1057;11.9512;940.8807;276193248.0000
266.0000;167.1017;0.0000;935.9174;276193248.0000
266.0000;166.1017;0.0000;944.8605;276193248.0000
266.0000;166.0976;0.0000;942.8767;276193280.0000
265.0000;166.0935;0.0000;945.8767;276193280.0000
265.0000;165.0935;0.0000;947.8441;276193280.0000
265.0000;165.0895;0.0000;944.8767;276193280.0000
264.0041;164.0895;0.0000;947.8604;276193280.0000
264.0041;164.0854;0.0000;944.8605;276193312.0000
264.0041;163.0854;0.0000;944.8848;276193312.0000
263.0081;163.0813;0.0000;948.8523;276193312.0000
263.0081;162.0813;0.0000;946.8605;276193312.0000
263.0081;162.0773;0.0000;947.8685;276193312.0000
263.0081;162.0733;0.0000;948.8482;276193312.0000
263.0081;161.0733;0.0000;947.8604;276193344.0000
262.0122;161.0650;0.0000;948.8646;276193344.0000
262.0081;161.0611;0.0000;947.8481;276193344.0000
262.0081;160.0611;0.0000;947.8645;276193344.0000
262.0041;160.0570;0.0000;950.8483;276193376.0000
261.0081;159.0570;0.0000;947.8481;276193376.0000
261.0041;159.0528;0.0000;947.8727;276193408.0000
261.0041;158.0570;0.0000;948.8523;276193408.0000
260.0041;158.0528;0.0000;949.8401;276193408.0000
260.0041;157.0528;0.0000;940.9011;276193408.0000
260.0041;157.0488;0.0000;951.8361;276193408.0000
260.0000;157.0448;0.0000;947.8523;276193408.0000
260.0000;156.0448;0.0000;952.8481;276193440.0000
259.0041;156.0448;0.0000;950.8361;276193440.0000
259.0000;155.0448;0.0000;949.8563;276193440.0000
258.0041;155.0407;0.0488;950.8483;276193440.0000
258.0041;155.0407;0.0000;947.8481;276193440.0000
258.0041;154.0407;0.0000;950.8523;276193472.0000
257.0041;154.0366;0.0000;950.8441;276193472.0000
257.0041;153.0366;0.0000;948.8442;276193472.0000
257.0000;153.0326;0.0000;949.8646;276193472.0000
256.0041;152.0326;0.0000;950.8361;276193472.0000
256.0000;152.0285;0.0000;948.8442;276193472.0000
256.0000;151.0285;0.0000;951.8442;276193536.0000
255.0000;151.0244;0.0000;951.8238;276193536.0000
255.0000;150.0244;0.0000;948.8563;276193536.0000
254.0000;150.0204;0.0000;951.8401;276193536.0000
254.0000;149.0244;0.0000;949.8361;276193536.0000
253.0041;149.0204;0.0000;951.8401;276193536.0000
253.0000;148.0204;0.0000;954.8197;276193568.0000
253.0000;148.0204;0.0000;949.8361;276193568.0000
253.0000;147.0204;0.0000;950.8483;276193568.0000
252.0041;147.0204;0.0000;951.8198;276193568.0000
252.0000;146.0204;0.0000;948.8361;276193568.0000
252.0000;146.0204;0.0000;950.8483;276193568.0000
251.0041;145.0204;0.0000;950.8239;276193600.0000
251.0000;145.0204;0.0000;950.8361;276193600.0000
251.0000;144.0204;0.0000;954.8197;276193600.0000
250.0000;144.0163;0.0000;951.8116;276193600.0000
249.9959;143.0204;0.0000;951.8320;276193600.0000
248.9959;143.0163;0.0000;954.8116;276193600.0000
248.9919;142.0163;0.0000;950.8239;276193632.0000
247.9919;142.0163;0.0000;952.8278;276193632.0000
247.9919;142.0122;0.0000;954.7994;276193696.0000
247.9878;141.0163;0.0000;951.8198;276193696.0000
247.9878;141.0122;0.0000;954.8197;276193696.0000
247.9837;140.0163;0.0000;954.7953;276193696.0000
246.9837;140.0122;0.0000;952.8157;276193696.0000
246.9837;139.0163;0.0000;954.8197;276193696.0000
245.9837;139.0163;0.0000;954.7913;276193696.0000
245.9796;139.0122;0.0000;954.8116;276193696.0000
245.9756;139.0122;0.0000;956.7913;276193696.0000
244.9796;138.0122;0.0000;954.7953;276193728.0000
244.9756;137.0163;0.0000;954.8157;276193728.0000
243.9756;137.0122;0.0000;956.7832;276193728.0000
243.9674;136.0163;0.0000;954.7994;276193728.0000
243.9634;136.0122;0.0000;956.8116;276193728.0000
242.9634;136.0081;0.0000;956.7832;276193728.0000
242.9593;135.0081;0.0000;954.8076;276193760.0000
241.9552;135.0041;0.0000;956.8035;276193760.0000
241.9471;134.0041;0.0000;956.7792;276193760.0000
240.9472;134.0000;0.0000;956.7994;276193760.0000
240.9390;133.0000;0.0000;958.7831;276193824.0000
239.9389;132.9959;0.0000;955.7831;276193824.0000
239.9308;132.9959;0.0000;958.7913;276193824.0000
238.9308;131.9959;0.0000;958.7709;276193824.0000
238.9267;131.9959;0.0000;954.7913;276193824.0000
237.9268;130.9959;0.0000;957.7994;276193824.0000
237.9227;130.9959;0.0000;958.7709;276193824.0000
236.9227;130.9959;0.0000;955.7872;276193856.0000
236.9187;130.0000;0.0000;957.7953;276193856.0000
236.9146;129.9959;0.0000;957.7668;276193856.0000
235.9146;129.9959;0.0000;955.8035;276193856.0000
235.9105;129.0000;0.0000;957.7791;276193856.0000
235.9065;128.9959;0.0000;955.7792;276193856.0000
234.9065;128.9959;0.0000;956.7994;276193888.0000
234.9024;127.9959;0.0000;957.7791;276193888.0000
233.9024;127.9959;0.0000;955.7792;276193888.0000
232.9024;127.0000;0.0000;957.7953;276193888.0000
232.8983;126.9959;0.0000;956.7709;276193888.0000
232.8942;126.9959;0.0000;955.7831;276193920.0000
231.8943;126.9919;0.0000;958.7831;276193920.0000
231.8861;125.9959;0.0000;958.7628;276193952.0000
230.8861;125.9919;0.0000;956.7832;276193952.0000
229.8861;124.9959;0.0000;956.7832;276193952.0000
229.8780;124.9919;0.0000;954.7791;276193952.0000
229.8739;124.9919;0.0000;956.7832;276193952.0000
228.8698;124.9919;0.0000;958.7750;276193984.0000
228.8658;123.9919;11.9512;956.7709;276193984.0000
227.8617;123.9919;0.0000;957.7872;276193984.0000
226.8576;123.9878;0.0000;958.7628;276193984.0000
226.8495;122.9919;0.0000;954.7831;276193984.0000
225.8454;122.9878;0.0000;956.7913;276194016.0000
225.8373;122.9878;0.0000;957.7668;276194016.0000
224.8332;121.9878;0.0000;955.7953;276194016.0000
224.8251;121.9837;11.9512;957.7994;276194016.0000
223.8211;121.9837;0.0000;956.7832;276194016.0000
223.8129;120.9837;11.9512;956.8035;276194016.0000
222.8088;120.9837;0.0000;958.7994;276194048.0000
222.8048;120.9796;0.0000;954.8076;276194048.0000
221.8007;120.9796;0.0000;956.8157;276194048.0000
221.7926;119.9837;0.0000;956.7994;276194048.0000
220.7885;119.9796;0.0000;956.8116;276194080.0000
219.7885;119.9796;0.0000;956.8238;276194080.0000
219.7804;119.9796;11.9512;958.7953;276194080.0000
218.7803;118.9837;0.0000;955.8239;276194080.0000
218.7763;118.9796;0.0000;956.8279;276194080.0000
217.7722;117.9837;0.0000;960.7872;276194080.0000
216.7722;117.9837;0.0000;955.8320;276194080.0000
216.7681;117.9837;0.0000;959.8116;276194080.0000
215.7681;117.9837;0.0000;956.8157;276194112.0000
214.7682;116.9878;0.0000;956.8320;276194112.0000
213.7681;116.9878;0.0000;957.8116;276194112.0000
212.7682;116.9878;0.0000;951.8442;276194112.0000
212.7682;116.9878;0.0000;956.8361;276194112.0000
211.7681;116.9878;0.0000;955.8239;276194112.0000
210.7682;116.9919;0.0000;951.8483;276194176.0000
209.7722;116.9919;0.0000;954.8442;276194176.0000
208.7722;116.9919;0.0000;954.8197;276194176.0000
207.7763;116.9959;0.0000;952.8523;276194176.0000
206.7763;116.0000;0.0000;954.8401;276194176.0000
206.7722;116.0041;0.0000;952.8401;276194240.0000
205.7763;116.0041;0.0000;955.8483;276194240.0000
204.7763;116.0041;0.0000;955.8320;276194240.0000
203.7803;116.0081;0.0000;954.8361;276194240.0000
202.7804;116.0081;0.0000;954.8563;276194240.0000
200.7844;116.0122;0.0000;954.8361;276194240.0000
199.7885;116.0163;0.0000;949.8646;276194240.0000
198.7885;116.0163;0.0000;950.8727;276194240.0000
197.7926;116.0203;0.0000;949.8605;276194240.0000
196.7926;116.0244;0.0000;948.8807;276194240.0000
195.7966;116.0285;0.0000;950.8727;276194240.0000
194.7966;115.0366;0.0000;947.8807;276194240.0000
193.8007;115.0407;0.0000;949.8848;276194272.0000
192.8007;115.0448;0.0000;947.8807;276194304.0000
191.8007;115.0488;0.0000;947.8848;276194304.0000
191.7966;115.0529;0.0000;945.9052;276194304.0000
190.8007;115.0570;0.0000;947.8807;276194304.0000
189.8007;115.0611;0.0000;944.8970;276194304.0000
188.8007;115.0611;0.0000;944.9092;276194336.0000
187.8007;115.0650;0.0000;947.8807;276194336.0000
186.8007;115.0691;0.0000;944.9092;276194368.0000
186.7966;116.0691;0.0000;944.9092;276194368.0000
185.7966;116.0733;0.0000;941.9092;276194368.0000
184.8007;116.0813;0.0000;943.9174;276194368.0000
184.7966;115.0895;0.0000;942.9174;276194368.0000
183.7966;115.0935;0.0000;942.9092;276194368.0000
183.7926;115.0976;0.0000;942.9376;276194368.0000
182.7966;115.1017;0.0000;944.9052;276194368.0000
181.7966;115.1058;0.0000;940.9296;276194368.0000
180.8007;115.1058;0.0000;942.9376;276194400.0000
180.7966;115.1098;0.0000;941.9134;276194400.0000
179.8007;115.1139;0.0000;940.9418;276194432.0000
178.8007;115.1139;0.0000;943.9296;276194432.0000
178.7966;115.1180;0.0000;941.9214;276194432.0000
177.8007;115.1220;0.0000;941.9377;276194432.0000
176.8007;115.1261;0.0000;942.9336;276194464.0000
175.8007;115.1261;0.0000;938.9337;276194464.0000
175.7966;115.1302;0.0000;940.9500;276194464.0000
174.7966;115.1342;0.0000;941.9214;276194464.0000
174.7966;115.1383;0.0000;938.9459;276194496.0000
173.7966;116.1383;0.0000;940.9540;276194496.0000
172.7966;116.1424;0.0000;941.9214;276194496.0000
172.7966;116.1465;0.0000;936.9581;276194496.0000
171.7966;116.1505;0.0000;938.9620;276194496.0000
171.7926;116.1505;0.0000;935.9459;276194496.0000
170.7926;116.1546;0.0000;935.9703;276194496.0000
169.7966;116.1587;0.0000;936.9662;276194496.0000
169.7926;116.1627;0.0000;936.9581;276194528.0000
168.7926;117.1627;0.0000;934.9784;276194528.0000
167.7926;117.1627;0.0000;934.9661;276194528.0000
167.7885;117.1668;0.0000;930.9865;276194560.0000
166.7926;117.1709;0.0000;935.9825;276194560.0000
166.7885;117.1749;0.0000;934.9661;276194592.0000
165.7885;117.1830;0.0000;930.9948;276194592.0000
164.7885;117.1871;0.0000;932.9906;276194592.0000
163.7885;118.1871;0.0000;932.9742;276194592.0000
162.7926;118.1952;0.0000;930.0027;276194592.0000
162.7885;119.1952;0.0000;932.9906;276194592.0000
161.7885;119.2034;0.0000;927.9987;276194624.0000
160.7885;119.2074;0.0000;928.0150;276194656.0000
159.7885;119.2115;0.0000;929.9946;276194656.0000
159.7844;119.2156;0.0000;927.0109;276194656.0000
158.7844;120.2156;0.0000;927.0231;276194656.0000
157.7885;120.2197;0.0000;928.0068;276194656.0000
156.7885;120.2237;0.0000;926.0150;276194656.0000
155.7926;120.2278;0.0000;927.0231;276194656.0000
154.7926;121.2278;0.0000;927.0068;276194656.0000
153.7966;121.2359;0.0000;925.0312;276194656.0000
152.7966;121.2400;0.0000;927.0231;276194688.0000
151.8007;122.2400;0.0000;924.0231;276194688.0000
150.8007;122.2441;0.0000;924.0435;276194720.0000
150.8007;122.2481;0.0000;927.0231;276194720.0000
149.8007;123.2481;0.0000;924.0313;276194720.0000
148.8048;123.2522;0.0000;924.0516;276194720.0000
148.8007;123.2603;0.0000;924.0313;276194720.0000
147.8048;123.2644;0.0000;923.0394;276194752.0000
146.8048;124.2644;0.0000;924.0475;276194752.0000
146.8048;124.2685;0.0000;925.0272;276194752.0000
145.8048;125.2685;0.0000;922.0557;276194752.0000
144.8088;125.2685;0.0000;924.0475;276194784.0000
143.8129;126.2685;0.0000;922.0434;276194784.0000
143.8129;126.2766;0.0000;920.0677;276194784.0000
142.8170;126.2806;0.0000;922.0516;276194784.0000
141.8210;127.2807;0.0000;918.0638;276194784.0000
141.8210;127.2807;0.0000;919.0800;276194784.0000
140.8211;128.2847;0.0000;919.0557;276194784.0000
139.8251;128.2847;0.0000;916.0760;276194784.0000
138.8251;129.2847;0.0000;918.0801;276194816.0000
138.8251;130.2848;0.0000;920.0516;276194816.0000
137.8291;130.2888;0.0000;915.0882;276194816.0000
136.8291;131.2888;0.0000;918.0760;276194816.0000
135.8332;132.2848;0.0000;916.0720;276194816.0000
134.8373;132.2888;0.0000;913.1003;276194816.0000
133.8413;133.2847;0.0000;916.0883;276194848.0000
132.8454;133.2888;0.0000;913.0923;276194848.0000
131.8495;134.2848;0.0000;912.1207;276194848.0000
131.8535;135.2847;0.0000;915.0922;276194848.0000
130.8576;135.2847;0.0000;911.1167;276194848.0000
130.8576;135.2888;0.0000;912.1411;276194880.0000
129.8617;136.2888;0.0000;913.1207;276194912.0000
128.8617;136.2928;0.0000;910.1573;276194912.0000
128.8617;137.2888;0.0000;912.1614;276194912.0000
127.8658;138.2888;0.0000;909.1492;276194912.0000
126.8698;138.2928;0.0000;908.1776;276194912.0000
126.8698;139.2928;0.0000;914.1533;276194944.0000
125.8739;139.2969;0.0000;907.1817;276194944.0000
125.8739;140.2969;0.0000;907.2061;276194944.0000
124.8780;141.2928;0.0000;908.2020;276194944.0000
124.8780;141.2969;0.0000;906.2225;276194944.0000
124.8780;141.3010;0.0000;907.2509;276194944.0000
123.8861;142.3010;0.0000;908.2264;276194976.0000
123.8861;142.3050;0.0000;897.2916;276194976.0000
122.8902;143.3050;0.0000;907.2590;276194976.0000
122.8902;143.3091;0.0000;907.2183;276194976.0000
121.8983;144.3091;0.0000;906.2631;276194976.0000
120.9024;145.3091;0.0000;907.2428;276194976.0000
120.9024;146.3091;0.0000;904.2388;276195008.0000
119.9065;146.3132;0.0000;903.2712;276195008.0000
119.9065;147.3091;0.0000;903.2590;276195040.0000
119.9065;148.3091;0.0000;900.2794;276195040.0000
118.9105;148.3132;0.0000;903.2997;276195040.0000
118.9146;149.3132;0.0000;903.2876;276195040.0000
118.9146;149.3172;0.0000;900.3160;276195072.0000
117.9187;150.3172;0.0000;903.3160;276195072.0000
117.9187;150.3213;0.0000;903.2997;276195072.0000
116.9227;151.3213;0.0000;902.3282;276195072.0000
115.9268;152.3213;0.0000;902.3282;276195072.0000
115.9268;152.3254;0.0000;900.3242;276195136.0000
115.9268;153.3254;0.0000;902.3363;276195136.0000
114.9349;154.3254;0.0000;903.3201;276195136.0000
114.9349;154.3335;0.0000;900.3323;276195136.0000
114.9349;155.3335;0.0000;901.3486;276195136.0000
114.9349;155.3376;0.0000;902.3242;276195136.0000
113.9430;156.3376;0.0000;898.3445;276195168.0000
113.9430;156.3417;0.0000;901.3486;276195168.0000
112.9471;157.3417;0.0000;902.3282;276195168.0000
111.9512;158.3417;0.0000;899.3567;276195168.0000
111.9512;158.3457;0.0000;904.3445;276195200.0000
110.9552;159.3457;0.0000;897.3607;276195200.0000
109.9593;160.3457;0.0000;899.3729;276195200.0000
109.9593;160.3498;0.0000;902.3526;276195232.0000
108.9634;161.3498;0.0000;898.3689;276195232.0000
108.9634;162.3498;0.0000;900.3811;276195232.0000
108.9674;162.3539;0.0000;902.3567;276195232.0000
107.9756;163.3539;0.0000;898.3771;276195232.0000
106.9837;164.3539;0.0000;897.4014;276195264.0000
106.9878;165.3539;0.0000;900.3689;276195264.0000
105.9959;165.3620;0.0000;899.3933;276195264.0000
106.0000;166.3620;0.0000;897.4014;276195264.0000
105.0081;167.3620;0.0000;900.3771;276195264.0000
105.0122;167.3661;0.0000;898.3973;276195264.0000
104.0163;168.3661;0.0000;903.3811;276195296.0000
104.0203;169.3661;0.0000;897.4055;276195296.0000
103.0285;170.3620;0.0000;897.4380;276195296.0000
102.0326;170.3661;0.0000;899.4177;276195296.0000
102.0366;171.3661;0.0000;897.4420;276195296.0000
102.0366;172.3661;0.0000;898.4584;276195296.0000
102.0366;173.3661;0.0000;897.4420;276195328.0000
101.0407;174.3661;0.0000;896.4665;276195328.0000
101.0407;175.3620;0.0000;897.4705;276195360.0000
100.0488;175.3701;0.0000;897.4502;276195360.0000
99.0570;176.3702;0.0000;898.4746;276195360.0000
99.0611;177.3701;0.0000;900.4664;276195392.0000
99.0611;178.3702;0.0000;898.4624;276195392.0000
99.0650;179.3661;0.0000;897.4908;276195392.0000
98.0733;179.3702;0.0000;898.4624;276195392.0000
98.0733;180.3661;0.0000;895.4868;276195392.0000
97.0813;181.3661;0.0000;896.5031;276195392.0000
97.0813;182.3620;0.0000;897.4705;276195424.0000
97.0854;183.3620;0.0000;897.4908;276195424.0000
97.0854;183.3620;0.0000;897.4989;276195424.0000
97.0854;184.3620;0.0000;897.4705;276195424.0000
97.0895;185.3579;0.0000;894.5031;276195424.0000
97.0895;185.3620;0.0000;897.4908;276195424.0000
97.0935;186.3580;0.0000;894.4909;276195456.0000
96.0976;187.3579;0.0000;891.5275;276195456.0000
96.0976;187.3620;0.0000;894.5031;276195456.0000
96.1017;188.3580;0.0000;892.5112;276195488.0000
96.1058;189.3579;0.0000;894.5153;276195488.0000
96.1058;190.3579;0.0000;895.4990;276195520.0000
96.1098;190.3579;0.0000;891.5193;276195520.0000
95.1139;191.3580;0.0000;894.5194;276195520.0000
95.1180;192.3539;0.0000;894.5031;276195520.0000
95.1180;193.3539;0.0000;893.5194;276195520.0000
95.1180;194.3498;0.0000;886.5478;276195520.0000
95.1220;195.3457;0.0000;892.5112;276195552.0000
95.1220;196.3457;0.0000;892.5274;276195552.0000
95.1220;197.3417;0.0000;893.5113;276195552.0000
95.1261;198.3417;0.0000;890.5234;276195552.0000
95.1261;199.3376;0.0000;891.5397;276195552.0000
95.1302;200.3376;0.0000;893.5113;276195552.0000
95.1302;201.3376;0.0000;891.5234;276195584.0000
95.1342;202.3335;0.0000;893.5275;276195584.0000
94.1383;203.3335;11.9512;893.5072;276195584.0000
94.1424;204.3295;0.0000;891.5356;276195584.0000
94.1424;205.3295;11.9512;893.5235;276195584.0000
94.1465;206.3254;0.0000;891.5193;276195616.0000
94.1465;207.3254;0.0000;889.5478;276195616.0000
94.1465;208.3213;0.0000;892.5234;276195616.0000
94.1505;209.3213;11.9512;890.5316;276195616.0000
94.1505;210.3173;0.0000;891.5478;276195616.0000
94.1505;211.3173;11.9512;891.5234;276195616.0000
94.1546;212.3132;0.0000;885.5560;276195648.0000
94.1546;213.3132;0.0000;889.5519;276195648.0000
94.1587;214.3091;0.0000;889.5316;276195648.0000
94.1587;215.3091;0.0000;889.5478;276195648.0000
94.1627;216.3091;11.9512;890.5438;276195648.0000
94.1627;217.3050;0.0000;887.5438;276195648.0000
94.1668;218.3051;0.0000;889.5478;276195680.0000
94.1668;219.3010;0.0000;890.5397;276195680.0000
94.1709;220.3010;0.0000;885.5477;276195680.0000
95.1668;221.2969;0.0000;891.5438;276195680.0000
95.1709;222.2969;0.0000;889.5316;276195680.0000
95.1709;222.2969;0.0000;886.5519;276195712.0000
95.1749;223.2969;0.0000;889.5601;276195712.0000
95.1749;224.2928;0.0000;889.5316;276195712.0000
95.1789;225.2888;0.0000;887.5560;276195744.0000
95.1789;226.2888;0.0000;889.5519;276195744.0000
96.1789;227.2888;0.0000;889.5316;276195744.0000
96.1830;228.2888;0.0000;889.5519;276195744.0000
96.1871;229.2848;0.0000;891.5397;276195776.0000
96.1911;230.2847;0.0000;885.5520;276195776.0000
96.1911;231.2847;0.0000;889.5601;276195776.0000
96.1952;232.2848;0.0000;891.5316;276195776.0000
97.1952;233.2806;0.0000;889.5438;276195776.0000
97.1993;234.2806;0.0000;891.5519;276195776.0000
98.1952;235.2806;0.0000;891.5275;276195808.0000
98.1993;236.2766;0.0000;890.5479;276195808.0000
98.2034;237.2766;0.0000;891.5519;276195808.0000
98.2074;238.2726;0.0000;891.5316;276195808.0000
98.2115;240.2685;0.0000;892.5478;276195808.0000
98.2156;241.2644;0.0000;894.5397;276195840.0000
98.2196;243.2563;0.0000;893.5316;276195872.0000
98.2237;244.2563;0.0000;894.5438;276195872.0000
99.2196;246.2481;0.0000;897.5153;276195872.0000
99.2237;247.2481;0.0000;897.5193;276195904.0000
99.2278;249.2400;0.0000;897.5357;276195904.0000
99.2319;250.2400;0.0000;900.5032;276195904.0000
99.2359;251.2359;0.0000;898.5234;276195904.0000
100.2400;252.2318;0.0000;897.5357;276195904.0000
100.2441;253.2318;0.0000;898.5112;276195904.0000
100.2481;254.2278;0.0000;898.5356;276195904.0000
101.2481;255.2237;0.0000;900.5194;276195904.0000
101.2522;257.2196;0.0000;899.5153;276195936.0000
102.2522;258.2156;0.0000;900.5275;276195936.0000
102.2563;259.2115;0.0000;902.5072;276195936.0000
102.2603;260.2074;0.0000;900.5153;276195936.0000
102.2644;261.2074;0.0000;903.5234;276195936.0000
103.2644;262.2034;0.0000;903.4990;276195936.0000
103.2685;263.1993;0.0000;902.5112;276195968.0000
103.2726;264.1952;0.0000;904.5153;276196000.0000
104.2726;265.1952;0.0000;903.4990;276196000.0000
104.2766;266.1911;0.0000;900.5275;276196000.0000
105.2766;267.1872;0.0000;906.5031;276196000.0000
106.2766;267.1912;0.0000;903.4990;276196000.0000
106.2806;268.1872;0.0000;904.5113;276196032.0000
107.2807;269.1830;0.0000;906.4950;276196032.0000
107.2848;269.1830;0.0488;904.4990;276196032.0000
107.2888;270.1790;0.0000;904.5234;276196032.0000
108.2888;271.1789;0.0000;907.4828;276196032.0000
108.2928;271.1789;0.0488;904.5031;276196064.0000
108.2969;272.1750;0.0000;907.5072;276196064.0000
109.3010;272.1750;0.0000;907.4787;276196064.0000
109.3050;272.1790;0.0000;903.5153;276196064.0000
110.3091;273.1750;0.0000;906.5031;276196064.0000
110.3173;273.1789;0.0000;906.4869;276196064.0000
110.3213;274.1750;0.0000;904.5113;276196096.0000
111.3254;275.1750;0.0000;907.4990;276196096.0000
111.3295;275.1750;0.0000;905.4950;276196128.0000
112.3295;275.1750;0.0000;904.5234;276196128.0000
112.3335;276.1750;0.0000;909.4787;276196128.0000
112.3417;276.1750;0.0000;905.4990;276196128.0000
113.3417;277.1709;0.0000;906.5113;276196128.0000
113.3457;277.1709;0.0000;899.5113;276196128.0000
114.3457;278.1709;0.0000;906.5031;276196128.0000
115.3457;278.1709;0.0000;907.5072;276196160.0000
115.3539;279.1668;0.0000;908.4746;276196160.0000
115.3580;279.1668;0.0000;907.4990;276196160.0000
115.3620;280.1628;0.0000;908.4950;276196192.0000
116.3661;280.1628;0.0000;908.4828;276196192.0000
117.3661;281.1587;0.0000;907.5072;276196192.0000
117.3702;282.1587;0.0000;909.4787;276196192.0000
118.3742;282.1546;0.0000;907.4949;276196192.0000
118.3783;283.1505;0.0000;909.4990;276196224.0000
118.3824;283.1505;0.0000;909.4787;276196224.0000
119.3824;284.1465;0.0000;906.5031;276196224.0000
119.3905;284.1465;0.0000;907.5072;276196256.0000
120.3905;284.1465;0.0000;909.4787;276196256.0000
120.3946;284.1465;0.0000;908.5031;276196256.0000
120.3987;285.1424;0.0000;909.4909;276196256.0000
121.3987;285.1424;0.0000;908.4828;276196256.0000
121.4027;286.1383;0.0000;910.4990;276196256.0000
122.4067;286.1383;0.0000;911.4706;276196256.0000
122.4109;287.1302;0.0000;899.5275;276196256.0000
122.4149;287.1302;0.0488;910.4990;276196288.0000
123.4189;288.1261;0.0000;910.4747;276196320.0000
123.4230;288.1261;0.0000;909.4909;276196320.0000
124.4230;288.1261;0.0000;910.4949;276196320.0000
124.4311;289.1220;0.0000;911.4706;276196320.0000
124.4352;289.1220;0.0000;909.4949;276196320.0000
125.4352;290.1180;0.0000;910.4908;276196320.0000
125.4434;290.1139;0.0000;909.4787;276196352.0000
125.4474;290.1139;0.0000;909.4990;276196352.0000
126.4474;291.1057;0.0000;912.4664;276196352.0000
126.4556;291.1057;0.0488;909.4787;276196384.0000
127.4556;291.1057;0.0000;912.4908;276196384.0000
127.4596;292.0976;0.0488;912.4664;276196416.0000
128.4596;292.0976;0.0000;909.4828;276196416.0000
128.4678;293.0935;0.0000;912.4868;276196416.0000
129.4678;293.0894;0.0000;910.4705;276196416.0000
129.4759;293.0894;0.0000;910.4908;276196416.0000
129.4800;294.0854;0.0000;912.4787;276196416.0000
130.4841;294.0854;0.0000;909.4746;276196416.0000
130.4881;294.0813;0.0000;910.4908;276196416.0000
131.4922;295.0772;0.0000;913.4706;276196448.0000
131.5003;295.0772;0.0000;909.4787;276196448.0000
132.5003;296.0732;0.0000;911.4950;276196448.0000
133.5044;296.0692;0.0000;913.4584;276196448.0000
133.5126;296.0692;0.0000;907.4868;276196480.0000
134.5166;297.0610;0.0000;914.4787;276196480.0000
135.5166;297.0610;0.0000;912.4583;276196480.0000
135.5248;298.0528;0.0000;911.4828;276196480.0000
136.5248;298.0528;0.0000;912.4787;276196480.0000
137.5247;299.0447;0.0000;912.4624;276196480.0000
137.5328;299.0447;0.0000;912.4828;276196512.0000
138.5328;299.0407;0.0000;913.4706;276196512.0000
139.5328;300.0366;0.0000;909.4787;276196512.0000
139.5369;300.0326;0.0000;913.4828;276196512.0000
140.5369;301.0284;0.0000;914.4584;276196512.0000
141.5369;301.0244;0.0000;910.4747;276196512.0000
141.5410;301.0203;0.0000;913.4828;276196544.0000
142.5410;302.0163;0.0000;915.4461;276196544.0000
143.5410;302.0122;0.0000;910.4868;276196544.0000
144.5410;303.0041;0.0000;914.4746;276196576.0000
144.5450;303.0000;0.0000;915.4461;276196576.0000
145.5450;303.9959;0.0000;912.4787;276196576.0000
146.5410;303.9919;0.0000;915.4624;276196576.0000
146.5450;303.9878;0.0000;914.4584;276196576.0000
147.5450;304.9796;0.0000;914.4746;276196576.0000
148.5491;304.9756;0.0000;916.4503;276196576.0000
149.5491;305.9715;0.0000;912.4746;276196576.0000
150.5491;305.9674;0.0000;915.4747;276196640.0000
151.5532;306.9593;0.0000;917.4420;276196640.0000
152.5532;306.9552;0.0000;915.4624;276196640.0000
152.5573;306.9511;0.0000;916.4665;276196640.0000
153.5573;307.9471;0.0000;918.4299;276196640.0000
154.5613;307.9430;0.0000;916.4625;276196640.0000
155.5613;307.9390;0.0000;922.4380;276196672.0000
155.5654;308.9309;0.0000;917.4461;276196672.0000
156.5654;308.9268;0.0000;917.4624;276196672.0000
157.5654;309.9187;0.0000;919.4380;276196672.0000
158.5654;309.9146;0.0000;916.4584;276196672.0000
159.5695;309.9106;0.0000;918.4664;276196672.0000
160.5695;309.9065;0.0000;918.4502;276196704.0000
160.5735;310.8983;0.0000;915.4788;276196704.0000
161.5735;310.8902;0.0000;919.4746;276196704.0000
162.5735;310.8861;0.0000;919.4503;276196704.0000
163.5735;311.8780;0.0000;918.4746;276196704.0000
164.5735;311.8698;0.0000;924.4461;276196736.0000
165.5735;312.8617;0.0000;919.4543;276196768.0000
166.5735;312.8576;0.0000;919.4746;276196768.0000
167.5735;313.8454;0.0000;922.4461;276196768.0000
167.5735;313.8413;0.0000;918.4746;276196768.0000
168.5735;314.8291;0.0000;920.5072;276196768.0000
169.5735;314.8250;0.0000;922.4828;276196800.0000
170.5695;314.8170;0.0000;920.5153;276196800.0000
172.5613;315.8047;0.0488;922.5315;276196800.0000
173.5613;315.7966;11.9512;922.5275;276196800.0000
174.5573;315.7925;0.0000;922.5600;276196800.0000
175.5532;315.7844;0.0000;924.5560;276196800.0000
176.5532;316.7722;11.9512;924.5478;276196832.0000
177.5491;316.7681;0.0000;924.5682;276196832.0000
178.5450;316.7600;0.0000;925.5518;276196832.0000
180.5410;317.7519;0.0000;915.5927;276196864.0000
181.5369;317.7437;0.0000;924.5804;276196864.0000
183.5328;317.7397;0.0000;926.5478;276196864.0000
184.5288;318.7315;0.0000;924.5641;276196864.0000
185.5287;318.7274;0.0000;926.5682;276196896.0000
187.5207;318.7194;0.0000;927.5397;276196896.0000
188.5207;318.7152;0.0000;923.5803;276196896.0000
190.5125;319.7072;0.0000;928.5519;276196896.0000
191.5126;319.7030;11.9512;928.5397;276196896.0000
193.5044;319.6949;0.0000;927.5682;276196928.0000
194.5044;319.6909;0.0000;930.5438;276196928.0000
195.5044;319.6868;11.9512;926.5601;276196928.0000
197.5003;319.6827;0.0000;928.5763;276196928.0000
198.4963;319.6786;0.0000;930.5560;276196928.0000
200.4922;319.6746;0.0000;926.5886;276196960.0000
201.4922;319.6705;0.0000;930.6048;276196960.0000
203.4841;319.6664;0.0000;930.5967;276196960.0000
204.4840;319.6583;0.0000;927.6455;276196960.0000
206.4759;319.6542;0.0000;930.6455;276196960.0000
207.4718;319.6502;11.9512;930.6373;276196992.0000
208.4678;319.6461;0.0000;929.6617;276196992.0000
210.4596;319.6461;0.0000;932.6495;276196992.0000
211.4556;319.6420;11.9512;930.6455;276197024.0000
212.4515;319.6379;0.0488;930.6740;276197024.0000
214.4433;319.6339;0.0000;931.6536;276197024.0000
215.4393;319.6298;0.0488;930.6658;276197024.0000
216.4352;318.6298;0.0000;933.6699;276197056.0000
218.4271;318.6258;0.0000;934.6374;276197056.0000
219.4230;318.6217;0.0000;930.6699;276197056.0000
220.4189;318.6217;0.0488;934.6659;276197056.0000
222.4149;318.6176;0.0000;936.6374;276197056.0000
224.4068;317.6176;0.0488;933.6699;276197056.0000
225.4027;317.6135;11.9512;935.6536;276197088.0000
227.3987;317.6095;0.0000;933.6455;276197088.0000
228.3946;317.6095;0.0000;935.6658;276197088.0000
229.3946;317.6054;0.0488;937.6373;276197088.0000
230.3905;316.6055;0.0000;934.6536;276197088.0000
232.3824;316.6014;0.0000;936.6659;276197088.0000
234.3783;316.5932;0.0000;938.6332;276197088.0000
235.3742;316.5892;0.0000;938.6495;276197120.0000
236.3702;316.5851;0.0000;939.6089;276197152.0000
237.3661;316.5811;0.0000;939.6495;276197152.0000
238.3620;315.5770;0.0000;938.6740;276197152.0000
240.3539;315.5729;0.0000;940.6780;276197184.0000
241.3539;314.5729;0.0000;939.6659;276197184.0000
243.3457;314.5688;0.0000;937.6984;276197184.0000
244.3417;314.5607;0.0000;942.6577;276197184.0000
245.3376;314.5566;0.0000;940.6740;276197184.0000
246.3335;314.5526;0.0000;941.6984;276197184.0000
247.3295;314.5444;0.0000;945.6577;276197216.0000
248.3254;313.5444;0.0000;940.6820;276197216.0000
249.3213;312.5444;11.9512;942.6943;276197216.0000
251.3132;312.5363;0.0000;946.6536;276197216.0000
253.3050;311.5363;11.9512;945.6780;276197216.0000
255.2970;310.5322;0.0000;948.6617;276197216.0000
256.2928;310.5281;0.0000;947.6495;276197248.0000
258.2847;309.5241;0.0000;946.6781;276197248.0000
259.2848;308.5200;0.0000;951.6455;276197248.0000
261.2766;308.5159;0.0000;948.6536;276197280.0000
262.2726;307.5119;0.0000;951.6740;276197280.0000
264.2644;307.5078;0.0000;952.6333;276197312.0000
265.2563;306.5037;0.0000;951.6495;276197312.0000
267.2481;305.5037;0.0000;955.6576;276197312.0000
268.2440;304.4997;0.0000;955.6211;276197312.0000
270.2359;303.4997;0.0000;944.6903;276197312.0000
272.2278;302.4956;0.0000;956.6373;276197312.0000
274.2196;301.4956;0.0000;956.6211;276197344.0000
275.2156;300.4956;0.0000;955.6495;276197344.0000
277.2034;300.4915;0.0000;958.6251;276197344.0000
278.1993;299.4875;0.0000;955.6332;276197344.0000
280.1912;297.4915;0.0000;955.6576;276197344.0000
281.1872;296.4915;0.0000;958.6171;276197344.0000
283.1789;295.4915;0.0000;956.6251;276197376.0000
284.1750;294.4916;0.0000;958.6454;276197376.0000
285.1708;292.4956;0.0000;959.6089;276197376.0000
286.1668;291.4956;0.0000;956.6373;276197376.0000
287.1628;290.4916;0.0488;960.6251;276197376.0000
288.1546;289.4916;0.0000;959.6089;276197376.0000
289.1505;288.4915;0.0488;957.6333;276197408.0000
290.1465;287.4915;0.0000;960.6251;276197408.0000
291.1383;286.4915;0.0000;957.6170;276197408.0000
292.1342;285.4916;0.0000;960.6211;276197408.0000
293.1302;284.4915;0.0000;963.5967;276197408.0000
293.1261;283.4915;0.0000;958.6171;276197408.0000
294.1220;282.4875;0.0000;963.6170;276197440.0000
295.1180;282.4834;0.0000;961.6007;276197440.0000
295.1139;281.4834;0.0000;961.6171;276197440.0000
296.1098;280.4834;0.0000;955.6576;276197440.0000
297.1017;279.4834;0.0000;963.5967;276197440.0000
297.1017;278.4834;0.0000;961.6333;276197472.0000
298.0935;277.4834;0.0000;964.6048;276197472.0000
298.0935;277.4794;0.0000;963.6129;276197472.0000
299.0854;276.4794;11.9512;963.6292;276197472.0000
300.0772;275.4793;0.0000;963.6170;276197472.0000
301.0732;274.4794;0.0000;964.6251;276197472.0000
301.0691;273.4753;0.0000;966.6415;276197504.0000
302.0610;272.4753;0.0000;966.6171;276197504.0000
303.0569;271.4753;11.9512;956.6740;276197504.0000
304.0488;270.4753;0.0000;967.6495;276197536.0000
304.0448;269.4794;0.0000;967.6211;276197536.0000
305.0366;267.4834;0.0000;966.6536;276197536.0000
305.0326;266.4834;0.0000;969.6455;276197568.0000
306.0285;266.4793;0.0000;967.6333;276197568.0000
306.0244;264.4794;0.0000;968.6495;276197568.0000
307.0163;263.4794;0.0000;971.6129;276197568.0000
308.0081;262.4794;0.0000;969.6332;276197568.0000
308.0041;262.4753;11.9512;969.6700;276197568.0000
308.9959;261.4713;0.0000;972.6211;276197600.0000
308.9919;260.4712;0.0000;969.6374;276197600.0000
308.9878;259.4713;0.0000;972.6333;276197600.0000
309.9756;259.4672;0.0000;970.6251;276197600.0000
309.9716;258.4631;0.0000;972.6333;276197600.0000
310.9634;257.4630;0.0000;974.6129;276197632.0000
310.9593;256.4631;0.0000;972.6170;276197664.0000
311.9511;255.4631;0.0000;974.6251;276197664.0000
311.9472;254.4590;0.0000;976.6129;276197664.0000
311.9430;254.4550;0.0000;973.6007;276197664.0000
311.9389;253.4550;0.0000;972.6374;276197696.0000
312.9309;252.4550;0.0000;977.5885;276197696.0000
312.9268;251.4550;0.0000;974.6129;276197696.0000
313.9187;250.4550;0.0000;975.6088;276197696.0000
313.9187;249.4550;0.0000;977.5845;276197696.0000
313.9146;249.4509;0.0000;974.6211;276197696.0000
314.9065;248.4468;0.0000;977.6048;276197696.0000
314.9024;247.4468;0.0000;976.5885;276197728.0000
315.8943;246.4427;0.0000;975.6170;276197728.0000
315.8902;245.4427;0.0000;978.5926;276197728.0000
315.8861;245.4346;0.0000;977.5926;276197728.0000
315.8820;244.4346;0.0000;976.6129;276197728.0000
316.8739;242.4346;0.0000;981.5723;276197728.0000
316.8698;241.4346;0.0000;975.6007;276197760.0000
317.8658;241.4305;0.0000;981.5967;276197760.0000
317.8617;240.4265;0.0000;980.5682;276197760.0000
317.8576;239.4265;0.0000;977.6007;276197760.0000
318.8495;238.4224;0.0000;980.5926;276197760.0000
318.8454;237.4224;0.0000;978.5804;276197760.0000
318.8413;236.4224;0.0000;977.6007;276197792.0000
319.8332;235.4224;0.0000;980.5804;276197824.0000
319.8332;234.4224;0.0000;978.5763;276197824.0000
320.8250;233.4224;0.0000;979.5926;276197824.0000
320.8210;232.4183;0.0000;980.5723;276197824.0000
320.8170;231.4183;0.0000;978.5885;276197824.0000
321.8088;229.4224;0.0000;981.5885;276197824.0000
321.8048;228.4183;11.9512;981.5601;276197824.0000
322.7966;227.4183;0.0000;980.5885;276197824.0000
322.7925;226.4183;11.9512;981.5845;276197824.0000
322.7885;225.4183;0.0000;982.5560;276197824.0000
323.7763;223.4224;0.0000;980.5885;276197856.0000
323.7722;222.4224;0.0000;984.5641;276197856.0000
324.7641;221.4265;11.9512;982.5601;276197856.0000
324.7559;219.4305;0.0000;984.5723;276197888.0000
324.7519;218.4305;11.9512;984.5560;276197888.0000
325.7397;217.4305;0.0000;979.5804;276197888.0000
325.7315;216.4305;0.0000;988.5601;276197920.0000
325.7274;215.4305;0.0000;980.5763;276197920.0000
325.7194;214.4305;0.0000;982.5723;276197920.0000
325.7152;213.4305;0.0000;986.5641;276197952.0000
326.7030;211.4346;0.0000;985.5519;276197952.0000
326.6990;210.4387;0.0000;985.5560;276197952.0000
326.6909;209.4387;0.0000;988.5601;276197952.0000
326.6868;208.4387;0.0000;985.5560;276197952.0000
326.6828;206.4468;0.0000;988.5601;276197952.0000
326.6746;205.4509;0.0000;990.5316;276197952.0000
327.6665;204.4509;0.0000;988.5438;276197952.0000
327.6624;203.4550;0.0000;989.5601;276197984.0000
327.6542;201.4631;0.0000;991.5275;276197984.0000
327.6502;200.4631;0.0000;988.5479;276197984.0000
327.6420;199.4672;0.0488;993.5478;276197984.0000
327.6380;198.4672;0.0000;993.5193;276198016.0000
327.6298;197.4672;0.0000;991.5438;276198016.0000
327.6217;196.4672;0.0000;995.5275;276198048.0000
327.6176;194.4753;0.0000;990.5357;276198048.0000
327.6136;193.4752;0.0000;993.5112;276198048.0000
327.6055;191.4793;0.0000;996.5477;276198048.0000
328.5932;190.4834;0.0000;992.5072;276198048.0000
328.5891;188.4875;0.0000;994.5763;276198048.0000
328.5810;187.4915;0.0000;996.5356;276198080.0000
328.5770;186.4956;0.0000;995.5438;276198080.0000
328.5688;185.4956;0.0000;997.5641;276198080.0000
328.5648;183.5037;0.0000;997.5438;276198080.0000
328.5566;182.5037;0.0000;996.5477;276198080.0000
327.5526;181.5037;0.0000;999.5438;276198080.0000
327.5485;180.5078;0.0000;996.5601;276198112.0000
328.5363;178.5119;0.0000;996.5682;276198112.0000
328.5281;177.5159;0.0000;999.5478;276198112.0000
328.5241;175.5200;0.0000;996.5477;276198112.0000
328.5159;174.5241;0.0000;997.5723;276198144.0000
327.5119;173.5241;0.0000;999.5438;276198144.0000
327.5038;172.5282;0.0000;996.5601;276198176.0000
327.4997;170.5322;0.0000;999.5641;276198176.0000
327.4916;169.5363;11.9512;1000.5234;276198176.0000
327.4875;168.5404;0.0000;999.5560;276198176.0000
327.4794;166.5485;11.9512;1000.5519;276198176.0000
326.4794;165.5485;0.0000;1002.5316;276198208.0000
326.4713;164.5526;0.0000;999.5601;276198208.0000
326.4672;163.5566;0.0000;1001.5397;276198208.0000
326.4590;161.5648;0.0000;999.5478;276198240.0000
326.4550;160.5688;0.0000;999.5682;276198240.0000
326.4468;158.5770;0.0000;1002.5316;276198240.0000
326.4387;157.5811;0.0000;999.5438;276198240.0000
325.4387;155.5851;0.0000;1001.5601;276198240.0000
325.4305;154.5892;0.0000;1002.5235;276198240.0000
325.4265;153.5933;0.0000;999.5601;276198240.0000
324.4224;151.6013;0.0000;1002.5519;276198240.0000
324.4183;149.6054;0.0000;1002.5235;276198240.0000
323.4142;148.6095;0.0000;1000.5560;276198272.0000
323.4102;146.6176;0.0000;1002.5438;276198272.0000
323.4020;145.6217;0.0000;1001.5397;276198272.0000
322.4020;144.6258;0.0000;1002.5519;276198272.0000
322.3939;142.6339;0.0000;1005.5194;276198272.0000
321.3939;141.6380;0.0000;1002.5357;276198272.0000
321.3898;139.6461;0.0000;1003.5478;276198304.0000
321.3858;138.6502;0.0000;1005.5113;276198304.0000
320.3857;136.6583;0.0000;1002.5438;276198304.0000
320.3817;135.6624;0.0000;1005.5397;276198304.0000
319.3817;134.6665;0.0000;1004.5153;276198336.0000
318.3817;132.6787;0.0000;1004.5397;276198368.0000
318.3776;131.6827;0.0000;1005.5397;276198368.0000
317.3776;129.6909;0.0000;1004.5153;276198368.0000
316.3817;128.6990;0.0000;1004.5437;276198368.0000
316.3776;127.7031;0.0000;1008.4990;276198368.0000
315.3776;125.7112;0.0000;1004.5233;276198368.0000
314.3776;124.7153;0.0000;1005.5397;276198400.0000
313.3817;123.7234;0.0000;1004.5153;276198400.0000
313.3776;122.7274;11.9512;1002.5397;276198400.0000
312.3817;121.7356;0.0000;1006.5316;276198400.0000
312.3776;119.7437;0.0000;1006.5072;276198400.0000
311.3776;118.7478;0.0000;1004.5356;276198400.0000
311.3735;117.7519;0.0000;1005.5275;276198432.0000
310.3735;116.7600;0.0000;1005.5072;276198432.0000
309.3736;115.7641;0.0000;1004.5356;276198432.0000
309.3695;114.7681;0.0000;1008.4990;276198432.0000
308.3695;113.7763;0.0000;1005.5194;276198432.0000
307.3696;112.7803;0.0000;1005.5397;276198432.0000
306.3735;111.7844;0.0000;1005.5113;276198464.0000
306.3695;110.7926;0.0000;1005.5113;276198496.0000
305.3695;108.8007;0.0000;1010.5194;276198496.0000
304.3695;108.8048;0.0000;1007.4990;276198496.0000
303.3736;107.8088;0.0000;1007.5193;276198496.0000
302.3735;106.8129;0.0000;1008.5153;276198496.0000
302.3694;105.8211;0.0000;1006.4950;276198528.0000
301.3695;105.8211;0.0000;1006.5233;276198528.0000
300.3695;104.8291;0.0000;1009.5031;276198528.0000
300.3614;103.8332;0.0000;1005.5031;276198528.0000
299.3614;102.8373;0.0000;1007.5316;276198528.0000
298.3573;101.8413;0.0000;1008.4868;276198560.0000
297.3573;100.8495;0.0000;1005.5113;276198560.0000
297.3492;99.8535;0.0000;1007.5357;276198560.0000
296.3451;98.8617;0.0000;1008.4868;276198560.0000
296.3411;97.8658;0.0000;1006.4990;276198560.0000
295.3370;96.8739;0.0000;1008.4543;276198560.0000
294.3370;96.8739;0.0000;1008.4868;276198592.0000
294.3329;95.8780;0.0000;1006.4746;276198592.0000
293.3370;94.8861;0.0000;1008.4664;276198592.0000
293.3328;93.8902;0.0000;998.4908;276198624.0000
292.3329;93.8942;0.0000;1007.4828;276198624.0000
291.3329;92.9024;0.0000;1008.4420;276198624.0000
291.3289;92.9024;0.0000;1005.4664;276198656.0000
290.3289;91.9065;0.0000;1007.4665;276198656.0000
289.3289;90.9146;0.0000;1008.4420;276198656.0000
289.3248;89.9187;0.0000;998.5153;276198656.0000
288.3207;88.9268;0.0000;1011.4584;276198656.0000
288.3167;88.9268;0.0000;1008.4503;276198656.0000
287.3167;87.9350;0.0000;1009.4584;276198688.0000
287.3085;86.9389;11.9512;1008.4624;276198688.0000
286.3085;86.9430;0.0000;1005.4624;276198688.0000
285.3044;85.9512;0.0000;1005.4869;276198688.0000
284.3044;85.9512;0.0000;1000.4746;276198688.0000
284.3004;84.9593;0.0000;1008.4584;276198720.0000
283.2963;83.9674;0.0000;1004.4908;276198720.0000
282.2963;82.9756;11.9512;1008.4420;276198720.0000
282.2922;82.9796;0.0000;1005.4664;276198720.0000
281.2922;81.9837;0.0000;1008.4664;276198720.0000
280.2922;80.9919;0.0000;1007.4503;276198720.0000
279.2922;80.0000;0.0000;1004.4868;276198784.0000
278.2922;80.0041;0.0000;1007.4665;276198784.0000
277.2881;79.0122;11.9512;1007.4625;276198784.0000
277.2841;78.0203;0.0000;1003.4908;276198784.0000
276.2841;78.0244;11.9512;1005.4664;276198784.0000
275.2841;77.0326;0.0000;1005.4624;276198784.0000
274.2841;76.0407;0.0000;1003.4990;276198816.0000
273.2841;76.0448;0.0000;1005.4705;276198816.0000
272.2841;75.0529;0.0000;1003.4828;276198816.0000
271.2882;75.0529;11.9512;1004.4950;276198816.0000
270.2881;74.0611;0.0000;1005.4664;276198816.0000
269.2922;73.0691;0.0000;1002.5072;276198816.0000
268.2922;73.0732;11.9512;1003.4908;276198848.0000
267.2922;72.0813;0.0000;1003.4828;276198848.0000
266.2963;71.0854;0.0000;1001.5112;276198848.0000
265.2963;71.0895;11.9512;1003.4908;276198848.0000
264.2963;70.0976;11.9512;999.4990;276198848.0000
263.2963;70.0976;11.9512;1001.5112;276198880.0000
262.3004;69.1058;0.0000;1005.4746;276198880.0000
261.3004;68.1098;0.0000;1002.4990;276198912.0000
260.3044;68.1139;0.0000;1002.5072;276198912.0000
259.3085;67.1180;11.9512;1003.4868;276198912.0000
258.3126;67.1220;0.0000;1002.5113;276198912.0000
257.3126;66.1261;0.0000;1002.5113;276198944.0000
256.3167;65.1342;0.0000;1003.4868;276198944.0000
255.3167;65.1383;0.0000;1002.5113;276198944.0000
254.3207;64.1424;0.0000;1005.4869;276198944.0000
253.3248;63.1505;0.0000;1002.4990;276198944.0000
252.3248;63.1505;0.0000;1004.5112;276198944.0000
251.3289;63.1546;0.0000;1005.4869;276198976.0000
250.3329;62.1587;0.0000;1002.5113;276198976.0000
249.3370;62.1627;0.0000;1003.5153;276198976.0000
247.3411;61.1709;0.0000;1005.4624;276198976.0000
246.3451;60.1749;0.0000;1002.5113;276198976.0000
246.3411;59.1830;0.0000;1002.5153;276198976.0000
245.3451;59.1830;0.0000;1004.4908;276199008.0000
244.3492;58.1912;0.0000;1002.5153;276199008.0000
243.3492;58.1912;0.0000;1005.5072;276199008.0000
241.3573;57.1993;0.0000;1002.4990;276199008.0000
241.3533;56.2074;0.0000;1002.5235;276199072.0000
240.3573;57.2034;0.0000;1004.4908;276199072.0000
239.3573;56.2115;0.0000;999.5234;276199072.0000
238.3573;55.2196;0.0000;1001.5275;276199072.0000
237.3573;55.2196;0.0000;1002.4990;276199072.0000
236.3573;54.2278;0.0000;1001.5193;276199072.0000
235.3573;54.2318;0.0000;1003.5316;276199072.0000
234.3614;54.2318;0.0000;1002.4990;276199104.0000
233.3614;53.2400;0.0000;1000.5316;276199104.0000
232.3614;53.2441;0.0000;1001.5233;276199104.0000
231.3614;52.2481;0.0000;1001.5032;276199104.0000
230.3613;52.2522;0.0000;999.5316;276199104.0000
229.3614;51.2603;0.0000;999.5153;276199104.0000
228.3614;51.2644;0.0000;999.5316;276199136.0000
226.3655;51.2644;0.0000;999.5478;276199136.0000
225.3655;49.2766;0.0000;1002.5113;276199136.0000
224.3655;49.2807;0.0000;998.5397;276199136.0000
223.3655;49.2848;0.0000;1000.5397;276199136.0000
222.3655;49.2888;0.0000;999.5275;276199136.0000
222.3614;49.2928;0.0000;998.5397;276199168.0000
221.3613;49.2969;0.0000;998.5478;276199200.0000
220.3614;49.3010;0.0000;999.5275;276199200.0000
220.3614;49.3010;0.0000;998.5397;276199200.0000
219.3614;49.3050;0.0000;999.5275;276199200.0000
218.3614;48.3132;0.0000;997.5316;276199200.0000
217.3655;48.3173;11.9512;999.5560;276199200.0000
216.3655;48.3213;0.0000;999.5275;276199200.0000
215.3655;47.3295;0.0000;997.5316;276199200.0000
214.3695;47.3295;0.0000;999.5560;276199200.0000
213.3695;47.3335;0.0000;999.5356;276199200.0000
212.3695;47.3376;0.0000;996.5601;276199232.0000
211.3736;47.3417;0.0000;996.5477;276199232.0000
210.3736;47.3457;0.0000;995.5478;276199232.0000
209.3736;47.3498;0.0000;996.5682;276199232.0000
208.3736;47.3539;0.0000;998.5397;276199232.0000
207.3776;46.3620;0.0000;996.5477;276199232.0000
206.3776;46.3661;0.0000;997.5723;276199296.0000
205.3817;46.3702;0.0000;999.5356;276199296.0000
204.3817;46.3742;0.0000;996.5560;276199296.0000
203.3858;46.3783;0.0000;998.5641;276199328.0000
202.3898;46.3824;11.9512;996.5356;276199328.0000
201.3898;46.3905;0.0000;995.5804;276199328.0000
200.3939;46.3946;0.0000;996.5723;276199328.0000
199.3980;46.3987;0.0000;997.5357;276199328.0000
198.3980;46.4027;0.0000;995.5804;276199328.0000
197.4021;46.4109;0.0000;997.5601;276199328.0000
197.3980;46.4149;0.0000;993.5682;276199328.0000
196.4021;46.4189;0.0000;996.5804;276199328.0000
195.4061;46.4230;0.0000;996.5477;276199360.0000
194.4061;46.4271;11.9512;994.5723;276199360.0000
193.4102;46.4352;0.0000;994.5886;276199360.0000
192.4102;46.4393;0.0000;996.5437;276199360.0000
191.4143;46.4474;0.0000;993.5885;276199360.0000
190.4183;46.4515;0.0000;996.5763;276199360.0000
189.4183;46.4596;0.0000;995.5519;276199392.0000
189.4183;46.4637;0.0000;995.5723;276199424.0000
188.4183;46.4718;0.0000;995.5723;276199424.0000
187.4224;46.4800;0.0000;992.5804;276199424.0000
186.4265;46.4881;0.0000;993.6007;276199424.0000
185.4265;47.4881;0.0000;995.5682;276199488.0000
184.4305;47.4963;0.0000;992.5885;276199488.0000
183.4346;47.5044;0.0000;993.5885;276199488.0000
182.4346;47.5126;0.0000;991.5804;276199488.0000
181.4387;47.5166;0.0000;990.6007;276199488.0000
179.4427;47.5248;0.0000;993.5927;276199488.0000
179.4387;47.5288;0.0000;992.5763;276199488.0000
178.4427;47.5369;0.0000;991.5967;276199488.0000
177.4427;47.5410;0.0000;993.5927;276199488.0000
176.4468;47.5491;0.0000;993.5763;276199488.0000
175.4468;47.5532;0.0000;990.6048;276199488.0000
175.4468;47.5613;0.0000;993.5723;276199488.0000
174.4468;47.5695;11.9512;989.5886;276199520.0000
173.4509;47.5735;0.0000;990.6048;276199520.0000
173.4509;48.5776;0.0000;993.5763;276199552.0000
172.4509;48.5857;0.0000;990.5967;276199552.0000
171.4550;49.5857;0.0000;993.5885;276199552.0000
170.4590;49.5939;0.0000;990.5885;276199552.0000
169.4631;49.6020;11.9512;988.6211;276199584.0000
168.4672;49.6102;0.0000;991.6007;276199616.0000
167.4712;49.6183;0.0000;992.5804;276199616.0000
166.4753;49.6224;0.0000;993.6007;276199616.0000
165.4793;49.6304;0.0000;993.5804;276199616.0000
164.4834;49.6345;0.0000;990.6048;276199616.0000
163.4874;49.6426;0.0000;993.6129;276199616.0000
163.4874;49.6467;0.0000;992.5885;276199616.0000
162.4915;49.6508;0.0000;989.6048;276199616.0000
162.4915;49.6589;0.0000;991.6129;276199616.0000
161.4956;50.6589;0.0000;990.5885;276199616.0000
160.4996;50.6630;0.0000;990.6129;276199648.0000
160.4996;50.6671;0.0488;990.6089;276199648.0000
159.5037;50.6752;0.0488;988.5927;276199648.0000
158.5078;50.6793;0.0000;989.6171;276199680.0000
157.5119;50.6874;0.0488;991.5845;276199680.0000
156.5159;50.6915;0.0000;988.5560;276199680.0000
155.5200;50.6956;0.0000;988.5763;276199712.0000
155.5200;50.6996;0.0000;990.5519;276199712.0000
154.5241;50.7037;11.9512;986.5682;276199712.0000
153.5282;50.7078;0.0000;988.5763;276199712.0000
152.5322;51.7078;0.0000;989.5478;276199744.0000
151.5363;51.7118;0.0000;986.5803;276199744.0000
150.5404;51.7159;0.0000;985.5804;276199744.0000
149.5444;51.7200;0.0000;985.5682;276199744.0000
148.5485;51.7240;0.0000;986.5763;276199744.0000
148.5485;51.7281;0.0000;988.5682;276199744.0000
147.5526;51.7281;0.0000;984.5763;276199744.0000
146.5566;51.7322;11.9512;983.6007;276199744.0000
145.5648;52.7322;0.0000;984.5682;276199776.0000
144.5688;53.7322;0.0000;980.5885;276199776.0000
143.5729;53.7363;11.9512;981.6089;276199776.0000
142.5770;53.7403;0.0000;981.5763;276199808.0000
141.5811;53.7444;0.0000;976.6171;276199808.0000
140.5851;54.7444;0.0000;979.6129;276199840.0000
139.5891;55.7403;0.0000;978.5967;276199840.0000
139.5891;56.7403;0.0000;975.6251;276199840.0000
138.5973;56.7444;0.0000;978.6088;276199840.0000
137.6013;57.7444;0.0000;975.6088;276199840.0000
136.6054;57.7444;0.0000;978.6211;276199840.0000
135.6095;56.7525;11.9512;976.6047;276199872.0000
134.6136;56.7566;0.0000;974.6211;276199904.0000
133.6176;56.7566;11.9512;974.6007;276199904.0000
132.6258;56.7607;11.9512;972.6251;276199904.0000
131.6298;56.7648;0.0000;970.6455;276199904.0000
130.6339;57.7607;0.0000;969.6659;276199904.0000
129.6380;58.7607;0.0000;969.6332;276199904.0000
128.6420;59.7607;0.0000;969.6455;276199904.0000
127.6461;59.7607;11.9512;970.6414;276199904.0000
127.6502;59.7648;0.0000;966.6577;276199904.0000
126.6543;59.7687;0.0000;967.6780;276199904.0000
125.6583;60.7647;11.9512;969.6415;276199936.0000
125.6583;61.7647;0.0000;957.7025;276199968.0000
124.6665;61.7687;0.0000;963.6983;276199968.0000
123.6705;61.7687;11.9512;963.6698;276199968.0000
122.6746;62.7687;0.0000;963.6698;276199968.0000
121.6787;63.7687;0.0000;963.6943;276199968.0000
120.6827;64.7687;0.0000;963.6576;276200000.0000
119.6868;65.7648;0.0000;961.6903;276200000.0000
118.6909;65.7688;0.0000;961.6903;276200000.0000
118.6909;65.7728;11.9512;959.6821;276200032.0000
117.6950;65.7769;0.0000;959.7106;276200032.0000
115.7031;66.7728;11.9512;961.6781;276200032.0000
114.7072;67.7728;0.0000;957.6943;276200032.0000
113.7112;68.7728;0.0000;960.7064;276200032.0000
112.7152;68.7728;0.0000;958.6903;276200032.0000
111.7194;68.7769;0.0000;955.6943;276200032.0000
111.7194;69.7769;0.0000;957.7188;276200032.0000
110.7234;70.7769;0.0000;957.6943;276200032.0000
109.7274;70.7810;0.0000;952.7349;276200064.0000
108.7315;70.7850;0.0000;952.7269;276200064.0000
107.7356;71.7850;0.0000;957.6943;276200064.0000
106.7397;72.7850;0.0000;949.7513;276200064.0000
104.7478;73.7850;0.0000;955.7146;276200064.0000
103.7559;73.7891;0.0000;951.7268;276200064.0000
102.7600;74.7891;0.0000;951.7472;276200096.0000
101.7641;75.7891;0.0000;952.7228;276200096.0000
99.7722;76.7891;0.0000;948.7430;276200096.0000
98.7763;76.7932;0.0000;949.7553;276200096.0000
97.7844;77.7932;0.0000;950.7228;276200096.0000
96.7885;78.7932;0.0000;948.7552;276200128.0000
95.7926;79.7932;0.0000;949.7553;276200160.0000
94.7966;79.7972;0.0000;948.7308;276200160.0000
94.7966;80.7972;0.0000;946.7513;276200160.0000
92.8088;81.7972;0.0000;946.7513;276200160.0000
92.8088;81.8013;0.0000;945.7472;276200160.0000
91.8129;82.8013;0.0000;944.7797;276200160.0000
90.8170;83.8013;0.0000;948.7350;276200192.0000
89.8211;84.8013;0.0000;945.7513;276200192.0000
88.8291;84.8054;0.0000;946.7757;276200192.0000
88.8291;85.8054;0.0000;945.7431;276200192.0000
87.8332;85.8094;0.0000;944.7594;276200192.0000
87.8373;86.8094;0.0000;948.7552;276200224.0000
87.8373;86.8135;0.0000;948.7308;276200224.0000
86.8413;87.8135;0.0000;945.7674;276200256.0000
86.8454;87.8176;0.0000;946.7513;276200256.0000
86.8454;87.8217;0.0000;944.7553;276200256.0000
85.8495;88.8217;0.0000;946.7269;276200256.0000
84.8535;88.8257;0.0000;944.7513;276200256.0000
84.8535;89.8217;0.0000;943.7756;276200256.0000
83.8617;90.8217;0.0000;944.7878;276200288.0000
82.8658;91.8217;0.0000;946.7431;276200288.0000
81.8739;92.8217;0.0000;942.7797;276200288.0000
80.8820;93.8176;0.0000;945.7878;276200288.0000
79.8861;93.8217;0.0000;939.7716;276200320.0000
79.8902;94.8217;0.0000;941.7838;276200352.0000
78.8942;94.8217;0.0000;942.7797;276200352.0000
77.9024;95.8217;0.0000;939.7797;276200352.0000
77.9024;95.8257;0.0000;937.8163;276200352.0000
76.9065;96.8217;0.0000;940.7757;276200384.0000
75.9146;96.8257;0.0000;937.8001;276200384.0000
75.9146;97.8257;0.0000;937.8204;276200384.0000
74.9187;98.8217;0.0000;937.7878;276200384.0000
73.9268;99.8217;0.0000;936.8082;276200384.0000
73.9268;99.8257;0.0000;936.8123;276200384.0000
72.9350;100.8257;0.0000;935.7878;276200416.0000
71.9430;101.8257;11.9512;936.8082;276200416.0000
70.9471;102.8217;0.0000;935.8123;276200416.0000
69.9552;103.8217;0.0000;935.7919;276200416.0000
68.9593;103.8257;11.9512;933.8285;276200448.0000
68.9634;104.8257;0.0000;933.8041;276200448.0000
67.9715;105.8257;0.0000;932.8204;276200448.0000
66.9756;105.8298;0.0000;933.8203;276200448.0000
66.9797;106.8298;0.0000;935.7960;276200480.0000
65.9837;107.8298;0.0000;930.8285;276200480.0000
64.9919;108.8257;11.9512;931.8407;276200480.0000
64.9919;108.8298;0.0000;933.8123;276200480.0000
64.0000;109.8298;0.0000;930.8285;276200512.0000
63.0081;110.8298;0.0000;929.8285;276200512.0000
63.0081;111.8298;0.0000;930.8082;276200512.0000
62.0163;112.8298;11.9512;929.8367;276200512.0000
61.0204;112.8339;0.0000;930.8163;276200512.0000
61.0244;113.8339;0.0000;927.8285;276200512.0000
60.0285;114.8339;0.0000;925.8611;276200544.0000
60.0326;115.8339;0.0000;929.8123;276200544.0000
59.0366;116.8298;0.0000;927.8367;276200544.0000
59.0407;116.8339;0.0000;928.8447;276200544.0000
58.0488;117.8339;0.0000;927.8244;276200544.0000
58.0529;118.8339;0.0000;925.8529;276200544.0000
57.0570;119.8339;0.0000;929.8326;276200576.0000
56.0651;119.8379;0.0000;927.8244;276200576.0000
56.0691;121.8298;0.0000;926.8407;276200608.0000
55.0732;122.8298;0.0000;929.8123;276200608.0000
55.0773;123.8298;0.0000;925.8326;276200608.0000
54.0854;124.8298;0.0000;927.8489;276200640.0000
54.0895;125.8298;0.0000;925.8203;276200640.0000
53.0976;126.8257;0.0000;925.8367;276200640.0000
53.1017;127.8257;0.0000;922.8651;276200640.0000
52.1058;128.8257;0.0000;922.8367;276200640.0000
52.1098;130.8217;0.0000;923.8611;276200640.0000
51.1180;131.8217;0.0000;925.8570;276200672.0000
51.1220;132.8176;0.0000;922.8367;276200672.0000
50.1261;133.8176;0.0000;923.8528;276200672.0000
49.1342;135.8135;0.0000;924.8489;276200672.0000
49.1383;136.8135;0.0000;923.8326;276200672.0000
49.1424;137.8135;0.0000;922.8489;276200672.0000
48.1505;138.8135;0.0000;924.8204;276200672.0000
48.1505;140.8094;0.0000;922.8367;276200672.0000
48.1546;141.8054;0.0000;919.8732;276200704.0000
47.1627;142.8054;0.0000;924.8163;276200704.0000
47.1668;143.8054;0.0000;922.8367;276200704.0000
47.1709;144.8054;0.0000;923.8367;276200736.0000
47.1749;145.8054;11.9512;922.8204;276200736.0000
46.1871;147.8013;0.0000;922.8367;276200736.0000
46.1912;148.8013;0.0000;922.8367;276200736.0000
45.1993;149.8013;0.0000;922.8244;276200736.0000
45.2034;150.7972;0.0000;919.8570;276200736.0000
45.2034;151.7972;0.0000;922.8123;276200768.0000
45.2074;152.7972;0.0000;920.8326;276200768.0000
44.2156;153.7972;0.0000;922.8489;276200768.0000
44.2196;154.7972;0.0000;922.8244;276200768.0000
43.2278;155.7932;11.9512;918.8611;276200768.0000
43.2278;157.7891;0.0000;922.8407;276200768.0000
43.2318;158.7891;0.0000;922.8204;276200800.0000
42.2400;159.7891;11.9512;919.8489;276200800.0000
42.2441;160.7891;0.0000;922.8367;276200800.0000
42.2481;161.7891;11.9512;922.8123;276200800.0000
41.2563;162.7850;0.0000;919.8489;276200800.0000
41.2563;163.7850;0.0000;923.8326;276200864.0000
40.2644;164.7850;0.0000;918.8407;276200864.0000
40.2685;166.7769;0.0000;919.8611;276200864.0000
40.2685;167.7769;0.0000;920.8326;276200864.0000
39.2766;167.7810;0.0000;918.8489;276200864.0000
39.2806;168.7769;0.0000;919.8611;276200864.0000
39.2847;169.7769;0.0000;919.8326;276200864.0000
39.2888;170.7769;0.0000;916.8611;276200896.0000
38.2969;171.7728;0.0000;918.8528;276200896.0000
38.2969;172.7728;0.0000;920.8367;276200896.0000
38.3010;173.7688;0.0000;919.8570;276200896.0000
38.3050;174.7688;0.0000;920.8244;276200896.0000
37.3132;175.7648;0.0000;918.8407;276200928.0000
37.3173;176.7647;0.0000;922.8407;276200928.0000
37.3173;177.7606;0.0000;922.8244;276200928.0000
37.3213;178.7566;0.0000;917.8448;276200928.0000
36.3295;179.7566;0.0000;922.8367;276200928.0000
36.3335;180.7525;11.9512;922.8123;276200928.0000
36.3376;180.7566;0.0000;915.8651;276200960.0000
36.3417;181.7525;0.0000;918.8447;276200992.0000
35.3498;182.7525;0.0000;919.8245;276200992.0000
35.3539;183.7485;0.0000;916.8611;276200992.0000
35.3580;184.7444;0.0000;917.8448;276200992.0000
34.3661;185.7444;0.0000;917.8326;276200992.0000
34.3661;186.7403;0.0000;916.8611;276201024.0000
34.3702;188.7322;0.0000;917.8326;276201024.0000
34.3742;189.7281;0.0000;915.8529;276201024.0000
34.3783;190.7281;0.0000;918.8528;276201024.0000
33.3824;191.7240;11.9512;918.8245;276201024.0000
33.3864;193.7159;0.0000;914.8489;276201024.0000
33.3905;194.7159;11.9512;915.8570;276201056.0000
33.3946;195.7118;0.0000;918.8285;276201056.0000
33.3987;197.7037;0.0000;914.8448;276201056.0000
33.4027;198.7037;0.0000;918.8407;276201056.0000
33.4027;199.6996;0.0000;915.8448;276201056.0000
33.4068;201.6956;11.9512;916.8489;276201088.0000
32.4149;202.6915;0.0000;916.8367;276201088.0000
32.4189;203.6915;11.9512;915.8448;276201088.0000
32.4230;205.6833;0.0000;915.8651;276201088.0000
32.4271;206.6793;0.0000;919.8123;276201120.0000
32.4311;207.6752;0.0000;915.8448;276201120.0000
32.4352;209.6711;0.0000;916.8407;276201152.0000
32.4393;210.6671;11.9512;917.8000;276201152.0000
32.4393;211.6630;0.0000;915.8407;276201152.0000
32.4434;212.6589;11.9512;916.8326;276201152.0000
32.4474;213.6589;0.0000;915.8326;276201152.0000
32.4515;214.6549;0.0000;915.8407;276201152.0000
32.4556;215.6508;11.9512;916.8245;276201184.0000
32.4596;216.6467;0.0000;915.8245;276201184.0000
32.4637;217.6467;0.0000;916.8407;276201184.0000
32.4678;218.6427;0.0000;918.8000;276201184.0000
32.4678;219.6386;0.0000;913.8285;276201184.0000
32.4718;220.6345;0.0000;920.8204;276201184.0000
32.4759;221.6345;0.0000;917.8123;276201216.0000
32.4800;222.6304;0.0000;916.8286;276201248.0000
32.4800;223.6264;0.0000;918.8163;276201248.0000
31.4881;224.6224;0.0488;915.8204;276201248.0000
31.4922;225.6183;0.0000;919.8245;276201248.0000
31.4963;226.6142;0.0000;918.8082;276201248.0000
31.5003;227.6142;0.0000;917.8123;276201280.0000
31.5003;228.6102;0.0000;920.8204;276201280.0000
31.5085;229.6061;0.0000;922.7960;276201280.0000
31.5126;229.6061;0.0000;919.8123;276201280.0000
31.5166;230.6061;0.0000;922.8082;276201280.0000
31.5207;231.6020;0.0000;924.7675;276201312.0000
31.5288;232.5979;0.0000;919.8163;276201312.0000
31.5328;233.5979;0.0000;922.8000;276201312.0000
31.5369;234.5939;0.0000;922.7919;276201312.0000
31.5450;235.5898;0.0000;922.8082;276201312.0000
31.5491;236.5898;0.0000;924.7838;276201312.0000
31.5532;237.5857;0.0000;924.7757;276201344.0000
31.5613;237.5857;0.0000;924.7919;276201344.0000
31.5654;238.5817;0.0000;925.7634;276201376.0000
32.5695;239.5817;0.0000;924.7716;276201376.0000
32.5735;241.5735;0.0000;925.7390;276201376.0000
32.5817;242.5735;0.0000;928.7390;276201376.0000
32.5898;243.5695;0.0000;922.7838;276201376.0000
32.5979;244.5695;0.0000;928.7552;276201376.0000
32.6020;245.5654;0.0000;926.7350;276201408.0000
33.6061;246.5613;0.0000;926.7594;276201408.0000
33.6142;247.5613;0.0000;930.7308;276201408.0000
33.6224;248.5572;0.0000;925.7512;276201408.0000
33.6304;249.5532;0.0488;927.7634;276201440.0000
34.6345;250.5491;0.0000;930.7187;276201440.0000
34.6426;251.5450;0.0000;927.7390;276201440.0000
34.6467;252.5410;0.0000;930.7431;276201440.0000
35.6508;254.5328;0.0000;932.7105;276201440.0000
35.6589;255.5287;0.0000;929.7350;276201472.0000
36.6630;256.5247;0.0000;932.7146;276201472.0000
36.6711;257.5206;0.0000;933.7064;276201472.0000
36.6793;258.5166;0.0000;930.7308;276201472.0000
37.6833;259.5125;0.0000;935.7024;276201504.0000
37.6915;260.5085;0.0488;931.7147;276201504.0000
37.6996;261.5044;11.9512;933.7228;276201504.0000
38.7037;262.5003;0.0000;938.6820;276201504.0000
38.7118;263.4963;0.0000;936.6943;276201504.0000
38.7200;264.4922;0.0000;937.6903;276201504.0000
39.7241;265.4841;0.0000;937.6780;276201504.0000
39.7322;266.4800;0.0000;936.6903;276201536.0000
39.7403;267.4719;0.0488;936.6984;276201568.0000
40.7444;268.4678;0.0000;934.6780;276201568.0000
40.7525;270.4556;0.0000;936.6943;276201568.0000
40.7606;271.4515;0.0488;936.6862;276201568.0000
41.7648;272.4474;0.0000;936.6740;276201568.0000
41.7728;273.4393;0.0000;935.6983;276201568.0000
42.7769;274.4352;0.0000;938.6740;276201600.0000
42.7850;275.4311;0.0000;935.6861;276201600.0000
43.7891;276.4230;0.0000;939.6861;276201600.0000
43.7972;277.4190;0.0000;941.6577;276201600.0000
43.8054;278.4149;0.0000;939.6780;276201600.0000
44.8054;279.4068;0.0000;940.6780;276201600.0000
44.8135;281.3987;0.0000;938.6659;276201632.0000
44.8217;282.3905;0.0000;937.6903;276201632.0000
45.8217;283.3864;0.0488;940.6780;276201632.0000
45.8298;284.3783;0.0000;938.6780;276201632.0000
46.8339;285.3742;0.0000;936.6984;276201632.0000
46.8379;286.3661;0.0000;940.6536;276201664.0000
47.8420;287.3620;0.0000;939.6617;276201696.0000
47.8502;289.3498;0.0000;938.6862;276201696.0000
48.8502;290.3457;0.0000;940.6617;276201696.0000
49.8542;291.3376;0.0000;936.6821;276201696.0000
49.8624;293.3294;0.0000;939.6861;276201696.0000
50.8624;294.3254;0.0000;940.6617;276201696.0000
51.8624;295.3172;0.0000;939.6740;276201696.0000
51.8705;297.3091;0.0000;940.6740;276201696.0000
52.8705;298.3050;0.0000;939.6617;276201696.0000
52.8746;300.2928;0.0000;937.6903;276201696.0000
53.8746;301.2888;0.0000;939.6699;276201728.0000
54.8746;302.2847;0.0000;935.6780;276201760.0000
54.8786;304.2766;0.0000;939.6861;276201760.0000
55.8826;305.2685;0.0000;940.6536;276201760.0000
56.8826;306.2644;0.0000;938.6740;276201760.0000
57.8826;308.2563;0.0000;937.6903;276201760.0000
58.8826;309.2522;0.0000;939.6576;276201760.0000
59.8826;310.2441;0.0000;935.6983;276201792.0000
59.8867;312.2359;0.0488;939.6780;276201792.0000
60.8867;313.2319;11.9512;939.6617;276201792.0000
61.8867;314.2278;0.0000;936.6862;276201824.0000
62.8867;316.2156;0.0000;936.6821;276201824.0000
63.8908;317.2115;0.0000;936.6740;276201824.0000
64.8908;318.2074;0.0000;935.6983;276201824.0000
64.8949;319.2034;0.0000;938.6617;276201824.0000
65.8949;321.1952;0.0000;936.6903;276201824.0000
66.8949;322.1912;0.0000;937.6903;276201824.0000
67.8989;323.1871;0.0000;939.6576;276201824.0000
68.8989;325.1790;0.0000;938.6780;276201888.0000
69.8989;326.1708;0.0000;940.6740;276201888.0000
70.8989;327.1668;0.0000;938.6617;276201888.0000
71.8989;328.1628;0.0000;936.6943;276201888.0000
72.8989;329.1546;0.0000;939.6699;276201888.0000
73.8989;331.1465;0.0000;937.6658;276201888.0000
74.8989;332.1424;0.0488;939.6780;276201920.0000
75.8949;333.1383;0.0000;938.6617;276201920.0000
76.8949;334.1302;0.0000;936.6780;276201920.0000
77.8949;335.1261;0.0000;936.6903;276201920.0000
78.8949;336.1180;0.0000;940.6536;276201920.0000
79.8949;337.1139;0.0000;935.6740;276201920.0000
79.8989;338.1098;0.0000;939.6740;276201952.0000
80.8989;339.1017;0.0000;937.6577;276201952.0000
81.8989;340.0976;0.0000;936.6821;276201952.0000
82.8989;341.0894;0.0000;938.6740;276201952.0000
82.9030;341.0894;0.0000;936.6700;276201952.0000
83.9030;342.0814;0.0000;936.6903;276201952.0000
84.9030;343.0772;0.0000;938.6576;276201984.0000
84.9071;344.0732;0.0000;933.6820;276202016.0000
85.9071;344.0691;0.0000;936.6984;276202016.0000
85.9111;345.0651;0.0000;938.6617;276202016.0000
86.9152;346.0570;0.0000;936.6862;276202016.0000
87.9152;347.0528;0.0000;938.6820;276202048.0000
87.9193;348.0448;0.0000;938.6617;276202048.0000
88.9193;349.0406;0.0000;935.6943;276202048.0000
89.9193;350.0325;0.0000;936.6903;276202048.0000
90.9193;351.0285;0.0000;936.6740;276202048.0000
91.9193;351.0244;0.0000;935.6861;276202048.0000
92.9193;353.0163;0.0000;937.6617;276202048.0000
93.9233;353.0122;0.0000;933.6942;276202048.0000
94.9233;354.0041;0.0000;936.6903;276202080.0000
95.9233;354.0041;0.0000;936.6700;276202080.0000
96.9274;354.9959;0.0000;935.6861;276202080.0000
98.9233;355.9878;0.0000;936.6862;276202080.0000
99.9233;356.9796;0.0000;936.6700;276202112.0000
100.9274;357.9716;0.0000;935.6902;276202112.0000
101.9274;357.9716;0.0000;936.6821;276202144.0000
102.9315;358.9634;0.0000;933.6820;276202144.0000
104.9274;359.9552;0.0000;936.6903;276202144.0000
105.9315;359.9511;0.0000;938.6699;276202144.0000
107.9315;360.9430;0.0000;936.6740;276202176.0000
109.9274;361.9350;0.0000;934.7025;276202176.0000
110.9274;361.9308;0.0000;938.6617;276202176.0000
112.9274;362.9187;0.0000;934.6821;276202176.0000
114.9274;362.9146;0.0000;936.6943;276202176.0000
115.9274;363.9064;0.0000;937.6577;276202208.0000
117.9274;364.8983;0.0000;934.6943;276202208.0000
118.9274;365.8902;0.0000;937.6821;276202208.0000
120.9274;366.8820;0.0000;936.6700;276202208.0000
121.9274;366.8739;0.0000;936.6821;276202208.0000
123.9233;367.8658;0.0000;938.6699;276202240.0000
124.9274;368.8576;0.0000;936.6700;276202240.0000
126.9233;369.8454;0.0000;936.6943;276202240.0000
127.9233;370.8372;0.0000;939.6536;276202240.0000
129.9233;370.8292;0.0000;936.6780;276202272.0000
130.9233;371.8210;0.0000;935.6943;276202272.0000
132.9193;372.8129;0.0000;938.6537;276202272.0000
134.9152;372.8047;0.0000;936.6821;276202304.0000
136.9152;373.7966;0.0000;939.6699;276202304.0000
137.9152;373.7885;0.0000;938.6537;276202304.0000
139.9111;374.7803;0.0000;936.6821;276202304.0000
141.9071;374.7722;0.0000;941.6617;276202304.0000
143.9030;375.7600;0.0488;937.6699;276202304.0000
145.9030;376.7519;0.0000;938.6740;276202336.0000
146.9030;376.7437;0.0000;941.6456;276202336.0000
148.8989;377.7356;0.0000;939.6576;276202336.0000
150.8989;377.7274;0.0000;939.6780;276202336.0000
152.8949;378.7153;0.0000;937.6577;276202336.0000
154.8908;378.7112;0.0000;938.6699;276202336.0000
156.8867;379.6989;0.0000;939.6780;276202368.0000
158.8827;379.6908;0.0000;939.6455;276202368.0000
160.8786;380.6787;0.0000;938.6740;276202368.0000
161.8786;380.6705;0.0000;941.6496;276202400.0000
163.8705;380.6665;0.0000;939.6576;276202400.0000
165.8664;380.6583;0.0000;939.6699;276202432.0000
166.8705;381.6461;0.0000;942.6414;276202432.0000
168.8664;381.6421;0.0000;940.6536;276202432.0000
169.8664;382.6298;0.0000;939.6780;276202432.0000
171.8624;382.6257;0.0000;942.6495;276202432.0000
172.8624;383.6136;0.0000;939.6617;276202432.0000
174.8583;383.6055;0.0000;941.6617;276202464.0000
176.8542;383.6014;0.0000;942.6374;276202464.0000
177.8542;383.5932;0.0000;941.6536;276202464.0000
179.8502;383.5850;0.0000;943.6536;276202464.0000
181.8461;384.5729;0.0000;944.6333;276202464.0000
182.8420;384.5688;0.0000;942.6617;276202464.0000
184.8379;384.5607;0.0000;943.6415;276202464.0000
186.8339;385.5485;0.0000;942.6455;276202464.0000
187.8339;385.5403;0.0000;942.6658;276202464.0000
189.8298;385.5363;0.0000;944.6374;276202496.0000
190.8298;385.5281;0.0000;939.6617;276202496.0000
192.8257;386.5200;0.0488;944.6576;276202496.0000
193.8257;386.5119;0.0000;945.6292;276202528.0000
194.8217;386.5038;0.0000;941.6617;276202528.0000
196.8176;386.4997;0.0000;944.6495;276202528.0000
197.8176;387.4874;0.0000;944.6333;276202528.0000
199.8094;387.4793;0.0000;940.6577;276202528.0000
200.8094;387.4752;0.0000;943.6495;276202560.0000
201.8094;387.4672;0.0000;944.6415;276202560.0000
203.8013;387.4590;0.0000;945.6577;276202560.0000
204.8013;387.4509;0.0000;947.6251;276202560.0000
206.7932;387.4468;0.0000;945.6455;276202560.0000
207.7932;387.4387;0.0000;946.6536;276202560.0000
209.7850;387.4305;0.0000;947.6251;276202592.0000
210.7850;387.4265;0.0000;944.6617;276202592.0000
211.7810;387.4183;0.0000;948.6454;276202592.0000
213.7769;387.4102;0.0000;947.6374;276202592.0000
214.7728;387.4061;0.0000;945.6658;276202592.0000
216.7647;387.3979;0.0000;948.6536;276202624.0000
217.7606;387.3898;0.0000;945.6699;276202656.0000
219.7525;387.3817;0.0000;946.6781;276202656.0000
221.7403;387.3735;0.0000;947.6577;276202656.0000
222.7362;387.3655;0.0488;946.6659;276202656.0000
224.7240;387.3572;0.0000;948.6862;276202656.0000
226.7159;387.3492;0.0488;949.6455;276202656.0000
227.7118;387.3450;0.0000;947.6740;276202688.0000
229.6996;387.3370;0.0488;950.6780;276202688.0000
231.6915;387.3328;0.0488;948.6495;276202688.0000
233.6833;386.3289;0.0488;948.6699;276202688.0000
234.6752;386.3248;0.0000;949.6658;276202688.0000
236.6671;386.3207;0.0488;949.6495;276202720.0000
238.6589;386.3126;0.0000;948.6862;276202720.0000
239.6549;385.3126;0.0000;950.6455;276202720.0000
241.6467;385.3085;0.0000;950.6495;276202720.0000
243.6345;384.3044;0.0000;951.6211;276202720.0000
245.6264;384.3004;0.0000;953.6658;276202720.0000
247.6183;384.2963;0.0000;950.6902;276202752.0000
249.6102;383.2963;0.0000;952.7024;276202752.0000
250.6020;383.2922;0.0000;953.6699;276202784.0000
252.5939;382.2881;0.0000;951.6984;276202784.0000
254.5857;382.2881;0.0000;955.6820;276202784.0000
256.5776;381.2881;0.0000;955.6658;276202784.0000
257.5735;381.2841;0.0000;953.6984;276202816.0000
260.5613;380.2841;0.0000;956.6740;276202816.0000
262.5532;379.2881;0.0000;957.6699;276202816.0000
263.5491;379.2841;0.0000;955.6943;276202816.0000
265.5410;378.2841;0.0000;957.6699;276202816.0000
267.5328;377.2881;0.0000;955.6820;276202816.0000
268.5287;377.2841;0.0000;958.6862;276202848.0000
270.5206;376.2881;0.0000;959.6617;276202848.0000
272.5125;375.2922;0.0000;956.6862;276202848.0000
273.5085;374.2963;0.0000;959.6577;276202848.0000
275.5003;373.3004;0.0000;958.5927;276202848.0000
276.4963;372.3044;11.9512;957.4584;276202848.0000
278.4841;371.3085;0.0000;961.2306;276202880.0000
280.4759;370.3126;11.9512;958.8116;276202880.0000
281.4719;369.3126;0.0000;956.1073;276202880.0000
281.8489;367.4990;0.0000;961.0748;276133952.0000
282.8448;366.5031;0.0000;959.0829;276133984.0000
284.8367;365.5072;0.0000;961.0748;276133984.0000
286.8285;363.5153;0.0000;961.0748;276133984.0000
287.8245;362.5194;0.0000;959.0829;276133984.0000
289.8163;361.5235;0.0000;961.0748;276133984.0000
291.8082;360.5275;0.0000;962.0706;276133984.0000
292.8041;359.5316;0.0000;961.0748;276133984.0000
294.7960;358.5357;0.0000;963.0666;276134016.0000
295.7919;357.5397;0.0000;961.0748;276134016.0000
297.7838;356.5439;0.0000;964.0625;276134016.0000
299.7756;355.5478;0.0000;966.0544;276134016.0000
301.7675;353.5560;0.0000;962.0706;276134016.0000
303.7594;352.5601;0.0000;964.0625;276134016.0000
304.7553;351.5641;0.0000;967.0504;276134048.0000
306.7472;349.5723;0.0000;962.0706;276134048.0000
308.7390;348.5763;0.0000;967.0504;276134048.0000
309.7350;347.5804;0.0000;967.0504;276134048.0000
311.7268;346.5845;0.0000;964.0625;276134048.0000
312.7228;344.5926;0.0000;967.0504;276134048.0000
314.7146;344.5926;0.0000;964.0625;276134112.0000
315.7106;342.6007;0.0000;963.0666;276134112.0000
317.7024;342.6007;0.0000;969.0422;276134112.0000
318.6984;341.6048;0.0000;965.0585;276134112.0000
320.6902;340.6089;0.0000;967.0504;276134112.0000
321.6862;339.6129;0.0000;967.0504;276134112.0000
323.6780;337.6211;0.0000;965.0585;276134112.0000
325.6699;336.6252;0.0000;967.0504;276134112.0000
327.6617;335.6292;0.0000;967.0504;276134112.0000
328.6577;333.6374;0.0000;967.0504;276134112.0000
330.6496;331.6455;0.0000;970.0381;276134112.0000
332.6414;330.6496;0.0000;968.0463;276134144.0000
333.6374;328.6577;0.0000;969.0422;276134144.0000
334.6333;327.6617;0.0000;973.0259;276134144.0000
336.6252;326.6658;0.0000;967.0504;276134176.0000
337.6211;325.6699;0.0000;970.0381;276134176.0000
338.6170;323.6780;0.0000;969.0422;276134176.0000
340.6089;322.6821;11.9512;969.0422;276134208.0000
341.6048;321.6862;0.0000;971.0340;276134208.0000
342.6007;320.6902;11.9512;971.0340;276134208.0000
343.5967;318.6984;0.0000;969.0422;276134240.0000
345.5885;317.7024;0.0000;971.0340;276134240.0000
346.5845;315.7106;0.0000;970.0381;276134240.0000
347.5804;314.7146;0.0000;970.0381;276134240.0000
348.5763;313.7187;0.0000;973.0259;276134240.0000
350.5682;311.7268;0.0000;968.0463;276134240.0000
351.5641;310.7309;0.0000;971.0340;276134240.0000
352.5601;308.7390;0.0000;973.0259;276134240.0000
353.5560;306.7472;0.0000;969.0422;276134240.0000
354.5519;304.7553;0.0000;973.0259;276134272.0000
356.5439;302.7635;0.0000;972.0300;276134272.0000
357.5397;300.7716;0.0000;969.0422;276134272.0000
359.5316;298.7797;0.0000;973.0259;276134304.0000
360.5275;296.7878;0.0000;972.0300;276134304.0000
362.5194;294.7960;0.0000;971.0340;276134336.0000
363.5153;293.8000;0.0000;974.0220;276134336.0000
364.5113;291.8082;0.0000;972.0300;276134336.0000
365.5072;290.8123;0.0000;973.0259;276134336.0000
366.5031;289.8163;0.0000;974.0220;276134336.0000
368.4950;287.8245;0.0000;971.0340;276134336.0000
368.4950;286.8285;0.0000;973.0259;276134368.0000
369.4909;285.8326;0.0000;974.0220;276134368.0000
370.4868;283.8407;0.0000;973.0259;276134368.0000
371.4828;282.8448;0.0000;976.0137;276134368.0000
372.4787;280.8530;0.0000;975.0179;276134368.0000
373.4746;278.8611;0.0000;974.0220;276134368.0000
374.4706;277.8652;11.9512;976.0137;276134400.0000
374.4706;275.8733;0.0000;976.0137;276134400.0000
375.4665;273.8814;11.9512;976.0137;276134400.0000
376.4624;272.8855;0.0000;978.0056;276134400.0000
377.4583;270.8936;0.0000;976.0137;276134400.0000
377.4583;268.9017;0.0000;978.0056;276134400.0000
379.4503;267.9059;0.0000;978.0056;276134432.0000
379.4503;265.9139;0.0000;969.0422;276134432.0000
380.4462;263.9221;0.0000;979.0016;276134432.0000
381.4421;261.9302;0.0000;979.9975;276134432.0000
382.4380;260.9343;0.0000;979.0016;276134432.0000
382.4380;258.9424;0.0000;980.9934;276134464.0000
383.4339;256.9506;0.0000;979.0016;276134464.0000
384.4299;254.9587;0.0000;979.9975;276134496.0000
385.4259;253.9628;0.0000;981.9893;276134496.0000
385.4259;251.9709;0.0000;979.0016;276134496.0000
386.4217;250.9750;0.0000;978.0056;276134496.0000
387.4177;249.9790;0.0000;980.9934;276134528.0000
388.4136;247.9872;0.0000;979.0016;276134528.0000
388.4136;246.9912;0.0000;978.0056;276134528.0000
389.4096;245.9953;0.0000;979.9975;276134528.0000
390.4055;244.0034;0.0000;979.0016;276134528.0000
390.4055;243.0075;0.0000;979.9975;276134528.0000
391.4014;241.0157;0.0000;979.0016;276134560.0000
392.3974;240.0197;0.0000;981.9893;276134560.0000
392.3974;238.0278;0.0000;983.9812;276134560.0000
392.3974;236.0360;0.0000;979.0016;276134560.0000
392.3974;235.0400;0.0000;979.9975;276134560.0000
393.3933;233.0482;0.0000;981.9893;276134560.0000
393.3933;232.0522;0.0000;979.0016;276134592.0000
393.3933;230.0604;0.0000;979.0016;276134592.0000
394.3892;228.0685;11.9512;980.9934;276134592.0000
394.3892;227.0726;0.0000;979.9975;276134592.0000
395.3852;225.0807;11.9512;979.0016;276134624.0000
395.3852;224.0848;0.0000;977.0096;276134624.0000
395.3852;223.0889;0.0000;977.0096;276134656.0000
396.3811;222.0929;0.0000;976.0137;276134656.0000
396.3811;222.0929;11.9512;977.0096;276134656.0000
396.3811;221.0970;0.0000;979.0016;276134656.0000
396.3811;220.1011;11.9512;979.0016;276134656.0000
396.3811;220.1011;0.0000;976.0137;276134656.0000
396.3811;219.1051;0.0000;977.0096;276134688.0000
396.3811;218.1092;0.0000;973.0259;276134688.0000
396.3811;216.1174;0.0000;966.0544;276134688.0000
396.3811;215.1214;0.0000;978.0056;276134688.0000
397.3770;214.1255;0.0000;963.0666;276134688.0000
397.3770;212.1335;0.0000;970.0381;276134720.0000
397.3770;211.1376;0.0000;970.0381;276134720.0000
397.3770;210.1417;0.0000;966.0544;276134720.0000
398.3730;209.1458;0.0000;967.0504;276134720.0000
398.3730;208.1498;0.0000;969.0422;276134720.0000
398.3730;207.1539;0.0000;965.0585;276134720.0000
398.3730;206.1580;0.0000;967.0504;276134784.0000
398.3730;205.1620;0.0000;967.0504;276134784.0000
398.3730;204.1661;0.0000;962.0706;276134784.0000
398.3730;203.1702;0.0000;964.0625;276134784.0000
399.3689;202.1743;0.0000;962.0706;276134784.0000
399.3689;201.1783;0.0000;960.0789;276134784.0000
399.3689;200.1824;0.0000;959.0829;276134784.0000
399.3689;200.1824;0.0000;959.0829;276134816.0000
399.3689;200.1824;0.0000;961.0748;276134816.0000
399.3689;200.1824;0.0000;963.0666;276134816.0000
399.3689;200.1824;0.0000;959.0829;276134816.0000
399.3689;199.1865;0.0000;960.0789;276134848.0000
399.3689;199.1865;0.0000;958.0870;276134848.0000
399.3689;199.1865;0.0000;953.1073;276134848.0000
399.3689;199.1865;0.0000;946.1357;276134848.0000
398.3730;199.1865;0.0000;934.1846;276134848.0000
398.3730;199.1865;0.0000;918.2496;276134848.0000
398.3730;199.1865;0.0000;906.2985;276134880.0000
398.3730;199.1865;0.0000;878.4124;276134880.0000
398.3730;199.1865;0.0000;835.5873;276134880.0000
398.3730;199.1865;0.0000;772.8435;276134912.0000
398.3730;199.1865;11.9512;642.3763;276134912.0000
397.3770;199.1865;23.9024;394.3892;276134912.0000
397.3770;199.1865;35.8535;188.2312;276134944.0000
611.5024;-15.9349;0.0000;396.3811;276135904.0000
611.5024;-16.9309;0.0000;399.3689;276135904.0000
611.5024;-16.9309;0.0000;400.3648;276135904.0000
611.5024;-16.9309;0.0000;422.2753;276135904.0000
611.5024;-16.9309;0.0000;451.1574;276135904.0000
611.5024;-16.9309;0.0000;463.1085;276135904.0000
611.5024;-16.9309;0.0000;460.1208;276135904.0000
611.5024;-16.9309;0.0000;443.1899;276135904.0000
611.5024;-15.9349;0.0000;394.3892;276135936.0000
611.5024;-15.9349;0.0000;149.3898;276135936.0000
