200.8573;202.1428;0.0000;94.4402;309935104.0000
200.8573;202.1428;0.0000;230.8840;309935104.0000
200.8573;202.1428;0.0000;237.7406;309935104.0000
200.8573;202.1428;0.0000;260.0275;309935136.0000
200.8573;202.1428;0.0000;311.8885;309935136.0000
200.8573;202.1428;0.0000;356.8923;309935136.0000
200.8573;202.1428;0.0000;383.1799;309935136.0000
200.8573;202.1428;0.0000;404.6097;309935136.0000
200.8573;202.1428;0.0000;426.4691;309935136.0000
201.7145;202.1428;0.0000;447.7569;309935168.0000
201.7145;202.1428;0.0000;466.3294;309935168.0000
201.7145;202.1428;0.0000;482.9026;309935200.0000
202.5717;202.1428;0.0000;499.6179;309935200.0000
202.5717;202.1428;0.0000;510.4759;309935200.0000
203.4290;201.2855;0.0000;523.1918;309935200.0000
203.4290;201.2855;0.0000;534.1926;309935200.0000
204.2862;201.2855;0.0000;542.3361;309935200.0000
204.2862;200.4283;0.0000;553.4803;309935232.0000
204.2862;200.4283;0.0000;559.4804;309935232.0000
205.1435;200.4283;0.0000;566.7674;309935232.0000
205.1435;200.4283;0.0000;575.6253;309935232.0000
206.0007;199.5710;0.0000;579.3398;309935264.0000
206.0007;199.5710;0.0000;586.4841;309935264.0000
206.8580;198.7138;0.0000;591.1985;309935264.0000
206.8580;198.7138;0.0000;593.1985;309935264.0000
206.8580;198.7138;0.0000;596.9138;309935264.0000
207.7152;197.8565;0.0000;599.3420;309935296.0000
207.7152;196.9993;0.0000;600.1993;309935296.0000
207.7152;196.9993;0.0000;604.2000;309935296.0000
207.7152;196.1420;0.0000;604.4855;309935328.0000
207.7152;196.1420;0.0000;606.7717;309935328.0000
207.7152;195.2848;0.0000;611.7725;309935328.0000
207.7152;195.2848;0.0000;612.6290;309935360.0000
207.7152;195.2848;0.0000;616.0587;309935360.0000
207.7152;194.4275;0.0000;619.9160;309935360.0000
207.7152;194.4275;0.0000;618.2015;309935360.0000
207.7152;194.4275;0.0000;622.0595;309935360.0000
207.7152;193.5703;0.0000;624.2021;309935360.0000
207.7152;193.5703;0.0000;622.3450;309935392.0000
207.7152;192.7130;0.0000;623.7740;309935392.0000
207.7152;192.7130;0.0000;625.0594;309935392.0000
207.7152;192.7130;0.0000;627.2030;309935392.0000
207.7152;191.8557;0.0000;631.6320;309935424.0000
207.7152;191.8557;0.0000;631.4886;309935424.0000
206.8580;191.8557;0.0000;634.2037;309935424.0000
206.8580;190.9986;0.0000;636.9182;309935424.0000
206.8580;190.9986;0.0000;636.3464;309935424.0000
206.8580;190.9986;0.0000;640.2044;309935456.0000
206.8580;190.9986;0.0000;640.4899;309935456.0000
206.8580;190.1413;0.0000;640.0610;309935456.0000
206.8580;190.1413;0.0000;643.0617;309935520.0000
206.0007;190.1413;0.0000;643.6328;309935520.0000
206.0007;189.2840;0.0000;644.0618;309935520.0000
206.0007;189.2840;0.0000;645.6334;309935520.0000
206.0007;189.2840;0.0000;646.2045;309935520.0000
205.1435;189.2840;0.0000;648.2053;309935552.0000
205.1435;188.4267;0.0000;650.7770;309935552.0000
205.1435;188.4267;0.0000;648.7762;309935552.0000
204.2862;188.4267;0.0000;653.9205;309935552.0000
204.2862;188.4267;0.0000;651.3480;309935552.0000
204.2862;188.4267;0.0000;653.9198;309935552.0000
204.2862;187.5695;0.0000;654.2059;309935584.0000
203.4290;187.5695;0.0000;654.7770;309935584.0000
203.4290;187.5695;0.0000;654.3486;309935584.0000
203.4290;187.5695;0.0000;655.7777;309935584.0000
203.4290;187.5695;0.0000;656.0632;309935584.0000
203.4290;187.5695;0.0000;657.2067;309935584.0000
202.5717;186.7122;0.0000;659.0640;309935616.0000
202.5717;186.7122;0.0000;656.7777;309935616.0000
201.7145;186.7122;0.0000;660.4929;309935616.0000
201.7145;186.7122;0.0000;660.2067;309935616.0000
200.8573;186.7122;0.0000;659.4922;309935616.0000
200.8573;186.7122;0.0000;661.4929;309935616.0000
200.8573;186.7122;0.0000;663.6357;309935648.0000
200.0000;186.7122;0.0000;663.6357;309935648.0000
200.0000;185.8550;0.0000;666.6364;309935648.0000
199.1428;185.8550;0.0000;666.3502;309935648.0000
199.1428;185.7122;0.0000;668.4937;309935648.0000
199.1428;185.7122;0.0000;671.2082;309935680.0000
198.2855;185.7122;0.0000;670.0648;309935680.0000
198.2855;185.7122;0.0000;671.7799;309935680.0000
198.2855;184.8550;0.0000;673.0655;309935680.0000
197.4283;184.8550;0.0000;671.7792;309935680.0000
197.4283;184.8550;0.0000;673.4944;309935712.0000
196.5710;184.8550;0.0000;674.6372;309935744.0000
196.5710;184.8550;0.0000;673.9227;309935744.0000
195.7138;184.8550;0.0000;676.2090;309935744.0000
195.7138;184.8550;0.0000;674.9227;309935744.0000
194.8565;184.8550;0.0000;676.2090;309935744.0000
194.8565;184.8550;0.0000;680.7807;309935744.0000
194.8565;184.9978;0.0000;679.0656;309935776.0000
193.9993;184.9978;0.0000;679.0656;309935776.0000
193.9993;184.9978;0.0000;683.3510;309935776.0000
193.9993;184.9978;0.0000;681.3502;309935776.0000
193.1420;184.9978;0.0000;683.3510;309935776.0000
193.1420;184.9978;0.0000;681.3502;309935776.0000
193.1420;184.9978;0.0000;683.2075;309935808.0000
192.2848;184.9978;0.0000;685.7793;309935808.0000
192.2848;184.9978;0.0000;682.3494;309935808.0000
191.4275;184.9978;0.0000;683.7784;309935808.0000
191.4275;184.9978;0.0000;687.3502;309935808.0000
191.4275;184.9978;0.0000;685.4922;309935808.0000
190.5703;184.9978;0.0000;686.7784;309935872.0000
190.5703;184.9978;0.0000;686.9213;309935872.0000
189.7130;185.8550;0.0000;685.7778;309935872.0000
189.7130;185.8550;0.0000;687.9213;309935872.0000
189.7130;185.8550;0.0000;689.3495;309935872.0000
188.8558;185.8550;0.0000;687.6350;309935904.0000
188.8558;185.8550;0.0000;687.9213;309935904.0000
187.9985;185.7122;0.0000;689.6349;309935904.0000
188.1412;185.7122;0.0000;690.3495;309935904.0000
188.1412;185.7122;0.0000;692.6358;309935904.0000
187.2840;185.7122;0.0000;690.4922;309935904.0000
187.2840;185.7122;0.0000;690.9213;309935904.0000
187.2840;185.7122;0.0000;695.3502;309935904.0000
187.1413;185.7122;0.0000;691.3502;309935904.0000
187.1413;185.7122;0.0000;693.3525;309935936.0000
186.2840;185.7122;0.0000;692.9249;309935936.0000
186.2840;185.7122;0.0000;688.4982;309935936.0000
185.4268;185.7122;0.0000;686.2156;309935968.0000
185.4268;186.5695;0.0000;679.3636;309936000.0000
185.2840;186.4268;0.0000;671.6536;309936032.0000
185.2840;186.4268;0.0000;678.7971;309936032.0000
185.2840;186.4268;0.0000;673.3666;309936032.0000
184.4268;186.4268;0.0000;675.2231;309936032.0000
184.4268;187.2840;0.0000;678.6521;309936064.0000
183.5695;187.2840;0.0000;676.0803;309936064.0000
183.5695;188.1412;0.0000;681.2216;309936064.0000
183.5695;188.1412;0.0000;684.0766;309936064.0000
182.7122;188.1412;0.0000;683.3599;309936064.0000
182.7122;188.9986;0.0000;690.5011;309936096.0000
181.9977;188.9986;0.0000;690.5005;309936096.0000
181.9977;188.9986;0.0000;691.3569;309936096.0000
181.9977;188.9986;0.0000;694.2141;309936096.0000
181.9977;189.8557;0.0000;691.6424;309936128.0000
181.1405;189.8557;0.0000;693.3562;309936128.0000
181.1405;189.8557;0.0000;695.2134;309936160.0000
180.2833;189.8557;0.0000;692.9272;309936160.0000
180.2833;190.7131;0.0000;696.6409;309936192.0000
180.2833;190.7131;0.0000;696.4982;309936192.0000
180.2833;190.7131;0.0000;695.6402;309936192.0000
179.4260;190.7131;0.0000;698.0685;309936192.0000
179.4260;191.5703;0.0000;697.7829;309936192.0000
178.5688;191.5703;0.0000;697.2105;309936192.0000
178.5688;191.5703;0.0000;699.3532;309936192.0000
178.5688;192.4276;0.0000;696.6387;309936192.0000
178.5688;192.4276;0.0000;698.9243;309936192.0000
177.7115;192.4276;0.0000;699.0670;309936192.0000
177.7115;193.2848;0.0000;697.9242;309936224.0000
177.7115;193.4275;0.0000;699.4952;309936224.0000
176.8543;193.4275;0.0000;701.4960;309936224.0000
176.8543;194.2848;0.0000;698.2097;309936224.0000
176.8543;194.2848;0.0000;702.0670;309936224.0000
176.8543;194.2848;0.0000;701.4960;309936224.0000
176.1398;195.1420;0.0000;700.3525;309936256.0000
176.1398;195.1420;0.0000;702.4952;309936256.0000
176.1398;195.1420;0.0000;701.6387;309936288.0000
175.2825;195.9993;0.0000;702.4952;309936288.0000
175.2825;195.9993;0.0000;704.2097;309936288.0000
175.2825;195.9993;0.0000;702.4952;309936320.0000
174.4253;196.8565;0.0000;705.0663;309936320.0000
174.4253;196.8565;0.0000;704.6379;309936320.0000
174.4253;197.7138;0.0000;701.6371;309936320.0000
173.5680;197.7138;0.0000;706.0656;309936320.0000
173.5680;197.7138;0.0000;704.6371;309936320.0000
173.5680;198.5710;0.0000;704.0656;309936352.0000
173.7108;198.5710;0.0000;705.2083;309936352.0000
172.8535;199.4283;0.0000;703.4945;309936384.0000
172.8535;200.2855;0.0000;704.2083;309936384.0000
172.8535;200.2855;0.0000;706.9228;309936384.0000
172.1391;201.1428;0.0000;704.3510;309936384.0000
172.1391;202.0000;0.0000;705.9221;309936416.0000
172.1391;201.8573;0.0000;707.3502;309936416.0000
172.1391;202.7145;0.0000;706.2067;309936416.0000
171.2818;202.5717;0.0000;708.4922;309936416.0000
171.2818;203.4290;0.0000;707.4922;309936416.0000
171.4246;204.1435;0.0000;705.4914;309936416.0000
171.4246;204.1435;0.0000;708.4915;309936448.0000
171.4246;204.8580;0.0000;707.2060;309936448.0000
171.4246;204.8580;0.0000;708.9197;309936448.0000
170.5673;205.7152;10.2870;709.9197;309936448.0000
170.5673;205.5725;0.0000;707.7770;309936448.0000
170.5673;206.4297;0.0000;709.3479;309936480.0000
170.7101;206.4297;0.0000;712.3486;309936480.0000
170.7101;206.2870;0.0000;708.0624;309936480.0000
170.7101;207.1443;0.0000;710.2053;309936480.0000
170.7101;207.8587;10.2870;709.0625;309936480.0000
170.7101;207.7160;0.0000;706.4907;309936480.0000
169.9956;208.5732;0.0000;711.9197;309936512.0000
169.9956;209.2878;0.0000;709.7770;309936512.0000
169.9956;210.1450;10.2870;709.3479;309936512.0000
169.9956;210.0023;0.0000;711.0625;309936512.0000
169.9956;210.8595;0.0000;709.9197;309936512.0000
169.9956;210.8595;0.0000;709.4908;309936512.0000
169.9956;211.5740;0.0000;711.9197;309936544.0000
169.9956;211.5740;0.0000;709.2053;309936544.0000
169.9956;212.4312;10.2870;711.4908;309936544.0000
169.9956;212.4312;0.0000;712.7770;309936544.0000
169.8528;213.1457;0.0000;710.3479;309936544.0000
169.8528;213.1457;0.0000;712.7762;309936576.0000
170.5673;213.8602;0.0000;712.7770;309936608.0000
170.4246;213.8602;10.2870;713.6334;309936608.0000
170.2818;214.5747;0.0000;716.4908;309936608.0000
170.1391;215.4320;10.2870;719.0626;309936608.0000
169.9963;215.2892;0.0000;712.4893;309936608.0000
169.8535;216.0037;0.0000;721.9175;309936608.0000
169.7108;216.7182;0.0000;719.6298;309936640.0000
169.5680;216.7182;0.0000;723.6283;309936640.0000
169.5680;217.4327;0.0000;726.0566;309936640.0000
169.4253;217.4327;0.0000;724.3413;309936640.0000
169.4253;218.2899;0.0000;728.4840;309936640.0000
169.2825;218.2899;0.0000;727.6276;309936672.0000
170.1398;219.1472;0.0000;728.1985;309936672.0000
170.1398;219.1472;0.0000;731.0559;309936672.0000
170.1398;220.0044;0.0000;728.6276;309936672.0000
170.1398;220.8618;0.0000;731.0559;309936672.0000
170.1398;220.8618;0.0000;733.3420;309936672.0000
170.8543;220.8618;0.0000;729.9131;309936704.0000
170.8543;221.7190;0.0000;733.0559;309936704.0000
170.8543;221.7190;0.0000;733.3420;309936704.0000
170.7115;221.7190;0.0000;732.0559;309936704.0000
171.4260;222.5763;0.0000;736.0559;309936704.0000
171.4260;222.5763;0.0000;733.9131;309936704.0000
171.2832;223.4335;0.0000;735.1986;309936736.0000
171.1405;223.4335;10.2870;738.3414;309936736.0000
170.9978;224.2907;0.0000;734.6268;309936736.0000
170.9978;225.1480;0.0000;737.9123;309936736.0000
171.7122;225.1480;0.0000;740.1978;309936736.0000
171.5696;225.1480;0.0000;738.4833;309936736.0000
171.4268;225.8625;0.0000;741.7689;309936800.0000
172.1413;225.8625;10.2870;743.4833;309936800.0000
171.8557;225.8625;0.0000;742.3398;309936800.0000
171.7130;226.7197;0.0000;746.0536;309936832.0000
171.5703;226.7197;0.0000;746.9109;309936832.0000
171.4275;227.5770;0.0000;746.4810;309936864.0000
172.2848;227.5770;0.0000;751.0521;309936864.0000
172.1420;228.4342;0.0000;748.4803;309936864.0000
171.9993;228.4342;0.0000;749.1941;309936864.0000
172.8565;229.4342;0.0000;752.9086;309936864.0000
172.7138;229.4342;0.0000;750.7659;309936864.0000
173.4283;229.5770;0.0000;752.4795;309936896.0000
173.4283;230.4342;0.0000;755.4804;309936896.0000
174.1427;230.5770;0.0000;755.4804;309936896.0000
174.0000;231.4342;0.0000;757.9086;309936896.0000
173.8573;231.5770;0.0000;759.1948;309936896.0000
174.5717;232.4342;0.0000;757.6231;309936896.0000
174.4290;232.5770;0.0000;761.4804;309936896.0000
174.4290;233.4342;0.0000;761.0521;309936896.0000
175.1435;233.5770;0.0000;761.4804;309936928.0000
175.0007;233.5770;0.0000;763.9093;309936928.0000
175.8580;234.5770;0.0000;760.1948;309936928.0000
175.8580;234.5770;0.0000;763.1948;309936928.0000
175.7152;235.5770;0.0000;764.6239;309936960.0000
176.5726;235.5770;0.0000;762.7665;309936960.0000
176.5726;236.5770;0.0000;766.1948;309936960.0000
176.4297;236.7197;0.0000;765.3384;309936960.0000
177.2870;237.5770;0.0000;764.7667;309936960.0000
178.1443;237.7197;0.0000;767.7665;309936992.0000
178.1443;238.7197;0.0000;766.1956;309936992.0000
178.8587;238.7197;0.0000;765.9093;309936992.0000
178.8587;238.8625;0.0000;768.4810;309936992.0000
179.7160;238.8625;0.0000;766.3383;309936992.0000
179.7160;239.8625;0.0000;769.3383;309936992.0000
179.7160;240.0052;0.0000;770.9100;309937024.0000
179.7160;240.0052;0.0000;768.1956;309937024.0000
180.5733;241.0052;0.0000;771.3383;309937056.0000
180.5733;241.1480;0.0000;772.3391;309937088.0000
181.4305;242.1480;0.0000;769.9102;309937088.0000
181.2878;242.2907;0.0000;766.1948;309937088.0000
182.1450;242.2907;0.0000;773.0536;309937120.0000
182.1450;242.4335;0.0000;772.9101;309937120.0000
183.0022;242.5762;0.0000;776.3391;309937120.0000
183.0022;243.4335;0.0000;773.1964;309937120.0000
183.8595;243.5762;0.0000;773.7673;309937120.0000
183.8595;243.7190;0.0000;777.7680;309937120.0000
184.7168;243.7190;0.0000;775.9108;309937120.0000
184.5740;243.8618;0.0000;778.1963;309937120.0000
185.4312;244.0044;0.0000;780.1971;309937120.0000
185.4312;244.1472;0.0000;777.0536;309937120.0000
186.1457;245.1472;0.0000;780.0536;309937120.0000
186.1457;245.2899;0.0000;779.4825;309937120.0000
187.0030;245.4327;0.0000;779.0536;309937152.0000
187.0030;245.5755;0.0000;781.9109;309937152.0000
187.8602;245.7182;0.0000;780.3398;309937152.0000
187.8602;245.7182;0.0000;780.7679;309937184.0000
188.7175;245.8609;0.0000;783.3398;309937184.0000
188.7175;246.0037;0.0000;781.3398;309937216.0000
189.5747;246.1465;0.0000;782.0536;309937216.0000
190.4320;246.1465;0.0000;785.0543;309937216.0000
190.4320;246.2892;1.7130;785.0543;309937216.0000
191.2892;246.4320;0.0000;786.0536;309937216.0000
192.1465;246.4320;0.0000;784.6260;309937216.0000
193.0037;246.5747;0.0000;785.0543;309937248.0000
193.1465;246.7175;0.0000;787.1971;309937248.0000
194.0037;246.7175;0.0000;786.6260;309937248.0000
194.0037;247.7175;0.0000;785.6252;309937248.0000
195.0037;247.8602;0.0000;789.0544;309937248.0000
195.0037;248.0030;0.0000;786.9116;309937248.0000
196.0037;248.1457;0.0000;788.6254;309937312.0000
197.0037;248.2885;0.0000;789.7689;309937312.0000
197.0037;248.4312;0.0000;788.0544;309937312.0000
198.0037;248.5740;0.0000;790.7680;309937312.0000
199.0037;248.5740;0.0000;790.1971;309937312.0000
199.8609;248.7168;0.0000;790.3398;309937312.0000
200.0037;248.8595;0.0000;792.6254;309937344.0000
200.8609;249.0023;0.0000;791.3398;309937344.0000
201.8609;249.1450;0.0000;791.3391;309937344.0000
202.8609;249.2878;0.0000;795.0536;309937344.0000
202.8609;249.4305;0.0000;792.9109;309937344.0000
203.8609;249.5732;0.0000;793.7674;309937344.0000
204.0037;249.7160;0.0000;796.1963;309937344.0000
204.8609;249.7160;0.0000;792.7674;309937344.0000
205.0037;249.8587;0.0000;797.0529;309937344.0000
206.0037;250.0014;0.0000;796.3391;309937344.0000
206.8609;250.0014;0.0000;794.9102;309937344.0000
207.8610;250.1443;0.0000;798.0529;309937376.0000
208.7182;249.2870;0.0000;797.1963;309937376.0000
208.8609;249.4297;0.0000;797.9100;309937376.0000
209.7182;249.5725;0.0000;797.9100;309937376.0000
209.8609;249.5725;0.0000;797.4818;309937376.0000
210.7182;249.7152;0.0000;798.9102;309937408.0000
211.7182;249.7152;0.0000;801.1962;309937440.0000
212.5755;249.0007;0.0000;798.4818;309937440.0000
212.7182;249.1435;0.0000;801.6246;309937440.0000
213.7182;249.1435;0.0000;800.9108;309937440.0000
213.7182;249.2862;0.0000;797.7673;309937440.0000
214.7182;249.2862;0.0000;803.4818;309937440.0000
214.7182;249.4290;0.0000;800.0536;309937472.0000
215.7182;248.5717;0.0000;801.6246;309937472.0000
216.5755;248.7145;0.0000;803.3391;309937472.0000
217.5755;248.7145;0.0000;800.3391;309937472.0000
217.5755;248.8573;0.0000;800.7674;309937504.0000
218.5755;248.0000;0.0000;804.7681;309937504.0000
218.7182;248.0000;0.0000;802.0536;309937536.0000
219.5754;248.1427;0.0000;805.1964;309937536.0000
220.5754;248.1427;0.0000;798.6245;309937536.0000
221.4327;247.4283;0.0000;805.7679;309937536.0000
221.5755;247.4283;0.0000;808.0536;309937536.0000
222.4327;247.4283;0.0000;805.4825;309937568.0000
222.5755;246.7138;0.0000;803.3391;309937568.0000
223.4327;246.7138;0.0000;808.7681;309937568.0000
224.4327;246.8565;0.0000;807.0543;309937568.0000
224.5755;245.9993;0.0000;808.4826;309937568.0000
225.4327;246.1420;0.0000;809.3398;309937568.0000
225.5754;246.1420;0.0000;808.1971;309937600.0000
226.5754;245.4275;0.0000;811.3398;309937600.0000
227.5755;244.5703;0.0000;809.9115;309937600.0000
228.4327;244.5703;0.0000;808.4826;309937600.0000
228.5755;244.7130;0.0000;811.4826;309937600.0000
229.5755;243.8557;0.0000;809.9115;309937600.0000
229.5755;243.8557;0.0000;808.4826;309937632.0000
230.5754;242.9986;0.0000;811.4826;309937632.0000
231.5754;243.1413;0.0000;809.9115;309937632.0000
231.5754;242.2840;0.0000;811.4826;309937632.0000
231.7182;242.2840;0.0000;813.1971;309937632.0000
232.7182;242.2840;0.0000;811.0544;309937632.0000
233.5755;241.4267;0.0000;811.6254;309937664.0000
233.7182;241.5695;0.0000;813.6261;309937696.0000
234.7182;241.5695;0.0000;812.9116;309937696.0000
234.8609;240.7122;0.0000;816.0544;309937696.0000
235.8609;239.8550;0.0000;817.0551;309937696.0000
236.0037;239.8550;0.0000;815.7689;309937696.0000
237.0037;239.8550;0.0000;817.6261;309937728.0000
237.1465;238.9978;0.0000;817.0551;309937728.0000
238.1465;238.9978;0.0000;818.3406;309937760.0000
238.2892;238.1405;0.0000;820.1978;309937760.0000
239.2892;238.1405;0.0000;818.9123;309937760.0000
239.2892;237.2833;0.0000;822.1978;309937792.0000
240.2892;237.1405;0.0000;823.4841;309937792.0000
241.2892;236.2833;0.0000;821.4841;309937792.0000
241.4320;236.2833;0.0000;824.9123;309937792.0000
241.5747;235.4260;0.0000;825.1985;309937792.0000
242.5747;235.4260;0.0000;824.6268;309937792.0000
242.7175;234.5688;0.0000;828.6268;309937824.0000
243.7175;234.5688;0.0000;827.9131;309937824.0000
243.8602;233.7115;0.0000;830.3413;309937824.0000
245.0030;233.7115;10.2870;831.1986;309937824.0000
245.1457;232.8543;0.0000;829.1985;309937824.0000
246.1457;232.8543;10.2870;833.3414;309937824.0000
246.2885;232.8543;0.0000;834.6276;309937824.0000
247.2885;231.9970;0.0000;829.3413;309937824.0000
247.2885;230.9970;0.0000;834.3413;309937824.0000
248.2885;230.9970;0.0000;836.1993;309937824.0000
249.2885;230.1398;0.0000;831.1986;309937824.0000
249.4312;230.1398;0.0000;837.0558;309937824.0000
250.2885;229.2825;0.0000;836.1993;309937856.0000
250.4312;228.2825;10.2870;836.1985;309937856.0000
251.4312;227.4253;0.0000;839.6275;309937856.0000
252.2885;227.4253;10.2870;837.4848;309937856.0000
252.4312;226.4253;0.0000;841.3420;309937856.0000
252.5740;225.5680;0.0000;842.9137;309937888.0000
253.5740;225.5680;0.0000;838.4847;309937888.0000
254.4313;224.5680;0.0000;839.9131;309937888.0000
254.5740;223.7108;10.2870;840.9138;309937920.0000
255.5740;222.7108;0.0000;834.3413;309937920.0000
255.5740;222.7108;0.0000;848.0566;309937920.0000
255.7168;221.7108;0.0000;836.9131;309937952.0000
255.8595;221.7108;0.0000;841.9131;309937984.0000
256.8595;220.7108;0.0000;844.9131;309937984.0000
257.7168;219.8535;0.0000;842.4848;309937984.0000
257.8595;218.8535;0.0000;844.7702;309937984.0000
258.8595;217.9963;0.0000;848.3420;309937984.0000
259.0023;216.9963;0.0000;844.4847;309938016.0000
259.0023;216.9963;0.0000;848.6276;309938016.0000
259.1450;215.9963;0.0000;848.0566;309938016.0000
259.2878;214.9963;0.0000;846.9131;309938016.0000
260.2878;214.1391;0.0000;850.1985;309938016.0000
260.2878;213.1391;0.0000;849.6276;309938016.0000
261.2878;213.1391;0.0000;849.4841;309938048.0000
261.4305;212.1391;0.0000;851.4841;309938048.0000
261.5733;211.2818;0.0000;848.9130;309938048.0000
261.7161;211.1391;0.0000;849.9123;309938048.0000
262.5732;210.2818;0.0000;853.1986;309938048.0000
262.7160;209.2818;0.0000;850.4841;309938048.0000
263.7160;208.2818;0.0000;852.1978;309938080.0000
263.8587;207.2818;0.0000;852.4841;309938080.0000
263.8587;206.2818;0.0000;852.0551;309938080.0000
264.0015;205.4246;0.0000;853.6260;309938080.0000
264.0015;205.2818;0.0000;854.6268;309938080.0000
264.1443;204.2818;0.0000;855.0551;309938112.0000
264.2870;203.2818;0.0000;855.4833;309938112.0000
265.1443;202.2818;0.0000;853.7695;309938112.0000
265.2870;201.4246;0.0000;852.6260;309938112.0000
266.2870;200.4246;0.0000;857.9123;309938112.0000
266.4297;199.4246;0.0000;853.7695;309938112.0000
266.5726;198.4246;0.0000;856.3406;309938144.0000
266.7152;198.2818;0.0000;855.0551;309938144.0000
266.7152;197.4246;0.0000;855.0551;309938144.0000
266.8580;196.4246;1.7130;858.6261;309938144.0000
267.0007;195.4246;0.0000;855.9123;309938176.0000
267.0007;194.4246;1.7130;857.0551;309938208.0000
267.1435;193.4246;1.7130;860.9124;309938240.0000
267.1435;192.2818;0.0000;858.4841;309938240.0000
267.2863;191.2818;1.7130;859.0551;309938240.0000
267.2863;190.2818;0.0000;860.7695;309938240.0000
267.4290;190.1391;0.0000;857.6268;309938240.0000
267.4290;189.1391;1.7130;859.9123;309938240.0000
267.4290;188.1391;1.7130;863.1985;309938272.0000
267.4290;187.1391;0.0000;858.4841;309938272.0000
267.5717;186.9963;0.0000;862.0551;309938272.0000
267.5717;185.9963;0.0000;862.7702;309938272.0000
267.5717;185.9963;0.0000;859.1993;309938272.0000
267.7145;184.9963;0.0000;865.4833;309938272.0000
267.7145;183.9963;0.0000;863.7695;309938272.0000
267.7145;182.9963;0.0000;861.9116;309938272.0000
267.8572;182.8536;0.0000;867.0551;309938272.0000
267.8572;181.8535;0.0000;863.0551;309938272.0000
267.8572;180.7108;0.0000;864.6260;309938272.0000
267.8572;180.5680;0.0000;865.1978;309938304.0000
267.8572;179.5680;0.0000;864.1978;309938304.0000
267.8572;179.4253;0.0000;866.4833;309938304.0000
268.0000;178.4253;0.0000;866.7695;309938304.0000
267.1428;178.2825;0.0000;866.0551;309938304.0000
267.1428;177.2825;0.0000;868.1978;309938304.0000
267.1428;176.2825;0.0000;866.6268;309938336.0000
267.1428;176.1398;0.0000;867.9123;309938336.0000
267.1428;175.1398;0.0000;870.7695;309938336.0000
267.1428;174.1398;0.0000;866.6268;309938336.0000
267.0000;174.1398;0.0000;867.1978;309938336.0000
267.0000;173.1398;0.0000;870.6268;309938336.0000
266.1428;172.1398;0.0000;867.6268;309938368.0000
266.1428;171.9970;10.2870;868.9123;309938368.0000
266.1428;171.8543;0.0000;871.9131;309938368.0000
266.1428;170.7115;10.2870;868.6268;309938400.0000
266.0000;170.5688;0.0000;864.9116;309938400.0000
266.0000;169.5688;0.0000;871.9131;309938400.0000
266.0000;169.4260;0.0000;870.4841;309938464.0000
265.0000;169.2833;0.0000;873.4841;309938464.0000
265.0000;168.2832;0.0000;874.3420;309938464.0000
265.0000;168.1405;0.0000;872.4841;309938464.0000
264.1428;167.1405;0.0000;874.9130;309938464.0000
264.1428;166.9978;0.0000;871.9131;309938496.0000
264.1428;165.9978;0.0000;872.7695;309938496.0000
263.2855;165.8550;0.0000;875.6276;309938496.0000
263.2855;164.8550;0.0000;873.9131;309938496.0000
263.2855;164.7122;0.0000;875.1985;309938496.0000
263.2855;164.5696;0.0000;875.4848;309938496.0000
263.2855;163.5696;0.0000;874.9130;309938496.0000
262.4283;163.2840;0.0000;876.0559;309938496.0000
262.2855;163.1413;0.0000;874.4848;309938496.0000
262.2855;162.1413;0.0000;875.0559;309938496.0000
262.1428;161.9986;0.0000;877.4849;309938496.0000
261.2855;160.9986;0.0000;874.4848;309938496.0000
261.1428;160.8557;0.0000;875.3413;309938528.0000
261.1428;159.9986;0.0000;875.6276;309938560.0000
260.1428;159.8557;0.0000;876.1994;309938560.0000
260.1428;158.8557;0.0000;869.3406;309938560.0000
260.1428;158.7130;0.0000;878.0566;309938560.0000
260.0000;158.5703;0.0000;874.6276;309938560.0000
260.0000;157.5703;0.0000;879.4848;309938592.0000
259.1428;157.5703;0.0000;877.0566;309938592.0000
259.0000;156.5703;0.0000;876.7703;309938592.0000
258.1428;156.4275;1.7130;877.4849;309938592.0000
258.1428;156.4275;0.0000;874.4848;309938592.0000
258.1428;155.4275;0.0000;877.6276;309938624.0000
257.1428;155.2848;0.0000;877.3421;309938624.0000
257.1428;154.2848;0.0000;875.3421;309938656.0000
257.0000;154.1420;0.0000;877.0559;309938656.0000
256.1428;153.1420;0.0000;877.0566;309938656.0000
256.0000;152.9993;0.0000;875.3421;309938656.0000
256.0000;151.9993;0.0000;878.3421;309938688.0000
255.0000;151.8565;0.0000;877.6284;309938688.0000
255.0000;150.8565;0.0000;875.7703;309938720.0000
254.0000;150.7138;0.0000;878.1993;309938720.0000
254.0000;149.8565;0.0000;876.0566;309938720.0000
253.1428;149.7138;0.0000;878.1993;309938720.0000
253.0000;148.7138;0.0000;880.4855;309938752.0000
253.0000;148.7138;0.0000;876.0566;309938752.0000
253.0000;147.7138;0.0000;877.4849;309938752.0000
252.1428;147.7138;0.0000;877.4856;309938752.0000
252.0000;146.7138;0.0000;875.0566;309938752.0000
252.0000;146.7138;0.0000;877.4849;309938752.0000
251.1428;145.7138;0.0000;876.6284;309938752.0000
251.0000;145.7138;0.0000;877.0566;309938752.0000
251.0000;144.7138;0.0000;880.4855;309938752.0000
250.0000;144.5710;0.0000;877.2001;309938752.0000
249.8573;143.7138;0.0000;877.9138;309938752.0000
248.8573;143.5710;0.0000;880.2001;309938752.0000
248.7145;142.5710;0.0000;876.6284;309938784.0000
247.7145;142.5710;0.0000;878.7710;309938784.0000
247.7145;142.4283;0.0000;879.7717;309938816.0000
247.5717;141.5710;0.0000;877.4856;309938816.0000
247.5717;141.4283;0.0000;880.4855;309938816.0000
247.4290;140.5710;0.0000;879.6290;309938848.0000
246.4290;140.4283;0.0000;878.3428;309938848.0000
246.4290;139.5710;0.0000;880.4855;309938848.0000
245.4290;139.5710;0.0000;879.4863;309938848.0000
245.2862;139.4283;0.0000;880.2001;309938848.0000
245.1435;139.4283;0.0000;881.4863;309938880.0000
244.2862;138.4283;0.0000;879.6290;309938912.0000
244.1435;137.5710;0.0000;880.3428;309938912.0000
243.1435;137.4283;0.0000;881.2009;309938912.0000
242.8580;136.5710;0.0000;879.7717;309938912.0000
242.7152;136.4283;0.0000;882.2001;309938912.0000
241.7152;136.2855;0.0000;881.2009;309938912.0000
241.5725;135.2855;0.0000;880.0573;309938944.0000
240.4297;135.1428;0.0000;881.9146;309938944.0000
240.1443;134.1428;0.0000;881.0581;309938944.0000
239.1443;134.0000;0.0000;881.7718;309938944.0000
238.8588;133.0000;0.0000;883.2008;309938976.0000
237.8587;132.8573;0.0000;880.2007;309938976.0000
237.5732;132.8573;0.0000;883.4863;309938976.0000
236.5732;131.8573;0.0000;882.7725;309938976.0000
236.4304;131.8573;0.0000;879.4863;309938976.0000
235.4305;130.8573;0.0000;882.7718;309938976.0000
235.2878;130.8573;0.0000;882.7725;309938976.0000
234.2878;130.8573;0.0000;880.3435;309939008.0000
234.1450;130.0000;0.0000;882.6290;309939008.0000
234.0022;129.8573;0.0000;881.6298;309939008.0000
233.0023;129.8573;0.0000;880.9146;309939008.0000
232.8595;129.0000;0.0000;882.0580;309939008.0000
232.7168;128.8573;0.0000;880.0581;309939008.0000
231.7168;128.8573;0.0000;881.7718;309939040.0000
231.5740;127.8572;0.0000;882.0580;309939040.0000
230.5740;127.8572;0.0000;880.0581;309939040.0000
229.5740;127.0000;0.0000;882.6290;309939040.0000
229.4312;126.8572;0.0000;880.7725;309939040.0000
229.2885;126.8572;0.0000;880.2007;309939072.0000
228.2885;126.7145;0.0000;883.2008;309939104.0000
228.0030;125.8573;0.0000;882.4870;309939104.0000
227.0030;125.7145;0.0000;881.2009;309939104.0000
226.0030;124.8572;0.0000;881.2009;309939136.0000
225.7175;124.7145;0.0000;879.0581;309939136.0000
225.5747;124.7145;0.0000;881.2009;309939136.0000
224.4320;124.7145;0.0000;882.9152;309939168.0000
224.2892;123.7145;10.2870;880.7725;309939168.0000
223.1465;123.7145;0.0000;882.3435;309939168.0000
222.0037;123.5717;0.0000;882.4870;309939168.0000
221.7182;122.7145;0.0000;879.2007;309939168.0000
220.5754;122.5717;0.0000;881.4863;309939200.0000
220.2899;122.5717;0.0000;881.6298;309939200.0000
219.1472;121.5717;0.0000;880.6290;309939200.0000
218.8618;121.4290;10.2870;882.7718;309939200.0000
217.7190;121.4290;0.0000;881.2009;309939200.0000
217.4335;120.4290;10.2870;881.9146;309939200.0000
216.2907;120.4290;0.0000;883.7718;309939200.0000
216.1480;120.2862;0.0000;880.0573;309939200.0000
215.0052;120.2862;0.0000;882.3428;309939200.0000
214.7197;119.4290;0.0000;881.7718;309939200.0000
213.5770;119.2862;0.0000;882.2001;309939200.0000
212.5770;119.2862;0.0000;882.6283;309939200.0000
212.2915;119.2862;10.2870;883.6290;309939232.0000
211.2915;118.4290;0.0000;881.6283;309939232.0000
211.1487;118.2862;0.0000;882.7711;309939232.0000
210.0060;117.4290;0.0000;885.3436;309939232.0000
209.0060;117.4290;0.0000;881.9138;309939232.0000
208.8632;117.4290;0.0000;885.2001;309939232.0000
207.8632;117.4290;0.0000;882.3428;309939264.0000
206.8632;116.5717;0.0000;882.9138;309939264.0000
205.8632;116.5717;0.0000;883.2001;309939264.0000
204.8632;116.5717;0.0000;878.3421;309939264.0000
204.8632;116.5717;0.0000;883.0566;309939264.0000
203.8632;116.5717;0.0000;881.6283;309939264.0000
202.8632;116.7145;0.0000;878.4849;309939328.0000
202.0060;116.7145;0.0000;881.3420;309939360.0000
201.0060;116.7145;0.0000;880.4855;309939360.0000
200.1487;116.8572;0.0000;879.6276;309939360.0000
199.1487;116.0000;0.0000;881.1993;309939360.0000
199.0060;116.1428;0.0000;879.1993;309939392.0000
198.1487;116.1428;0.0000;882.4848;309939392.0000
197.1487;116.1428;0.0000;881.9138;309939392.0000
196.2915;116.2855;0.0000;881.0566;309939392.0000
195.2915;116.2855;0.0000;881.7703;309939392.0000
193.4342;116.4283;0.0000;881.0566;309939392.0000
192.5770;116.5710;0.0000;877.0559;309939424.0000
191.5770;116.5710;0.0000;878.3414;309939424.0000
190.7197;116.7138;0.0000;876.9131;309939424.0000
189.7197;116.8565;0.0000;876.6268;309939424.0000
188.8625;116.9993;0.0000;878.3414;309939424.0000
187.8625;116.2848;0.0000;875.6268;309939424.0000
187.0052;116.4276;0.0000;877.7695;309939424.0000
186.0052;116.5703;0.0000;875.6268;309939456.0000
185.0052;116.7131;0.0000;875.7695;309939456.0000
184.8625;116.8558;0.0000;874.4833;309939456.0000
184.0052;116.9986;0.0000;875.6268;309939456.0000
183.0052;117.1413;0.0000;873.1978;309939456.0000
182.0052;117.1413;0.0000;873.6260;309939488.0000
181.0052;117.2840;0.0000;875.6268;309939488.0000
180.0052;117.4267;0.0000;873.6260;309939488.0000
179.8625;118.4267;0.0000;873.6260;309939488.0000
178.8625;118.5696;0.0000;870.6260;309939488.0000
178.0052;118.8550;0.0000;872.9116;309939520.0000
177.8625;118.1405;0.0000;871.9116;309939520.0000
176.8625;118.2833;0.0000;871.6260;309939520.0000
176.7197;118.4260;0.0000;872.6252;309939520.0000
175.8625;118.5688;0.0000;873.4833;309939520.0000
174.8625;118.7115;0.0000;870.3398;309939520.0000
174.0052;118.7115;0.0000;872.6252;309939584.0000
173.8625;118.8543;0.0000;870.7689;309939584.0000
173.0052;118.9970;0.0000;870.7681;309939616.0000
172.0052;118.9970;0.0000;873.3398;309939616.0000
171.8625;119.1398;0.0000;871.0543;309939616.0000
171.0052;119.2825;0.0000;871.6253;309939616.0000
170.0052;119.4253;0.0000;872.4825;309939648.0000
169.0052;119.4253;0.0000;868.4825;309939648.0000
168.8625;119.5680;0.0000;871.0536;309939648.0000
167.8625;119.7108;0.0000;871.0543;309939648.0000
167.8625;119.8536;0.0000;868.9108;309939648.0000
166.8625;120.8535;0.0000;871.1964;309939648.0000
165.8625;120.9963;0.0000;871.0543;309939680.0000
165.8625;121.1391;0.0000;867.3391;309939680.0000
164.8625;121.2818;0.0000;869.4818;309939680.0000
164.7197;121.2818;0.0000;865.9108;309939680.0000
163.7197;121.4246;0.0000;866.7673;309939680.0000
162.8625;121.5673;0.0000;867.6246;309939680.0000
162.7197;121.7101;0.0000;867.3391;309939680.0000
161.7197;122.7101;0.0000;866.0529;309939680.0000
160.7197;122.7101;0.0000;865.6245;309939680.0000
160.5770;122.8528;0.0000;862.3383;309939712.0000
159.7197;122.9956;0.0000;867.1956;309939712.0000
159.5770;123.1383;0.0000;865.6245;309939744.0000
158.5770;123.4238;0.0000;862.6240;309939744.0000
157.5770;123.5665;0.0000;864.4811;309939744.0000
156.5770;124.5665;0.0000;863.9100;309939744.0000
155.7197;124.8520;0.0000;861.9094;309939744.0000
155.5770;125.8520;0.0000;864.4811;309939744.0000
154.5770;126.1375;0.0000;859.7665;309939776.0000
153.5770;126.2803;0.0000;860.3376;309939776.0000
152.5770;126.4230;0.0000;861.6238;309939776.0000
152.4342;126.5658;0.0000;859.1948;309939776.0000
151.4342;127.5658;0.0000;859.6231;309939808.0000
150.5770;127.7085;0.0000;860.0521;309939808.0000
149.5770;127.8513;0.0000;858.3376;309939840.0000
148.7197;127.9940;0.0000;859.6231;309939840.0000
147.7197;128.9940;0.0000;859.0521;309939840.0000
146.8625;129.2796;0.0000;857.9086;309939840.0000
145.8625;129.4223;0.0000;859.6231;309939872.0000
145.0052;130.4223;0.0000;856.6231;309939872.0000
144.0052;130.5651;0.0000;857.3369;309939904.0000
144.0052;130.7078;0.0000;859.6231;309939904.0000
143.0052;131.7078;0.0000;856.9086;309939904.0000
142.1480;131.8506;0.0000;857.6224;309939904.0000
142.0052;132.1361;0.0000;856.9086;309939904.0000
141.1480;132.2788;0.0000;856.1941;309939904.0000
140.1480;133.2788;0.0000;857.4795;309939904.0000
140.1480;133.4216;0.0000;857.7659;309939904.0000
139.1480;134.4216;0.0000;855.7651;309939904.0000
138.2907;134.4216;0.0000;857.4795;309939904.0000
137.4335;135.4216;0.0000;855.3368;309939904.0000
137.4335;135.7071;0.0000;854.1933;309939936.0000
136.5762;135.8498;0.0000;855.6224;309939936.0000
135.7190;136.8499;0.0000;852.0506;309939936.0000
135.7190;136.8499;0.0000;853.6216;309939936.0000
134.7190;137.9925;0.0000;852.7651;309939936.0000
133.8617;137.9925;0.0000;850.4789;309939936.0000
132.8618;138.9925;0.0000;852.6216;309939968.0000
132.8618;139.9926;0.0000;853.6224;309939968.0000
132.0044;140.1354;0.0000;849.9071;309939968.0000
131.0044;141.1353;0.0000;852.4789;309939968.0000
130.1472;141.9926;0.0000;850.3362;309939968.0000
129.2899;142.1354;0.0000;848.3353;309939968.0000
128.4327;142.9925;0.0000;850.9072;309940000.0000
127.5754;143.1353;0.0000;848.0499;309940000.0000
126.7182;143.9926;0.0000;848.0491;309940032.0000
126.8609;144.9925;0.0000;850.0499;309940032.0000
126.0037;144.9925;0.0000;846.9064;309940032.0000
126.0037;145.1354;0.0000;848.7629;309940032.0000
125.1465;146.1354;0.0000;849.0491;309940064.0000
124.1465;146.2780;0.0000;847.3339;309940064.0000
124.1465;147.1354;0.0000;849.4767;309940064.0000
123.2892;148.1353;0.0000;846.0483;309940064.0000
122.4320;148.2780;0.0000;846.0475;309940064.0000
122.4320;149.2780;0.0000;851.1912;309940128.0000
121.5747;149.4208;0.0000;845.1903;309940128.0000
121.5747;150.4208;0.0000;846.0468;309940128.0000
120.7175;151.2780;0.0000;846.9041;309940128.0000
120.7175;151.4208;0.0000;845.6179;309940128.0000
120.7175;151.5635;0.0000;847.6171;309940128.0000
120.0030;152.5635;0.0000;847.7606;309940128.0000
120.0030;152.7063;0.0000;839.0447;309940128.0000
119.1457;153.7063;0.0000;847.9026;309940128.0000
119.1457;153.8490;0.0000;846.4751;309940128.0000
118.4312;154.8490;0.0000;847.0453;309940128.0000
117.5740;155.8490;0.0000;847.3316;309940128.0000
117.5740;156.8490;0.0000;844.1890;309940160.0000
116.7168;156.9918;0.0000;844.3309;309940160.0000
116.7168;157.8490;0.0000;843.9026;309940160.0000
116.7168;158.8490;0.0000;841.6164;309940160.0000
115.8595;158.9918;0.0000;845.3302;309940160.0000
116.0023;159.9918;0.0000;844.9020;309940160.0000
116.0023;160.1346;0.0000;842.9012;309940224.0000
115.1450;161.1346;0.0000;845.9012;309940224.0000
115.1450;161.2773;0.0000;845.3302;309940224.0000
114.2878;162.2773;0.0000;845.3294;309940224.0000
113.4305;163.2773;0.0000;845.3294;309940224.0000
113.4305;163.4201;0.0000;843.1867;309940288.0000
113.4305;164.4201;0.0000;845.6149;309940320.0000
112.7159;165.4201;0.0000;846.0440;309940320.0000
112.7159;165.7056;0.0000;843.4722;309940320.0000
112.7159;166.7056;0.0000;845.0432;309940320.0000
112.7159;166.8483;0.0000;845.1867;309940320.0000
112.0014;167.8483;0.0000;841.9004;309940352.0000
112.0014;167.9911;0.0000;845.0432;309940352.0000
111.1442;168.9911;0.0000;845.3294;309940352.0000
110.2870;169.9911;0.0000;843.3287;309940352.0000
110.2870;170.1338;0.0000;847.9005;309940352.0000
109.4297;171.1338;0.0000;841.4714;309940352.0000
108.5725;172.1338;0.0000;843.8997;309940352.0000
108.5725;172.2766;0.0000;846.1859;309940384.0000
107.7152;173.2766;0.0000;842.7569;309940384.0000
107.7152;174.2766;0.0000;845.1852;309940384.0000
107.8580;174.4193;0.0000;846.3287;309940384.0000
107.1435;175.4193;0.0000;843.0424;309940384.0000
106.4290;176.4193;0.0000;842.8989;309940416.0000
106.5717;177.4193;0.0000;844.7569;309940416.0000
105.8572;177.7048;0.0000;844.6134;309940416.0000
106.0000;178.7048;0.0000;842.8989;309940416.0000
105.2855;179.7049;0.0000;845.0424;309940416.0000
105.4283;179.8476;0.0000;843.7562;309940416.0000
104.5710;180.8476;0.0000;848.1852;309940448.0000
104.7138;181.8476;0.0000;843.0417;309940448.0000
103.9993;182.7048;0.0000;844.1837;309940448.0000
103.1420;182.8476;0.0000;845.4700;309940448.0000
103.2848;183.8476;0.0000;844.3264;309940448.0000
103.2848;184.8476;0.0000;845.8974;309940480.0000
103.2848;185.8476;0.0000;844.3264;309940480.0000
102.4276;186.8476;0.0000;844.1829;309940480.0000
102.4276;187.7048;0.0000;845.3256;309940512.0000
101.7131;187.9903;0.0000;844.6119;309940512.0000
100.9986;188.9904;0.0000;846.4684;309940544.0000
101.1413;189.9904;0.0000;848.1829;309940576.0000
101.1413;190.9904;0.0000;846.0402;309940576.0000
101.2840;191.8476;0.0000;846.0394;309940576.0000
100.5696;191.9904;0.0000;846.0402;309940576.0000
100.5696;192.8476;0.0000;843.8967;309940576.0000
99.8550;193.8476;0.0000;845.4677;309940576.0000
99.8550;194.7048;0.0000;845.3256;309940608.0000
99.9977;195.7048;0.0000;846.0394;309940608.0000
99.9977;195.7048;0.0000;846.3248;309940608.0000
99.9977;196.7049;0.0000;845.3256;309940608.0000
100.1405;197.5621;0.0000;843.4677;309940608.0000
100.1405;197.7048;0.0000;846.0394;309940608.0000
100.2833;198.5621;0.0000;843.0394;309940608.0000
99.4260;199.5621;0.0000;841.3242;309940608.0000
99.4260;199.7048;0.0000;843.4677;309940608.0000
99.5688;200.5621;0.0000;841.7533;309940640.0000
99.7115;201.5621;0.0000;843.8960;309940640.0000
99.7115;202.5621;0.0000;844.3250;309940672.0000
99.8543;202.5621;0.0000;841.0387;309940672.0000
98.9970;203.5621;0.0000;844.0388;309940672.0000
99.1398;204.4193;0.0000;843.4677;309940672.0000
99.1398;205.4193;0.0000;843.0388;309940672.0000
99.1398;206.2766;0.0000;837.0379;309940672.0000
99.2825;207.1338;0.0000;841.7533;309940704.0000
99.2825;208.1338;0.0000;842.3242;309940704.0000
99.2825;208.9911;0.0000;842.7532;309940704.0000
99.4253;209.9911;0.0000;840.1815;309940704.0000
99.4253;210.8483;0.0000;841.7524;309940704.0000
99.5680;211.8483;0.0000;842.7532;309940704.0000
99.5680;212.8483;0.0000;841.1814;309940736.0000
99.7108;213.7056;0.0000;843.3242;309940736.0000
98.8535;214.7056;10.2870;842.6105;309940736.0000
98.9963;215.5628;0.0000;841.6097;309940768.0000
98.9963;216.5628;10.2870;843.1815;309940768.0000
99.1391;217.4201;0.0000;841.0387;309940768.0000
99.1391;218.4201;0.0000;840.0379;309940800.0000
99.1391;219.2773;0.0000;842.1815;309940800.0000
99.2818;220.2773;10.2870;840.4670;309940800.0000
99.2818;221.1346;0.0000;842.0379;309940800.0000
99.2818;222.1346;10.2870;841.1814;309940800.0000
99.4246;222.9918;0.0000;836.3235;309940832.0000
99.4246;223.9918;0.0000;840.1807;309940832.0000
99.5673;224.8490;0.0000;839.4670;309940832.0000
99.5673;225.8490;0.0000;840.0379;309940832.0000
99.7101;226.8490;10.2870;840.8953;309940832.0000
99.7101;227.7063;0.0000;837.8952;309940832.0000
99.8528;228.7063;0.0000;840.0379;309940832.0000
99.8528;229.5635;0.0000;840.7525;309940832.0000
99.9956;230.5635;0.0000;836.0378;309940832.0000
100.8528;231.4208;0.0000;841.8952;309940832.0000
100.9956;232.4208;0.0000;839.4670;309940832.0000
100.9956;232.4208;0.0000;837.1807;309940864.0000
101.1383;233.4208;0.0000;840.4663;309940896.0000
101.1383;234.2780;0.0000;839.4670;309940896.0000
101.2810;235.1353;0.0000;838.3235;309940896.0000
101.2810;236.1353;0.0000;840.1807;309940896.0000
102.2810;237.1354;0.0000;839.4670;309940896.0000
102.4238;238.1354;0.0000;840.1807;309940896.0000
102.5665;238.9926;0.0000;841.7524;309940928.0000
102.7093;239.9925;0.0000;836.1808;309940928.0000
102.7093;240.9925;0.0000;840.4663;309940928.0000
102.8520;241.9926;0.0000;841.4669;309940928.0000
103.8520;242.8498;0.0000;839.8953;309940928.0000
103.9948;243.8498;0.0000;842.1807;309940928.0000
104.8520;244.8498;0.0000;841.3242;309940960.0000
104.9948;245.7071;0.0000;841.0379;309940992.0000
105.1375;246.7071;0.0000;842.1807;309940992.0000
105.2803;247.5643;0.0000;841.4669;309940992.0000
105.4230;249.4216;0.0000;843.0379;309940992.0000
105.5658;250.2788;0.0000;844.7525;309941024.0000
105.7085;251.9933;0.0000;843.4670;309941056.0000
105.8513;252.9933;0.0000;844.8953;309941056.0000
106.7085;254.7078;0.0000;846.8959;309941056.0000
106.8513;255.7078;0.0000;847.0387;309941056.0000
106.9940;257.4223;0.0000;847.6097;309941056.0000
107.1368;258.4223;0.0000;849.4677;309941056.0000
107.2796;259.2796;0.0000;848.1815;309941056.0000
108.4223;260.1368;0.0000;847.6097;309941056.0000
108.5651;261.1368;0.0000;847.7532;309941056.0000
108.7078;261.9940;0.0000;848.6097;309941056.0000
109.7078;262.8513;0.0000;850.0387;309941056.0000
109.8506;264.7086;0.0000;848.8959;309941088.0000
110.8506;265.5658;0.0000;850.3241;309941088.0000
110.9933;266.4230;0.0000;851.6105;309941088.0000
111.1361;267.2803;0.0000;849.8959;309941088.0000
111.2788;268.2803;0.0000;853.1815;309941088.0000
112.2788;269.1375;0.0000;852.3250;309941088.0000
112.4216;269.9948;0.0000;851.7532;309941120.0000
112.5643;270.8520;0.0000;853.8959;309941152.0000
113.5643;271.8520;0.0000;852.3250;309941152.0000
113.7071;272.7093;0.0000;850.3241;309941152.0000
114.7071;273.5666;0.0000;855.4677;309941152.0000
115.7071;273.7093;0.0000;852.3250;309941184.0000
115.8498;274.5666;0.0000;853.7532;309941184.0000
116.8499;275.4238;0.0000;855.1822;309941184.0000
116.9926;275.4238;1.7130;853.3250;309941184.0000
117.1354;276.2810;0.0000;854.1815;309941184.0000
118.1353;277.2810;0.0000;855.7540;309941184.0000
118.2780;277.2810;1.7130;853.4677;309941248.0000
118.4208;278.1384;0.0000;856.6105;309941248.0000
119.5635;278.1384;0.0000;855.6112;309941248.0000
119.7063;278.2811;0.0000;852.8959;309941248.0000
120.8490;279.1384;0.0000;855.4677;309941248.0000
121.1346;279.2810;0.0000;854.8967;309941248.0000
121.2773;280.1384;0.0000;853.7532;309941280.0000
122.4201;281.1384;0.0000;856.3248;309941280.0000
122.5628;281.1384;0.0000;854.1822;309941280.0000
123.5628;281.1384;0.0000;854.1815;309941280.0000
123.7056;282.1383;0.0000;857.6112;309941280.0000
123.9911;282.1383;0.0000;854.3250;309941280.0000
124.9911;282.9956;0.0000;855.7532;309941312.0000
125.1338;282.9956;0.0000;848.7532;309941312.0000
126.1338;283.9956;0.0000;855.4677;309941312.0000
127.1338;283.9956;0.0000;856.6105;309941312.0000
127.4193;284.8528;0.0000;856.4684;309941312.0000
127.5621;284.8528;0.0000;856.3248;309941312.0000
127.7048;285.7101;0.0000;857.1822;309941344.0000
128.8476;285.7101;0.0000;856.7540;309941344.0000
129.8476;286.5673;0.0000;856.6105;309941344.0000
129.9904;287.5673;0.0000;857.6112;309941344.0000
131.1331;287.4246;0.0000;856.1822;309941344.0000
131.2758;288.2818;0.0000;858.3250;309941376.0000
131.4186;288.2818;0.0000;857.6112;309941376.0000
132.4186;289.1391;0.0000;855.4677;309941376.0000
132.7041;289.1391;0.0000;856.6105;309941408.0000
133.7041;289.1391;0.0000;857.6112;309941408.0000
133.8469;289.1391;0.0000;857.4677;309941408.0000
133.9896;289.9963;0.0000;858.0394;309941440.0000
134.9896;289.9963;0.0000;856.7540;309941440.0000
135.1324;290.8536;0.0000;859.3250;309941440.0000
136.2751;290.8536;0.0000;859.3257;309941472.0000
136.4179;291.5681;0.0000;849.3242;309941472.0000
136.5606;291.5681;1.7130;859.3250;309941472.0000
137.7033;292.4253;0.0000;858.4686;309941504.0000
137.8461;292.4253;0.0000;858.0394;309941504.0000
138.8461;292.4253;0.0000;859.1822;309941504.0000
139.1316;293.2825;0.0000;859.3257;309941504.0000
139.2743;293.2825;0.0000;858.1822;309941504.0000
140.2743;294.1398;0.0000;859.0394;309941504.0000
140.5598;293.9970;0.0000;857.6112;309941504.0000
140.7026;293.9970;0.0000;858.3250;309941504.0000
141.7026;294.7115;0.0000;860.1829;309941504.0000
141.9881;294.7115;1.7130;857.6112;309941536.0000
142.9881;294.7115;0.0000;861.0394;309941536.0000
143.1309;295.4260;1.7130;860.1829;309941568.0000
144.1308;295.4260;0.0000;857.7540;309941568.0000
144.4164;296.2833;0.0000;860.8967;309941568.0000
145.4164;296.1405;0.0000;858.3257;309941568.0000
145.7019;296.1405;0.0000;859.0394;309941568.0000
145.8446;296.9977;0.0000;860.6112;309941568.0000
146.9874;296.9977;0.0000;857.4684;309941600.0000
147.1301;296.8550;0.0000;859.0394;309941600.0000
148.2729;297.7122;0.0000;861.3257;309941600.0000
148.5584;297.7122;0.0000;857.6112;309941600.0000
149.5584;298.5695;0.0000;860.1822;309941600.0000
150.7011;298.4268;0.0000;860.8975;309941600.0000
150.9867;298.4268;0.0000;855.8967;309941632.0000
152.1294;299.1413;0.0000;862.6112;309941632.0000
153.1294;299.1413;0.0000;859.8975;309941632.0000
153.4149;299.8557;0.0000;859.7540;309941632.0000
154.4149;299.8557;0.0000;860.6112;309941632.0000
155.4148;300.5703;0.0000;860.0402;309941632.0000
155.7003;300.5703;0.0000;860.7540;309941664.0000
156.7003;300.4276;0.0000;861.3257;309941696.0000
157.7003;301.2848;0.0000;857.6112;309941696.0000
157.8431;301.1420;0.0000;861.7540;309941696.0000
158.8431;301.9992;0.0000;861.8975;309941696.0000
159.8431;301.8565;0.0000;858.4686;309941696.0000
159.9859;301.7138;0.0000;861.7540;309941728.0000
160.9859;302.5710;0.0000;862.4692;309941728.0000
161.9858;302.4283;0.0000;858.8967;309941728.0000
162.9859;303.1428;0.0000;862.4684;309941728.0000
163.1286;303.0000;0.0000;862.4692;309941728.0000
164.1286;303.8572;0.0000;860.6112;309941760.0000
164.9858;303.7145;0.0000;863.0402;309941760.0000
165.1286;303.5717;0.0000;861.8975;309941760.0000
166.1286;304.2863;0.0000;862.4684;309941760.0000
167.2713;304.1435;0.0000;863.6120;309941760.0000
168.2714;305.0007;0.0000;860.4684;309941760.0000
169.2714;304.8580;0.0000;863.4685;309941792.0000
170.4141;305.5724;0.0000;864.3264;309941792.0000
171.4141;305.4297;0.0000;863.0402;309941792.0000
171.5569;305.2870;0.0000;864.1829;309941792.0000
172.5569;306.1443;0.0000;864.8983;309941792.0000
173.6996;306.0015;0.0000;864.0402;309941792.0000
174.6996;305.8588;0.0000;869.1837;309941824.0000
174.8424;306.5733;0.0000;864.4691;309941824.0000
175.8424;306.4305;0.0000;865.0402;309941824.0000
176.8424;307.1450;0.0000;866.1837;309941824.0000
177.8424;307.0023;0.0000;863.8975;309941824.0000
178.9851;306.8595;0.0000;866.1829;309941824.0000
179.9851;306.7167;0.0000;865.6119;309941856.0000
180.1279;307.4312;0.0000;863.6113;309941856.0000
181.1279;307.1457;0.0000;867.4684;309941856.0000
182.1279;307.0030;0.0000;866.6120;309941856.0000
183.1279;307.7175;0.0000;866.4684;309941856.0000
184.1279;307.4320;0.0000;871.4691;309941920.0000
185.1279;308.1465;0.0000;866.7546;309941952.0000
186.1279;308.0037;0.0000;867.4684;309941952.0000
187.1279;308.5754;0.0000;869.4691;309941952.0000
187.1279;308.4327;0.0000;866.4684;309941952.0000
188.1279;309.0044;0.0000;869.6105;309941952.0000
189.1279;308.8617;0.0000;870.7539;309941984.0000
189.9851;308.5762;0.0000;869.8959;309941984.0000
191.6996;309.1480;1.7130;872.4669;309941984.0000
192.6996;308.8625;10.2870;872.3242;309941984.0000
193.5569;308.7197;0.0000;873.4661;309941984.0000
194.4141;308.4342;0.0000;875.3235;309941984.0000
195.4141;309.0060;10.2870;875.0378;309941984.0000
196.2714;308.8632;0.0000;875.7517;309941984.0000
197.1286;308.5777;0.0000;876.1806;309941984.0000
198.9859;309.2922;0.0000;867.6083;309941984.0000
199.8431;309.0067;0.0000;876.1799;309941984.0000
201.7003;308.8640;0.0000;877.0378;309941984.0000
202.5576;309.5784;0.0000;875.6090;309942016.0000
203.5576;309.4357;0.0000;877.7518;309942048.0000
205.2722;309.1502;0.0000;877.7524;309942048.0000
206.2722;309.0074;0.0000;875.1799;309942048.0000
207.9866;309.7220;0.0000;879.1807;309942048.0000
208.9866;309.5792;10.2870;878.7524;309942048.0000
210.7011;309.2937;0.0000;878.7517;309942080.0000
211.7011;309.1510;0.0000;880.8953;309942080.0000
212.7012;309.0082;10.2870;877.4663;309942080.0000
214.5584;308.8655;0.0000;880.0372;309942080.0000
215.4156;308.7227;0.0000;881.3235;309942080.0000
217.2729;308.5799;0.0000;878.4655;309942112.0000
218.2729;308.4372;0.0000;883.0364;309942112.0000
219.9874;308.2944;0.0000;882.7510;309942112.0000
220.9874;308.0089;0.0000;881.4640;309942112.0000
222.7019;307.8662;0.0000;884.4641;309942144.0000
223.5591;307.7234;10.2870;884.1785;309942144.0000
224.4164;307.5807;0.0000;884.0349;309942176.0000
226.1309;307.5807;0.0000;886.6068;309942176.0000
226.9881;307.4379;10.2870;884.4641;309942208.0000
227.8454;307.2952;1.7130;885.4633;309942208.0000
229.5598;307.1524;0.0000;885.7495;309942208.0000
230.4171;307.0096;1.7130;885.1778;309942208.0000
231.2743;306.0096;0.0000;888.3206;309942208.0000
232.9888;305.8669;0.0000;888.1785;309942208.0000
233.8461;305.7242;0.0000;885.3206;309942208.0000
234.7033;305.7242;1.7130;889.1778;309942208.0000
236.5606;305.5814;0.0000;890.1785;309942208.0000
238.2751;304.5814;1.7130;888.3206;309942208.0000
239.1324;304.4387;10.2870;889.7495;309942240.0000
240.9896;304.2959;0.0000;887.4641;309942240.0000
241.8469;304.2959;0.0000;890.1778;309942240.0000
242.8469;304.1532;1.7130;891.1785;309942240.0000
243.7041;303.1532;0.0000;888.7495;309942240.0000
245.4186;303.0104;0.0000;891.1778;309942272.0000
247.2759;302.7249;0.0000;892.0356;309942272.0000
248.1331;302.5822;0.0000;892.6068;309942272.0000
248.9903;302.4394;0.0000;892.1793;309942304.0000
249.8476;302.2967;0.0000;893.6068;309942304.0000
250.7048;301.1539;0.0000;893.4632;309942304.0000
252.4193;301.0112;0.0000;895.6060;309942336.0000
253.4193;300.0112;0.0000;894.1778;309942336.0000
255.1338;299.8684;0.0000;893.3198;309942336.0000
255.9911;299.5829;0.0000;896.8923;309942336.0000
256.8483;299.4402;0.0000;895.4633;309942336.0000
257.7056;299.2974;0.0000;897.3198;309942336.0000
258.5628;299.0119;0.0000;899.8922;309942368.0000
259.4201;298.0119;0.0000;895.7487;309942368.0000
260.2773;297.0119;10.2870;898.1771;309942400.0000
261.9918;296.7264;0.0000;900.7495;309942400.0000
263.7063;295.7264;10.2870;900.6061;309942400.0000
265.4209;294.5836;0.0000;903.0350;309942400.0000
266.2780;294.4409;0.0000;901.6067;309942432.0000
267.9925;293.2982;0.0000;901.6060;309942432.0000
268.9926;292.1554;0.0000;905.4640;309942432.0000
270.7071;292.0126;0.0000;902.7495;309942432.0000
271.5643;290.8699;0.0000;906.4633;309942432.0000
273.2788;290.7271;0.0000;906.0358;309942464.0000
273.9933;289.5844;0.0000;905.6068;309942464.0000
275.7078;288.5844;0.0000;909.8922;309942464.0000
276.5651;287.4416;0.0000;908.6075;309942464.0000
278.2796;286.4416;0.0000;900.0343;309942464.0000
279.9940;285.2989;0.0000;910.1785;309942464.0000
281.7086;284.2989;0.0000;909.6075;309942496.0000
282.5658;283.2989;0.0000;909.6068;309942496.0000
284.1375;283.1561;0.0000;911.7502;309942496.0000
284.9948;282.0134;0.0000;909.0356;309942496.0000
286.7093;280.1561;0.0000;909.8922;309942496.0000
287.5666;279.1561;0.0000;911.4647;309942496.0000
289.2810;278.1561;0.0000;909.7502;309942528.0000
290.1384;277.1562;0.0000;912.4639;309942528.0000
290.9955;275.2989;0.0000;912.1792;309942528.0000
291.8528;274.2989;0.0000;910.1785;309942528.0000
292.7101;273.1562;1.7130;913.7502;309942528.0000
293.4246;272.1562;0.0000;912.1792;309942528.0000
294.2818;271.1561;1.7130;911.0358;309942560.0000
295.1391;270.1561;0.0000;913.7502;309942560.0000
295.8536;269.1561;0.0000;910.4647;309942560.0000
296.7108;268.1562;0.0000;913.6075;309942560.0000
297.5681;267.1561;0.0000;915.7510;309942560.0000
297.4253;266.1561;0.0000;911.4647;309942560.0000
298.2825;265.0134;0.0000;916.4648;309942624.0000
299.1398;264.8706;0.0000;913.8937;309942624.0000
298.9970;263.8706;0.0000;914.4648;309942624.0000
299.8543;262.8706;0.0000;909.8922;309942624.0000
300.5688;261.8706;0.0000;915.7510;309942624.0000
300.5688;260.8706;0.0000;915.0358;309942656.0000
301.2833;259.8706;0.0000;917.0365;309942656.0000
301.2833;259.7279;0.0000;916.3219;309942656.0000
301.9977;258.7279;10.2870;916.8930;309942656.0000
302.7122;257.7278;0.0000;916.4648;309942656.0000
303.5695;256.7280;0.0000;917.7502;309942656.0000
303.4267;255.5851;0.0000;920.3213;309942688.0000
304.1413;254.5852;0.0000;919.4648;309942688.0000
304.9985;253.5852;10.2870;911.4633;309942688.0000
305.7130;252.5851;0.0000;921.6068;309942688.0000
305.5703;251.7280;0.0000;920.6075;309942688.0000
306.2848;249.8706;0.0000;920.7495;309942688.0000
306.1420;248.8706;0.0000;923.4640;309942720.0000
306.9993;248.7278;0.0000;921.0358;309942720.0000
306.8565;246.7279;0.0000;922.6068;309942720.0000
307.5710;245.7280;0.0000;924.3220;309942720.0000
308.2855;244.7280;0.0000;923.0356;309942720.0000
308.1428;244.5851;10.2870;924.3206;309942720.0000
308.8572;243.4424;0.0000;925.6075;309942752.0000
308.7145;242.4424;0.0000;923.1785;309942752.0000
308.5717;241.4424;0.0000;926.0357;309942752.0000
309.1435;241.2997;0.0000;923.7502;309942752.0000
309.0008;240.1569;0.0000;926.0357;309942752.0000
309.7152;239.1568;0.0000;927.3218;309942784.0000
309.5725;238.1569;0.0000;925.4647;309942816.0000
310.2870;237.1569;0.0000;927.7502;309942816.0000
310.1443;236.0142;0.0000;929.3220;309942816.0000
310.0015;235.8714;0.0000;925.8937;309942816.0000
309.8587;234.8714;0.0000;926.1785;309942848.0000
310.5733;233.8714;0.0000;929.4655;309942880.0000
310.4305;232.8714;0.0000;927.3218;309942880.0000
311.1450;231.8714;0.0000;928.1792;309942880.0000
311.1450;230.8714;0.0000;929.3228;309942880.0000
311.0023;230.7287;0.0000;927.6075;309942880.0000
311.7168;229.5859;0.0000;930.0364;309942880.0000
311.5740;228.5859;0.0000;928.4655;309942912.0000
312.2885;227.4432;0.0000;928.4647;309942912.0000
312.1458;226.4431;0.0000;930.6082;309942912.0000
312.0030;226.1576;0.0000;929.6082;309942912.0000
311.8602;225.1576;0.0000;929.3220;309942912.0000
312.5747;223.1576;0.0000;932.8945;309942912.0000
312.4320;222.1576;0.0000;927.8937;309942912.0000
313.2892;222.0149;0.0000;933.7510;309942912.0000
313.1465;220.8721;0.0000;931.7517;309942912.0000
313.0037;219.8721;0.0000;929.8937;309942912.0000
313.7182;218.7294;0.0000;932.6082;309942912.0000
313.5754;217.7294;0.0000;930.1801;309942912.0000
313.4327;216.7294;0.0000;929.8937;309942944.0000
314.1472;215.7294;0.0000;932.1799;309942944.0000
314.1472;214.7294;0.0000;930.0372;309942944.0000
314.8617;213.7294;0.0000;931.6082;309942944.0000
314.7190;212.5866;0.0000;931.8945;309942944.0000
314.5762;211.5866;0.0000;930.4655;309942976.0000
315.2908;209.7294;0.0000;933.4655;309942976.0000
315.1480;208.5866;10.2870;932.4663;309942976.0000
315.8625;207.5866;0.0000;932.4655;309942976.0000
315.7197;206.5866;10.2870;933.3227;309942976.0000
315.5770;205.5866;0.0000;933.3235;309942976.0000
316.1487;203.7294;0.0000;932.4655;309943008.0000
316.0060;202.7294;0.0000;935.6089;309943008.0000
316.7205;201.8721;10.2870;933.4663;309943008.0000
316.4349;200.0149;0.0000;935.8945;309943072.0000
316.2922;199.0149;10.2870;935.3235;309943072.0000
316.8639;198.0149;0.0000;931.1799;309943072.0000
316.5784;197.0149;0.0000;939.4662;309943104.0000
316.4357;196.0149;0.0000;932.0372;309943104.0000
316.1503;195.0149;0.0000;933.8945;309943104.0000
316.0074;194.0149;0.0000;937.6090;309943104.0000
316.5792;192.1576;0.0000;936.1807;309943104.0000
316.4365;191.3004;0.0000;936.3235;309943104.0000
316.1510;190.3004;0.0000;939.4662;309943136.0000
316.0082;189.3004;0.0000;936.3235;309943136.0000
315.8655;187.5859;0.0000;939.4662;309943136.0000
315.5800;186.7287;0.0000;940.4670;309943136.0000
316.2945;185.7287;0.0000;938.8952;309943136.0000
316.1517;184.8714;0.0000;940.4662;309943136.0000
315.8662;183.1569;0.0000;941.3241;309943136.0000
315.7234;182.1569;0.0000;939.0380;309943136.0000
315.4379;181.2997;1.7130;944.0378;309943136.0000
315.2952;180.2997;0.0000;943.0387;309943168.0000
315.0097;179.2997;0.0000;941.8952;309943168.0000
314.7242;178.2997;0.0000;945.3241;309943200.0000
314.5814;176.5852;0.0000;940.6097;309943200.0000
314.4387;175.5851;0.0000;942.7532;309943200.0000
314.1532;173.7278;0.0000;947.0378;309943200.0000
314.7249;172.8706;0.0000;941.6105;309943200.0000
314.5821;171.0134;0.0000;946.0372;309943200.0000
314.2966;170.1561;0.0000;946.6097;309943232.0000
314.1539;169.2989;0.0000;945.8951;309943232.0000
313.8684;168.2989;0.0000;948.6090;309943232.0000
313.7257;166.5844;0.0000;947.8953;309943232.0000
313.4402;165.5844;0.0000;947.0378;309943232.0000
312.2974;164.5844;0.0000;949.8952;309943232.0000
312.1547;163.7271;0.0000;947.4663;309943264.0000
312.7264;161.8699;0.0000;947.7517;309943296.0000
312.4409;161.0126;0.0000;950.0379;309943296.0000
312.2982;159.1554;0.0000;947.0378;309943296.0000
312.0126;158.2981;0.0000;948.8945;309943328.0000
310.8699;157.2981;0.0000;949.8952;309943328.0000
310.5845;156.4409;0.0000;947.4663;309943360.0000
310.4416;154.5836;0.0000;950.6089;309943360.0000
310.1562;153.7264;10.2870;950.1813;309943360.0000
310.0134;152.8692;0.0000;950.3235;309943360.0000
309.7280;151.1547;10.2870;951.1807;309943360.0000
308.7280;150.1547;0.0000;952.4670;309943360.0000
308.4424;149.2974;0.0000;950.4662;309943360.0000
308.2997;148.4402;0.0000;951.7524;309943360.0000
308.0142;146.7257;0.0000;950.0379;309943360.0000
307.8714;145.8684;0.0000;950.7517;309943360.0000
307.5859;144.1539;0.0000;952.4670;309943360.0000
307.3004;143.2967;0.0000;949.8952;309943392.0000
306.3004;141.4394;0.0000;952.4662;309943392.0000
306.0149;140.5822;0.0000;952.1815;309943392.0000
305.8721;139.7250;0.0000;950.4662;309943392.0000
304.7294;138.0104;0.0000;953.1807;309943392.0000
304.5866;136.1531;0.0000;952.1815;309943392.0000
303.4439;135.2959;0.0000;951.3235;309943424.0000
303.3011;133.5814;0.0000;952.8953;309943424.0000
303.0156;132.7242;0.0000;951.7524;309943424.0000
302.0156;131.8669;0.0000;953.1807;309943424.0000
301.7301;130.1524;0.0000;955.0388;309943424.0000
300.7301;129.2952;0.0000;952.6098;309943424.0000
300.5873;127.5807;0.0000;954.0379;309943456.0000
300.4446;126.7234;0.0000;954.7533;309943456.0000
299.4446;125.0089;0.0000;952.8953;309943456.0000
299.3018;124.1517;0.0000;955.7524;309943456.0000
298.3018;123.2944;0.0000;953.8960;309943488.0000
297.3018;121.7227;0.0000;954.7524;309943520.0000
297.1591;120.8655;0.0000;955.7524;309943520.0000
296.1591;119.1510;0.0000;953.8960;309943520.0000
295.3018;118.4365;0.0000;954.8952;309943520.0000
295.1591;117.5792;0.0000;957.3250;309943520.0000
294.1591;115.8647;0.0000;954.1814;309943520.0000
293.1591;115.0075;0.0000;955.7524;309943584.0000
292.3018;114.2929;0.0000;953.8960;309943584.0000
292.1591;113.4357;10.2870;952.7525;309943584.0000
291.3018;112.7212;0.0000;956.4670;309943584.0000
291.1591;111.0067;0.0000;955.6105;309943584.0000
290.1591;110.1494;0.0000;954.6097;309943584.0000
290.0163;109.2922;0.0000;955.3242;309943616.0000
289.0163;108.5777;0.0000;954.6105;309943616.0000
288.0164;107.7205;0.0000;954.6097;309943616.0000
287.8736;106.8632;0.0000;957.3250;309943616.0000
286.8736;106.1487;0.0000;955.0388;309943616.0000
285.8737;105.2915;0.0000;955.7524;309943616.0000
285.0164;104.4342;0.0000;954.7533;309943616.0000
284.8736;103.7197;0.0000;954.7533;309943616.0000
283.8736;102.0052;0.0000;960.0387;309943616.0000
282.8736;102.1480;0.0000;956.3250;309943616.0000
282.0164;101.2907;0.0000;957.0387;309943616.0000
281.0163;100.4335;0.0000;957.8960;309943616.0000
280.8736;99.7190;0.0000;955.1822;309943680.0000
279.8736;99.7190;0.0000;956.1814;309943680.0000
278.8736;99.0044;0.0000;958.4677;309943680.0000
278.5882;98.1472;0.0000;954.4677;309943680.0000
277.5882;97.2899;0.0000;957.4670;309943680.0000
276.4453;96.4327;0.0000;956.8967;309943712.0000
275.4453;95.7182;0.0000;954.7533;309943712.0000
275.1599;94.8610;0.0000;957.6097;309943712.0000
274.0171;94.1465;0.0000;956.8967;309943744.0000
273.8744;93.2892;0.0000;955.3250;309943744.0000
272.7316;92.5747;0.0000;955.7548;309943744.0000
271.7316;92.5747;0.0000;956.8967;309943776.0000
271.5889;91.7175;0.0000;954.4684;309943776.0000
270.7316;91.0030;0.0000;956.1829;309943776.0000
270.5888;90.1457;0.0000;947.0394;309943776.0000
269.5889;90.2885;0.0000;955.7539;309943776.0000
268.5889;89.5740;0.0000;955.3264;309943776.0000
268.4461;89.5740;0.0000;953.1829;309943808.0000
267.4461;88.7168;0.0000;955.1829;309943808.0000
266.4461;88.0023;0.0000;955.3264;309943840.0000
266.3033;87.1450;0.0000;947.8959;309943840.0000
265.1606;86.4305;0.0000;958.8974;309943840.0000
265.0179;86.4305;0.0000;955.6120;309943840.0000
264.0179;85.7160;0.0000;956.8975;309943840.0000
263.7324;84.8587;10.2870;956.0402;309943840.0000
262.7324;85.0014;0.0000;953.0402;309943840.0000
261.5896;84.2870;0.0000;953.8967;309943840.0000
260.5896;84.2870;0.0000;948.4684;309943840.0000
260.4468;83.5725;0.0000;955.8975;309943872.0000
259.3041;82.8580;0.0000;953.0394;309943872.0000
258.3041;82.1435;10.2870;955.3264;309943872.0000
258.1613;82.2862;0.0000;953.1829;309943872.0000
257.1613;81.4290;0.0000;956.1829;309943872.0000
256.1613;80.7145;0.0000;954.6120;309943872.0000
255.1613;80.0000;0.0000;952.8967;309943904.0000
254.1613;80.1428;0.0000;955.1829;309943904.0000
253.0186;79.4283;10.2870;955.0402;309943904.0000
252.8758;78.7138;0.0000;952.0394;309943936.0000
251.8758;78.8565;10.2870;953.1829;309943936.0000
250.8759;78.1420;0.0000;953.0402;309943936.0000
249.8759;77.4275;0.0000;952.3250;309943968.0000
248.8758;77.5703;0.0000;953.3257;309944000.0000
247.8758;76.8558;0.0000;951.7540;309944000.0000
247.0187;76.8558;10.2870;953.1822;309944000.0000
246.0186;76.1413;0.0000;953.1829;309944000.0000
245.1613;75.4267;0.0000;951.6105;309944000.0000
244.1613;75.5695;10.2870;952.0394;309944032.0000
243.1613;74.8550;0.0000;951.7540;309944032.0000
242.3041;73.9977;0.0000;950.7532;309944032.0000
241.3041;74.1405;10.2870;952.0394;309944032.0000
240.3041;73.4260;10.2870;948.3248;309944032.0000
239.3041;73.4260;10.2870;950.7532;309944064.0000
238.4468;72.7115;0.0000;953.4684;309944064.0000
237.4468;71.8543;0.0000;951.3250;309944064.0000
236.5896;71.9970;0.0000;951.6105;309944064.0000
235.7324;71.1398;10.2870;951.8967;309944064.0000
234.8751;71.2825;0.0000;951.7532;309944064.0000
233.8751;70.4253;0.0000;951.7532;309944096.0000
233.0179;69.7108;0.0000;951.8967;309944096.0000
232.0179;69.8535;0.0000;951.7532;309944096.0000
231.1606;68.9963;0.0000;953.8967;309944096.0000
230.3034;68.2818;0.0000;951.3250;309944096.0000
229.3034;68.2818;0.0000;953.7533;309944096.0000
228.4461;68.4246;0.0000;953.8967;309944128.0000
227.5889;67.5673;0.0000;951.7532;309944128.0000
226.7316;67.7101;0.0000;952.8960;309944128.0000
224.8744;66.9956;0.0000;953.0402;309944128.0000
224.0171;66.1383;0.0000;951.7532;309944128.0000
223.8744;65.4238;0.0000;951.8959;309944128.0000
223.0171;65.4238;0.0000;953.0394;309944160.0000
222.1599;64.7093;0.0000;951.8959;309944160.0000
221.1599;64.7093;0.0000;954.6105;309944160.0000
219.4453;63.9948;0.0000;951.3250;309944160.0000
219.3027;63.2803;0.0000;952.1815;309944192.0000
218.4454;64.1375;0.0000;953.0394;309944224.0000
217.4453;63.4230;0.0000;949.1813;309944256.0000
216.4453;62.7085;0.0000;951.3241;309944256.0000
215.4453;62.7085;0.0000;951.3250;309944256.0000
214.4454;61.9940;0.0000;951.0386;309944256.0000
213.4454;62.1368;0.0000;953.4670;309944256.0000
212.5882;62.1368;0.0000;951.3250;309944288.0000
211.5882;61.4223;0.0000;950.4670;309944288.0000
210.5882;61.5651;0.0000;951.1814;309944288.0000
209.5882;60.7078;0.0000;950.4677;309944288.0000
208.5881;60.8506;0.0000;949.4669;309944288.0000
207.5882;60.1361;0.0000;948.8959;309944288.0000
206.5882;60.2788;0.0000;949.4669;309944288.0000
204.7309;60.2788;0.0000;950.0379;309944288.0000
203.7309;58.7071;0.0000;951.7532;309944288.0000
202.7309;58.8498;0.0000;948.7524;309944288.0000
201.7309;58.9926;0.0000;950.7524;309944288.0000
200.7309;59.1353;0.0000;949.3241;309944288.0000
200.5882;59.2780;0.0000;948.7524;309944320.0000
199.5881;59.4208;0.0000;949.0379;309944320.0000
198.5882;59.5635;0.0000;949.3241;309944320.0000
198.5882;59.5635;0.0000;948.7524;309944320.0000
197.5882;59.7063;0.0000;949.3241;309944320.0000
196.5882;58.9918;0.0000;947.4670;309944320.0000
195.7309;59.1346;10.2870;950.3235;309944352.0000
194.7309;59.2773;0.0000;949.3241;309944352.0000
193.7309;58.5628;0.0000;947.4670;309944352.0000
192.8736;58.5628;0.0000;950.3235;309944352.0000
191.8736;58.7056;0.0000;949.6096;309944352.0000
190.8736;58.8483;0.0000;947.4663;309944384.0000
190.0163;58.9911;0.0000;947.0378;309944384.0000
189.0164;59.1338;0.0000;946.0378;309944384.0000
188.0164;59.2766;0.0000;947.7517;309944384.0000
187.0164;59.4193;0.0000;948.7524;309944416.0000
186.1591;58.7048;0.0000;947.0378;309944416.0000
185.1591;58.8476;0.0000;948.8945;309944480.0000
184.3018;58.9903;0.0000;949.6096;309944480.0000
183.3018;59.1331;0.0000;947.3235;309944480.0000
182.4446;59.2759;0.0000;949.6090;309944480.0000
181.5873;59.4186;10.2870;946.6097;309944480.0000
180.5874;59.7041;0.0000;947.1799;309944480.0000
179.7301;59.8469;0.0000;947.8945;309944512.0000
178.8728;59.9896;0.0000;947.6097;309944512.0000
177.8728;60.1324;0.0000;947.1799;309944512.0000
177.0156;60.4179;0.0000;948.4663;309944512.0000
176.8728;60.5606;0.0000;944.7518;309944512.0000
176.0156;60.7033;0.0000;948.1801;309944512.0000
175.1584;60.8461;0.0000;947.0378;309944544.0000
174.1584;60.9888;10.2870;945.8945;309944544.0000
173.3011;61.2743;0.0000;946.4655;309944544.0000
172.3011;61.4171;0.0000;946.8951;309944544.0000
171.4439;61.7026;0.0000;945.4655;309944544.0000
170.5866;61.8453;0.0000;948.0372;309944544.0000
169.5866;62.1308;0.0000;946.1807;309944544.0000
169.5866;62.2736;0.0000;946.8945;309944576.0000
168.5866;62.5591;0.0000;946.8945;309944576.0000
167.7294;62.8446;0.0000;944.1799;309944576.0000
166.8721;63.1301;0.0000;945.8937;309944576.0000
165.8721;64.1301;0.0000;946.7517;309944608.0000
165.0149;64.4156;0.0000;944.4655;309944608.0000
164.1576;64.7011;0.0000;945.4655;309944608.0000
163.1576;64.9866;0.0000;943.1801;309944608.0000
162.3004;65.1294;0.0000;942.8937;309944608.0000
160.4432;65.4149;0.0000;945.6083;309944608.0000
160.3004;65.5576;0.0000;944.0372;309944640.0000
159.4431;65.8431;0.0000;943.7510;309944640.0000
158.4431;65.9858;0.0000;945.6083;309944672.0000
157.5859;66.2713;0.0000;945.0372;309944672.0000
156.5859;66.4141;0.0000;943.0365;309944672.0000
156.5859;66.6996;0.0000;944.8945;309944672.0000
155.5859;66.9851;10.2870;941.4655;309944704.0000
154.7287;67.1279;0.0000;943.0365;309944704.0000
154.7287;68.2706;0.0000;945.0372;309944736.0000
153.7287;68.5561;0.0000;942.7510;309944736.0000
152.8714;69.5561;0.0000;945.4655;309944736.0000
152.0142;69.8416;0.0000;942.4655;309944736.0000
151.1569;70.1272;10.2870;941.6075;309944768.0000
150.2997;70.4127;0.0000;943.8937;309944768.0000
149.4424;70.6982;0.0000;944.1799;309944768.0000
148.5852;70.8409;0.0000;945.8937;309944768.0000
147.7279;71.1263;0.0000;945.1801;309944768.0000
146.8706;71.2691;0.0000;943.0365;309944768.0000
146.0134;71.5546;0.0000;946.3220;309944768.0000
146.0134;71.6974;0.0000;944.4655;309944768.0000
145.1561;71.8401;0.0000;942.0365;309944768.0000
145.1561;72.1256;0.0000;944.3220;309944768.0000
144.2989;73.1256;0.0000;942.4655;309944768.0000
143.4416;73.2684;0.0000;943.3219;309944800.0000
143.4416;73.4111;1.7130;943.1792;309944800.0000
142.5844;73.6966;1.7130;940.6083;309944800.0000
141.7271;73.8394;0.0000;942.4647;309944832.0000
140.8699;74.1249;1.7130;943.3227;309944832.0000
140.0126;74.2676;0.0000;939.3235;309944832.0000
139.1554;74.4104;0.0000;940.0372;309944864.0000
139.1554;74.5532;0.0000;941.1807;309944864.0000
138.2981;74.6959;10.2870;937.7517;309944864.0000
137.4409;74.8387;0.0000;940.0372;309944864.0000
136.5836;75.8387;0.0000;940.0379;309944864.0000
135.7264;75.9814;0.0000;938.1799;309944864.0000
134.8692;76.1242;0.0000;937.1799;309944928.0000
134.0119;76.2669;0.0000;936.7517;309944928.0000
133.1547;76.4097;0.0000;938.0372;309944928.0000
133.1547;76.5524;0.0000;939.7517;309944928.0000
132.2974;76.5524;0.0000;936.0372;309944928.0000
131.4402;76.6952;10.2870;935.8937;309944928.0000
130.7257;77.6952;0.0000;935.7517;309944960.0000
129.8684;78.6952;0.0000;932.4655;309944960.0000
129.0112;78.8379;10.2870;934.1792;309944960.0000
128.1539;78.9807;0.0000;933.0372;309944992.0000
127.2967;79.1235;0.0000;929.4647;309944992.0000
126.4394;80.1234;0.0000;932.3219;309944992.0000
125.5821;80.9807;0.0000;930.7510;309944992.0000
125.5821;81.9807;0.0000;928.7502;309944992.0000
124.8676;82.1235;0.0000;931.1792;309944992.0000
124.0104;83.1235;0.0000;928.1792;309944992.0000
123.1531;83.1235;0.0000;931.6075;309944992.0000
122.2959;82.4090;10.2870;929.0364;309945024.0000
121.4386;82.5517;0.0000;927.6075;309945024.0000
120.5814;82.5517;10.2870;926.8937;309945024.0000
119.8669;82.6945;10.2870;925.7502;309945024.0000
119.0097;82.8372;0.0000;924.4640;309945024.0000
118.1524;83.6945;0.0000;924.1778;309945024.0000
117.2952;84.6945;0.0000;923.0356;309945056.0000
116.4379;85.6945;0.0000;923.4640;309945056.0000
115.5807;85.6945;10.2870;924.3212;309945056.0000
115.7234;85.8372;0.0000;920.8923;309945056.0000
114.8662;85.9799;0.0000;922.6061;309945056.0000
114.0089;86.8371;10.2870;923.3212;309945088.0000
114.0089;87.8371;0.0000;913.4625;309945120.0000
113.2944;87.9799;0.0000;919.3198;309945120.0000
112.4372;87.9799;10.2870;918.3204;309945120.0000
111.5799;88.9799;0.0000;918.3204;309945120.0000
110.7227;89.9799;0.0000;919.1770;309945152.0000
109.8655;90.9799;0.0000;917.8922;309945184.0000
109.0082;91.8372;0.0000;917.0343;309945184.0000
108.1510;91.9799;0.0000;917.0343;309945184.0000
108.1510;92.1226;10.2870;914.7487;309945184.0000
107.2937;92.2654;0.0000;915.7480;309945184.0000
105.5792;93.1227;10.2870;916.6060;309945184.0000
104.7220;94.1227;0.0000;913.1771;309945216.0000
103.8647;95.1226;0.0000;916.6052;309945216.0000
103.0074;95.1226;0.0000;914.0343;309945216.0000
102.1502;95.2654;0.0000;911.1769;309945216.0000
102.1502;96.2654;0.0000;914.0336;309945216.0000
101.2929;97.2654;0.0000;913.1771;309945216.0000
100.4357;97.4081;0.0000;909.6045;309945216.0000
99.5784;97.5509;0.0000;909.3190;309945216.0000
98.7212;98.5509;0.0000;913.1771;309945216.0000
97.8639;99.5509;0.0000;907.1755;309945216.0000
96.1494;100.5509;0.0000;911.8907;309945216.0000
95.4349;100.6937;0.0000;908.3190;309945216.0000
94.5777;101.6937;0.0000;909.0328;309945248.0000
93.7205;102.6936;0.0000;909.1763;309945248.0000
92.0060;103.6937;0.0000;905.8899;309945248.0000
91.1487;103.8364;0.0000;907.3183;309945248.0000
90.4342;104.8364;0.0000;907.1762;309945248.0000
89.5770;105.8364;0.0000;906.3183;309945248.0000
88.7197;106.8364;0.0000;907.3183;309945280.0000
87.8625;106.9792;0.0000;905.4617;309945280.0000
87.8625;107.9792;0.0000;904.1755;309945280.0000
86.2907;108.9792;0.0000;904.1755;309945280.0000
86.2907;109.1219;0.0000;903.0328;309945280.0000
85.4335;110.1219;0.0000;903.1747;309945312.0000
84.5762;111.1219;0.0000;905.6045;309945344.0000
83.7190;112.1219;0.0000;903.1755;309945344.0000
83.0044;112.2647;0.0000;905.0321;309945376.0000
83.0044;113.2647;0.0000;902.8900;309945376.0000
82.1472;113.4074;0.0000;902.4611;309945376.0000
82.2899;114.4074;0.0000;906.3183;309945408.0000
82.2899;114.5502;0.0000;905.4617;309945408.0000
81.4327;115.5502;0.0000;903.7465;309945440.0000
81.5754;115.6929;0.0000;904.1755;309945440.0000
81.5754;115.8357;0.0000;902.3182;309945440.0000
80.7182;116.8357;0.0000;903.3190;309945440.0000
79.8609;116.9785;0.0000;902.1755;309945440.0000
79.8609;117.8357;0.0000;902.0321;309945440.0000
79.1465;118.8357;0.0000;903.4602;309945440.0000
78.2892;119.8357;0.0000;903.8900;309945440.0000
77.5747;120.8357;0.0000;901.1748;309945440.0000
76.8602;121.6929;0.0000;904.4602;309945440.0000
76.0030;121.8357;0.0000;897.8893;309945472.0000
76.1457;122.8357;0.0000;900.3176;309945504.0000
75.2885;122.8357;0.0000;901.1748;309945504.0000
74.5740;123.8357;0.0000;898.1747;309945504.0000
74.5740;123.9784;0.0000;897.4595;309945504.0000
73.7167;124.8357;0.0000;899.0321;309945536.0000
73.0023;124.9785;0.0000;896.8886;309945536.0000
73.0023;125.9784;0.0000;897.6024;309945536.0000
72.1450;126.8357;0.0000;896.4603;309945536.0000
71.4305;127.8357;0.0000;896.1740;309945536.0000
71.4305;127.9785;0.0000;896.3168;309945536.0000
70.7160;128.9784;0.0000;894.4601;309945568.0000
70.0014;129.9785;10.2870;896.1740;309945568.0000
69.1442;130.8357;0.0000;895.3168;309945568.0000
68.4297;131.8357;0.0000;894.6029;309945568.0000
67.5725;131.9785;10.2870;893.8878;309945568.0000
67.7152;132.9785;0.0000;893.0312;309945568.0000
67.0007;133.9785;0.0000;892.6023;309945600.0000
66.1435;134.1212;0.0000;893.6023;309945632.0000
66.2862;135.1212;0.0000;894.7458;309945664.0000
65.4290;136.1212;0.0000;890.8878;309945664.0000
64.7145;136.9785;10.2870;892.3160;309945664.0000
64.7145;137.1212;0.0000;893.3168;309945664.0000
64.0000;138.1212;0.0000;890.8878;309945696.0000
63.2855;139.1212;0.0000;889.8878;309945696.0000
63.2855;140.1212;0.0000;890.1740;309945696.0000
62.5710;141.1212;10.2870;890.1733;309945696.0000
61.7138;141.2639;0.0000;890.4595;309945696.0000
61.8565;142.2639;0.0000;887.8878;309945696.0000
60.9993;143.2640;0.0000;887.0298;309945696.0000
61.1420;144.2639;0.0000;889.3168;309945696.0000
60.2848;145.1212;0.0000;888.1733;309945696.0000
60.4275;145.2639;0.0000;889.4588;309945696.0000
59.7130;146.2639;0.0000;887.7450;309945696.0000
59.8558;147.2639;0.0000;886.7443;309945728.0000
58.9986;148.2639;0.0000;890.0306;309945728.0000
58.2841;148.4067;0.0000;887.7450;309945728.0000
58.4267;150.1212;0.0000;887.3160;309945760.0000
57.5695;151.1212;0.0000;889.3168;309945760.0000
57.7122;152.1212;0.0000;886.0305;309945760.0000
56.9977;153.1212;0.0000;888.6016;309945792.0000
57.1405;154.1212;0.0000;885.6022;309945792.0000
56.4260;154.9785;0.0000;886.1733;309945792.0000
56.5688;155.9784;0.0000;884.1725;309945792.0000
55.7115;156.9784;0.0000;883.1733;309945792.0000
55.8543;158.8357;0.0000;885.0298;309945792.0000
55.1398;159.8357;0.0000;886.8871;309945824.0000
55.2825;160.6929;0.0000;883.1733;309945824.0000
54.4253;161.6929;0.0000;884.7442;309945824.0000
53.7108;163.5502;0.0000;885.6016;309945824.0000
53.8535;164.5502;0.0000;884.0305;309945824.0000
53.9963;165.5502;0.0000;883.6016;309945856.0000
53.2818;166.5502;0.0000;884.6022;309945888.0000
53.2818;168.4074;0.0000;883.1733;309945888.0000
53.4246;169.2647;0.0000;881.4579;309945888.0000
52.7101;170.2647;0.0000;884.4595;309945888.0000
52.8528;171.2647;0.0000;883.1733;309945888.0000
52.9956;172.2647;0.0000;884.1733;309945920.0000
53.1383;173.2647;10.2870;882.6022;309945920.0000
52.5665;175.1219;0.0000;883.1733;309945920.0000
52.7093;176.1219;0.0000;883.1733;309945920.0000
51.9948;177.1219;0.0000;882.7450;309945920.0000
52.1375;177.9792;0.0000;880.8871;309945920.0000
52.1375;178.9792;0.0000;882.3168;309945920.0000
52.2803;179.9792;0.0000;881.0305;309945920.0000
51.5658;180.9792;0.0000;883.6016;309945920.0000
51.7085;181.9792;0.0000;882.7450;309945920.0000
50.9940;182.8364;10.2870;880.0298;309945920.0000
50.9940;184.6937;0.0000;883.3160;309945920.0000
51.1368;185.6937;0.0000;882.6022;309945952.0000
50.4223;186.6937;10.2870;880.6015;309945952.0000
50.5651;187.6937;0.0000;883.1733;309945952.0000
50.7078;188.6937;10.2870;882.3168;309945952.0000
49.9933;189.5509;0.0000;880.6015;309945952.0000
49.9933;190.5509;0.0000;884.0305;309945984.0000
49.2788;191.5509;0.0000;879.3160;309946016.0000
49.4216;193.2654;0.0000;881.0298;309946016.0000
49.4216;194.2654;0.0000;881.0305;309946016.0000
48.7071;194.4082;0.0000;879.6015;309946016.0000
48.8498;195.2654;0.0000;881.0298;309946016.0000
48.9925;196.2654;0.0000;880.0305;309946016.0000
49.1353;197.2654;0.0000;878.0298;309946048.0000
48.4208;198.1227;0.0000;879.7441;309946048.0000
48.4208;199.1227;0.0000;881.1733;309946048.0000
48.5635;199.9800;0.0000;880.8871;309946080.0000
48.7063;200.9800;0.0000;880.7450;309946080.0000
47.9918;201.8372;0.0000;879.3160;309946112.0000
48.1346;202.8371;0.0000;883.3160;309946112.0000
48.1346;203.6944;0.0000;882.7450;309946112.0000
48.2773;204.5517;0.0000;878.4587;309946112.0000
47.5628;205.5517;0.0000;883.1733;309946112.0000
47.7056;206.4090;10.2870;882.3168;309946112.0000
47.8483;206.5517;0.0000;877.1725;309946144.0000
47.9911;207.4089;0.0000;879.4587;309946144.0000
47.2766;208.4090;0.0000;879.7450;309946144.0000
47.4193;209.2662;0.0000;878.0298;309946144.0000
47.5621;210.1235;0.0000;878.4587;309946144.0000
46.8476;211.1234;0.0000;878.0305;309946144.0000
46.8476;211.9807;0.0000;878.0298;309946176.0000
46.9903;213.6952;0.0000;878.0305;309946176.0000
47.1331;214.5525;0.0000;876.7443;309946176.0000
47.2759;215.5524;0.0000;879.7441;309946176.0000
46.4186;216.4097;10.2870;878.7450;309946176.0000
46.5614;218.1242;0.0000;875.6015;309946176.0000
46.7041;219.1242;10.2870;876.8870;309946208.0000
46.8469;219.9814;0.0000;878.8878;309946208.0000
46.9896;221.6959;0.0000;875.4587;309946208.0000
47.1324;222.6959;0.0000;879.3160;309946208.0000
47.1324;223.5532;0.0000;876.4587;309946208.0000
47.2751;225.4104;10.2870;877.6015;309946240.0000
46.5606;226.2677;0.0000;877.1733;309946272.0000
46.7033;227.2677;10.2870;876.4587;309946272.0000
46.8461;228.9821;0.0000;877.1725;309946272.0000
46.9888;229.8394;0.0000;879.3168;309946272.0000
47.1316;230.6966;0.0000;876.4587;309946272.0000
47.2743;232.5539;0.0000;877.3160;309946304.0000
47.4171;233.4111;10.2870;876.8885;309946336.0000
47.4171;234.2684;0.0000;876.3160;309946336.0000
47.5598;235.1256;10.2870;877.0305;309946336.0000
47.7026;236.1256;0.0000;876.0305;309946336.0000
47.8453;236.9830;0.0000;876.3160;309946336.0000
47.9881;237.8401;10.2870;876.7451;309946368.0000
48.1308;238.6974;0.0000;875.7451;309946368.0000
48.2736;239.6974;0.0000;877.3160;309946368.0000
48.4164;240.5547;0.0000;877.8885;309946368.0000
48.4164;241.4118;0.0000;873.8878;309946368.0000
48.5591;242.2691;0.0000;880.6024;309946368.0000
48.7019;243.2691;0.0000;877.3168;309946368.0000
48.8446;244.1264;0.0000;876.8878;309946400.0000
48.8446;244.9837;0.0000;878.4595;309946400.0000
48.1301;245.8409;1.7130;875.6024;309946400.0000
48.2729;246.6982;0.0000;879.7450;309946400.0000
48.4156;247.5554;0.0000;878.1740;309946400.0000
48.5584;248.5554;0.0000;877.3168;309946432.0000
48.5584;249.4127;0.0000;880.6024;309946432.0000
48.8439;250.2699;0.0000;881.7457;309946432.0000
48.9866;250.2699;0.0000;879.3168;309946432.0000
49.1294;251.2699;0.0000;882.1740;309946432.0000
49.2722;252.1272;0.0000;882.7465;309946464.0000
49.5576;252.9844;0.0000;879.4595;309946464.0000
49.7003;253.9844;0.0000;881.8885;309946464.0000
49.8431;254.8416;0.0000;881.6030;309946464.0000
50.1286;255.6989;0.0000;882.1740;309946464.0000
50.2713;256.6989;0.0000;883.3175;309946464.0000
50.4141;257.5561;0.0000;883.0321;309946496.0000
50.6996;257.5561;0.0000;883.6030;309946496.0000
50.8424;258.4134;0.0000;883.6038;309946528.0000
51.9851;259.4134;0.0000;882.8893;309946528.0000
52.1279;261.1279;0.0000;882.7473;309946528.0000
52.4134;262.1279;0.0000;885.7472;309946560.0000
52.6989;262.9851;0.0000;881.3175;309946592.0000
52.9844;263.9851;0.0000;886.3183;309946592.0000
53.1272;264.8424;0.0000;883.6045;309946592.0000
54.2699;265.6996;0.0000;884.4611;309946592.0000
54.5554;266.6996;0.0000;887.4617;309946592.0000
54.8409;267.5569;0.0000;883.1755;309946592.0000
55.1263;268.4141;1.7130;885.6037;309946624.0000
56.2691;269.2714;0.0000;887.0334;309946624.0000
56.5546;270.1286;0.0000;884.7473;309946624.0000
56.6974;270.9858;0.0000;887.8900;309946624.0000
57.8401;272.7003;0.0000;888.7479;309946624.0000
58.1256;273.5576;0.0000;886.6045;309946624.0000
59.2684;274.4149;0.0000;888.8907;309946624.0000
59.5539;275.2721;0.0000;889.6052;309946624.0000
59.8394;276.1294;0.0000;887.4617;309946624.0000
60.9821;276.9866;0.0000;891.4625;309946656.0000
61.2676;277.8439;1.7130;887.8908;309946656.0000
61.5532;278.7011;10.2870;890.1763;309946688.0000
62.6959;279.5584;0.0000;893.7487;309946688.0000
62.9814;280.4156;0.0000;892.1769;309946688.0000
63.2669;281.2729;0.0000;893.0343;309946688.0000
64.4097;281.9874;0.0000;892.6060;309946688.0000
64.6952;282.8446;0.0000;892.0343;309946688.0000
64.9807;283.5591;1.7130;892.3198;309946720.0000
66.1235;284.4164;0.0000;889.6060;309946720.0000
66.4090;285.9881;0.0000;892.1769;309946720.0000
66.6944;286.8453;1.7130;891.8914;309946720.0000
67.8372;287.7026;0.0000;891.4633;309946720.0000
68.1226;288.4171;0.0000;891.3197;309946720.0000
69.2654;289.2744;0.0000;893.4632;309946752.0000
69.5509;290.1316;0.0000;890.8914;309946752.0000
70.6937;290.8461;0.0000;894.8915;309946752.0000
70.9792;291.7034;0.0000;895.8923;309946784.0000
71.2647;292.5607;0.0000;894.6060;309946784.0000
72.2647;293.2751;0.0000;895.6060;309946784.0000
72.5502;294.9897;0.0000;893.1778;309946816.0000
72.8357;295.7041;0.0000;893.0343;309946816.0000
73.8357;296.5614;1.7130;895.6060;309946816.0000
74.1212;297.2759;0.0000;893.6060;309946816.0000
75.2639;298.1331;0.0000;892.3198;309946816.0000
75.4067;298.8476;0.0000;894.7495;309946848.0000
76.5495;299.7048;0.0000;894.0349;309946848.0000
76.8350;301.2766;0.0000;893.8914;309946848.0000
77.8350;302.1338;0.0000;895.0349;309946848.0000
78.9777;302.8483;0.0000;891.7487;309946848.0000
79.2632;304.5628;0.0000;894.8915;309946848.0000
80.2632;305.4201;0.0000;895.0349;309946848.0000
81.2632;306.1346;0.0000;894.4632;309946848.0000
81.5487;307.8490;0.0000;895.4633;309946848.0000
82.5487;308.7063;0.0000;894.0349;309946848.0000
82.6915;310.2780;0.0000;893.0343;309946848.0000
83.6915;311.1353;0.0000;894.3206;309946880.0000
84.6915;311.9925;0.0000;890.6060;309946912.0000
84.8342;313.7071;0.0000;894.8915;309946912.0000
85.9769;314.4216;0.0000;894.7495;309946912.0000
86.9769;315.2788;0.0000;893.4632;309946912.0000
87.9769;316.9933;0.0000;893.0343;309946912.0000
88.9769;317.8506;0.0000;893.8922;309946912.0000
89.9769;318.5651;0.0000;891.3197;309946944.0000
90.1197;320.2796;1.7130;894.6060;309946944.0000
91.1197;321.1368;10.2870;894.0349;309946944.0000
92.1197;321.9940;0.0000;891.8914;309946944.0000
93.1197;323.5658;0.0000;891.7487;309946944.0000
94.2624;324.4230;0.0000;891.4633;309946976.0000
95.2624;325.2803;0.0000;891.3197;309946976.0000
95.4052;326.1375;0.0000;893.0349;309947008.0000
96.4052;327.8521;0.0000;892.0343;309947008.0000
97.4052;328.7093;0.0000;893.0343;309947008.0000
98.5479;329.5665;0.0000;893.8922;309947008.0000
99.5479;331.2810;0.0000;893.6060;309947072.0000
100.5479;331.9955;0.0000;895.4633;309947072.0000
101.5479;332.8528;0.0000;893.0349;309947072.0000
102.5479;333.7101;0.0000;892.1769;309947072.0000
103.5479;334.4246;0.0000;894.3206;309947072.0000
104.5479;336.1391;0.0000;892.1778;309947072.0000
105.5479;336.9963;1.7130;894.6060;309947072.0000
106.4052;337.8536;0.0000;893.0349;309947072.0000
107.4052;338.5681;0.0000;891.6060;309947072.0000
108.4052;339.4253;0.0000;892.0343;309947072.0000
109.4052;340.1398;0.0000;894.7495;309947072.0000
110.4052;340.9970;0.0000;890.4633;309947072.0000
110.5479;341.8543;0.0000;894.4632;309947104.0000
111.5479;342.5688;0.0000;891.8923;309947104.0000
112.5479;343.4260;0.0000;891.7487;309947104.0000
113.5479;344.1405;0.0000;893.4632;309947104.0000
113.6907;344.1405;0.0000;891.3206;309947104.0000
114.6907;344.8551;0.0000;892.0343;309947104.0000
115.6907;345.7122;0.0000;892.8922;309947136.0000
115.8334;346.5695;0.0000;888.7487;309947168.0000
116.8334;346.4267;0.0000;892.3198;309947168.0000
116.9762;347.2840;0.0000;893.0349;309947168.0000
118.1189;347.9986;0.0000;891.8914;309947168.0000
119.1189;348.8557;0.0000;893.7487;309947200.0000
119.2617;349.5703;0.0000;893.0349;309947200.0000
120.2617;350.4275;0.0000;891.1769;309947200.0000
121.2617;351.1420;0.0000;892.0343;309947200.0000
122.2617;351.9993;0.0000;891.4633;309947200.0000
123.2617;351.8565;0.0000;890.8914;309947200.0000
124.2617;353.5710;0.0000;892.0349;309947264.0000
125.4045;353.4283;0.0000;889.1769;309947264.0000
126.4044;354.1428;0.0000;892.0343;309947264.0000
127.4044;354.1428;0.0000;891.3206;309947264.0000
128.5472;354.8572;0.0000;890.8914;309947264.0000
130.4044;355.5717;0.0000;891.8914;309947264.0000
131.4044;356.2863;0.0000;891.3206;309947296.0000
132.5472;357.0008;0.0000;891.0343;309947296.0000
133.5472;357.0008;0.0000;891.7487;309947296.0000
134.6900;357.7152;0.0000;888.7487;309947296.0000
136.5472;358.4297;0.0000;892.0343;309947296.0000
137.6900;358.2870;0.0000;893.3206;309947296.0000
139.6900;359.0015;0.0000;891.4633;309947328.0000
141.5472;359.7161;0.0000;890.4625;309947328.0000
142.5472;359.5732;0.0000;893.0349;309947328.0000
144.5472;360.1450;0.0000;889.7487;309947328.0000
146.5472;360.0023;0.0000;892.1769;309947328.0000
147.5472;360.7168;0.0000;891.8923;309947360.0000
149.5472;361.4312;0.0000;890.1769;309947360.0000
150.5472;362.1457;0.0000;892.7488;309947360.0000
152.5472;362.8602;0.0000;891.3206;309947360.0000
153.5472;362.5747;0.0000;891.7487;309947360.0000
155.4044;363.2892;0.0000;893.3206;309947360.0000
156.5472;364.0037;0.0000;891.3206;309947392.0000
158.4044;364.5754;0.0000;892.1769;309947392.0000
159.4044;365.2899;0.0000;893.7495;309947392.0000
161.4044;365.0045;0.0000;891.6060;309947424.0000
162.4044;365.7189;0.0000;891.1769;309947424.0000
164.2617;366.4335;0.0000;892.7495;309947424.0000
166.1189;366.1480;0.0000;891.7487;309947456.0000
168.1189;366.8625;0.0000;894.3206;309947456.0000
169.1189;366.5770;0.0000;892.7495;309947456.0000
170.9762;367.2914;0.0000;891.7487;309947456.0000
172.8335;367.0060;0.0000;896.0349;309947488.0000
174.6907;367.5777;1.7130;892.3206;309947488.0000
176.6907;368.2922;0.0000;893.4632;309947520.0000
177.6907;368.0067;0.0000;895.4641;309947520.0000
179.5479;368.7212;0.0000;893.8922;309947520.0000
181.5479;368.4357;0.0000;894.6060;309947520.0000
183.4052;369.0075;0.0000;891.8923;309947520.0000
185.2624;368.8647;0.0000;893.3206;309947520.0000
187.1197;369.4364;0.0000;894.6060;309947552.0000
188.9770;369.1509;0.0000;893.4641;309947552.0000
190.8342;369.7227;0.0000;893.4632;309947552.0000
191.8342;369.4372;0.0000;895.6068;309947552.0000
193.5487;369.2945;0.0000;893.8922;309947552.0000
195.4060;369.0089;0.0000;894.3206;309947584.0000
196.5487;369.5807;0.0000;896.3213;309947584.0000
198.4060;369.4379;0.0000;894.7495;309947584.0000
199.4060;370.0097;0.0000;894.6060;309947584.0000
201.2632;369.8669;0.0000;896.6068;309947584.0000
202.2632;370.4387;0.0000;894.0349;309947584.0000
204.1205;370.1532;0.0000;896.0349;309947616.0000
205.9777;370.0104;0.0000;896.1785;309947616.0000
206.9777;369.7249;0.0000;895.7495;309947616.0000
208.8350;369.4394;0.0000;897.7495;309947616.0000
210.6922;370.0112;0.0000;898.0358;309947616.0000
211.5495;369.8684;0.0000;897.0349;309947616.0000
213.4067;369.5829;0.0000;897.3213;309947648.0000
215.2639;370.1547;0.0000;896.4641;309947648.0000
216.2640;369.8691;0.0000;897.1778;309947648.0000
218.1212;369.7264;0.0000;898.1785;309947648.0000
219.1212;369.4409;0.0000;894.0349;309947648.0000
220.9784;370.1554;1.7130;898.8922;309947648.0000
221.9785;369.8699;0.0000;898.8930;309947680.0000
222.8357;369.5845;0.0000;896.0349;309947680.0000
224.6929;369.4417;0.0000;898.6068;309947712.0000
225.6929;370.0134;0.0000;898.0358;309947712.0000
227.4074;369.7278;0.0000;894.8923;309947712.0000
228.4074;369.5851;0.0000;897.6068;309947744.0000
229.4074;369.2997;0.0000;898.3212;309947744.0000
231.1219;369.0142;0.0000;899.8922;309947744.0000
232.1219;368.7286;0.0000;900.7502;309947744.0000
233.8364;368.5859;0.0000;899.4640;309947744.0000
234.8364;368.3004;0.0000;900.7495;309947744.0000
236.5509;368.0149;0.0000;900.7502;309947776.0000
237.5509;367.8721;0.0000;899.0349;309947776.0000
238.4082;367.5866;0.0000;902.4639;309947776.0000
240.2654;367.3011;0.0000;901.1785;309947776.0000
241.1227;367.1584;0.0000;900.1777;309947776.0000
242.8371;366.8728;0.0000;902.7495;309947776.0000
243.6944;366.5873;0.0000;900.3206;309947808.0000
245.4090;366.3018;0.0000;901.6060;309947808.0000
246.9807;366.0163;0.0000;901.8922;309947808.0000
247.8379;365.7309;1.7130;901.1777;309947808.0000
249.4097;365.4453;0.0000;903.8915;309947808.0000
251.1242;365.1599;1.7130;903.4640;309947808.0000
251.9814;365.0171;0.0000;902.4633;309947840.0000
253.5532;364.7316;1.7130;905.6060;309947840.0000
255.2677;364.5888;1.7130;902.6067;309947840.0000
256.9821;363.4461;1.7130;903.3206;309947840.0000
257.6967;363.3034;0.0000;904.1777;309947840.0000
259.4111;363.1606;1.7130;903.6067;309947872.0000
261.1256;362.8751;0.0000;903.8915;309947872.0000
261.9829;361.8751;0.0000;904.4640;309947872.0000
263.6974;361.7324;0.0000;904.6067;309947872.0000
265.2691;360.5896;0.0000;904.6075;309947872.0000
266.9837;360.4468;0.0000;908.1777;309947872.0000
268.6982;360.3041;0.0000;906.0343;309947904.0000
270.4127;359.3041;0.0000;908.4625;309947968.0000
271.1272;359.1613;0.0000;908.3206;309947968.0000
272.8416;358.0186;0.0000;907.3197;309947968.0000
274.5561;358.0186;0.0000;910.7487;309947968.0000
276.2706;357.0186;0.0000;910.1777;309947968.0000
277.1279;356.8758;0.0000;909.3197;309948000.0000
279.6996;355.8759;0.0000;911.4633;309948000.0000
281.4141;355.0186;0.0000;912.3206;309948000.0000
282.2714;354.8759;0.0000;911.1769;309948000.0000
283.9858;353.8759;0.0000;912.3206;309948000.0000
285.7003;353.0186;0.0000;910.7487;309948000.0000
286.5576;352.8759;0.0000;913.8914;309948000.0000
288.2721;352.0186;0.0000;914.0349;309948000.0000
289.9866;351.1613;0.0000;911.8914;309948000.0000
290.8439;350.3041;0.0000;913.8922;309948000.0000
292.5584;349.4468;0.0000;910.6082;309948000.0000
293.4156;348.5896;10.2870;904.8975;309948000.0000
294.9874;347.7324;0.0000;900.9033;309948032.0000
296.7019;346.8751;10.2870;884.2001;309948064.0000
297.5591;345.8751;0.0000;823.3874;309948064.0000
242.6015;316.3249;0.0000;827.2454;309868864.0000
243.4587;315.4677;0.0000;825.5309;309868864.0000
245.1732;314.6104;0.0000;827.2454;309868896.0000
246.8878;312.8960;0.0000;827.2454;309868896.0000
247.7450;312.0387;0.0000;825.5309;309868896.0000
249.4595;311.1815;0.0000;827.2454;309868896.0000
251.1740;310.3241;0.0000;828.1026;309868896.0000
252.0312;309.4670;0.0000;827.2454;309868896.0000
253.7457;308.6097;0.0000;828.9599;309868928.0000
254.6030;307.7524;0.0000;827.2454;309868928.0000
256.3175;306.8952;0.0000;829.8171;309868928.0000
258.0320;306.0379;0.0000;831.5317;309868928.0000
259.7465;304.3235;0.0000;828.1026;309868928.0000
261.4610;303.4662;0.0000;829.8171;309868928.0000
262.3183;302.6089;0.0000;832.3889;309868960.0000
264.0328;300.8945;0.0000;828.1026;309868960.0000
265.7472;300.0372;0.0000;832.3889;309868960.0000
266.6045;299.1799;0.0000;832.3889;309868960.0000
268.3190;298.3227;0.0000;829.8171;309868960.0000
269.1762;296.6082;0.0000;832.3889;309868960.0000
270.8907;296.6082;0.0000;829.8171;309868960.0000
271.7480;294.8937;0.0000;828.9599;309868960.0000
273.4625;294.8937;0.0000;834.1034;309868960.0000
274.3197;294.0364;0.0000;830.6744;309868960.0000
276.0342;293.1792;0.0000;832.3889;309868960.0000
276.8914;292.3220;0.0000;832.3889;309868992.0000
278.6059;290.6075;0.0000;830.6744;309868992.0000
280.3205;289.7502;0.0000;832.3889;309868992.0000
282.0349;288.8930;0.0000;832.3889;309868992.0000
282.8922;287.1785;0.0000;832.3889;309868992.0000
284.6068;285.4640;0.0000;834.9606;309868992.0000
286.3212;284.6068;0.0000;833.2462;309869024.0000
287.1785;282.8922;0.0000;834.1034;309869024.0000
288.0357;282.0349;0.0000;837.5324;309869024.0000
289.7502;281.1777;0.0000;832.3889;309869056.0000
290.6075;280.3205;0.0000;834.9606;309869056.0000
291.4647;278.6059;0.0000;834.1034;309869056.0000
293.1792;277.7487;10.2870;834.1034;309869088.0000
294.0364;276.8914;0.0000;835.8179;309869088.0000
294.8937;276.0342;10.2870;835.8179;309869088.0000
295.7509;274.3197;0.0000;834.1034;309869088.0000
297.4655;273.4625;0.0000;835.8179;309869088.0000
298.3227;271.7480;0.0000;834.9606;309869088.0000
299.1799;270.8907;0.0000;834.9606;309869120.0000
300.0372;270.0335;0.0000;837.5324;309869120.0000
301.7516;268.3190;0.0000;833.2462;309869120.0000
302.6089;267.4617;0.0000;835.8179;309869120.0000
303.4662;265.7472;0.0000;837.5324;309869120.0000
304.3235;264.0328;0.0000;834.1034;309869120.0000
305.1807;262.3183;0.0000;837.5324;309869152.0000
306.8952;260.6038;0.0000;836.6752;309869152.0000
307.7524;258.8893;0.0000;834.1034;309869152.0000
309.4670;257.1747;0.0000;837.5324;309869152.0000
310.3241;255.4602;0.0000;836.6752;309869152.0000
312.0387;253.7457;0.0000;835.8179;309869184.0000
312.8960;252.8885;0.0000;838.3897;309869184.0000
313.7532;251.1740;0.0000;836.6752;309869184.0000
314.6104;250.3167;0.0000;837.5324;309869184.0000
315.4677;249.4595;0.0000;838.3897;309869184.0000
317.1822;247.7450;0.0000;835.8179;309869184.0000
317.1822;246.8878;0.0000;837.5324;309869216.0000
318.0394;246.0305;0.0000;838.3897;309869216.0000
318.8967;244.3160;0.0000;837.5324;309869216.0000
319.7539;243.4587;0.0000;840.1041;309869216.0000
320.6112;241.7443;0.0000;839.2469;309869216.0000
321.4684;240.0298;0.0000;838.3897;309869216.0000
322.3257;239.1725;10.2870;840.1041;309869248.0000
322.3257;237.4580;0.0000;840.1041;309869248.0000
323.1829;235.7435;10.2870;840.1041;309869248.0000
324.0401;234.8863;0.0000;841.8187;309869248.0000
324.8974;233.1718;0.0000;840.1041;309869248.0000
324.8974;231.4572;0.0000;841.8187;309869248.0000
326.6120;230.6001;0.0000;841.8187;309869280.0000
326.6120;228.8855;0.0000;834.1034;309869280.0000
327.4691;227.1710;0.0000;842.6759;309869280.0000
328.3264;225.4565;0.0000;843.5332;309869280.0000
329.1837;224.5993;0.0000;842.6759;309869280.0000
329.1837;222.8848;0.0000;844.3904;309869312.0000
330.0409;221.1703;0.0000;842.6759;309869312.0000
330.8982;219.4558;0.0000;843.5332;309869312.0000
331.7554;218.5985;0.0000;845.2476;309869312.0000
331.7554;216.8840;0.0000;842.6759;309869312.0000
332.6126;216.0268;0.0000;841.8187;309869312.0000
333.4699;215.1695;0.0000;844.3904;309869344.0000
334.3272;213.4551;0.0000;842.6759;309869344.0000
334.3272;212.5978;0.0000;841.8187;309869344.0000
335.1844;211.7406;0.0000;843.5332;309869344.0000
336.0417;210.0261;0.0000;842.6759;309869344.0000
336.0417;209.1688;0.0000;843.5332;309869344.0000
336.8989;207.4543;0.0000;842.6759;309869376.0000
337.7562;206.5971;0.0000;845.2476;309869376.0000
337.7562;204.8825;0.0000;846.9622;309869376.0000
337.7562;203.1680;0.0000;842.6759;309869376.0000
337.7562;202.3108;0.0000;843.5332;309869376.0000
338.6134;200.5963;0.0000;845.2476;309869376.0000
338.6134;199.7390;0.0000;842.6759;309869408.0000
338.6134;198.0246;0.0000;842.6759;309869408.0000
339.4706;196.3100;10.2870;844.3904;309869408.0000
339.4706;195.4528;0.0000;843.5332;309869408.0000
340.3279;193.7383;10.2870;842.6759;309869408.0000
340.3279;192.8811;0.0000;840.9614;309869408.0000
340.3279;192.0238;0.0000;840.9614;309869440.0000
341.1852;191.1666;0.0000;840.1041;309869440.0000
341.1852;191.1666;10.2870;840.9614;309869440.0000
341.1852;190.3093;0.0000;842.6759;309869440.0000
341.1852;189.4521;10.2870;842.6759;309869440.0000
341.1852;189.4521;0.0000;840.1041;309869472.0000
341.1852;188.5948;0.0000;840.9614;309869504.0000
341.1852;187.7376;0.0000;837.5324;309869504.0000
341.1852;186.0231;0.0000;831.5317;309869504.0000
341.1852;185.1658;0.0000;841.8187;309869504.0000
342.0424;184.3086;0.0000;828.9599;309869504.0000
342.0424;182.5940;0.0000;834.9606;309869536.0000
342.0424;181.7368;0.0000;834.9606;309869536.0000
342.0424;180.8795;0.0000;831.5317;309869536.0000
342.8997;180.0223;0.0000;832.3889;309869536.0000
342.8997;179.1650;0.0000;834.1034;309869536.0000
342.8997;178.3078;0.0000;830.6744;309869536.0000
342.8997;177.4505;0.0000;832.3889;309869536.0000
342.8997;176.5933;0.0000;832.3889;309869536.0000
342.8997;175.7361;0.0000;828.1026;309869536.0000
342.8997;174.8788;0.0000;829.8171;309869536.0000
343.7569;174.0216;0.0000;828.1026;309869536.0000
343.7569;173.1643;0.0000;826.3882;309869536.0000
343.7569;172.3071;0.0000;825.5309;309869568.0000
343.7569;172.3071;0.0000;825.5309;309869600.0000
343.7569;172.3071;0.0000;827.2454;309869600.0000
343.7569;172.3071;0.0000;828.9599;309869600.0000
343.7569;172.3071;0.0000;825.5309;309869600.0000
343.7569;171.4498;0.0000;826.3882;309869632.0000
343.7569;171.4498;0.0000;824.6737;309869632.0000
343.7569;171.4498;0.0000;820.3875;309869632.0000
343.7569;171.4498;0.0000;814.3867;309869632.0000
342.8997;171.4498;0.0000;804.0997;309869632.0000
342.8997;171.4498;0.0000;790.3837;309869632.0000
342.8997;171.4498;0.0000;780.0967;309869664.0000
342.8997;171.4498;0.0000;756.0938;309869664.0000
342.8997;171.4498;0.0000;719.2321;309869664.0000
342.8997;171.4498;0.0000;665.2253;309869664.0000
342.8997;171.4498;10.2870;552.9256;309869664.0000
342.0424;171.4498;20.5740;339.4706;309869664.0000
342.0424;171.4498;30.8609;162.0200;309869696.0000
526.3510;-13.7159;0.0000;341.1852;309870528.0000
526.3510;-14.5733;0.0000;343.7569;309870528.0000
526.3510;-14.5733;0.0000;344.6141;309870528.0000
526.3510;-14.5733;0.0000;363.4736;309870528.0000
526.3510;-14.5733;0.0000;388.3339;309870528.0000
526.3510;-14.5733;0.0000;398.6208;309870528.0000
526.3510;-14.5733;0.0000;396.0491;309870528.0000
526.3510;-14.5733;0.0000;381.4759;309870528.0000
526.3510;-13.7159;0.0000;339.4706;309870560.0000
526.3510;-13.7159;0.0000;128.5874;309870560.0000
