227.6546;204.2287;6.1703;13.2003;0.0000
227.6546;204.2287;0.0000;49.8281;9.0000
227.6546;204.2287;3.0852;74.4274;18.0000
227.6546;204.2287;0.0000;90.6845;27.0000
228.3975;204.2287;3.0852;96.7413;36.0000
228.3975;204.2287;3.0852;105.9984;45.0000
228.1404;204.2287;0.0000;127.8849;54.0000
228.1404;203.4858;0.0000;148.7713;63.0000
228.1404;203.4858;0.0000;175.0000;72.0000
228.1404;203.4858;0.0000;202.1152;81.0000
228.1404;203.4858;0.0000;227.0016;90.0000
228.1404;203.4858;3.0852;257.0883;99.0000
228.1404;203.4858;0.0000;285.2319;108.0000
228.1404;203.4858;0.0000;306.1751;117.0000
228.1404;203.4858;0.0000;325.4338;126.0000
228.1404;203.4858;0.0000;346.5490;135.0000
228.1404;203.7429;0.0000;370.8061;144.0000
228.3975;203.7429;0.0000;391.9780;153.0000
228.3975;203.7429;3.0852;407.1783;162.0000
228.3975;203.7429;0.0000;424.1215;171.2571
228.3975;203.7429;3.0852;440.3502;180.2571
228.3975;203.7429;0.0000;449.4354;189.2571
228.3975;203.7429;0.0000;466.9496;198.2571
228.6546;204.0000;3.0852;480.7493;207.2571
228.6546;204.0000;0.0000;490.8061;216.2571
228.6546;204.0000;0.0000;507.5490;225.2571
228.9117;204.0000;0.0000;519.8345;234.2571
229.1688;203.0000;0.0000;529.3770;243.2571
229.1688;203.0000;0.0000;547.0916;252.2571
230.1687;202.7429;0.0000;558.1199;261.2571
230.4258;202.4858;0.0000;568.8345;270.2571
230.4258;202.4858;0.0000;580.4338;279.2571
230.6829;202.2287;0.0000;583.7477;288.2571
230.9400;201.9716;0.0000;591.9764;297.2571
230.9400;201.7145;0.0000;596.0048;306.2571
231.1971;201.4574;0.0000;595.5758;315.2571
231.4542;201.2003;0.0000;601.0900;324.2571
230.7113;201.2003;0.0000;602.6326;333.2571
230.9684;200.9432;0.0000;600.9749;342.2571
230.9684;201.4290;0.0000;605.7745;351.2571
230.2255;201.1719;0.0000;608.5742;360.2571
230.2255;200.9148;0.0000;610.1451;369.2571
230.2255;201.1436;0.0000;615.6310;378.2571
229.4826;200.8864;0.0000;615.1735;387.2571
229.4826;200.6293;0.0000;617.9448;396.2571
229.4826;201.1152;0.0000;623.9448;405.2571
229.4826;200.8581;0.0000;622.7445;414.2571
229.4826;200.6010;0.0000;627.9733;423.2571
228.4826;200.3439;0.0000;630.4590;432.2571
228.4826;200.8297;0.0000;628.7445;441.2571
228.2255;200.3155;0.0000;630.4874;450.2571
228.2255;200.8013;8.9148;634.2019;459.2571
227.9684;200.5442;8.9148;641.8881;468.2571
227.7113;200.2871;0.0000;639.1735;477.2571
227.7113;200.7729;8.9148;636.9448;486.2571
227.4542;200.7729;0.0000;638.6877;495.2571
227.1971;200.5158;0.0000;642.1736;504.2571
226.9400;201.0016;8.9148;636.9733;513.2571
226.6830;201.0016;0.0000;640.6877;522.2571
226.4258;201.0016;0.0000;642.9164;531.2571
226.1688;201.0016;0.0000;641.1735;540.2571
225.6546;201.7445;0.0000;647.6310;549.2571
225.3975;201.7445;0.0000;648.8313;558.2571
224.8833;201.7445;0.0000;649.3171;567.2571
224.3691;202.4874;0.0000;654.7745;576.2571
223.8549;202.4874;0.0000;654.0316;585.2571
223.5978;202.4874;0.0000;654.7745;594.2571
223.3407;202.4874;0.0000;660.7177;603.2571
222.8265;203.2303;0.0000;655.0316;612.2571
222.5694;203.4874;0.0000;661.2319;621.2571
222.3123;203.4874;0.0000;663.6893;630.2571
222.0552;204.2303;0.0000;662.7177;639.2571
221.7981;204.2303;0.0000;668.9181;648.2571
222.2839;204.4874;0.0000;670.6326;657.2571
222.0268;205.2303;0.0000;673.4038;666.2571
221.5126;205.2303;0.0000;678.0900;675.2571
221.2555;205.4874;0.0000;679.1183;684.2571
220.9984;205.4874;0.0000;680.5757;693.2571
221.4842;206.2303;0.0000;685.2903;702.2571
221.2271;206.4874;0.0000;680.5757;711.2571
220.7129;207.2303;0.0000;684.7761;720.2571
221.1987;207.2303;0.0000;688.0048;729.2571
220.9417;207.4874;0.0000;684.7761;738.2571
221.4274;208.4874;0.0000;688.7477;747.2571
221.1703;208.4874;0.0000;688.9764;756.2571
221.9132;208.7445;0.0000;688.7477;765.2571
221.6561;209.7445;0.0000;694.7193;774.2571
222.1420;210.0016;0.0000;694.2051;783.2571
221.8849;210.2587;0.0000;696.4338;792.2571
222.3707;211.2587;0.0000;700.8912;801.2571
222.8565;211.7729;0.0000;699.8912;810.2571
222.5994;212.0300;0.0000;706.0916;819.2571
223.3423;212.2871;0.0000;710.5490;828.2571
223.8281;213.5442;0.0000;708.3203;837.2571
224.3139;213.8013;0.0000;712.0347;846.2571
225.0568;214.0584;0.0000;713.5206;855.2571
225.5426;214.5726;0.0000;712.7776;864.2571
226.2855;214.8297;0.0000;715.7493;873.2571
226.0284;215.3439;0.0000;714.0064;882.2571
226.7713;216.6010;3.0852;716.2351;891.2571
227.5142;216.8581;3.0852;719.4638;900.2571
228.2571;217.3723;0.0000;717.2635;909.2571
229.0000;217.8865;3.0852;720.1783;918.2571
229.7429;218.4007;0.0000;722.6925;927.2571
230.4858;218.9148;0.0000;718.7209;936.2571
230.7429;219.4290;0.0000;720.1783;945.2571
231.4858;219.9432;0.0000;721.2067;954.2571
232.2287;220.4574;0.0000;719.2067;963.2571
232.2287;220.9716;0.0000;722.1783;972.2571
232.9716;221.4858;0.0000;720.9496;981.2571
233.7145;223.0000;0.0000;721.6925;990.2571
233.9716;223.5142;0.0000;724.9496;999.2571
234.7145;224.0284;0.0000;722.4638;1008.2571
235.7145;224.5426;0.0000;725.6641;1017.2571
235.7145;225.0568;0.0000;729.3787;1026.2571
236.7145;225.8281;0.0000;723.1783;1035.2571
236.7145;226.3423;0.0000;728.8928;1044.2571
237.7145;226.8565;0.0000;730.8644;1053.2571
237.7145;227.3707;3.0852;728.8928;1062.2571
238.7145;227.8849;0.0000;733.8361;1071.2571
239.7145;228.3990;3.0852;735.1215;1080.2571
239.9716;228.9132;0.0000;733.6074;1090.0000
240.9716;229.4274;3.0852;738.0648;1099.0000
241.2287;229.6845;0.0000;736.5789;1108.0000
242.2287;229.4558;0.0000;739.8076;1117.0000
243.2287;229.9700;0.0000;744.7793;1126.0000
244.2287;230.2271;0.0000;739.3219;1135.0000
244.4858;230.7413;0.0000;743.5222;1144.0000
245.7429;230.2555;0.0000;748.0364;1153.0000
247.0000;230.5126;0.0000;742.8076;1162.0000
247.2571;231.0268;0.0000;747.7793;1171.0000
248.5142;231.2839;0.0000;742.8361;1180.0000
249.7713;230.5410;0.0000;749.0648;1189.0000
250.2855;230.7981;0.0000;754.2367;1198.0000
250.5426;231.0552;0.0000;753.4938;1207.0000
251.7997;231.3123;0.0000;755.2367;1216.0000
252.3139;231.5694;0.0000;762.2083;1225.0000
253.5710;231.0836;0.0000;757.5222;1234.0000
254.8281;231.0836;0.0000;760.7225;1243.0000
255.3423;230.5978;0.0000;765.4654;1252.0000
256.5994;230.5978;0.0000;761.9796;1261.0000
257.8565;230.5978;0.0000;765.7225;1270.0000
258.3707;230.1120;0.0000;764.9512;1279.0000
259.6277;230.1120;0.0000;766.2083;1288.0000
260.3990;229.3691;0.0000;770.1799;1297.0000
261.6562;229.3691;0.0000;772.4086;1306.0000
262.4274;228.6262;0.0000;775.8944;1315.0000
263.6845;228.6262;0.0000;782.0947;1324.0000
264.1987;228.3691;0.0000;777.3802;1333.0000
264.7129;227.6262;0.0000;783.3235;1342.0000
265.9700;227.3691;0.0000;789.3235;1351.0000
266.4842;226.6262;0.0000;783.0947;1360.0000
267.7413;226.3691;8.9148;786.5521;1369.0000
268.2555;225.6262;0.0000;786.2950;1378.0000
269.2555;225.6262;0.0000;785.0663;1387.0001
270.5126;224.6262;8.9148;789.5237;1396.0000
271.0268;224.6262;0.0000;788.7809;1405.0000
272.0268;223.6262;0.0000;789.2951;1414.0000
272.5410;222.8833;12.0000;794.7525;1423.0001
273.7981;222.6262;0.0000;792.0380;1432.0000
274.3123;221.6262;0.0000;799.2383;1441.0000
274.8265;220.6262;0.0000;789.3518;1450.0001
276.0836;219.6262;0.0000;812.6105;1459.2571
276.5978;219.3691;0.0000;818.5538;1468.2571
277.8549;218.3691;3.0852;820.5537;1477.2572
278.6262;217.1120;0.0000;821.5254;1486.2572
279.1404;216.1120;0.0000;824.7825;1495.2571
280.3975;215.1120;0.0000;827.2399;1504.2571
280.9117;214.8549;0.0000;827.9828;1513.2572
281.4258;213.8549;3.0852;831.9544;1522.2571
282.6830;212.8549;0.0000;831.2115;1531.2571
282.9401;211.8549;0.0000;837.9543;1540.2571
283.4543;210.8549;0.0000;841.9260;1549.2572
283.7113;209.5978;0.0000;835.9544;1558.2571
284.2255;209.3407;0.0000;843.4402;1567.2571
284.4826;208.3407;0.0000;845.6405;1576.2572
284.7397;207.3407;0.0000;841.2114;1585.2572
285.9968;206.0836;0.0000;846.3834;1594.2571
286.2539;205.0836;0.0000;845.6405;1603.2571
286.5110;204.5694;0.0000;845.4118;1612.2572
287.0252;203.5694;0.0000;849.3834;1621.2571
287.5394;202.3123;0.0000;847.1831;1630.2571
288.0536;201.3123;0.0000;850.1831;1639.2572
288.3107;200.0552;0.0000;853.8693;1648.2572
288.5678;199.0552;0.0000;848.9543;1657.2571
288.3391;198.0552;0.0000;854.4402;1666.2571
288.5962;197.7981;0.0000;856.1831;1675.2572
288.8533;196.5410;0.0000;854.6973;1684.2572
289.1104;195.5410;0.0000;858.6973;1693.2571
289.3675;194.5410;0.0000;856.9828;1702.2571
289.6246;193.5410;0.0000;856.0112;1711.2572
289.8817;192.2839;0.0000;859.9828;1720.2571
290.1388;191.2839;0.0000;857.2682;1729.2571
290.3959;190.7697;0.0000;860.7540;1738.2572
290.6530;189.7697;0.0000;866.6973;1747.2572
290.9101;188.5126;0.0000;861.2682;1756.2571
290.4243;187.2555;0.0000;865.2399;1765.2571
290.6814;186.2555;0.0000;868.4969;1774.2572
290.6814;184.9984;0.0000;863.7825;1783.2572
290.9385;184.7413;3.0852;871.4686;1792.2571
290.4526;183.4842;3.0852;869.0112;1801.2571
290.4526;182.2271;3.0852;869.2682;1810.2572
290.7097;181.2271;0.0000;874.2683;1819.2571
290.9669;179.9700;0.0000;873.7825;1828.2571
290.9669;179.4558;0.0000;872.4402;1837.2572
290.4810;178.1987;0.0000;878.3251;1846.2572
290.4810;176.9416;0.0000;876.1815;1855.2571
290.4810;175.6845;0.0000;881.8960;1864.2571
289.9952;175.4274;0.0000;885.6389;1873.2572
289.9952;174.1703;0.0000;881.4670;1882.2572
289.9952;172.9132;0.0000;885.2100;1891.2571
289.9952;171.6561;0.0000;887.2667;1900.2572
289.2523;171.3990;0.0000;886.2383;1909.2572
288.9952;170.1420;0.0000;889.4670;1918.2571
288.9952;168.8849;0.0000;887.4954;1927.2571
288.2523;167.6278;0.0000;889.9812;1936.2572
287.9952;167.1136;0.0000;892.2383;1945.2572
286.9952;165.8565;0.0000;887.2667;1954.2571
286.9952;164.5994;0.0000;891.9812;1963.2571
285.9952;164.0852;0.0000;894.4670;1972.2572
285.7382;162.5710;0.0000;889.2667;1981.2571
284.9952;161.3139;0.0000;893.4954;1990.2571
284.7382;160.5426;0.0000;894.5238;1999.2571
283.7381;159.2855;0.0000;888.7809;2008.2572
283.4810;158.0284;8.9148;895.4954;2017.2571
282.4810;157.5142;0.0000;895.0096;2026.2571
282.2239;156.2571;0.0000;896.2383;2035.2572
281.2239;155.7429;3.0852;897.9812;2044.2572
280.7097;154.4858;0.0000;891.2951;2053.2571
279.7097;153.9716;3.0852;895.7525;2062.2571
278.4526;152.7145;0.0000;901.2099;2071.2573
277.9384;152.2003;0.0000;893.5238;2080.2571
276.6814;151.6861;0.0000;898.2383;2089.2571
275.4243;150.4290;0.0000;898.2383;2098.2571
274.9101;150.1719;0.0000;894.5238;2107.2573
273.6530;149.6577;0.0000;898.7241;2116.2571
272.3959;148.4006;0.0000;896.0096;2125.2571
271.8817;147.8864;0.0000;897.7241;2134.2573
270.6246;147.3723;0.0000;898.7241;2143.2573
269.3675;146.3723;0.0000;893.2950;2152.2571
268.8533;145.8581;0.0000;896.0096;2161.2571
267.5962;145.3439;0.0000;898.7241;2170.2573
266.3391;144.3439;0.0000;893.2667;2179.2571
265.0820;143.8297;0.0000;896.2383;2188.2571
263.5678;143.5726;0.0000;897.2383;2197.2573
262.3107;143.0584;0.0000;892.7525;2206.2573
260.7965;142.0584;0.0000;897.2099;2215.2571
260.2823;141.8013;0.0000;895.7525;2224.2571
258.5110;141.5442;0.0000;893.5238;2233.2573
256.9968;141.2871;0.0000;896.2098;2242.2573
255.4826;141.2871;0.0000;894.0096;2251.2571
253.7113;140.2871;0.0000;894.7241;2260.2571
252.1971;140.2871;0.0000;896.9528;2269.2573
250.6830;140.0300;0.0000;892.4954;2278.2571
249.9117;140.0300;0.0000;893.9812;2287.2571
248.1404;140.0300;0.0000;895.4670;2296.2573
246.6262;139.0300;0.0000;893.5238;2305.2573
244.8549;139.0300;0.0000;896.2098;2314.2571
244.0836;139.0300;0.0000;896.0096;2323.2571
242.5694;138.7729;0.0000;893.2383;2332.2573
240.7981;138.7729;0.0000;895.2099;2341.2573
240.0268;138.7729;0.0000;892.4954;2350.2571
238.5126;138.0300;3.0852;894.7241;2359.2573
236.9984;138.0300;0.0000;897.9244;2369.0000
235.4842;138.0300;0.0000;890.4954;2378.0000
233.9700;138.0300;3.0852;894.4670;2387.0000
232.7129;137.2871;0.0000;896.1815;2396.0000
230.4558;137.2871;0.0000;889.7809;2405.0000
228.6845;137.2871;3.0852;894.6957;2414.0000
226.4274;136.8013;0.0000;891.7241;2423.0000
224.9132;136.8013;0.0000;891.7241;2432.0000
222.3990;136.8013;0.0000;895.4386;2441.0000
220.8849;137.0584;0.0000;893.2099;2450.0000
219.6277;137.0584;0.0000;890.9812;2459.0000
217.3707;137.0584;0.0000;899.1531;2468.0000
215.8565;137.3155;0.0000;890.4954;2477.0000
214.5994;137.3155;0.0000;893.1531;2486.0000
213.0852;137.3155;0.0000;897.4103;2495.0000
211.8281;137.5726;0.0000;891.7241;2504.0000
210.3139;137.5726;0.0000;896.1815;2513.0000
208.7997;137.8297;0.0000;893.6957;2522.0000
207.2855;137.8297;0.0000;893.4386;2531.0000
205.7713;138.0868;0.0000;895.4102;2540.0000
204.2571;138.3439;0.0000;893.9244;2549.0000
202.0000;138.6010;0.0000;893.6674;2558.0000
200.4858;138.8581;0.0000;895.1531;2567.0000
198.4858;139.1152;0.0000;890.6957;2576.0000
196.9716;139.3723;0.0000;893.1531;2585.0000
194.7145;140.6293;0.0000;896.1248;2594.0000
193.4574;140.8864;0.0000;891.1815;2603.0000
191.9432;141.1435;0.0000;893.1531;2612.0000
190.4290;142.1435;0.0000;894.1531;2621.0000
188.4290;142.4006;0.0000;893.6957;2630.0000
187.6577;142.9148;0.0000;896.6674;2639.0000
186.4007;143.1719;0.0000;893.8960;2648.0000
185.1436;143.4290;0.0000;892.4102;2657.0000
183.8864;143.6861;3.0852;895.3818;2666.0000
182.6293;144.9432;0.0000;890.9244;2675.0000
181.3723;145.2003;0.0000;892.6389;2684.0000
180.1151;145.4574;0.0000;894.8677;2693.0000
179.1152;145.9716;0.0000;889.4102;2702.0000
177.8581;146.9716;3.0852;893.1247;2711.0000
176.6010;147.4858;0.0000;894.6389;2720.0000
175.6010;148.0000;0.0000;890.8960;2729.0000
175.0868;149.2571;0.0000;893.8676;2738.2571
174.0868;149.7713;0.0000;892.3818;2747.2573
172.8297;150.2855;0.0000;891.6389;2756.2573
171.8297;151.5426;0.0000;893.8676;2765.2571
171.3155;152.0568;0.0000;890.4103;2774.2573
170.0584;152.5710;0.0000;894.6389;2783.2573
169.0584;152.8281;0.0000;894.1248;2792.2571
168.0584;154.0852;0.0000;889.6674;2801.2573
166.8013;154.5994;0.0000;892.6673;2810.2571
165.8013;155.8565;0.0000;893.8676;2819.2571
164.5442;156.3707;0.0000;891.6389;2828.2573
163.5442;156.8849;0.0000;894.6105;2837.2571
162.0584;158.1420;0.0000;891.3818;2846.2573
161.0584;158.6561;0.0000;891.3818;2855.2573
160.0584;159.9132;0.0000;893.3534;2864.2571
159.3155;160.4274;0.0000;889.3818;2873.2573
158.5726;161.9416;0.0000;891.6105;2882.2573
157.5726;162.4558;0.0000;896.0679;2891.2571
156.8297;163.7129;0.0000;889.1531;2900.2573
155.8297;164.2271;0.0000;891.6105;2909.2573
155.0868;165.7413;0.0000;893.8960;2918.2571
154.0868;166.2555;0.0000;888.8960;2927.2573
153.3439;167.5126;0.0000;892.8392;2936.2571
152.6010;168.2839;0.0000;889.1248;2945.2571
152.3439;169.5410;0.0000;888.1248;2954.2573
151.6010;170.0552;3.0852;892.3534;2963.2571
150.8581;171.5694;0.0000;888.6389;2972.2573
150.1152;172.8265;0.0000;887.3251;2981.2573
149.3723;173.3407;0.0000;890.8108;2990.2571
148.6293;174.8549;0.0000;883.5822;2999.2573
148.8864;175.3691;0.0000;889.8109;3008.2573
148.1436;176.6262;0.0000;890.7541;3017.2571
147.6577;177.3975;0.0000;887.0396;3026.2573
147.9148;178.9117;0.0000;890.0396;3035.2571
147.4290;179.4258;0.0000;887.7825;3044.2571
147.4290;180.9400;0.0000;887.0396;3053.2573
146.9432;181.7113;0.0000;887.7825;3062.2571
147.2003;182.9684;0.0000;888.2966;3071.2573
146.7145;183.7397;0.0000;887.7825;3080.2573
146.9716;185.2539;3.0852;890.7541;3089.2571
146.4858;186.7681;0.0000;882.5822;3098.2573
146.7429;187.2823;3.0852;887.0396;3107.2573
146.2571;188.7965;3.0852;890.7541;3116.2571
146.5142;190.3107;0.0000;885.5538;3125.2573
146.0284;190.8249;0.0000;887.7825;3134.2571
146.5426;192.3391;0.0000;887.7825;3143.2571
146.0568;193.5962;0.0000;887.0396;3152.2573
146.3139;195.1104;0.0000;890.0112;3161.2571
146.0852;196.3675;0.0000;887.7825;3170.2573
145.5994;197.8817;0.0000;887.7825;3179.2573
145.8565;199.1388;0.0000;890.2682;3188.2571
145.6278;200.6530;0.0000;885.5538;3197.2573
145.8849;202.9101;0.0000;890.0112;3206.2573
146.1420;204.1672;0.0000;890.0112;3215.2571
145.9132;204.9384;0.0000;885.8109;3224.2573
146.1703;206.1956;0.0000;891.7825;3233.2571
145.9416;207.4527;0.0000;887.7825;3242.2571
146.4558;208.7097;0.0000;884.8392;3251.2573
146.9700;209.9669;0.0000;890.0396;3260.2571
146.9984;211.2239;3.0852;888.5254;3269.2573
147.5126;212.4810;0.0000;887.7825;3278.2573
147.2839;213.7381;0.0000;888.7825;3287.2571
148.0552;214.9952;3.0852;887.0396;3296.2573
148.5694;216.2523;0.0000;888.5254;3305.2573
149.3407;217.9952;0.0000;890.2682;3314.2571
149.8549;219.2523;0.0000;884.8109;3323.2573
150.3691;220.5094;0.0000;887.7825;3332.2573
150.1404;221.5094;0.0000;889.2682;3341.2571
150.6546;222.7665;0.0000;886.5822;3350.2573
151.1687;224.5094;0.0000;890.0112;3359.2571
151.6830;225.5094;0.0000;887.0680;3368.2573
152.1971;226.7665;0.0000;885.5538;3377.2573
152.7113;228.5094;0.0000;888.5254;3386.2571
152.4826;229.5094;0.0000;885.0679;3395.2573
152.9968;231.5094;0.0000;887.7825;3404.2573
153.5110;232.5094;0.0000;889.2682;3413.2571
154.2823;233.5094;0.0000;884.0964;3422.2573
154.7965;235.2523;8.9148;886.3251;3431.2573
155.3107;236.5094;0.0000;887.0680;3440.2571
155.8249;237.5094;0.0000;875.1815;3449.2573
156.3391;238.5094;0.0000;876.6389;3458.2571
156.8533;239.5094;0.0000;873.9244;3467.2573
157.6246;240.5094;0.0000;874.9244;3476.2573
158.1388;242.2523;0.0000;875.4102;3485.2571
158.6530;243.2523;0.0000;873.6957;3494.2573
159.1672;244.2523;0.0000;875.9528;3503.2573
160.4243;245.2523;0.0000;879.3818;3512.2571
161.1956;246.2523;0.0000;871.9528;3521.2573
161.7097;247.9952;0.0000;876.1531;3530.2573
162.4810;248.7381;0.0000;878.6389;3539.2571
163.7381;249.7381;0.0000;874.9244;3548.2573
164.5094;251.4810;0.0000;876.8960;3557.2571
165.7665;252.4810;0.0000;876.4102;3566.2573
166.2807;253.9669;0.0000;874.1815;3575.2573
167.0520;254.9669;0.0000;877.8960;3584.2571
168.3091;256.7097;3.0852;879.3818;3593.2573
168.8233;257.4526;0.0000;877.1531;3602.2573
170.3375;258.4526;0.0000;880.8677;3611.2571
170.8517;259.9384;0.0000;874.1815;3620.2573
172.1088;260.9385;0.0000;878.1531;3629.2573
172.8801;262.6813;0.0000;881.1248;3638.2571
174.1372;263.4243;3.0852;875.1815;3647.2573
175.6514;264.4243;0.0000;879.6389;3657.0000
176.4227;265.9101;0.0000;878.1531;3666.0000
177.6798;266.9101;0.0000;877.6673;3675.0002
178.4510;267.6530;0.0000;879.8960;3684.0000
179.7081;269.1388;0.0000;879.9244;3693.0002
180.4794;269.8817;0.0000;880.4102;3702.0000
180.9936;270.6246;0.0000;882.1248;3711.0000
182.5078;271.3675;0.0000;877.4102;3720.0002
183.0220;272.1104;0.0000;880.8960;3729.0000
184.5362;272.8533;0.0000;882.3818;3738.0000
185.0504;273.5962;0.0000;878.1815;3747.0002
186.3075;274.3391;3.0852;881.8677;3756.0000
187.0788;275.0820;0.0000;881.3818;3765.0000
188.3359;275.8249;0.0000;879.6389;3774.0002
188.8501;276.5678;0.0000;884.3535;3783.0000
190.3643;277.3107;0.0000;879.6389;3792.0002
190.8785;278.0536;0.0000;880.8960;3801.0000
192.1356;278.7965;0.0000;882.1248;3810.0000
193.6498;279.5394;0.0000;878.4102;3819.0002
194.1640;279.5394;0.0000;882.3818;3828.0000
195.4211;280.2823;0.0000;885.1248;3837.0000
196.6782;281.0252;0.0000;881.1531;3846.0002
198.1924;280.7681;0.0000;884.3535;3855.0000
199.4495;281.5110;0.0000;885.8392;3864.0000
200.7066;281.5110;0.0000;884.6105;3873.0002
202.2208;282.2539;0.0000;887.0963;3882.0000
203.4778;282.7397;0.0000;883.8676;3891.0002
204.7350;282.7397;0.0000;884.8677;3900.0000
205.9921;283.2255;0.0000;887.0963;3909.0000
207.2491;283.9684;0.0000;884.8677;3918.0002
208.5063;283.7113;0.0000;885.1248;3927.0000
209.7633;284.4542;0.0000;889.3251;3936.0000
211.0204;284.1971;0.0000;884.1248;3945.0002
212.2775;284.6830;0.0000;888.8392;3954.0000
214.2775;284.6830;0.0000;888.8392;3963.0000
215.5346;284.4258;0.0000;885.8676;3972.0002
216.7917;284.9117;0.0000;889.5822;3981.0000
218.7917;284.6545;0.0000;887.0963;3990.0002
220.0488;284.3975;0.0000;890.8676;3999.0000
222.0488;284.1404;0.0000;891.0679;4008.0000
223.5630;284.6262;0.0000;888.3535;4017.0002
225.0772;284.1120;0.0000;890.0963;4026.2573
227.0772;283.8549;0.0000;895.2966;4035.2571
228.5914;283.3407;0.0000;887.8677;4044.2573
230.1056;283.8265;0.0000;891.8392;4053.2573
231.3627;283.3123;0.0000;895.0396;4062.2571
232.8769;283.0552;0.0000;891.0964;4071.2573
234.1340;283.2839;0.0000;894.5822;4080.2573
235.6482;282.7697;0.0000;891.3535;4089.2571
236.9053;282.5126;0.0000;890.6105;4098.2573
238.1624;282.7413;0.0000;893.8392;4107.2573
239.6766;282.4842;0.0000;893.3534;4116.2573
240.9337;281.9700;3.0852;892.3818;4125.2573
242.4479;282.4558;0.0000;897.3251;4134.2573
243.7050;281.9416;0.0000;891.3818;4143.2573
244.4763;281.4274;3.0852;896.8392;4152.2573
245.9904;281.6561;0.0000;897.5822;4161.2568
247.2476;280.8849;0.0000;893.8676;4170.2573
248.0188;280.3707;0.0000;897.6105;4179.2573
249.5331;279.8564;0.0000;897.6105;4188.2568
251.0472;279.8281;0.0000;895.3818;4197.2573
252.5614;279.3139;0.0000;897.6105;4206.2573
254.0756;278.7997;0.0000;896.1248;4215.2573
255.3327;278.7713;0.0000;898.6105;4224.2573
256.8469;278.2571;0.0000;901.3251;4233.2573
258.3611;277.4858;0.0000;896.6389;4242.2573
259.8753;276.7145;0.0000;901.0963;4251.2573
261.1324;276.9432;0.0000;903.3251;4260.2568
261.9037;276.1719;0.0000;900.6389;4269.2573
263.1608;275.4006;0.0000;904.0963;4278.2573
264.6750;274.6294;0.0000;905.3250;4287.2568
266.1892;274.1152;0.0000;905.0964;4296.2573
268.1892;273.3439;0.0000;908.8109;4305.2573
269.4463;273.3155;0.0000;908.3818;4314.2573
270.7034;272.8013;0.0000;908.3535;4323.2573
271.9605;272.0300;0.0000;910.6105;4332.2573
272.9605;271.2587;0.0000;907.9244;4341.2573
273.9605;270.4874;0.0000;909.1248;4350.2573
275.2176;269.7161;0.0000;912.8392;4359.2568
276.2176;269.6877;0.0000;908.1531;4368.2573
277.2176;268.9164;0.0000;913.6105;4377.2573
278.2176;268.4023;0.0000;914.3534;4386.2568
279.2176;267.6310;0.0000;913.1248;4395.2573
279.9605;266.8596;0.0000;918.1247;4404.2573
280.9605;265.8313;0.0000;916.6105;4413.2573
281.9605;265.0600;0.0000;916.6105;4422.2573
282.7034;264.2887;0.0000;920.3534;4431.2573
284.1892;263.5174;0.0000;916.8960;4440.2573
284.9321;263.0032;3.0852;921.6105;4449.2573
285.6750;262.9748;3.0852;925.6105;4458.2568
286.4179;262.4606;0.0000;922.4102;4467.2573
286.9037;261.6893;0.0000;924.1248;4476.2573
287.3895;260.9180;0.0000;920.2683;4485.2568
287.8753;260.4038;0.0000;923.6957;4494.2573
288.3611;259.6325;0.0000;928.9244;4503.2573
288.8469;258.8613;0.0000;927.4670;4512.2573
289.0756;258.0900;0.0000;927.4670;4521.2573
289.5614;257.5758;0.0000;929.7241;4530.2573
290.7902;256.0616;0.0000;928.7241;4539.2573
290.2759;255.2903;0.0000;931.2383;4548.2573
291.5047;254.5190;0.0000;931.2098;4557.2573
291.7333;253.7477;0.0000;927.7525;4566.2573
291.9621;252.9764;0.0000;930.4670;4575.2573
292.1908;251.4622;0.0000;933.4386;4584.2568
292.6766;250.4338;0.0000;929.2383;4593.2573
292.9053;249.6625;0.0000;933.6957;4602.2573
293.1340;248.1483;0.0000;933.4386;4611.2573
293.3627;247.3770;0.0000;931.9528;4620.2573
294.3343;246.6057;0.0000;935.4386;4629.2573
294.5630;245.0915;0.0000;933.6957;4638.2573
294.7917;244.0632;0.0000;936.6673;4647.2573
295.7633;242.5490;0.0000;937.6673;4656.2573
295.9921;241.7777;0.0000;931.9528;4665.2573
296.7065;240.0064;0.0000;935.4386;4674.2573
296.9353;239.2351;0.0000;939.1815;4683.2568
297.1640;237.7209;0.0000;934.9528;4692.2573
298.1356;236.9496;0.0000;937.1815;4701.2573
298.1072;235.4354;0.0000;935.9244;4710.2573
298.3359;234.6641;0.0000;933.6957;4719.2573
299.0504;233.1499;0.0000;936.9244;4728.2573
299.0220;232.3786;0.0000;934.9244;4737.2573
298.9937;230.8644;0.0000;934.1815;4746.2573
299.7082;229.3502;0.0000;939.8960;4755.2573
299.4227;228.8360;3.0852;930.4670;4764.2573
299.3943;227.3218;0.0000;936.6673;4773.2573
300.1088;226.8076;0.0000;937.8960;4782.2568
299.8233;225.2934;0.0000;934.9244;4791.2573
299.7949;224.5222;0.0000;937.8960;4800.2573
300.2523;223.2651;0.0000;936.1531;4809.2573
299.9669;222.4938;0.0000;937.1531;4818.2573
299.6813;221.2367;0.0000;940.1248;4827.2573
300.1388;220.4654;0.0000;936.1531;4836.2573
299.8533;219.2083;0.0000;938.8676;4845.2573
300.3107;218.6941;0.0000;940.6389;4854.2573
299.7681;217.1799;0.0000;934.1531;4863.2573
299.4826;216.6657;0.0000;936.8960;4872.2573
298.9400;215.4086;0.0000;937.5537;4881.2568
298.6545;214.8944;0.0000;936.4102;4890.2573
298.1120;213.6373;0.0000;939.8676;4899.2573
297.5694;213.1231;0.0000;938.8961;4908.2573
297.7697;211.8660;0.0000;937.1248;4917.2573
297.2271;211.6089;0.0000;939.3534;4926.2573
296.6845;210.3518;0.0000;937.0964;4935.2573
295.8849;209.3518;0.0000;938.8392;4945.0000
295.0852;209.0947;0.0000;940.8392;4954.0000
294.2855;208.0947;0.0000;934.8960;4963.0000
293.4858;207.0947;0.0000;938.6105;4972.0000
292.9432;206.8376;0.0000;942.5538;4981.0000
292.1436;206.0947;0.0000;938.8392;4990.0000
291.3439;205.0947;0.0000;940.8392;4999.0000
289.8013;204.3518;0.0000;944.0964;5008.0000
289.0016;203.3518;0.0000;940.0680;5017.0000
288.2019;202.6089;0.0000;943.2966;5026.0000
287.1451;201.8660;0.0000;941.8109;5035.0000
287.0884;201.1231;0.0000;943.8108;5044.0000
286.0316;199.6373;0.0000;943.0680;5053.0000
284.9748;198.8944;0.0000;940.3251;5062.0000
284.1751;198.1515;0.0000;942.5538;5071.0000
283.3754;197.4086;0.0000;945.3251;5080.0000
282.5757;196.6657;0.0000;940.0963;5089.0000
281.5190;196.1799;0.0000;942.5538;5098.0000
280.7193;195.4370;0.0000;943.5254;5107.0000
279.9196;194.2083;0.0000;939.5538;5116.0000
278.6341;193.7225;0.0000;945.2966;5125.0000
277.8344;193.2367;0.0000;943.0396;5134.0000
277.7776;192.0080;0.0000;940.5537;5143.0000
276.9780;191.5222;0.0000;942.7825;5152.0000
276.4354;190.5506;0.0000;939.5822;5161.0000
276.3786;189.5789;0.0000;940.5537;5170.0000
275.8360;188.3502;0.0000;942.7825;5179.0000
275.2935;188.1215;0.0000;936.8392;5188.0000
274.7509;187.1499;0.0000;942.0396;5197.0000
273.9512;186.9212;0.0000;942.7825;5206.0000
272.6657;186.2067;0.0000;937.3250;5215.0000
272.1231;185.9780;0.0000;942.0396;5224.0000
271.3234;185.2635;0.0000;939.2967;5233.0000
270.7809;184.2919;0.0000;939.2967;5242.0000
270.7241;183.5773;0.0000;939.5538;5251.0000
270.1815;182.8628;0.0000;935.5822;5260.0000
270.6389;181.8912;8.9148;938.0679;5269.0000
270.3534;181.9196;0.0000;941.2966;5278.0000
270.3250;181.2051;3.0852;933.2966;5287.0000
270.0396;180.4906;3.0852;937.0679;5296.0000
269.7541;179.5190;0.0000;920.7809;5305.0000
269.7257;179.0616;0.0000;947.7256;5314.2573
268.9544;179.0900;0.0000;950.9543;5323.2573
269.1831;178.3754;0.0000;950.9543;5332.2568
268.6689;177.9180;0.0000;950.6973;5341.2573
268.8976;177.4606;0.0000;953.1831;5350.2573
269.1263;177.0032;0.0000;950.9543;5359.2573
269.3550;176.5458;0.0000;950.9543;5368.2573
269.8408;176.3455;0.0000;956.4118;5377.2573
270.3266;175.1451;3.0852;949.7540;5386.2573
270.5553;174.6877;0.0000;952.9544;5395.2573
270.2982;174.4874;0.0000;957.1831;5404.2573
270.7840;174.0300;0.0000;951.2399;5413.2573
270.7840;172.8297;0.0000;953.9828;5422.2573
270.5269;172.3723;0.0000;954.2114;5431.2573
270.5269;171.9148;0.0000;952.2683;5440.2573
270.5269;171.7145;0.0000;954.2114;5449.2573
270.5269;171.2571;0.0000;952.4969;5458.2573
270.0411;171.0568;0.0000;953.7257;5467.2573
270.2982;170.5994;0.0000;954.4686;5476.2573
269.8124;170.3990;0.0000;949.2967;5485.2573
270.0695;169.4558;0.0000;951.2399;5494.2573
269.5837;169.2555;0.0000;951.9828;5503.2573
269.3550;169.0552;0.0000;946.0112;5512.2573
268.8692;168.5978;0.0000;949.7540;5521.2573
268.6405;168.3975;0.0000;949.4686;5530.2573
268.4118;167.4542;0.0000;944.4402;5539.2568
268.1831;167.2539;0.0000;949.4402;5548.2573
267.9544;167.0536;0.0000;946.4402;5557.2573
266.9828;166.8533;0.0000;944.7256;5566.2573
267.0111;166.9101;0.0000;943.9543;5575.2573
266.0395;166.7097;3.0852;940.9828;5584.2568
265.0679;167.2523;0.0000;941.2399;5593.2573
264.0963;167.0520;0.0000;943.4686;5602.2573
263.1247;167.5946;0.0000;939.7541;5611.2573
262.1531;167.3943;0.0000;944.2683;5620.2573
262.1815;167.9369;0.0000;944.2399;5629.2573
261.4670;168.4794;0.0000;940.2682;5638.2568
260.7524;168.2791;0.0000;944.2399;5647.2573
260.0379;168.5646;0.0000;943.2399;5656.2573
260.3234;169.1072;0.0000;941.7540;5665.2573
259.6089;168.9069;3.0852;945.2399;5674.2573
259.8944;169.4495;0.0000;939.8109;5683.2568
259.4370;169.7350;0.0000;943.4969;5692.2578
258.9796;169.5346;0.0000;945.9828;5701.2573
258.2651;169.8201;0.0000;940.0396;5710.2573
258.5505;170.1056;0.0000;944.7825;5719.2573
258.0931;170.6482;0.0000;945.0112;5728.2573
257.6357;170.9337;0.0000;941.2683;5737.2568
257.1783;171.4763;0.0000;944.4970;5746.2573
257.4638;171.7617;0.0000;944.2683;5755.2573
257.7493;172.0472;3.0852;944.0112;5764.2573
257.5490;172.3327;3.0852;946.2399;5773.2573
257.8344;172.6182;6.1703;943.7541;5782.2568
257.6341;172.6466;0.0000;945.9828;5791.2568
258.1767;172.6750;0.0000;948.4686;5800.2573
258.2335;172.7034;0.0000;942.0396;5809.2573
258.2903;172.4747;0.0000;944.7541;5818.2573
258.3470;171.5031;0.0000;948.9828;5827.2573
259.1467;171.2744;0.0000;942.7825;5836.2568
258.4606;171.0457;0.0000;945.7540;5845.2573
259.5174;170.8169;0.0000;944.5254;5854.2573
259.5742;170.3311;0.0000;943.2966;5863.2573
259.8881;170.1024;0.0000;947.0112;5872.2573
259.9448;169.8737;0.0000;944.5254;5881.2568
260.2587;168.6450;0.0000;944.7825;5890.2568
261.3155;168.4163;0.0000;947.6973;5899.2573
261.6294;167.9305;0.0000;940.3251;5908.2573
262.6861;167.4447;0.0000;943.2966;5917.2573
263.7429;166.9589;3.0852;946.7825;5926.2573
264.3139;166.2160;0.0000;942.5822;5935.2568
265.3707;165.7302;0.0000;945.5538;5944.2573
265.9417;164.9873;0.0000;943.5822;5953.2573
267.2555;164.9873;0.0000;941.3535;5962.2573
267.8265;164.5015;0.0000;944.5822;5971.2573
268.3975;163.7586;0.0000;943.6105;5980.2568
269.7113;163.5015;0.0000;943.3535;5989.2568
270.2823;162.7586;0.0000;947.5822;5998.2573
270.5962;162.0157;0.0000;939.8960;6007.2573
271.1672;161.0157;0.0000;943.1247;6016.2573
271.7381;160.7586;0.0000;944.8677;6025.2573
272.3091;159.7586;0.0000;938.6105;6034.2568
272.6230;159.2444;3.0852;942.6674;6043.2573
273.4510;158.9873;0.0000;941.6673;6052.2573
273.0220;158.4731;0.0000;938.6957;6061.2573
273.5930;157.2160;0.0000;941.6673;6070.2573
273.1640;156.7018;0.0000;941.6957;6079.2568
272.7350;156.1876;0.0000;938.9811;6088.2568
271.8201;155.6734;0.0000;942.4386;6097.2573
271.3911;154.9021;3.0852;937.9812;6106.2573
270.9621;154.3879;0.0000;940.9812;6115.2573
271.2759;153.6166;0.0000;941.6957;6124.2573
270.8469;153.1024;0.0000;938.2383;6133.2568
271.4179;153.0740;0.0000;942.2098;6142.2573
271.7318;152.3027;0.0000;942.4670;6151.2573
271.0457;151.7885;0.0000;939.4954;6160.2573
271.3595;151.0173;0.0000;943.7241;6169.2573
270.9305;150.2460;0.0000;941.0096;6178.2568
270.9873;149.4747;0.0000;940.0095;6187.2568
270.3011;148.7034;0.0000;943.2383;6196.2573
270.3579;147.9321;0.0000;939.7809;6205.2573
269.4147;147.1608;0.0000;941.2667;6214.2573
269.2144;146.3895;0.0000;943.7524;6223.2573
268.0141;146.3611;0.0000;939.8376;6233.0000
267.5567;145.5898;0.0000;943.0380;6242.0000
267.0992;144.5614;0.0000;944.2951;6251.0000
266.3847;143.7901;0.0000;940.5806;6260.0000
265.6702;143.5046;0.0000;945.0380;6269.0005
264.6986;142.7334;0.0000;941.8376;6278.0005
263.7270;141.7050;0.0000;941.3518;6287.0000
262.7554;140.6766;0.0000;946.3234;6296.0000
261.7838;139.6482;0.0000;943.1232;6305.0000
260.8122;138.8769;0.0000;944.8660;6314.0000
259.8406;138.5914;0.0000;948.6373;6323.0005
258.6118;137.5630;0.0000;942.6942;6332.0000
257.6402;137.2775;0.0000;942.6373;6341.0000
256.6686;136.2491;0.0000;947.6089;6350.0000
254.6970;135.9637;0.0000;942.4370;6359.0000
253.7254;134.9353;0.0000;946.3802;6368.0005
252.4967;134.6498;0.0000;945.6657;6377.0005
250.5251;134.3643;0.0000;944.1516;6386.0000
249.2964;134.0788;0.0000;945.8944;6395.0000
247.8106;133.7933;0.0000;948.9229;6404.0000
245.5819;132.7649;0.0000;945.6657;6413.0000
244.0961;132.4794;0.0000;950.6373;6422.0005
242.6103;132.4510;0.0000;944.9512;6431.0000
241.1245;132.4227;0.0000;948.4370;6440.0000
238.8957;132.1372;0.0000;950.9228;6449.0000
237.4099;132.1088;0.0000;948.2083;6458.0000
235.1812;132.0804;0.0000;950.9512;6467.0005
233.4383;132.0520;0.0000;951.7509;6476.0005
231.2096;132.0236;0.0000;948.7509;6485.0000
229.4667;132.2523;3.0852;955.0080;6494.0000
226.9809;132.2239;3.0852;952.4938;6503.0000
225.4951;132.9384;0.0000;951.4370;6512.0000
223.7522;133.1672;0.0000;955.4654;6521.0005
222.2664;133.3959;0.0000;947.4086;6530.0000
220.5235;134.1104;0.0000;956.0648;6539.0000
218.0377;134.3391;0.0000;960.0648;6548.0000
216.5519;135.3107;0.0000;956.6073;6557.0000
214.8090;135.5394;0.0000;960.0931;6566.0005
214.0661;135.7681;0.0000;960.3219;6575.0005
213.0661;135.9968;0.0000;958.6074;6584.0000
212.0661;136.4826;0.0000;962.0931;6593.0000
212.0661;136.7113;0.0000;961.8928;6602.2573
211.0661;137.1971;0.0000;960.6073;6611.2568
210.3232;137.6830;0.0000;963.8361;6620.2573
209.3232;138.1687;0.0000;960.3787;6629.2573
208.5803;139.3975;0.0000;962.6074;6638.2573
207.5803;140.8833;0.0000;964.5790;6647.2573
206.8374;142.1120;0.0000;960.6073;6656.2568
205.3516;142.8549;0.0000;960.0079;6665.2578
204.6087;145.0836;0.0000;953.0380;6674.2573
203.1228;146.5694;0.0000;934.0979;6683.2573
202.3799;148.0552;0.0000;910.5885;6692.2573
201.8942;149.5410;0.0000;875.9656;6701.2573
200.4084;151.0268;0.0000;756.1865;6710.2568
63.1467;106.2351;0.0000;748.1030;4991.5630
62.4038;108.4638;0.0000;745.1313;4998.2490
61.6609;109.9496;0.0000;748.1030;5004.9351
60.9180;111.4354;0.0000;748.8459;5011.6211
59.4322;113.6641;0.0000;745.8743;5018.3071
58.6893;115.1499;0.0000;747.3600;5024.9937
57.2035;116.6357;0.0000;748.1030;5031.6797
56.4606;118.1215;0.0000;745.8743;5038.3657
55.7177;119.6073;0.0000;748.8459;5045.0518
54.9748;120.3502;0.0000;746.6171;5051.7378
54.9748;121.8360;0.0000;745.1313;5058.4238
54.2319;123.3218;0.0000;748.1030;5065.1104
53.4890;124.8076;0.0000;745.1313;5071.7964
53.4890;126.2934;0.0000;744.3884;5078.4824
53.4890;127.7793;0.0000;747.3600;5085.1685
52.7461;129.2651;0.0000;743.6456;5091.8545
52.7461;131.4938;0.0000;747.3600;5098.5410
52.0032;132.9796;0.0000;745.8743;5105.2271
51.2603;135.2083;0.0000;744.3884;5111.9131
50.5174;136.6941;0.0000;748.1030;5118.5991
50.5174;138.9228;0.0000;746.6171;5125.2852
50.5174;140.4086;0.0000;743.6456;5131.9712
49.7745;142.6373;0.0000;746.6171;5138.6577
49.0316;144.1231;0.0000;741.4168;5145.3438
49.0316;145.6089;0.0000;742.1597;5152.0298
48.2887;147.8376;0.0000;745.8743;5158.7158
48.2887;149.3234;8.9148;739.1881;5165.4019
47.5458;150.8092;8.9148;743.6456;5172.0884
47.5458;153.0379;0.0000;743.6456;5178.7744
47.5458;154.5237;8.9148;729.5304;5185.4604
47.5458;156.0096;0.0000;731.0162;5192.1465
47.5458;158.2383;0.0000;728.0446;5198.8325
47.5458;159.7241;0.0000;728.0446;5205.5186
47.5458;161.2099;0.0000;732.5020;5212.2051
47.5458;163.4386;0.0000;730.2733;5218.8911
47.5458;164.9244;0.0000;730.2733;5225.5771
47.5458;167.1531;0.0000;732.5020;5232.2632
47.5458;168.6389;0.0000;725.8159;5238.9492
47.5458;170.8676;0.0000;728.0446;5245.6357
48.2887;172.3534;0.0000;733.2449;5252.3218
48.2887;174.5821;0.0000;728.0446;5259.0078
49.0316;176.8108;0.0000;728.7875;5265.6938
49.0316;178.2966;0.0000;728.0446;5272.3799
49.7745;180.5253;0.0000;725.8159;5279.0659
50.5174;182.7540;0.0000;728.7875;5285.7524
50.5174;184.2399;0.0000;728.7875;5292.4385
51.2603;186.4686;0.0000;728.0446;5299.1245
52.0032;188.6973;0.0000;730.2733;5305.8105
52.7461;190.1831;0.0000;726.5588;5312.4966
52.7461;192.4118;0.0000;728.0446;5319.1831
53.4890;193.8976;0.0000;731.0162;5325.8691
54.2319;195.3834;0.0000;725.8159;5332.5552
55.7177;196.8692;0.0000;728.7875;5339.2412
56.4606;198.3550;0.0000;728.7875;5345.9272
57.9464;199.8408;0.0000;726.5588;5352.6133
59.4322;201.3266;0.0000;730.2733;5359.2998
60.1751;203.5553;0.0000;728.0446;5365.9858
61.6609;205.0411;0.0000;728.7875;5372.6719
63.1467;206.5269;0.0000;730.2733;5379.3579
64.6325;208.0127;0.0000;726.5588;5386.0439
66.1183;210.2414;0.0000;728.7875;5392.7305
66.8612;211.7272;0.0000;731.7591;5399.4165
68.3470;213.2131;0.0000;726.5588;5406.1025
69.8328;214.6989;0.0000;729.5304;5412.7886
70.5758;216.1847;0.0000;731.0162;5419.4746
71.3186;217.6705;0.0000;729.5304;5426.1606
72.0616;219.1563;0.0000;731.0162;5432.8472
72.8045;220.6421;0.0000;730.2733;5439.5332
73.5474;222.1279;0.0000;730.2733;5446.2192
74.2903;223.6137;0.0000;732.5020;5452.9053
75.0332;225.0995;0.0000;728.0446;5459.5913
75.7761;226.5853;0.0000;725.0730;5466.2778
77.2619;228.0711;0.0000;735.4736;5472.9639
78.0048;228.8140;0.0000;731.7591;5479.6499
78.7477;230.2998;0.0000;732.5020;5486.3359
80.2335;231.0427;0.0000;733.2449;5493.0220
80.9764;231.7856;0.0000;729.5304;5499.7080
82.4622;233.2714;0.0000;733.2449;5506.3945
83.2051;234.0143;0.0000;733.2449;5513.0806
84.6909;235.5001;0.0000;731.0162;5519.7666
85.4338;236.2430;0.0000;735.4736;5526.4526
86.9196;236.9859;0.0000;732.5020;5533.1387
88.4054;238.4717;0.0000;733.9878;5539.8252
89.1483;239.2146;0.0000;737.7023;5546.5112
90.6341;240.7005;0.0000;731.7591;5553.1973
92.1199;241.4434;0.0000;735.4736;5559.8833
93.6057;242.1863;0.0000;736.9594;5566.5693
95.0915;242.9292;0.0000;733.9878;5573.2554
96.5773;244.4150;0.0000;736.9594;5579.9419
98.0631;245.1579;0.0000;738.4452;5587.3706
99.5490;245.9008;0.0000;739.1881;5594.0566
101.0348;245.9008;0.0000;739.1881;5600.7432
102.5206;246.6437;0.0000;738.4452;5607.4292
104.0064;247.3866;0.0000;739.1881;5614.1152
104.7493;247.3866;0.0000;741.4168;5620.8013
106.2351;248.1295;0.0000;736.9594;5627.4873
107.7209;248.8724;0.0000;741.4168;5634.1738
109.9496;248.8724;0.0000;742.9026;5640.8599
111.4354;248.8724;0.0000;739.1881;5647.5459
113.6641;249.6153;0.0000;743.6456;5654.2319
115.8928;249.6153;0.0000;740.6740;5660.9180
117.3786;249.6153;0.0000;742.1597;5667.6040
119.6073;250.3582;0.0000;742.1597;5674.2905
121.8360;250.3582;0.0000;742.1597;5680.9766
124.0647;250.3582;0.0000;742.9026;5687.6626
126.2934;251.1011;0.0000;745.8743;5694.3486
129.2651;251.1011;0.0000;738.4452;5701.0347
131.4938;251.8440;0.0000;745.8743;5707.7212
133.7225;251.8440;0.0000;747.3600;5714.4072
135.9512;251.8440;0.0000;741.4168;5721.0933
138.1799;251.8440;0.0000;747.3600;5727.7793
141.1515;251.8440;0.0000;745.8743;5734.4653
143.3802;252.5869;0.0000;742.1597;5741.1514
146.3518;252.5869;0.0000;746.6171;5747.8379
148.5805;252.5869;0.0000;745.8743;5754.5239
151.5521;252.5869;8.9148;745.8743;5761.2100
153.7809;252.5869;0.0000;748.1030;5767.8960
156.7525;252.5869;0.0000;745.8743;5774.5820
158.9812;252.5869;8.9148;747.3600;5781.2686
161.9528;252.5869;0.0000;748.8459;5787.9546
164.9244;252.5869;0.0000;747.3600;5794.6406
167.8960;252.5869;0.0000;749.5887;5801.3267
170.8676;252.5869;0.0000;748.1030;5808.0127
173.8392;252.5869;0.0000;748.1030;5814.6987
176.8108;252.5869;0.0000;750.3317;5821.3853
179.0395;252.5869;0.0000;747.3600;5828.0713
182.0111;252.5869;0.0000;748.1030;5834.7573
184.2399;252.5869;0.0000;749.5887;5841.4434
187.2115;252.5869;0.0000;747.3600;5848.1294
189.4402;252.5869;0.0000;750.3317;5854.8159
191.6689;251.8440;0.0000;751.8174;5861.5020
194.6405;251.8440;0.0000;748.1030;5868.1880
196.8692;251.8440;0.0000;751.0746;5874.8740
199.8408;251.1011;0.0000;753.3033;5881.5601
202.8124;251.1011;0.0000;749.5887;5888.2461
205.0411;251.1011;0.0000;754.0462;5894.9326
208.0127;250.3582;0.0000;751.8174;5901.6187
210.9843;250.3582;0.0000;751.0746;5908.3047
213.2131;249.6153;0.0000;754.0462;5914.9907
215.4418;249.6153;0.0000;750.3317;5921.6768
218.4134;248.8724;0.0000;754.7891;5928.3633
220.6421;248.8724;0.0000;756.2749;5935.0493
222.8708;248.1295;0.0000;750.3317;5941.7354
224.3566;247.3866;0.0000;754.7891;5948.4214
226.5853;246.6437;0.0000;757.0178;5955.1074
228.8140;245.9008;0.0000;757.0178;5961.7935
230.2998;245.9008;0.0000;759.9894;5968.4800
231.7856;245.1579;0.0000;759.9894;5975.1660
233.2714;243.6721;0.0000;759.9894;5981.8521
234.7572;242.9292;0.0000;759.9894;5988.5381
236.2430;242.1863;0.0000;759.9894;5995.2241
237.7289;241.4434;0.0000;759.9894;6001.9106
239.9576;240.7005;0.0000;759.9894;6008.5967
241.4434;239.9576;0.0000;759.9894;6015.2827
242.9292;238.4717;0.0000;759.9894;6021.9688
244.4150;237.7289;0.0000;759.9894;6028.6548
245.9008;236.2430;0.0000;759.9894;6035.3408
248.1295;234.7572;0.0000;759.9894;6042.0273
249.6153;234.0143;0.0000;759.9894;6048.7134
250.3582;232.5285;0.0000;759.9894;6055.3994
251.8440;231.0427;0.0000;759.9894;6062.0854
253.3298;229.5569;0.0000;759.9894;6068.7715
255.5585;228.0711;0.0000;759.9894;6075.4575
257.0443;226.5853;8.9148;759.9894;6082.1440
258.5301;225.0995;0.0000;759.9894;6088.8301
260.0159;223.6137;0.0000;759.9894;6095.5161
260.7588;222.1279;0.0000;759.9894;6102.2021
262.2446;220.6421;0.0000;759.9894;6108.8882
262.9875;219.1563;0.0000;759.9894;6115.5747
264.4733;217.6705;0.0000;759.9894;6122.2607
265.2162;216.1847;0.0000;759.9894;6128.9468
266.7021;214.6989;0.0000;759.9894;6135.6328
267.4449;213.2131;0.0000;759.9894;6142.3188
268.9308;211.7272;0.0000;759.9894;6149.0049
269.6736;209.4986;0.0000;759.9894;6155.6914
271.1595;208.0127;0.0000;759.9894;6162.3774
271.9024;206.5269;0.0000;759.9894;6169.0635
272.6453;205.0411;0.0000;759.9894;6175.7495
273.3882;203.5553;0.0000;759.9894;6182.4355
274.1311;202.0695;0.0000;759.9894;6189.1221
274.8740;200.5837;0.0000;759.9894;6195.8081
275.6169;199.0979;0.0000;759.9894;6202.4941
276.3598;196.8692;0.0000;759.9894;6209.1802
277.8456;195.3834;0.0000;759.9894;6215.8662
279.3314;193.1547;0.0000;759.9894;6222.5522
280.0743;190.9260;0.0000;759.9894;6229.2388
281.5601;189.4402;0.0000;759.9894;6235.9248
283.0459;187.2115;0.0000;759.9894;6242.6108
283.7888;185.7257;0.0000;759.9894;6249.2969
285.2746;183.4969;0.0000;759.9894;6255.9829
286.0175;182.0111;0.0000;759.9894;6262.6694
286.7604;180.5253;0.0000;759.9894;6269.3555
287.5033;179.0395;0.0000;759.9894;6276.0415
288.2462;177.5537;0.0000;759.9894;6282.7275
288.9891;176.0679;0.0000;759.9894;6289.4136
290.4749;173.8392;0.0000;759.9894;6296.0996
291.2178;172.3534;0.0000;759.9894;6302.7861
291.9607;170.8676;0.0000;759.9894;6309.4722
293.4465;168.6389;0.0000;759.9894;6316.1582
294.1895;167.1531;0.0000;759.9894;6322.8442
295.6753;164.9244;0.0000;759.9894;6329.5303
296.4182;163.4386;0.0000;759.9894;6336.2168
297.9040;161.9528;0.0000;759.9894;6342.9028
298.6469;160.4670;0.0000;759.9894;6349.5889
299.3898;159.7241;0.0000;759.9894;6356.2749
300.1327;158.9812;0.0000;759.9894;6362.9609
300.8756;158.2383;0.0000;759.9894;6369.6470
301.6185;157.4954;0.0000;759.9894;6376.3335
302.3614;156.7525;8.9148;759.9894;6383.0195
302.3614;156.0096;0.0000;759.9894;6389.7056
303.1043;155.2666;8.9148;759.9894;6396.3916
303.1043;154.5237;0.0000;759.9894;6403.0776
303.1043;154.5237;0.0000;759.9894;6409.7642
303.8472;153.7809;0.0000;759.9894;6416.4502
303.8472;153.0379;0.0000;759.9894;6423.1362
304.5901;152.2950;0.0000;759.9894;6429.8223
305.3330;152.2950;0.0000;759.9894;6436.5083
305.3330;151.5521;0.0000;759.9894;6443.1943
306.0759;150.8092;0.0000;759.9894;6449.8809
306.0759;150.0663;0.0000;759.9894;6456.5669
306.8188;150.0663;0.0000;759.9894;6463.2529
306.8188;149.3234;0.0000;759.9894;6469.9390
306.8188;149.3234;0.0000;759.9894;6476.6250
307.5617;148.5805;0.0000;759.9894;6483.3115
307.5617;148.5805;0.0000;759.9894;6489.9976
307.5617;148.5805;0.0000;759.9894;6496.6836
308.3046;147.8376;0.0000;759.9894;6503.3696
308.3046;147.8376;0.0000;759.9894;6510.0557
308.3046;147.8376;0.0000;759.9894;6516.7417
308.3046;147.8376;0.0000;759.9894;6523.4282
308.3046;147.8376;0.0000;759.9894;6530.1143
308.3046;147.8376;0.0000;759.9894;6536.8003
308.3046;147.8376;0.0000;759.9894;6544.2295
308.3046;148.5805;0.0000;719.1298;6550.9155
308.3046;150.0663;0.0000;648.5540;6557.6016
307.5617;151.5521;0.0000;522.2606;6564.2876
306.0759;152.2950;8.9148;205.0411;6570.9736
