266.8749;201.2897;22.2954;32.2908;4718681.0000
266.9459;201.1477;0.0000;78.1003;4718690.0000
267.0169;201.0767;11.1477;110.8274;4718699.0000
267.0169;201.0767;0.0000;127.4013;4718708.0000
267.0880;201.0056;11.1477;138.4779;4718717.0000
267.1590;201.0056;11.1477;147.6967;4718726.0000
266.3010;200.9346;0.0000;156.7733;4718735.0000
266.4431;200.9346;0.0000;163.8556;4718744.0000
266.5851;200.8636;0.0000;181.9605;4718753.5000
266.7272;200.8636;0.0000;183.8095;4718762.0000
264.8095;202.3551;0.0000;187.7892;4718823.5000
264.8095;202.2841;11.1477;202.6359;4718832.5000
264.7385;202.2841;0.0000;220.1331;4718841.5000
264.7385;202.2841;0.0000;235.2041;4718850.5000
264.7385;202.2841;0.0000;230.8377;4718859.5000
264.6674;202.2841;0.0000;239.4003;4718868.5000
264.6674;203.1421;0.0000;264.1872;4718877.5000
265.5254;203.1421;0.0000;278.1105;4718886.5000
265.5254;203.1421;12.0000;288.5367;4718895.5000
265.4544;203.1421;0.0000;299.7498;4718905.5000
265.4544;203.1421;11.1477;313.3236;4718914.5000
265.4544;203.1421;0.8523;330.4003;4718923.5000
265.3833;203.0710;0.0000;348.8321;4718932.5000
266.3123;204.0000;11.1477;366.6956;4718941.5000
266.3123;204.0000;0.0000;381.9144;4718950.5000
266.3123;203.9290;0.0000;396.8490;4718959.5000
267.2413;203.9290;0.0000;411.8546;4718968.5000
268.1703;203.0000;0.0000;424.9313;4718977.5000
268.1703;203.0000;0.0000;438.0790;4718986.5000
269.0992;202.0710;0.8523;451.2977;4718995.5000
270.0282;201.1420;0.0000;458.3687;4719004.5000
270.0282;201.1420;0.0000;479.3744;4719013.5000
270.9572;200.2131;0.0000;489.5875;4719022.5000
271.8861;199.2841;0.0000;495.8715;4719031.5000
271.8861;198.3551;0.0000;503.2977;4719040.5000
272.7441;197.4261;0.0000;510.4398;4719049.5000
273.6731;196.4972;0.8523;517.9370;4719058.5000
273.6731;196.4972;0.0000;524.9313;4719067.5000
274.6021;195.5682;0.0000;533.5706;4719076.5000
274.6021;194.6392;0.0000;543.9967;4719085.5000
274.6021;193.7103;0.8523;552.8489;4719094.5000
274.6021;192.7813;0.0000;562.4172;4719103.5000
274.6021;190.9233;0.0000;566.9854;4719112.5000
274.6021;189.9944;0.0000;571.6246;4719121.5000
274.6021;188.9944;0.0000;577.1928;4719130.5000
274.6021;188.0654;0.0000;583.1928;4719139.5000
274.6021;187.1364;0.0000;587.6190;4719148.5000
274.6021;186.2074;0.0000;591.1872;4719157.5000
273.6731;185.2785;0.0000;592.9685;4719166.5000
273.6731;184.3495;0.0000;595.7497;4719175.5000
272.7441;182.4915;0.0000;597.6731;4719184.5000
272.7441;181.5626;0.0000;598.0992;4719193.5000
271.8151;180.6336;0.8523;599.5254;4719202.5000
270.8862;179.7046;0.0000;600.9515;4719211.5000
270.8862;178.7756;0.0000;601.5908;4719220.5000
269.9572;178.7756;0.0000;603.3010;4719229.5000
269.0282;177.8467;0.0000;605.7982;4719238.5000
268.0992;176.9177;0.0000;606.5795;4719247.5000
267.1703;176.9177;0.0000;607.7869;4719256.5000
266.2413;176.9177;0.0000;608.7102;4719265.5000
265.3123;176.8467;0.0000;608.6336;4719274.5000
263.3833;176.8467;0.0000;610.6336;4719283.5000
262.4544;176.8467;0.0000;608.4092;4719292.5000
260.5964;176.8467;0.0000;608.1195;4719301.5000
258.7385;176.8467;0.8523;609.1194;4719310.5000
256.8805;176.8467;0.0000;609.9717;4719319.5000
255.9515;176.8467;0.0000;610.1848;4719328.5000
255.0226;176.8467;0.8523;610.3269;4719337.5000
253.1646;176.8467;0.0000;611.1139;4719346.5000
252.2356;177.7757;0.8523;611.9718;4719355.5000
251.3067;177.7757;0.0000;610.1138;4719364.5000
250.3777;177.7757;0.0000;611.9008;4719373.5000
249.4487;177.7757;0.0000;612.7587;4719382.5000
248.5197;178.7046;0.0000;610.9718;4719391.5000
247.5908;178.7046;0.0000;615.2615;4719400.5000
245.7328;178.7046;0.0000;613.2615;4719409.5000
244.8749;179.6336;0.0000;616.9774;4719418.5000
243.9459;179.6336;0.0000;614.1905;4719427.5000
243.0169;179.6336;0.0000;615.1194;4719436.5000
242.1590;180.5626;0.0000;613.8354;4719445.5000
240.3010;180.5626;0.0000;613.4036;4719454.5000
239.3721;180.5626;0.8523;614.6166;4719463.5000
238.5141;181.4915;0.8523;613.4036;4719472.5000
237.5851;182.4205;0.0000;613.8354;4719481.5000
236.7272;182.4205;0.0000;612.5456;4719490.5000
236.7272;183.3495;0.0000;614.4036;4719499.5000
235.8692;184.2785;0.0000;617.1905;4719508.5000
234.9403;185.2074;0.0000;614.9064;4719517.5000
234.0823;186.1364;0.0000;615.3325;4719526.5000
233.2243;187.0654;0.0000;615.4036;4719535.5000
232.4374;188.9233;0.0000;614.4036;4719544.5000
231.5795;189.8523;0.0000;615.3325;4719553.5000
231.6505;190.7813;0.0000;614.6933;4719562.5000
230.7926;192.6392;0.0000;615.6166;4719571.5000
229.9346;193.4972;0.0000;615.6166;4719580.5000
230.0767;194.4262;0.0000;615.6877;4719589.5000
229.2187;196.2841;0.0000;616.0428;4719598.5000
229.2897;197.2131;0.0000;615.4746;4719607.5000
228.4318;199.0000;0.0000;615.0428;4719616.5000
228.5028;200.8579;11.1477;615.1138;4719625.5000
228.5739;201.7159;11.1477;616.0428;4719634.5000
228.6449;203.5738;0.0000;618.9718;4719643.5000
228.7159;205.4318;11.1477;613.8241;4719652.5000
228.7159;207.2187;0.0000;617.1139;4719661.5000
228.7869;209.0767;0.0000;616.3979;4719670.5000
229.7869;210.9346;0.0000;613.7531;4719679.5000
229.7869;212.7215;0.0000;617.5400;4719688.5000
229.8579;214.5085;0.0000;615.8951;4719697.5000
229.9290;216.2954;0.0000;615.8951;4719706.5000
230.0000;218.1533;0.0000;616.8241;4719715.5000
230.0000;220.8692;0.0000;616.9661;4719724.5000
231.0000;222.6562;0.0000;620.6821;4719733.5000
231.0710;224.4431;0.0000;619.8241;4719742.5000
232.0710;226.2300;0.0000;618.1793;4719751.5000
232.0710;228.0880;0.0000;618.3923;4719760.5000
233.0000;230.8038;0.0000;617.5344;4719769.5000
233.0710;232.5908;0.0000;619.4633;4719778.5000
234.0000;234.3777;0.0000;618.5344;4719787.5000
234.0000;236.2356;11.1477;619.6054;4719796.5000
234.9290;238.0226;0.0000;618.6765;4719805.5000
235.9290;239.8095;11.1477;623.6764;4719814.5000
236.8580;241.6674;0.0000;620.6764;4719823.5000
237.7869;243.4544;11.1477;620.6764;4719832.5000
238.7159;244.3123;0.0000;620.9605;4719841.5000
239.6449;246.1703;0.0000;621.8185;4719850.5000
240.5739;247.9572;0.0000;623.8895;4719859.5000
241.5028;248.8151;0.0000;623.1025;4719868.5000
242.4318;250.6021;0.0000;622.3157;4719877.5000
244.2897;251.5310;0.0000;627.8895;4719886.5000
246.1477;252.3890;0.0000;625.2446;4719895.5000
247.0767;254.1759;0.0000;627.3867;4719904.5000
248.9346;255.1049;0.0000;628.3156;4719913.5000
250.7926;255.0338;0.0000;632.3867;4719922.5000
252.6505;255.8918;0.0000;629.3867;4719931.5000
253.5795;256.7498;0.0000;629.4577;4719940.5000
255.4374;257.6077;0.0000;630.5287;4719949.5000
257.2954;258.4656;0.0000;634.2446;4719958.5000
259.1533;259.3946;0.0000;636.2446;4719967.5000
261.0113;259.3236;0.0000;634.4576;4719976.5000
262.7982;260.1815;0.0000;638.3157;4719985.5000
264.6562;260.1815;0.0000;636.5997;4719994.5000
266.5141;260.1105;0.0000;639.3867;4720003.5000
268.3010;260.9685;0.0000;636.8839;4720012.5000
270.1590;260.8974;0.0000;638.5997;4720021.5000
272.8749;260.8264;0.0000;639.8839;4720030.5000
274.6618;260.7554;0.0000;639.7418;4720039.5000
277.3777;260.7554;0.0000;641.6708;4720048.5000
279.1646;260.6844;0.0000;642.6708;4720057.5000
280.9515;259.6844;0.0000;641.8839;4720066.5000
282.7385;259.6133;0.0000;642.0259;4720075.5000
284.5254;258.6844;0.0000;647.8128;4720084.5000
286.3123;258.6133;0.0000;644.1679;4720093.5000
288.0992;257.6133;0.0000;643.3810;4720102.5000
289.8862;257.6133;0.0000;642.7362;4720111.5000
290.7441;257.5423;0.0000;643.5941;4720120.5000
292.5310;256.6133;0.0000;643.4520;4720129.5000
294.3180;256.5423;0.0000;643.5941;4720138.5000
295.1759;255.5423;0.0000;645.4521;4720147.5000
296.9628;255.5423;11.1477;646.3810;4720156.5000
298.7498;254.5423;0.0000;647.5941;4720165.5000
300.5367;253.6133;0.8523;649.2390;4720174.5000
302.2526;252.6133;0.0000;651.0969;4720183.5000
304.0395;251.6844;0.0000;649.5231;4720193.5000
305.7554;250.6844;0.8523;649.2390;4720202.5000
307.5423;249.7554;11.1477;651.0969;4720211.5000
310.1872;247.8264;0.0000;649.2390;4720220.5000
311.9741;246.8974;0.0000;652.9548;4720229.5000
313.6900;245.9685;0.0000;651.0969;4720238.5000
315.4059;244.9685;0.0000;651.2390;4720247.5000
317.1928;244.0395;11.1477;652.1680;4720256.5000
318.9087;243.1105;0.0000;652.1680;4720265.5000
319.7667;242.1105;0.0000;657.7418;4720274.5000
321.5536;241.1815;0.0000;658.6708;4720283.5000
322.3405;239.3236;0.0000;655.9548;4720292.5000
324.1274;238.3236;0.0000;661.5287;4720301.5000
324.9854;237.3946;0.0000;658.7418;4720310.5000
325.7723;236.4657;0.0000;661.4577;4720319.5000
327.5592;234.5367;0.0000;658.7418;4720328.5000
328.3462;233.6077;0.8523;658.7418;4720337.5000
329.2041;231.7497;0.0000;660.5997;4720346.5000
330.9200;230.8208;0.8523;661.5287;4720355.5000
332.7069;228.9628;0.0000;664.5287;4720364.5000
334.4228;228.0338;0.0000;667.4577;4720373.5000
335.2808;226.1759;0.0000;664.3867;4720382.5000
336.0677;225.2469;0.0000;668.1025;4720391.5000
337.8546;224.2469;0.0000;671.8184;4720400.5000
338.6415;223.3179;0.0000;672.6764;4720409.5000
339.4995;221.4600;0.0000;672.7474;4720418.5000
340.3574;220.5310;0.0000;676.5344;4720427.5000
341.1444;219.6021;0.0000;678.3213;4720436.5000
342.0023;218.7441;0.0000;680.1082;4720445.5000
342.7892;216.8862;0.0000;681.0372;4720454.5000
343.6472;215.9572;0.0000;681.9662;4720463.5000
344.5052;214.0992;0.0000;683.8241;4720472.5000
345.3631;213.2413;0.0000;683.8241;4720481.5000
346.2210;211.3833;0.0000;685.6820;4720490.5000
347.0790;209.5254;0.0000;686.6110;4720499.5000
347.9369;208.5964;0.0000;690.3269;4720508.5000
347.7949;206.8095;0.0000;689.1848;4720517.5000
348.6528;205.8805;11.1477;690.2559;4720526.5000
349.5108;204.0936;11.1477;692.1138;4720535.5000
349.4397;202.3067;11.1477;692.9008;4720544.5000
350.2267;201.3777;0.0000;697.5457;4720553.5000
351.0846;199.5908;0.0000;698.4036;4720562.5000
350.9426;197.8038;0.0000;688.5400;4720571.5000
351.8005;196.0169;0.0000;706.7643;4720580.5000
351.7295;194.2300;0.0000;715.1251;4720589.5000
351.5874;192.4431;0.0000;717.0541;4720598.5000
352.4454;191.5851;0.0000;719.8411;4720607.5000
352.3744;189.7982;0.0000;723.5569;4720616.5000
352.3033;187.9402;0.0000;726.2728;4720625.5000
352.3033;186.1533;0.0000;733.6336;4720634.5000
352.2323;185.2954;0.0000;729.9177;4720643.5000
351.2323;183.5085;0.0000;731.1308;4720652.5000
351.1613;181.7215;0.0000;731.9177;4720661.5000
351.1613;180.0056;0.0000;732.6335;4720670.5000
350.1613;178.2187;0.0000;735.5626;4720679.5000
349.2323;176.4318;0.0000;733.4916;4720688.5000
349.1613;174.6449;0.0000;734.4915;4720697.5000
348.2323;172.9290;0.0000;735.5626;4720706.5000
347.2323;170.2131;0.0000;735.6335;4720715.5000
347.1613;168.4262;0.0000;737.1364;4720724.5000
346.2323;165.7103;0.0000;740.9943;4720733.5000
345.2323;163.9944;0.0000;736.5626;4720742.5000
344.3033;162.2074;0.0000;739.1364;4720751.5000
343.3033;160.4915;0.0000;739.9944;4720760.5000
342.3744;158.7046;0.0000;739.0654;4720769.5000
341.3744;156.9887;11.1477;739.9233;4720778.5000
339.5164;155.2018;0.0000;740.0654;4720787.5000
338.5874;153.4149;11.1477;740.2075;4720796.5000
336.7295;151.6990;0.0000;740.8523;4720805.5000
334.8715;149.9120;0.0000;739.9233;4720814.5000
332.9426;148.1251;0.0000;740.9233;4720823.5000
331.0846;146.4092;0.0000;741.2074;4720832.5000
329.2267;145.5513;0.0000;740.9233;4720841.5000
327.3687;143.7644;0.0000;740.0654;4720850.5000
325.5108;142.0485;0.0000;740.9233;4720859.5000
323.6528;140.2615;0.0000;739.1364;4720868.5000
321.7949;138.5456;0.0000;739.9233;4720877.5000
319.9369;137.6877;0.0000;741.7812;4720886.5000
318.0790;135.9718;0.8523;740.8523;4720895.5000
316.2210;134.1849;0.0000;740.0654;4720904.5000
314.3631;133.3269;0.8523;738.7103;4720913.5000
312.5051;131.5400;0.0000;738.6393;4720922.5000
309.7892;130.7531;0.0000;739.0000;4720931.5000
307.9313;128.9662;0.0000;737.0654;4720940.5000
305.1443;128.1792;0.0000;736.7103;4720949.5000
303.2864;127.3213;0.0000;739.4261;4720958.5000
299.6415;126.4633;0.0000;739.0710;4720967.5000
296.8546;125.6764;0.0000;735.9233;4720976.5000
294.0677;125.7474;0.0000;738.6393;4720985.5000
290.3518;124.9605;0.0000;735.9233;4720994.5000
287.5649;125.0315;0.0000;735.9233;4721003.5000
284.7780;124.2446;0.0000;735.9944;4721012.5000
282.0620;124.3867;0.0000;735.9233;4721021.5000
278.3462;124.4577;0.0000;736.1364;4721030.5000
275.5592;123.6708;0.0000;739.6392;4721039.5000
271.9143;123.8128;0.0000;736.0654;4721048.5000
269.1274;123.8839;0.0000;740.7812;4721057.5000
266.4116;123.0969;0.0000;736.0654;4721066.5000
262.6956;123.1679;0.0000;735.2074;4721075.5000
259.9797;123.3100;0.0000;736.2785;4721084.5000
257.1928;123.3810;11.1477;736.0654;4721093.5000
254.4769;123.4520;0.0000;734.2784;4721102.5000
251.7610;123.5941;0.8523;734.4915;4721111.5000
248.9741;123.6651;11.1477;735.2074;4721120.5000
247.1872;123.8072;0.8523;733.4916;4721129.5000
244.4713;123.9492;0.0000;737.4205;4721138.5000
240.7554;124.0202;12.0000;733.4916;4721147.5000
238.0395;125.0913;0.0000;733.5626;4721156.5000
235.3236;125.1623;0.8523;733.6336;4721165.5000
231.6077;125.3044;0.0000;733.5626;4721174.5000
228.8918;126.3754;0.0000;733.6336;4721183.5000
227.1049;126.4464;0.0000;733.7047;4721192.5000
224.3890;126.5885;0.0000;733.7756;4721201.5000
221.6731;127.5885;0.0000;734.9887;4721210.5000
219.8862;127.7305;0.0000;728.3439;4721219.5000
217.1703;127.8015;0.0000;732.9887;4721228.5000
215.3833;128.8726;0.0000;733.9177;4721237.5000
212.6674;128.9436;0.0000;733.9177;4721246.5000
209.9515;129.9436;0.0000;732.9887;4721255.5000
207.2356;130.0856;0.0000;732.1307;4721264.5000
204.5197;131.0856;0.0000;731.2018;4721273.5000
201.8038;132.1567;0.0000;731.2018;4721282.5000
199.0880;133.1567;0.0000;730.2728;4721291.5000
196.3721;134.2277;0.0000;730.3438;4721300.5000
194.6561;135.2277;0.0000;730.7700;4721309.5000
191.9403;136.2277;0.0000;728.6280;4721318.5000
189.2244;138.1567;0.0000;728.6280;4721327.5000
187.4374;139.1567;0.8523;729.6279;4721336.5000
184.7926;140.1567;0.0000;729.1251;4721345.5000
182.0767;141.1567;0.0000;729.8410;4721354.5000
180.3608;142.1567;0.0000;733.9830;4721363.5000
177.6449;144.0856;0.0000;733.9830;4721372.5000
175.9290;145.0856;0.0000;729.1251;4721381.5000
174.1420;146.0146;0.0000;729.1251;4721390.5000
172.4262;147.0146;11.1477;729.3382;4721399.5000
170.6392;148.8726;0.0000;729.3382;4721408.5000
168.9233;149.8726;0.8523;727.4802;4721417.5000
167.2074;150.8015;0.0000;727.5513;4721426.5000
166.4205;152.6595;0.0000;726.7644;4721435.5000
164.7046;153.5885;11.1477;727.0485;4721444.5000
162.9887;155.5174;0.0000;729.5513;4721453.5000
162.2018;157.3754;0.0000;726.9064;4721462.5000
160.4149;159.2333;0.0000;727.1906;4721472.5000
159.6280;161.0913;0.0000;727.2615;4721481.5000
157.9120;162.9492;0.0000;726.9774;4721490.5000
157.0541;164.8072;0.0000;727.2615;4721499.5000
155.3382;166.6651;0.0000;727.9774;4721508.5000
153.6223;168.5231;0.0000;729.9064;4721517.5000
152.8354;169.4521;0.0000;728.1195;4721526.5000
152.0485;171.3810;0.0000;728.0485;4721535.5000
150.4036;173.2390;0.0000;730.9064;4721544.5000
149.6167;175.0969;0.0000;727.1195;4721553.5000
147.9008;176.9549;0.8523;727.1906;4721562.5000
147.1138;178.8128;0.0000;727.1906;4721571.5000
147.2559;180.6708;0.0000;726.4036;4721580.5000
146.4690;182.5287;0.0000;726.3325;4721589.5000
145.6821;184.3867;0.0000;725.5457;4721598.5000
145.8241;186.2446;0.0000;724.8298;4721607.5000
145.9662;189.0315;0.0000;724.6167;4721616.5000
145.1792;190.8895;0.0000;724.6167;4721625.5000
145.3213;192.7474;0.0000;726.4746;4721634.5000
144.4633;194.6054;0.0000;724.6877;4721643.5000
144.6054;197.3923;0.0000;730.3326;4721652.5000
143.8895;199.2502;0.0000;725.7587;4721661.5000
144.0315;201.0372;0.0000;723.9008;4721670.5000
144.1736;203.8241;0.0000;723.8297;4721679.5000
143.3156;205.6821;0.0000;723.2559;4721688.5000
143.4577;207.4690;11.1477;724.8298;4721697.5000
143.5287;210.2559;0.0000;725.1138;4721706.5000
143.6708;212.1138;0.0000;717.6820;4721715.5000
143.7418;213.9718;0.0000;719.6821;4721724.5000
143.8128;216.7587;0.0000;714.8951;4721733.5000
144.8128;218.5456;0.0000;718.8951;4721742.5000
144.8839;220.4036;0.0000;714.1082;4721751.5000
145.8839;223.1195;0.0000;714.3213;4721760.5000
146.9549;225.9064;0.0000;717.1792;4721769.5000
147.9549;227.6933;0.0000;714.4633;4721778.5000
148.0969;230.4803;0.0000;714.6054;4721787.5000
149.0969;233.1962;0.0000;714.9605;4721796.5000
150.0969;234.9831;0.0000;716.6054;4721805.5000
151.1679;237.7700;0.0000;714.8895;4721814.5000
152.1679;240.4859;11.1477;714.9605;4721823.5000
153.1680;243.2018;0.0000;715.1025;4721832.5000
154.1680;244.9887;11.1477;715.1736;4721841.5000
155.2390;247.7046;11.1477;715.1736;4721850.5000
156.2390;250.4205;0.0000;715.3156;4721859.5000
157.2390;252.2074;0.0000;715.3867;4721868.5000
159.1679;254.8523;0.0000;715.3867;4721877.5000
160.1679;256.6392;0.0000;715.4577;4721886.5000
161.1680;259.3551;0.0000;715.5997;4721895.5000
163.0969;261.1421;0.0000;715.7418;4721904.5000
164.0969;263.8579;0.0000;715.8128;4721913.5000
165.0969;265.6449;0.0000;716.9548;4721922.5000
167.0259;268.3608;0.8523;716.0259;4721931.5000
167.9549;271.0056;0.0000;716.0969;4721940.5000
168.9549;272.7926;0.0000;716.0259;4721949.5000
170.8838;275.5085;0.8523;717.0259;4721958.5000
171.8839;277.2954;0.0000;719.7418;4721967.5000
173.8128;279.0823;0.0000;716.0969;4721976.5000
175.7418;280.8692;0.0000;718.8839;4721985.5000
177.5997;282.6561;0.8523;719.0969;4721994.5000
180.4577;284.4431;11.1477;716.3100;4722003.5000
182.3867;286.2300;0.0000;716.4520;4722012.5000
184.2446;287.9459;0.0000;717.4520;4722021.5000
187.1026;289.7328;11.1477;716.5231;4722030.5000
188.9605;291.5197;0.0000;716.5231;4722039.5000
191.8185;292.3777;0.0000;717.5231;4722048.5000
193.7474;294.0936;0.0000;716.5941;4722057.5000
195.6054;295.8805;0.0000;716.5231;4722066.5000
197.5344;296.7385;0.0000;716.5941;4722075.5000
199.4633;298.4544;0.0000;720.3100;4722084.5000
201.3923;299.3123;0.0000;716.5941;4722093.5000
203.3213;300.1703;0.0000;719.3810;4722102.5000
205.2503;301.8861;0.0000;716.5231;4722111.5000
207.1792;302.7441;0.0000;716.6651;4722120.5000
209.0372;303.5310;0.0000;717.5941;4722129.5000
210.9661;305.3180;0.0000;716.6651;4722138.5000
212.8951;306.1049;0.0000;716.6651;4722147.5000
215.7531;306.9628;0.0000;719.5231;4722156.5000
217.6820;307.7498;0.0000;719.5941;4722165.5000
219.5400;309.5367;0.0000;719.6651;4722174.5000
221.4690;310.3236;0.0000;719.6651;4722183.5000
223.3269;311.1815;0.0000;716.8782;4722192.5000
225.2559;311.9685;0.0000;717.8071;4722201.5000
228.0428;312.8264;0.0000;718.8782;4722210.5000
229.9718;313.6133;0.0000;718.2333;4722219.5000
231.8297;314.4713;0.0000;719.6651;4722228.5000
233.7587;315.2582;0.0000;722.8072;4722237.5000
235.6167;316.1161;0.0000;718.8072;4722246.5000
238.4746;316.9031;0.0000;718.9492;4722255.5000
240.3326;317.7610;0.0000;718.0912;4722264.5000
243.1905;317.6190;0.0000;719.0913;4722273.5000
245.0485;318.4769;0.0000;719.1624;4722282.5000
247.8354;319.3349;0.0000;718.3043;4722291.5000
249.6933;320.1928;0.8523;719.1624;4722300.5000
251.6223;320.0508;0.8523;719.3044;4722309.5000
254.4092;320.9087;0.0000;719.3044;4722318.5000
256.2672;321.7667;11.1477;719.3754;4722327.5000
258.1251;321.6246;0.0000;718.3100;4722336.5000
260.9120;322.4826;0.0000;720.3698;4722345.5000
262.7700;322.4115;0.0000;720.1567;4722354.5000
264.6280;323.1985;0.0000;721.1567;4722363.5000
267.4149;324.0564;0.0000;721.2987;4722372.5000
269.2728;323.9854;11.1477;721.5118;4722381.5000
272.0598;324.7723;0.0000;721.5828;4722390.5000
274.7756;324.7013;0.0000;721.5828;4722399.5000
276.6336;325.4882;0.0000;722.6538;4722408.5000
279.4205;325.4172;0.0000;722.7249;4722417.5000
281.2074;325.3462;0.0000;725.5828;4722426.5000
283.9944;325.2041;0.0000;725.0800;4722435.5000
285.8523;325.1331;0.0000;722.9379;4722444.5000
288.5682;324.9910;0.0000;722.2220;4722453.5000
290.4262;324.9200;0.0000;724.3641;4722462.5000
293.1420;324.7780;0.0000;724.0800;4722471.5000
295.0000;324.7069;0.0000;725.3641;4722480.5000
296.7869;324.5649;11.1477;722.6482;4722489.5000
299.5028;324.4939;0.0000;723.3641;4722498.5000
301.2897;324.4229;0.0000;722.5062;4722507.5000
303.1477;324.2808;0.0000;723.5061;4722516.5000
305.8636;324.2097;0.0000;722.6482;4722525.5000
307.5795;324.0677;0.0000;724.5062;4722534.5000
309.3664;323.9967;0.0000;723.8613;4722543.5000
312.0823;323.8546;0.0000;723.7192;4722552.5000
313.8692;323.7836;0.0000;724.7192;4722561.5000
315.5851;323.6415;0.0000;726.9323;4722570.5000
317.3720;323.5705;0.0000;726.0743;4722579.5000
320.0169;322.4995;0.0000;724.0033;4722588.5000
321.8039;322.4285;0.0000;724.0033;4722597.5000
323.5908;322.3575;0.8523;724.9323;4722606.5000
326.2357;322.2154;0.0000;725.8613;4722615.5000
328.0226;321.2154;0.8523;724.9323;4722624.5000
329.8095;321.1443;0.0000;725.9323;4722633.5000
331.5254;320.0733;0.8523;725.8613;4722642.5000
333.3123;320.0023;0.0000;726.0034;4722651.5000
335.0282;319.0023;0.8523;726.9323;4722660.5000
336.7441;318.8603;0.0000;726.2874;4722669.5000
338.5310;317.8603;0.0000;726.0034;4722678.5000
340.2469;316.8603;0.0000;727.2164;4722687.5000
341.9628;316.7892;0.0000;727.0033;4722696.5000
343.6787;315.7182;0.0000;727.0033;4722705.5000
345.4656;314.7182;0.0000;727.0743;4722714.5000
347.1815;313.7182;0.0000;726.2164;4722723.5000
348.8974;312.6472;0.0000;731.8613;4722732.5000
350.6133;311.6472;0.0000;727.2164;4722741.5000
353.3292;310.6472;0.0000;728.2164;4722750.5000
355.9741;308.7182;0.0000;729.0743;4722760.5000
357.6900;307.7182;0.0000;729.2164;4722769.5000
360.4059;305.7892;0.0000;729.2164;4722778.5000
363.0508;304.7892;0.0000;730.0033;4722787.5000
364.7667;302.8603;0.0000;728.2875;4722796.5000
367.4826;301.8603;0.0000;730.2874;4722805.5000
369.1985;299.9313;0.0000;731.8613;4722814.5000
371.8434;298.0023;0.0000;731.0743;4722823.5000
373.5592;297.0023;0.0000;731.0033;4722832.5000
375.2751;295.0733;0.0000;731.9323;4722841.5000
377.9200;294.0733;0.0000;733.2164;4722850.5000
379.6359;292.1444;11.1477;734.7903;4722859.5000
382.2808;291.1443;0.0000;734.0033;4722868.5000
384.0677;289.2154;0.0000;733.8613;4722877.5000
386.7126;287.2864;12.0000;734.7903;4722886.5000
389.3574;285.3575;0.0000;734.9323;4722895.5000
391.0734;282.4995;0.0000;734.9323;4722904.5000
393.7182;280.6415;0.0000;737.7192;4722913.5000
396.4341;278.7126;0.0000;737.8613;4722922.5000
399.0790;275.8546;0.0000;737.7903;4722931.5000
401.7238;273.9257;0.0000;737.8613;4722940.5000
404.4398;272.0677;0.0000;737.7192;4722949.5000
406.1556;269.2097;0.0000;738.7902;4722958.5000
408.8005;267.2808;0.0000;737.7903;4722967.5000
411.4454;264.4939;0.0000;739.7192;4722976.5000
414.0903;261.6359;0.0000;739.6482;4722985.5000
415.8062;259.7069;0.0000;739.5771;4722994.5000
418.5221;256.8490;0.0000;743.4351;4723003.5000
420.2380;254.0620;0.0000;742.5061;4723012.5000
422.8828;251.2041;0.0000;741.5771;4723021.5000
425.5277;249.2751;0.0000;743.3641;4723030.5000
427.2436;246.4882;0.0000;743.2931;4723039.5000
428.9595;243.6302;0.0000;749.8669;4723048.5000
430.6754;241.7013;0.0000;746.5828;4723057.5000
432.3913;238.9144;0.8523;749.8669;4723066.5000
433.1782;236.1274;0.0000;753.5828;4723075.5000
433.8941;233.2695;0.0000;749.7959;4723084.5000
435.6100;230.4826;0.0000;749.7959;4723093.5000
436.3969;227.6246;0.0000;751.6538;4723102.5000
437.1128;224.8377;0.0000;752.6539;4723111.5000
437.8997;222.9798;0.8523;752.6539;4723120.5000
438.6867;220.1218;0.0000;753.5828;4723129.5000
438.5446;217.3349;0.0000;758.2277;4723138.5000
439.2605;213.6190;0.0000;755.4408;4723147.5000
440.0475;210.8320;0.0000;755.3698;4723156.5000
439.8344;208.0451;0.0000;758.1567;4723165.5000
439.6923;205.2582;0.8523;759.0856;4723174.5000
439.5503;203.3292;11.1477;760.0146;4723183.5000
439.3372;200.5423;11.1477;763.7305;4723192.5000
439.1952;198.6844;0.0000;765.6595;4723201.5000
438.1241;195.8974;0.0000;763.8016;4723210.5000
437.0531;193.1105;0.0000;749.9379;4723219.5000
435.9821;191.2526;0.8523;770.3044;4723228.5000
434.9110;188.4657;0.0000;773.0203;4723237.5000
433.7690;185.6787;0.0000;775.8782;4723246.5000
431.7690;182.9628;0.0000;775.9492;4723255.5000
430.6980;181.1049;0.0000;778.5941;4723264.5000
429.5559;178.3179;0.0000;777.7361;4723273.5000
427.5559;175.5310;0.0000;781.4521;4723282.5000
426.4138;172.8151;0.0000;778.5941;4723291.5000
424.4138;170.0282;0.0000;779.5231;4723300.5000
422.3428;167.2413;0.0000;778.6652;4723309.5000
420.3428;164.5254;0.0000;778.6652;4723318.5000
419.2718;160.8095;0.0000;779.6651;4723327.5000
417.2008;158.0936;0.0000;779.5231;4723336.5000
415.2008;155.3067;0.0000;778.5941;4723345.5000
413.2008;152.5908;0.0000;778.7361;4723354.5000
411.1298;149.8749;0.0000;780.5231;4723363.5000
409.1297;147.0880;0.0000;779.5941;4723372.5000
407.1298;143.4431;0.0000;779.8072;4723381.5000
405.0587;140.7272;0.0000;780.5941;4723390.5000
403.0587;138.0113;0.0000;778.7361;4723399.5000
400.1298;134.3664;0.0000;780.6651;4723408.5000
398.1297;131.6505;0.0000;783.5231;4723417.5000
396.1298;128.9346;0.0000;781.5231;4723426.5000
394.2008;126.2187;0.0000;781.5941;4723435.5000
391.2718;123.5028;0.0000;779.8782;4723444.5000
389.2718;120.7869;0.0000;780.0913;4723453.5000
386.3428;118.0710;0.0000;780.7361;4723462.5000
383.4138;115.3551;0.0000;779.1624;4723471.5000
380.4849;112.6392;0.0000;778.8782;4723480.5000
377.6269;109.9233;0.0000;780.8071;4723489.5000
373.7690;108.1364;11.1477;778.9492;4723498.5000
370.8400;105.4205;0.0000;779.8782;4723507.5000
367.9821;103.6336;0.0000;778.8072;4723516.5000
364.1241;100.9177;0.0000;778.9492;4723525.5000
361.2661;98.2018;0.0000;778.9492;4723534.5000
357.4792;96.4149;0.0000;777.9492;4723543.5000
353.6923;93.6990;0.0000;778.8782;4723552.5000
349.8344;91.9120;0.0000;778.9492;4723561.5000
346.0474;89.1962;0.0000;777.9492;4723570.5000
342.2605;87.4803;0.0000;776.9492;4723579.5000
338.5446;85.6933;0.0000;780.5941;4723588.5000
333.8287;83.0485;0.0000;776.0913;4723597.5000
330.0418;81.2615;0.0000;777.9492;4723606.5000
325.3259;79.5456;0.0000;769.5884;4723615.5000
321.5390;77.8297;0.8523;778.8782;4723624.5000
316.8231;76.1138;0.0000;777.8782;4723633.5000
312.1072;74.3979;0.0000;779.8072;4723642.5000
307.4623;72.6820;0.0000;776.1624;4723651.5000
302.7464;71.8951;0.0000;776.0913;4723660.5000
298.0305;70.1792;0.0000;773.3044;4723669.5000
292.4567;69.3923;0.0000;774.3043;4723678.5000
286.8118;68.5344;0.0000;776.0203;4723687.5000
281.1669;67.7474;0.0000;776.0913;4723696.5000
275.5221;66.9605;0.0000;776.1624;4723705.5000
270.8062;66.1736;0.0000;774.3043;4723714.5000
265.2323;66.2446;0.0000;774.3043;4723723.5000
259.5874;65.4577;0.0000;776.1624;4723732.5000
253.9426;65.5997;0.0000;780.1623;4723741.5000
248.2977;64.8128;0.0000;773.3044;4723750.5000
242.6528;65.0259;0.0000;774.3043;4723759.5000
236.0790;65.1679;0.0000;774.2333;4723768.5000
230.4341;65.3100;0.0000;776.1624;4723777.5000
223.9313;65.4520;0.0000;776.0203;4723786.5000
217.3574;65.6651;0.0000;774.1623;4723795.5000
211.7126;65.8072;0.0000;774.1623;4723804.5000
206.0677;65.9492;0.0000;778.8072;4723813.5000
200.4939;66.1623;0.0000;775.9492;4723822.5000
193.9200;67.2333;0.0000;774.0912;4723831.5000
188.2751;67.3754;0.0000;772.0912;4723840.5000
182.7013;68.4464;0.0000;771.1623;4723849.5000
178.0564;69.5885;0.0000;775.8072;4723858.5000
172.4115;70.6595;0.0000;772.8782;4723867.5000
166.8377;71.8015;0.0000;771.7361;4723876.5000
161.2639;72.8726;0.0000;772.0912;4723885.5000
156.6190;74.8726;0.0000;773.5941;4723894.5000
150.9741;76.8726;0.0000;771.3100;4723903.5000
146.3292;78.0146;0.0000;771.2390;4723912.5000
141.6844;80.0146;0.0000;771.1679;4723921.5000
137.0395;82.0856;0.0000;771.1679;4723930.5000
131.4657;84.0856;0.0000;771.0969;4723939.5000
126.8918;87.0856;0.0000;770.1680;4723948.5000
122.2469;89.0856;0.0000;771.0259;4723957.5000
116.6731;92.0856;0.0000;769.1680;4723966.5000
112.0992;94.0856;0.0000;769.2390;4723975.5000
106.5254;97.0146;0.0000;770.0969;4723984.5000
101.9515;100.0146;0.0000;769.0969;4723993.5000
98.2356;102.0146;0.0000;770.1680;4724002.5000
94.5908;105.0146;0.0000;771.0259;4724011.5000
91.8749;107.9436;12.0000;763.5231;4724020.5000
88.2300;110.8726;12.0000;769.1680;4724029.5000
84.5141;112.9436;0.8523;774.6708;4724038.5000
81.7982;116.8015;0.0000;770.0969;4724048.5000
79.0823;119.7305;0.0000;771.0969;4724057.5000
77.2954;122.7305;0.0000;770.9548;4724066.5000
75.5085;126.5885;0.0000;770.0259;4724075.5000
73.7215;130.4464;0.0000;770.9548;4724084.5000
71.9346;134.3044;0.0000;770.9548;4724093.5000
70.0767;138.1623;0.0000;771.0259;4724102.5000
69.2187;142.9492;0.0000;771.9549;4724111.5000
68.3608;146.8072;11.1477;774.7418;4724120.5000
66.5738;150.7362;0.0000;772.8128;4724129.5000
65.7159;155.5231;0.0000;774.7418;4724138.5000
64.7869;159.3810;0.0000;774.6708;4724147.5000
64.8579;163.2390;0.0000;776.5997;4724156.5000
64.0000;167.0969;0.0000;774.6708;4724165.5000
64.0710;170.9549;0.0000;778.3867;4724174.5000
64.1421;175.7418;0.0000;774.7418;4724183.5000
64.2131;179.5997;0.0000;776.5997;4724192.5000
65.2131;184.3867;0.8523;775.5997;4724201.5000
66.2131;188.1736;0.0000;775.9549;4724210.5000
67.2131;192.9605;0.0000;778.3867;4724219.5000
68.2131;197.7474;0.8523;774.7418;4724228.5000
69.2131;202.5344;0.0000;774.7418;4724237.5000
71.1421;207.3213;0.0000;771.9549;4724246.5000
72.2131;211.1792;0.0000;774.7418;4724255.5000
74.1421;215.8951;0.0000;771.0259;4724264.5000
76.0710;220.6821;0.8523;763.5231;4724273.5000
78.0710;225.3979;0.0000;768.2390;4724282.5000
80.0000;230.1849;0.0000;765.7362;4724291.5000
82.0000;234.9008;0.0000;767.3810;4724300.5000
84.8579;240.6167;0.0000;764.8072;4724309.5000
86.8579;245.3326;11.1477;764.5231;4724318.5000
88.8579;250.0485;0.0000;765.4521;4724327.5000
90.7869;254.7644;0.0000;765.5231;4724336.5000
92.7869;259.4803;0.0000;765.4521;4724345.5000
94.7159;264.2672;0.0000;771.0259;4724354.5000
97.6449;268.9831;0.0000;768.3099;4724363.5000
100.5028;273.6990;0.0000;767.3100;4724372.5000
103.4318;278.4859;0.0000;768.3810;4724381.5000
106.2897;282.2728;0.0000;767.3810;4724390.5000
110.1477;287.0597;0.0000;767.3810;4724399.5000
113.0056;291.7757;11.1477;769.0969;4724408.5000
116.7926;296.4915;0.0000;771.0969;4724417.5000
120.6505;300.3495;0.0000;768.3099;4724426.5000
124.4374;305.0654;0.0000;769.3100;4724435.5000
127.3664;308.8523;0.8523;768.8128;4724444.5000
131.1533;312.6392;0.0000;773.0259;4724453.5000
135.0113;317.3551;0.0000;771.0969;4724462.5000
138.7982;321.1421;0.0000;768.6651;4724471.5000
142.6562;325.7869;0.0000;769.3100;4724480.5000
146.4431;329.5739;0.0000;771.1679;4724489.5000
150.3010;333.4318;11.1477;769.7418;4724498.5000
155.0169;337.2187;11.1477;770.2390;4724507.5000
158.8749;341.0056;23.1477;769.3100;4724516.5000
163.6618;343.8636;0.0000;769.3100;4724525.5000
168.3777;346.7215;0.0000;770.2390;4724534.5000
174.0936;349.5795;0.0000;771.1679;4724543.5000
179.8095;351.4374;0.0000;770.3810;4724552.5000
185.4543;353.3664;0.0000;772.0969;4724561.5000
191.1703;355.2954;0.0000;771.2390;4724570.5000
196.8862;357.2244;0.8523;771.1679;4724579.5000
203.5310;359.1533;0.0000;772.0969;4724588.5000
209.2469;360.0823;0.0000;773.0259;4724597.5000
215.8918;362.0113;0.0000;773.0969;4724606.5000
221.6077;363.9403;0.0000;772.5231;4724615.5000
228.2526;364.9402;0.8523;773.0259;4724624.5000
234.8974;366.7982;0.0000;767.5231;4724633.5000
241.5423;367.7982;0.0000;773.1680;4724642.5000
248.1872;368.7272;0.0000;773.0969;4724651.5000
254.9031;369.7272;11.1477;775.0259;4724660.5000
262.4769;369.7982;0.0000;775.9549;4724669.5000
269.1218;370.7272;0.0000;775.8839;4724678.5000
276.6956;370.7982;0.8523;776.8128;4724687.5000
284.2695;370.8692;0.0000;776.8839;4724696.5000
291.8433;371.8692;0.8523;777.8839;4724705.5000
299.4882;371.8692;0.0000;779.6708;4724714.5000
307.0620;371.0113;0.0000;778.7418;4724723.5000
314.6359;371.0823;0.8523;780.6708;4724732.5000
321.2808;371.0823;0.0000;779.6708;4724741.5000
328.8546;370.2243;0.0000;780.6708;4724750.5000
336.4995;369.2954;0.0000;781.5997;4724759.5000
344.0733;368.4374;0.0000;775.1680;4724768.5000
350.7182;366.5795;11.1477;784.4577;4724777.5000
359.2921;365.6505;0.0000;783.5998;4724786.5000
365.9369;363.7926;0.0000;783.5998;4724795.5000
373.5108;361.9346;0.0000;783.5287;4724804.5000
380.1556;360.0767;0.0000;786.3156;4724813.5000
386.8005;358.2187;0.0000;787.3867;4724822.5000
394.3744;356.3608;0.0000;786.3156;4724831.5000
401.0192;353.5739;11.1477;786.3867;4724840.5000
407.6641;351.7159;0.0000;789.1025;4724849.5000
414.3090;348.9290;0.0000;786.4576;4724858.5000
420.9539;347.0710;0.0000;787.3867;4724867.5000
428.5277;344.2841;0.0000;788.2446;4724876.5000
435.1726;341.4972;0.0000;789.1736;4724885.5000
440.8885;339.6393;0.0000;789.2446;4724894.5000
447.5334;336.8523;0.0000;791.1025;4724903.5000
454.1782;334.0654;0.0000;792.0315;4724912.5000
459.8941;331.2785;0.0000;791.1736;4724921.5000
465.5390;328.4915;0.0000;792.1025;4724930.5000
471.2549;325.6336;0.0000;792.5344;4724939.5000
476.0418;322.8466;0.0000;793.0316;4724948.5000
480.8287;320.0597;0.0000;794.0316;4724957.5000
484.6867;317.2728;0.0000;798.6054;4724966.5000
488.5446;314.4149;0.0000;796.2502;4724975.5000
492.3315;310.6990;0.0000;798.7474;4724984.5000
495.2605;307.9120;0.0000;798.7474;4724993.5000
498.1185;304.1251;0.0000;798.7474;4725002.5000
500.1185;301.3382;0.0000;800.9605;4725011.5000
502.1185;297.6223;0.0000;801.6054;4725020.5000
504.1185;293.8354;0.0000;803.4633;4725029.5000
506.1185;290.1195;0.0000;805.2502;4725038.5000
508.0475;287.2615;0.0000;806.1792;4725047.5000
510.0475;283.5457;0.0000;811.7531;4725056.5000
511.1185;279.8297;0.0000;811.8241;4725065.5000
513.0474;276.0428;0.0000;806.4633;4725074.5000
515.0474;272.3269;0.0000;808.1793;4725083.5000
516.0474;268.5400;0.0000;811.1082;4725092.5000
518.0474;264.8241;0.0000;809.1082;4725101.5000
519.0474;261.0372;0.0000;812.0372;4725110.5000
520.1185;257.3213;0.0000;809.2502;4725119.5000
521.1185;253.5344;0.0000;810.1792;4725128.5000
521.2605;249.7474;0.0000;815.7531;4725137.5000
521.4026;246.0315;0.0000;812.0372;4725146.5000
521.4736;242.2446;0.0000;813.8951;4725155.5000
521.6157;239.4577;0.0000;814.8241;4725164.5000
521.7577;236.5997;0.0000;816.6821;4725173.5000
521.8287;232.8128;0.0000;817.6110;4725182.5000
521.9708;230.0259;0.0000;818.6110;4725191.5000
522.1129;227.1679;0.0000;820.4690;4725200.5000
521.3259;224.3100;0.0000;825.9718;4725209.5000
521.4680;221.5231;0.0000;823.1849;4725218.5000
520.6100;219.5941;11.1477;829.6877;4725227.5000
519.8231;216.7361;11.1477;826.2559;4725236.5000
519.9651;213.9492;0.0000;819.8241;4725245.5000
519.1072;212.0202;0.0000;826.0428;4725254.5000
519.2492;210.0913;0.0000;813.1082;4725263.5000
518.3913;207.2333;0.0000;836.2615;4725272.5000
517.6044;205.3044;0.0000;840.0485;4725281.5000
517.7464;203.3754;0.0000;841.1195;4725290.5000
516.8885;201.4464;0.0000;842.9774;4725299.5000
517.1016;199.5174;0.0000;841.1195;4725308.5000
516.2436;197.5885;0.0000;842.9774;4725317.5000
515.4567;196.5885;0.0000;845.1905;4725326.5000
515.5987;194.6595;0.0000;849.0541;4725336.5000
514.7408;193.6595;0.0000;844.9774;4725345.5000
514.8828;192.5885;0.0000;845.8353;4725354.5000
514.0249;191.5885;0.8523;846.7644;4725363.5000
514.1669;190.5885;0.0000;846.7644;4725372.5000
513.3090;190.5174;0.8523;845.9064;4725381.5000
513.4510;189.5174;0.0000;844.9064;4725390.5000
513.5220;189.4464;0.0000;835.0428;4725399.5000
513.5931;189.3754;0.8523;807.0316;4725408.5000
513.7351;189.3044;0.0000;746.5062;4725417.5000
513.8062;189.2333;0.0000;650.8218;4725426.5000
514.8062;189.1623;0.0000;533.9841;4725435.5000
514.8772;189.0913;0.0000;103.7979;4725444.5000
21.6628;21.8049;0.0000;63.9230;871324.5625
21.7338;21.7338;0.0000;64.0651;871325.1875
21.8049;21.6628;0.0000;64.1361;871325.8750
21.8759;21.5208;0.0000;64.1361;871326.5000
21.9469;21.4497;0.0000;64.2782;871327.1250
22.0179;21.3787;0.8523;64.1361;871327.7500
22.0890;21.3077;0.0000;64.2782;871328.3750
22.1600;21.2367;0.0000;64.2782;871329.0625
22.1600;21.0946;0.0000;64.2072;871329.6875
22.2310;21.0236;0.0000;64.1361;871330.3125
22.3020;20.9526;0.0000;64.2072;871330.9375
22.3731;20.8815;0.0000;64.2072;871331.6250
22.4441;20.8105;0.0000;64.4913;871332.2500
22.5151;20.6685;0.0000;64.2072;871332.8750
22.5861;20.5974;0.0000;64.2782;871333.5000
22.6572;20.5264;0.0000;64.2782;871334.1875
22.7282;20.4554;0.0000;64.2072;871334.8125
22.7992;20.3133;0.0000;64.1361;871335.4375
22.8702;20.2423;0.0000;64.2782;871336.0625
22.9413;20.1713;0.0000;64.1361;871336.6875
23.0123;20.0292;0.0000;64.2072;871337.3750
23.0833;19.9582;0.0000;64.2782;871338.0000
23.1543;19.8872;0.0000;64.7043;871338.6250
23.2254;19.7451;0.0000;64.4913;871339.2500
23.2964;19.6741;0.0000;64.5623;871339.9375
23.2964;19.6031;0.0000;64.7043;871340.5625
23.3674;19.5320;0.0000;64.7043;871341.1875
23.4385;19.3900;0.0000;64.9174;871341.8125
23.4385;19.3190;0.0000;64.7043;871342.4375
23.5095;19.2479;0.0000;64.7043;871343.1250
23.5805;19.1769;0.0000;64.5623;871343.7500
23.5805;19.0349;0.0000;64.6333;871344.3750
23.6515;18.9638;0.0000;64.5623;871345.0000
23.7226;18.8928;0.0000;64.6333;871345.6875
23.7936;18.8218;0.0000;64.7754;871346.3125
23.7936;18.7508;0.0000;64.5623;871346.9375
23.8646;18.6087;0.0000;64.7043;871347.5625
23.9356;18.5377;0.0000;64.4913;871348.2500
24.0067;18.4667;0.0000;64.4913;871348.8750
24.0067;18.3956;0.0000;64.7754;871349.5000
24.0777;18.3246;0.0000;64.7043;871350.1250
24.1487;18.2536;0.0000;64.4913;871350.7500
24.2197;18.1826;0.0000;64.4913;871351.4375
24.2908;18.0405;0.8523;64.9174;871352.0625
24.2908;17.9695;0.8523;64.6333;871352.6875
24.3618;17.8985;0.8523;64.7043;871353.3125
24.3618;17.8274;0.0000;64.7043;871354.0000
24.4328;17.7564;0.0000;64.6333;871354.6250
24.5038;17.6854;0.0000;64.6333;871355.2500
24.5038;17.6144;0.0000;64.6333;871355.8750
24.5749;17.4723;0.0000;64.8464;871356.5000
24.6459;17.4013;0.0000;64.4913;871357.1875
24.7169;17.3302;0.0000;64.4913;871357.8125
24.7879;17.2592;0.0000;64.6333;871358.4375
24.7879;17.1882;0.0000;64.4913;871359.0625
24.8590;17.0461;0.0000;64.7043;871359.7500
24.9300;16.9751;0.0000;64.5623;871360.3750
25.0010;16.9041;0.0000;64.5623;871361.0000
25.0720;16.7620;0.0000;64.4913;871361.6250
25.2141;16.6910;0.0000;64.5623;871362.3125
25.2851;16.6200;0.0000;64.5623;871362.9375
25.3561;16.5490;0.0000;64.5623;871363.5625
25.4272;16.4779;0.0000;64.8464;871364.1875
25.4982;16.3359;0.0000;64.5623;871364.8125
25.5692;16.2649;0.0000;64.7043;871365.5000
25.6402;16.1938;0.0000;64.5623;871366.1250
25.7113;16.1228;0.0000;64.4913;871366.7500
25.7113;16.0518;0.0000;64.4913;871367.3750
25.7823;15.9808;0.0000;64.4913;871368.0625
25.8533;15.9097;0.0000;64.4913;871368.6875
25.9243;15.8387;0.0000;64.5623;871369.3125
25.9954;15.7677;0.0000;64.4913;871369.9375
26.0664;15.6967;0.0000;64.4913;871370.5625
26.0664;15.6967;0.0000;64.4913;871371.2500
26.1374;15.6256;0.0000;64.4913;871371.8750
26.2085;15.5546;0.0000;64.7043;871372.5000
26.2795;15.4836;0.0000;64.7043;871373.1250
26.2795;15.4836;0.0000;64.4913;871373.8125
26.3505;15.4126;0.0000;64.4913;871374.4375
26.4215;15.4126;0.0000;64.4913;871375.0625
26.4215;15.3415;0.0000;64.4913;871375.6875
26.4926;15.3415;0.0000;64.5623;871376.3750
26.4926;15.2705;0.0000;64.5623;871377.0000
26.5636;15.2705;0.0000;64.0651;871377.6250
26.5636;15.1995;0.0000;64.6333;871378.2500
26.6346;15.1995;0.0000;64.5623;871378.8750
26.7056;15.1285;0.0000;64.1361;871379.5625
26.7056;15.0574;0.0000;64.7043;871380.1875
26.7767;15.0574;0.0000;64.7043;871380.8125
26.7767;14.9864;0.0000;64.7043;871381.4375
26.8477;14.9864;0.0000;64.7754;871382.1250
26.8477;14.9154;0.0000;64.7043;871382.7500
26.9187;14.9154;0.0000;64.7754;871383.3750
26.9897;14.9154;0.0000;64.8464;871384.0000
26.9897;14.8444;0.0000;64.7043;871384.6875
27.0608;14.8444;0.0000;64.7754;871385.3125
27.0608;14.7733;0.0000;65.1305;871385.9375
27.1318;14.7733;0.0000;65.1305;871386.5625
27.2028;14.7023;0.0000;65.2015;871387.1875
27.2028;14.7023;0.0000;64.9884;871387.8750
27.2028;14.7023;0.0000;65.1305;871388.5000
27.2738;14.7023;0.0000;65.6277;871389.1250
27.2738;14.6313;0.0000;65.4856;871389.8125
27.2738;14.6313;0.8523;65.6277;871390.5000
27.2738;14.6313;0.0000;65.7697;871391.1250
27.2738;14.6313;0.0000;65.7697;871391.7500
27.2738;14.6313;0.0000;65.6987;871392.3750
27.3449;14.6313;0.0000;65.6277;871393.0625
27.3449;14.6313;0.8523;66.0538;871393.6875
27.4159;14.5603;0.0000;65.7697;871394.3125
27.4159;14.5603;0.8523;66.1959;871394.9375
27.4869;14.4892;0.0000;66.2669;871395.6250
27.4869;14.4892;0.0000;65.9828;871396.2500
27.5579;14.4892;0.0000;66.4089;871396.8750
27.5579;14.4182;0.0000;66.1959;871397.5000
27.6290;14.4182;0.0000;65.7697;871398.1250
27.6290;14.4182;0.0000;66.4800;871398.8125
27.6290;14.4182;0.0000;66.5510;871399.4375
27.6290;14.4182;0.8523;66.4800;871400.0625
27.6290;14.4182;0.0000;66.4089;871400.6875
27.6290;14.4182;0.8523;65.8407;871401.3750
27.7000;14.4182;0.0000;63.6389;871402.0000
27.7000;14.4182;0.0000;61.1530;871402.6250
27.7000;14.4892;0.0000;57.1046;871403.2500
27.7710;14.6313;0.0000;50.6413;871403.8750
27.7710;14.7023;0.8523;35.1577;871404.5625
