226.0000;192.0000;0.0000;350.0000;12260295.0000
227.0000;190.0000;0.0000;341.0000;12260303.0000
228.0000;189.0000;0.0000;344.0000;12260312.0000
228.0000;189.0000;0.0000;355.0000;12260322.0000
229.0000;188.0000;0.0000;354.0000;12260330.0000
230.0000;188.0000;0.0000;353.0000;12260340.0000
231.0000;187.0000;0.0000;350.0000;12260349.0000
233.0000;187.0000;0.0000;332.0000;12260358.0000
235.0000;186.0000;0.0000;273.0000;12260367.0000
237.0000;186.0000;0.0000;129.0000;12260376.0000
210.0000;207.0000;0.0000;15.0000;12261122.0000
210.0000;206.0000;0.0000;54.0000;12261132.0000
209.0000;206.0000;0.0000;78.0000;12261140.0000
209.0000;206.0000;0.0000;94.0000;12261150.0000
209.0000;206.0000;0.0000;111.0000;12261159.0000
208.0000;206.0000;0.0000;140.0000;12261167.0000
208.0000;205.0000;0.0000;162.0000;12261177.0000
207.0000;205.0000;0.0000;188.0000;12261186.0000
207.0000;205.0000;12.0000;204.0000;12261194.0000
206.0000;205.0000;0.0000;218.0000;12261204.0000
206.0000;205.0000;0.0000;226.0000;12261213.0000
206.0000;205.0000;12.0000;231.0000;12261222.0000
205.0000;204.0000;0.0000;242.0000;12261231.0000
205.0000;204.0000;0.0000;245.0000;12261240.0000
205.0000;204.0000;0.0000;250.0000;12261248.0000
205.0000;203.0000;0.0000;251.0000;12261258.0000
205.0000;203.0000;0.0000;253.0000;12261266.0000
205.0000;203.0000;0.0000;254.0000;12261276.0000
205.0000;203.0000;0.0000;256.0000;12261285.0000
205.0000;203.0000;12.0000;259.0000;12261293.0000
205.0000;203.0000;0.0000;267.0000;12261302.0000
205.0000;203.0000;0.0000;275.0000;12261312.0000
205.0000;203.0000;0.0000;288.0000;12261320.0000
205.0000;203.0000;0.0000;298.0000;12261330.0000
205.0000;203.0000;0.0000;311.0000;12261339.0000
204.0000;203.0000;0.0000;320.0000;12261347.0000
204.0000;203.0000;12.0000;334.0000;12261357.0000
204.0000;203.0000;0.0000;354.0000;12261366.0000
204.0000;203.0000;0.0000;371.0000;12261374.0000
204.0000;203.0000;0.0000;387.0000;12261384.0000
204.0000;203.0000;12.0000;407.0000;12261393.0000
204.0000;203.0000;0.0000;424.0000;12261402.0000
204.0000;203.0000;0.0000;436.0000;12261411.0000
204.0000;203.0000;0.0000;449.0000;12261419.0000
204.0000;202.0000;0.0000;462.0000;12261428.0000
204.0000;202.0000;0.0000;468.0000;12261438.0000
204.0000;202.0000;0.0000;478.0000;12261446.0000
204.0000;202.0000;0.0000;489.0000;12261456.0000
204.0000;202.0000;0.0000;501.0000;12261465.0000
204.0000;202.0000;0.0000;514.0000;12261473.0000
204.0000;202.0000;0.0000;528.0000;12261483.0000
204.0000;202.0000;0.0000;534.0000;12261492.0000
204.0000;202.0000;12.0000;541.0000;12261500.0000
204.0000;202.0000;0.0000;548.0000;12261510.0000
204.0000;202.0000;0.0000;557.0000;12261519.0000
204.0000;202.0000;0.0000;568.0000;12261528.0000
204.0000;202.0000;0.0000;577.0000;12261537.0000
204.0000;202.0000;0.0000;588.0000;12261545.0000
204.0000;202.0000;0.0000;605.0000;12261554.0000
204.0000;202.0000;0.0000;618.0000;12261564.0000
204.0000;201.0000;0.0000;630.0000;12261572.0000
203.0000;201.0000;0.0000;632.0000;12261582.0000
203.0000;201.0000;0.0000;653.0000;12261591.0000
203.0000;201.0000;0.0000;662.0000;12261599.0000
203.0000;201.0000;12.0000;663.0000;12261609.0000
203.0000;201.0000;0.0000;675.0000;12261618.0000
203.0000;201.0000;0.0000;678.0000;12261626.0000
203.0000;201.0000;12.0000;680.0000;12261636.0000
203.0000;201.0000;0.0000;678.0000;12261645.0000
203.0000;201.0000;12.0000;677.0000;12261654.0000
203.0000;201.0000;0.0000;677.0000;12261663.0000
203.0000;201.0000;0.0000;676.0000;12261672.0000
203.0000;201.0000;0.0000;675.0000;12261680.0000
203.0000;201.0000;0.0000;676.0000;12261690.0000
203.0000;201.0000;0.0000;671.0000;12261698.0000
203.0000;201.0000;0.0000;669.0000;12261708.0000
204.0000;201.0000;0.0000;669.0000;12261717.0000
204.0000;201.0000;0.0000;669.0000;12261725.0000
204.0000;201.0000;0.0000;669.0000;12261734.0000
205.0000;201.0000;0.0000;664.0000;12261744.0000
205.0000;201.0000;0.0000;671.0000;12261752.0000
205.0000;201.0000;12.0000;675.0000;12261762.0000
206.0000;201.0000;12.0000;671.0000;12261771.0000
206.0000;201.0000;0.0000;664.0000;12261779.0000
207.0000;201.0000;0.0000;672.0000;12261789.0000
207.0000;201.0000;0.0000;672.0000;12261798.0000
208.0000;201.0000;0.0000;672.0000;12261806.0000
208.0000;201.0000;0.0000;666.0000;12261816.0000
209.0000;201.0000;0.0000;672.0000;12261824.0000
210.0000;201.0000;0.0000;673.0000;12261834.0000
212.0000;201.0000;0.0000;672.0000;12261843.0000
213.0000;201.0000;0.0000;672.0000;12261851.0000
214.0000;201.0000;0.0000;663.0000;12261860.0000
215.0000;201.0000;0.0000;676.0000;12261870.0000
216.0000;200.0000;0.0000;676.0000;12261878.0000
218.0000;200.0000;0.0000;677.0000;12261888.0000
219.0000;200.0000;0.0000;682.0000;12261897.0000
220.0000;200.0000;0.0000;674.0000;12261905.0000
221.0000;199.0000;0.0000;681.0000;12261915.0000
222.0000;199.0000;0.0000;682.0000;12261924.0000
223.0000;198.0000;0.0000;682.0000;12261932.0000
224.0000;198.0000;0.0000;684.0000;12261942.0000
225.0000;198.0000;0.0000;690.0000;12261951.0000
225.0000;197.0000;0.0000;684.0000;12261960.0000
226.0000;197.0000;0.0000;687.0000;12261969.0000
227.0000;197.0000;0.0000;689.0000;12261977.0000
227.0000;196.0000;0.0000;690.0000;12261986.0000
228.0000;195.0000;0.0000;693.0000;12261996.0000
229.0000;194.0000;0.0000;693.0000;12262004.0000
230.0000;194.0000;0.0000;693.0000;12262014.0000
230.0000;193.0000;0.0000;695.0000;12262023.0000
231.0000;192.0000;0.0000;695.0000;12262031.0000
232.0000;191.0000;0.0000;696.0000;12262041.0000
233.0000;190.0000;0.0000;699.0000;12262050.0000
233.0000;190.0000;0.0000;701.9999;12262058.0000
233.0000;189.0000;0.0000;702.9999;12262068.0000
234.0000;188.0000;0.0000;704.0000;12262077.0000
234.0000;187.0000;0.0000;704.0000;12262086.0000
234.0000;187.0000;0.0000;706.0000;12262095.0000
234.0000;186.0000;0.0000;706.0000;12262104.0000
235.0000;185.0000;0.0000;710.9999;12262112.0000
235.0000;185.0000;0.0000;708.0000;12262122.0000
235.0000;184.0000;0.0000;708.0000;12262130.0000
235.0000;183.0000;0.0000;711.9999;12262140.0000
235.0000;183.0000;0.0000;710.9999;12262149.0000
235.0000;182.0000;0.0000;714.0000;12262157.0000
235.0000;181.0000;0.0000;716.0000;12262166.0000
235.0000;180.0000;0.0000;718.0000;12262176.0000
235.0000;180.0000;0.0000;718.0000;12262184.0000
235.0000;179.0000;0.0000;720.0000;12262194.0000
235.0000;178.0000;0.0000;724.0000;12262203.0000
235.0000;178.0000;0.0000;724.0000;12262211.0000
235.0000;177.0000;0.0000;729.0000;12262221.0000
235.0000;176.0000;0.0000;726.0000;12262230.0000
235.0000;175.0000;0.0000;727.0000;12262240.0000
235.0000;174.0000;0.0000;729.0000;12262249.0000
235.0000;173.0000;0.0000;729.0000;12262258.0000
235.0000;173.0000;0.0000;730.9999;12262267.0000
235.0000;172.0000;0.0000;731.9999;12262276.0000
234.0000;171.0000;0.0000;734.0000;12262284.0000
234.0000;171.0000;0.0000;736.0000;12262294.0000
234.0000;170.0000;0.0000;736.0000;12262302.0000
233.0000;169.0000;0.0000;739.9999;12262312.0000
233.0000;168.0000;0.0000;738.0000;12262321.0000
232.0000;167.0000;0.0000;743.0000;12262329.0000
231.0000;166.0000;0.0000;740.9999;12262338.0000
230.0000;166.0000;0.0000;742.0000;12262348.0000
229.0000;165.0000;0.0000;743.0000;12262356.0000
228.0000;164.0000;0.0000;745.0000;12262366.0000
227.0000;163.0000;0.0000;747.0000;12262375.0000
226.0000;163.0000;0.0000;749.9999;12262383.0000
225.0000;162.0000;0.0000;750.9999;12262393.0000
224.0000;161.0000;0.0000;753.0000;12262402.0000
223.0000;161.0000;0.0000;757.0000;12262410.0000
222.0000;160.0000;0.0000;756.0000;12262420.0000
221.0000;160.0000;0.0000;754.0000;12262428.0000
220.0000;159.0000;0.0000;756.0000;12262438.0000
219.0000;158.0000;0.0000;756.0000;12262447.0000
218.0000;158.0000;0.0000;756.0000;12262455.0000
217.0000;157.0000;0.0000;759.9999;12262464.0000
216.0000;157.0000;12.0000;757.0000;12262474.0000
214.0000;156.0000;0.0000;757.0000;12262482.0000
213.0000;156.0000;0.0000;761.0000;12262492.0000
211.0000;155.0000;12.0000;757.0000;12262501.0000
210.0000;155.0000;0.0000;757.0000;12262509.0000
208.0000;154.0000;0.0000;757.0000;12262519.0000
207.0000;154.0000;0.0000;757.0000;12262528.0000
205.0000;154.0000;0.0000;757.0000;12262536.0000
203.0000;153.0000;0.0000;758.9999;12262546.0000
202.0000;153.0000;0.0000;758.9999;12262555.0000
200.0000;153.0000;0.0000;758.9999;12262564.0000
199.0000;152.0000;0.0000;758.9999;12262573.0000
198.0000;152.0000;0.0000;758.9999;12262581.0000
196.0000;152.0000;0.0000;759.9999;12262590.0000
195.0000;151.0000;0.0000;759.9999;12262600.0000
194.0000;151.0000;0.0000;759.9999;12262608.0000
192.0000;151.0000;0.0000;758.9999;12262618.0000
191.0000;150.0000;0.0000;759.9999;12262627.0000
189.0000;150.0000;12.0000;759.9999;12262635.0000
188.0000;150.0000;0.0000;759.9999;12262645.0000
186.0000;150.0000;12.0000;759.9999;12262654.0000
185.0000;150.0000;0.0000;763.0000;12262662.0000
183.0000;150.0000;0.0000;765.0000;12262672.0000
182.0000;150.0000;0.0000;761.0000;12262681.0000
180.0000;150.0000;0.0000;761.0000;12262690.0000
179.0000;149.0000;0.0000;761.0000;12262699.0000
177.0000;149.0000;0.0000;759.9999;12262708.0000
176.0000;149.0000;0.0000;761.0000;12262716.0000
175.0000;149.0000;0.0000;762.0000;12262726.0000
173.0000;149.0000;0.0000;761.0000;12262734.0000
172.0000;150.0000;0.0000;759.9999;12262744.0000
170.0000;150.0000;0.0000;759.9999;12262753.0000
169.0000;150.0000;0.0000;759.9999;12262761.0000
168.0000;150.0000;0.0000;759.9999;12262770.0000
167.0000;151.0000;0.0000;759.9999;12262780.0000
166.0000;151.0000;0.0000;759.9999;12262788.0000
165.0000;151.0000;0.0000;759.9999;12262798.0000
164.0000;151.0000;0.0000;759.9999;12262807.0000
162.0000;152.0000;0.0000;757.0000;12262816.0000
161.0000;152.0000;0.0000;758.9999;12262825.0000
160.0000;153.0000;0.0000;758.9999;12262834.0000
159.0000;154.0000;0.0000;757.0000;12262842.0000
157.0000;154.0000;0.0000;757.0000;12262852.0000
156.0000;155.0000;0.0000;756.0000;12262860.0000
154.0000;156.0000;0.0000;761.0000;12262870.0000
153.0000;157.0000;0.0000;756.0000;12262879.0000
152.0000;158.0000;0.0000;756.0000;12262887.0000
150.0000;159.0000;0.0000;757.0000;12262896.0000
149.0000;160.0000;0.0000;757.0000;12262906.0000
148.0000;161.0000;0.0000;757.0000;12262914.0000
147.0000;161.0000;0.0000;756.0000;12262924.0000
147.0000;162.0000;0.0000;755.0000;12262933.0000
146.0000;163.0000;0.0000;755.0000;12262941.0000
145.0000;164.0000;0.0000;758.9999;12262951.0000
144.0000;165.0000;0.0000;757.0000;12262960.0000
144.0000;167.0000;0.0000;754.0000;12262968.0000
143.0000;168.0000;0.0000;756.0000;12262978.0000
143.0000;169.0000;0.0000;753.0000;12262987.0000
142.0000;170.0000;0.0000;754.0000;12262996.0000
142.0000;172.0000;0.0000;756.0000;12263005.0000
141.0000;173.0000;0.0000;757.0000;12263013.0000
140.0000;174.0000;0.0000;752.0000;12263022.0000
140.0000;175.0000;0.0000;754.0000;12263032.0000
139.0000;177.0000;0.0000;757.0000;12263040.0000
139.0000;178.0000;0.0000;754.0000;12263050.0000
138.0000;180.0000;0.0000;753.0000;12263059.0000
138.0000;181.0000;0.0000;753.0000;12263067.0000
137.0000;183.0000;0.0000;752.0000;12263077.0000
137.0000;184.0000;0.0000;754.0000;12263086.0000
137.0000;185.0000;0.0000;756.0000;12263094.0000
137.0000;187.0000;0.0000;752.0000;12263104.0000
137.0000;188.0000;0.0000;752.0000;12263113.0000
136.0000;189.0000;0.0000;753.0000;12263122.0000
136.0000;191.0000;0.0000;757.0000;12263131.0000
136.0000;192.0000;0.0000;753.0000;12263140.0000
136.0000;193.0000;0.0000;754.0000;12263148.0000
136.0000;195.0000;0.0000;753.0000;12263158.0000
136.0000;196.0000;0.0000;754.0000;12263166.0000
136.0000;198.0000;0.0000;752.0000;12263176.0000
136.0000;199.0000;0.0000;752.0000;12263185.0000
136.0000;201.0000;12.0000;752.0000;12263193.0000
136.0000;202.0000;0.0000;754.0000;12263202.0000
136.0000;203.0000;12.0000;748.0000;12263212.0000
136.0000;204.0000;0.0000;747.0000;12263220.0000
137.0000;206.0000;0.0000;739.0000;12263230.0000
137.0000;207.0000;0.0000;750.9999;12263239.0000
137.0000;209.0000;0.0000;746.0000;12263248.0000
137.0000;210.0000;0.0000;745.0000;12263257.0000
138.0000;211.0000;0.0000;739.9999;12263266.0000
138.0000;213.0000;0.0000;748.0000;12263274.0000
138.0000;214.0000;0.0000;747.0000;12263284.0000
138.0000;216.0000;0.0000;748.0000;12263292.0000
138.0000;217.0000;0.0000;748.0000;12263302.0000
138.0000;219.0000;0.0000;748.9999;12263311.0000
139.0000;221.0000;0.0000;748.0000;12263319.0000
139.0000;222.0000;0.0000;750.9999;12263328.0000
139.0000;224.0000;0.0000;748.0000;12263338.0000
140.0000;226.0000;0.0000;749.9999;12263346.0000
140.0000;227.0000;0.0000;750.9999;12263356.0000
141.0000;229.0000;0.0000;749.9999;12263365.0000
141.0000;230.0000;0.0000;750.9999;12263373.0000
142.0000;232.0000;0.0000;753.0000;12263383.0000
142.0000;233.0000;0.0000;749.9999;12263392.0000
143.0000;234.0000;0.0000;750.9999;12263400.0000
144.0000;236.0000;12.0000;754.0000;12263410.0000
144.0000;237.0000;0.0000;750.9999;12263419.0000
145.0000;239.0000;12.0000;753.0000;12263428.0000
146.0000;241.0000;0.0000;756.0000;12263437.0000
146.0000;242.0000;12.0000;753.0000;12263445.0000
147.0000;244.0000;0.0000;754.0000;12263454.0000
148.0000;245.0000;12.0000;755.0000;12263464.0000
148.0000;247.0000;0.0000;754.0000;12263472.0000
149.0000;249.0000;0.0000;755.0000;12263482.0000
150.0000;250.0000;0.0000;756.0000;12263491.0000
151.0000;252.0000;0.0000;757.0000;12263499.0000
152.0000;253.0000;0.0000;761.0000;12263509.0000
153.0000;255.0000;0.0000;758.9999;12263518.0000
154.0000;256.0000;0.0000;758.9999;12263528.0000
155.0000;258.0000;0.0000;758.9999;12263537.0000
156.0000;259.0000;0.0000;758.9999;12263545.0000
157.0000;260.0000;0.0000;758.9999;12263555.0000
158.0000;262.0000;0.0000;759.9999;12263564.0000
159.0000;263.0000;0.0000;759.9999;12263572.0000
160.0000;265.0000;0.0000;759.9999;12263582.0000
161.0000;266.0000;0.0000;759.9999;12263591.0000
162.0000;268.0000;0.0000;761.0000;12263600.0000
164.0000;269.0000;0.0000;767.0000;12263609.0000
165.0000;270.0000;0.0000;763.0000;12263617.0000
166.0000;271.0000;0.0000;763.0000;12263626.0000
167.0000;272.0000;12.0000;764.0000;12263636.0000
169.0000;273.0000;0.0000;769.9999;12263644.0000
170.0000;274.0000;0.0000;767.0000;12263654.0000
172.0000;275.0000;0.0000;773.0000;12263663.0000
173.0000;276.0000;0.0000;773.0000;12263671.0000
175.0000;277.0000;0.0000;769.9999;12263681.0000
176.0000;277.0000;0.0000;769.9999;12263690.0000
178.0000;278.0000;0.0000;773.0000;12263698.0000
179.0000;278.0000;0.0000;773.0000;12263708.0000
181.0000;279.0000;12.0000;773.0000;12263717.0000
183.0000;279.0000;0.0000;774.0000;12263726.0000
185.0000;279.0000;0.0000;776.0000;12263735.0000
187.0000;279.0000;0.0000;780.0000;12263744.0000
189.0000;280.0000;0.0000;776.0000;12263752.0000
191.0000;280.0000;0.0000;777.9999;12263762.0000
192.0000;280.0000;0.0000;782.0000;12263770.0000
194.0000;280.0000;0.0000;783.0000;12263780.0000
196.0000;280.0000;0.0000;778.9999;12263789.0000
197.0000;280.0000;0.0000;783.0000;12263797.0000
199.0000;280.0000;0.0000;780.0000;12263806.0000
201.0000;280.0000;0.0000;781.0000;12263816.0000
203.0000;280.0000;0.0000;782.0000;12263824.0000
205.0000;281.0000;0.0000;781.0000;12263834.0000
208.0000;281.0000;0.0000;782.0000;12263843.0000
210.0000;281.0000;0.0000;781.0000;12263852.0000
212.0000;281.0000;12.0000;782.0000;12263861.0000
214.0000;281.0000;0.0000;782.0000;12263870.0000
216.0000;281.0000;0.0000;784.0000;12263878.0000
218.0000;281.0000;0.0000;783.0000;12263888.0000
220.0000;281.0000;0.0000;785.0000;12263896.0000
222.0000;281.0000;0.0000;787.9999;12263906.0000
224.0000;281.0000;0.0000;785.0000;12263915.0000
226.0000;281.0000;0.0000;785.0000;12263923.0000
228.0000;281.0000;0.0000;785.0000;12263932.0000
229.0000;281.0000;0.0000;786.0000;12263942.0000
231.0000;281.0000;0.0000;787.0000;12263950.0000
234.0000;281.0000;0.0000;787.9999;12263960.0000
236.0000;280.0000;0.0000;787.9999;12263969.0000
238.0000;280.0000;0.0000;787.0000;12263977.0000
239.0000;280.0000;0.0000;792.0000;12263987.0000
241.0000;279.0000;0.0000;787.9999;12263996.0000
242.0000;279.0000;0.0000;792.0000;12264004.0000
244.0000;279.0000;0.0000;792.0000;12264014.0000
245.0000;279.0000;0.0000;794.0000;12264023.0000
246.0000;279.0000;0.0000;792.0000;12264032.0000
247.0000;278.0000;0.0000;796.0000;12264041.0000
248.0000;278.0000;0.0000;794.0000;12264049.0000
249.0000;277.0000;0.0000;796.9999;12264058.0000
251.0000;277.0000;0.0000;797.9999;12264068.0000
252.0000;276.0000;0.0000;798.9999;12264076.0000
254.0000;276.0000;0.0000;801.0000;12264086.0000
255.0000;275.0000;0.0000;806.0000;12264095.0000
256.0000;274.0000;0.0000;803.0000;12264103.0000
258.0000;274.0000;0.0000;805.0000;12264113.0000
259.0000;273.0000;0.0000;806.0000;12264122.0000
260.0000;272.0000;0.0000;807.9999;12264130.0000
261.0000;271.0000;0.0000;809.0000;12264140.0000
263.0000;270.0000;0.0000;809.0000;12264149.0000
264.0000;269.0000;0.0000;811.0000;12264158.0000
265.0000;268.0000;0.0000;812.0000;12264167.0000
266.0000;266.0000;0.0000;812.0000;12264175.0000
267.0000;265.0000;0.0000;813.0000;12264184.0000
268.0000;264.0000;0.0000;815.0000;12264194.0000
269.0000;263.0000;0.0000;816.9999;12264202.0000
270.0000;262.0000;0.0000;817.9999;12264212.0000
271.0000;261.0000;0.0000;821.0000;12264221.0000
272.0000;260.0000;12.0000;821.0000;12264229.0000
272.0000;258.0000;0.0000;822.0000;12264238.0000
273.0000;257.0000;0.0000;821.0000;12264248.0000
274.0000;256.0000;12.0000;822.0000;12264256.0000
275.0000;255.0000;0.0000;821.0000;12264266.0000
276.0000;254.0000;0.0000;822.0000;12264275.0000
277.0000;253.0000;0.0000;822.0000;12264284.0000
277.0000;252.0000;12.0000;825.0000;12264293.0000
278.0000;251.0000;0.0000;825.0000;12264302.0000
279.0000;250.0000;0.0000;826.9999;12264310.0000
279.0000;248.0000;0.0000;828.0000;12264320.0000
280.0000;247.0000;0.0000;828.0000;12264328.0000
280.0000;246.0000;0.0000;828.0000;12264338.0000
281.0000;245.0000;0.0000;829.0000;12264347.0000
282.0000;243.0000;0.0000;829.0000;12264355.0000
282.0000;242.0000;0.0000;828.0000;12264364.0000
283.0000;241.0000;0.0000;829.0000;12264374.0000
284.0000;239.0000;0.0000;829.0000;12264382.0000
285.0000;238.0000;0.0000;829.0000;12264392.0000
286.0000;237.0000;0.0000;829.0000;12264401.0000
287.0000;235.0000;0.0000;828.0000;12264409.0000
288.0000;234.0000;0.0000;830.0000;12264419.0000
288.0000;232.0000;0.0000;830.0000;12264428.0000
289.0000;231.0000;0.0000;830.0000;12264436.0000
290.0000;229.0000;0.0000;830.0000;12264446.0000
291.0000;228.0000;0.0000;831.0000;12264455.0000
292.0000;226.0000;0.0000;832.0000;12264464.0000
292.0000;225.0000;0.0000;833.0000;12264473.0000
293.0000;223.0000;0.0000;833.0000;12264481.0000
293.0000;222.0000;0.0000;833.0000;12264490.0000
294.0000;220.0000;0.0000;833.0000;12264500.0000
294.0000;219.0000;0.0000;834.9999;12264508.0000
295.0000;217.0000;0.0000;839.0000;12264518.0000
295.0000;216.0000;0.0000;833.0000;12264527.0000
296.0000;214.0000;0.0000;838.0000;12264535.0000
296.0000;213.0000;0.0000;834.0000;12264545.0000
297.0000;211.0000;0.0000;835.9999;12264554.0000
297.0000;210.0000;0.0000;836.9999;12264562.0000
298.0000;208.0000;0.0000;838.0000;12264572.0000
298.0000;207.0000;0.0000;839.0000;12264581.0000
298.0000;206.0000;0.0000;840.0000;12264590.0000
298.0000;205.0000;12.0000;839.0000;12264599.0000
299.0000;203.0000;12.0000;841.0000;12264607.0000
299.0000;202.0000;0.0000;841.0000;12264616.0000
299.0000;201.0000;0.0000;842.0000;12264626.0000
299.0000;199.0000;0.0000;826.9999;12264634.0000
299.0000;198.0000;0.0000;855.9999;12264644.0000
299.0000;197.0000;0.0000;853.0000;12264653.0000
299.0000;195.0000;0.0000;853.9999;12264661.0000
299.0000;194.0000;0.0000;855.9999;12264671.0000
299.0000;193.0000;0.0000;859.0000;12264680.0000
299.0000;191.0000;0.0000;860.0000;12264688.0000
298.0000;190.0000;0.0000;860.0000;12264698.0000
298.0000;188.0000;0.0000;862.0000;12264707.0000
298.0000;187.0000;0.0000;863.0000;12264716.0000
297.0000;186.0000;0.0000;863.9999;12264725.0000
297.0000;184.0000;0.0000;870.0000;12264734.0000
297.0000;183.0000;0.0000;865.9999;12264742.0000
296.0000;181.0000;0.0000;869.0000;12264752.0000
296.0000;180.0000;0.0000;872.9999;12264760.0000
295.0000;178.0000;0.0000;869.0000;12264770.0000
295.0000;177.0000;0.0000;873.9999;12264779.0000
294.0000;175.0000;0.0000;874.9999;12264787.0000
293.0000;174.0000;0.0000;872.0000;12264796.0000
292.0000;173.0000;0.0000;872.9999;12264806.0000
292.0000;171.0000;0.0000;873.9999;12264816.0000
291.0000;170.0000;0.0000;874.9999;12264825.0000
289.0000;168.0000;0.0000;874.9999;12264833.0000
288.0000;167.0000;0.0000;879.0000;12264842.0000
287.0000;165.0000;0.0000;877.0000;12264852.0000
286.0000;164.0000;0.0000;878.0000;12264860.0000
284.0000;162.0000;0.0000;882.9999;12264870.0000
283.0000;161.0000;0.0000;883.9999;12264879.0000
281.0000;159.0000;0.0000;881.0000;12264888.0000
280.0000;158.0000;0.0000;881.0000;12264897.0000
279.0000;157.0000;12.0000;881.0000;12264906.0000
277.0000;155.0000;0.0000;881.0000;12264914.0000
276.0000;154.0000;12.0000;881.0000;12264924.0000
275.0000;153.0000;0.0000;882.0000;12264932.0000
273.0000;151.0000;12.0000;881.0000;12264942.0000
272.0000;150.0000;0.0000;882.9999;12264951.0000
270.0000;149.0000;12.0000;882.9999;12264959.0000
268.0000;147.0000;0.0000;887.0000;12264968.0000
267.0000;146.0000;0.0000;882.9999;12264978.0000
265.0000;145.0000;0.0000;887.0000;12264986.0000
263.0000;144.0000;0.0000;883.9999;12264996.0000
261.0000;142.0000;0.0000;883.9999;12265005.0000
260.0000;141.0000;0.0000;884.9999;12265013.0000
258.0000;140.0000;0.0000;886.0000;12265023.0000
256.0000;138.0000;0.0000;887.0000;12265032.0000
254.0000;137.0000;0.0000;887.0000;12265040.0000
253.0000;136.0000;0.0000;888.0000;12265050.0000
251.0000;135.0000;0.0000;887.0000;12265059.0000
249.0000;134.0000;0.0000;889.0000;12265068.0000
248.0000;133.0000;0.0000;889.0000;12265077.0000
246.0000;132.0000;0.0000;887.0000;12265085.0000
244.0000;131.0000;0.0000;889.0000;12265094.0000
243.0000;130.0000;0.0000;891.0000;12265104.0000
241.0000;129.0000;0.0000;887.0000;12265112.0000
239.0000;128.0000;0.0000;889.0000;12265122.0000
237.0000;127.0000;0.0000;888.0000;12265131.0000
235.0000;126.0000;0.0000;888.0000;12265139.0000
233.0000;125.0000;0.0000;892.9999;12265149.0000
231.0000;124.0000;0.0000;889.0000;12265158.0000
229.0000;123.0000;0.0000;891.0000;12265166.0000
228.0000;122.0000;0.0000;889.0000;12265176.0000
226.0000;121.0000;12.0000;889.0000;12265185.0000
224.0000;120.0000;0.0000;891.0000;12265194.0000
222.0000;119.0000;0.0000;891.0000;12265203.0000
220.0000;119.0000;0.0000;891.0000;12265211.0000
219.0000;118.0000;0.0000;892.9999;12265220.0000
217.0000;117.0000;0.0000;891.9999;12265230.0000
215.0000;116.0000;0.0000;892.9999;12265238.0000
214.0000;116.0000;0.0000;891.0000;12265248.0000
212.0000;115.0000;0.0000;892.9999;12265257.0000
210.0000;114.0000;0.0000;891.9999;12265265.0000
208.0000;114.0000;0.0000;892.9999;12265275.0000
206.0000;113.0000;0.0000;891.9999;12265284.0000
204.0000;112.0000;0.0000;891.0000;12265292.0000
203.0000;111.0000;0.0000;892.9999;12265302.0000
201.0000;111.0000;0.0000;892.9999;12265311.0000
199.0000;110.0000;0.0000;892.9999;12265320.0000
197.0000;109.0000;0.0000;891.9999;12265329.0000
195.0000;109.0000;0.0000;891.0000;12265338.0000
193.0000;108.0000;0.0000;891.9999;12265346.0000
191.0000;107.0000;0.0000;884.9999;12265356.0000
189.0000;107.0000;12.0000;891.9999;12265364.0000
187.0000;107.0000;0.0000;891.9999;12265374.0000
184.0000;106.0000;0.0000;891.0000;12265383.0000
182.0000;106.0000;0.0000;891.0000;12265391.0000
180.0000;105.0000;0.0000;891.0000;12265400.0000
177.0000;105.0000;0.0000;891.9999;12265410.0000
175.0000;105.0000;12.0000;891.9999;12265418.0000
173.0000;104.0000;0.0000;891.9999;12265428.0000
171.0000;104.0000;0.0000;891.9999;12265437.0000
168.0000;104.0000;0.0000;891.9999;12265445.0000
166.0000;104.0000;0.0000;891.0000;12265455.0000
163.0000;104.0000;0.0000;891.0000;12265464.0000
161.0000;104.0000;12.0000;891.0000;12265472.0000
159.0000;103.0000;0.0000;891.0000;12265482.0000
156.0000;103.0000;0.0000;891.0000;12265491.0000
154.0000;103.0000;0.0000;891.9999;12265500.0000
152.0000;103.0000;0.0000;891.9999;12265509.0000
150.0000;103.0000;0.0000;892.9999;12265517.0000
148.0000;103.0000;12.0000;891.9999;12265526.0000
146.0000;103.0000;0.0000;891.0000;12265536.0000
143.0000;103.0000;0.0000;891.9999;12265544.0000
141.0000;104.0000;0.0000;892.9999;12265554.0000
139.0000;104.0000;0.0000;891.0000;12265563.0000
136.0000;104.0000;0.0000;891.9999;12265571.0000
134.0000;104.0000;0.0000;891.9999;12265581.0000
131.0000;105.0000;0.0000;891.0000;12265590.0000
129.0000;105.0000;0.0000;891.0000;12265598.0000
126.0000;105.0000;0.0000;891.9999;12265608.0000
124.0000;106.0000;0.0000;891.9999;12265617.0000
122.0000;106.0000;0.0000;892.9999;12265626.0000
119.0000;107.0000;0.0000;891.0000;12265635.0000
117.0000;107.0000;0.0000;891.0000;12265643.0000
115.0000;108.0000;0.0000;892.9999;12265652.0000
112.0000;109.0000;0.0000;891.9999;12265662.0000
110.0000;109.0000;0.0000;891.9999;12265670.0000
108.0000;110.0000;0.0000;895.0000;12265680.0000
105.0000;111.0000;0.0000;892.9999;12265689.0000
103.0000;112.0000;0.0000;892.9999;12265697.0000
101.0000;113.0000;0.0000;893.9999;12265707.0000
99.0000;114.0000;0.0000;895.0000;12265716.0000
97.0000;115.0000;0.0000;892.9999;12265724.0000
96.0000;116.0000;0.0000;893.9999;12265734.0000
94.0000;117.0000;0.0000;896.0000;12265743.0000
92.0000;118.0000;0.0000;899.0000;12265752.0000
90.0000;119.0000;0.0000;895.0000;12265761.0000
88.0000;120.0000;0.0000;899.0000;12265770.0000
86.0000;121.0000;0.0000;895.0000;12265778.0000
85.0000;122.0000;0.0000;896.0000;12265788.0000
83.0000;123.0000;0.0000;896.0000;12265796.0000
81.0000;124.0000;0.0000;896.0000;12265806.0000
80.0000;125.0000;0.0000;893.9999;12265815.0000
78.0000;126.0000;0.0000;896.0000;12265823.0000
77.0000;127.0000;0.0000;896.0000;12265832.0000
76.0000;128.0000;0.0000;895.0000;12265842.0000
75.0000;129.0000;0.0000;895.0000;12265850.0000
73.0000;130.0000;0.0000;896.0000;12265860.0000
72.0000;131.0000;0.0000;895.0000;12265869.0000
71.0000;133.0000;0.0000;893.9999;12265877.0000
71.0000;134.0000;0.0000;892.9999;12265887.0000
70.0000;136.0000;0.0000;895.0000;12265896.0000
69.0000;137.0000;0.0000;895.0000;12265904.0000
68.0000;139.0000;0.0000;895.0000;12265914.0000
67.0000;141.0000;12.0000;895.0000;12265922.0000
66.0000;143.0000;0.0000;893.9999;12265932.0000
65.0000;145.0000;0.0000;895.0000;12265941.0000
65.0000;147.0000;0.0000;896.0000;12265949.0000
64.0000;149.0000;0.0000;895.0000;12265958.0000
63.0000;151.0000;0.0000;895.0000;12265968.0000
63.0000;153.0000;0.0000;896.0000;12265976.0000
62.0000;154.0000;0.0000;893.9999;12265986.0000
61.0000;156.0000;0.0000;895.0000;12265995.0000
60.0000;158.0000;0.0000;896.0000;12266003.0000
59.0000;160.0000;0.0000;896.0000;12266013.0000
59.0000;161.0000;0.0000;896.0000;12266022.0000
58.0000;163.0000;0.0000;896.0000;12266030.0000
57.0000;165.0000;0.0000;900.0000;12266040.0000
56.0000;167.0000;0.0000;895.0000;12266049.0000
55.0000;170.0000;0.0000;896.0000;12266058.0000
54.0000;172.0000;0.0000;895.0000;12266067.0000
53.0000;174.0000;0.0000;896.0000;12266075.0000
53.0000;176.0000;0.0000;893.9999;12266084.0000
52.0000;179.0000;0.0000;893.9999;12266095.0000
51.0000;181.0000;0.0000;893.9999;12266104.0000
50.0000;183.0000;0.0000;893.9999;12266113.0000
50.0000;186.0000;0.0000;892.9999;12266121.0000
49.0000;188.0000;0.0000;892.9999;12266130.0000
48.0000;190.0000;0.0000;891.0000;12266140.0000
48.0000;192.0000;0.0000;891.0000;12266148.0000
48.0000;195.0000;0.0000;891.0000;12266158.0000
47.0000;197.0000;0.0000;889.0000;12266167.0000
47.0000;200.0000;0.0000;886.0000;12266175.0000
47.0000;202.0000;0.0000;891.0000;12266185.0000
47.0000;204.0000;0.0000;886.0000;12266194.0000
46.0000;206.0000;0.0000;880.0000;12266202.0000
46.0000;209.0000;0.0000;879.0000;12266212.0000
46.0000;211.0000;0.0000;878.0000;12266221.0000
46.0000;214.0000;0.0000;878.0000;12266230.0000
46.0000;216.0000;0.0000;877.0000;12266239.0000
47.0000;219.0000;0.0000;877.0000;12266247.0000
47.0000;221.0000;0.0000;876.0000;12266256.0000
47.0000;224.0000;0.0000;876.0000;12266266.0000
48.0000;226.0000;0.0000;877.0000;12266274.0000
48.0000;228.0000;0.0000;876.0000;12266284.0000
49.0000;231.0000;0.0000;874.9999;12266293.0000
49.0000;233.0000;0.0000;877.0000;12266301.0000
50.0000;236.0000;0.0000;876.0000;12266311.0000
51.0000;238.0000;12.0000;874.9999;12266320.0000
52.0000;240.0000;12.0000;876.0000;12266328.0000
52.0000;243.0000;12.0000;874.9999;12266338.0000
53.0000;245.0000;0.0000;876.0000;12266347.0000
54.0000;247.0000;0.0000;877.0000;12266356.0000
55.0000;250.0000;0.0000;874.9999;12266365.0000
56.0000;252.0000;0.0000;874.9999;12266374.0000
57.0000;254.0000;0.0000;874.9999;12266382.0000
58.0000;256.0000;0.0000;874.9999;12266392.0000
58.0000;258.0000;0.0000;876.0000;12266400.0000
59.0000;260.0000;0.0000;876.0000;12266410.0000
60.0000;262.0000;0.0000;876.0000;12266419.0000
61.0000;265.0000;0.0000;874.9999;12266427.0000
62.0000;267.0000;0.0000;876.0000;12266436.0000
62.0000;269.0000;0.0000;874.9999;12266446.0000
63.0000;271.0000;0.0000;876.0000;12266454.0000
64.0000;273.0000;0.0000;874.9999;12266464.0000
65.0000;275.0000;0.0000;874.9999;12266473.0000
66.0000;277.0000;0.0000;876.0000;12266481.0000
67.0000;279.0000;0.0000;876.0000;12266491.0000
68.0000;281.0000;12.0000;874.9999;12266500.0000
69.0000;282.0000;0.0000;880.0000;12266508.0000
70.0000;284.0000;0.0000;874.9999;12266518.0000
71.0000;286.0000;12.0000;876.0000;12266526.0000
72.0000;288.0000;0.0000;876.0000;12266536.0000
73.0000;290.0000;0.0000;876.0000;12266545.0000
75.0000;292.0000;0.0000;876.0000;12266553.0000
76.0000;293.0000;0.0000;876.0000;12266562.0000
77.0000;295.0000;12.0000;874.9999;12266572.0000
79.0000;296.0000;0.0000;876.0000;12266580.0000
80.0000;298.0000;0.0000;880.0000;12266590.0000
82.0000;299.0000;0.0000;877.0000;12266599.0000
83.0000;301.0000;0.0000;880.0000;12266607.0000
85.0000;302.0000;0.0000;876.0000;12266617.0000
87.0000;303.0000;0.0000;876.0000;12266626.0000
88.0000;304.0000;0.0000;877.0000;12266634.0000
90.0000;305.0000;0.0000;876.0000;12266644.0000
91.0000;307.0000;0.0000;876.0000;12266653.0000
93.0000;308.0000;0.0000;877.0000;12266662.0000
94.0000;309.0000;0.0000;876.0000;12266671.0000
96.0000;311.0000;0.0000;878.0000;12266679.0000
97.0000;312.0000;0.0000;877.0000;12266688.0000
99.0000;314.0000;0.0000;877.0000;12266698.0000
100.0000;315.0000;0.0000;874.9999;12266706.0000
101.0000;316.0000;0.0000;877.0000;12266716.0000
103.0000;318.0000;0.0000;877.0000;12266725.0000
104.0000;319.0000;0.0000;878.0000;12266733.0000
106.0000;320.0000;12.0000;871.0000;12266743.0000
107.0000;321.0000;0.0000;878.0000;12266752.0000
109.0000;322.0000;0.0000;877.0000;12266760.0000
110.0000;323.0000;0.0000;882.0000;12266770.0000
112.0000;323.0000;0.0000;878.0000;12266779.0000
113.0000;324.0000;0.0000;878.0000;12266788.0000
115.0000;326.0000;0.0000;871.0000;12266797.0000
116.0000;327.0000;0.0000;878.0000;12266806.0000
118.0000;328.0000;12.0000;878.0000;12266814.0000
120.0000;329.0000;0.0000;878.0000;12266824.0000
121.0000;330.0000;0.0000;878.0000;12266832.0000
123.0000;331.0000;0.0000;878.0000;12266842.0000
125.0000;331.0000;0.0000;880.0000;12266851.0000
126.0000;332.0000;0.0000;878.0000;12266859.0000
128.0000;333.0000;0.0000;879.0000;12266868.0000
130.0000;334.0000;12.0000;878.0000;12266878.0000
132.0000;335.0000;0.0000;878.0000;12266886.0000
134.0000;335.0000;0.0000;878.0000;12266896.0000
136.0000;336.0000;0.0000;879.0000;12266905.0000
138.0000;337.0000;0.0000;883.9999;12266913.0000
140.0000;338.0000;12.0000;878.0000;12266923.0000
142.0000;338.0000;0.0000;879.0000;12266932.0000
144.0000;339.0000;0.0000;880.0000;12266940.0000
146.0000;339.0000;0.0000;879.0000;12266950.0000
149.0000;340.0000;0.0000;880.0000;12266958.0000
151.0000;341.0000;0.0000;880.0000;12266968.0000
153.0000;341.0000;0.0000;879.0000;12266977.0000
155.0000;342.0000;12.0000;879.0000;12266985.0000
157.0000;343.0000;0.0000;880.0000;12266994.0000
159.0000;344.0000;12.0000;881.0000;12267004.0000
162.0000;344.0000;0.0000;880.0000;12267012.0000
164.0000;345.0000;0.0000;880.0000;12267022.0000
166.0000;346.0000;12.0000;881.0000;12267031.0000
168.0000;346.0000;0.0000;880.0000;12267039.0000
170.0000;347.0000;0.0000;881.0000;12267049.0000
173.0000;347.0000;0.0000;881.0000;12267058.0000
175.0000;348.0000;0.0000;882.0000;12267066.0000
177.0000;348.0000;0.0000;882.0000;12267076.0000
180.0000;348.0000;0.0000;882.9999;12267085.0000
182.0000;348.0000;0.0000;882.9999;12267094.0000
184.0000;348.0000;0.0000;882.0000;12267103.0000
186.0000;348.0000;0.0000;882.0000;12267111.0000
188.0000;348.0000;0.0000;883.9999;12267120.0000
190.0000;348.0000;0.0000;882.0000;12267130.0000
192.0000;348.0000;0.0000;882.9999;12267138.0000
194.0000;348.0000;0.0000;882.0000;12267148.0000
196.0000;348.0000;0.0000;883.9999;12267157.0000
198.0000;348.0000;0.0000;883.9999;12267165.0000
200.0000;348.0000;0.0000;882.9999;12267175.0000
202.0000;348.0000;0.0000;882.9999;12267184.0000
204.0000;348.0000;0.0000;883.9999;12267192.0000
206.0000;348.0000;0.0000;883.9999;12267202.0000
208.0000;348.0000;0.0000;883.9999;12267211.0000
210.0000;348.0000;0.0000;884.9999;12267220.0000
211.0000;348.0000;0.0000;884.9999;12267229.0000
213.0000;347.0000;0.0000;878.0000;12267238.0000
215.0000;347.0000;0.0000;884.9999;12267246.0000
217.0000;347.0000;0.0000;886.0000;12267256.0000
219.0000;347.0000;0.0000;884.9999;12267264.0000
221.0000;346.0000;0.0000;878.0000;12267274.0000
222.0000;346.0000;0.0000;887.0000;12267283.0000
224.0000;346.0000;0.0000;887.0000;12267291.0000
225.0000;345.0000;0.0000;887.0000;12267300.0000
227.0000;345.0000;0.0000;891.9999;12267310.0000
229.0000;345.0000;0.0000;888.0000;12267318.0000
231.0000;344.0000;0.0000;888.0000;12267328.0000
233.0000;344.0000;0.0000;887.0000;12267337.0000
234.0000;343.0000;0.0000;887.0000;12267346.0000
236.0000;343.0000;0.0000;887.0000;12267355.0000
238.0000;343.0000;0.0000;888.0000;12267364.0000
239.0000;342.0000;0.0000;891.0000;12267372.0000
241.0000;342.0000;0.0000;889.0000;12267383.0000
242.0000;341.0000;0.0000;891.0000;12267392.0000
244.0000;341.0000;0.0000;889.0000;12267401.0000
245.0000;340.0000;0.0000;891.0000;12267410.0000
247.0000;340.0000;0.0000;891.0000;12267418.0000
248.0000;339.0000;0.0000;891.0000;12267428.0000
250.0000;338.0000;0.0000;891.0000;12267436.0000
252.0000;338.0000;0.0000;891.0000;12267446.0000
253.0000;337.0000;0.0000;891.0000;12267455.0000
255.0000;337.0000;0.0000;891.0000;12267463.0000
257.0000;336.0000;0.0000;891.0000;12267472.0000
258.0000;335.0000;0.0000;891.0000;12267482.0000
260.0000;335.0000;0.0000;891.9999;12267490.0000
262.0000;334.0000;0.0000;891.9999;12267500.0000
264.0000;333.0000;0.0000;891.0000;12267509.0000
266.0000;333.0000;0.0000;891.0000;12267517.0000
267.0000;332.0000;0.0000;891.0000;12267527.0000
269.0000;331.0000;0.0000;895.0000;12267536.0000
271.0000;331.0000;0.0000;896.0000;12267544.0000
272.0000;330.0000;0.0000;891.9999;12267554.0000
274.0000;329.0000;0.0000;892.9999;12267562.0000
275.0000;328.0000;0.0000;891.9999;12267572.0000
277.0000;327.0000;0.0000;892.9999;12267581.0000
279.0000;326.0000;0.0000;895.0000;12267589.0000
280.0000;325.0000;0.0000;895.0000;12267598.0000
283.0000;324.0000;0.0000;895.0000;12267608.0000
284.0000;323.0000;0.0000;895.0000;12267616.0000
286.0000;322.0000;0.0000;900.0000;12267626.0000
288.0000;321.0000;0.0000;889.0000;12267635.0000
289.0000;320.0000;0.0000;897.0000;12267643.0000
291.0000;318.0000;0.0000;896.0000;12267653.0000
292.0000;317.0000;12.0000;896.0000;12267662.0000
294.0000;316.0000;0.0000;896.0000;12267670.0000
295.0000;315.0000;12.0000;897.0000;12267680.0000
297.0000;314.0000;0.0000;896.0000;12267689.0000
298.0000;313.0000;0.0000;901.0000;12267698.0000
299.0000;312.0000;12.0000;899.0000;12267707.0000
301.0000;311.0000;0.0000;897.0000;12267715.0000
302.0000;310.0000;0.0000;897.0000;12267724.0000
303.0000;309.0000;0.0000;900.0000;12267734.0000
304.0000;308.0000;0.0000;899.0000;12267742.0000
305.0000;307.0000;0.0000;900.0000;12267752.0000
306.0000;306.0000;0.0000;901.9999;12267761.0000
307.0000;305.0000;0.0000;902.9999;12267769.0000
308.0000;303.0000;0.0000;902.9999;12267779.0000
309.0000;302.0000;0.0000;905.0000;12267788.0000
310.0000;301.0000;12.0000;902.9999;12267796.0000
311.0000;300.0000;0.0000;905.0000;12267806.0000
312.0000;299.0000;0.0000;905.0000;12267815.0000
312.0000;297.0000;0.0000;903.9999;12267824.0000
313.0000;296.0000;0.0000;902.9999;12267833.0000
314.0000;295.0000;0.0000;903.9999;12267842.0000
315.0000;294.0000;0.0000;903.9999;12267850.0000
316.0000;293.0000;0.0000;908.0000;12267860.0000
317.0000;291.0000;0.0000;903.9999;12267868.0000
318.0000;290.0000;0.0000;905.0000;12267878.0000
319.0000;289.0000;0.0000;905.0000;12267887.0000
320.0000;288.0000;0.0000;903.9999;12267895.0000
321.0000;286.0000;0.0000;902.9999;12267904.0000
322.0000;285.0000;0.0000;905.0000;12267914.0000
323.0000;284.0000;0.0000;902.9999;12267922.0000
324.0000;282.0000;0.0000;903.9999;12267932.0000
325.0000;281.0000;0.0000;905.0000;12267941.0000
326.0000;280.0000;0.0000;910.9999;12267950.0000
327.0000;278.0000;0.0000;908.0000;12267959.0000
328.0000;277.0000;0.0000;909.0000;12267968.0000
328.0000;276.0000;0.0000;910.9999;12267976.0000
329.0000;275.0000;0.0000;910.9999;12267986.0000
330.0000;273.0000;0.0000;914.0000;12267994.0000
330.0000;272.0000;0.0000;910.9999;12268004.0000
331.0000;271.0000;0.0000;910.9999;12268013.0000
332.0000;270.0000;0.0000;909.0000;12268021.0000
332.0000;268.0000;0.0000;910.0000;12268030.0000
333.0000;267.0000;0.0000;909.0000;12268040.0000
334.0000;266.0000;0.0000;910.0000;12268048.0000
335.0000;265.0000;0.0000;911.9999;12268058.0000
335.0000;264.0000;0.0000;909.0000;12268067.0000
336.0000;262.0000;0.0000;910.9999;12268075.0000
337.0000;261.0000;0.0000;908.0000;12268085.0000
338.0000;260.0000;0.0000;908.0000;12268094.0000
338.0000;259.0000;0.0000;911.9999;12268102.0000
339.0000;258.0000;0.0000;910.9999;12268112.0000
340.0000;257.0000;0.0000;908.0000;12268121.0000
341.0000;256.0000;0.0000;908.0000;12268130.0000
342.0000;254.0000;12.0000;914.0000;12268139.0000
342.0000;253.0000;12.0000;910.0000;12268147.0000
343.0000;252.0000;12.0000;910.9999;12268156.0000
343.0000;251.0000;0.0000;910.9999;12268166.0000
344.0000;250.0000;0.0000;910.0000;12268174.0000
345.0000;249.0000;0.0000;910.0000;12268184.0000
345.0000;248.0000;0.0000;910.0000;12268193.0000
346.0000;246.0000;0.0000;912.9999;12268201.0000
347.0000;245.0000;0.0000;908.0000;12268211.0000
348.0000;244.0000;0.0000;908.0000;12268220.0000
349.0000;243.0000;0.0000;910.0000;12268228.0000
349.0000;242.0000;0.0000;908.0000;12268238.0000
350.0000;240.0000;0.0000;910.9999;12268247.0000
351.0000;239.0000;0.0000;909.0000;12268256.0000
352.0000;238.0000;0.0000;909.0000;12268265.0000
353.0000;236.0000;0.0000;908.0000;12268273.0000
355.0000;235.0000;0.0000;909.0000;12268282.0000
356.0000;234.0000;0.0000;909.0000;12268292.0000
357.0000;233.0000;0.0000;909.0000;12268300.0000
358.0000;232.0000;0.0000;912.9999;12268310.0000
359.0000;230.0000;0.0000;909.0000;12268319.0000
360.0000;229.0000;0.0000;910.9999;12268327.0000
361.0000;228.0000;0.0000;909.0000;12268336.0000
362.0000;227.0000;0.0000;908.0000;12268346.0000
362.0000;226.0000;0.0000;908.0000;12268354.0000
363.0000;225.0000;0.0000;908.0000;12268364.0000
364.0000;224.0000;0.0000;908.0000;12268373.0000
365.0000;223.0000;0.0000;909.0000;12268382.0000
366.0000;222.0000;0.0000;908.0000;12268391.0000
367.0000;221.0000;0.0000;908.0000;12268400.0000
367.0000;221.0000;0.0000;908.0000;12268408.0000
368.0000;220.0000;0.0000;908.0000;12268418.0000
369.0000;219.0000;0.0000;910.9999;12268426.0000
370.0000;218.0000;0.0000;910.9999;12268436.0000
370.0000;218.0000;0.0000;908.0000;12268445.0000
371.0000;217.0000;0.0000;908.0000;12268453.0000
372.0000;217.0000;0.0000;908.0000;12268462.0000
372.0000;216.0000;0.0000;908.0000;12268472.0000
373.0000;216.0000;0.0000;909.0000;12268480.0000
373.0000;215.0000;0.0000;909.0000;12268490.0000
374.0000;215.0000;0.0000;901.9999;12268499.0000
374.0000;214.0000;0.0000;910.0000;12268507.0000
375.0000;214.0000;0.0000;909.0000;12268517.0000
376.0000;213.0000;0.0000;902.9999;12268526.0000
376.0000;212.0000;0.0000;910.9999;12268534.0000
377.0000;212.0000;0.0000;910.9999;12268544.0000
377.0000;211.0000;0.0000;910.9999;12268553.0000
378.0000;211.0000;0.0000;911.9999;12268562.0000
378.0000;210.0000;0.0000;910.9999;12268571.0000
379.0000;210.0000;0.0000;911.9999;12268579.0000
380.0000;210.0000;0.0000;912.9999;12268588.0000
380.0000;209.0000;0.0000;910.9999;12268598.0000
381.0000;209.0000;0.0000;911.9999;12268606.0000
381.0000;208.0000;0.0000;917.0000;12268616.0000
382.0000;208.0000;0.0000;917.0000;12268625.0000
383.0000;207.0000;0.0000;918.0000;12268633.0000
383.0000;207.0000;0.0000;915.0000;12268643.0000
383.0000;207.0000;0.0000;917.0000;12268652.0000
384.0000;207.0000;0.0000;924.0000;12268660.0000
384.0000;206.0000;0.0000;921.9999;12268671.0000
384.0000;206.0000;12.0000;924.0000;12268679.0000
384.0000;206.0000;0.0000;926.0000;12268689.0000
384.0000;206.0000;0.0000;926.0000;12268698.0000
384.0000;206.0000;0.0000;925.0000;12268706.0000
385.0000;206.0000;0.0000;924.0000;12268716.0000
385.0000;206.0000;12.0000;929.9999;12268725.0000
386.0000;205.0000;0.0000;926.0000;12268734.0000
386.0000;205.0000;12.0000;931.9999;12268743.0000
387.0000;204.0000;0.0000;932.9999;12268751.0000
387.0000;204.0000;0.0000;929.0000;12268760.0000
388.0000;204.0000;0.0000;935.0000;12268770.0000
388.0000;203.0000;0.0000;931.9999;12268778.0000
389.0000;203.0000;0.0000;926.0000;12268788.0000
389.0000;203.0000;0.0000;936.0000;12268797.0000
389.0000;203.0000;0.0000;937.0000;12268805.0000
389.0000;203.0000;12.0000;936.0000;12268815.0000
389.0000;203.0000;0.0000;935.0000;12268824.0000
389.0000;203.0000;12.0000;927.0000;12268832.0000
390.0000;203.0000;0.0000;896.0000;12268842.0000
390.0000;203.0000;0.0000;861.0000;12268851.0000
390.0000;204.0000;0.0000;804.0000;12268860.0000
391.0000;206.0000;0.0000;713.0000;12268869.0000
391.0000;207.0000;12.0000;495.0000;12268877.0000
