200.3417;202.6583;0.0000;38.2435;603243584.0000
200.3417;202.6583;0.0000;100.4459;603243584.0000
200.3417;202.6583;0.0000;110.3958;603243584.0000
200.3417;202.6583;0.0000;126.4960;603243584.0000
200.3417;202.6583;0.0000;159.7966;603243584.0000
200.3417;202.6583;0.0000;186.7556;603243584.0000
200.3417;202.6583;0.0000;203.2475;603243584.0000
200.3417;202.6583;0.0000;219.0060;603243584.0000
200.3417;202.6583;0.0000;229.5231;603243584.0000
200.6834;202.6583;0.0000;241.0151;603243584.0000
200.6834;202.6583;0.0000;254.4319;603243584.0000
200.6834;202.6583;0.0000;262.2405;603243648.0000
201.0251;202.6583;0.0000;274.3157;603243648.0000
201.0251;202.6583;0.0000;281.0491;603243712.0000
201.3667;202.3166;0.0000;285.5161;603243712.0000
201.3667;202.3166;0.0000;292.9079;603243712.0000
201.7084;202.3166;0.0000;297.9580;603243712.0000
201.7084;201.9749;0.0000;302.3998;603243712.0000
201.7084;201.9749;0.0000;308.3998;603243712.0000
202.0501;201.9749;0.0000;309.5001;603243712.0000
202.0501;201.9749;0.0000;314.2335;603243712.0000
202.3918;201.6333;0.0000;316.9169;603243712.0000
202.3918;201.6333;0.0000;317.3588;603243712.0000
202.7335;201.2916;0.0000;321.0421;603243712.0000
202.7335;201.2916;0.0000;323.0421;603243712.0000
202.7335;201.2916;0.0000;322.1173;603243712.0000
203.0751;200.9499;0.0000;326.0923;603243712.0000
203.0751;200.6082;0.0000;326.4339;603243776.0000
203.0751;200.6082;0.0000;326.8257;603243776.0000
203.0751;200.2665;0.0000;328.1423;603243776.0000
203.0751;200.2665;0.0000;327.8508;603243776.0000
203.0751;199.9248;0.0000;329.2426;603243776.0000
203.0751;199.9248;0.0000;333.1924;603243776.0000
203.0751;199.9248;0.0000;330.9510;603243776.0000
203.0751;199.5832;0.0000;334.2926;603243776.0000
203.0751;199.5832;0.0000;333.6093;603243776.0000
203.0751;199.5832;0.0000;333.3427;603243776.0000
203.0751;199.2415;0.0000;336.0011;603243776.0000
203.0751;199.2415;0.0000;334.6594;603243776.0000
203.0751;198.8998;0.0000;334.0261;603243776.0000
203.0751;198.8998;0.0000;336.3427;603243776.0000
203.0751;198.8998;0.0000;335.3928;603243840.0000
203.0751;198.5581;0.0000;337.7596;603243840.0000
203.0751;198.5581;0.0000;340.7095;603243840.0000
202.7335;198.5581;0.0000;338.7846;603243840.0000
202.7335;198.2164;0.0000;340.4680;603243840.0000
202.7335;198.2164;0.0000;341.4429;603243840.0000
202.7335;198.2164;0.0000;341.1764;603243904.0000
202.7335;198.2164;0.0000;342.4930;603243904.0000
202.7335;197.8747;0.0000;344.1263;603243904.0000
202.7335;197.8747;0.0000;343.5181;603243904.0000
202.3918;197.8747;0.0000;346.1514;603243904.0000
202.3918;197.5331;0.0000;344.5181;603243904.0000
202.3918;197.5331;0.0000;344.5432;603243904.0000
202.3918;197.5331;0.0000;347.1764;603243904.0000
202.0501;197.5331;0.0000;345.5682;603243968.0000
202.0501;197.1914;0.0000;346.5933;603243968.0000
202.0501;197.1914;0.0000;348.2015;603243968.0000
201.7084;197.1914;0.0000;346.6433;603243968.0000
201.7084;197.1914;0.0000;349.2265;603243968.0000
201.7084;197.1914;0.0000;350.2516;603243968.0000
201.7084;196.8497;0.0000;347.9600;603243968.0000
201.3667;196.8497;0.0000;350.5933;603243968.0000
201.3667;196.8497;0.0000;348.6183;603243968.0000
201.3667;196.8497;0.0000;347.9850;603243968.0000
201.3667;196.8497;0.0000;349.3017;603243968.0000
201.3667;196.8497;0.0000;347.3517;603244032.0000
201.0251;196.5080;0.0000;348.6935;603244032.0000
201.0251;196.5080;0.0000;348.9850;603244096.0000
200.6834;196.5080;0.0000;348.0602;603244096.0000
200.6834;196.5080;0.0000;350.3518;603244096.0000
200.3417;196.5080;0.0000;350.6684;603244096.0000
200.3417;196.5080;0.0000;349.0602;603244096.0000
200.3417;196.5080;0.0000;351.7185;603244096.0000
200.0000;196.5080;0.0000;351.7185;603244096.0000
200.0000;196.1663;0.0000;351.1103;603244096.0000
199.6583;196.1663;0.0000;353.4019;603244096.0000
199.6583;195.5080;0.0000;352.4520;603244096.0000
199.6583;195.5080;0.0000;354.1353;603244096.0000
199.3166;195.5080;0.0000;356.0852;603244096.0000
199.3166;195.5080;0.0000;353.1604;603244096.0000
199.3166;195.1663;0.0000;355.4770;603244096.0000
198.9749;195.1663;0.0000;356.7686;603244160.0000
198.9749;195.1663;0.0000;353.8438;603244160.0000
198.6333;195.1663;0.0000;355.5021;603244160.0000
198.6333;195.1663;0.0000;355.8187;603244160.0000
198.2916;195.1663;0.0000;355.5271;603244160.0000
198.2916;195.1663;0.0000;356.8187;603244160.0000
197.9499;195.1663;0.0000;355.5271;603244160.0000
197.9499;195.1663;0.0000;358.5522;603244160.0000
197.9499;195.8246;0.0000;361.4770;603244160.0000
197.6082;195.8246;0.0000;361.4770;603244160.0000
197.6082;195.8246;0.0000;366.7936;603244160.0000
197.6082;195.8246;0.0000;368.4019;603244160.0000
197.2665;195.8246;0.0000;366.7936;603244160.0000
197.2665;195.8246;0.0000;368.4019;603244160.0000
197.2665;195.8246;0.0000;369.7436;603244224.0000
196.9248;195.8246;0.0000;370.7686;603244224.0000
196.9248;195.8246;0.0000;373.0101;603244224.0000
196.5832;195.8246;0.0000;372.3768;603244224.0000
196.5832;195.8246;0.0000;374.4019;603244224.0000
196.5832;195.8246;0.0000;376.6684;603244224.0000
196.2415;195.8246;0.0000;375.3768;603244288.0000
196.2415;195.8246;0.0000;376.0352;603244288.0000
195.8998;196.1663;0.0000;377.9850;603244288.0000
195.8998;196.1663;0.0000;377.0351;603244288.0000
195.8998;196.1663;0.0000;380.0101;603244288.0000
195.5581;196.1663;0.0000;379.3267;603244288.0000
195.5581;196.1663;0.0000;377.0351;603244288.0000
195.2164;195.5080;0.0000;381.3267;603244288.0000
195.8747;195.5080;0.0000;381.0101;603244352.0000
195.8747;195.5080;0.0000;380.7185;603244352.0000
195.5331;195.5080;0.0000;381.6684;603244352.0000
195.5331;195.5080;0.0000;380.0352;603244352.0000
195.5331;195.5080;0.0000;382.4019;603244352.0000
194.8747;195.5080;0.0000;378.4019;603244352.0000
194.8747;195.5080;0.0000;369.5772;603244352.0000
194.5331;195.5080;0.0000;363.9940;603244352.0000
194.5331;195.5080;0.0000;350.8027;603244352.0000
194.1914;195.5080;0.0000;333.0532;603244352.0000
194.1914;195.8497;0.0000;301.4540;603244416.0000
193.5331;195.1914;0.0000;273.1213;603244672.0000
193.5331;195.1914;0.0000;277.1714;603244672.0000
193.5331;195.1914;0.0000;281.0211;603244672.0000
193.1914;195.1914;0.0000;285.9710;603244672.0000
193.1914;195.5331;0.0000;287.3378;603244672.0000
192.8497;195.5331;0.0000;286.3127;603244672.0000
192.8497;195.8747;0.0000;299.1875;603244672.0000
192.8497;195.8747;0.0000;312.3538;603244672.0000
192.5080;195.8747;0.0000;323.4951;603244672.0000
192.5080;196.2164;0.0000;338.3698;603244672.0000
192.8246;196.2164;0.0000;341.9780;603244736.0000
192.8246;196.2164;0.0000;345.9279;603244736.0000
192.8246;196.2164;0.0000;348.2696;603244736.0000
192.8246;196.5581;0.0000;347.2446;603244736.0000
192.4830;196.5581;0.0000;351.5361;603244736.0000
192.4830;196.5581;0.0000;352.8778;603244736.0000
192.1413;196.5581;0.0000;353.1694;603244736.0000
192.1413;196.8998;0.0000;359.4610;603244736.0000
192.1413;196.8998;0.0000;358.8027;603244736.0000
192.1413;196.8998;0.0000;362.0692;603244736.0000
191.7996;196.8998;0.0000;366.0442;603244736.0000
191.7996;197.2415;0.0000;364.7275;603244736.0000
191.4579;197.2415;0.0000;369.3107;603244736.0000
191.4579;197.2415;0.0000;371.9690;603244736.0000
191.4579;197.5832;0.0000;370.2856;603244800.0000
191.4579;197.5832;0.0000;373.6023;603244800.0000
191.1162;197.5832;0.0000;374.2606;603244800.0000
191.1162;197.9248;0.0000;372.6023;603244800.0000
191.1162;198.5832;0.0000;376.2355;603244800.0000
190.7745;198.5832;0.0000;374.6273;603244800.0000
190.7745;198.9248;0.0000;373.9189;603244800.0000
190.7745;198.9248;0.0000;377.2606;603244800.0000
190.7745;198.9248;0.0000;374.6273;603244800.0000
191.0912;199.2665;0.0000;376.5772;603244800.0000
191.0912;199.2665;0.0000;379.2355;603244800.0000
191.0912;199.2665;0.0000;375.2856;603244864.0000
190.7495;199.6082;0.0000;379.2355;603244864.0000
190.7495;199.6082;0.0000;379.9189;603244928.0000
190.7495;199.6082;0.0000;379.2355;603244928.0000
190.4078;199.9499;0.0000;383.8688;603244928.0000
190.4078;199.9499;0.0000;381.8939;603244928.0000
190.4078;200.2916;0.0000;382.5021;603244928.0000
190.0661;200.2916;0.0000;388.4770;603244928.0000
190.0661;200.2916;0.0000;385.5021;603244928.0000
190.0661;200.6333;0.0000;386.4770;603244928.0000
190.7244;200.6333;0.0000;388.1353;603244928.0000
190.3828;200.9749;0.0000;383.8438;603244928.0000
190.3828;201.3166;0.0000;387.1353;603244928.0000
190.3828;201.3166;0.0000;388.8187;603244928.0000
190.6994;201.6583;0.0000;387.7936;603244928.0000
190.6994;202.0000;0.0000;391.4269;603244928.0000
190.6994;201.3417;0.0000;394.4019;603244928.0000
190.6994;201.6833;0.0000;396.3517;603244992.0000
190.3577;201.0251;0.0000;399.6684;603244992.0000
190.3577;201.3667;0.0000;398.6684;603245056.0000
191.0160;201.0501;0.0000;400.2766;603245056.0000
191.0160;201.0501;0.0000;403.2766;603245056.0000
191.0160;200.7335;0.0000;400.9600;603245056.0000
191.0160;200.7335;0.0000;405.2516;603245056.0000
190.6743;201.0751;4.1002;406.2516;603245056.0000
190.6743;200.4168;0.0000;403.5933;603245056.0000
190.6743;200.7585;0.0000;407.2265;603245056.0000
191.3327;200.7585;0.0000;406.6183;603245056.0000
191.3327;200.1002;0.0000;404.9099;603245056.0000
191.3327;200.4419;0.0000;407.5682;603245056.0000
191.3327;200.1252;4.1002;405.9099;603245120.0000
191.3327;199.4669;0.0000;404.8848;603245120.0000
191.6493;199.8086;0.0000;408.2516;603245120.0000
191.6493;199.4920;0.0000;405.5933;603245120.0000
191.6493;199.8337;4.1002;407.2265;603245120.0000
191.6493;199.1754;0.0000;407.9099;603245120.0000
191.6493;199.5170;0.0000;406.2516;603245120.0000
191.6493;199.5170;0.0000;407.8848;603245120.0000
191.6493;199.2004;0.0000;408.2516;603245120.0000
191.6493;199.2004;0.0000;406.5682;603245120.0000
191.6493;199.5421;4.1002;409.8848;603245120.0000
191.6493;199.5421;0.0000;408.5932;603245120.0000
190.9910;199.2254;0.0000;408.2265;603245120.0000
190.9910;199.2254;0.0000;412.2015;603245120.0000
190.6743;198.9088;0.0000;408.5932;603245184.0000
190.0160;198.9088;4.1002;412.5432;603245184.0000
189.3577;198.5922;0.0000;414.8848;603245184.0000
188.6994;198.9339;4.1002;415.9099;603245184.0000
188.0411;198.2755;0.0000;418.1013;603245184.0000
187.3828;197.9589;0.0000;429.0762;603245184.0000
186.7244;197.6423;0.0000;436.5842;603245184.0000
186.0661;197.6423;0.0000;447.8007;603245184.0000
186.0661;197.3257;0.0000;451.7756;603245184.0000
185.4078;197.3257;0.0000;454.7004;603245184.0000
185.4078;197.6673;0.0000;459.3588;603245184.0000
184.7495;197.6673;0.0000;455.4089;603245248.0000
185.0912;198.0090;0.0000;458.0421;603245248.0000
185.0912;198.0090;0.0000;460.3838;603245248.0000
185.0912;198.3507;0.0000;456.4089;603245312.0000
185.0912;198.6924;0.0000;460.3838;603245312.0000
185.0912;198.6924;0.0000;460.0922;603245312.0000
184.7745;198.6924;0.0000;458.7255;603245312.0000
184.7745;199.0341;0.0000;462.3839;603245312.0000
184.7745;199.0341;0.0000;460.0922;603245312.0000
184.1162;199.0341;0.0000;461.3838;603245312.0000
183.7996;199.3757;0.0000;465.3838;603245312.0000
183.7996;199.3757;0.0000;462.7255;603245312.0000
183.1413;199.7174;0.0000;465.0421;603245312.0000
182.4830;199.7174;4.1002;468.7004;603245312.0000
181.8246;200.0591;0.0000;466.0171;603245312.0000
181.8246;200.4008;0.0000;470.3337;603245312.0000
181.5080;200.4008;0.0000;473.6503;603245312.0000
180.8497;200.4008;0.0000;472.9670;603245376.0000
180.1914;200.0842;0.0000;477.2836;603245440.0000
179.8747;200.0842;4.1002;477.9670;603245440.0000
178.5581;200.0842;0.0000;479.9169;603245440.0000
177.8998;200.4258;0.0000;486.2084;603245440.0000
177.2415;200.4258;0.0000;486.5502;603245440.0000
176.5832;200.7675;0.0000;491.7916;603245440.0000
176.9249;200.7675;0.0000;498.4249;603245440.0000
176.2665;201.1092;0.0000;497.3998;603245440.0000
175.6082;201.1092;0.0000;500.6914;603245440.0000
175.9499;202.1092;0.0000;503.3748;603245440.0000
175.2916;202.1092;0.0000;500.7165;603245440.0000
174.9749;202.7675;0.0000;505.0081;603245440.0000
174.9749;203.1092;0.0000;504.3998;603245440.0000
174.6583;203.7675;0.0000;504.3998;603245504.0000
174.0000;204.1092;0.0000;508.3748;603245504.0000
173.3417;204.7675;0.0000;507.0832;603245504.0000
173.0251;205.1092;0.0000;507.0582;603245504.0000
172.3667;205.7675;0.0000;510.3998;603245504.0000
172.3667;206.1092;0.0000;508.4249;603245504.0000
172.0501;206.7675;0.0000;510.3998;603245504.0000
171.3918;206.7675;0.0000;510.7666;603245504.0000
171.7335;207.7675;0.0000;508.0832;603245504.0000
171.7335;207.7675;0.0000;511.0832;603245504.0000
171.0751;208.7675;0.0000;510.4500;603245504.0000
171.4168;208.7675;0.0000;509.1083;603245504.0000
171.4168;209.7675;0.0000;514.0833;603245504.0000
170.7585;210.4258;0.0000;510.1333;603245568.0000
171.1002;210.7675;0.0000;511.1082;603245568.0000
171.4419;211.4258;0.0000;514.1083;603245568.0000
171.4419;212.4259;0.0000;510.4750;603245568.0000
171.1252;212.4259;0.0000;512.7666;603245568.0000
171.1252;213.0842;0.0000;513.7916;603245568.0000
171.4669;213.0842;0.0000;511.1333;603245568.0000
171.4669;214.0842;0.0000;514.1333;603245568.0000
171.4669;214.7425;0.0000;514.1583;603245568.0000
171.4669;214.7425;0.0000;512.4750;603245568.0000
171.8086;215.7425;0.0000;516.1333;603245568.0000
171.8086;216.4008;0.0000;513.5251;603245632.0000
172.1503;217.4008;0.0000;513.1583;603245632.0000
171.4920;218.0591;0.0000;514.0833;603245632.0000
171.8337;218.0591;0.0000;513.2085;603245696.0000
171.8337;218.7174;0.0000;516.1584;603245696.0000
172.1754;219.3758;0.0000;517.5251;603245696.0000
172.1754;219.7174;0.0000;513.8668;603245696.0000
172.5170;220.3757;0.0000;516.5001;603245696.0000
172.5170;221.0341;0.0000;516.8918;603245696.0000
172.8587;221.0341;0.0000;515.5502;603245696.0000
172.2004;221.6924;0.0000;518.8668;603245696.0000
172.5421;222.3507;0.0000;517.2585;603245696.0000
172.5421;223.0090;0.0000;517.2084;603245696.0000
172.2254;224.0090;0.0000;520.2085;603245696.0000
172.2254;224.6673;0.0000;517.5752;603245696.0000
172.5671;225.3257;0.0000;519.2085;603245696.0000
172.5671;225.9840;0.0000;521.5502;603245696.0000
172.9088;226.6423;0.0000;517.9169;603245760.0000
172.9088;226.6423;0.0000;519.8918;603245824.0000
173.2505;227.3006;0.0000;520.9169;603245824.0000
173.2505;227.9589;0.0000;518.9169;603245824.0000
173.5922;228.6172;0.0000;522.2085;603245824.0000
173.9339;228.6172;0.0000;521.6002;603245824.0000
173.9339;229.2755;7.8998;521.6002;603245824.0000
174.2755;229.9339;0.0000;526.2085;603245824.0000
174.6172;229.9339;0.0000;519.6253;603245824.0000
174.9589;230.5922;0.0000;521.6002;603245824.0000
175.6172;231.2505;0.0000;524.2585;603245824.0000
175.9589;231.2505;0.0000;521.6253;603245824.0000
175.9589;232.2505;0.0000;524.2335;603245824.0000
176.9589;232.9088;0.0000;525.6002;603245824.0000
176.9589;233.5671;0.0000;522.9419;603245888.0000
177.9589;234.2254;0.0000;527.2335;603245888.0000
178.9589;234.8838;0.0000;525.2836;603245888.0000
178.9589;235.5421;0.0000;524.6002;603245888.0000
179.9589;236.2004;0.0000;529.8918;603245888.0000
180.9589;236.2004;0.0000;527.2585;603245888.0000
181.3006;236.8587;0.0000;527.9169;603245888.0000
181.9589;237.5170;0.0000;531.2335;603245888.0000
182.3006;238.1753;0.0000;528.9169;603245888.0000
183.3006;238.8337;0.0000;532.5251;603245888.0000
184.3006;239.4920;0.0000;535.2084;603245888.0000
184.3006;240.1503;0.0000;532.5502;603245888.0000
185.3006;240.8086;0.0000;536.5001;603245888.0000
185.9589;241.4669;0.0000;536.8668;603245952.0000
186.3006;241.4669;0.0000;535.5001;603245952.0000
186.9589;242.1252;0.0000;540.8167;603245952.0000
187.9589;242.7836;0.0000;537.5251;603245952.0000
188.3006;242.7836;0.0000;538.1583;603245952.0000
189.3006;243.4419;0.0000;541.8167;603245952.0000
189.6423;243.1002;0.0000;537.8668;603245952.0000
190.3006;243.7585;0.0000;541.1583;603245952.0000
190.6423;244.4168;0.0000;541.1583;603245952.0000
191.3006;244.4168;0.0000;539.1834;603245952.0000
191.6423;245.0751;0.0000;542.1583;603246016.0000
192.6423;245.0751;0.0000;541.8668;603246016.0000
192.9840;245.3918;0.0000;540.1834;603246016.0000
193.6423;246.0501;0.0000;543.8417;603246016.0000
194.6423;246.0501;0.0000;540.5502;603246080.0000
194.6423;246.7084;0.0000;540.5001;603246080.0000
195.6423;246.7084;0.0000;545.1834;603246080.0000
195.6423;247.3667;0.0000;540.2085;603246080.0000
196.6423;247.0251;0.0000;543.8417;603246080.0000
196.9840;247.6833;0.0000;544.5251;603246080.0000
197.9840;247.6833;0.0000;541.5251;603246080.0000
197.9840;248.3417;0.0000;543.5001;603246080.0000
198.9840;248.0000;0.0000;543.8918;603246080.0000
199.6423;248.0000;0.0000;542.2084;603246080.0000
199.9840;248.6583;0.0000;545.8668;603246080.0000
200.9840;248.6583;0.0000;540.8417;603246080.0000
201.3257;248.9749;0.0000;544.8918;603246080.0000
201.9840;248.9749;0.0000;548.2085;603246080.0000
202.3257;248.9749;0.0000;543.5752;603246208.0000
202.9840;249.2916;0.0000;544.5251;603246208.0000
203.3257;249.2916;0.0000;547.8918;603246208.0000
204.3257;249.9499;0.0000;543.6002;603246208.0000
204.9840;249.6082;0.0000;546.5752;603246208.0000
205.3257;250.2665;0.0000;546.9169;603246208.0000
205.9840;250.2665;0.0000;545.2585;603246208.0000
206.9840;250.5832;0.0000;548.9169;603246208.0000
207.9840;250.2415;0.0000;545.9419;603246208.0000
208.3257;250.2415;0.0000;546.5752;603246208.0000
208.9840;250.8998;0.0000;549.5752;603246208.0000
209.9840;250.5581;0.0000;545.9419;603246208.0000
209.9840;250.5581;0.0000;546.5752;603246208.0000
210.9840;250.2164;0.0000;549.5752;603246208.0000
211.9840;250.8747;0.0000;545.9419;603246272.0000
211.9840;250.5331;0.0000;549.5752;603246272.0000
212.6423;250.5331;0.0000;550.2585;603246272.0000
213.6423;250.5331;0.0000;547.6002;603246272.0000
213.9840;250.1914;0.0000;550.2335;603246272.0000
214.6423;250.8497;0.0000;548.6253;603246336.0000
215.6423;250.8497;0.0000;548.9420;603246336.0000
216.3006;250.5080;0.0000;552.6002;603246336.0000
217.3006;250.1663;0.0000;549.9920;603246336.0000
217.9589;250.1663;0.0000;551.2836;603246336.0000
218.9589;250.1663;0.0000;552.6253;603246336.0000
219.6172;249.8246;0.0000;549.9920;603246336.0000
220.6172;249.8246;0.0000;552.3087;603246336.0000
221.2755;249.4829;0.0000;553.6503;603246336.0000
222.2755;249.4829;0.0000;551.3337;603246400.0000
222.2755;249.1413;0.0000;555.6504;603246400.0000
223.2755;248.4830;0.0000;554.3588;603246400.0000
224.2756;248.1413;0.0000;552.3588;603246400.0000
224.9339;248.1413;0.0000;557.3337;603246400.0000
225.5922;247.7996;0.0000;555.0421;603246400.0000
226.5922;247.7996;0.0000;556.0171;603246400.0000
227.2505;247.4579;0.0000;560.0171;603246400.0000
228.2505;247.4579;0.0000;556.7255;603246400.0000
228.9088;247.1162;0.0000;560.7004;603246400.0000
230.5671;247.1162;4.1002;561.0421;603246400.0000
231.2254;246.7745;0.0000;559.0421;603246400.0000
232.2254;246.7745;4.1002;563.7004;603246400.0000
232.8838;246.7745;0.0000;562.4089;603246400.0000
233.8838;246.4329;0.0000;559.7004;603246464.0000
233.8838;245.4329;0.0000;564.7004;603246464.0000
234.8838;245.4329;0.0000;562.4339;603246464.0000
235.8838;245.0912;0.0000;561.0421;603246464.0000
236.5421;245.0912;0.0000;566.3838;603246464.0000
236.8838;244.7495;0.0000;562.4339;603246464.0000
237.5421;243.7495;4.1002;566.0421;603246464.0000
238.5421;243.4078;0.0000;567.4089;603246464.0000
238.8838;243.4078;4.1002;564.7505;603246464.0000
239.5421;242.4078;0.0000;568.0922;603246464.0000
240.2004;242.0661;0.0000;568.1173;603246464.0000
241.2004;242.0661;0.0000;565.7505;603246464.0000
241.5421;241.0661;0.0000;568.7255;603246464.0000
242.2004;240.7244;4.1002;566.1173;603246592.0000
243.2004;239.7244;0.0000;564.7004;603246592.0000
243.2004;239.7244;0.0000;573.7756;603246592.0000
243.8587;238.7244;0.0000;565.7255;603246592.0000
244.5170;238.7244;0.0000;570.7255;603246592.0000
245.5170;237.7244;0.0000;573.7255;603246592.0000
245.8587;237.3828;0.0000;569.7505;603246592.0000
246.5170;236.3828;0.0000;573.0671;603246592.0000
247.5170;236.0411;0.0000;575.0923;603246592.0000
248.1754;235.0411;0.0000;571.7505;603246592.0000
248.1754;235.0411;0.0000;576.4089;603246592.0000
248.8337;234.0411;0.0000;573.7756;603246592.0000
249.4920;233.0411;0.0000;575.7255;603246592.0000
250.4920;232.6994;0.0000;580.0421;603246592.0000
250.4920;231.6994;0.0000;577.4089;603246656.0000
251.4920;231.6994;0.0000;580.3588;603246656.0000
252.1503;230.6994;0.0000;582.3588;603246656.0000
252.8086;230.3577;0.0000;577.7255;603246656.0000
253.4669;229.6994;0.0000;582.3337;603246720.0000
253.8086;229.3577;0.0000;583.0421;603246720.0000
254.4669;228.3577;0.0000;581.3588;603246720.0000
255.4669;227.3577;0.0000;585.6503;603246720.0000
256.1252;226.3577;0.0000;583.3588;603246720.0000
256.1252;225.3577;0.0000;584.9921;603246720.0000
256.7836;225.0160;0.0000;588.6252;603246720.0000
256.7836;224.3577;0.0000;586.0171;603246720.0000
257.4419;223.3577;0.0000;587.9921;603246720.0000
258.1002;222.3577;0.0000;589.9670;603246720.0000
258.4419;221.3577;0.0000;585.6754;603246784.0000
259.1002;221.0160;0.0000;587.6253;603246784.0000
260.1002;220.0160;0.0000;590.3337;603246784.0000
260.7585;219.0160;0.0000;585.6754;603246784.0000
261.4168;218.0160;0.0000;590.3087;603246784.0000
262.0751;217.3577;0.0000;587.9921;603246784.0000
262.0751;217.0160;0.0000;587.9921;603246784.0000
262.7335;216.0160;7.8998;593.6253;603246784.0000
263.3918;215.0160;0.0000;588.3337;603246784.0000
263.3918;214.0160;7.8998;589.9921;603246784.0000
264.0501;213.0160;7.8998;593.3337;603246784.0000
264.0501;211.3577;0.0000;589.3588;603246784.0000
264.7084;210.3577;7.8998;591.9921;603246784.0000
264.7084;209.3577;0.0000;592.6754;603246784.0000
265.3667;208.6994;0.0000;589.0171;603246848.0000
265.3667;207.6994;7.8998;592.3337;603246848.0000
265.3667;206.6994;7.8998;593.0421;603246848.0000
265.3667;205.6994;0.0000;589.3588;603246848.0000
266.0251;205.0411;0.0000;594.9921;603246848.0000
266.0251;204.0411;0.0000;591.0672;603246848.0000
266.0251;204.0411;0.0000;585.4340;603246848.0000
266.6833;203.0411;0.0000;599.9670;603246848.0000
266.6833;202.0411;0.0000;595.6754;603246848.0000
266.6833;201.0411;0.0000;597.9419;603246848.0000
267.3417;200.3828;0.0000;599.9920;603246848.0000
267.3417;199.3828;0.0000;595.9921;603246848.0000
267.3417;197.7244;0.0000;599.6253;603246912.0000
267.3417;197.0661;0.0000;598.6504;603246976.0000
267.3417;196.0661;0.0000;597.6504;603246976.0000
267.3417;195.4078;0.0000;600.9670;603246976.0000
268.0000;194.4078;0.0000;598.6754;603246976.0000
267.6583;193.7495;0.0000;598.9921;603246976.0000
267.6583;192.7495;0.0000;601.6504;603246976.0000
267.6583;191.7495;0.0000;598.0171;603246976.0000
267.6583;191.0912;0.0000;600.3337;603246976.0000
267.6583;190.0912;0.0000;602.6754;603246976.0000
267.6583;189.0912;0.0000;598.0171;603246976.0000
267.0000;189.0912;0.0000;600.6503;603246976.0000
267.0000;188.0912;0.0000;602.0171;603246976.0000
266.6583;187.0912;0.0000;599.0171;603246976.0000
266.6583;186.4329;4.1002;601.3337;603246976.0000
266.6583;185.7745;0.0000;600.7255;603246976.0000
266.6583;184.1162;4.1002;600.0171;603247040.0000
266.0000;183.4579;0.0000;600.9420;603247040.0000
266.0000;182.4579;0.0000;600.7255;603247040.0000
266.0000;181.7996;0.0000;601.3588;603247104.0000
265.0000;181.1413;0.0000;604.3588;603247104.0000
265.0000;180.1413;0.0000;601.0922;603247104.0000
265.0000;179.4830;0.0000;603.3588;603247104.0000
264.6583;178.4830;0.0000;603.7255;603247104.0000
264.6583;177.8246;0.0000;600.7255;603247104.0000
264.6583;176.8246;0.0000;604.6754;603247104.0000
264.3166;176.1663;0.0000;603.4088;603247104.0000
264.3166;175.1663;0.0000;602.7255;603247104.0000
264.3166;174.5080;0.0000;605.0421;603247104.0000
264.3166;173.8497;0.0000;602.7505;603247168.0000
264.3166;172.8497;0.0000;603.7255;603247168.0000
263.9749;171.5331;0.0000;605.3838;603247168.0000
263.3166;170.8747;0.0000;601.7505;603247168.0000
263.3166;169.8747;0.0000;604.3838;603247168.0000
262.6583;169.2164;0.0000;604.7505;603247168.0000
262.3166;168.2164;0.0000;601.7505;603247168.0000
261.6583;167.5581;0.0000;605.7004;603247168.0000
261.6583;167.2164;0.0000;603.4088;603247168.0000
260.6583;166.5581;0.0000;602.4340;603247168.0000
260.6583;165.5581;0.0000;603.3087;603247168.0000
260.6583;164.8998;0.0000;603.7756;603247168.0000
260.0000;164.2415;0.0000;602.4089;603247168.0000
260.0000;163.2415;0.0000;606.7505;603247168.0000
259.6583;163.2415;0.0000;602.7756;603247232.0000
259.0000;162.2415;0.0000;605.0672;603247232.0000
258.6583;161.5832;7.8998;604.7505;603247232.0000
258.6583;161.5832;0.0000;601.7505;603247232.0000
258.6583;160.5832;0.0000;605.4089;603247232.0000
257.6583;159.9248;0.0000;604.0922;603247232.0000
257.6583;158.9248;0.0000;602.0922;603247232.0000
257.0000;158.2665;0.0000;606.3838;603247232.0000
256.6583;157.2665;0.0000;602.7756;603247232.0000
256.0000;156.6082;0.0000;602.0922;603247232.0000
256.0000;155.6082;0.0000;605.0922;603247232.0000
255.0000;154.9499;0.0000;601.8007;603247232.0000
255.0000;153.9499;0.0000;604.0671;603247296.0000
254.0000;153.2916;0.0000;604.4339;603247296.0000
254.0000;152.9499;0.0000;601.7756;603247360.0000
253.6583;152.2916;0.0000;604.4339;603247360.0000
253.0000;151.2916;0.0000;604.1423;603247360.0000
253.0000;151.2916;0.0000;601.7756;603247360.0000
253.0000;150.2916;0.0000;604.7505;603247360.0000
252.6583;150.2916;0.0000;601.1423;603247360.0000
252.0000;149.2916;0.0000;600.7756;603247360.0000
252.0000;149.2916;0.0000;604.7505;603247360.0000
251.6583;148.2916;0.0000;600.8007;603247360.0000
251.0000;148.2916;0.0000;602.7756;603247360.0000
251.0000;147.2916;0.0000;604.1423;603247360.0000
250.0000;146.6333;0.0000;599.8257;603247360.0000
249.3417;146.2916;0.0000;603.1173;603247360.0000
248.3417;145.6333;0.0000;602.8257;603247360.0000
247.6833;144.6333;0.0000;600.8007;603247424.0000
246.6834;144.6333;0.0000;603.4590;603247424.0000
246.6834;143.9749;0.0000;600.8507;603247488.0000
246.0250;143.6333;0.0000;601.1423;603247488.0000
246.0250;142.9749;0.0000;604.1423;603247488.0000
245.3667;142.6333;0.0000;600.1924;603247488.0000
244.3667;141.9749;0.0000;601.4840;603247488.0000
244.3667;141.6333;0.0000;604.1423;603247488.0000
243.3667;141.6333;0.0000;599.5341;603247488.0000
242.7084;140.9749;0.0000;602.8257;603247488.0000
242.0501;140.9749;0.0000;601.5341;603247488.0000
241.7084;139.9749;0.0000;600.1924;603247488.0000
241.0501;139.6333;0.0000;603.4840;603247488.0000
240.0501;138.9749;0.0000;600.2175;603247552.0000
238.7335;138.6333;0.0000;600.8507;603247552.0000
238.0751;137.9749;0.0000;604.8257;603247552.0000
237.0751;137.3166;0.0000;600.2175;603247552.0000
236.4168;136.3166;0.0000;602.1674;603247552.0000
234.7585;135.6583;0.0000;603.5091;603247552.0000
233.4419;134.6583;0.0000;599.5592;603247552.0000
232.4419;134.0000;0.0000;602.8508;603247552.0000
231.1252;133.0000;0.0000;602.2175;603247552.0000
230.1252;132.3417;0.0000;599.2175;603247552.0000
228.8086;132.3417;0.0000;603.5341;603247552.0000
227.8086;131.3417;0.0000;600.2426;603247552.0000
227.1503;131.3417;0.0000;599.5341;603247552.0000
226.1503;130.3417;0.0000;603.8508;603247552.0000
225.4920;130.3417;0.0000;600.2426;603247616.0000
224.4920;130.3417;0.0000;599.8758;603247616.0000
223.8336;130.0000;0.0000;603.1924;603247616.0000
223.1754;129.3417;0.0000;598.5842;603247616.0000
222.1753;129.3417;0.0000;602.5090;603247616.0000
221.5170;129.0000;0.0000;600.5592;603247616.0000
220.8587;128.3417;0.0000;598.5592;603247616.0000
219.8587;128.3417;0.0000;602.8508;603247616.0000
219.2004;127.3417;0.0000;600.5592;603247616.0000
218.2004;127.3417;0.0000;598.5592;603247616.0000
217.2004;127.0000;0.0000;603.1924;603247616.0000
216.5421;126.3417;0.0000;598.2426;603247616.0000
215.8838;126.3417;0.0000;599.2175;603247680.0000
214.8838;125.6834;0.0000;602.2175;603247680.0000
213.5671;125.3417;0.0000;598.9259;603247744.0000
212.5671;124.6834;0.0000;600.2175;603247744.0000
211.5671;124.3417;0.0000;600.2175;603247744.0000
210.2505;123.6834;0.0000;597.5592;603247744.0000
209.5922;123.6834;0.0000;600.2175;603247744.0000
207.9339;123.6834;0.0000;600.9009;603247744.0000
207.2755;122.6834;4.1002;598.2426;603247744.0000
205.6172;122.6834;0.0000;601.8758;603247744.0000
203.9589;122.0250;0.0000;598.9259;603247744.0000
202.6423;121.6834;0.0000;598.2175;603247744.0000
200.9840;121.0250;0.0000;601.5341;603247744.0000
199.6673;121.0250;0.0000;598.5842;603247744.0000
198.0090;120.0250;0.0000;601.1924;603247744.0000
196.6924;119.3667;4.1002;603.8508;603247744.0000
195.0341;119.3667;0.0000;600.2175;603247808.0000
193.7174;118.3667;4.1002;603.5091;603247808.0000
192.0591;118.3667;0.0000;604.8507;603247872.0000
191.4008;117.7084;0.0000;602.1674;603247872.0000
189.7425;117.7084;0.0000;605.4840;603247872.0000
188.4258;117.3667;0.0000;602.8508;603247872.0000
186.7675;116.7084;0.0000;604.8257;603247872.0000
185.7675;116.7084;0.0000;606.8007;603247872.0000
184.4509;116.7084;4.1002;604.1924;603247872.0000
183.4509;116.3667;0.0000;605.8007;603247872.0000
182.7926;115.7084;0.0000;607.4590;603247872.0000
181.1343;115.3667;0.0000;604.8759;603247872.0000
180.1343;115.3667;0.0000;607.1173;603247872.0000
179.4760;115.3667;0.0000;607.8257;603247872.0000
178.4760;115.3667;0.0000;605.4840;603247936.0000
177.4760;115.0250;0.0000;608.1173;603247936.0000
176.4760;115.0250;0.0000;605.8257;603247936.0000
175.4760;115.0250;0.0000;605.0922;603247936.0000
175.4760;115.0250;0.0000;608.7756;603247936.0000
174.4760;115.0250;0.0000;605.8007;603247936.0000
173.4760;115.6834;0.0000;605.7505;603247936.0000
173.1343;115.6834;0.0000;608.0922;603247936.0000
172.1343;115.6834;0.0000;604.1423;603247936.0000
171.7926;116.3417;0.0000;607.4088;603247936.0000
170.7926;116.0000;0.0000;607.4340;603247936.0000
170.1343;116.6583;0.0000;605.4339;603247936.0000
169.7926;116.6583;0.0000;609.7505;603247936.0000
168.7926;116.6583;0.0000;607.1173;603247936.0000
168.4509;117.3166;0.0000;606.7756;603248000.0000
167.4509;117.3166;0.0000;610.0671;603248000.0000
166.1092;117.9749;0.0000;606.7756;603248000.0000
165.7675;118.6333;0.0000;606.3838;603248000.0000
164.7675;118.6333;0.0000;608.7004;603248000.0000
164.4258;119.2916;0.0000;605.7255;603248000.0000
163.4258;119.9499;0.0000;608.0171;603248000.0000
163.0842;120.6082;0.0000;608.7004;603248000.0000
162.0842;120.9249;0.0000;607.0171;603248000.0000
161.7425;121.5832;0.0000;609.6754;603248000.0000
160.7425;122.2415;0.0000;607.0171;603248064.0000
159.7425;122.8998;0.0000;607.6754;603248064.0000
159.0842;123.5581;0.0000;608.9670;603248064.0000
158.7425;124.2164;0.0000;607.0171;603248128.0000
157.7425;124.8747;0.0000;606.6503;603248128.0000
156.7425;124.8747;0.0000;608.6253;603248128.0000
155.7425;125.5331;0.0000;607.0171;603248128.0000
154.7425;126.1914;0.0000;608.6253;603248128.0000
154.0842;127.1914;0.0000;608.6253;603248128.0000
153.0842;127.8497;0.0000;605.6252;603248128.0000
152.7425;129.1663;0.0000;608.9419;603248128.0000
152.0842;129.4830;0.0000;607.9420;603248128.0000
151.0842;130.1413;0.0000;606.6253;603248128.0000
150.4258;130.7996;0.0000;611.2335;603248128.0000
150.0842;131.4579;0.0000;607.9670;603248128.0000
149.0842;132.1162;0.0000;607.9169;603248128.0000
148.7425;132.1162;0.0000;611.2335;603248128.0000
148.0842;132.7745;0.0000;606.2836;603248128.0000
147.7425;133.4329;0.0000;609.8918;603248256.0000
146.7425;133.4329;0.0000;610.9169;603248256.0000
146.0842;134.0912;0.0000;607.6002;603248256.0000
145.7425;134.7495;0.0000;610.2335;603248256.0000
144.7425;135.4078;0.0000;610.5752;603248256.0000
143.7425;135.4078;0.0000;606.5752;603248256.0000
143.0842;136.0661;0.0000;611.2085;603248256.0000
142.0842;136.7244;0.0000;607.6002;603248256.0000
142.0842;137.3828;0.0000;608.5502;603248256.0000
141.0842;138.3828;0.0000;611.8668;603248256.0000
140.0842;139.0411;0.0000;607.6002;603248256.0000
140.0842;139.6994;0.0000;608.5251;603248256.0000
139.0842;140.3577;0.0000;611.1834;603248256.0000
138.4259;140.3577;0.0000;605.5502;603248320.0000
137.4259;141.0160;0.0000;609.5001;603248320.0000
137.0842;141.6743;0.0000;609.8417;603248320.0000
136.4258;142.3327;0.0000;608.5251;603248320.0000
135.4258;143.3327;0.0000;609.8167;603248320.0000
134.4259;143.3327;0.0000;607.8417;603248320.0000
133.7675;143.9910;0.0000;607.1333;603248320.0000
133.4259;144.6493;0.0000;611.4750;603248320.0000
132.7675;145.3076;0.0000;607.8417;603248320.0000
131.7675;146.6242;0.0000;608.4500;603248320.0000
130.7675;147.2826;0.0000;609.7916;603248320.0000
129.7675;148.2826;0.0000;607.1583;603248320.0000
129.4259;149.5992;0.0000;608.7666;603248320.0000
128.7675;150.5992;0.0000;609.7916;603248320.0000
127.7675;151.9158;0.0000;606.1083;603248384.0000
126.7675;152.5741;0.0000;608.7415;603248384.0000
125.7675;153.2325;0.0000;607.4500;603248384.0000
125.1092;153.8908;0.0000;607.0833;603248384.0000
124.1092;154.8908;0.0000;609.0582;603248384.0000
123.7675;155.5491;0.0000;607.4249;603248384.0000
122.7675;156.2074;0.0000;606.7416;603248384.0000
122.4259;156.8657;0.0000;609.0582;603248384.0000
121.4258;157.8657;0.0000;606.4249;603248384.0000
121.0842;159.1824;0.0000;608.3748;603248384.0000
120.0842;159.8407;0.0000;609.0582;603248448.0000
119.7425;160.8407;0.0000;606.0582;603248448.0000
118.7425;161.4990;0.0000;609.3497;603248448.0000
118.7425;162.1573;0.0000;609.0582;603248448.0000
117.7425;163.1573;0.0000;607.3748;603248512.0000
117.4008;163.8156;0.0000;610.6664;603248512.0000
116.7425;165.1323;0.0000;607.3748;603248512.0000
116.4008;165.7906;0.0000;607.6914;603248512.0000
115.4008;166.7906;0.0000;610.0081;603248512.0000
115.4008;167.4489;0.0000;607.7164;603248512.0000
114.4008;168.4489;0.0000;609.3247;603248512.0000
114.0591;168.4489;0.0000;610.0081;603248512.0000
113.7174;169.4489;0.0000;607.3497;603248512.0000
113.7174;170.7655;0.0000;609.2997;603248512.0000
113.3757;171.4238;0.0000;608.6664;603248512.0000
113.0341;172.4238;0.0000;606.6413;603248512.0000
113.0341;172.4238;0.0000;610.2746;603248512.0000
112.0341;174.0822;0.0000;606.3247;603248512.0000
111.6924;174.0822;0.0000;606.6163;603248640.0000
110.6924;175.0822;0.0000;609.2745;603248640.0000
110.6924;176.0822;0.0000;606.6664;603248640.0000
110.3507;176.7405;0.0000;607.5912;603248640.0000
109.3507;177.7405;0.0000;608.6163;603248640.0000
109.0090;178.0822;0.0000;605.9579;603248640.0000
108.6673;178.7405;0.0000;607.5662;603248640.0000
108.3257;179.0822;0.0000;608.5912;603248640.0000
107.9840;179.7405;0.0000;606.2495;603248640.0000
107.6423;180.0822;0.0000;609.8578;603248640.0000
108.3006;181.0822;0.0000;608.2495;603248640.0000
107.9589;181.0822;0.0000;608.1995;603248640.0000
107.9589;181.7405;0.0000;613.1494;603248640.0000
107.6172;182.7405;0.0000;610.8578;603248704.0000
106.6172;183.3988;0.0000;613.7826;603248704.0000
106.6172;183.7405;0.0000;616.4409;603248704.0000
106.2756;184.7405;0.0000;611.4659;603248704.0000
105.9339;185.3988;0.0000;615.0742;603248704.0000
105.9339;186.3988;0.0000;617.1243;603248768.0000
105.5922;187.0571;0.0000;614.7325;603248768.0000
105.5922;188.0571;0.0000;618.6824;603248768.0000
105.2505;188.3988;0.0000;619.0241;603248768.0000
105.2505;189.0571;0.0000;620.3157;603248768.0000
105.2505;189.7154;0.0000;625.9238;603248768.0000
105.5671;190.7154;0.0000;622.9740;603248768.0000
105.5671;191.3737;0.0000;622.5070;603248768.0000
105.2254;192.3737;0.0000;627.2405;603248768.0000
105.2254;193.0320;0.0000;620.6573;603248832.0000
105.5421;194.0321;0.0000;626.8988;603248832.0000
105.2004;195.0320;0.0000;624.6072;603248832.0000
105.2004;196.0320;0.0000;620.9489;603248832.0000
104.8587;196.6904;0.0000;625.2155;603248832.0000
104.8587;197.0320;0.0000;623.2405;603248832.0000
104.8587;198.0320;0.0000;623.5321;603248832.0000
104.5170;198.6904;0.0000;629.8237;603248832.0000
105.1754;199.6904;0.0000;627.8488;603248832.0000
105.1754;200.3487;0.0000;629.4569;603248832.0000
104.8337;201.3487;0.0000;632.4569;603248832.0000
104.8337;202.0070;0.0000;629.8237;603248832.0000
104.4920;203.0070;0.0000;633.4319;603248832.0000
104.1503;204.0070;0.0000;633.4319;603248832.0000
104.1503;204.6653;0.0000;630.7736;603248896.0000
104.1503;205.6653;0.0000;634.7485;603248896.0000
104.4669;206.6653;0.0000;633.1152;603248896.0000
104.4669;207.9819;0.0000;632.0902;603248896.0000
104.4669;208.9819;0.0000;635.7235;603248896.0000
104.4669;209.6403;0.0000;632.7736;603248896.0000
104.7836;210.6403;0.0000;632.0652;603248896.0000
104.7836;211.2986;0.0000;635.7235;603248896.0000
104.4419;212.2986;0.0000;633.4319;603248896.0000
104.1002;213.2986;0.0000;635.0401;603248896.0000
104.1002;213.9569;0.0000;638.0652;603248896.0000
103.7585;214.9569;0.0000;633.6984;603248896.0000
103.4168;215.9569;0.0000;637.6733;603248896.0000
103.4168;216.6152;0.0000;637.3818;603248960.0000
103.0751;217.6152;0.0000;636.0151;603249024.0000
103.0751;218.6152;0.0000;639.9900;603249024.0000
103.7335;219.2735;0.0000;638.0401;603249024.0000
104.0501;220.2735;0.0000;637.3317;603249024.0000
104.3667;221.2735;0.0000;640.2816;603249024.0000
105.0250;222.2735;0.0000;638.0150;603249024.0000
105.3417;223.5902;0.0000;640.9650;603249024.0000
106.0000;224.5902;0.0000;640.2816;603249024.0000
106.3166;225.5902;0.0000;639.3317;603249024.0000
106.9749;226.2485;0.0000;640.6233;603249024.0000
106.6333;227.2485;0.0000;642.9900;603249024.0000
107.2916;228.2485;0.0000;640.9399;603249024.0000
107.6082;228.5901;0.0000;646.2064;603249024.0000
107.2665;229.2485;0.0000;644.9149;603249024.0000
107.9248;230.2485;0.0000;646.8647;603249088.0000
107.9248;231.2485;0.0000;650.4980;603249088.0000
107.9248;232.2485;0.0000;646.8647;603249088.0000
107.5832;233.2485;0.0000;649.8146;603249088.0000
107.5832;233.5901;0.0000;651.4730;603249152.0000
107.8998;234.9068;0.0000;648.1814;603249152.0000
108.2164;235.9068;0.0000;653.1313;603249152.0000
108.8747;236.9068;0.0000;653.8146;603249152.0000
108.8747;237.9068;0.0000;651.1564;603249152.0000
109.5331;238.2485;0.0000;654.7645;603249152.0000
109.8497;238.9068;0.0000;651.1564;603249152.0000
109.8497;239.2485;0.0000;652.1062;603249152.0000
110.1663;240.2485;0.0000;655.7395;603249152.0000
110.1663;240.5901;0.0000;651.4730;603249152.0000
110.8246;241.5902;0.0000;654.7645;603249216.0000
110.8246;241.5902;0.0000;656.0812;603249216.0000
110.8246;242.5901;0.0000;651.4730;603249216.0000
111.4830;242.9318;0.0000;653.7395;603249216.0000
111.4830;243.5902;0.0000;654.7645;603249216.0000
112.1413;243.9319;0.0000;651.7645;603249216.0000
111.7996;244.9318;0.0000;654.6895;603249216.0000
111.7996;245.5902;0.0000;653.7395;603249216.0000
112.4579;245.9319;0.0000;653.0562;603249216.0000
113.1162;246.9319;0.0000;655.7145;603249216.0000
113.1162;247.9318;0.0000;654.0812;603249216.0000
113.7745;247.9318;0.0000;653.3728;603249216.0000
113.4329;248.9319;0.0000;656.3728;603249216.0000
114.0912;249.2735;0.0000;653.7395;603249280.0000
114.0912;250.2735;0.0000;655.3728;603249280.0000
114.0912;250.6152;0.0000;652.9810;603249280.0000
114.7495;250.9569;0.0000;653.0562;603249280.0000
114.7495;251.9569;0.0000;655.6894;603249280.0000
114.7495;252.2986;0.0000;654.0562;603249280.0000
115.4078;253.2986;0.0000;653.0311;603249280.0000
115.4078;253.6403;0.0000;656.6644;603249280.0000
116.0661;254.6403;0.0000;654.0562;603249280.0000
116.0661;255.6403;0.0000;654.0311;603249280.0000
116.7244;255.9819;0.0000;656.6894;603249280.0000
116.3828;256.9819;4.1002;653.3978;603249280.0000
117.0411;257.3236;0.0000;656.0060;603249280.0000
117.0411;258.3236;4.1002;656.0311;603249344.0000
117.6994;258.6653;0.0000;653.3728;603249408.0000
117.6994;259.6653;0.0000;655.9810;603249408.0000
117.6994;260.0070;0.0000;655.0311;603249408.0000
118.3577;261.0070;4.1002;654.3477;603249408.0000
118.3577;261.3487;0.0000;657.9810;603249408.0000
118.3577;262.3487;4.1002;654.0311;603249408.0000
119.0160;262.6904;0.0000;653.2976;603249408.0000
119.0160;263.6904;0.0000;656.6393;603249408.0000
119.6743;264.0320;0.0000;653.3477;603249408.0000
119.6743;265.0320;0.0000;655.9810;603249408.0000
120.3327;266.0320;4.1002;656.3226;603249408.0000
120.3327;266.3737;0.0000;653.3227;603249408.0000
120.9910;267.3737;0.0000;655.9810;603249408.0000
120.9910;267.7154;0.0000;655.6643;603249408.0000
121.6493;268.7154;0.0000;651.9810;603249472.0000
121.9910;269.0571;0.0000;657.3226;603249472.0000
122.6493;270.0571;0.0000;653.3477;603249472.0000
122.6493;270.0571;0.0000;653.6393;603249536.0000
123.3076;271.0571;0.0000;657.9559;603249536.0000
123.3076;271.3988;0.0000;653.3477;603249536.0000
123.9659;271.7405;0.0000;655.2976;603249536.0000
123.9659;272.7405;0.0000;656.6393;603249536.0000
124.9659;273.7405;0.0000;653.3477;603249536.0000
125.6242;274.7404;0.0000;656.6393;603249536.0000
126.2826;275.0822;0.0000;656.6644;603249536.0000
126.9409;276.0822;0.0000;652.6393;603249536.0000
126.9409;277.0822;0.0000;657.9559;603249536.0000
127.5992;278.0822;0.0000;655.3477;603249536.0000
128.5992;278.4238;0.0000;655.3226;603249600.0000
129.2575;279.4238;0.0000;658.6393;603249600.0000
129.5992;280.4238;0.0000;654.6895;603249600.0000
130.2575;280.7655;0.0000;656.9810;603249600.0000
130.9158;281.7655;0.0000;658.6393;603249600.0000
131.5741;282.1072;0.0000;655.3477;603249600.0000
132.2325;283.4489;0.0000;658.9810;603249600.0000
132.8908;283.7906;0.0000;659.6644;603249600.0000
133.5491;284.4739;0.0000;657.3477;603249600.0000
134.2074;285.4739;0.0000;660.3227;603249600.0000
134.5491;286.1573;0.0000;658.7145;603249600.0000
135.2074;287.1573;0.0000;659.3727;603249600.0000
135.8657;287.8407;0.0000;662.0060;603249600.0000
136.5240;288.8407;0.0000;659.7395;603249664.0000
137.1824;289.1823;0.0000;661.0311;603249664.0000
138.8407;289.5240;0.0000;662.0060;603249664.0000
139.4990;290.5240;0.0000;659.0562;603249664.0000
140.1573;290.8657;0.0000;663.0060;603249664.0000
141.1573;291.2074;0.0000;662.3728;603249664.0000
141.8156;292.5491;0.0000;660.7145;603249664.0000
142.8156;292.8908;0.0000;663.6894;603249664.0000
143.4739;293.2325;0.0000;662.3978;603249664.0000
144.1323;293.5742;0.0000;661.7145;603249664.0000
144.7906;294.5741;0.0000;666.0311;603249664.0000
145.7906;294.9158;0.0000;662.0812;603249664.0000
146.4489;295.2575;0.0000;663.0562;603249664.0000
147.1072;295.5992;0.0000;665.7145;603249728.0000
148.1072;296.5992;0.0000;662.0812;603249792.0000
148.7655;296.9409;0.0000;663.6894;603249792.0000
149.7655;297.2825;0.0000;665.7395;603249792.0000
150.7655;297.9409;0.0000;662.0812;603249792.0000
151.4238;298.2826;0.0000;665.0562;603249792.0000
152.4238;298.6242;0.0000;664.4229;603249792.0000
153.0822;298.6242;7.8998;663.0812;603249792.0000
153.7405;298.9659;0.0000;667.0311;603249792.0000
154.7405;299.9659;0.0000;663.4479;603249792.0000
155.3988;299.9659;7.8998;663.7395;603249792.0000
156.0571;300.3076;0.0000;667.3978;603249792.0000
157.7154;300.3076;0.0000;662.7896;603249792.0000
158.3737;300.9659;0.0000;664.7145;603249792.0000
160.0320;301.3076;0.0000;665.7395;603249792.0000
161.3487;301.9659;0.0000;663.1062;603249856.0000
162.0070;302.3076;0.0000;665.0562;603249856.0000
163.6653;303.3076;0.0000;666.0812;603249856.0000
164.3236;303.3076;0.0000;663.4229;603249920.0000
165.3236;303.3076;0.0000;667.0311;603249920.0000
165.9819;304.3076;0.0000;664.7896;603249920.0000
167.2986;304.3076;0.0000;664.0812;603249920.0000
168.2986;304.6493;0.0000;667.0562;603249920.0000
168.9569;304.6493;0.0000;660.0562;603249920.0000
169.9569;305.6493;0.0000;665.7395;603249920.0000
170.9569;305.6493;0.0000;667.3978;603249920.0000
172.2735;305.9910;0.0000;663.1313;603249920.0000
172.9318;305.9910;0.0000;666.0812;603249920.0000
173.5902;306.3326;0.0000;666.4229;603249920.0000
175.2485;306.3326;0.0000;664.4479;603249984.0000
176.2485;306.6743;0.0000;667.3978;603249984.0000
176.9068;307.6743;0.0000;664.7896;603249984.0000
178.5651;307.0160;0.0000;665.4229;603249984.0000
179.2234;307.3577;0.0000;668.0812;603249984.0000
179.8817;307.3577;0.0000;664.7896;603249984.0000
180.8818;307.6994;0.0000;665.7395;603249984.0000
182.1984;307.6994;0.0000;667.3978;603249984.0000
183.1984;307.6994;0.0000;664.7896;603249984.0000
183.8567;307.6994;0.0000;667.7395;603249984.0000
184.5150;308.0411;0.0000;666.7645;603249984.0000
185.5150;308.0411;0.0000;664.4479;603249984.0000
186.1733;308.3828;0.0000;669.0812;603249984.0000
187.8316;308.3828;0.0000;665.4730;603249984.0000
188.4900;308.0661;0.0000;662.6894;603250048.0000
189.1483;308.0661;7.8998;669.0812;603250048.0000
190.8066;308.4078;0.0000;665.1313;603250048.0000
191.4649;308.4078;0.0000;666.7645;603250048.0000
192.4649;308.4078;0.0000;668.4229;603250048.0000
193.7816;308.7495;0.0000;665.4730;603250048.0000
194.4398;308.7495;0.0000;667.4229;603250048.0000
195.4399;309.0912;0.0000;667.7645;603250048.0000
196.7565;308.4329;0.0000;664.7896;603250048.0000
197.4148;308.4329;0.0000;668.0812;603250048.0000
198.4148;308.1162;0.0000;665.8147;603250048.0000
199.7314;308.1162;7.8998;664.7896;603250112.0000
200.7314;308.1162;0.0000;669.7645;603250112.0000
201.3898;307.7996;7.8998;665.8147;603250176.0000
202.3898;307.7996;0.0000;665.4479;603250176.0000
203.7064;308.1413;0.0000;669.1062;603250176.0000
204.7064;307.4829;0.0000;664.4730;603250176.0000
206.0230;307.4829;0.0000;667.7645;603250176.0000
206.6813;307.8246;0.0000;667.7896;603250176.0000
208.3397;307.8246;0.0000;664.1313;603250176.0000
208.9980;307.1663;0.0000;667.7645;603250176.0000
210.6563;307.5080;0.0000;667.4730;603250176.0000
211.9729;307.5080;0.0000;664.7896;603250176.0000
212.9729;307.8497;0.0000;669.4229;603250176.0000
214.6312;307.1913;0.0000;665.4980;603250176.0000
215.9479;307.1913;0.0000;664.1062;603250176.0000
217.6062;306.8748;0.0000;669.7896;603250176.0000
218.6062;306.8748;0.0000;664.4980;603250176.0000
219.9228;306.5581;0.0000;667.4479;603250240.0000
220.9228;306.5581;0.0000;667.7896;603250304.0000
221.9228;306.2415;0.0000;665.1564;603250304.0000
223.2395;306.2415;0.0000;668.4479;603250304.0000
224.2395;305.5832;0.0000;667.4730;603250304.0000
225.2395;305.9248;0.0000;664.7896;603250304.0000
225.8978;305.2665;0.0000;669.4479;603250304.0000
226.8978;305.6082;0.0000;666.4980;603250304.0000
227.8978;304.9499;0.0000;665.1313;603250304.0000
228.5561;304.2916;0.0000;669.4479;603250304.0000
229.5561;304.6332;0.0000;665.5231;603250304.0000
230.5561;303.9749;0.0000;667.1062;603250304.0000
231.5561;303.6583;0.0000;669.1313;603250304.0000
232.2144;303.0000;0.0000;665.5231;603250368.0000
233.2144;303.3417;0.0000;667.7896;603250368.0000
233.5561;302.6833;0.0000;668.1564;603250368.0000
234.2144;302.0250;0.0000;666.4980;603250368.0000
235.2144;301.7084;0.0000;669.1313;603250368.0000
236.8727;301.0501;0.0000;667.1814;603250368.0000
237.8727;301.3918;0.0000;667.1313;603250368.0000
238.8727;300.7335;0.0000;670.1313;603250368.0000
240.5310;300.4168;0.0000;666.8647;603250368.0000
241.5310;299.7585;0.0000;668.1564;603250368.0000
242.1894;299.1002;0.0000;669.8147;603250368.0000
243.1894;299.4419;0.0000;665.8898;603250368.0000
244.8477;298.7836;0.0000;669.1564;603250368.0000
245.8477;298.1252;0.0000;671.2064;603250368.0000
246.5060;297.8086;0.0000;667.5231;603250432.0000
247.5060;297.1503;0.0000;670.1564;603250432.0000
248.5060;296.8337;0.0000;668.2064;603250432.0000
249.5060;296.1754;0.0000;668.4980;603250432.0000
251.1643;295.5170;0.0000;671.8146;603250432.0000
252.1643;294.8587;0.0000;669.1814;603250432.0000
252.8226;294.5421;0.0000;670.7896;603250432.0000
253.8226;293.2255;0.0000;674.1313;603250432.0000
254.8226;292.5671;0.0000;670.1814;603250432.0000
255.8226;292.2505;0.0000;673.1313;603250432.0000
256.8226;290.9339;0.0000;674.5231;603250432.0000
257.8226;290.6172;0.0000;670.8397;603250496.0000
258.8226;289.9589;0.0000;674.1313;603250496.0000
259.8226;288.9840;0.0000;672.5231;603250496.0000
259.8226;288.3257;0.0000;673.1313;603250560.0000
260.8226;287.3507;0.0000;680.3978;603250560.0000
261.8226;286.6924;0.0000;678.4479;603250560.0000
262.1643;285.3757;0.0000;681.7145;603250560.0000
262.8477;284.4008;7.8998;686.3477;603250560.0000
263.8477;283.0842;4.1002;685.6895;603250560.0000
264.1894;282.4258;0.0000;690.9559;603250560.0000
264.5310;281.1092;0.0000;692.2976;603250560.0000
265.5310;280.1343;4.1002;690.9810;603250560.0000
265.8727;279.4760;0.0000;694.2726;603250560.0000
266.2144;278.1593;0.0000;692.6393;603250560.0000
267.5561;277.8427;0.0000;689.2225;603250560.0000
267.8978;276.5261;0.0000;696.2475;603250560.0000
269.2394;275.8677;0.0000;692.9810;603250560.0000
269.5811;275.5511;0.0000;693.6143;603250624.0000
270.5811;274.8928;0.0000;696.2726;603250688.0000
271.2645;273.5761;0.0000;692.6643;603250688.0000
272.2645;272.9178;0.0000;695.2476;603250688.0000
272.9479;272.6012;0.0000;695.6393;603250688.0000
273.9479;271.9429;4.1002;693.6643;603250688.0000
274.6312;270.6263;0.0000;697.2726;603250688.0000
275.6313;269.9680;0.0000;696.3226;603250688.0000
276.6312;269.3096;4.1002;694.9559;603250688.0000
277.9729;268.6513;0.0000;699.5892;603250688.0000
278.3146;267.9930;0.0000;698.2976;603250688.0000
279.6563;267.3347;0.0000;699.5641;603250688.0000
280.6563;266.6764;0.0000;706.1974;603250688.0000
281.3397;266.0180;0.0000;704.8808;603250688.0000
282.3397;264.7014;0.0000;709.7806;603250752.0000
283.0230;264.0431;0.0000;712.7806;603250752.0000
283.3647;263.3848;4.1002;711.4640;603250752.0000
283.7064;262.7264;0.0000;714.4138;603250752.0000
284.3898;262.7264;0.0000;715.4388;603250752.0000
284.7314;262.0681;4.1002;712.7806;603250752.0000
285.0731;261.4098;7.8998;717.3888;603250752.0000
285.7565;260.7515;0.0000;715.0972;603250752.0000
286.0982;260.0932;7.8998;716.0721;603250752.0000
286.4399;259.0932;0.0000;719.7305;603250752.0000
287.1232;258.4349;0.0000;715.4640;603250752.0000
287.4649;257.7766;0.0000;716.7305;603250752.0000
287.8066;257.7766;7.8998;720.0721;603250752.0000
289.1483;257.1183;0.0000;717.4640;603250816.0000
289.8316;256.1182;7.8998;719.7305;603250816.0000
290.1733;255.4599;4.1002;719.0972;603250816.0000
291.5150;254.8016;0.0000;715.7806;603250816.0000
291.8567;254.8016;0.0000;721.0721;603250816.0000
292.8567;254.1433;7.8998;718.4640;603250816.0000
293.1984;253.1433;0.0000;718.0972;603250816.0000
293.8817;252.4850;0.0000;722.0721;603250816.0000
295.2234;251.1683;0.0000;718.8057;603250816.0000
295.5651;250.5100;0.0000;721.4389;603250816.0000
295.9068;249.8517;0.0000;715.8557;603250880.0000
296.2485;249.1934;0.0000;722.4388;603250880.0000
296.5902;247.5351;0.0000;725.3888;603250880.0000
297.2735;246.8768;0.0000;728.0471;603250880.0000
298.2735;245.8768;0.0000;725.0721;603250944.0000
298.9569;245.2184;0.0000;728.3387;603250944.0000
299.2986;243.9018;0.0000;726.7555;603250944.0000
299.6403;243.2435;0.0000;727.3888;603250944.0000
299.9819;242.5852;0.0000;732.3387;603250944.0000
300.3236;241.2685;0.0000;729.7555;603250944.0000
300.6653;240.2686;0.0000;728.7054;603250944.0000
301.0070;239.2685;4.1002;732.6804;603250944.0000
301.6904;237.9519;0.0000;730.0972;603250944.0000
302.3737;236.9519;4.1002;733.0471;603250944.0000
303.0571;235.2936;0.0000;733.4138;603250944.0000
303.3988;234.6353;0.0000;730.4389;603250944.0000
304.0822;232.9770;0.0000;734.0471;603250944.0000
305.0822;231.3186;0.0000;733.7806;603250944.0000
305.7655;230.6603;0.0000;732.0972;603251072.0000
306.1072;229.0020;0.0000;738.3888;603251072.0000
306.7906;228.3437;0.0000;732.8057;603251072.0000
306.4739;226.6854;0.0000;734.4389;603251072.0000
307.1573;225.6854;0.0000;739.7555;603251072.0000
307.4990;224.0271;0.0000;733.8307;603251072.0000
308.1823;223.0271;0.0000;734.0221;603251072.0000
308.8657;221.3687;0.0000;737.4639;603251072.0000
309.5491;220.3687;0.0000;734.8307;603251072.0000
309.8908;219.3687;0.0000;738.4389;603251072.0000
309.9158;218.7104;0.0000;737.4890;603251072.0000
310.2575;217.0521;0.0000;735.8057;603251072.0000
310.9409;215.7104;0.0000;739.7555;603251072.0000
311.2826;214.7104;0.0000;736.1724;603251072.0000
311.9659;213.7104;0.0000;735.4890;603251136.0000
312.3076;212.7104;0.0000;740.7806;603251136.0000
312.6493;211.3687;0.0000;735.8557;603251136.0000
312.9910;210.3687;0.0000;737.4639;603251136.0000
313.3326;208.7104;7.8998;739.4890;603251136.0000
313.0160;207.7104;0.0000;735.8557;603251200.0000
313.3577;206.7104;7.8998;737.8057;603251200.0000
313.6994;205.7104;0.0000;739.4890;603251200.0000
313.3828;204.7104;0.0000;735.1724;603251200.0000
313.7244;203.7104;0.0000;738.8307;603251200.0000
314.0661;202.7104;0.0000;737.8807;603251200.0000
313.4078;201.7104;0.0000;736.1724;603251200.0000
313.7495;200.0521;0.0000;741.1724;603251200.0000
314.0912;199.3938;0.0000;736.5391;603251200.0000
313.4329;198.3938;0.0000;739.1724;603251264.0000
313.7745;197.3938;0.0000;739.7555;603251264.0000
313.4579;196.3938;0.0000;737.8807;603251264.0000
313.4579;195.3938;0.0000;741.8057;603251264.0000
313.1413;194.3938;0.0000;740.1974;603251264.0000
313.1413;193.7355;0.0000;740.5140;603251264.0000
312.8246;192.7355;4.1002;743.1473;603251264.0000
312.5080;191.7355;0.0000;741.1724;603251264.0000
312.8497;190.7355;0.0000;743.4890;603251264.0000
312.1914;189.0772;0.0000;748.1223;603251264.0000
311.8747;188.0772;0.0000;744.1724;603251264.0000
312.2164;187.0772;4.1002;743.3888;603251264.0000
311.8998;186.0772;0.0000;750.4388;603251264.0000
311.2415;185.7355;0.0000;745.8307;603251328.0000
310.9248;184.3938;0.0000;750.0972;603251328.0000
310.2665;183.3938;0.0000;751.7806;603251328.0000
310.6082;182.7355;0.0000;747.8056;603251328.0000
309.9499;180.7355;0.0000;751.4389;603251328.0000
309.6333;179.7355;0.0000;748.5140;603251328.0000
309.3166;178.7355;0.0000;749.8057;603251328.0000
308.6583;178.0772;4.1002;755.7305;603251328.0000
308.3417;176.4189;0.0000;750.8307;603251328.0000
307.6833;175.4189;0.0000;750.4640;603251328.0000
307.0250;174.4189;0.0000;752.8057;603251328.0000
306.0501;173.7605;0.0000;749.4890;603251328.0000
305.3918;172.1022;0.0000;752.8057;603251328.0000
305.0751;171.1022;0.0000;751.5140;603251328.0000
304.4168;170.1022;0.0000;750.1724;603251456.0000
304.1002;169.1022;0.0000;753.4890;603251456.0000
303.4419;167.4439;0.0000;753.5140;603251456.0000
302.7836;166.7856;0.0000;748.5391;603251456.0000
302.1252;165.7856;0.0000;753.4640;603251456.0000
301.8086;164.7856;0.0000;750.5641;603251456.0000
301.1503;163.7856;0.0000;751.5140;603251456.0000
300.8336;162.7856;0.0000;751.8557;603251456.0000
300.8336;161.7856;0.0000;749.9058;603251456.0000
300.1754;161.1273;0.0000;752.8307;603251456.0000
299.8587;159.4689;0.0000;753.1974;603251456.0000
299.2004;158.4689;0.0000;749.5641;603251456.0000
298.8838;156.8106;0.0000;753.1724;603251456.0000
298.2254;155.8106;0.0000;752.2224;603251456.0000
297.5671;154.4940;0.0000;751.2224;603251520.0000
296.9088;153.4940;0.0000;753.5140;603251520.0000
296.5922;151.4940;0.0000;751.9309;603251520.0000
295.9338;150.4940;0.0000;750.5391;603251520.0000
296.2755;149.8357;0.0000;755.8807;603251584.0000
295.6172;148.1774;0.0000;750.2726;603251584.0000
294.9589;147.1774;0.0000;752.5391;603251584.0000
294.6423;145.5191;0.0000;754.2225;603251584.0000
293.9840;144.5191;0.0000;750.2475;603251584.0000
293.3257;143.5190;0.0000;752.5391;603251584.0000
293.0090;142.5190;0.0000;752.2475;603251584.0000
293.0090;141.5190;0.0000;749.5892;603251584.0000
292.6924;140.5190;0.0000;753.2225;603251584.0000
292.0341;138.8607;0.0000;750.9309;603251584.0000
291.3758;137.8607;0.0000;751.5641;603251648.0000
291.0591;136.5190;0.0000;754.5641;603251648.0000
290.4008;134.8607;4.1002;749.9559;603251648.0000
290.0842;133.8607;0.0000;753.5641;603251648.0000
289.4258;132.8607;4.1002;753.9058;603251648.0000
288.7675;131.8607;0.0000;750.2976;603251648.0000
287.7926;130.5191;0.0000;753.5641;603251648.0000
287.1343;129.5190;0.0000;753.6143;603251648.0000
286.8176;129.1774;4.1002;750.9559;603251648.0000
285.5010;127.8357;0.0000;754.9309;603251648.0000
284.8427;126.8357;4.1002;752.2976;603251648.0000
283.8677;125.8357;0.0000;751.2476;603251648.0000
282.5511;124.8357;0.0000;756.9559;603251648.0000
281.8928;123.8357;0.0000;751.5892;603251712.0000
280.5761;122.8357;0.0000;752.9309;603251712.0000
279.9178;121.8357;0.0000;755.6143;603251712.0000
278.9429;120.4940;0.0000;752.6393;603251712.0000
278.2846;120.1523;0.0000;753.2976;603251712.0000
276.9680;119.1523;0.0000;756.9559;603251712.0000
276.3096;118.1523;0.0000;753.2976;603251712.0000
275.6513;117.4689;0.0000;756.9559;603251712.0000
274.3347;117.1273;0.0000;754.3477;603251712.0000
274.0180;116.1273;0.0000;754.3226;603251712.0000
273.3597;115.7856;0.0000;757.9559;603251712.0000
272.0431;115.1022;0.0000;754.6894;603251712.0000
271.3848;114.1022;0.0000;754.9810;603251712.0000
270.0681;113.7605;7.8998;759.9810;603251712.0000
269.4098;112.7605;0.0000;755.3728;603251840.0000
268.0932;111.7605;0.0000;757.3226;603251840.0000
266.7766;110.7605;0.0000;758.6894;603251840.0000
266.1183;110.0772;0.0000;755.0060;603251840.0000
265.4599;109.0772;0.0000;754.0562;603251840.0000
264.1433;107.7355;0.0000;762.9810;603251840.0000
263.1683;107.3938;0.0000;752.3978;603251840.0000
262.5100;106.0521;0.0000;765.5892;603251840.0000
261.1934;105.7104;0.0000;761.0060;603251840.0000
260.5351;105.3687;0.0000;761.3226;603251840.0000
259.2184;104.3688;0.0000;766.6143;603251840.0000
258.5601;103.6854;0.0000;763.3226;603251840.0000
257.2435;102.6854;0.0000;762.9810;603251840.0000
255.5852;101.6854;0.0000;765.3226;603251840.0000
254.9268;101.3437;0.0000;764.9559;603251904.0000
253.9519;100.0020;0.0000;766.2726;603251904.0000
252.6353;99.6603;0.0000;765.9810;603251904.0000
251.9770;98.3186;0.0000;762.9810;603251904.0000
250.6603;97.9770;0.0000;767.9309;603251968.0000
249.0020;96.9770;0.0000;765.3226;603251968.0000
247.6854;96.6353;0.0000;764.9559;603251968.0000
247.0271;95.2936;0.0000;768.6143;603251968.0000
245.7104;94.9519;4.1002;763.0311;603251968.0000
245.0521;94.6102;0.0000;767.2976;603251968.0000
243.7355;93.9269;4.1002;767.6393;603251968.0000
242.7355;92.9269;0.0000;766.3477;603251968.0000
241.4189;92.5852;0.0000;767.9559;603251968.0000
240.7605;92.2435;0.0000;766.6643;603251968.0000
239.4439;91.5601;0.0000;765.9810;603252032.0000
238.7856;91.2184;0.0000;769.2726;603252032.0000
237.4689;90.5351;0.0000;766.3477;603252032.0000
236.1523;90.1934;0.0000;765.3226;603252032.0000
235.1523;88.8517;0.0000;769.9559;603252032.0000
233.8357;88.5100;0.0000;765.0311;603252032.0000
233.1774;88.1684;0.0000;767.9559;603252032.0000
231.5190;87.4850;0.0000;769.6393;603252032.0000
230.8607;86.1433;0.0000;765.0311;603252032.0000
229.2024;85.8016;0.0000;768.2976;603252032.0000
228.5441;85.1182;0.0000;768.3226;603252032.0000
227.2275;84.7766;0.0000;766.6643;603252032.0000
226.2275;84.4349;0.0000;769.6393;603252032.0000
224.9108;83.7515;0.0000;767.3728;603252032.0000
223.9108;83.4098;0.0000;767.0060;603252096.0000
223.2525;82.7265;0.0000;769.9810;603252096.0000
222.5942;82.3848;0.0000;766.0562;603252096.0000
221.5942;81.7014;0.0000;768.3226;603252096.0000
220.9359;81.3597;0.0000;770.6643;603252096.0000
219.9359;81.0180;0.0000;765.7145;603252096.0000
218.9359;80.9930;0.0000;769.6644;603252096.0000
218.2776;80.6513;0.0000;770.6643;603252096.0000
217.2776;79.9679;0.0000;765.7145;603252096.0000
216.9359;80.2846;0.0000;770.3226;603252096.0000
216.2776;79.9429;0.0000;767.0812;603252096.0000
215.2776;79.2595;0.0000;767.0311;603252096.0000
214.2776;78.9178;0.0000;770.6643;603252160.0000
213.9359;79.2345;0.0000;765.7145;603252160.0000
213.2776;78.8928;4.1002;767.6643;603252224.0000
212.9359;79.2094;0.0000;770.3477;603252224.0000
212.2776;78.5261;0.0000;766.3978;603252224.0000
211.2776;78.1844;0.0000;769.0060;603252224.0000
210.6193;77.8427;0.0000;768.6894;603252224.0000
209.6193;78.1593;0.0000;765.3978;603252224.0000
208.6192;77.8176;0.0000;769.0060;603252224.0000
207.9609;77.4760;0.0000;767.0812;603252224.0000
206.9609;77.7926;0.0000;767.3728;603252224.0000
205.9609;77.4509;0.0000;770.6643;603252224.0000
205.6192;77.1092;0.0000;766.0562;603252224.0000
204.9609;77.4259;0.0000;766.0562;603252224.0000
203.9609;76.7425;0.0000;772.3728;603252224.0000
202.9609;77.4008;0.0000;766.0812;603252288.0000
202.6193;77.0591;0.0000;769.3728;603252288.0000
201.6192;76.7174;0.0000;769.7145;603252288.0000
200.9609;77.0341;0.0000;764.4229;603252352.0000
199.9609;77.0341;0.0000;769.0311;603252352.0000
198.9609;77.3507;0.0000;768.7395;603252352.0000
197.6443;77.0090;0.0000;764.7395;603252352.0000
196.6443;76.6673;0.0000;771.3477;603252352.0000
194.9860;76.3257;0.0000;765.1062;603252352.0000
193.9860;76.6423;0.0000;766.0562;603252352.0000
192.6694;76.3006;0.0000;772.0060;603252352.0000
191.0110;76.6172;0.0000;765.1062;603252352.0000
190.3527;76.2756;0.0000;765.0812;603252352.0000
188.6944;76.5922;0.0000;759.8397;603252352.0000
187.6944;76.5922;0.0000;765.1062;603252416.0000
187.0361;76.2505;0.0000;761.1312;603252416.0000
186.6944;76.5671;0.0000;761.8146;603252416.0000
186.0361;76.2254;0.0000;755.7645;603252416.0000
185.0361;76.8838;0.0000;763.4479;603252416.0000
184.0361;77.2004;0.0000;757.8647;603252416.0000
183.3778;77.2004;0.0000;758.8146;603252416.0000
182.3778;76.8587;0.0000;760.8147;603252416.0000
181.3778;77.1754;0.0000;757.8647;603252416.0000
180.7195;76.8337;0.0000;759.7145;603252416.0000
179.0611;77.1503;0.0000;763.4980;603252416.0000
178.4028;77.1503;0.0000;759.1814;603252416.0000
177.4028;77.4669;0.0000;761.4980;603252416.0000
176.0862;77.1253;4.1002;761.1564;603252416.0000
175.0862;77.7836;0.0000;758.1564;603252480.0000
173.4279;78.1002;0.0000;762.1062;603252480.0000
172.4279;78.1002;0.0000;755.1313;603252480.0000
171.7696;78.4168;0.0000;760.4980;603252480.0000
170.1112;78.7335;0.0000;761.7645;603252480.0000
169.1112;79.0501;4.1002;757.8647;603252480.0000
168.4529;79.7084;0.0000;758.8146;603252480.0000
167.4529;79.3667;0.0000;761.8146;603252480.0000
166.4529;79.6834;0.0000;758.1814;603252480.0000
165.4529;80.0000;0.0000;761.1062;603252480.0000
164.4529;80.6583;0.0000;760.8147;603252480.0000
162.7946;80.9749;4.1002;760.1564;603252480.0000
162.1363;81.2916;0.0000;760.7645;603252544.0000
161.1363;81.9499;4.1002;758.8146;603252544.0000
160.1363;82.2665;0.0000;758.1564;603252608.0000
159.1363;82.5832;0.0000;762.0812;603252608.0000
158.1363;83.2415;0.0000;759.4730;603252608.0000
157.1363;83.5581;0.0000;759.4479;603252608.0000
156.7946;83.5581;4.1002;762.4229;603252608.0000
155.7946;83.8747;0.0000;758.8146;603252608.0000
155.4529;84.1914;0.0000;762.3978;603252608.0000
154.4529;84.8497;4.1002;760.7645;603252608.0000
153.4529;85.1663;0.0000;759.4479;603252608.0000
153.1112;84.8246;0.0000;762.0562;603252608.0000
152.1112;85.4830;4.1002;760.7645;603252608.0000
151.1112;85.7996;4.1002;758.0812;603252608.0000
150.1112;85.7996;4.1002;762.0562;603252608.0000
149.7696;86.1162;0.0000;760.1313;603252608.0000
148.7696;85.7745;0.0000;761.0812;603252672.0000
148.4279;86.4329;0.0000;762.3978;603252672.0000
148.0862;86.0912;4.1002;760.1062;603252736.0000
147.7445;86.7495;0.0000;763.0562;603252736.0000
146.7445;86.4078;0.0000;763.0562;603252736.0000
146.4028;86.7244;0.0000;760.1062;603252736.0000
145.4028;87.3828;0.0000;763.0562;603252736.0000
145.0611;87.0411;0.0000;762.1062;603252736.0000
144.7195;87.3577;0.0000;761.0812;603252736.0000
143.7195;87.3577;0.0000;765.0562;603252736.0000
143.3778;88.0160;0.0000;762.1062;603252736.0000
143.0361;87.6743;0.0000;763.0562;603252736.0000
142.6944;88.3327;0.0000;764.7145;603252736.0000
141.3527;88.6493;0.0000;758.1564;603252736.0000
141.0110;88.3076;0.0000;763.0562;603252800.0000
140.3527;88.6242;0.0000;763.7145;603252800.0000
140.0110;88.6242;0.0000;761.7645;603252800.0000
139.6693;88.9409;0.0000;763.7145;603252800.0000
138.6693;88.9409;0.0000;765.3978;603252800.0000
137.9860;89.2575;0.0000;761.0812;603252800.0000
137.3277;89.5741;0.0000;765.0311;603252800.0000
136.9860;89.9158;0.0000;761.7645;603252800.0000
135.9860;90.2325;0.0000;762.0311;603252800.0000
134.9860;90.5491;0.0000;764.6894;603252800.0000
133.9860;90.5491;0.0000;761.0812;603252800.0000
132.9860;90.8657;0.0000;763.3728;603252800.0000
131.9860;91.5240;0.0000;767.3477;603252800.0000
131.6443;91.5240;0.0000;761.0812;603252864.0000
130.6443;91.8407;0.0000;764.3477;603252864.0000
129.6443;92.4990;0.0000;764.0311;603252864.0000
128.6443;92.1573;0.0000;760.7395;603252864.0000
127.6443;92.8156;0.0000;763.3477;603252864.0000
126.6443;93.1323;0.0000;760.7145;603252864.0000
125.6443;93.7906;0.0000;763.3477;603252864.0000
124.3026;93.7906;0.0000;765.9810;603252864.0000
123.3026;93.7655;0.0000;763.0562;603252864.0000
122.3026;94.4238;0.0000;763.6643;603252864.0000
121.3026;95.0822;0.0000;765.6644;603252864.0000
120.3026;95.7405;0.0000;762.6894;603252928.0000
119.6443;96.3988;0.0000;763.6643;603252928.0000
118.6443;97.0571;0.0000;764.9810;603252928.0000
117.6443;97.7154;0.0000;762.6894;603252992.0000
117.6443;97.7154;0.0000;763.6643;603252992.0000
116.6443;98.3737;0.0000;762.6894;603252992.0000
115.6443;98.6904;0.0000;761.3477;603252992.0000
115.3026;99.3487;4.1002;767.2976;603252992.0000
114.3026;100.0070;0.0000;762.6894;603252992.0000
113.3026;100.3236;0.0000;761.3477;603252992.0000
112.9609;100.3236;0.0000;767.2976;603252992.0000
111.9609;100.9819;0.0000;764.0060;603252992.0000
110.9609;101.6403;0.0000;764.9559;603252992.0000
110.6193;102.2986;0.0000;762.9810;603252992.0000
109.6193;102.9569;0.0000;761.9810;603252992.0000
108.6193;103.6152;0.0000;766.2726;603252992.0000
107.6193;104.2735;0.0000;763.6643;603252992.0000
107.2776;104.5902;0.0000;762.9810;603253056.0000
106.2776;105.2485;0.0000;767.9309;603253120.0000
105.9359;105.9068;0.0000;764.0060;603253120.0000
104.9359;106.5651;0.0000;764.2976;603253120.0000
104.5942;107.2234;0.0000;767.6143;603253120.0000
104.2525;107.8817;4.1002;761.0060;603253120.0000
103.2525;109.1984;0.0000;767.2475;603253120.0000
102.9108;109.8567;0.0000;766.9309;603253120.0000
102.5692;110.5150;0.0000;762.0060;603253120.0000
101.5692;111.1733;0.0000;767.2475;603253120.0000
101.2275;112.4900;0.0000;765.9559;603253120.0000
100.5692;113.1483;0.0000;763.2726;603253120.0000
100.2275;113.8066;0.0000;768.2476;603253120.0000
99.8858;114.4649;0.0000;762.9810;603253120.0000
98.8858;115.1232;4.1002;764.9309;603253184.0000
98.5441;116.4399;0.0000;767.5641;603253184.0000
97.5441;117.0982;0.0000;762.3227;603253184.0000
97.2024;118.4148;0.0000;766.5641;603253184.0000
96.8607;119.0731;0.0000;767.5892;603253184.0000
95.8607;120.3898;0.0000;762.6393;603253184.0000
95.8607;121.0481;0.0000;765.9309;603253184.0000
94.8607;122.3647;0.0000;765.9309;603253184.0000
94.5191;123.6813;0.0000;764.2475;603253184.0000
94.1774;124.9980;0.0000;768.5391;603253184.0000
93.1774;125.9980;0.0000;765.2726;603253184.0000
92.8357;127.3146;0.0000;765.5641;603253184.0000
92.4940;128.6312;0.0000;766.5641;603253184.0000
91.4940;129.9479;0.0000;763.2475;603253248.0000
91.1523;130.6062;0.0000;765.5391;603253248.0000
89.8106;131.9228;0.0000;767.2225;603253248.0000
89.1523;132.5811;0.0000;763.5892;603253248.0000
88.8106;133.8978;0.0000;765.8807;603253248.0000
87.8106;134.5561;0.0000;767.2225;603253248.0000
87.4689;135.8727;0.0000;764.5892;603253248.0000
86.4689;136.5310;0.0000;766.1974;603253248.0000
86.4689;137.8477;0.0000;763.9309;603253248.0000
85.4689;139.1643;4.1002;762.5641;603253248.0000
85.1273;139.8226;0.0000;766.1974;603253248.0000
85.1273;141.4809;0.0000;764.5892;603253312.0000
84.1273;142.7976;0.0000;764.8808;603253312.0000
83.7856;143.7976;0.0000;766.5641;603253312.0000
83.4439;145.1142;0.0000;763.5641;603253376.0000
83.1022;146.4308;4.1002;766.8307;603253376.0000
82.7605;147.7475;0.0000;766.5391;603253376.0000
82.4189;149.0641;0.0000;764.2475;603253376.0000
82.0772;149.7224;0.0000;768.5391;603253376.0000
81.7355;151.0391;0.0000;765.2476;603253376.0000
81.3938;151.6974;0.0000;766.1974;603253376.0000
81.0521;153.0140;0.0000;770.5140;603253376.0000
81.0521;153.6723;0.0000;765.5641;603253376.0000
80.7104;154.3306;0.0000;765.1974;603253376.0000
80.7104;155.6473;0.0000;768.5140;603253376.0000
80.3688;156.6473;0.0000;763.5641;603253376.0000
80.0271;157.3056;0.0000;767.5140;603253376.0000
80.0271;157.9639;7.8998;766.8557;603253376.0000
79.6854;159.2805;7.8998;762.2224;603253440.0000
79.3437;159.9388;0.0000;767.1724;603253504.0000
79.0020;161.2555;7.8998;763.9058;603253504.0000
78.6603;161.9138;0.0000;756.2976;603253504.0000
78.3186;162.5721;0.0000;759.5892;603253504.0000
78.3186;163.2304;0.0000;757.6393;603253504.0000
77.9770;163.8887;4.1002;756.2726;603253504.0000
77.6353;164.5471;0.0000;759.5892;603253504.0000
77.2936;165.5471;0.0000;755.9810;603253504.0000
76.9519;166.2054;0.0000;758.2476;603253504.0000
76.6102;166.8637;0.0000;757.2475;603253504.0000
76.2685;167.5220;0.0000;755.2726;603253504.0000
75.9269;168.1803;0.0000;757.5892;603253504.0000
75.9269;168.8387;0.0000;758.2726;603253504.0000
75.5852;168.8387;0.0000;755.5892;603253568.0000
75.2435;169.4970;4.1002;758.5391;603253568.0000
75.5601;170.4970;0.0000;754.2726;603253568.0000
75.2184;171.4970;0.0000;753.5641;603253568.0000
74.8768;172.1553;4.1002;757.8557;603253568.0000
74.5351;172.8136;0.0000;752.5892;603253568.0000
74.1934;173.4719;0.0000;754.1724;603253568.0000
73.8517;174.4719;0.0000;756.5140;603253568.0000
73.5100;174.8136;0.0000;752.8807;603253568.0000
73.5100;175.8136;0.0000;754.4890;603253568.0000
73.8267;176.4719;0.0000;754.8557;603253568.0000
73.4850;177.4719;0.0000;751.8557;603253568.0000
73.1433;177.4719;0.0000;756.8307;603253568.0000
72.8016;177.7886;4.1002;752.1974;603253568.0000
72.4599;178.4469;0.0000;752.8307;603253632.0000
72.1182;178.4469;4.1002;749.5391;603253632.0000
72.4349;179.1052;4.1002;751.4890;603253632.0000
72.0932;179.7635;0.0000;752.7806;603253632.0000
71.7515;180.1052;0.0000;755.0721;603253632.0000
71.4098;181.1052;0.0000;749.8057;603253632.0000
71.0681;182.1052;0.0000;751.7806;603253632.0000
70.7265;182.1052;4.1002;752.1223;603253632.0000
71.3848;182.7635;0.0000;750.7555;603253632.0000
71.0431;183.4218;0.0000;755.0471;603253632.0000
70.7014;183.7635;4.1002;751.1223;603253696.0000
70.7014;184.7635;0.0000;748.9971;603253696.0000
71.0180;185.4218;0.0000;754.3387;603253696.0000
70.6764;185.4218;4.1002;749.7305;603253696.0000
70.3347;186.4218;0.0000;749.7305;603253760.0000
69.9930;187.4218;0.0000;753.6804;603253760.0000
69.6513;188.4218;0.0000;747.7555;603253760.0000
69.3096;188.7635;0.0000;751.0221;603253760.0000
68.9679;189.4218;0.0000;751.0221;603253760.0000
68.9679;190.0801;4.1002;747.7054;603253760.0000
68.6263;190.7384;0.0000;752.3136;603253760.0000
67.9429;191.0801;4.1002;749.0471;603253760.0000
67.6012;192.0801;0.0000;747.6804;603253760.0000
67.2595;193.0801;0.0000;752.6553;603253760.0000
66.9178;193.0801;0.0000;748.0221;603253760.0000
66.5762;193.7384;0.0000;745.6804;603253760.0000
66.5762;194.7384;0.0000;751.6302;603253760.0000
66.2345;195.7384;0.0000;747.6804;603253824.0000
65.8928;196.3968;0.0000;749.2635;603253888.0000
65.5511;197.0551;0.0000;747.9469;603253888.0000
65.2094;198.0551;0.0000;747.6804;603253888.0000
64.8677;199.0551;0.0000;748.8968;603253888.0000
64.1844;200.0551;0.0000;748.9719;603253888.0000
64.5010;200.7134;0.0000;746.9469;603253888.0000
64.1593;201.7134;0.0000;750.2385;603253888.0000
63.8176;202.7134;0.0000;747.2886;603253888.0000
63.1343;203.7134;0.0000;746.5802;603253888.0000
62.7926;204.3717;0.0000;749.5551;603253888.0000
63.1092;205.3717;0.0000;745.2886;603253888.0000
62.7675;206.3717;0.0000;748.5551;603253888.0000
62.4259;207.3717;0.0000;749.5551;603253888.0000
62.0842;208.0300;0.0000;744.6052;603253888.0000
62.0842;209.0300;0.0000;745.8968;603253952.0000
62.0591;210.0300;0.0000;745.8968;603253952.0000
62.0591;210.6883;0.0000;744.2385;603253952.0000
61.7174;211.6884;0.0000;748.5050;603253952.0000
61.3758;212.6883;0.0000;745.2635;603254016.0000
61.0341;213.6884;0.0000;744.8969;603254016.0000
61.3507;214.3467;0.0000;749.8467;603254016.0000
61.3507;215.3467;0.0000;743.5802;603254016.0000
61.0090;216.0050;0.0000;745.2134;603254016.0000
61.6673;217.0050;0.0000;748.5551;603254016.0000
61.6673;217.6633;0.0000;744.6052;603254016.0000
61.3257;218.6633;0.0000;747.5300;603254016.0000
61.9840;219.3216;0.0000;745.8968;603254016.0000
61.9840;219.9799;0.0000;744.5552;603254080.0000
61.6423;220.9799;0.0000;741.9469;603254080.0000
61.3006;221.6382;0.0000;743.8969;603254080.0000
61.3006;221.9799;0.0000;746.8467;603254080.0000
61.6172;222.9799;0.0000;749.8217;603254080.0000
61.2756;223.9799;0.0000;744.5802;603254080.0000
61.5922;224.9799;0.0000;746.5050;603254080.0000
61.9088;225.3216;0.0000;750.8217;603254080.0000
61.5671;225.9799;0.0000;742.1884;603254080.0000
62.2255;226.9799;0.0000;746.1633;603254080.0000
61.8838;226.9799;0.0000;746.5050;603254080.0000
62.2004;227.9799;0.0000;743.5050;603254080.0000
62.2004;228.6382;0.0000;747.4299;603254080.0000
61.8587;228.9799;0.0000;743.8467;603254080.0000
62.1754;229.6382;0.0000;744.7966;603254144.0000
62.1754;230.6382;0.0000;748.0882;603254144.0000
61.8337;230.9799;0.0000;742.8217;603254144.0000
62.1503;231.9799;0.0000;745.1133;603254144.0000
62.1503;232.6382;0.0000;745.7716;603254144.0000
62.4669;233.6382;0.0000;740.8217;603254144.0000
62.7836;234.6382;4.1002;745.1133;603254144.0000
62.4419;234.9799;0.0000;744.7715;603254144.0000
62.7585;235.9799;0.0000;741.4800;603254144.0000
62.4168;236.6382;4.1002;745.4048;603254144.0000
63.0751;237.6382;0.0000;741.4550;603254144.0000
63.3918;238.6382;0.0000;743.0881;603254144.0000
63.0501;239.2966;0.0000;744.0882;603254144.0000
63.7084;240.2966;0.0000;742.1383;603254208.0000
63.3667;241.2966;0.0000;742.4048;603254272.0000
63.6834;241.6382;4.1002;745.3798;603254272.0000
63.6834;242.2966;0.0000;742.7716;603254272.0000
64.0000;243.2966;0.0000;742.4048;603254272.0000
64.3166;244.2966;0.0000;741.4048;603254272.0000
64.3166;245.2966;0.0000;739.1133;603254272.0000
64.6333;246.2966;4.1002;742.7214;603254272.0000
64.2916;246.9549;0.0000;740.4299;603254272.0000
64.9499;247.9549;0.0000;739.4048;603254272.0000
64.6082;248.9549;0.0000;742.6714;603254272.0000
65.2665;249.9549;0.0000;738.7716;603254272.0000
64.9249;250.2966;0.0000;740.7214;603254272.0000
65.5832;250.9549;0.0000;743.0381;603254272.0000
65.8998;251.9549;0.0000;738.7465;603254272.0000
66.5581;252.9549;0.0000;741.3547;603254336.0000
66.2164;253.9549;0.0000;742.0631;603254336.0000
66.5331;254.6132;0.0000;738.7465;603254336.0000
67.1914;255.2966;0.0000;740.3798;603254400.0000
66.8497;256.2966;0.0000;738.7716;603254400.0000
67.5080;257.2966;0.0000;738.0631;603254400.0000
67.8246;258.2966;0.0000;742.6964;603254400.0000
68.4830;259.2966;0.0000;736.0881;603254400.0000
68.7996;259.6382;0.0000;738.7214;603254400.0000
69.4579;260.6382;0.0000;740.3297;603254400.0000
69.1162;261.6382;0.0000;735.7214;603254400.0000
69.7745;262.9799;0.0000;740.6714;603254400.0000
70.0912;263.9799;0.0000;742.0131;603254400.0000
70.7495;264.3216;0.0000;735.7214;603254464.0000
70.4078;265.3216;0.0000;739.3547;603254464.0000
70.7244;266.6633;0.0000;739.6964;603254464.0000
71.3828;267.6633;0.0000;736.0631;603254464.0000
72.0411;268.6633;0.0000;737.6964;603254464.0000
72.3577;269.6633;0.0000;735.0882;603254464.0000
72.3577;271.0050;0.0000;735.7214;603254464.0000
73.0160;271.3467;0.0000;738.6463;603254464.0000
73.3327;272.3466;0.0000;734.4299;603254464.0000
73.9910;273.3467;0.0000;735.7214;603254464.0000
74.6493;274.3466;0.0000;736.7214;603254464.0000
75.3076;275.3466;4.1002;733.0882;603254464.0000
76.2826;276.6884;0.0000;735.7214;603254464.0000
76.9409;277.6884;0.0000;735.7214;603254464.0000
77.2575;278.6884;0.0000;733.7465;603254528.0000
77.9158;279.0300;0.0000;736.0131;603254528.0000
77.9158;280.0300;0.0000;731.7716;603254528.0000
78.5741;281.0300;0.0000;733.0631;603254528.0000
78.8908;282.0300;0.0000;737.6964;603254528.0000
79.5491;283.0300;0.0000;733.7465;603254528.0000
79.8657;283.3717;4.1002;735.6714;603254528.0000
79.8657;284.7134;0.0000;736.3798;603254528.0000
80.5240;285.7134;0.0000;733.0882;603254528.0000
80.8407;286.7134;4.1002;734.6964;603254528.0000
81.4990;287.7134;0.0000;735.7214;603254528.0000
82.1573;288.7134;4.1002;731.7716;603254528.0000
82.4739;289.0551;0.0000;734.6964;603254528.0000
82.4739;290.0551;0.0000;736.0631;603254592.0000
82.7906;291.0551;0.0000;732.3798;603254656.0000
83.4489;291.7384;0.0000;736.6714;603254656.0000
83.4489;292.7385;0.0000;733.0631;603254656.0000
83.7655;293.3968;0.0000;733.6964;603254656.0000
84.4238;293.7384;0.0000;736.6714;603254656.0000
85.0822;294.7385;0.0000;732.0631;603254656.0000
85.7405;295.7384;0.0000;733.6714;603254656.0000
86.0571;296.0801;0.0000;734.3547;603254656.0000
86.0571;297.0801;0.0000;733.7214;603254656.0000
86.7154;297.4218;0.0000;736.0131;603254656.0000
87.3737;298.4218;0.0000;731.7465;603254656.0000
87.6904;298.7635;0.0000;732.3798;603254656.0000
88.3487;299.7635;0.0000;736.3798;603254656.0000
88.3487;300.1052;0.0000;733.7465;603254656.0000
89.0070;300.4469;0.0000;732.0381;603254720.0000
89.3236;301.4469;0.0000;735.7214;603254720.0000
89.9819;301.7885;4.1002;731.7716;603254720.0000
90.6403;302.4469;0.0000;733.3297;603254784.0000
91.2986;302.7885;0.0000;733.0381;603254784.0000
91.6152;303.7885;0.0000;730.7465;603254784.0000
92.2735;304.1302;0.0000;733.6714;603254784.0000
92.9319;304.4719;0.0000;732.0381;603254784.0000
93.2485;305.4719;0.0000;730.0631;603254784.0000
93.2485;305.8136;0.0000;733.6714;603254784.0000
93.9068;306.4969;0.0000;730.0631;603254784.0000
94.5651;306.8387;0.0000;731.3547;603254784.0000
95.2234;307.8387;0.0000;734.3547;603254784.0000
94.8817;308.1803;4.1002;729.7465;603254784.0000
95.5401;308.8637;0.0000;729.6964;603254848.0000
96.1984;309.8637;4.1002;732.0131;603254848.0000
96.8567;310.2054;0.0000;730.4048;603254848.0000
97.5150;310.8887;0.0000;729.0381;603254848.0000
98.1733;311.8887;0.0000;732.3798;603254848.0000
98.1733;312.2304;0.0000;730.0381;603254848.0000
98.8316;313.5721;4.1002;731.6964;603254848.0000
99.1483;313.9138;0.0000;729.7214;603254848.0000
99.8066;314.9138;4.1002;730.0381;603254848.0000
100.4649;315.5972;0.0000;733.3297;603254848.0000
101.1232;315.9388;0.0000;728.7716;603254848.0000
101.7815;316.2805;0.0000;730.0381;603254848.0000
102.4399;317.6222;0.0000;730.3798;603254848.0000
103.0982;317.9639;4.1002;724.7966;603254912.0000
103.0982;318.3056;0.0000;729.3798;603254912.0000
103.7565;318.6473;4.1002;729.0631;603254912.0000
104.4148;319.6473;0.0000;728.0631;603254912.0000
105.0731;319.9890;0.0000;729.3798;603254912.0000
105.7314;320.3306;4.1002;727.7465;603254912.0000
106.3898;320.6723;0.0000;726.7465;603254912.0000
107.0481;321.6723;0.0000;730.3798;603254912.0000
107.7064;322.0140;0.0000;725.7966;603254912.0000
107.7064;322.3557;0.0000;725.4048;603254912.0000
108.3647;322.6974;0.0000;731.0882;603254912.0000
109.0230;323.6974;0.0000;726.7715;603254912.0000
109.6813;324.0391;0.0000;728.4048;603254976.0000
109.6813;324.3807;0.0000;728.4299;603254976.0000
109.9980;324.7224;7.8998;726.0882;603255040.0000
110.6563;325.0641;0.0000;730.7465;603255040.0000
111.3146;325.4058;0.0000;727.1132;603255040.0000
111.9729;326.4058;0.0000;726.7715;603255040.0000
111.9729;326.7475;0.0000;731.0882;603255040.0000
113.2896;327.0891;0.0000;729.1383;603255040.0000
113.9479;327.0891;0.0000;728.7716;603255040.0000
114.6062;328.0891;0.0000;731.1133;603255040.0000
115.2645;328.4308;0.0000;726.5300;603255040.0000
116.5811;328.7725;0.0000;729.4299;603255040.0000
117.2395;329.7725;0.0000;729.7966;603255040.0000
117.8978;330.1142;0.0000;728.4800;603255040.0000
119.2144;330.4559;0.0000;731.1133;603255040.0000
119.8727;331.4559;0.0000;729.1633;603255040.0000
120.5310;331.7976;0.0000;727.8467;603255104.0000
121.8477;331.7976;0.0000;730.4800;603255104.0000
122.5060;332.1393;0.0000;726.8717;603255168.0000
124.1643;333.1393;0.0000;727.1884;603255168.0000
124.8226;333.8226;0.0000;722.9219;603255168.0000
126.1393;334.8226;0.0000;725.9219;603255168.0000
127.4559;335.1643;0.0000;727.1633;603255168.0000
128.7725;336.1643;0.0000;728.5551;603255168.0000
129.4308;336.5060;0.0000;723.2635;603255168.0000
131.0892;336.8477;0.0000;727.2134;603255168.0000
132.4058;337.8477;0.0000;726.6052;603255168.0000
133.7224;338.1893;0.0000;724.8968;603255168.0000
135.0391;338.5310;7.8998;728.8718;603255168.0000
136.6974;338.8727;0.0000;724.6302;603255168.0000
138.0140;339.2144;0.0000;724.9219;603255232.0000
138.6723;339.5561;0.0000;728.5802;603255232.0000
140.3306;340.2394;0.0000;725.3136;603255232.0000
141.6473;340.5811;0.0000;726.2635;603255232.0000
143.3056;340.9228;0.0000;725.9719;603255232.0000
144.6222;341.2645;0.0000;725.6553;603255232.0000
145.9388;341.6062;0.0000;726.6052;603255232.0000
147.5972;341.9479;0.0000;726.9970;603255232.0000
148.9138;342.2896;7.8998;724.9719;603255232.0000
150.2304;342.6312;4.1002;728.2886;603255232.0000
151.8888;342.9729;0.0000;726.7054;603255232.0000
153.2054;343.3146;0.0000;726.6804;603255232.0000
154.5220;343.6563;0.0000;727.0221;603255232.0000
156.1803;343.3397;0.0000;725.0471;603255296.0000
157.4970;343.6813;0.0000;726.0221;603255296.0000
158.8136;343.3647;7.8998;727.3387;603255296.0000
160.4719;343.7064;0.0000;722.0471;603255296.0000
161.7886;343.7314;0.0000;726.6804;603255296.0000
163.1052;344.0731;7.8998;725.3638;603255296.0000
164.7635;344.4148;0.0000;723.3888;603255296.0000
166.0801;344.0982;0.0000;726.3387;603255296.0000
167.7384;344.4398;0.0000;725.3888;603255296.0000
169.0551;344.7816;0.0000;724.3638;603255296.0000
170.7134;344.4649;0.0000;728.3638;603255296.0000
172.0300;344.8066;0.0000;725.7555;603255296.0000
173.3467;345.1483;0.0000;727.0471;603255360.0000
174.3467;344.8316;0.0000;728.0471;603255360.0000
175.6633;345.5150;0.0000;724.0721;603255424.0000
176.9799;345.1984;0.0000;727.0221;603255424.0000
177.9799;345.5400;7.8998;728.0471;603255424.0000
179.2966;345.2234;0.0000;726.0471;603255424.0000
180.9549;345.5651;0.0000;727.3387;603255424.0000
181.6132;345.2485;0.0000;724.0972;603255424.0000
183.2715;345.5901;0.0000;724.4138;603255424.0000
184.5882;345.6152;0.0000;727.3638;603255424.0000
185.5881;345.9569;0.0000;725.4138;603255424.0000
187.2465;345.6403;0.0000;724.7054;603255424.0000
188.5631;346.3236;0.0000;728.3638;603255424.0000
189.5631;346.6653;0.0000;725.4138;603255424.0000
190.5631;346.3487;0.0000;726.3888;603255424.0000
191.8797;347.0320;0.0000;727.3888;603255424.0000
192.8797;347.3737;0.0000;724.4138;603255488.0000
193.5381;347.3988;0.0000;727.0221;603255488.0000
194.5380;347.7405;0.0000;725.7305;603255552.0000
195.5381;348.0822;0.0000;723.0471;603255552.0000
196.1964;348.7655;0.0000;728.3638;603255552.0000
197.8547;348.4489;0.0000;724.0972;603255552.0000
198.8547;348.7906;0.0000;725.3888;603255552.0000
199.8547;349.4739;0.0000;727.0221;603255552.0000
200.8547;349.8156;0.0000;723.7555;603255552.0000
201.8547;349.4990;0.0000;726.3387;603255552.0000
202.5130;350.1823;7.8998;727.0471;603255552.0000
203.5130;350.5240;4.1002;724.4138;603255552.0000
204.5130;350.8657;0.0000;725.3638;603255552.0000
205.5130;350.8908;0.0000;724.7054;603255552.0000
207.1713;351.2325;0.0000;723.3888;603255616.0000
208.1713;351.5741;0.0000;726.3387;603255616.0000
208.8296;351.9158;0.0000;723.4138;603255616.0000
209.8296;352.5992;0.0000;726.0221;603255616.0000
210.8296;352.9409;0.0000;727.0221;603255616.0000
212.4879;353.2826;0.0000;723.7555;603255616.0000
213.4879;353.9659;0.0000;726.0471;603255616.0000
214.4879;353.6493;0.0000;727.3888;603255616.0000
215.4879;353.9910;0.0000;723.4138;603255616.0000
216.4879;354.3326;0.0000;726.6804;603255616.0000
217.4879;354.0160;0.0000;725.7305;603255616.0000
218.4879;354.6994;0.0000;723.0721;603255616.0000
219.4879;355.0411;7.8998;727.0471;603255616.0000
219.8296;355.3828;0.0000;723.4138;603255616.0000
220.8296;355.0661;0.0000;724.0471;603255680.0000
221.8296;355.4078;0.0000;726.0221;603255680.0000
222.8296;355.0912;0.0000;724.0972;603255680.0000
223.8296;355.4329;0.0000;722.3888;603255680.0000
224.4879;355.7745;0.0000;726.3888;603255680.0000
225.4879;355.4579;0.0000;721.7555;603255680.0000
226.4879;355.7996;0.0000;724.7054;603255680.0000
227.4879;355.4830;0.0000;725.3888;603255680.0000
228.1463;355.4830;0.0000;722.7305;603255680.0000
229.1463;355.1663;0.0000;726.0221;603255680.0000
230.1463;355.5080;0.0000;722.7555;603255680.0000
230.8046;355.8497;0.0000;721.7054;603255744.0000
231.8046;355.1914;0.0000;727.3387;603255744.0000
232.4629;355.5331;0.0000;723.4138;603255744.0000
234.1212;355.2164;0.0000;725.3638;603255808.0000
235.1212;355.5581;0.0000;726.7054;603255808.0000
235.7795;355.2415;0.0000;723.4138;603255808.0000
236.7795;355.5832;0.0000;725.6804;603255808.0000
237.7795;355.2665;0.0000;726.0221;603255808.0000
238.7795;355.6082;0.0000;723.3888;603255808.0000
239.7795;354.9499;0.0000;724.3638;603255808.0000
240.7795;355.6332;0.0000;722.4138;603255808.0000
242.4379;354.9749;0.0000;723.6804;603255808.0000
243.4378;354.6583;0.0000;726.0221;603255808.0000
244.4378;354.6583;0.0000;722.7305;603255808.0000
246.0962;354.3417;0.0000;724.3638;603255808.0000
247.4379;354.0251;0.0000;725.3638;603255808.0000
248.4378;353.7084;0.0000;722.7305;603255808.0000
250.0962;353.3918;0.0000;725.0221;603255872.0000
251.0962;353.3918;0.0000;724.7054;603255936.0000
252.7545;353.0751;0.0000;721.7054;603255936.0000
254.0962;352.7585;0.0000;726.0221;603255936.0000
255.7545;352.1002;0.0000;724.7305;603255936.0000
257.7545;351.7836;0.0000;723.3888;603255936.0000
259.0962;351.4669;0.0000;725.9970;603255936.0000
260.0962;350.8086;0.0000;723.4138;603255936.0000
262.0962;349.8336;0.0000;722.7054;603255936.0000
264.0962;349.1754;0.0000;726.6804;603255936.0000
265.0962;348.8587;0.0000;721.7555;603255936.0000
267.0962;348.5421;0.0000;724.6804;603255936.0000
268.0962;348.2255;0.0000;725.7054;603255936.0000
270.0962;347.9088;0.0000;722.7305;603256000.0000
271.0962;346.5922;0.0000;724.7054;603256000.0000
272.4378;346.2755;0.0000;724.7305;603256000.0000
274.0962;345.9589;0.0000;722.7305;603256000.0000
275.4378;344.9840;0.0000;726.6804;603256000.0000
276.4378;344.6673;0.0000;723.0972;603256000.0000
278.4378;343.3507;0.0000;724.0471;603256000.0000
279.4378;343.0341;0.0000;725.6804;603256000.0000
280.7795;342.7174;0.0000;722.0972;603256000.0000
282.1212;341.4008;0.0000;724.7054;603256000.0000
284.1212;341.0842;0.0000;725.7305;603256000.0000
285.1212;339.7675;0.0000;722.0972;603256000.0000
286.4629;339.4509;0.0000;724.7054;603256000.0000
287.8046;338.1343;0.0000;726.4138;603256000.0000
289.1463;337.1593;7.8998;723.7305;603256064.0000
291.1463;336.8427;0.0000;725.3888;603256064.0000
292.1462;335.5261;0.0000;723.7806;603256064.0000
293.4879;335.2094;0.0000;723.7555;603256064.0000
295.4879;333.8928;0.0000;727.0471;603256064.0000
296.8296;332.9178;0.0000;721.7555;603256064.0000
298.1713;332.2595;0.0000;724.7305;603256064.0000
299.5130;331.2845;0.0000;727.0471;603256064.0000
300.8547;329.9680;0.0000;721.7806;603256064.0000
302.1964;328.9930;0.0000;725.3888;603256064.0000
303.1964;327.6764;0.0000;724.4389;603256128.0000
303.8797;327.0180;0.0000;723.7555;603256128.0000
305.2214;325.7014;0.0000;725.7305;603256128.0000
306.8797;324.7264;0.0000;724.1223;603256128.0000
308.2214;324.0681;0.0000;724.0972;603256192.0000
309.2214;323.0932;0.0000;727.0471;603256192.0000
310.5631;322.4349;0.0000;725.4388;603256192.0000
311.5631;321.4599;0.0000;724.4138;603256192.0000
312.9048;320.1433;0.0000;726.4138;603256192.0000
314.2465;319.4850;0.0000;723.4639;603256192.0000
315.2465;318.1683;0.0000;725.0972;603256192.0000
316.5881;316.8517;0.0000;727.0972;603256192.0000
317.9298;315.8768;0.0000;724.8057;603256192.0000
318.2715;315.2184;0.0000;727.4138;603256192.0000
319.6132;313.9018;0.0000;725.1223;603256192.0000
320.9549;312.9268;0.0000;724.7806;603256192.0000
321.9549;311.6102;0.0000;728.0721;603256192.0000
323.2966;310.9519;0.0000;725.4640;603256192.0000
324.2966;309.6353;0.0000;724.4138;603256320.0000
325.6382;309.3187;7.8998;728.7555;603256320.0000
326.6382;308.0020;0.0000;725.1473;603256320.0000
326.9799;306.6854;0.0000;726.4138;603256320.0000
328.3216;306.0270;0.0000;727.4389;603256320.0000
329.3216;305.0521;0.0000;724.8057;603256320.0000
330.0050;303.7355;0.0000;724.7555;603256320.0000
331.0050;303.0771;0.0000;726.4389;603256320.0000
332.0050;301.7605;0.0000;726.1223;603256320.0000
332.6884;300.4439;0.0000;729.7555;603256320.0000
333.6884;299.1273;0.0000;726.4890;603256320.0000
334.3717;298.4689;0.0000;727.7806;603256320.0000
335.3717;297.1523;0.0000;730.0972;603256320.0000
336.0551;295.8357;0.0000;726.4890;603256320.0000
337.0551;295.1774;0.0000;729.4138;603256384.0000
337.3968;293.8607;0.0000;730.7806;603256384.0000
338.7385;292.5441;0.0000;728.4640;603256384.0000
339.0801;291.8858;0.0000;731.0721;603256384.0000
339.7635;290.5692;0.0000;732.0972;603256448.0000
340.1052;289.2525;0.0000;731.7305;603256448.0000
340.7885;287.9359;0.0000;734.0471;603256448.0000
340.8136;286.6193;0.0000;731.7555;603256448.0000
341.1553;285.3026;7.8998;732.0721;603256448.0000
341.1803;283.9860;0.0000;737.3638;603256448.0000
341.8637;282.6694;7.8998;731.7806;603256448.0000
342.2054;282.0110;0.0000;734.3888;603256448.0000
342.2304;280.6944;7.8998;738.0471;603256448.0000
342.9138;280.0361;7.8998;731.4389;603256448.0000
343.5972;278.3777;7.8998;734.7305;603256512.0000
343.2805;277.7195;0.0000;735.0721;603256512.0000
343.9639;277.0612;7.8998;732.4388;603256512.0000
344.6473;275.7445;0.0000;737.3638;603256512.0000
344.9890;274.7445;0.0000;732.7806;603256512.0000
345.6723;274.0862;0.0000;733.4389;603256512.0000
345.6974;272.4279;0.0000;729.8307;603256512.0000
346.3807;271.7696;0.0000;739.0721;603256512.0000
347.0641;271.1112;0.0000;740.0221;603256512.0000
347.7475;270.1112;0.0000;743.9970;603256512.0000
347.4308;269.4529;0.0000;739.7305;603256512.0000
348.1142;267.7946;0.0000;742.3387;603256512.0000
348.7976;267.7946;0.0000;743.7054;603256512.0000
349.4810;266.7946;0.0000;741.0721;603256576.0000
349.8226;266.1363;0.0000;744.3387;603256576.0000
350.8477;265.1363;0.0000;743.3888;603256576.0000
351.5311;264.7946;0.0000;743.7305;603256576.0000
351.8727;264.1363;0.0000;745.6804;603256576.0000
352.5561;263.1363;0.0000;743.7305;603256576.0000
353.2395;262.7946;0.0000;743.7054;603256576.0000
353.5811;262.1363;0.0000;747.3638;603256576.0000
354.2645;261.7946;0.0000;744.4138;603256576.0000
354.9479;261.4529;0.0000;745.3638;603256576.0000
355.2896;261.1112;0.0000;743.7555;603256576.0000
355.9729;260.7696;0.0000;732.2225;603256576.0000
356.3146;260.4279;4.1002;709.4980;603256576.0000
356.3397;260.0862;0.0000;676.6323;603256576.0000
357.0230;259.7445;4.1002;606.8257;603256704.0000
357.3647;258.7445;0.0000;329.9911;603256704.0000
96.6964;126.0812;0.0000;329.7245;592095552.0000
97.0381;125.7395;0.0000;329.0412;592095552.0000
97.7215;125.3978;0.0000;329.7245;592095552.0000
98.4048;124.7145;0.0000;329.7245;592095552.0000
98.7465;124.3728;0.0000;329.0412;592095552.0000
99.4299;124.0311;0.0000;329.7245;592095552.0000
100.1133;123.6894;0.0000;330.0663;592095552.0000
100.4549;123.3477;0.0000;329.7245;592095552.0000
101.1383;123.0061;0.0000;330.4079;592095552.0000
101.4800;122.6644;0.0000;329.7245;592095552.0000
102.1634;122.3227;0.0000;330.7496;592095552.0000
102.8467;121.9810;0.0000;331.4330;592095552.0000
103.5301;121.2976;0.0000;330.0663;592095552.0000
104.2135;120.9559;0.0000;330.7496;592095552.0000
104.5551;120.6143;0.0000;331.7747;592095552.0000
105.2385;119.9309;0.0000;330.0663;592095552.0000
105.9219;119.5892;0.0000;331.7747;592095616.0000
106.2636;119.2475;0.0000;331.7747;592095616.0000
106.9469;118.9059;0.0000;330.7496;592095616.0000
107.2886;118.2225;0.0000;331.7747;592095616.0000
107.9720;118.2225;0.0000;330.7496;592095616.0000
108.3137;117.5391;0.0000;330.4079;592095616.0000
108.9970;117.5391;0.0000;332.4580;592095616.0000
109.3387;117.1974;0.0000;331.0913;592095616.0000
110.0221;116.8558;0.0000;331.7747;592095616.0000
110.3638;116.5141;0.0000;331.7747;592095616.0000
111.0471;115.8307;0.0000;331.0913;592095616.0000
111.7305;115.4890;0.0000;331.7747;592095616.0000
112.4139;115.1473;0.0000;331.7747;592095616.0000
112.7555;114.4640;0.0000;331.7747;592095616.0000
113.4389;113.7806;0.0000;332.7997;592095616.0000
114.1223;113.4389;0.0000;332.1163;592095616.0000
114.4640;112.7555;0.0000;332.4580;592095616.0000
114.8056;112.4139;0.0000;333.8248;592095616.0000
115.4890;112.0722;0.0000;331.7747;592095616.0000
115.8307;111.7305;0.0000;332.7997;592095616.0000
116.1724;111.0471;0.0000;332.4580;592095616.0000
116.8558;110.7054;4.1002;332.4580;592095616.0000
117.1974;110.3638;0.0000;333.1414;592095616.0000
117.5391;110.0221;4.1002;333.1414;592095616.0000
117.8808;109.3387;0.0000;332.4580;592095616.0000
118.5642;108.9970;0.0000;333.1414;592095616.0000
118.9059;108.3137;0.0000;332.7997;592095616.0000
119.2475;107.9720;0.0000;332.7997;592095616.0000
119.5892;107.6303;0.0000;333.8248;592095616.0000
120.2726;106.9469;0.0000;332.1163;592095616.0000
120.6143;106.6052;0.0000;333.1414;592095616.0000
120.9559;105.9219;0.0000;333.8248;592095616.0000
121.2976;105.2385;0.0000;332.4580;592095616.0000
121.6393;104.5551;0.0000;333.8248;592095616.0000
122.3227;103.8718;0.0000;333.4831;592095616.0000
122.6644;103.1884;0.0000;332.4580;592095616.0000
123.3477;102.5050;0.0000;333.8248;592095680.0000
123.6894;101.8217;0.0000;333.4831;592095680.0000
124.3728;101.1383;0.0000;333.1414;592095680.0000
124.7145;100.7966;0.0000;334.1664;592095680.0000
125.0562;100.1133;0.0000;333.4831;592095680.0000
125.3978;99.7716;0.0000;333.8248;592095680.0000
125.7395;99.4299;0.0000;334.1664;592095680.0000
126.4229;98.7465;0.0000;333.1414;592095680.0000
126.4229;98.4048;0.0000;333.8248;592095680.0000
126.7646;98.0632;0.0000;334.1664;592095680.0000
127.1063;97.3798;0.0000;333.8248;592095680.0000
127.4479;97.0381;0.0000;334.8498;592095680.0000
127.7896;96.3547;0.0000;334.5081;592095680.0000
128.1313;95.6714;0.0000;334.1664;592095680.0000
128.4730;95.3297;4.1002;334.8498;592095680.0000
128.4730;94.6463;0.0000;334.8498;592095680.0000
128.8147;93.9630;4.1002;334.8498;592095680.0000
129.1564;93.6213;0.0000;335.5332;592095680.0000
129.4980;92.9379;0.0000;334.8498;592095744.0000
129.4980;92.2545;0.0000;335.5332;592095744.0000
130.1814;91.9129;0.0000;335.5332;592095744.0000
130.1814;91.2295;0.0000;332.4580;592095744.0000
130.5231;90.5461;0.0000;335.8748;592095744.0000
130.8648;89.8628;0.0000;336.2166;592095744.0000
131.2065;89.5211;0.0000;335.8748;592095744.0000
131.2065;88.8377;0.0000;336.5582;592095744.0000
131.5481;88.1543;0.0000;335.8748;592095744.0000
131.8898;87.4710;0.0000;336.2166;592095744.0000
132.2315;87.1293;0.0000;336.8999;592095744.0000
132.2315;86.4459;0.0000;335.8748;592095744.0000
132.5732;86.1042;0.0000;335.5332;592095744.0000
132.9149;85.7626;0.0000;336.5582;592095744.0000
133.2566;85.0792;0.0000;335.8748;592095744.0000
133.2566;84.7375;0.0000;335.5332;592095744.0000
133.5982;84.3958;0.0000;336.2166;592095744.0000
133.9399;83.7124;0.0000;335.8748;592095744.0000
133.9399;83.3708;0.0000;336.2166;592095744.0000
134.2816;82.6874;0.0000;335.8748;592095744.0000
134.6233;82.3457;0.0000;336.8999;592095744.0000
134.6233;81.6624;0.0000;337.5833;592095744.0000
134.6233;80.9790;0.0000;335.8748;592095744.0000
134.6233;80.6373;0.0000;336.2166;592095744.0000
134.9650;79.9539;0.0000;336.8999;592095744.0000
134.9650;79.6123;0.0000;335.8748;592095744.0000
134.9650;78.9289;0.0000;335.8748;592095744.0000
135.3067;78.2455;4.1002;336.5582;592095744.0000
135.3067;77.9038;0.0000;336.2166;592095744.0000
135.6483;77.2205;4.1002;335.8748;592095744.0000
135.6483;76.8788;0.0000;335.1915;592095744.0000
135.6483;76.5371;0.0000;335.1915;592095744.0000
135.9900;76.1954;0.0000;334.8498;592095744.0000
135.9900;76.1954;4.1002;335.1915;592095744.0000
135.9900;75.8537;0.0000;335.8748;592095744.0000
135.9900;75.5120;4.1002;335.8748;592095744.0000
135.9900;75.5120;0.0000;334.8498;592095744.0000
135.9900;75.1704;0.0000;335.1915;592095808.0000
135.9900;74.8287;0.0000;333.8248;592095808.0000
135.9900;74.1453;0.0000;331.4330;592095808.0000
135.9900;73.8036;0.0000;335.5332;592095808.0000
136.3317;73.4619;0.0000;330.4079;592095808.0000
136.3317;72.7786;0.0000;332.7997;592095808.0000
136.3317;72.4369;0.0000;332.7997;592095808.0000
136.3317;72.0952;0.0000;331.4330;592095808.0000
136.6734;71.7535;0.0000;331.7747;592095808.0000
136.6734;71.4118;0.0000;332.4580;592095808.0000
136.6734;71.0702;0.0000;331.0913;592095808.0000
136.6734;70.7285;0.0000;331.7747;592095808.0000
136.6734;70.3868;0.0000;331.7747;592095808.0000
136.6734;70.0451;0.0000;330.0663;592095808.0000
136.6734;69.7034;0.0000;330.7496;592095808.0000
137.0151;69.3617;0.0000;330.0663;592095808.0000
137.0151;69.0201;0.0000;329.3829;592095808.0000
137.0151;68.6784;0.0000;329.0412;592095808.0000
137.0151;68.6784;0.0000;329.0412;592095872.0000
137.0151;68.6784;0.0000;329.7245;592095872.0000
137.0151;68.6784;0.0000;330.4079;592095872.0000
137.0151;68.6784;0.0000;329.0412;592095872.0000
137.0151;68.3367;0.0000;329.3829;592095872.0000
137.0151;68.3367;0.0000;328.6995;592095872.0000
137.0151;68.3367;0.0000;326.9911;592095872.0000
137.0151;68.3367;0.0000;324.5993;592095872.0000
136.6734;68.3367;0.0000;320.4991;592095872.0000
136.6734;68.3367;0.0000;315.0322;592095872.0000
136.6734;68.3367;0.0000;310.9320;592095872.0000
136.6734;68.3367;0.0000;301.3648;592095872.0000
136.6734;68.3367;0.0000;286.6724;592095872.0000
136.6734;68.3367;0.0000;265.1464;592095872.0000
136.6734;68.3367;4.1002;220.3858;592095872.0000
136.3317;68.3367;8.2004;135.3067;592095872.0000
136.3317;68.3367;12.3006;64.5782;592095872.0000
209.7937;-5.4669;0.0000;135.9900;592096192.0000
209.7937;-5.8086;0.0000;137.0151;592096192.0000
209.7937;-5.8086;0.0000;137.3568;592096192.0000
209.7937;-5.8086;0.0000;144.8738;592096192.0000
209.7937;-5.8086;0.0000;154.7826;592096192.0000
209.7937;-5.8086;0.0000;158.8828;592096192.0000
209.7937;-5.8086;0.0000;157.8578;592096192.0000
209.7937;-5.8086;0.0000;152.0491;592096192.0000
209.7937;-5.4669;0.0000;135.3067;592096192.0000
209.7937;-5.4669;0.0000;51.2525;592096192.0000
