200.7254;202.2746;0.0000;80.0641;0.0000
200.7254;202.2746;0.0000;197.5159;7.0000
200.7254;202.2746;0.0000;205.1637;14.0000
200.7254;202.2746;0.0000;225.8680;21.0000
200.7254;202.2746;0.0000;272.9809;28.0000
200.7254;202.2746;0.0000;313.3685;35.0000
200.7254;202.2746;0.0000;337.1503;42.0000
200.7254;202.2746;0.0000;357.1293;49.0000
200.7254;202.2746;0.0000;376.0872;56.0000
201.4507;202.2746;0.0000;394.8690;63.0000
201.4507;202.2746;0.0000;412.1226;70.2746
201.4507;202.2746;0.0000;426.4537;77.2746
202.1761;202.2746;0.0000;441.9819;84.2746
202.1761;202.2746;0.0000;451.7848;91.2746
202.9014;201.5493;0.0000;462.3906;98.2746
202.9014;201.5493;0.0000;472.4681;105.2746
203.6268;201.5493;0.0000;479.8203;112.2746
203.6268;200.8239;0.0000;489.2499;119.2746
203.6268;200.8239;0.0000;495.2499;126.2746
204.3522;200.8239;0.0000;500.9542;133.2746
204.3522;200.8239;0.0000;508.7571;141.0000
205.0775;200.0986;0.0000;512.2078;148.0000
205.0775;200.0986;0.0000;517.6375;155.0000
205.8029;199.3732;0.0000;522.0882;162.0000
205.8029;199.3732;0.0000;524.0882;169.0000
205.8029;199.3732;0.0000;526.6165;176.0000
206.5282;198.6478;0.0000;529.4404;183.0000
206.5282;197.9225;0.0000;530.1657;190.0000
206.5282;197.9225;0.0000;533.2432;197.0000
206.5282;197.1971;0.0000;533.7925;204.0000
206.5282;197.1971;0.0000;535.4193;211.0000
206.5282;196.4718;0.0000;539.4968;218.0000
206.5282;196.4718;0.0000;541.1447;225.0000
206.5282;196.4718;0.0000;543.1236;232.0000
206.5282;195.7464;0.0000;546.8489;239.0000
206.5282;195.7464;0.0000;545.3983;246.0000
206.5282;195.7464;0.0000;548.2011;253.0000
206.5282;195.0210;0.0000;550.4758;260.2747
206.5282;195.0210;0.0000;548.7504;267.2747
206.5282;194.2957;0.0000;549.6519;274.2746
206.5282;194.2957;0.0000;551.2011;281.2746
206.5282;194.2957;0.0000;552.5533;288.2746
206.5282;193.5703;0.0000;556.4547;295.2746
206.5282;193.5703;0.0000;557.1025;302.2746
205.8029;193.5703;0.0000;558.6307;309.2746
205.8029;192.8450;0.0000;561.0815;316.2746
205.8029;192.8450;0.0000;560.9054;324.0000
205.8029;192.8450;0.0000;563.7083;331.0000
205.8029;192.8450;0.0000;564.2576;338.0000
205.8029;192.1196;0.0000;564.3561;345.0000
205.8029;192.1196;0.0000;566.4337;352.0000
205.0775;192.1196;0.0000;567.5322;359.0000
205.0775;191.3943;0.0000;567.4337;366.0000
205.0775;191.3943;0.0000;568.6097;373.0000
205.0775;191.3943;0.0000;569.7083;380.0000
204.3522;191.3943;0.0000;570.7858;387.0000
204.3522;190.6689;0.0000;572.9619;394.0000
204.3522;190.6689;0.0000;571.8844;401.0000
203.6268;190.6689;0.0000;575.3140;408.0000
203.6268;190.6689;0.0000;574.0605;415.0000
203.6268;190.6689;0.0000;576.2366;422.0000
203.6268;189.9435;0.0000;575.8633;429.0000
202.9014;189.9435;0.0000;576.9619;436.0000
202.9014;189.9435;0.0000;576.1379;443.2747
202.9014;189.9435;0.0000;577.0394;450.2747
202.9014;189.9435;0.0000;577.5887;457.2747
202.9014;189.9435;0.0000;577.9409;464.2747
202.1761;189.2182;0.0000;579.6662;471.2747
202.1761;189.2182;0.0000;578.0394;478.2747
201.4507;189.2182;0.0000;580.5676;485.2747
201.4507;189.2182;0.0000;580.9409;492.2747
200.7254;189.2182;0.0000;580.4901;499.2747
200.7254;189.2182;0.0000;581.5677;506.2747
200.7254;189.2182;0.0000;583.8423;514.0000
200.0000;189.2182;0.0000;583.8423;521.0000
200.0000;188.4928;0.0000;585.9198;528.0000
199.2746;188.4928;0.0000;586.2930;535.0000
199.2746;188.2182;0.0000;587.6451;542.0000
199.2746;188.2182;0.0000;590.0959;549.0000
198.5493;188.2182;0.0000;589.7437;556.0000
198.5493;188.2182;0.0000;590.2720;563.0000
198.5493;187.4928;0.0000;591.8212;570.0000
197.8239;187.4928;0.0000;591.1945;577.0000
197.8239;187.4928;0.0000;591.7227;584.0000
197.0986;187.4928;0.0000;592.9973;591.0000
197.0986;187.4928;0.0000;592.5466;598.0000
196.3732;187.4928;0.0000;594.1733;605.0000
196.3732;187.4928;0.0000;593.5466;612.0000
195.6479;187.4928;0.0000;594.1733;619.0000
195.6479;187.4928;0.0000;598.3495;626.2747
195.6479;187.7675;0.0000;597.8212;633.2747
194.9225;187.7675;0.0000;597.8212;640.2747
194.9225;187.7675;0.0000;602.3705;647.2747
194.9225;187.7675;0.0000;601.2930;654.2747
194.1971;187.7675;0.0000;602.3705;661.2747
194.1971;187.7675;0.0000;601.2930;668.2747
194.1971;187.7675;0.0000;603.0184;675.2747
193.4718;187.7675;0.0000;605.1945;682.2747
193.4718;187.7675;0.0000;603.2155;689.2747
192.7464;187.7675;0.0000;604.1169;697.0000
192.7464;187.7675;0.0000;607.2930;704.0000
192.7464;187.7675;0.0000;606.4901;711.0000
192.0211;187.7675;0.0000;607.1169;718.0000
192.0211;187.7675;0.0000;607.3916;725.0000
191.2957;188.4928;0.0000;607.0394;732.0000
191.2957;188.4928;0.0000;608.3915;739.0000
191.2957;188.4928;0.0000;610.2155;746.0000
190.5703;188.4928;0.0000;608.7648;753.0000
190.5703;188.4928;0.0000;608.3915;760.0000
189.8450;188.2182;0.0000;610.7648;767.0000
190.1196;188.2182;0.0000;611.2155;774.0000
190.1196;188.2182;0.0000;612.8423;781.0000
189.3943;188.2182;0.0000;611.4902;788.0000
189.3943;188.2182;0.0000;611.3916;795.0000
189.3943;188.2182;0.0000;615.2930;802.0000
189.1196;188.2182;0.0000;611.2930;809.0000
189.1196;188.2182;0.0000;610.5256;816.2747
188.3943;188.2182;0.0000;608.7792;823.2747
188.3943;188.2182;0.0000;602.1102;830.2747
187.6689;188.2182;0.0000;595.8710;837.2747
187.6689;188.9435;0.0000;582.6882;844.2747
187.3943;188.6689;0.0000;569.7026;943.5540
187.3943;188.6689;0.0000;576.0548;950.5540
187.3943;188.6689;0.0000;572.9983;957.5540
186.6689;188.6689;0.0000;575.6462;964.5540
186.6689;189.3943;0.0000;578.5476;972.2793
185.9435;189.3943;0.0000;576.3715;979.2793
185.9435;190.1196;0.0000;583.4911;986.2793
185.9435;190.1196;0.0000;588.9839;993.2793
185.2182;190.1196;0.0000;591.3007;1000.2793
185.2182;190.8450;0.0000;600.4203;1007.2793
184.7675;190.8450;0.0000;601.3428;1014.5540
184.7675;190.8450;0.0000;602.9907;1021.5540
184.7675;190.8450;0.0000;605.7160;1028.5540
184.7675;191.5703;0.0000;603.5399;1035.5540
184.0421;191.5703;0.0000;605.9131;1042.5540
184.0421;191.5703;0.0000;607.6385;1049.5540
183.3167;191.5703;0.0000;606.0117;1056.5540
183.3167;192.2957;0.0000;610.3849;1063.5540
183.3167;192.2957;0.0000;610.1103;1070.5540
183.3167;192.2957;0.0000;610.3074;1077.5540
182.5914;192.2957;0.0000;613.1313;1084.5540
182.5914;193.0211;0.0000;612.5820;1091.5540
181.8660;193.0211;0.0000;613.3284;1098.5540
181.8660;193.0211;0.0000;615.6031;1105.5540
181.8660;193.7464;0.0000;613.1523;1112.5540
181.8660;193.7464;0.0000;615.7016;1119.5540
181.1407;193.7464;0.0000;615.9763;1126.5540
181.1407;194.4718;0.0000;614.7016;1133.5540
181.1407;194.7464;0.0000;616.8002;1140.5540
180.4153;194.7464;0.0000;617.8777;1147.5540
180.4153;195.4718;0.0000;615.2509;1154.5540
180.4153;195.4718;0.0000;618.9763;1162.2793
180.4153;195.4718;0.0000;617.8777;1169.2793
179.9646;196.1971;0.0000;617.5256;1176.2793
179.9646;196.1971;0.0000;619.8002;1183.2793
179.9646;196.1971;0.0000;618.1523;1190.2793
179.2392;196.9225;0.0000;619.8002;1197.5540
179.2392;196.9225;0.0000;621.2509;1204.5540
179.2392;196.9225;0.0000;619.8002;1211.5540
178.5139;197.6479;0.0000;622.8987;1218.5540
178.5139;197.6479;0.0000;622.0748;1225.5540
178.5139;198.3732;0.0000;619.9973;1232.5540
177.7885;198.3732;0.0000;624.8212;1239.5540
177.7885;198.3732;0.0000;622.9973;1246.5540
177.7885;199.0986;0.0000;622.8212;1253.5540
178.0631;199.0986;0.0000;624.0958;1260.5540
177.3378;199.8239;0.0000;621.7227;1267.5540
177.3378;200.5493;0.0000;623.0959;1274.5540
177.3378;200.5493;0.0000;625.5466;1281.5540
176.8871;201.2746;0.0000;623.3705;1288.5540
176.8871;202.0000;0.0000;625.4691;1295.5540
176.8871;201.7254;0.0000;627.2930;1302.5540
176.8871;202.4507;0.0000;626.9409;1309.5540
176.1617;202.1761;0.0000;629.4902;1316.5540
176.1617;202.9014;0.0000;628.4901;1323.5540
176.4363;203.3522;0.0000;627.4127;1330.5540
176.4363;203.3522;0.0000;630.4126;1337.5540
176.4363;203.8029;0.0000;628.8633;1345.2793
176.4363;203.8029;0.0000;631.2365;1352.2793
175.7110;204.5282;8.7043;632.2366;1359.2793
175.7110;204.2536;0.0000;629.9619;1366.2793
175.7110;204.9789;0.0000;632.0604;1373.2793
175.9856;204.9789;0.0000;634.1379;1380.5540
175.9856;204.7043;0.0000;630.5112;1387.5540
175.9856;205.4297;0.0000;632.7858;1394.5540
175.9856;205.8804;8.7043;631.5112;1401.5540
175.9856;205.6057;0.0000;629.3351;1408.5540
175.5349;206.3311;0.0000;634.2365;1415.5540
175.5349;206.7818;0.0000;631.9619;1422.5540
175.5349;207.5072;8.7043;632.0604;1429.5540
175.5349;207.2325;0.0000;633.5112;1436.5540
175.5349;207.9579;0.0000;632.2366;1443.5540
175.5349;207.9579;0.0000;632.3351;1450.5540
175.5349;208.4086;0.0000;634.2365;1457.5540
175.5349;208.4086;0.0000;631.7858;1464.5540
175.5349;209.1340;8.7043;634.3351;1471.5540
175.5349;209.1340;0.0000;634.9619;1478.5540
175.2603;209.5847;0.0000;633.0605;1485.5540
175.2603;209.5847;0.0000;635.8844;1492.5540
175.7110;210.0354;0.0000;634.9619;1499.5540
175.4364;210.0354;8.7043;636.6097;1506.5540
175.1617;210.4861;0.0000;639.3351;1513.5540
174.8871;211.2115;8.7043;641.5112;1520.5540
174.6124;210.9369;0.0000;637.1801;1528.2793
174.3378;211.3876;0.0000;647.0040;1535.2793
174.0631;211.8383;0.0000;647.2222;1542.2793
173.7885;211.8383;0.0000;653.0671;1549.2793
173.7885;212.2890;0.0000;655.8911;1556.2793
173.5139;212.2890;0.0000;655.3629;1563.2793
173.5139;213.0144;0.0000;659.6375;1570.5540
173.2392;213.0144;0.0000;657.9896;1577.5540
173.9646;213.7397;0.0000;659.0882;1584.5540
173.9646;213.7397;0.0000;661.8135;1591.5540
173.9646;214.4651;0.0000;658.9896;1598.5540
173.9646;215.1904;0.0000;661.8135;1605.5540
173.9646;215.1904;0.0000;663.4404;1612.5540
174.4153;215.1904;0.0000;660.5389;1619.5540
174.4153;215.9158;0.0000;663.8136;1626.5540
174.4153;215.9158;0.0000;663.4404;1633.5540
174.1407;215.9158;0.0000;662.8135;1640.5540
174.5914;216.6412;0.0000;666.8135;1647.5540
174.5914;216.6412;0.0000;664.5389;1654.5540
174.3167;217.3665;0.0000;666.0882;1661.5540
174.0421;217.3665;8.7043;669.3629;1668.5540
173.7675;218.0919;0.0000;665.9121;1675.5540
173.7675;218.8172;0.0000;669.4614;1682.5540
174.2182;218.8172;0.0000;672.0107;1689.5540
173.9435;218.8172;0.0000;670.5600;1696.5540
173.6689;219.2680;0.0000;674.1093;1703.5540
174.1196;219.2680;8.7043;675.5599;1711.2793
173.5703;219.2680;0.0000;675.2078;1718.2793
173.2957;219.9933;0.0000;679.5810;1725.2793
173.0210;219.9933;0.0000;680.3064;1732.2793
172.7464;220.7187;0.0000;681.3274;1739.2793
173.4718;220.7187;0.0000;686.4260;1746.2793
173.1971;221.4440;0.0000;684.2499;1753.5540
172.9225;221.4440;0.0000;685.6230;1760.5540
173.6478;222.4440;0.0000;689.0739;1767.5540
173.3732;222.4440;0.0000;686.7992;1774.5540
173.8239;222.7187;0.0000;689.1724;1781.5540
173.8239;223.4440;0.0000;691.2499;1788.5540
174.2746;223.7187;0.0000;691.2499;1795.5540
174.0000;224.4440;0.0000;694.0739;1802.5540
173.7254;224.7187;0.0000;694.7006;1809.5540
174.1761;225.4440;0.0000;693.5245;1816.5540
173.9014;225.7187;0.0000;697.2499;1823.5540
173.9014;226.4440;0.0000;696.4260;1830.5540
174.3522;226.7187;0.0000;697.2499;1837.5540
174.0775;226.7187;0.0000;699.1514;1844.5540
174.8029;227.7187;0.0000;695.7006;1851.5540
174.8029;227.7187;0.0000;698.7006;1858.5540
174.5282;228.7187;0.0000;699.6021;1865.5540
175.2536;228.7187;0.0000;697.8767;1872.5540
175.2536;229.7187;0.0000;701.7006;1879.5540
174.9789;229.9933;0.0000;700.0528;1886.5540
175.7043;230.7187;0.0000;699.8767;1893.5540
176.4297;230.9933;0.0000;702.8767;1901.2793
176.4297;231.9933;0.0000;700.7781;1908.2793
176.8804;231.9933;0.0000;701.1514;1915.2793
176.8804;232.2680;0.0000;703.3274;1922.2793
177.6057;232.2680;0.0000;701.0528;1929.2793
177.6057;233.2680;0.0000;704.0528;1936.5540
177.6057;233.5426;0.0000;705.2288;1943.5540
177.6057;233.5426;0.0000;702.7781;1950.5540
178.3311;234.5426;0.0000;706.0527;1957.5540
178.3311;234.8172;0.0000;706.1303;1964.5540
179.0565;235.8172;0.0000;704.2289;1971.5540
178.7818;236.0919;0.0000;701.7006;1978.5540
179.5072;236.0919;0.0000;706.5810;1985.5540
179.5072;236.3665;0.0000;707.2289;1992.5540
180.2325;236.6412;0.0000;710.1303;1999.5540
180.2325;237.3665;0.0000;706.8557;2006.5540
180.9579;237.6412;0.0000;707.9542;2013.5540
180.9579;237.9158;0.0000;711.0317;2020.5540
181.6833;237.9158;0.0000;709.3064;2027.5540
181.4086;238.1904;0.0000;711.8557;2034.5540
182.1340;238.4651;0.0000;712.9331;2041.5540
182.1340;238.7397;0.0000;710.5810;2048.5540
182.5847;239.7397;0.0000;713.5810;2055.5540
182.5847;240.0144;0.0000;712.4824;2062.5540
183.3101;240.2890;0.0000;712.5810;2069.5540
183.3101;240.5636;0.0000;715.3064;2076.5540
184.0354;240.8383;0.0000;713.2078;2084.2793
184.0354;240.8383;0.0000;714.0317;2091.2793
184.7608;241.1129;0.0000;716.2078;2098.2793
184.7608;241.3876;0.0000;714.2078;2105.2793
185.4861;241.6622;0.0000;715.5811;2112.2793
186.2115;241.6622;0.0000;717.6585;2119.2793
186.2115;241.9368;3.2957;717.6585;2126.5540
186.9369;242.2115;0.0000;719.5810;2133.5540
187.6622;242.2115;0.0000;716.8346;2140.5540
188.3876;242.4861;0.0000;717.6585;2147.5540
188.6622;242.7608;0.0000;719.9331;2154.5540
189.3876;242.7608;0.0000;718.8346;2161.5540
189.3876;243.7608;0.0000;718.7571;2168.5540
190.3876;244.0354;0.0000;721.6585;2175.5540
190.3876;244.3101;0.0000;719.3839;2182.5540
191.3876;244.5847;0.0000;721.7571;2189.5540
192.3876;244.8593;0.0000;722.1093;2196.5540
192.3876;245.1340;0.0000;720.6586;2203.5540
193.3876;245.4086;0.0000;724.0317;2210.5540
194.3876;245.4086;0.0000;722.9332;2217.5540
195.1129;245.6833;0.0000;723.2078;2224.5540
195.3876;245.9579;0.0000;725.7571;2231.5540
196.1129;246.2325;0.0000;724.2078;2238.5540
197.1129;246.5072;0.0000;725.1302;2245.5540
198.1129;246.7818;0.0000;728.5810;2252.5540
198.1129;247.0565;0.0000;726.3064;2259.5540
199.1129;247.3311;0.0000;727.9542;2267.2793
199.3876;247.6057;0.0000;729.8557;2274.2793
200.1129;247.6057;0.0000;726.9542;2281.2793
200.3876;247.8804;0.0000;731.5035;2288.2793
201.3876;248.1550;0.0000;730.1303;2295.2793
202.1129;248.1550;0.0000;729.2288;2302.2793
203.1129;248.4297;0.0000;732.5035;2309.5540
203.8383;247.7043;0.0000;730.8557;2316.5540
204.1129;247.9789;0.0000;732.2289;2323.5540
204.8383;248.2536;0.0000;732.2289;2330.5540
205.1129;248.2536;0.0000;731.4049;2337.5540
205.8383;248.5282;0.0000;733.2288;2344.5540
206.8383;248.5282;0.0000;734.8557;2351.5540
207.5637;248.0775;0.0000;732.4049;2358.5540
207.8383;248.3521;0.0000;735.6796;2365.5540
208.8383;248.3521;0.0000;734.3063;2372.5540
208.8383;248.6268;0.0000;731.9542;2379.5540
209.8383;248.6268;0.0000;737.4050;2386.5540
209.8383;248.9014;0.0000;733.5810;2393.5540
210.8383;248.1761;0.0000;735.6796;2400.5540
211.5636;248.4507;0.0000;737.1303;2407.5540
212.5636;248.4507;0.0000;734.1303;2414.5540
212.5636;248.7254;0.0000;734.9542;2421.5540
213.5637;248.0000;0.0000;738.0317;2428.5540
213.8383;248.0000;0.0000;735.5810;2435.5540
214.5637;248.2746;0.0000;738.8557;2442.5540
215.5636;248.2746;0.0000;732.6796;2449.5540
216.2890;247.8239;0.0000;739.0317;2457.2793
216.5636;247.8239;0.0000;741.5810;2464.2793
217.2890;247.8239;0.0000;738.4825;2471.2793
217.5636;247.3732;0.0000;737.1303;2478.2793
218.2890;247.3732;0.0000;742.0317;2485.2793
219.2890;247.6479;0.0000;739.6585;2492.5540
219.5636;246.9225;0.0000;741.4824;2499.5540
220.2890;247.1971;0.0000;742.2078;2506.5540
220.5637;247.1971;0.0000;740.9332;2513.5540
221.5637;246.7464;0.0000;744.2078;2520.5540
222.5636;246.0211;0.0000;742.3839;2527.5540
223.2890;246.0211;0.0000;741.4824;2534.5540
223.5636;246.2957;0.0000;744.4824;2541.5540
224.5636;245.5703;0.0000;742.3839;2548.5540
224.5636;245.5703;0.0000;741.4824;2555.5540
225.5636;244.8450;0.0000;744.4824;2562.5540
226.5636;245.1196;0.0000;742.3839;2569.5540
226.5636;244.3943;0.0000;744.4824;2576.5540
226.8383;244.3943;0.0000;745.9332;2583.5540
227.8383;244.3943;0.0000;743.6585;2590.5540
228.5637;243.6689;0.0000;744.7571;2597.5540
228.8383;243.9435;0.0000;745.8346;2604.5540
229.8383;243.9435;0.0000;745.3839;2611.5540
230.1129;243.2182;0.0000;748.6586;2618.5540
231.1129;242.4928;0.0000;748.7360;2625.5540
231.3876;242.4928;0.0000;748.1093;2632.5540
232.3876;242.4928;0.0000;749.8346;2640.2793
232.6622;241.7675;0.0000;748.7360;2647.2793
233.6622;241.7675;0.0000;750.2853;2654.2793
233.9368;241.0421;0.0000;752.0107;2661.2793
234.9368;241.0421;0.0000;750.4614;2668.2793
234.9368;240.3167;0.0000;754.0107;2675.2793
235.9368;240.0421;0.0000;754.6375;2682.5540
236.9369;239.3167;0.0000;752.6375;2689.5540
237.2115;239.3167;0.0000;756.4614;2696.5540
237.4861;238.5914;0.0000;756.0882;2703.5540
238.4861;238.5914;0.0000;755.9121;2710.5540
238.7608;237.8660;0.0000;759.9121;2717.5540
239.7608;237.8660;0.0000;758.5389;2724.5540
240.0354;237.1407;0.0000;761.3628;2731.5540
241.3101;237.1407;8.7043;762.0881;2738.5540
241.5847;236.4153;0.0000;760.0882;2745.5540
242.5847;236.4153;8.7043;764.3629;2752.5540
242.8593;236.4153;0.0000;764.9896;2759.5540
243.8593;235.6899;0.0000;760.3629;2766.5540
243.8593;234.6899;0.0000;765.3628;2773.5540
244.8593;234.6899;0.0000;766.1657;2780.5540
245.8593;233.9646;0.0000;762.0881;2787.5540
246.1340;233.9646;0.0000;767.8135;2794.5540
246.8593;233.2392;0.0000;766.1657;2801.5540
247.1340;232.2392;8.7043;767.0882;2808.5540
248.1340;231.5139;0.0000;769.9896;2815.5540
248.8593;231.5139;8.7043;767.7150;2823.2793
249.1340;230.5139;0.0000;771.4404;2830.2793
249.4086;229.7885;0.0000;772.6164;2837.2793
250.4086;229.7885;0.0000;768.7150;2844.2793
251.1340;228.7885;0.0000;770.5389;2851.2793
251.4086;228.0631;8.7043;770.6165;2858.2793
252.4086;227.0631;0.0000;765.3628;2865.5540
252.4086;227.0631;0.0000;777.8911;2872.5540
252.6833;226.0632;0.0000;767.5389;2879.5540
252.9579;226.0632;0.0000;772.5389;2886.5540
253.9579;225.0632;0.0000;775.5389;2893.5540
254.6833;224.3378;0.0000;772.7150;2900.5540
254.9579;223.3378;0.0000;775.2642;2907.5540
255.9579;222.6124;0.0000;778.4404;2914.5540
256.2325;221.6124;0.0000;774.7150;2921.5540
256.2325;221.6124;0.0000;778.9896;2928.5537
256.5072;220.6124;0.0000;777.8911;2935.5540
256.7818;219.6124;0.0000;777.5389;2942.5537
257.7818;218.8871;0.0000;781.0882;2949.5540
257.7818;217.8871;0.0000;779.9896;2956.5537
258.7818;217.8871;0.0000;780.6375;2963.5540
259.0565;216.8871;0.0000;782.6375;2970.5537
259.3311;216.1617;0.0000;779.5389;2977.5540
259.6057;215.8871;0.0000;781.4614;2984.5537
260.3311;215.1617;0.0000;784.0882;2991.5540
260.6057;214.1617;0.0000;781.6375;2998.5537
261.6057;213.1617;0.0000;784.0107;3005.5540
261.8804;212.1617;0.0000;783.6375;3013.2793
261.8804;211.1617;0.0000;783.7360;3020.2793
262.1550;210.4363;0.0000;785.8346;3027.2793
262.1550;210.1617;0.0000;785.9121;3034.2793
262.4297;209.1617;0.0000;786.7360;3041.2793
262.7043;208.1617;0.0000;787.5599;3048.5540
263.4297;207.1617;0.0000;785.1868;3055.5542
263.7043;206.4364;0.0000;784.8346;3062.5540
264.7043;205.4364;0.0000;789.4614;3069.5542
264.9789;204.4364;0.0000;785.1868;3076.5540
265.2536;203.4363;0.0000;788.2853;3083.5537
265.5282;203.1617;0.0000;786.7360;3090.5540
265.5282;202.4363;0.0000;786.7360;3097.5537
265.8029;201.4364;3.2957;790.8346;3104.5540
266.0775;200.4364;0.0000;787.4614;3111.5537
266.0775;199.4364;3.2957;788.7361;3118.5540
266.3522;198.4364;3.2957;792.4614;3125.5537
266.3522;197.1617;0.0000;789.6375;3132.5540
266.6268;196.1617;3.2957;790.7360;3139.5537
266.6268;195.1617;0.0000;792.1868;3146.5540
266.9014;194.8871;0.0000;788.9121;3153.5537
266.9014;193.8871;3.2957;791.4614;3160.5540
266.9014;192.8871;3.2957;794.0882;3167.5537
266.9014;191.8871;0.0000;789.6375;3174.5540
267.1761;191.6124;0.0000;793.7360;3181.5537
267.1761;190.6124;0.0000;793.2643;3188.5540
267.1761;190.6124;0.0000;789.1657;3196.2793
267.4507;189.6124;0.0000;797.5599;3203.2793
267.4507;188.6124;0.0000;795.1868;3210.2793
267.4507;187.6124;0.0000;794.3839;3217.2793
267.7254;187.3378;0.0000;798.7360;3224.2793
267.7254;186.3378;0.0000;794.7360;3231.5540
267.7254;185.0631;0.0000;796.8346;3238.5542
267.7254;184.7885;0.0000;797.0107;3245.5540
267.7254;183.7885;0.0000;796.0107;3252.5542
267.7254;183.5139;0.0000;798.5599;3259.5540
268.0000;182.5139;0.0000;798.1867;3266.5537
267.2747;182.2392;0.0000;797.7360;3273.5540
267.2747;181.2392;0.0000;800.0107;3280.5537
267.2747;180.2392;0.0000;797.9121;3287.5540
267.2747;179.9646;0.0000;799.4614;3294.5537
267.2747;178.9646;0.0000;802.1868;3301.5540
267.2747;177.9646;0.0000;797.9121;3308.5537
267.0000;177.9646;0.0000;799.0106;3315.5540
267.0000;176.9646;0.0000;801.9121;3322.5537
266.2746;175.9646;0.0000;798.9121;3329.5540
266.2746;175.6899;8.7043;800.4614;3336.5537
266.2746;175.4153;0.0000;802.5389;3343.5540
266.2746;174.1407;8.7043;799.9121;3350.5537
266.0000;173.8660;0.0000;797.3839;3357.5540
266.0000;172.8660;0.0000;802.5389;3364.5537
266.0000;172.5914;0.0000;801.6375;3371.5540
265.0000;172.3167;0.0000;804.6375;3379.2793
265.0000;171.3167;0.0000;804.4404;3386.2793
265.0000;171.0421;0.0000;803.6375;3393.2793
264.2747;170.0421;0.0000;805.5389;3400.2793
264.2747;169.7675;0.0000;802.5389;3407.2793
264.2747;168.7675;0.0000;804.1868;3414.2793
263.5493;168.4928;0.0000;805.9896;3421.5542
263.5493;167.4928;0.0000;804.5389;3428.5540
263.5493;167.2182;0.0000;806.0882;3435.5542
263.5493;166.9435;0.0000;805.7150;3442.5540
263.5493;165.9435;0.0000;805.5389;3449.5537
262.8239;165.3943;0.0000;806.8135;3456.5540
262.5493;165.1196;0.0000;804.7150;3463.5537
262.5493;164.1196;0.0000;805.8135;3470.5540
262.2747;163.8450;0.0000;807.7150;3477.5537
261.5493;162.8450;0.0000;804.7150;3484.5540
261.2747;162.5703;0.0000;806.3629;3491.5537
261.2747;161.8450;0.0000;805.9896;3498.5540
260.2747;161.5703;0.0000;806.1657;3505.5537
260.2747;160.5703;0.0000;801.2853;3512.5540
260.2747;160.2957;0.0000;807.8911;3519.5537
260.0000;160.0211;0.0000;804.9896;3526.5540
260.0000;159.0211;0.0000;809.7150;3533.5537
259.2746;159.0211;0.0000;806.8911;3540.5540
259.0000;158.0210;0.0000;807.2643;3547.5537
258.2746;157.7464;3.2957;807.7150;3554.5540
258.2746;157.7464;0.0000;804.7150;3561.5537
258.2746;156.7464;0.0000;807.9896;3569.2793
257.2746;156.4718;0.0000;807.4404;3576.2793
257.2746;155.4718;0.0000;805.4403;3583.2793
257.0000;155.1971;0.0000;807.8136;3590.2793
256.2747;154.1971;0.0000;806.8911;3597.2793
256.0000;153.9225;0.0000;805.4403;3604.5542
256.0000;152.9225;0.0000;808.4403;3611.5540
255.0000;152.6478;0.0000;807.0671;3618.5542
255.0000;151.6478;0.0000;806.2643;3625.5540
254.0000;151.3732;0.0000;808.1657;3632.5537
254.0000;150.6478;0.0000;805.8911;3639.5540
253.2747;150.3732;0.0000;808.1657;3646.5537
253.0000;149.3732;0.0000;809.7925;3653.5540
253.0000;149.3732;0.0000;805.8911;3660.5537
253.0000;148.3732;0.0000;807.7150;3667.5540
252.2746;148.3732;0.0000;806.7925;3674.5537
252.0000;147.3732;0.0000;804.8911;3681.5540
252.0000;147.3732;0.0000;807.7150;3688.5537
251.2746;146.3732;0.0000;806.0671;3695.5540
251.0000;146.3732;0.0000;806.8911;3702.5537
251.0000;145.3732;0.0000;809.7925;3709.5540
250.0000;145.0986;0.0000;806.2432;3716.5537
249.7254;144.3732;0.0000;807.6164;3723.5540
248.7254;144.0986;0.0000;809.2432;3730.5537
248.4507;143.0986;0.0000;806.0671;3737.5540
247.4507;143.0986;0.0000;808.3417;3744.5537
247.4507;142.8239;0.0000;808.4193;3752.2793
247.1761;142.0986;0.0000;806.7925;3759.2793
247.1761;141.8239;0.0000;809.7925;3766.2793
246.9014;141.0986;0.0000;808.1447;3773.2793
245.9014;140.8239;0.0000;807.5178;3780.2793
245.9014;140.0986;0.0000;809.7925;3787.5542
244.9014;140.0986;0.0000;807.8700;3794.5540
244.6268;139.8239;0.0000;809.2432;3801.5542
244.3522;139.8239;0.0000;809.8701;3808.5540
243.6268;138.8239;0.0000;808.1447;3815.5542
243.3521;138.0986;0.0000;809.5179;3822.5540
242.3521;137.8239;0.0000;809.3207;3829.5537
241.8029;137.0986;0.0000;808.4193;3836.5540
241.5282;136.8239;0.0000;811.2432;3843.5537
240.5282;136.5493;0.0000;809.3207;3850.5540
240.2536;135.5493;0.0000;808.9686;3857.5537
238.9789;135.2746;0.0000;810.6940;3864.5540
238.4297;134.2746;0.0000;809.0461;3871.5537
237.4297;134.0000;0.0000;810.4193;3878.5540
236.8804;133.0000;0.0000;811.3207;3885.5537
235.8804;132.7254;0.0000;808.3207;3892.5540
235.3311;132.7254;0.0000;811.8700;3899.5537
234.3311;131.7254;0.0000;810.4968;3906.5540
234.0565;131.7254;0.0000;807.8700;3913.5537
233.0565;130.7254;0.0000;811.4193;3920.5540
232.7818;130.7254;0.0000;810.4968;3927.5537
231.7818;130.7254;0.0000;808.5953;3935.2793
231.5072;130.0000;0.0000;811.1447;3942.2793
231.2325;129.7254;0.0000;809.2222;3949.2793
230.2325;129.7254;0.0000;809.6939;3956.2793
229.9579;129.0000;0.0000;810.0461;3963.2793
229.6833;128.7254;0.0000;808.0461;3970.2793
228.6833;128.7254;0.0000;810.4193;3977.5540
228.4086;127.7254;0.0000;810.0461;3984.5542
227.4086;127.7254;0.0000;808.0461;3991.5540
226.4086;127.0000;0.0000;811.1447;3998.5542
226.1340;126.7254;0.0000;808.4968;4005.5540
225.8593;126.7254;0.0000;808.3207;4012.5537
224.8593;126.4507;0.0000;811.3207;4019.5540
224.3101;125.7254;0.0000;809.9475;4026.5537
223.3101;125.4507;0.0000;809.3207;4033.5540
222.3101;124.7254;0.0000;809.3207;4040.5537
221.7608;124.4507;0.0000;807.0461;4047.5540
221.4861;124.4507;0.0000;809.3207;4054.5537
220.2115;124.4507;0.0000;810.7714;4061.5540
219.9368;123.4507;8.7043;808.4968;4068.5537
218.6622;123.4507;0.0000;810.5954;4075.5540
217.3876;123.1761;0.0000;809.9475;4082.5537
216.8383;122.4507;0.0000;807.3207;4089.5540
215.5636;122.1761;0.0000;809.8701;4096.5537
215.0144;122.1761;0.0000;809.2222;4103.5537
213.7397;121.1761;0.0000;809.1447;4110.5537
213.1904;120.9014;8.7043;811.4193;4117.5537
211.9158;120.9014;0.0000;809.3207;4125.2793
211.3665;119.9014;8.7043;810.6940;4132.2793
210.0919;119.9014;0.0000;812.4193;4139.2793
209.8172;119.6268;0.0000;808.9686;4146.2793
208.5426;119.6268;0.0000;811.5179;4153.2793
207.9933;118.9014;0.0000;810.4193;4160.5537
206.7187;118.6268;0.0000;811.2432;4167.5542
205.7187;118.6268;0.0000;812.0671;4174.5537
205.1694;118.6268;8.7043;812.1447;4181.5542
204.1694;117.9014;0.0000;811.0671;4188.5537
203.8947;117.6268;0.0000;812.3418;4195.5537
202.6201;116.9014;0.0000;813.5954;4202.5537
201.6201;116.9014;0.0000;811.6164;4209.5537
201.3455;116.9014;0.0000;814.2432;4216.5537
200.3455;116.9014;0.0000;811.5179;4223.5537
199.3455;116.1761;0.0000;812.6165;4230.5537
198.3455;116.1761;0.0000;812.2432;4237.5537
197.3455;116.1761;0.0000;808.4403;4244.5537
197.3455;116.1761;0.0000;812.8911;4251.5537
196.3455;116.1761;0.0000;811.0671;4258.5537
195.3455;116.4507;0.0000;808.7150;4265.5537
194.6201;116.4507;0.0000;811.4404;4272.5537
193.6201;116.4507;0.0000;809.7925;4279.5537
192.8947;116.7254;0.0000;809.9896;4286.5537
191.8947;116.0000;0.0000;811.1657;4293.5537
191.6201;116.2746;0.0000;809.1656;4300.5537
190.8947;116.2746;0.0000;812.7150;4308.2793
189.8947;116.2746;0.0000;811.6164;4315.2793
189.1694;116.5493;0.0000;810.8911;4322.2793
188.1694;116.5493;0.0000;812.2643;4329.2793
186.4440;116.8239;0.0000;810.8911;4336.2793
185.7187;117.0986;0.0000;807.8136;4343.5537
184.7187;117.0986;0.0000;809.3629;4350.5542
183.9933;117.3732;0.0000;807.5389;4357.5537
182.9933;117.6478;0.0000;807.9121;4364.5542
182.2680;117.9225;0.0000;809.3629;4371.5537
181.2680;117.4718;0.0000;806.9121;4378.5537
180.5426;117.7464;0.0000;809.1868;4385.5537
179.5426;118.0210;0.0000;806.9121;4392.5537
178.5426;118.2957;0.0000;807.1868;4399.5537
178.2679;118.5703;0.0000;806.5599;4406.5537
177.5426;118.8450;0.0000;806.9121;4413.5537
176.5426;119.1196;0.0000;805.0107;4420.5537
175.5426;119.1196;0.0000;805.8346;4427.5537
174.5426;119.3942;0.0000;806.9121;4434.5537
173.5426;119.6689;0.0000;805.8346;4441.5537
173.2680;120.6689;0.0000;805.8346;4448.5537
172.2679;120.9435;0.0000;802.8346;4455.5537
171.5426;121.4928;0.0000;805.3839;4462.5537
171.2679;121.0421;0.0000;804.3839;4469.5537
170.2680;121.3167;0.0000;803.8346;4476.5537
169.9933;121.5914;0.0000;805.7571;4483.5537
169.2680;121.8660;0.0000;805.5599;4491.2793
168.2680;122.1407;0.0000;803.2078;4498.2793
167.5426;122.1407;0.0000;805.7571;4505.2793
167.2680;122.4153;0.0000;803.1093;4512.2793
166.5426;122.6899;0.0000;804.0317;4519.2793
165.5426;122.6899;0.0000;806.2078;4526.2793
165.2679;122.9646;0.0000;803.6585;4533.5542
164.5426;123.2392;0.0000;804.7571;4540.5537
163.5426;123.5139;0.0000;805.4825;4547.5542
162.5426;123.5139;0.0000;801.4824;4554.5537
162.2680;123.7885;0.0000;804.5810;4561.5537
161.2680;124.0631;0.0000;803.6585;4568.5537
161.2680;124.3378;0.0000;802.3063;4575.5537
160.2680;125.3378;0.0000;804.8557;4582.5537
159.2680;125.6124;0.0000;803.6585;4589.5537
159.2680;125.8871;0.0000;801.1303;4596.5537
158.2680;126.1617;0.0000;803.4049;4603.5537
157.9933;126.1617;0.0000;799.3064;4610.5537
156.9933;126.4364;0.0000;800.9542;4617.5537
156.2679;126.7110;0.0000;801.6796;4624.5537
155.9933;126.9856;0.0000;801.1303;4631.5537
154.9933;127.9856;0.0000;800.5035;4638.5537
153.9933;127.9856;0.0000;799.6796;4645.5537
153.7187;128.2603;0.0000;797.0527;4652.5537
152.9933;128.5349;0.0000;801.7781;4659.5537
152.7187;128.8096;0.0000;799.6796;4666.5537
151.7187;129.3588;0.0000;797.6021;4673.5537
150.7187;129.6335;0.0000;799.3275;4681.2793
149.7187;130.6335;0.0000;798.2289;4688.2793
148.9933;131.1828;0.0000;797.1514;4695.2793
148.7187;132.1828;0.0000;799.3275;4702.2793
147.7187;132.7321;0.0000;794.8767;4709.2793
146.7187;133.0067;0.0000;795.9752;4716.5542
145.7187;133.2813;0.0000;796.6021;4723.5537
145.4440;133.5560;0.0000;794.7006;4730.5542
144.4440;134.5560;0.0000;795.5245;4737.5537
143.7187;134.8306;0.0000;795.4260;4744.5542
142.7187;135.1053;0.0000;793.9753;4751.5537
141.9933;135.3799;0.0000;795.5245;4758.5537
140.9933;136.3799;0.0000;794.4260;4765.5537
140.2680;136.9292;0.0000;794.0738;4772.5537
139.2680;137.2038;0.0000;795.5245;4779.5537
138.5426;138.2038;0.0000;792.5245;4786.5537
137.5426;138.4785;0.0000;793.8977;4793.5537
137.5426;138.7531;0.0000;795.5245;4800.5537
136.5426;139.7531;0.0000;793.0738;4807.5537
135.8172;140.0277;0.0000;794.4470;4814.5537
135.5426;140.5770;0.0000;793.0738;4821.5537
134.8172;140.8517;0.0000;792.6231;4828.5537
133.8172;141.8517;0.0000;794.1724;4835.5537
133.8172;142.1263;0.0000;793.7991;4842.5537
132.8172;143.1263;0.0000;792.7217;4849.5537
132.0919;143.1263;0.0000;794.1724;4856.5537
131.3665;144.1263;0.0000;791.8978;4864.2793
131.3665;144.6756;0.0000;791.5456;4871.2793
130.6412;144.9502;0.0000;792.4470;4878.2793
129.9158;145.9502;0.0000;789.2709;4885.2793
129.9158;145.9502;0.0000;791.3695;4892.2793
128.9158;147.2249;0.0000;789.7217;4899.5542
128.1904;147.2249;0.0000;788.0948;4906.5537
127.1904;148.2249;0.0000;790.3695;4913.5542
127.1904;149.2249;0.0000;790.4470;4920.5537
126.4651;149.4995;0.0000;787.9188;4927.5542
125.4651;150.4995;0.0000;790.0948;4934.5537
124.7397;151.2249;0.0000;787.8203;4941.5537
124.0144;151.4995;0.0000;786.7427;4948.5537
123.2890;152.2249;0.0000;788.9188;4955.5537
122.5636;152.4995;0.0000;786.1934;4962.5537
121.8383;153.2249;0.0000;787.1160;4969.5537
122.1129;154.2249;0.0000;788.1935;4976.5537
121.3876;154.2249;0.0000;785.8412;4983.5537
121.3876;154.4995;0.0000;788.4891;4990.5537
120.6622;155.4995;0.0000;788.1159;4997.5537
119.6622;155.7741;0.0000;787.5876;5004.5537
119.6622;156.4995;0.0000;789.8624;5011.5537
118.9369;157.4995;0.0000;786.0384;5018.5537
118.2115;157.7741;0.0000;786.9609;5025.5537
118.2115;158.7741;0.0000;791.3130;5032.5537
117.4861;159.0488;0.0000;786.2355;5039.5537
117.4861;160.0488;0.0000;787.8834;5047.2793
116.7608;160.7741;0.0000;788.6088;5054.2793
116.7608;161.0488;0.0000;787.9819;5061.2793
116.7608;161.3234;0.0000;790.9044;5068.2793
116.3101;162.3234;0.0000;790.2566;5075.2793
116.3101;162.5981;0.0000;783.6508;5082.2793
115.5847;163.5981;0.0000;791.4537;5089.5537
115.5847;163.8727;0.0000;788.7073;5096.5542
115.1340;164.8727;0.0000;790.7283;5103.5537
114.4086;165.8727;0.0000;790.3551;5110.5542
114.4086;166.8727;0.0000;787.0804;5117.5537
113.6833;167.1473;0.0000;788.2776;5124.5537
113.6833;167.8727;0.0000;787.4537;5131.5537
113.6833;168.8727;0.0000;785.8269;5138.5537
112.9579;169.1473;0.0000;790.2001;5145.5537
113.2325;170.1473;0.0000;789.3762;5152.5537
113.2325;170.4220;0.0000;788.2986;5159.5537
112.5072;171.4220;0.0000;791.2987;5166.5537
112.5072;171.6966;0.0000;790.2001;5173.5537
111.7818;172.6966;0.0000;791.1226;5180.5537
111.0565;173.6966;0.0000;791.1226;5187.5537
111.0565;173.9713;0.0000;788.8480;5194.5537
111.0565;174.9713;0.0000;791.6719;5201.5537
110.6057;175.9713;0.0000;791.5733;5208.5537
110.6057;176.5205;0.0000;789.3972;5215.5537
110.6057;177.5205;0.0000;791.4958;5222.5537
110.6057;177.7952;0.0000;790.8480;5230.2793
110.1550;178.7952;0.0000;788.2212;5237.2793
110.1550;179.0698;0.0000;791.4958;5244.2793
109.4297;180.0698;0.0000;791.1226;5251.2793
108.7043;181.0698;0.0000;790.0451;5258.2793
108.7043;181.3445;0.0000;794.2211;5265.2793
107.9790;182.3445;0.0000;788.3197;5272.5537
107.2536;183.3445;0.0000;791.1437;5279.5542
107.2536;183.6191;0.0000;792.7704;5286.5537
106.5282;184.6191;0.0000;789.8690;5293.5542
106.5282;185.6191;0.0000;792.6929;5300.5537
106.8029;185.8938;0.0000;793.0451;5307.5537
106.3522;186.8938;0.0000;790.4183;5314.5537
105.9014;187.8938;0.0000;791.0661;5321.5537
106.1761;188.8938;0.0000;791.8690;5328.5537
105.7254;189.4430;0.0000;792.5168;5335.5537
106.0000;190.4430;0.0000;791.0661;5342.5537
105.5493;191.4430;0.0000;792.4183;5349.5537
105.8239;191.7177;0.0000;791.7915;5356.5537
105.0986;192.7177;0.0000;795.6929;5363.5537
105.3732;193.7177;0.0000;791.3408;5370.5537
104.9225;194.4430;0.0000;793.5379;5377.5537
104.1971;194.7177;0.0000;794.1647;5384.5537
104.4718;195.7177;0.0000;793.8125;5391.5537
104.4718;196.7177;0.0000;795.9111;5398.5537
104.4718;197.7177;0.0000;793.8125;5405.5537
103.7464;198.7177;0.0000;794.4604;5412.5537
103.7464;199.4430;0.0000;795.7350;5420.2793
103.2957;199.9923;0.0000;794.3618;5427.2793
102.8450;200.9923;0.0000;797.0097;5434.2793
103.1196;201.9923;0.0000;798.4604;5441.2793
103.1196;202.9923;0.0000;796.1858;5448.2793
103.3943;203.7177;0.0000;797.1082;5455.5537
102.9435;203.9923;0.0000;796.1858;5462.5542
102.9435;204.7177;0.0000;794.8336;5469.5537
102.4928;205.7177;0.0000;796.9321;5476.5542
102.4928;206.4430;0.0000;795.7350;5483.5537
102.7675;207.4430;0.0000;797.1082;5490.5542
102.7675;207.4430;0.0000;797.6575;5497.5537
102.7675;208.4430;0.0000;795.7350;5504.5537
103.0421;209.1684;0.0000;794.9322;5511.5537
103.0421;209.4430;0.0000;797.1082;5518.5537
103.3167;210.1684;0.0000;794.1083;5525.5537
102.5914;211.1684;0.0000;793.5800;5532.5537
102.5914;211.4431;0.0000;794.9322;5539.5537
102.8660;212.1684;0.0000;793.4814;5546.5537
103.1407;213.1684;0.0000;795.7561;5553.5537
103.1407;214.1684;0.0000;795.6575;5560.5537
103.4153;214.1684;0.0000;793.0308;5567.5537
102.6899;215.1684;0.0000;796.0308;5574.5537
102.9646;215.8938;0.0000;794.9322;5581.5537
102.9646;216.8937;0.0000;795.0307;5588.5537
102.9646;217.6191;0.0000;789.9532;5595.5537
103.2392;218.3445;0.0000;793.4814;5603.2793
103.2392;219.3445;0.0000;794.5800;5610.2793
103.2392;220.0698;0.0000;794.4814;5617.2793
103.5139;221.0698;0.0000;792.3054;5624.2793
103.5139;221.7952;0.0000;794.4039;5631.2793
103.7885;222.7952;0.0000;794.4814;5638.2793
103.7885;223.7952;0.0000;793.3054;5645.5542
104.0631;224.5206;0.0000;795.5800;5652.5537
103.3378;225.5206;8.7043;794.2068;5659.5542
103.6124;226.2459;0.0000;794.1293;5666.5537
103.6124;227.2459;8.7043;795.3054;5673.5542
103.8871;227.9713;0.0000;793.0308;5680.5537
103.8871;228.9713;0.0000;792.9532;5687.5537
103.8871;229.6966;0.0000;794.3054;5694.5537
104.1617;230.6966;8.7043;792.8546;5701.5537
104.1617;231.4220;0.0000;794.9532;5708.5537
104.1617;232.4220;8.7043;793.3054;5715.5537
104.4364;233.1473;0.0000;789.5025;5722.5537
104.4364;234.1473;0.0000;793.2278;5729.5537
104.7110;234.8727;0.0000;791.8546;5736.5537
104.7110;235.8727;0.0000;792.9532;5743.5537
104.9856;236.8727;8.7043;793.6785;5750.5537
104.9856;237.5981;0.0000;790.6786;5757.5542
105.2603;238.5981;0.0000;792.9532;5764.5537
105.2603;239.3234;0.0000;793.4039;5771.5537
105.5349;240.3234;0.0000;788.9532;5778.5537
106.2603;241.0488;0.0000;794.6786;5786.2793
106.5349;242.0488;0.0000;791.8546;5793.2793
106.5349;242.0488;0.0000;790.2278;5800.2793
106.8096;243.0488;0.0000;793.7771;5807.2793
106.8096;243.7741;0.0000;791.8546;5814.2793
107.0842;244.4995;0.0000;791.5025;5821.2793
107.0842;245.4995;0.0000;793.2278;5828.5542
108.0842;246.4995;0.0000;791.8546;5835.5542
108.3588;247.4995;0.0000;793.2278;5842.5537
108.6335;248.2249;0.0000;794.4039;5849.5537
108.9081;249.2249;0.0000;789.2278;5856.5542
108.9081;250.2249;0.0000;793.7771;5863.5542
109.1828;251.2249;0.0000;793.8547;5870.5537
110.1828;251.9502;0.0000;792.6786;5877.5537
110.4574;252.9502;0.0000;795.2279;5884.5542
111.1828;253.9502;0.0000;793.5800;5891.5537
111.4574;254.6756;0.0000;793.9532;5898.5537
111.7320;255.6756;0.0000;795.2279;5905.5537
112.0067;256.4009;0.0000;793.8547;5912.5542
112.2813;258.1263;0.0000;795.9532;5919.5537
112.5560;258.8517;0.0000;797.4039;5926.5537
112.8306;260.3024;0.0000;795.8546;5933.5537
113.1052;261.3024;0.0000;797.6786;5940.5542
113.8306;262.7531;0.0000;798.7560;5947.5537
114.1052;263.7531;0.0000;799.0307;5954.5537
114.3799;265.2038;0.0000;800.1293;5961.5537
114.6545;266.2038;0.0000;800.9321;5968.5542
114.9292;266.9292;0.0000;800.3054;5976.2793
116.2038;267.6545;0.0000;800.1293;5983.2793
116.4784;268.6545;0.0000;799.4814;5990.2793
116.7531;269.3799;0.0000;801.1293;5997.2793
117.7531;270.1053;0.0000;802.0307;6004.2793
118.0277;271.8306;0.0000;800.7561;6011.5542
119.0277;272.5560;0.0000;802.5800;6018.5542
119.3024;273.2813;0.0000;803.2068;6025.5537
119.5770;274.0067;0.0000;801.7561;6032.5537
119.8517;275.0067;0.0000;805.3054;6039.5542
120.8517;275.7321;0.0000;803.6575;6046.5542
121.1263;276.4574;0.0000;803.4814;6053.5537
121.4009;277.1828;0.0000;805.7560;6060.5537
122.4009;278.1827;0.0000;803.6575;6067.5542
122.6756;278.9081;0.0000;802.5800;6074.5537
123.6756;279.6335;0.0000;806.9321;6081.5537
124.6756;279.9081;0.0000;803.6575;6088.5537
124.9502;280.6335;0.0000;805.4814;6095.5542
125.9502;281.3588;0.0000;806.3829;6102.5537
126.2249;281.3588;3.2957;804.6575;6109.5537
126.4995;282.0842;0.0000;806.3054;6116.5537
127.4995;283.0842;0.0000;806.5590;6123.5542
127.7741;283.0842;3.2957;804.9321;6130.5537
128.0488;283.8096;0.0000;808.2068;6137.5537
129.3234;283.8096;0.0000;806.2843;6144.5537
129.5981;284.0842;0.0000;804.7561;6151.5542
130.8727;284.8096;0.0000;806.9321;6159.2793
131.4220;285.0842;0.0000;805.8336;6166.2793
131.6966;285.8095;0.0000;805.4814;6173.2793
132.9713;286.8096;0.0000;807.6575;6180.2793
133.2459;286.8096;0.0000;805.3829;6187.2793
134.2459;286.8096;0.0000;806.3054;6194.2793
134.5206;287.8096;0.0000;808.2843;6201.5542
135.0698;287.8096;0.0000;805.6575;6208.5537
136.0698;288.5349;0.0000;807.4814;6215.5537
136.3445;288.5349;0.0000;800.4814;6222.5542
137.3445;289.5349;0.0000;806.9321;6229.5542
138.3445;289.5349;0.0000;808.2068;6236.5537
138.8938;290.2603;0.0000;807.0097;6243.5537
139.1684;290.2603;0.0000;807.6575;6250.5542
139.4430;290.9856;0.0000;808.3829;6257.5537
140.7177;290.9856;0.0000;807.5590;6264.5537
141.7177;291.7110;0.0000;808.2068;6271.5537
141.9923;292.7110;0.0000;808.2843;6278.5542
143.2670;292.4363;0.0000;807.3829;6285.5537
143.5416;293.1617;0.0000;809.6575;6292.5537
143.8162;293.1617;0.0000;808.2843;6299.5537
144.8163;293.8871;0.0000;806.9321;6306.5542
145.3655;293.8871;0.0000;808.2068;6313.5537
146.3655;293.8871;0.0000;808.2843;6320.5537
146.6402;293.8871;0.0000;808.9322;6327.5537
146.9148;294.6124;0.0000;809.1083;6334.5542
147.9148;294.6124;0.0000;807.5590;6342.2793
148.1895;295.3378;0.0000;810.6575;6349.2793
149.4641;295.3378;0.0000;809.7350;6356.2793
149.7387;295.7885;0.0000;801.5800;6363.2793
150.0134;295.7885;3.2957;810.6575;6370.2793
151.2880;296.5139;0.0000;809.0096;6377.2793
151.5627;296.5139;0.0000;809.1083;6384.5542
152.5627;296.5139;0.0000;810.3829;6391.5537
153.1119;297.2392;0.0000;809.7350;6398.5537
153.3866;297.2392;0.0000;809.3829;6405.5542
154.3866;297.9646;0.0000;810.1082;6412.5542
154.9359;297.6899;0.0000;808.2843;6419.5537
155.2105;297.6899;0.0000;809.6575;6426.5537
156.2105;298.1407;0.0000;810.4604;6433.5542
156.7598;298.1407;3.2957;808.2843;6440.5537
157.7598;298.1407;0.0000;812.1083;6447.5537
158.0344;298.5914;3.2957;810.4604;6454.5537
159.0344;298.5914;0.0000;808.5590;6461.5542
159.5837;299.3167;0.0000;811.8336;6468.5537
160.5837;299.0421;0.0000;808.7350;6475.5537
161.1330;299.0421;0.0000;810.1082;6482.5537
161.4076;299.7675;0.0000;811.2843;6489.5542
162.6823;299.7675;0.0000;808.0097;6496.5537
162.9569;299.4928;0.0000;810.1082;6503.5537
164.2315;300.2182;0.0000;811.7350;6510.5537
164.7808;300.2182;0.0000;808.2843;6517.5542
165.7808;300.9435;0.0000;811.3829;6524.5537
167.0555;300.6689;0.0000;810.9111;6532.2793
167.6047;300.6689;0.0000;806.8336;6539.2793
168.8794;301.1196;0.0000;813.2843;6546.2793
169.8794;301.1196;0.0000;809.9111;6553.2793
170.4287;301.5703;0.0000;810.5590;6560.2793
171.4287;301.5703;0.0000;811.2843;6567.5542
172.4287;302.0211;0.0000;810.1858;6574.5537
172.9780;302.0211;0.0000;811.5590;6581.5537
173.9780;301.7464;0.0000;811.7350;6588.5542
174.9780;302.4718;0.0000;808.2843;6595.5542
175.2526;302.1971;0.0000;812.5590;6602.5537
176.2526;302.9225;0.0000;811.9111;6609.5537
177.2526;302.6478;0.0000;809.0096;6616.5542
177.5272;302.3732;0.0000;812.5590;6623.5537
178.5272;303.0986;0.0000;812.0872;6630.5537
179.5272;302.8239;0.0000;809.8336;6637.5537
180.5272;303.2746;0.0000;813.0096;6644.5542
180.8019;303.0000;0.0000;812.0872;6651.5537
181.8019;303.7254;0.0000;811.2843;6658.5537
182.5272;303.4507;0.0000;813.1858;6665.5537
182.8019;303.1761;0.0000;811.9111;6672.5542
183.8019;303.6268;0.0000;813.0096;6679.5537
185.0765;303.3522;0.0000;813.3618;6686.5537
186.0765;304.0775;0.0000;811.0097;6693.5537
187.0765;303.8029;0.0000;814.0097;6700.5542
188.3512;304.2536;0.0000;813.8126;6707.5537
189.3512;303.9789;0.0000;813.1858;6715.2793
189.6258;303.7043;0.0000;814.4604;6722.2793
190.6258;304.4297;0.0000;813.9886;6729.2793
191.9004;304.1550;0.0000;814.1858;6736.2793
192.9004;303.8804;0.0000;818.5380;6743.2793
193.1751;304.3311;0.0000;814.0872;6750.5542
194.1751;304.0565;0.0000;815.1857;6757.5537
195.1751;304.5072;0.0000;815.5380;6764.5537
196.1751;304.2325;0.0000;813.9111;6771.5542
197.4497;303.9579;0.0000;816.4604;6778.5542
198.4497;303.6833;0.0000;815.3618;6785.5537
198.7244;304.1340;0.0000;814.2844;6792.5537
199.7244;303.5847;0.0000;818.0097;6799.5542
200.7244;303.3101;0.0000;816.3618;6806.5537
201.7244;303.7608;0.0000;817.0096;6813.5537
202.7244;303.2115;0.0000;821.0872;6820.5537
203.7244;303.6622;0.0000;816.6365;6827.5542
204.7244;303.3876;0.0000;818.0097;6834.5537
205.7244;303.5637;0.0000;819.0872;6841.5537
205.7244;303.2890;0.0000;817.0096;6848.5537
206.7244;303.4651;0.0000;821.2068;6855.5542
207.7244;303.1904;0.0000;821.5590;6862.5537
208.4497;302.6412;0.0000;821.7561;6869.5537
209.9004;302.8172;3.2957;824.8547;6876.5537
210.9004;302.2679;8.7043;824.5800;6883.5542
211.6258;301.9933;0.0000;826.7772;6890.5537
212.3512;301.4440;0.0000;828.5025;6898.2793
213.3512;301.6201;8.7043;827.9532;6905.2793
214.0765;301.3455;0.0000;829.3264;6912.2793
214.8019;300.7962;0.0000;829.2278;6919.2793
216.5272;301.2469;0.0000;821.9743;6926.2793
217.2526;300.6976;0.0000;830.1503;6933.2793
218.9780;300.4230;0.0000;829.9532;6940.5537
219.7033;300.8737;0.0000;829.0518;6947.5537
220.7033;300.5991;0.0000;831.3264;6954.5542
222.1540;300.0498;0.0000;830.4039;6961.5542
223.1540;299.7751;0.0000;829.1503;6968.5537
224.6048;300.2259;0.0000;832.2278;6975.5537
225.6047;299.9512;8.7043;831.4039;6982.5542
227.0555;299.4019;0.0000;832.3264;6989.5537
228.0555;299.1273;0.0000;833.6786;6996.5537
229.0555;298.8527;8.7043;830.7772;7003.5537
230.7808;298.5780;0.0000;833.8757;7010.5542
231.5062;298.3034;0.0000;834.5025;7017.5537
233.2315;298.0287;0.0000;832.6996;7024.5537
234.2315;297.7541;0.0000;837.7982;7031.5537
235.6823;297.4795;0.0000;837.2489;7038.5542
236.6823;296.9302;0.0000;837.5446;7045.5537
238.1330;296.6555;0.0000;840.5446;7052.5537
238.8583;296.3809;8.7043;839.9953;7059.5537
239.5837;296.1063;0.0000;840.6432;7066.5542
241.0344;296.1063;0.0000;842.8192;7073.5537
241.7598;295.8316;8.7043;840.5446;7080.5537
242.4851;295.5570;3.2957;842.4671;7088.2793
243.9359;295.2823;0.0000;842.0939;7095.2793
244.6612;295.0077;3.2957;841.9178;7102.2793
245.3866;294.0077;0.0000;845.1924;7109.2793
246.8373;293.7330;0.0000;843.9953;7116.2793
247.5627;293.4584;0.0000;842.1924;7123.5537
248.2880;293.4584;3.2957;845.9178;7130.5537
250.0134;293.1838;0.0000;845.9954;7137.5542
251.4641;292.1837;3.2957;845.1924;7144.5542
252.1895;291.9091;8.7043;846.0939;7151.5537
253.9148;291.6345;0.0000;843.5446;7158.5537
254.6402;291.6345;0.0000;846.9178;7165.5542
255.6402;291.3598;3.2957;846.9953;7172.5537
256.3655;290.3598;0.0000;845.0939;7179.5537
257.8163;290.0852;0.0000;847.9178;7186.5537
259.5416;289.5359;0.0000;847.7206;7193.5542
260.2670;289.2613;0.0000;848.8192;7200.5537
260.9923;288.9866;0.0000;847.0728;7207.5537
261.7177;288.7120;0.0000;849.8192;7214.5537
262.4431;287.4373;0.0000;850.4670;7221.5542
263.8938;287.1627;0.0000;852.7418;7228.5537
264.8937;286.1627;0.0000;850.9178;7235.5537
266.3445;285.8881;0.0000;851.1149;7242.5537
267.0698;285.3388;0.0000;853.3685;7249.5542
267.7952;285.0641;0.0000;852.4671;7256.5537
268.5206;284.7895;0.0000;855.1149;7263.5537
269.2459;284.2402;0.0000;856.3685;7271.2793
269.9713;283.2402;0.0000;853.0164;7278.2793
270.6966;282.2402;8.7043;855.8403;7285.2793
272.1473;281.6909;0.0000;857.0939;7292.2793
273.5981;280.6909;8.7043;857.7417;7299.2793
275.0488;279.4163;0.0000;859.6432;7306.5537
275.7741;279.1417;0.0000;857.8193;7313.5537
277.2249;277.8670;0.0000;858.7417;7320.5542
278.2249;276.5924;0.0000;861.5446;7327.5542
279.6756;276.3177;0.0000;859.0939;7334.5537
280.4009;275.0431;0.0000;863.4671;7341.5537
281.8517;274.7685;0.0000;861.7207;7348.5542
282.3024;273.4938;0.0000;861.8192;7355.5537
283.7531;272.4938;0.0000;866.3685;7362.5537
284.4785;271.2192;0.0000;863.8967;7369.5537
285.9292;270.2192;0.0000;857.5657;7376.5542
287.3799;268.9445;0.0000;865.9953;7383.5537
288.8306;267.9445;0.0000;864.8967;7390.5537
289.5560;266.9445;0.0000;865.8192;7397.5537
290.7321;266.6699;0.0000;867.1714;7404.5542
291.4574;265.3953;0.0000;864.7207;7411.5537
292.9081;263.6699;0.0000;866.3685;7418.5537
293.6335;262.6699;0.0000;866.6221;7425.5537
295.0842;261.6699;0.0000;865.1714;7432.5542
295.8096;260.6699;0.0000;868.5446;7439.5537
296.5349;258.9445;0.0000;867.0728;7446.5537
297.2603;257.9445;0.0000;865.9953;7454.2793
297.9856;256.6699;3.2957;869.1714;7461.2793
298.4363;255.6699;0.0000;867.0728;7468.2793
299.1617;254.6699;3.2957;866.7207;7475.2793
299.8871;253.6699;0.0000;869.1714;7482.2793
300.3378;252.6699;0.0000;865.6221;7489.2793
301.0631;251.6699;0.0000;868.8967;7496.5537
301.7885;250.6699;0.0000;870.2489;7503.5542
301.5139;249.6699;0.0000;866.6221;7510.5542
302.2392;248.3953;0.0000;871.6221;7517.5537
302.9646;248.1206;0.0000;868.5236;7524.5537
302.6899;247.1206;0.0000;869.6221;7531.5542
303.4153;246.1206;0.0000;866.3685;7538.5542
303.8660;245.1206;0.0000;870.2489;7545.5537
303.8660;244.1206;0.0000;870.7207;7552.5537
304.3167;243.1206;0.0000;871.7982;7559.5542
304.3167;242.8460;0.0000;871.3475;7566.5537
304.7675;241.8460;8.7043;872.4460;7573.5537
305.2182;240.8460;0.0000;871.6221;7580.5537
305.9435;239.8460;0.0000;873.1714;7587.5542
305.6689;238.5713;0.0000;876.2700;7594.5537
306.1196;237.5713;0.0000;874.6221;7601.5537
306.8450;236.5713;8.7043;868.4670;7608.5537
307.2957;235.5713;0.0000;877.8192;7615.5542
307.0211;234.8460;0.0000;875.8967;7622.5537
307.4718;233.1206;0.0000;877.0939;7629.5537
307.1971;232.1206;0.0000;879.5446;7636.5537
307.9225;231.8460;0.0000;876.7206;7644.2793
307.6479;229.8460;0.0000;878.8193;7651.2793
308.0986;228.8460;0.0000;879.3475;7658.2793
308.5493;227.8460;0.0000;878.7207;7665.2793
308.2747;227.5713;8.7043;881.1924;7672.2793
308.7253;226.2967;0.0000;880.8967;7679.5537
308.4507;225.2967;0.0000;878.9953;7686.5542
308.1761;224.2967;0.0000;881.7207;7693.5542
308.3521;224.0220;0.0000;879.1714;7700.5537
308.0775;222.7474;0.0000;881.7207;7707.5537
308.5282;221.7474;0.0000;882.3474;7714.5542
308.2536;220.7474;0.0000;880.6221;7721.5542
308.7043;219.7474;0.0000;883.1714;7728.5537
308.4297;218.4728;0.0000;884.3475;7735.5537
308.1550;218.1981;0.0000;880.5236;7742.5542
307.8804;217.1981;0.0000;881.9954;7749.5537
308.3311;216.1981;0.0000;883.6996;7756.5537
308.0565;215.1981;0.0000;882.3474;7763.5537
308.5072;214.1981;0.0000;883.0729;7770.5542
308.5072;213.1981;0.0000;883.4250;7777.5537
308.2325;212.9235;0.0000;882.8967;7784.5537
308.6833;211.6488;0.0000;884.7982;7791.5537
308.4086;210.6488;0.0000;882.6996;7798.5542
308.8593;209.3742;0.0000;883.6221;7805.5537
308.5847;208.3742;0.0000;884.9742;7812.5537
308.3101;207.8249;0.0000;883.9742;7819.5537
308.0354;206.8249;0.0000;884.3475;7827.2793
308.4861;204.8249;0.0000;886.6011;7834.2793
308.2115;203.8249;0.0000;882.5236;7841.2793
308.9368;203.5503;0.0000;888.2489;7848.2793
308.6622;202.2756;0.0000;885.3264;7855.2793
308.3876;201.2756;0.0000;884.5236;7862.5537
308.8383;200.0010;0.0000;886.9742;7869.5542
308.5637;199.0010;0.0000;884.1503;7876.5542
308.2890;198.0010;0.0000;884.5236;7883.5537
308.7397;197.0010;0.0000;886.1503;7890.5537
308.7397;196.0010;0.0000;883.8757;7897.5542
309.1904;195.0010;0.0000;885.9742;7904.5542
308.9158;193.7264;0.0000;885.6011;7911.5537
308.6412;192.7264;0.0000;884.6996;7918.5537
309.0919;191.0010;0.0000;887.6996;7925.5542
308.8172;189.7263;8.7043;885.7771;7932.5537
309.2679;188.7263;0.0000;886.6996;7939.5537
308.9933;187.7263;8.7043;887.4249;7946.5537
308.7187;186.7264;0.0000;886.5025;7953.5542
308.8947;185.0010;0.0000;886.6996;7960.5537
308.6201;184.0010;0.0000;889.0518;7967.5537
309.0708;183.2756;8.7043;886.7772;7974.5537
308.5215;181.5503;0.0000;889.6011;7981.5542
308.2469;180.5503;8.7043;888.5025;7988.5537
308.4230;179.5503;0.0000;885.1504;7995.5537
307.8737;178.5503;0.0000;892.7771;8002.5537
307.5991;177.5503;0.0000;885.8757;8010.2793
307.0498;176.5503;0.0000;887.6011;8017.2793
306.7751;175.5503;0.0000;891.0518;8024.2793
306.9512;173.8249;0.0000;889.2278;8031.2793
306.6766;173.0996;0.0000;889.5024;8038.2793
306.1273;172.0996;0.0000;892.7771;8045.2793
305.8527;171.0996;0.0000;889.5024;8052.5542
305.5780;169.6488;0.0000;892.7771;8059.5542
305.0287;168.9235;0.0000;892.8547;8066.5537
305.4795;167.9235;0.0000;891.6786;8073.5537
305.2048;167.1981;0.0000;893.7772;8080.5542
304.6555;165.7474;0.0000;893.5800;8087.5542
304.3809;164.7474;0.0000;891.9532;8094.5537
303.8316;164.0220;3.2957;896.9532;8101.5537
303.5570;163.0220;0.0000;895.0308;8108.5542
303.0077;162.0220;0.0000;894.6786;8115.5537
302.4584;161.0220;0.0000;897.5800;8122.5537
302.1838;159.5713;0.0000;893.1293;8129.5537
301.9091;158.5713;0.0000;894.4814;8136.5542
301.3598;156.8460;0.0000;899.9532;8143.5537
301.5359;156.1206;0.0000;893.2068;8150.5537
301.2613;154.3952;0.0000;899.8757;8157.5537
300.7120;153.6699;0.0000;899.1293;8164.5542
300.4373;152.9445;0.0000;898.6786;8171.5537
299.8881;151.9445;0.0000;902.0518;8178.5537
299.6134;150.4938;0.0000;900.6786;8185.5537
299.0641;149.4938;0.0000;899.9532;8192.5547
297.7895;148.4938;0.0000;902.6785;8200.2793
297.5149;147.7685;0.0000;900.7772;8207.2793
297.6909;146.0431;0.0000;901.3264;8214.2793
297.1417;145.3177;0.0000;902.9532;8221.2793
296.8670;143.5924;0.0000;899.9532;8228.2793
296.3177;142.8670;0.0000;902.6011;8235.5547
295.0431;141.8670;0.0000;902.6785;8242.5547
294.4938;141.1417;0.0000;900.7772;8249.5537
294.2192;139.4163;0.0000;904.0518;8256.5537
293.6699;138.6909;8.7043;902.3054;8263.5547
293.3953;137.9656;0.0000;903.5024;8270.5547
292.8460;136.5149;8.7043;904.2279;8277.5537
291.8460;135.5149;0.0000;904.8546;8284.5537
291.2967;134.7895;0.0000;903.7771;8291.5547
291.0221;134.0641;0.0000;904.4039;8298.5537
290.4728;132.6134;0.0000;902.9532;8305.5537
290.1981;131.8881;0.0000;904.3264;8312.5537
289.6489;130.4373;0.0000;904.8546;8319.5547
289.0996;129.7120;0.0000;902.6785;8326.5537
288.0996;127.9866;0.0000;905.7771;8333.5537
287.5503;127.2613;0.0000;904.3054;8340.5537
287.2756;126.5359;0.0000;903.7771;8347.5547
286.0010;125.0852;0.0000;906.2278;8354.5537
285.7263;123.3598;0.0000;904.3054;8361.5537
284.4517;122.6345;0.0000;904.5025;8368.5537
284.1771;121.1838;0.0000;905.6786;8375.5547
283.6278;120.4584;0.0000;904.4039;8383.2793
282.6278;119.7330;0.0000;906.2278;8390.2793
282.0785;118.2823;0.0000;907.0307;8397.2793
281.0785;117.5570;0.0000;905.1293;8404.2793
280.8039;116.1062;0.0000;906.9532;8411.2793
280.5292;115.3809;0.0000;906.4814;8418.5547
279.5292;113.9302;0.0000;905.6786;8425.5547
279.2546;113.2048;0.0000;908.4039;8432.5537
278.2546;112.4794;0.0000;905.7561;8439.5537
277.2546;111.3034;0.0000;907.4039;8446.5547
276.9799;110.5780;0.0000;908.4039;8453.5547
275.9799;109.1273;0.0000;905.7561;8460.5537
275.2546;108.6766;0.0000;907.6786;8467.5537
274.9799;107.9512;0.0000;908.6575;8474.5547
273.9799;106.5005;0.0000;906.3054;8481.5537
272.9799;105.7751;0.0000;908.4039;8488.5537
272.2546;105.3244;0.0000;905.7561;8495.5537
271.9799;104.5991;8.7043;905.4039;8502.5547
271.2546;104.1483;0.0000;908.8546;8509.5537
270.9799;102.6976;0.0000;907.2068;8516.5537
269.9799;101.9723;0.0000;907.1293;8523.5537
269.7053;101.2469;0.0000;907.5800;8530.5547
268.7053;100.7962;0.0000;906.2068;8537.5537
267.7053;100.0708;0.0000;907.1293;8544.5537
267.4307;99.3455;0.0000;908.6575;8551.5537
266.4307;98.8948;0.0000;907.0307;8558.5547
265.4307;98.1694;0.0000;908.4039;8566.2793
264.7053;97.4440;0.0000;906.4814;8573.2793
264.4307;96.9933;0.0000;906.4814;8580.2793
263.4307;95.5426;0.0000;912.0308;8587.2793
262.4307;95.8172;0.0000;907.6575;8594.2793
261.7053;95.0919;0.0000;909.0308;8601.2793
260.7053;94.3665;0.0000;909.7561;8608.5547
260.4307;93.9158;0.0000;906.3829;8615.5537
259.4307;93.9158;0.0000;908.3054;8622.5537
258.4307;93.4651;0.0000;909.9321;8629.5547
257.8814;92.7397;0.0000;905.9321;8636.5547
256.8814;92.0144;0.0000;909.8547;8643.5537
255.6068;91.2890;0.0000;907.8336;8650.5537
254.6068;90.8383;0.0000;906.4814;8657.5547
254.0575;90.1129;0.0000;910.1293;8664.5537
252.7828;89.6622;0.0000;907.8336;8671.5537
252.5082;88.9369;0.0000;906.6575;8678.5537
251.2335;88.4861;0.0000;905.6365;8685.5547
250.2335;88.4861;0.0000;907.8336;8692.5537
249.9589;87.7608;0.0000;905.0096;8699.5537
249.2335;87.3101;0.0000;906.4604;8706.5537
248.9589;86.5847;0.0000;898.1082;8713.5547
247.9589;86.8593;0.0000;906.5590;8720.5537
246.9589;86.4086;0.0000;904.8126;8727.5537
246.6843;86.4086;0.0000;903.4604;8734.5537
245.6843;85.6833;0.0000;905.4604;8741.5547
244.6843;85.2325;0.0000;904.8126;8749.2793
244.4096;84.5072;0.0000;899.7561;8756.2793
243.1350;84.0565;0.0000;908.9111;8763.2793
242.8604;84.0565;0.0000;905.3618;8770.2793
241.8603;83.6057;0.0000;906.9111;8777.2793
241.3111;82.8804;8.7043;906.1858;8784.2793
240.3111;83.1550;0.0000;903.1857;8791.5547
239.0364;82.7043;0.0000;904.8336;8798.5537
238.0364;82.7043;0.0000;899.0097;8805.5537
237.7618;82.2536;0.0000;905.9111;8812.5547
236.4871;81.8029;0.0000;904.1083;8819.5547
235.4871;81.3522;8.7043;904.8126;8826.5537
235.2125;81.6268;0.0000;903.4604;8833.5537
234.2125;80.9014;0.0000;906.4604;8840.5547
233.2125;80.4507;0.0000;904.3618;8847.5537
232.2125;80.0000;0.0000;903.8336;8854.5537
231.2125;80.2746;0.0000;905.4604;8861.5537
229.9379;79.8239;8.7043;905.1858;8868.5547
229.6632;79.3732;0.0000;903.1083;8875.5537
228.6632;79.6478;8.7043;903.4604;8882.5537
227.6632;79.1971;0.0000;903.1857;8889.5537
226.6632;78.7464;0.0000;903.6575;8896.5547
225.6632;79.0210;0.0000;903.7350;8903.5537
224.6632;78.5703;0.0000;902.5590;8910.5537
223.9379;78.5703;8.7043;904.3829;8917.5537
222.9379;78.1196;0.0000;903.4604;8924.5547
222.2125;77.6689;0.0000;903.2068;8931.5537
221.2125;77.9435;8.7043;903.1083;8939.2793
220.2125;77.4928;0.0000;902.5590;8946.2793
219.4871;76.7675;0.0000;902.4814;8953.2793
218.4871;77.0421;8.7043;903.1083;8960.2793
217.4871;76.5914;8.7043;899.6575;8967.2793
216.4871;76.5914;8.7043;902.4814;8974.5547
215.7618;76.1407;0.0000;904.0096;8981.5537
214.7618;75.4153;0.0000;902.6575;8988.5537
214.0364;75.6899;0.0000;903.2068;8995.5547
213.3111;74.9646;8.7043;902.8336;9002.5547
212.5857;75.2392;0.0000;903.4814;9009.5537
211.5857;74.5139;0.0000;903.4814;9016.5537
210.8603;74.0631;0.0000;902.8336;9023.5547
209.8603;74.3378;0.0000;903.4814;9030.5537
209.1350;73.6124;0.0000;904.8336;9037.5537
208.4096;73.1617;0.0000;902.6575;9044.5537
207.4096;73.1617;0.0000;905.4814;9051.5547
206.6842;73.4364;0.0000;904.8336;9058.5537
205.9589;72.7110;0.0000;903.4814;9065.5537
205.2335;72.9856;0.0000;904.7561;9072.5537
203.5082;72.5349;0.0000;903.1857;9079.5547
202.7828;71.8096;0.0000;903.4814;9086.5537
202.5082;71.3588;0.0000;903.7561;9093.5537
201.7828;71.3588;0.0000;904.1083;9100.5537
201.0574;70.9081;0.0000;903.7561;9107.5547
200.0575;70.9081;0.0000;906.2068;9114.5537
198.6068;70.4574;0.0000;902.6575;9122.2793
198.3321;70.0067;0.0000;904.3054;9129.2793
197.6068;70.7320;0.0000;904.1083;9136.2793
196.6068;70.2813;0.0000;901.3054;9143.2793
195.6068;69.8306;0.0000;903.5800;9150.2793
194.6068;69.8306;0.0000;902.6575;9157.2793
193.6067;69.3799;0.0000;903.0308;9164.5537
192.6067;69.6545;0.0000;905.8547;9171.5537
191.8814;69.6545;0.0000;902.6575;9178.5547
190.8814;69.2038;0.0000;902.8547;9185.5547
189.8814;69.4785;0.0000;903.3054;9192.5537
188.8814;68.7531;0.0000;901.9321;9199.5537
187.8814;69.0277;0.0000;901.8546;9206.5547
186.8814;68.5770;0.0000;900.7560;9213.5547
185.8814;68.8517;0.0000;901.8546;9220.5537
184.1560;68.8517;0.0000;902.9532;9227.5537
183.1560;67.6756;0.0000;903.4814;9234.5547
182.1560;67.9502;0.0000;901.4039;9241.5537
181.1560;68.2249;0.0000;903.4039;9248.5537
180.1560;68.4995;0.0000;901.5800;9255.5537
179.8814;68.7741;0.0000;901.4039;9262.5547
178.8814;69.0488;0.0000;901.9532;9269.5537
177.8814;69.3234;0.0000;901.5800;9276.5537
177.8814;69.3234;0.0000;901.4039;9283.5537
176.8814;69.5981;0.0000;901.5800;9290.5547
175.8814;69.1473;0.0000;899.8547;9297.5537
175.1560;69.4220;8.7043;903.5024;9305.2793
174.1560;69.6966;0.0000;901.5800;9312.2793
173.1560;69.2459;0.0000;899.8547;9319.2793
172.4307;69.2459;0.0000;903.5024;9326.2793
171.4307;69.5206;0.0000;902.1293;9333.2793
170.4307;69.7952;0.0000;900.7772;9340.2793
169.7053;70.0698;0.0000;899.9532;9347.5537
168.7053;70.3445;0.0000;898.9532;9354.5537
167.7053;70.6191;0.0000;901.3264;9361.5547
166.7053;70.8938;0.0000;901.4039;9368.5547
165.9799;70.4430;0.0000;899.9532;9375.5537
164.9799;70.7177;0.0000;902.6011;9382.5537
164.2546;70.9923;0.0000;902.1293;9389.5547
163.2546;71.2670;0.0000;900.5025;9396.5547
162.5292;71.5416;0.0000;903.0518;9403.5537
161.8039;71.8162;8.7043;899.1293;9410.5537
160.8039;72.3655;0.0000;901.1503;9417.5547
160.0785;72.6402;0.0000;901.6011;9424.5537
159.3531;72.9148;0.0000;900.1293;9431.5537
158.3531;73.1894;0.0000;901.1503;9438.5537
157.6278;73.7387;0.0000;901.7772;9445.5547
157.3531;74.0134;0.0000;898.3264;9452.5537
156.6278;74.2880;0.0000;902.1504;9459.5537
155.9024;74.5627;0.0000;899.9532;9466.5537
154.9024;74.8373;8.7043;899.6011;9473.5547
154.1771;75.3866;0.0000;900.6996;9480.5537
153.1771;75.6612;0.0000;899.6786;9487.5537
152.4517;76.2105;0.0000;899.6996;9495.2793
151.7263;76.4851;0.0000;901.8757;9502.2793
150.7264;77.0344;0.0000;899.2278;9509.2793
150.7264;77.3091;0.0000;900.6011;9516.2793
149.7264;77.8583;0.0000;900.6011;9523.2793
149.0010;78.4076;0.0000;898.1503;9530.5537
148.2757;78.9569;0.0000;900.5236;9537.5537
147.2756;79.9569;0.0000;900.3264;9544.5547
146.5503;80.5062;0.0000;898.6996;9551.5547
145.8249;81.0555;0.0000;899.6996;9558.5537
144.8249;81.6048;0.0000;897.1503;9565.5537
144.0996;81.8794;0.0000;897.5236;9572.5547
142.3742;82.4287;0.0000;899.9742;9579.5547
142.0996;82.7033;0.0000;897.8757;9586.5537
141.3742;83.2526;0.0000;898.2489;9593.5537
140.3742;83.5272;0.0000;899.9742;9600.5547
139.6488;84.0765;0.0000;898.8757;9607.5537
138.6488;84.3512;0.0000;897.7982;9614.5537
138.6488;84.9004;0.0000;898.6011;9621.5537
137.6488;85.4497;8.7043;895.6996;9628.5547
136.9235;85.7244;0.0000;897.7982;9635.5537
136.9235;86.9990;0.0000;898.8757;9642.5537
135.9235;87.5483;0.0000;897.2489;9649.5537
135.1981;88.5483;0.0000;899.6996;9656.5547
134.4728;89.0976;0.0000;896.6996;9663.5537
133.7474;89.6469;8.7043;896.8967;9670.5537
133.0220;90.1961;0.0000;898.5236;9678.2793
132.2967;90.7454;0.0000;898.1503;9685.2793
131.5713;91.0201;0.0000;900.5236;9692.2793
130.8460;91.5693;0.0000;899.1504;9699.2793
130.1206;91.8440;0.0000;897.7982;9706.2793
129.3952;92.3933;0.0000;901.3475;9713.2793
129.3952;92.6679;0.0000;898.6996;9720.5537
128.6699;92.9425;0.0000;896.7982;9727.5547
128.6699;93.4918;0.0000;899.3475;9734.5547
127.9445;94.4918;0.0000;896.6996;9741.5537
127.2192;94.7665;0.0000;898.3475;9748.5537
127.2192;95.0411;3.2957;898.0728;9755.5547
126.4938;95.5904;3.2957;894.9742;9762.5547
125.7685;95.8650;0.0000;897.6221;9769.5537
125.0431;96.4143;3.2957;897.4250;9776.5537
124.3177;96.6889;0.0000;892.5024;9783.5547
123.5924;96.9636;0.0000;893.8757;9790.5537
123.5924;97.2382;0.0000;894.2278;9797.5537
122.8670;97.5129;8.7043;891.3264;9804.5537
122.1417;97.7875;0.0000;893.8757;9811.5547
121.4163;98.7875;0.0000;892.9532;9818.5537
120.6909;99.0621;0.0000;892.1504;9825.5537
119.9656;99.3368;0.0000;891.1503;9832.5537
119.2402;99.6114;0.0000;890.3264;9839.5547
118.5149;99.8861;0.0000;891.8757;9846.5537
118.5149;100.1607;0.0000;893.3264;9853.5537
117.7895;100.1607;0.0000;889.8757;9861.2793
117.0641;100.4354;8.7043;890.5236;9868.2793
116.6134;101.4353;0.0000;889.3264;9875.2793
115.8881;102.4354;0.0000;886.6996;9882.2793
115.1627;102.7100;8.7043;889.0728;9889.2793
114.4373;102.9846;0.0000;886.8757;9896.2793
113.7120;103.2593;0.0000;884.6221;9903.5537
112.9866;104.2593;0.0000;887.3475;9910.5547
112.2613;104.9846;0.0000;885.2489;9917.5547
112.2613;105.9846;0.0000;884.1714;9924.5537
111.8106;106.2593;0.0000;886.0728;9931.5537
111.0852;107.2593;0.0000;883.0729;9938.5547
110.3598;107.2593;0.0000;886.8967;9945.5547
109.6345;106.8086;8.7043;883.7982;9952.5537
108.9091;107.0832;0.0000;882.8967;9959.5537
108.1838;107.0832;8.7043;881.5236;9966.5547
107.7330;107.3578;8.7043;881.1714;9973.5537
107.0077;107.6325;0.0000;880.5446;9980.5537
106.2823;108.3578;0.0000;880.9178;9987.5537
105.5570;109.3578;0.0000;878.7207;9994.5547
104.8316;110.3578;0.0000;879.5446;10001.5537
104.1062;110.3578;8.7043;880.2700;10008.5537
104.3809;110.6325;0.0000;877.3685;10015.5537
103.6555;110.9071;0.0000;879.7417;10022.5547
102.9302;111.6325;8.7043;879.2700;10029.5537
102.9302;112.6325;0.0000;871.3896;10036.5537
102.4794;112.9071;0.0000;877.1149;10043.5537
101.7541;112.9071;8.7043;875.1924;10051.2793
101.0287;113.9071;0.0000;875.1924;10058.2793
100.3034;114.9071;0.0000;876.8403;10065.2793
99.5780;115.9071;0.0000;874.3685;10072.2793
98.8527;116.6325;0.0000;874.5657;10079.2793
98.1273;116.9071;0.0000;874.5657;10086.5537
98.1273;117.1818;8.7043;872.0164;10093.5547
97.4019;117.4564;0.0000;873.9388;10100.5547
95.9512;118.1818;8.7043;873.7418;10107.5537
95.2259;119.1818;0.0000;870.8403;10114.5537
94.5005;120.1818;0.0000;874.6642;10121.5547
93.7751;120.1818;0.0000;871.5657;10128.5547
93.0498;120.4564;0.0000;868.8403;10135.5537
93.0498;121.4564;0.0000;872.4882;10142.5537
92.3244;122.4564;0.0000;870.8403;10149.5547
91.5991;122.7310;0.0000;868.5867;10156.5537
90.8737;123.0057;0.0000;868.0374;10163.5537
90.1483;124.0057;0.0000;870.8403;10170.5537
89.4230;125.0057;0.0000;866.6852;10177.5547
87.9723;126.0057;0.0000;870.2135;10184.5537
87.5215;126.2803;0.0000;867.0374;10191.5537
86.7962;127.2803;0.0000;868.4106;10198.5537
86.0708;128.2803;0.0000;867.7628;10205.5547
84.6201;129.2803;0.0000;865.1360;10212.5537
83.8948;129.5550;0.0000;866.9599;10219.5537
83.4440;130.5550;0.0000;865.7628;10226.5537
82.7187;131.5550;0.0000;865.9599;10234.2793
81.9933;132.5550;0.0000;866.9599;10241.2793
81.2680;132.8296;0.0000;864.3121;10248.2793
81.2680;133.8296;0.0000;863.6852;10255.2793
80.0919;134.8296;0.0000;863.6852;10262.2793
80.0919;135.1042;0.0000;862.4106;10269.5537
79.3665;136.1042;0.0000;863.6078;10276.5547
78.6412;137.1042;0.0000;864.5867;10283.5547
77.9158;138.1042;0.0000;862.6852;10290.5537
77.4651;138.3789;0.0000;865.3331;10297.5537
77.4651;139.3789;0.0000;862.1360;10304.5547
76.7397;139.6535;0.0000;862.2346;10311.5547
77.0144;140.6535;0.0000;865.9599;10318.5537
77.0144;140.9282;0.0000;864.3121;10325.5537
76.2890;141.9282;0.0000;863.7838;10332.5547
76.5637;142.2028;0.0000;863.6852;10339.5537
76.5637;142.4774;0.0000;861.9599;10346.5537
75.8383;143.4774;0.0000;862.0374;10353.5537
75.1129;143.7521;0.0000;861.6853;10360.5547
75.1129;144.4774;0.0000;862.3331;10367.5537
74.6622;145.4774;0.0000;864.1570;10374.5537
73.9369;146.4774;0.0000;863.1360;10381.5537
73.4861;147.4774;0.0000;861.6077;10388.5547
73.0354;148.2028;0.0000;865.1570;10395.5537
72.3101;148.4774;0.0000;858.0585;10402.5537
72.5847;149.4774;0.0000;860.8824;10409.5537
71.8593;149.4774;0.0000;861.6077;10417.2793
71.4086;150.4774;0.0000;858.6077;10424.2793
71.4086;150.7521;0.0000;859.0795;10431.2793
70.6833;151.4774;0.0000;859.3331;10438.2793
70.2325;151.7521;0.0000;857.9810;10445.2793
70.2325;152.7521;0.0000;859.3541;10452.2793
69.5072;153.4774;0.0000;857.1570;10459.5547
69.0565;154.4774;0.0000;857.5303;10466.5547
69.0565;154.7521;0.0000;857.8049;10473.5537
68.6057;155.7521;0.0000;855.1570;10480.5537
68.1550;156.7521;8.7043;857.5303;10487.5547
67.4297;157.4774;0.0000;856.8049;10494.5547
66.9790;158.4774;0.0000;855.4316;10501.5537
66.2536;158.7521;8.7043;855.9034;10508.5537
66.5282;159.7521;0.0000;854.2556;10515.5547
66.0775;160.7521;0.0000;854.3541;10522.5537
65.3522;161.0267;0.0000;855.3542;10529.5537
65.6268;162.0267;0.0000;855.7063;10536.5537
64.9014;163.0267;0.0000;852.9034;10543.5547
64.4507;163.7521;8.7043;854.7274;10550.5537
64.4507;164.0267;0.0000;854.8049;10557.5537
64.0000;165.0267;0.0000;852.9034;10564.5537
63.5493;166.0267;0.0000;851.9034;10571.5547
63.5493;167.0267;0.0000;851.5303;10578.5537
63.0986;168.0267;8.7043;852.4528;10585.5537
62.3732;168.3014;0.0000;852.0795;10592.5537
62.6478;169.3014;0.0000;849.9034;10599.5547
61.9225;170.3014;0.0000;850.1005;10607.2793
62.1971;171.3014;0.0000;850.8049;10614.2793
61.4718;172.0267;0.0000;850.4527;10621.2793
61.7464;172.3014;0.0000;852.0020;10628.2793
61.2957;173.3014;0.0000;849.6288;10635.2793
61.5703;174.3014;0.0000;849.5513;10642.5547
60.8450;175.3014;0.0000;852.1781;10649.5547
60.3943;175.5760;0.0000;849.6288;10656.5537
60.6689;177.0267;0.0000;849.7274;10663.5537
59.9435;178.0267;0.0000;850.8049;10670.5547
60.2182;179.0267;0.0000;848.1780;10677.5547
59.7675;180.0267;0.0000;851.2766;10684.5537
60.0421;181.0267;0.0000;847.3541;10691.5537
59.5914;181.7521;0.0000;848.4527;10698.5547
59.8660;182.7521;0.0000;847.3752;10705.5537
59.1407;183.7521;0.0000;845.4528;10712.5537
59.4153;185.4774;0.0000;848.1006;10719.5537
58.9646;186.4774;0.0000;849.8259;10726.5547
59.2392;187.2028;0.0000;845.4528;10733.5537
58.5139;188.2028;0.0000;847.5513;10740.5537
58.0631;189.9282;0.0000;848.2766;10747.5537
58.3378;190.9282;0.0000;846.1781;10754.5547
58.6124;191.9282;0.0000;846.2767;10761.5537
58.1617;192.9282;0.0000;846.3541;10768.5537
58.1617;194.6535;0.0000;845.4528;10775.5537
58.4364;195.3789;0.0000;844.9245;10782.5547
57.9856;196.3789;0.0000;846.0795;10790.2793
58.2603;197.3789;0.0000;845.4528;10797.2793
58.5349;198.3789;0.0000;846.4528;10804.2793
58.8096;199.3789;8.7043;844.3542;10811.2793
58.6335;201.1042;0.0000;845.4528;10818.2793
58.9081;202.1042;0.0000;845.4528;10825.5547
58.4574;203.1042;0.0000;844.6288;10832.5547
58.7320;203.8296;0.0000;843.8259;10839.5537
58.7320;204.8296;0.0000;843.8049;10846.5537
59.0067;205.8296;0.0000;843.1781;10853.5547
58.5560;206.8296;0.0000;846.2767;10860.5547
58.8306;207.8296;0.0000;844.6288;10867.5537
58.3799;208.5550;8.7043;843.1005;10874.5537
58.3799;210.2803;0.0000;845.7274;10881.5547
58.6545;211.2803;0.0000;844.3542;10888.5547
58.2038;212.2803;8.7043;843.2767;10895.5537
58.4785;213.2803;0.0000;845.4528;10902.5537
58.7531;214.2803;8.7043;843.8049;10909.5547
58.3024;215.0057;0.0000;843.2767;10916.5537
58.3024;216.0057;0.0000;846.1781;10923.5537
57.8517;217.0057;0.0000;841.7273;10930.5537
58.1263;218.4564;0.0000;844.1006;10937.5547
58.1263;219.4564;0.0000;843.1781;10944.5537
57.6756;219.7310;0.0000;842.2766;10951.5537
57.9502;220.4564;0.0000;844.1006;10958.5537
58.2249;221.4564;0.0000;842.1781;10965.5547
58.4995;222.4564;0.0000;841.1006;10973.2793
58.0488;223.1818;0.0000;842.5513;10980.2793
58.0488;224.1818;0.0000;843.4527;10987.2793
58.3234;224.9071;0.0000;843.8259;10994.2793
58.5981;225.9071;0.0000;842.6288;11001.2793
58.1473;226.6325;0.0000;841.7273;11008.2793
58.4220;227.6325;0.0000;845.7274;11015.5547
58.4220;228.3578;0.0000;844.6288;11022.5537
58.6966;229.0832;0.0000;841.0020;11029.5537
58.2459;230.0832;0.0000;845.4528;11036.5547
58.5205;230.8086;8.7043;843.8049;11043.5547
58.7952;231.0832;0.0000;840.3752;11050.5537
59.0698;231.8086;0.0000;842.0020;11057.5537
58.6191;232.8086;0.0000;841.6288;11064.5547
58.8938;233.5339;0.0000;841.1006;11071.5547
59.1684;234.2593;0.0000;841.0020;11078.5537
58.7177;235.2593;0.0000;840.1781;11085.5537
58.7177;235.9846;0.0000;841.1006;11092.5547
58.9923;237.4354;0.0000;840.1781;11099.5537
59.2670;238.1607;0.0000;839.5513;11106.5537
59.5416;239.1607;0.0000;842.5513;11113.5537
58.8162;239.8861;8.7043;840.6288;11120.5547
59.0909;241.3368;0.0000;838.2766;11127.5537
59.3655;242.3368;8.7043;839.8259;11134.5537
59.6402;243.0622;0.0000;840.9034;11141.5537
59.9148;244.5129;0.0000;838.0020;11148.5547
60.1894;245.5129;0.0000;841.7273;11155.5537
60.1894;246.2382;0.0000;839.0020;11163.2793
60.4641;247.9636;8.7043;840.2766;11170.2793
60.0134;248.6889;0.0000;839.4528;11177.2793
60.2880;249.6889;8.7043;839.0020;11184.2793
60.5627;251.1397;0.0000;840.3752;11191.2793
60.8373;251.8650;0.0000;840.8049;11198.5547
61.1119;252.5904;0.0000;839.0020;11205.5537
61.3866;254.3158;0.0000;839.7274;11212.5537
61.6612;255.0411;8.7043;837.9810;11219.5547
61.6612;255.7665;0.0000;838.7274;11226.5547
61.9359;256.4918;8.7043;839.1781;11233.5537
62.2105;257.4918;0.0000;838.1781;11240.5537
62.4851;258.2172;0.0000;838.7274;11247.5547
62.7598;258.9425;8.7043;838.6288;11254.5547
63.0344;259.6679;0.0000;837.6288;11261.5537
63.3091;260.6679;0.0000;839.7274;11268.5537
63.5837;261.3932;0.0000;838.9810;11275.5547
63.5837;262.1186;0.0000;835.9034;11282.5537
63.8583;262.8440;0.0000;842.3541;11289.5537
64.1330;263.8440;0.0000;838.8049;11296.5537
64.4076;264.5693;0.0000;838.9034;11303.5547
64.4076;265.2947;0.0000;840.0795;11310.5537
63.9569;266.0201;3.2957;837.3542;11317.5537
64.2315;266.7454;0.0000;841.6288;11324.5537
64.5062;267.4708;0.0000;839.5302;11331.5547
64.7808;268.4708;0.0000;838.8049;11338.5537
64.7808;269.1961;0.0000;842.3541;11346.2793
65.3301;269.9215;0.0000;842.7063;11353.2793
65.6048;269.9215;0.0000;840.8049;11360.2793
65.8794;270.9215;0.0000;843.5303;11367.2793
66.1540;271.6469;0.0000;842.7838;11374.2793
66.7033;272.3722;0.0000;841.0795;11381.5547
66.9780;273.3722;0.0000;842.9810;11388.5547
67.2526;274.0976;0.0000;842.4317;11395.5537
67.8019;274.8229;0.0000;843.5303;11402.5537
68.0765;275.8229;0.0000;843.8824;11409.5547
68.3512;276.5483;0.0000;843.3331;11416.5537
68.9004;276.5483;0.0000;844.4316;11423.5547
69.1751;277.2737;0.0000;843.5092;11430.5547
70.4497;278.2737;0.0000;843.0585;11437.5537
70.7244;279.7244;0.0000;841.8613;11444.5547
71.2736;280.7244;0.0000;844.8613;11451.5537
71.8229;281.4497;0.0000;841.8824;11458.5537
72.3722;282.4497;0.0000;845.9599;11465.5547
72.6469;283.1751;0.0000;842.5867;11472.5537
73.9215;283.9005;0.0000;844.2346;11479.5537
74.4708;284.9005;0.0000;846.3121;11486.5547
75.0201;285.6258;0.0000;842.6852;11493.5537
75.5693;286.3512;3.2957;845.5092;11500.5547
76.8440;287.0765;0.0000;845.4882;11507.5537
77.3933;287.8019;0.0000;843.8613;11514.5537
77.6679;288.5272;0.0000;847.1360;11521.5547
78.9425;289.9780;0.0000;846.9388;11529.2793
79.4918;290.7033;0.0000;845.5867;11536.2793
80.7665;291.4287;0.0000;847.2135;11543.2793
81.3157;292.1540;0.0000;847.6642;11550.2793
81.8650;292.8794;0.0000;846.3121;11557.2793
83.1397;293.6047;0.0000;849.3895;11564.2793
83.6889;294.3301;3.2957;846.2135;11571.5537
84.2382;295.0555;8.7043;848.7628;11578.5547
85.5129;295.7808;0.0000;851.0164;11585.5547
86.0621;296.5062;0.0000;849.8403;11592.5537
86.6114;297.2315;0.0000;850.5657;11599.5547
87.8861;297.6823;0.0000;849.7417;11606.5537
88.4354;298.4076;0.0000;849.5657;11613.5537
88.9846;298.8583;3.2957;850.1150;11620.5547
90.2593;299.5837;0.0000;846.7417;11627.5537
90.8086;300.7598;0.0000;849.8403;11634.5547
91.3578;301.4851;3.2957;849.2910;11641.5547
92.6325;302.2105;0.0000;848.4671;11648.5537
93.1818;302.6612;0.0000;849.1149;11655.5547
94.4564;303.3866;0.0000;850.4670;11662.5537
95.0057;304.1119;0.0000;848.2910;11669.5537
96.2803;304.5627;0.0000;852.2910;11676.5547
96.8296;305.2880;0.0000;852.3685;11683.5537
97.3789;306.0134;0.0000;851.7417;11690.5537
98.3789;306.4641;0.0000;852.7418;11697.5547
98.9282;307.9148;0.0000;849.9178;11704.5537
99.4775;308.3655;0.0000;850.5657;11711.5547
100.4774;309.0909;3.2957;852.7418;11719.2793
101.0267;309.5416;0.0000;850.7417;11726.2793
102.3014;310.2670;0.0000;850.1150;11733.2793
102.5760;310.7177;0.0000;851.0939;11740.2793
103.8507;311.4430;0.0000;850.6431;11747.2793
104.3999;312.6191;0.0000;851.2910;11754.5547
105.3999;313.3445;0.0000;851.6432;11761.5537
106.6746;313.7952;0.0000;849.0164;11768.5537
107.2239;315.2459;0.0000;852.2910;11775.5547
108.2239;315.9713;0.0000;851.6432;11782.5537
109.2239;316.4220;0.0000;851.4670;11789.5547
109.7731;317.8727;0.0000;852.4671;11796.5547
110.7731;318.5981;0.0000;850.6431;11803.5537
111.0478;319.7741;0.0000;850.5657;11810.5547
112.0478;320.4995;0.0000;851.1924;11817.5537
113.0478;321.2249;0.0000;847.7417;11824.5537
113.3224;322.6756;0.0000;852.2910;11831.5547
114.5971;323.1263;0.0000;851.0939;11838.5537
115.5971;323.8517;0.0000;850.4670;11845.5537
116.5971;325.3024;0.0000;850.5657;11852.5547
117.5971;326.0277;0.0000;850.3685;11859.5537
118.5971;326.4785;0.0000;849.1149;11866.5547
118.8717;327.9292;3.2957;851.7417;11873.5537
119.8717;328.6545;8.7043;850.6431;11880.5537
120.8717;329.3799;0.0000;849.2910;11887.5547
121.8717;330.5560;0.0000;849.0164;11894.5537
123.1463;331.2813;0.0000;848.4671;11902.2793
124.1463;332.0067;0.0000;849.1149;11909.2793
124.4210;332.7321;0.0000;849.6431;11916.2793
125.4210;334.1828;0.0000;849.5657;11923.2793
126.4210;334.9081;0.0000;850.5657;11930.2793
127.6956;335.6335;0.0000;850.3685;11937.5537
128.6956;337.0842;0.0000;850.7417;11944.5547
129.6956;337.5349;0.0000;852.4671;11951.5547
130.6956;338.2603;0.0000;849.6431;11958.5537
131.6956;338.9856;0.0000;849.8403;11965.5547
132.6956;339.4363;0.0000;851.1924;11972.5537
133.6956;340.8871;0.0000;848.9178;11979.5537
134.6956;341.6124;3.2957;851.7417;11986.5547
135.4210;342.3378;0.0000;849.6431;11993.5537
136.4210;342.7885;0.0000;848.7418;12000.5547
137.4210;343.5139;0.0000;849.5657;12007.5547
138.4210;343.9646;0.0000;851.0939;12014.5537
139.4210;344.6899;0.0000;847.4670;12021.5547
139.6956;345.4153;0.0000;851.4670;12028.5537
140.6956;345.8660;0.0000;848.3685;12035.5537
141.6956;346.5914;0.0000;849.0164;12042.5547
142.6956;347.0421;0.0000;850.4670;12049.5537
142.9703;347.0421;0.0000;848.1924;12056.5537
143.9703;347.4928;0.0000;849.5657;12063.5547
144.9703;348.2182;0.0000;849.3685;12070.5537
145.2449;348.9435;0.0000;846.0164;12077.5547
146.2449;348.6689;0.0000;850.1150;12085.2793
146.5196;349.3943;0.0000;849.6431;12092.2793
147.7942;349.8450;0.0000;849.2910;12099.2793
148.7942;350.5703;0.0000;851.0164;12106.2793
149.0688;351.0211;0.0000;849.6431;12113.2793
150.0688;351.7464;0.0000;848.8403;12120.2793
151.0688;352.1971;0.0000;849.5657;12127.5537
152.0688;352.9225;0.0000;848.4671;12134.5537
153.0688;352.6478;0.0000;848.2910;12141.5547
154.0688;354.0986;0.0000;848.6432;12148.5537
155.3435;353.8239;0.0000;846.8403;12155.5547
156.3435;354.2746;0.0000;849.5657;12162.5547
157.3435;354.2746;0.0000;848.1924;12169.5537
158.6181;354.7254;0.0000;848.2910;12176.5547
160.3435;355.1761;0.0000;849.2910;12183.5537
161.3435;355.6268;0.0000;848.1924;12190.5537
162.6181;356.0775;0.0000;848.5656;12197.5547
163.6181;356.0775;0.0000;849.0164;12204.5537
164.8928;356.5282;0.0000;846.0164;12211.5537
166.6181;356.9790;0.0000;849.5657;12218.5547
167.8928;356.7043;0.0000;850.1924;12225.5537
169.8928;357.1550;0.0000;848.4671;12232.5547
171.6181;357.6057;0.0000;848.3896;12239.5537
172.6181;357.3311;0.0000;849.6431;12246.5537
174.6181;357.5072;0.0000;847.0164;12253.5547
176.6181;357.2325;0.0000;849.8403;12260.5537
177.6181;357.6833;0.0000;848.3685;12268.2793
179.6181;358.1340;0.0000;847.8403;12275.2793
180.6181;358.5847;0.0000;850.0164;12282.2793
182.6181;359.0354;0.0000;848.1924;12289.2793
183.6181;358.4861;0.0000;849.0164;12296.2793
185.3435;358.9368;0.0000;850.1924;12303.2793
186.6181;359.3876;0.0000;848.1924;12310.5547
188.3435;359.5636;0.0000;849.8403;12317.5547
189.3435;360.0144;0.0000;850.0939;12324.5537
191.3435;359.4651;0.0000;848.7418;12331.5547
192.3435;359.9158;0.0000;848.8403;12338.5537
194.0688;360.3665;0.0000;849.0939;12345.5537
195.7942;359.8172;0.0000;849.0164;12352.5547
197.7942;360.2680;0.0000;851.1924;12359.5537
198.7942;359.7187;0.0000;849.0939;12366.5547
200.5196;360.1694;0.0000;849.0164;12373.5547
202.2449;359.6201;0.0000;852.6432;12380.5537
203.9703;359.7962;3.2957;849.1924;12387.5547
205.9703;360.2469;0.0000;850.4670;12394.5537
206.9703;359.6976;0.0000;851.5446;12401.5537
208.6956;360.1483;0.0000;850.3685;12408.5547
210.6956;359.5991;0.0000;851.7417;12415.5537
212.4210;359.7751;0.0000;848.3685;12422.5537
214.1463;359.5005;0.0000;850.1924;12429.5547
215.8717;359.6766;0.0000;851.7417;12436.5537
217.5971;359.1273;0.0000;849.5446;12443.5547
219.3224;359.3034;0.0000;850.4670;12450.5537
220.3224;358.7541;0.0000;851.8192;12458.2793
221.7731;358.4795;0.0000;850.3685;12465.2793
223.4985;357.9302;0.0000;851.1924;12472.2793
224.7731;358.1062;0.0000;852.2700;12479.2793
226.4985;357.8316;0.0000;851.0939;12486.2793
227.4985;358.0077;0.0000;851.7417;12493.5537
229.2239;357.7330;0.0000;852.8192;12500.5537
230.2239;357.9091;0.0000;850.6431;12507.5547
231.9492;357.3598;0.0000;852.6432;12514.5537
233.6746;357.0852;0.0000;851.9953;12521.5547
234.6746;356.5359;0.0000;852.0939;12528.5547
236.3999;355.9866;0.0000;854.0939;12535.5537
238.1253;356.1627;0.0000;853.7207;12542.5547
238.8507;355.8881;0.0000;853.6431;12549.5537
240.5760;355.3388;0.0000;853.2700;12556.5537
242.3014;355.5149;0.0000;852.5446;12563.5547
243.3014;354.9656;0.0000;853.9178;12570.5537
245.0267;354.6909;0.0000;853.9953;12577.5537
246.0267;354.1417;0.0000;850.6431;12584.5547
247.7521;354.5924;3.2957;855.3685;12591.5537
248.7521;354.0431;0.0000;854.4460;12598.5547
249.4775;353.4938;0.0000;852.6432;12605.5537
251.2028;353.2192;0.0000;854.8192;12612.5537
252.2028;353.3953;0.0000;853.7207;12619.5547
253.6535;352.8460;0.0000;851.3685;12626.5537
254.6535;352.5714;0.0000;853.8193;12633.5537
255.6535;352.0221;0.0000;854.2700;12641.2793
257.1042;351.4728;0.0000;856.3685;12648.2793
258.1042;350.9235;0.0000;856.1714;12655.2793
259.5550;350.6489;0.0000;855.5446;12662.2793
260.5550;350.0996;0.0000;857.0939;12669.2793
262.0057;349.5503;0.0000;856.1714;12676.2793
263.0057;349.2756;0.0000;855.6432;12683.5547
263.7310;348.7264;0.0000;858.5446;12690.5537
265.4564;348.1771;0.0000;856.9954;12697.5547
266.1818;347.9025;0.0000;856.9178;12704.5537
267.6325;347.3531;0.0000;859.0939;12711.5537
268.3578;346.8039;0.0000;857.1924;12718.5547
269.8086;346.2546;0.0000;858.7417;12725.5537
270.9846;345.7053;0.0000;858.3685;12732.5547
271.7100;345.1560;3.2957;857.9178;12739.5547
272.8861;344.6068;0.0000;861.2910;12746.5537
274.3368;344.0575;3.2957;859.5446;12753.5547
275.0621;343.7828;0.0000;859.4671;12760.5537
276.2382;343.2336;3.2957;862.7418;12767.5537
277.6890;342.9589;3.2957;858.8192;12774.5547
279.1396;341.6843;3.2957;860.1924;12781.5537
279.5904;341.4096;0.0000;860.9178;12788.5537
281.0411;341.1350;3.2957;859.8192;12795.5547
282.4918;340.5857;0.0000;861.2910;12802.5537
283.2172;339.5857;0.0000;860.5446;12809.5547
284.6679;339.3110;0.0000;860.8193;12816.5537
285.8440;338.0364;0.0000;859.8967;12824.2793
287.2947;337.7618;0.0000;864.9178;12831.2793
288.7454;337.4871;0.0000;863.5657;12838.2793
290.1961;336.4871;0.0000;866.3895;12845.2793
290.6469;336.2125;0.0000;865.1924;12852.2793
292.0976;334.9379;0.0000;865.1149;12859.2793
293.5483;334.9379;0.0000;868.0164;12866.5537
294.9990;333.9378;0.0000;866.9178;12873.5547
295.7244;333.6632;0.0000;867.1149;12880.5537
297.9005;332.6632;0.0000;868.4670;12887.5547
299.3512;331.9379;0.0000;869.1925;12894.5547
300.0765;331.6632;0.0000;868.8403;12901.5537
301.5272;330.6632;0.0000;869.1925;12908.5547
302.9780;329.9379;0.0000;868.0164;12915.5537
303.7033;329.6632;0.0000;871.2910;12922.5537
305.1540;328.9378;0.0000;870.6432;12929.5547
306.6047;328.2125;0.0000;869.2910;12936.5537
307.3301;327.4871;0.0000;870.3685;12943.5537
308.7808;326.7618;0.0000;864.9742;12950.5547
309.5062;326.0364;8.7043;854.9111;12957.5537
310.6823;325.3110;0.0000;843.5312;12964.5547
312.1330;324.5857;8.7043;813.2432;12971.5537
312.8583;323.5857;0.0000;697.1687;12978.5537
205.2766;267.6575;0.0000;699.9716;9352.0557
206.0020;266.9322;0.0000;698.5209;9357.1328
207.4527;266.2068;0.0000;699.9716;9362.2100
208.9034;264.7561;0.0000;699.9716;9367.2881
209.6288;264.0307;0.0000;698.5209;9373.0908
211.0795;263.3054;0.0000;699.9716;9378.1680
212.5302;262.5800;0.0000;700.6970;9383.2461
213.2556;261.8546;0.0000;699.9716;9388.3232
214.7063;261.1293;0.0000;701.4223;9393.4014
215.4317;260.4039;0.0000;699.9716;9398.4785
216.8824;259.6786;0.0000;702.1476;9403.5557
218.3331;258.9532;0.0000;703.5984;9408.6338
219.7838;257.5025;0.0000;700.6970;9413.7109
221.2345;256.7771;0.0000;702.1476;9418.7881
221.9599;256.0518;0.0000;704.3237;9423.8662
223.4106;254.6011;0.0000;700.6970;9428.9434
224.8613;253.8757;0.0000;704.3237;9434.0215
225.5867;253.1503;0.0000;704.3237;9439.0986
227.0374;252.4250;0.0000;702.1476;9444.1758
227.7628;250.9743;0.0000;704.3237;9449.2539
229.2135;250.9743;0.0000;702.1476;9454.3311
229.9388;249.5235;0.0000;701.4223;9459.4082
231.3896;249.5235;0.0000;705.7745;9464.4863
232.1149;248.7982;0.0000;702.8730;9469.5635
233.5656;248.0728;0.0000;704.3237;9474.6406
234.2910;247.3475;0.0000;704.3237;9479.7188
235.7417;245.8967;0.0000;702.8730;9484.7959
237.1924;245.1714;0.0000;704.3237;9489.8740
238.6432;244.4460;0.0000;704.3237;9494.9512
239.3685;242.9953;0.0000;704.3237;9500.0283
240.8192;241.5446;0.0000;706.4998;9505.8320
242.2700;240.8192;0.0000;705.0491;9510.9092
242.9953;239.3685;0.0000;705.7745;9515.9863
243.7207;238.6432;0.0000;708.6759;9521.0645
245.1714;237.9178;0.0000;704.3237;9526.1416
245.8967;237.1924;0.0000;706.4998;9531.2188
246.6221;235.7417;0.0000;705.7745;9536.2969
248.0728;235.0164;8.7043;705.7745;9541.3740
248.7982;234.2910;0.0000;707.2252;9546.4521
249.5235;233.5656;8.7043;707.2252;9551.5293
250.2489;232.1149;0.0000;705.7745;9556.6064
251.6996;231.3896;0.0000;707.2252;9561.6846
252.4250;229.9388;0.0000;706.4998;9566.7617
253.1503;229.2135;0.0000;706.4998;9571.8389
253.8757;228.4881;0.0000;708.6759;9576.9170
255.3264;227.0374;0.0000;705.0491;9581.9941
256.0518;226.3121;0.0000;707.2252;9587.0723
256.7771;224.8613;0.0000;708.6759;9592.1494
257.5025;223.4106;0.0000;705.7745;9597.2266
258.2278;221.9599;0.0000;708.6759;9602.3047
259.6786;220.5092;0.0000;707.9505;9607.3818
260.4039;219.0585;0.0000;705.7745;9612.4590
261.8546;217.6077;0.0000;708.6759;9617.5371
262.5800;216.1570;0.0000;707.9505;9622.6143
264.0307;214.7063;0.0000;707.2252;9627.6914
264.7561;213.9809;0.0000;709.4012;9632.7695
265.4814;212.5302;0.0000;707.9505;9638.5723
266.2068;211.8049;0.0000;708.6759;9643.6494
266.9322;211.0795;0.0000;709.4012;9648.7275
268.3829;209.6288;0.0000;707.2252;9653.8047
268.3829;208.9034;0.0000;708.6759;9658.8828
269.1082;208.1781;0.0000;709.4012;9663.9600
269.8336;206.7274;0.0000;708.6759;9669.0371
270.5590;206.0020;0.0000;710.8519;9674.1152
271.2843;204.5513;0.0000;710.1266;9679.1924
272.0097;203.1006;0.0000;709.4012;9684.2695
272.7350;202.3752;8.7043;710.8519;9689.3477
272.7350;200.9245;0.0000;710.8519;9694.4248
273.4604;199.4738;8.7043;710.8519;9699.5029
274.1858;198.7484;0.0000;712.3027;9704.5801
274.9111;197.2977;0.0000;710.8519;9709.6572
274.9111;195.8470;0.0000;712.3027;9714.7354
276.3618;195.1216;0.0000;712.3027;9719.8125
276.3618;193.6709;0.0000;705.7745;9724.8896
277.0872;192.2202;0.0000;713.0280;9729.9678
277.8126;190.7695;0.0000;713.7534;9735.0449
278.5379;190.0441;0.0000;713.0280;9740.1221
278.5379;188.5934;0.0000;714.4788;9745.2002
279.2633;187.1427;0.0000;713.0280;9750.2773
279.9886;185.6919;0.0000;713.7534;9755.3555
280.7140;184.9666;0.0000;715.2041;9760.4326
280.7140;183.5159;0.0000;713.0280;9765.5098
281.4394;182.7905;0.0000;712.3027;9770.5879
282.1647;182.0651;0.0000;714.4788;9776.3906
282.8901;180.6144;0.0000;713.0280;9781.4678
282.8901;179.8891;0.0000;712.3027;9786.5459
283.6154;179.1637;0.0000;713.7534;9791.6230
284.3408;177.7130;0.0000;713.0280;9796.7002
284.3408;176.9876;0.0000;713.7534;9801.7783
285.0661;175.5369;0.0000;713.0280;9806.8555
285.7915;174.8116;0.0000;715.2041;9811.9336
285.7915;173.3608;0.0000;716.6548;9817.0107
285.7915;171.9101;0.0000;713.0280;9822.0879
285.7915;171.1848;0.0000;713.7534;9827.1660
286.5169;169.7340;0.0000;715.2041;9832.2432
286.5169;169.0087;0.0000;713.0280;9837.3203
286.5169;167.5580;0.0000;713.0280;9842.3984
287.2422;166.1072;8.7043;714.4788;9847.4756
287.2422;165.3819;0.0000;713.7534;9852.5537
287.9676;163.9312;8.7043;713.0280;9857.6309
287.9676;163.2058;0.0000;711.5773;9862.7080
287.9676;162.4805;0.0000;711.5773;9867.7861
288.6929;161.7551;0.0000;710.8519;9872.8633
288.6929;161.7551;8.7043;711.5773;9877.9404
288.6929;161.0297;0.0000;713.0280;9883.0186
288.6929;160.3044;8.7043;713.0280;9888.0957
288.6929;160.3044;0.0000;710.8519;9893.1729
288.6929;159.5790;0.0000;711.5773;9898.2510
288.6929;158.8537;0.0000;708.6759;9903.3281
288.6929;157.4029;0.0000;703.5984;9909.1309
288.6929;156.6776;0.0000;712.3027;9914.2090
289.4183;155.9522;0.0000;701.4223;9919.2861
289.4183;154.5015;0.0000;706.4998;9924.3643
289.4183;153.7761;0.0000;706.4998;9929.4414
289.4183;153.0508;0.0000;703.5984;9934.5186
290.1436;152.3254;0.0000;704.3237;9939.5967
290.1436;151.6001;0.0000;705.7745;9944.6738
290.1436;150.8747;0.0000;702.8730;9949.7510
290.1436;150.1493;0.0000;704.3237;9954.8291
290.1436;149.4240;0.0000;704.3237;9959.9062
290.1436;148.6986;0.0000;700.6970;9964.9844
290.1436;147.9733;0.0000;702.1476;9970.0615
290.8690;147.2479;0.0000;700.6970;9975.1387
290.8690;146.5226;0.0000;699.2462;9980.2168
290.8690;145.7972;0.0000;698.5209;9985.2939
290.8690;145.7972;0.0000;698.5209;9990.3711
290.8690;145.7972;0.0000;699.9716;9995.4492
290.8690;145.7972;0.0000;701.4223;10000.5264
290.8690;145.7972;0.0000;698.5209;10005.6035
290.8690;145.0718;0.0000;699.2462;10010.6816
290.8690;145.0718;0.0000;697.7955;10015.7588
290.8690;145.0718;0.0000;694.1687;10020.8369
290.8690;145.0718;0.0000;689.0912;10025.9141
290.1436;145.0718;0.0000;680.3869;10030.9912
290.1436;145.0718;0.0000;668.7811;10036.0693
290.1436;145.0718;0.0000;660.0768;10041.8721
290.1436;145.0718;0.0000;639.7668;10046.9492
290.1436;145.0718;0.0000;608.5763;10052.0273
290.1436;145.0718;0.0000;562.8787;10057.1045
290.1436;145.0718;8.7043;467.8567;10062.1816
289.4183;145.0718;17.4086;287.2422;10067.2598
289.4183;145.0718;26.1129;137.0929;10072.3369
445.3705;-11.6057;0.0000;288.6929;10770.8574
445.3705;-12.3311;0.0000;290.8690;10775.9355
445.3705;-12.3311;0.0000;291.5944;10781.0127
445.3705;-12.3311;0.0000;307.5523;10786.0908
445.3705;-12.3311;0.0000;328.5877;10791.1680
445.3705;-12.3311;0.0000;337.2920;10796.2451
445.3705;-12.3311;0.0000;335.1159;10801.3232
445.3705;-12.3311;0.0000;322.7848;10806.4004
445.3705;-11.6057;0.0000;287.2422;10811.4775
445.3705;-11.6057;0.0000;108.8039;10816.5557
