199.0000;203.0000;0.0000;6.0000;0.0000
199.0000;203.0000;0.0000;6.0000;7.0000
199.0000;203.0000;0.0000;9.0000;14.0000
199.0000;202.0000;0.0000;9.0000;21.0000
199.0000;202.0000;0.0000;6.0000;28.0000
199.0000;202.0000;0.0000;10.0000;35.0000
199.0000;202.0000;0.0000;9.0000;42.0000
199.0000;202.0000;0.0000;14.0000;49.0000
199.0000;202.0000;0.0000;29.0000;56.0000
199.0000;202.0000;0.0000;33.0000;64.0000
199.0000;202.0000;0.0000;37.0000;71.0000
199.0000;202.0000;0.0000;39.0000;78.0000
199.0000;202.0000;0.0000;35.0000;85.0000
199.0000;202.0000;0.0000;38.0000;92.0000
199.0000;202.0000;0.0000;38.0000;99.0000
199.0000;202.0000;0.0000;38.0000;106.0000
199.0000;202.0000;0.0000;50.0000;113.0000
199.0000;202.0000;0.0000;68.0000;120.0000
199.0000;202.0000;0.0000;91.0000;127.0000
199.0000;202.0000;0.0000;115.0000;134.0000
199.0000;202.0000;0.0000;127.0000;141.0000
199.0000;202.0000;0.0000;144.0000;148.0000
199.0000;202.0000;0.0000;165.0000;155.0000
199.0000;202.0000;0.0000;168.0000;162.0000
199.0000;202.0000;0.0000;184.0000;169.0000
199.0000;202.0000;0.0000;200.0000;176.0000
199.0000;202.0000;0.0000;206.0000;183.0000
199.0000;202.0000;0.0000;214.0000;190.0000
198.0000;202.0000;0.0000;217.0000;197.0000
198.0000;202.0000;0.0000;217.0000;204.0000
198.0000;202.0000;0.0000;223.0000;211.0000
198.0000;202.0000;0.0000;223.0000;218.0000
198.0000;202.0000;0.0000;227.0000;225.0000
198.0000;202.0000;0.0000;232.0000;232.0000
198.0000;203.0000;0.0000;228.0000;239.0000
198.0000;203.0000;0.0000;231.0000;247.0000
198.0000;203.0000;0.0000;235.0000;254.0000
198.0000;203.0000;0.0000;232.0000;261.0000
198.0000;203.0000;0.0000;241.0000;268.0000
199.0000;204.0000;0.0000;244.0000;275.0000
199.0000;204.0000;0.0000;244.0000;282.0000
199.0000;204.0000;0.0000;264.0000;289.0000
199.0000;204.0000;0.0000;270.0000;296.0000
199.0000;204.0000;0.0000;270.0000;303.0000
199.0000;204.0000;0.0000;297.0000;310.0000
199.0000;204.0000;0.0000;304.0000;317.0000
199.0000;204.0000;0.0000;314.0000;324.0000
199.0000;204.0000;0.0000;319.0000;331.0000
199.0000;204.0000;0.0000;315.0000;338.0000
199.0000;204.0000;0.0000;321.0000;345.0000
199.0000;204.0000;0.0000;320.0000;352.0000
199.0000;204.0000;0.0000;318.0000;359.0000
199.0000;204.0000;0.0000;324.0000;366.0000
199.0000;204.0000;0.0000;321.0000;373.0000
199.0000;204.0000;0.0000;328.0000;380.0000
199.0000;204.0000;0.0000;344.0000;387.0000
200.0000;204.0000;0.0000;345.0000;394.0000
200.0000;204.0000;0.0000;350.0000;401.0000
200.0000;204.0000;0.0000;358.0000;408.0000
200.0000;204.0000;0.0000;359.0000;415.0000
200.0000;204.0000;0.0000;368.0000;422.0000
201.0000;204.0000;0.0000;370.0000;429.0000
201.0000;204.0000;0.0000;370.0000;437.0000
201.0000;204.0000;0.0000;377.0000;444.0000
201.0000;204.0000;0.0000;376.0000;451.0000
201.0000;204.0000;0.0000;376.0000;458.0000
201.0000;203.0000;0.0000;382.0000;465.0000
201.0000;203.0000;0.0000;378.0000;472.0000
201.0000;203.0000;0.0000;379.0000;479.0000
202.0000;203.0000;0.0000;382.0000;486.0000
202.0000;202.0000;0.0000;377.0000;493.0000
202.0000;202.0000;0.0000;381.0000;500.0000
203.0000;201.0000;0.0000;381.0000;507.0000
203.0000;200.0000;0.0000;378.0000;514.0000
203.0000;200.0000;0.0000;382.0000;521.0000
204.0000;200.0000;0.0000;381.0000;528.0000
204.0000;199.0000;0.0000;379.0000;535.0000
205.0000;199.0000;0.0000;385.0000;542.0000
205.0000;198.0000;0.0000;379.0000;549.0000
205.0000;198.0000;0.0000;381.0000;556.0000
206.0000;197.0000;0.0000;386.0000;563.0000
206.0000;197.0000;0.0000;379.0000;570.0000
206.0000;196.0000;0.0000;384.0000;577.0000
206.0000;196.0000;0.0000;385.0000;584.0000
206.0000;195.0000;0.0000;381.0000;591.0000
205.0000;194.0000;0.0000;386.0000;598.0000
205.0000;194.0000;0.0000;385.0000;605.0000
205.0000;193.0000;0.0000;381.0000;612.0000
205.0000;193.0000;0.0000;387.0000;620.0000
204.0000;192.0000;0.0000;381.0000;627.0000
204.0000;192.0000;0.0000;382.0000;634.0000
203.0000;191.0000;0.0000;386.0000;641.0000
203.0000;191.0000;0.0000;379.0000;648.0000
202.0000;191.0000;0.0000;384.0000;655.0000
201.0000;190.0000;0.0000;386.0000;662.0000
201.0000;190.0000;0.0000;379.0000;669.0000
200.0000;190.0000;0.0000;386.0000;676.0000
200.0000;189.0000;0.0000;385.0000;683.0000
199.0000;189.0000;0.0000;382.0000;690.0000
198.0000;189.0000;0.0000;386.0000;697.0000
198.0000;188.0000;0.0000;382.0000;704.0000
197.0000;188.0000;0.0000;384.0000;711.0000
196.0000;188.0000;0.0000;386.0000;718.0000
195.0000;188.0000;0.0000;381.0000;725.0000
195.0000;187.0000;0.0000;384.0000;732.0000
194.0000;187.0000;0.0000;386.0000;739.0000
193.0000;187.0000;0.0000;380.0000;746.0000
192.0000;187.0000;0.0000;385.0000;753.0000
192.0000;187.0000;0.0000;386.0000;760.0000
191.0000;187.0000;0.0000;382.0000;767.0000
190.0000;187.0000;0.0000;387.0000;774.0000
190.0000;187.0000;0.0000;382.0000;781.0000
189.0000;187.0000;0.0000;384.0000;788.0000
188.0000;187.0000;0.0000;388.0000;795.0000
187.0000;187.0000;0.0000;382.0000;803.0000
186.0000;187.0000;0.0000;385.0000;810.0000
184.0000;186.0000;0.0000;388.0000;817.0000
183.0000;186.0000;0.0000;382.0000;824.0000
182.0000;186.0000;0.0000;387.0000;831.0000
181.0000;186.0000;0.0000;386.0000;838.0000
180.0000;186.0000;0.0000;382.0000;845.0000
179.0000;186.0000;0.0000;389.0000;852.0000
179.0000;186.0000;0.0000;385.0000;859.0000
178.0000;186.0000;0.0000;385.0000;866.0000
178.0000;187.0000;0.0000;389.0000;873.0000
177.0000;187.0000;0.0000;385.0000;880.0000
177.0000;187.0000;0.0000;386.0000;887.0000
176.0000;188.0000;0.0000;389.0000;894.0000
175.0000;188.0000;0.0000;384.0000;901.0000
175.0000;188.0000;0.0000;389.0000;908.0000
174.0000;189.0000;0.0000;389.0000;915.0000
173.0000;189.0000;0.0000;386.0000;922.0000
172.0000;189.0000;0.0000;390.0000;929.0000
172.0000;189.0000;0.0000;389.0000;936.0000
171.0000;189.0000;0.0000;387.0000;943.0000
170.0000;189.0000;0.0000;393.0000;950.0001
170.0000;190.0000;0.0000;388.0000;957.0000
170.0000;190.0000;0.0000;390.0000;964.0000
169.0000;190.0000;0.0000;394.0000;971.0001
169.0000;191.0000;0.0000;389.0000;978.0000
169.0000;191.0000;0.0000;396.0000;985.0000
169.0000;192.0000;0.0000;397.0000;993.0000
169.0000;192.0000;0.0000;394.0000;1000.0000
169.0000;193.0000;0.0000;398.0000;1007.0000
169.0000;193.0000;0.0000;398.0000;1014.0000
169.0000;194.0000;0.0000;397.0000;1021.0001
169.0000;194.0000;0.0000;402.0000;1028.0000
169.0000;195.0000;0.0000;397.0000;1035.0000
169.0000;195.0000;0.0000;399.0000;1042.0000
169.0000;196.0000;0.0000;403.0000;1049.0000
169.0000;196.0000;0.0000;397.0000;1056.0000
169.0000;197.0000;0.0000;402.0000;1063.0000
169.0000;197.0000;0.0000;405.0000;1070.0000
169.0000;197.0000;0.0000;402.0000;1077.0000
169.0000;198.0000;0.0000;412.0000;1084.0000
169.0000;198.0000;0.0000;416.0000;1091.0000
169.0000;199.0000;0.0000;418.0000;1098.0000
169.0000;199.0000;0.0000;424.0000;1105.0000
169.0000;200.0000;0.0000;421.0000;1112.0000
169.0000;201.0000;0.0000;423.0000;1119.0000
169.0000;201.0000;0.0000;429.0000;1126.0000
169.0000;202.0000;0.0000;424.0000;1133.0000
169.0000;202.0000;0.0000;427.0000;1140.0000
169.0000;203.0000;0.0000;430.0000;1147.0000
169.0000;204.0000;0.0000;424.0000;1154.0000
169.0000;204.0000;0.0000;430.0000;1161.0000
169.0000;205.0000;0.0000;430.0000;1168.0000
169.0000;206.0000;0.0000;429.0000;1176.0000
169.0000;206.0000;0.0000;434.0000;1183.0000
168.0000;207.0000;0.0000;431.0000;1190.0000
168.0000;208.0000;0.0000;433.0000;1197.0000
168.0000;208.0000;0.0000;440.0000;1204.0000
168.0000;209.0000;0.0000;437.0000;1211.0000
168.0000;210.0000;0.0000;440.0000;1218.0000
168.0000;211.0000;0.0000;443.0000;1225.0000
168.0000;211.0000;0.0000;440.0000;1232.0000
168.0000;212.0000;0.0000;445.0000;1239.0000
167.0000;213.0000;0.0000;446.0000;1246.0000
167.0000;214.0000;0.0000;444.0000;1253.0000
167.0000;215.0000;0.0000;450.0000;1260.0000
167.0000;215.0000;0.0000;447.0000;1267.0000
167.0000;216.0000;0.0000;447.0000;1274.0000
166.0000;217.0000;12.0000;452.0000;1281.0000
166.0000;217.0000;0.0000;447.0000;1288.0000
166.0000;218.0000;12.0000;450.0000;1295.0000
166.0000;219.0000;0.0000;449.0000;1302.0000
165.0000;220.0000;0.0000;442.0000;1309.0000
165.0000;220.0000;0.0000;446.0000;1316.0000
165.0000;221.0000;0.0000;446.0000;1323.0000
165.0000;221.0000;0.0000;443.0000;1330.0000
165.0000;222.0000;0.0000;449.0000;1337.0000
164.0000;223.0000;0.0000;448.0000;1344.0000
164.0000;223.0000;0.0000;446.0000;1351.0000
164.0000;224.0000;0.0000;453.0000;1359.0000
164.0000;224.0000;0.0000;448.0000;1366.0000
164.0000;225.0000;0.0000;449.0000;1373.0000
163.0000;226.0000;0.0000;453.0000;1380.0000
163.0000;226.0000;0.0000;447.0000;1387.0000
163.0000;227.0000;0.0000;452.0000;1394.0000
163.0000;227.0000;0.0000;453.0000;1401.0000
163.0000;228.0000;0.0000;450.0000;1408.0000
163.0000;229.0000;0.0000;456.0000;1415.0000
164.0000;230.0000;0.0000;456.0000;1422.0000
164.0000;230.0000;0.0000;455.0000;1429.0000
164.0000;231.0000;0.0000;462.0000;1436.0000
165.0000;232.0000;0.0000;456.0000;1443.0000
165.0000;232.0000;0.0000;459.0000;1450.0000
165.0000;233.0000;0.0000;464.0000;1457.0000
165.0000;234.0000;0.0000;457.0000;1464.0000
165.0000;234.0000;0.0000;462.0000;1471.0000
166.0000;235.0000;0.0000;463.0000;1478.0000
166.0000;236.0000;0.0000;457.0000;1485.0000
166.0000;237.0000;0.0000;464.0000;1492.0000
167.0000;237.0000;0.0000;463.0000;1499.0000
167.0000;238.0000;0.0000;462.0000;1506.0000
167.0000;239.0000;0.0000;466.0000;1513.0000
168.0000;240.0000;0.0000;462.0000;1520.0000
168.0000;241.0000;0.0000;464.0000;1527.0000
169.0000;241.0000;0.0000;468.0000;1534.0000
170.0000;242.0000;0.0000;462.0000;1541.0000
170.0000;243.0000;0.0000;465.0000;1549.0000
171.0000;243.0000;0.0000;468.0000;1556.0000
171.0000;244.0000;0.0000;462.0000;1563.0000
171.0000;244.0000;0.0000;468.0000;1570.0000
172.0000;245.0000;0.0000;467.0000;1577.0000
172.0000;245.0000;0.0000;465.0000;1584.0000
173.0000;246.0000;0.0000;469.0000;1591.0000
173.0000;246.0000;0.0000;465.0000;1598.0000
174.0000;247.0000;0.0000;466.0000;1605.0000
175.0000;247.0000;0.0000;471.0000;1612.0000
175.0000;248.0000;0.0000;465.0000;1619.0000
176.0000;249.0000;0.0000;467.0000;1626.0000
177.0000;249.0000;0.0000;471.0000;1633.0000
178.0000;250.0000;0.0000;465.0000;1640.0000
179.0000;250.0000;0.0000;470.0000;1647.0000
179.0000;251.0000;0.0000;470.0000;1654.0000
180.0000;251.0000;0.0000;467.0000;1661.0000
181.0000;252.0000;0.0000;471.0000;1668.0000
182.0000;252.0000;0.0000;468.0000;1675.0000
183.0000;253.0000;0.0000;468.0000;1682.0000
184.0000;254.0000;0.0000;473.0000;1689.0000
184.0000;254.0000;0.0000;468.0000;1696.0000
185.0000;255.0000;0.0000;469.0000;1703.0000
186.0000;255.0000;0.0000;473.0000;1710.0000
187.0000;256.0000;0.0000;468.0000;1717.0000
188.0000;256.0000;0.0000;472.0000;1724.0000
189.0000;257.0000;0.0000;471.0000;1732.0000
190.0000;257.0000;0.0000;468.0000;1739.0000
191.0000;257.0000;0.0000;473.0000;1746.0000
192.0000;258.0000;0.0000;471.0000;1753.0000
192.0000;258.0000;0.0000;469.0000;1760.0000
193.0000;258.0000;0.0000;476.0000;1767.0000
194.0000;258.0000;0.0000;469.0000;1774.0000
195.0000;259.0000;0.0000;471.0000;1781.0000
195.0000;259.0000;0.0000;474.0000;1788.0000
196.0000;259.0000;0.0000;468.0000;1795.0000
196.0000;259.0000;0.0000;474.0000;1802.0000
197.0000;259.0000;0.0000;474.0000;1809.0000
197.0000;259.0000;0.0000;471.0000;1816.0000
198.0000;259.0000;0.0000;474.0000;1823.0000
198.0000;259.0000;0.0000;474.0000;1830.0000
199.0000;259.0000;0.0000;472.0000;1837.0000
199.0000;259.0000;0.0000;478.0000;1844.0000
200.0000;259.0000;0.0000;471.0000;1851.0000
200.0000;259.0000;0.0000;473.0000;1858.0000
201.0000;259.0000;0.0000;478.0000;1865.0000
202.0000;259.0000;0.0000;471.0000;1872.0000
202.0000;259.0000;0.0000;474.0000;1879.0000
203.0000;259.0000;0.0000;478.0000;1886.0000
204.0000;259.0000;0.0000;471.0000;1893.0000
205.0000;259.0000;0.0000;477.0000;1900.0001
205.0000;259.0000;0.0000;476.0000;1907.0000
206.0000;259.0000;0.0000;473.0000;1915.0000
207.0000;259.0000;0.0000;478.0000;1922.0000
208.0000;259.0000;0.0000;473.0000;1929.0000
210.0000;259.0000;0.0000;474.0000;1936.0000
211.0000;259.0000;0.0000;479.0000;1943.0000
212.0000;259.0000;0.0000;472.0000;1950.0001
213.0000;258.0000;0.0000;477.0000;1957.0000
215.0000;258.0000;0.0000;479.0000;1964.0000
216.0000;258.0000;0.0000;471.0000;1971.0001
218.0000;258.0000;0.0000;478.0000;1978.0000
219.0000;257.0000;0.0000;478.0000;1985.0000
221.0000;257.0000;0.0000;473.0000;1992.0001
222.0000;256.0000;0.0000;479.0000;1999.0000
224.0000;256.0000;0.0000;474.0000;2006.0000
226.0000;256.0000;0.0000;474.0000;2013.0001
227.0000;256.0000;0.0000;481.0000;2020.0000
229.0000;255.0000;0.0000;474.0000;2027.0000
231.0000;255.0000;0.0000;477.0000;2034.0001
232.0000;255.0000;0.0000;479.0000;2041.0000
234.0000;254.0000;0.0000;473.0000;2048.0000
235.0000;254.0000;0.0000;478.0000;2055.0000
236.0000;253.0000;0.0000;478.0000;2062.0000
238.0000;253.0000;0.0000;474.0000;2069.0000
239.0000;252.0000;0.0000;480.0000;2076.0000
240.0000;252.0000;0.0000;476.0000;2083.0000
240.0000;251.0000;0.0000;474.0000;2090.0000
241.0000;251.0000;0.0000;481.0000;2097.0000
242.0000;250.0000;0.0000;476.0000;2105.0000
243.0000;249.0000;0.0000;478.0000;2112.0000
244.0000;248.0000;0.0000;481.0000;2119.0000
245.0000;248.0000;0.0000;474.0000;2126.0000
245.0000;247.0000;0.0000;480.0000;2133.0000
246.0000;246.0000;0.0000;479.0000;2140.0000
247.0000;246.0000;0.0000;474.0000;2147.0000
248.0000;245.0000;0.0000;480.0000;2154.0000
249.0000;244.0000;0.0000;477.0000;2161.0000
249.0000;243.0000;0.0000;476.0000;2168.0000
250.0000;243.0000;0.0000;482.0000;2175.0000
250.0000;242.0000;0.0000;474.0000;2182.0000
250.0000;241.0000;0.0000;477.0000;2189.0000
251.0000;240.0000;0.0000;481.0000;2196.0000
251.0000;239.0000;0.0000;474.0000;2203.0000
252.0000;238.0000;0.0000;481.0000;2210.0000
252.0000;237.0000;0.0000;480.0000;2217.0000
252.0000;236.0000;0.0000;474.0000;2224.0000
253.0000;235.0000;0.0000;480.0000;2231.0000
253.0000;234.0000;0.0000;478.0000;2238.0000
254.0000;233.0000;0.0000;477.0000;2245.0000
254.0000;232.0000;0.0000;481.0000;2252.0000
255.0000;231.0000;0.0000;474.0000;2259.0000
256.0000;230.0000;0.0000;478.0000;2266.0000
256.0000;229.0000;0.0000;482.0000;2273.0000
257.0000;228.0000;0.0000;473.0000;2280.0000
258.0000;227.0000;0.0000;479.0000;2288.0000
258.0000;226.0000;12.0000;481.0000;2295.0000
259.0000;224.0000;12.0000;474.0000;2302.0000
260.0000;223.0000;12.0000;479.0000;2309.0000
260.0000;222.0000;0.0000;478.0000;2316.0000
261.0000;221.0000;12.0000;476.0000;2323.0000
261.0000;220.0000;12.0000;481.0000;2330.0000
262.0000;218.0000;0.0000;474.0000;2337.0000
263.0000;217.0000;0.0000;477.0000;2344.0000
263.0000;215.0000;0.0000;470.0000;2351.0000
264.0000;214.0000;0.0000;481.0000;2358.0000
264.0000;212.0000;0.0000;487.0000;2365.0000
264.0000;211.0000;0.0000;490.0000;2372.0000
265.0000;209.0000;0.0000;484.0000;2379.0000
265.0000;208.0000;0.0000;490.0000;2386.0000
265.0000;207.0000;0.0000;490.0000;2393.0000
266.0000;205.0000;0.0000;487.0000;2400.0000
266.0000;203.0000;0.0000;493.0000;2407.0000
266.0000;202.0000;0.0000;488.0000;2414.0000
266.0000;200.0000;0.0000;490.0000;2421.0000
266.0000;199.0000;0.0000;495.0000;2428.0000
266.0000;197.0000;0.0000;490.0000;2435.0000
267.0000;195.0000;0.0000;493.0000;2442.0000
267.0000;194.0000;0.0000;496.0000;2449.0000
267.0000;192.0000;0.0000;493.0000;2456.0000
267.0000;190.0000;0.0000;499.0000;2463.0000
267.0000;189.0000;0.0000;500.0000;2471.0000
267.0000;187.0000;0.0000;496.0000;2478.0000
267.0000;185.0000;0.0000;503.0000;2485.0000
267.0000;184.0000;0.0000;499.0000;2492.0000
267.0000;182.0000;0.0000;499.0000;2499.0000
267.0000;180.0000;0.0000;505.0000;2506.0000
267.0000;179.0000;0.0000;500.0000;2513.0000
267.0000;177.0000;0.0000;500.0000;2520.0000
267.0000;175.0000;0.0000;503.0000;2527.0000
267.0000;174.0000;0.0000;499.0000;2534.0000
268.0000;172.0000;0.0000;503.0000;2541.0000
268.0000;171.0000;0.0000;503.0000;2548.0000
267.0000;169.0000;0.0000;499.0000;2555.0000
267.0000;167.0000;0.0000;503.0000;2562.0000
266.0000;166.0000;0.0000;501.0000;2569.0000
266.0000;164.0000;0.0000;501.0000;2576.0000
265.0000;162.0000;0.0000;509.0000;2583.0000
265.0000;160.0000;0.0000;505.0000;2590.0000
264.0000;159.0000;0.0000;509.0000;2597.0000
263.0000;157.0000;0.0000;515.0000;2604.0000
263.0000;156.0000;0.0000;511.0000;2611.0000
262.0000;154.0000;0.0000;517.0000;2618.0000
260.0000;153.0000;0.0000;518.0000;2625.0000
259.0000;152.0000;0.0000;515.0000;2632.0000
258.0000;150.0000;0.0000;519.0000;2639.0000
256.0000;149.0000;0.0000;518.0000;2646.0000
255.0000;148.0000;0.0000;517.0000;2654.0000
253.0000;146.0000;0.0000;521.0000;2661.0000
251.0000;145.0000;0.0000;516.0000;2668.0000
250.0000;144.0000;0.0000;518.0000;2675.0000
248.0000;143.0000;0.0000;521.0000;2682.0000
246.0000;142.0000;0.0000;515.0000;2689.0000
244.0000;141.0000;0.0000;520.0000;2696.0000
242.0000;140.0000;0.0000;521.0000;2703.0000
241.0000;139.0000;0.0000;515.0000;2710.0000
239.0000;137.0000;0.0000;520.0000;2717.0000
237.0000;136.0000;0.0000;519.0000;2724.0000
235.0000;135.0000;0.0000;516.0000;2731.0000
233.0000;134.0000;0.0000;521.0000;2738.0000
231.0000;133.0000;0.0000;517.0000;2745.0000
229.0000;132.0000;0.0000;520.0000;2752.0000
228.0000;131.0000;0.0000;528.0000;2759.0000
226.0000;131.0000;0.0000;521.0000;2766.0000
224.0000;130.0000;0.0000;528.0000;2773.0000
223.0000;129.0000;0.0000;531.0000;2780.0000
221.0000;129.0000;0.0000;525.0000;2787.0000
220.0000;128.0000;0.0000;531.0000;2794.0000
218.0000;128.0000;0.0000;531.0000;2801.0000
216.0000;128.0000;0.0000;528.0000;2808.0000
215.0000;127.0000;0.0000;534.0000;2815.0000
213.0000;127.0000;0.0000;529.0000;2822.0000
211.0000;126.0000;0.0000;531.0000;2829.0000
209.0000;126.0000;0.0000;536.0000;2836.0000
207.0000;125.0000;0.0000;529.0000;2844.0000
205.0000;125.0000;0.0000;532.0000;2851.0000
203.0000;125.0000;0.0000;534.0000;2858.0000
201.0000;124.0000;0.0000;530.0000;2865.0000
199.0000;124.0000;0.0000;537.0000;2872.0000
197.0000;124.0000;0.0000;538.0000;2879.0000
195.0000;124.0000;0.0000;536.0000;2886.0000
194.0000;124.0000;0.0000;542.0000;2893.0000
192.0000;124.0000;0.0000;537.0000;2900.0000
190.0000;124.0000;0.0000;538.0000;2907.0000
188.0000;124.0000;0.0000;544.0000;2914.0000
186.0000;124.0000;0.0000;540.0000;2921.0000
184.0000;124.0000;0.0000;540.0000;2928.0000
181.0000;124.0000;0.0000;544.0000;2935.0000
179.0000;124.0000;0.0000;538.0000;2942.0000
177.0000;124.0000;0.0000;543.0000;2949.0000
174.0000;124.0000;0.0000;543.0000;2956.0000
172.0000;124.0000;0.0000;540.0000;2963.0000
170.0000;125.0000;0.0000;544.0000;2970.0000
167.0000;125.0000;0.0000;542.0000;2977.0000
165.0000;126.0000;0.0000;541.0000;2984.0000
163.0000;126.0000;0.0000;546.0000;2991.0000
161.0000;127.0000;0.0000;540.0000;2998.0000
159.0000;127.0000;0.0000;542.0000;3005.0000
157.0000;128.0000;0.0000;546.0000;3012.0000
156.0000;128.0000;0.0000;540.0000;3019.0000
154.0000;129.0000;0.0000;545.0000;3027.0000
152.0000;129.0000;0.0000;545.0000;3034.0000
150.0000;130.0000;0.0000;541.0000;3041.0000
149.0000;131.0000;0.0000;546.0000;3048.0000
147.0000;131.0000;0.0000;544.0000;3055.0000
145.0000;132.0000;0.0000;542.0000;3062.0000
144.0000;132.0000;0.0000;548.0000;3069.0000
142.0000;133.0000;0.0000;541.0000;3076.0000
141.0000;133.0000;0.0000;544.0000;3083.0000
140.0000;134.0000;0.0000;549.0000;3090.0000
139.0000;135.0000;0.0000;543.0000;3097.0000
138.0000;135.0000;0.0000;549.0000;3104.0000
137.0000;136.0000;0.0000;549.0000;3111.0000
137.0000;137.0000;0.0000;546.0000;3118.0000
136.0000;138.0000;0.0000;550.0000;3125.0000
135.0000;138.0000;0.0000;549.0000;3132.0000
135.0000;139.0000;0.0000;547.0000;3139.0000
134.0000;140.0000;0.0000;552.0000;3146.0000
134.0000;141.0000;0.0000;547.0000;3153.0000
134.0000;141.0000;0.0000;549.0000;3160.0000
133.0000;142.0000;0.0000;555.0000;3167.0000
133.0000;143.0000;0.0000;548.0000;3174.0000
133.0000;143.0000;0.0000;552.0000;3181.0000
133.0000;144.0000;0.0000;555.0000;3188.0000
132.0000;144.0000;0.0000;548.0000;3195.0000
132.0000;145.0000;0.0000;556.0000;3202.0000
132.0000;145.0000;0.0000;556.0000;3210.0000
132.0000;146.0000;0.0000;555.0000;3217.0000
132.0000;147.0000;0.0000;562.0000;3224.0000
131.0000;147.0000;0.0000;558.0000;3231.0000
131.0000;148.0000;0.0000;561.0000;3238.0000
131.0000;149.0000;0.0000;565.0000;3245.0000
131.0000;149.0000;0.0000;561.0000;3252.0000
131.0000;150.0000;0.0000;563.0000;3259.0000
130.0000;151.0000;0.0000;566.0000;3266.0000
130.0000;152.0000;0.0000;561.0000;3273.0000
130.0000;152.0000;0.0000;567.0000;3280.0000
129.0000;153.0000;0.0000;567.0000;3287.0000
129.0000;154.0000;0.0000;564.0000;3294.0000
129.0000;155.0000;0.0000;569.0000;3301.0000
128.0000;156.0000;0.0000;565.0000;3308.0000
128.0000;157.0000;0.0000;565.0000;3315.0000
128.0000;158.0000;0.0000;571.0000;3322.0000
127.0000;159.0000;0.0000;566.0000;3329.0000
127.0000;160.0000;0.0000;568.0000;3336.0000
126.0000;161.0000;0.0000;573.0000;3343.0000
126.0000;162.0000;0.0000;568.0000;3350.0000
125.0000;163.0000;0.0000;574.0000;3357.0000
125.0000;165.0000;0.0000;574.0000;3364.0000
124.0000;166.0000;0.0000;571.0000;3371.0000
124.0000;167.0000;0.0000;577.0000;3378.0000
123.0000;168.0000;0.0000;573.0000;3385.0000
123.0000;170.0000;0.0000;574.0000;3392.0000
122.0000;171.0000;0.0000;580.0000;3400.0000
121.0000;172.0000;0.0000;574.0000;3407.0000
121.0000;173.0000;0.0000;577.0000;3414.0000
120.0000;174.0000;0.0000;580.0000;3421.0000
119.0000;175.0000;0.0000;574.0000;3428.0000
119.0000;176.0000;0.0000;579.0000;3435.0000
118.0000;178.0000;0.0000;579.0000;3442.0000
118.0000;179.0000;0.0000;575.0000;3449.0000
117.0000;180.0000;0.0000;580.0000;3456.0000
117.0000;182.0000;0.0000;578.0000;3463.0000
116.0000;183.0000;0.0000;577.0000;3470.0000
115.0000;184.0000;0.0000;582.0000;3477.0000
114.0000;186.0000;0.0000;577.0000;3484.0000
114.0000;187.0000;0.0000;577.0000;3491.0000
113.0000;188.0000;0.0000;583.0000;3498.0000
113.0000;190.0000;0.0000;576.0000;3505.0000
112.0000;191.0000;0.0000;581.0000;3512.0000
112.0000;192.0000;0.0000;581.0000;3519.0000
111.0000;193.0000;0.0000;577.0000;3526.0000
111.0000;195.0000;0.0000;582.0000;3533.0000
110.0000;196.0000;0.0000;580.0000;3540.0000
110.0000;197.0000;0.0000;578.0000;3547.0000
109.0000;199.0000;0.0000;583.0000;3554.0000
109.0000;200.0000;0.0000;577.0000;3561.0000
109.0000;202.0000;0.0000;580.0000;3568.0000
109.0000;203.0000;0.0000;585.0000;3575.0000
110.0000;205.0000;0.0000;578.0000;3583.0000
110.0000;206.0000;0.0000;583.0000;3590.0000
110.0000;208.0000;0.0000;584.0000;3597.0000
110.0000;209.0000;0.0000;578.0000;3604.0000
110.0000;211.0000;0.0000;583.0000;3611.0000
110.0000;212.0000;0.0000;583.0000;3618.0000
110.0000;214.0000;0.0000;580.0000;3625.0000
110.0000;215.0000;0.0000;585.0000;3632.0000
110.0000;217.0000;0.0000;580.0000;3639.0000
109.0000;218.0000;0.0000;581.0000;3646.0000
109.0000;219.0000;0.0000;579.0000;3653.0000
109.0000;220.0000;0.0000;579.0000;3660.0000
109.0000;221.0000;0.0000;576.0000;3667.0000
109.0000;222.0000;0.0000;577.0000;3674.0000
109.0000;223.0000;0.0000;569.0000;3681.0000
109.0000;224.0000;0.0000;575.0000;3688.0000
109.0000;225.0000;0.0000;575.0000;3695.0000
109.0000;227.0000;0.0000;571.0000;3702.0000
109.0000;228.0000;0.0000;577.0000;3709.0000
109.0000;229.0000;0.0000;571.0000;3716.0000
109.0000;230.0000;0.0000;574.0000;3723.0000
109.0000;232.0000;0.0000;578.0000;3730.0000
108.0000;233.0000;0.0000;571.0000;3737.0000
108.0000;234.0000;0.0000;574.0000;3744.0000
108.0000;236.0000;0.0000;577.0000;3751.0000
107.0000;237.0000;0.0000;571.0000;3758.0000
107.0000;239.0000;0.0000;576.0000;3766.0000
107.0000;240.0000;0.0000;575.0000;3773.0002
107.0000;242.0000;0.0000;571.0000;3780.0000
107.0000;243.0000;0.0000;577.0000;3787.0000
107.0000;245.0000;0.0000;572.0000;3794.0002
107.0000;247.0000;0.0000;574.0000;3801.0000
107.0000;248.0000;0.0000;579.0000;3808.0000
107.0000;250.0000;0.0000;572.0000;3815.0002
107.0000;251.0000;0.0000;574.0000;3822.0000
108.0000;253.0000;0.0000;577.0000;3829.0000
108.0000;255.0000;0.0000;572.0000;3836.0002
108.0000;256.0000;0.0000;577.0000;3843.0000
109.0000;258.0000;0.0000;576.0000;3850.0000
109.0000;259.0000;0.0000;572.0000;3857.0002
109.0000;261.0000;0.0000;577.0000;3864.0000
109.0000;262.0000;0.0000;575.0000;3871.0000
110.0000;264.0000;0.0000;574.0000;3878.0002
110.0000;266.0000;0.0000;579.0000;3885.0000
111.0000;267.0000;0.0000;573.0000;3892.0000
112.0000;268.0000;0.0000;574.0000;3899.0002
113.0000;270.0000;0.0000;578.0000;3906.0000
114.0000;271.0000;0.0000;572.0000;3913.0000
115.0000;272.0000;0.0000;578.0000;3920.0002
116.0000;274.0000;0.0000;578.0000;3927.0000
117.0000;275.0000;0.0000;574.0000;3934.0000
118.0000;276.0000;0.0000;579.0000;3941.0002
119.0000;277.0000;0.0000;577.0000;3948.0000
119.0000;278.0000;0.0000;575.0000;3956.0000
120.0000;279.0000;0.0000;580.0000;3963.0002
121.0000;280.0000;0.0000;575.0000;3970.0000
122.0000;281.0000;0.0000;576.0000;3977.0000
123.0000;282.0000;0.0000;581.0000;3984.0002
124.0000;284.0000;0.0000;574.0000;3991.0000
124.0000;285.0000;0.0000;580.0000;3998.0000
125.0000;286.0000;0.0000;580.0000;4005.0002
127.0000;287.0000;0.0000;575.0000;4012.0000
128.0000;288.0000;0.0000;580.0000;4019.0000
129.0000;289.0000;0.0000;579.0000;4026.0002
129.0000;291.0000;0.0000;577.0000;4033.0000
130.0000;292.0000;0.0000;582.0000;4040.0000
131.0000;292.0000;0.0000;577.0000;4047.0002
132.0000;293.0000;0.0000;579.0000;4054.0000
133.0000;294.0000;0.0000;583.0000;4061.0000
134.0000;295.0000;0.0000;577.0000;4068.0002
136.0000;296.0000;0.0000;580.0000;4075.0000
137.0000;297.0000;0.0000;583.0000;4082.0000
138.0000;297.0000;0.0000;576.0000;4089.0002
140.0000;298.0000;0.0000;583.0000;4096.0000
141.0000;299.0000;0.0000;582.0000;4103.0000
142.0000;300.0000;0.0000;579.0000;4110.0000
144.0000;300.0000;0.0000;584.0000;4117.0000
145.0000;301.0000;0.0000;579.0000;4124.0000
147.0000;302.0000;0.0000;580.0000;4131.0000
148.0000;303.0000;0.0000;586.0000;4139.0000
150.0000;303.0000;0.0000;579.0000;4146.0000
151.0000;304.0000;0.0000;582.0000;4153.0000
152.0000;305.0000;0.0000;585.0000;4160.0000
154.0000;306.0000;0.0000;578.0000;4167.0000
155.0000;307.0000;0.0000;584.0000;4174.0000
156.0000;307.0000;0.0000;583.0000;4181.0000
158.0000;308.0000;0.0000;580.0000;4188.0000
159.0000;308.0000;0.0000;584.0000;4195.0000
160.0000;309.0000;0.0000;580.0000;4202.0000
162.0000;310.0000;0.0000;580.0000;4209.0000
163.0000;310.0000;0.0000;586.0000;4216.0000
164.0000;311.0000;0.0000;580.0000;4223.0000
166.0000;312.0000;0.0000;581.0000;4230.0000
167.0000;312.0000;0.0000;584.0000;4237.0000
169.0000;313.0000;0.0000;578.0000;4244.0000
170.0000;314.0000;0.0000;583.0000;4251.0000
172.0000;314.0000;0.0000;583.0000;4258.0000
173.0000;315.0000;0.0000;579.0000;4265.0000
175.0000;316.0000;0.0000;584.0000;4272.0000
176.0000;316.0000;0.0000;580.0000;4279.0000
178.0000;317.0000;0.0000;580.0000;4286.0000
179.0000;317.0000;0.0000;586.0000;4293.0000
181.0000;318.0000;0.0000;580.0000;4300.0000
183.0000;319.0000;0.0000;580.0000;4307.0000
184.0000;319.0000;0.0000;585.0000;4314.0000
186.0000;320.0000;0.0000;579.0000;4322.0000
188.0000;320.0000;0.0000;583.0000;4329.0000
190.0000;321.0000;0.0000;583.0000;4336.0000
192.0000;321.0000;0.0000;579.0000;4343.0000
193.0000;321.0000;0.0000;584.0000;4350.0000
195.0000;322.0000;0.0000;582.0000;4357.0000
197.0000;322.0000;0.0000;580.0000;4364.0000
198.0000;322.0000;0.0000;586.0000;4371.0000
200.0000;322.0000;0.0000;580.0000;4378.0000
202.0000;323.0000;0.0000;581.0000;4385.0000
204.0000;323.0000;0.0000;586.0000;4392.0000
206.0000;323.0000;0.0000;579.0000;4399.0000
208.0000;323.0000;0.0000;584.0000;4406.0000
210.0000;323.0000;0.0000;584.0000;4413.0000
212.0000;323.0000;0.0000;580.0000;4420.0000
215.0000;323.0000;0.0000;584.0000;4427.0000
217.0000;323.0000;0.0000;583.0000;4434.0000
219.0000;323.0000;0.0000;580.0000;4441.0000
221.0000;323.0000;0.0000;586.0000;4448.0000
222.0000;323.0000;0.0000;580.0000;4455.0000
224.0000;323.0000;0.0000;582.0000;4462.0000
226.0000;323.0000;0.0000;586.0000;4469.0000
227.0000;323.0000;0.0000;579.0000;4476.0000
229.0000;322.0000;0.0000;583.0000;4483.0000
230.0000;322.0000;0.0000;586.0000;4490.0000
232.0000;322.0000;0.0000;579.0000;4497.0000
234.0000;322.0000;0.0000;584.0000;4504.0000
235.0000;321.0000;0.0000;584.0000;4512.0000
236.0000;321.0000;0.0000;581.0000;4519.0000
238.0000;320.0000;0.0000;586.0000;4526.0000
239.0000;320.0000;0.0000;582.0000;4533.0000
240.0000;320.0000;0.0000;583.0000;4540.0000
242.0000;319.0000;0.0000;587.0000;4547.0000
243.0000;319.0000;0.0000;581.0000;4554.0000
244.0000;318.0000;0.0000;584.0000;4561.0000
246.0000;318.0000;0.0000;587.0000;4568.0000
247.0000;317.0000;0.0000;581.0000;4575.0000
248.0000;316.0000;0.0000;586.0000;4582.0000
249.0000;315.0000;0.0000;586.0000;4589.0000
250.0000;315.0000;0.0000;583.0000;4596.0000
251.0000;314.0000;0.0000;588.0000;4603.0000
252.0000;313.0000;0.0000;583.0000;4610.0000
253.0000;312.0000;0.0000;584.0000;4617.0000
254.0000;312.0000;0.0000;589.0000;4624.0000
255.0000;311.0000;0.0000;583.0000;4631.0000
257.0000;310.0000;0.0000;586.0000;4638.0000
258.0000;309.0000;0.0000;589.0000;4645.0000
259.0000;309.0000;0.0000;583.0000;4652.0000
261.0000;308.0000;0.0000;587.0000;4659.0000
262.0000;307.0000;0.0000;586.0000;4666.0000
264.0000;307.0000;0.0000;583.0000;4673.0000
265.0000;306.0000;0.0000;589.0000;4680.0000
266.0000;305.0000;0.0000;584.0000;4687.0000
268.0000;304.0000;0.0000;583.0000;4695.0000
269.0000;304.0000;0.0000;589.0000;4702.0000
270.0000;303.0000;0.0000;583.0000;4709.0000
272.0000;302.0000;0.0000;586.0000;4716.0000
273.0000;301.0000;0.0000;589.0000;4723.0000
274.0000;300.0000;0.0000;583.0000;4730.0000
276.0000;299.0000;0.0000;588.0000;4737.0000
277.0000;298.0000;0.0000;587.0000;4744.0000
279.0000;297.0000;0.0000;583.0000;4751.0000
280.0000;296.0000;0.0000;589.0000;4758.0000
282.0000;295.0000;0.0000;586.0000;4765.0000
284.0000;294.0000;0.0000;584.0000;4772.0000
286.0000;293.0000;0.0000;589.0000;4779.0000
287.0000;292.0000;0.0000;583.0000;4786.0000
289.0000;291.0000;0.0000;586.0000;4793.0000
290.0000;290.0000;0.0000;589.0000;4800.0000
292.0000;289.0000;0.0000;583.0000;4807.0000
293.0000;287.0000;0.0000;588.0000;4814.0000
295.0000;286.0000;0.0000;588.0000;4821.0000
297.0000;285.0000;0.0000;583.0000;4828.0000
298.0000;283.0000;0.0000;588.0000;4835.0000
300.0000;282.0000;0.0000;586.0000;4842.0000
302.0000;281.0000;0.0000;584.0000;4849.0000
304.0000;279.0000;0.0000;589.0000;4856.0000
305.0000;278.0000;0.0000;583.0000;4863.0000
307.0000;276.0000;0.0000;586.0000;4870.0000
309.0000;275.0000;0.0000;590.0000;4878.0000
311.0000;274.0000;0.0000;583.0000;4885.0000
313.0000;272.0000;0.0000;587.0000;4892.0000
314.0000;271.0000;0.0000;589.0000;4899.0000
316.0000;270.0000;0.0000;582.0000;4906.0000
317.0000;269.0000;0.0000;587.0000;4913.0000
318.0000;267.0000;0.0000;587.0000;4920.0000
320.0000;266.0000;0.0000;584.0000;4927.0000
321.0000;264.0000;0.0000;589.0000;4934.0000
322.0000;262.0000;0.0000;583.0000;4941.0000
323.0000;260.0000;0.0000;586.0000;4948.0000
324.0000;258.0000;0.0000;589.0000;4955.0000
324.0000;256.0000;0.0000;583.0000;4962.0000
325.0000;254.0000;0.0000;586.0000;4969.0000
326.0000;252.0000;0.0000;589.0000;4976.0000
326.0000;250.0000;0.0000;582.0000;4983.0000
327.0000;248.0000;0.0000;588.0000;4990.0000
328.0000;247.0000;0.0000;587.0000;4997.0000
328.0000;245.0000;0.0000;584.0000;5004.0000
328.0000;242.0000;0.0000;589.0000;5011.0000
328.0000;240.0000;0.0000;583.0000;5018.0000
329.0000;238.0000;0.0000;585.0000;5025.0000
329.0000;235.0000;0.0000;589.0000;5032.0000
329.0000;233.0000;0.0000;583.0000;5039.0000
329.0000;231.0000;0.0000;585.0000;5046.0000
329.0000;228.0000;12.0000;589.0000;5053.0000
328.0000;226.0000;12.0000;581.0000;5060.0000
328.0000;224.0000;12.0000;587.0000;5068.0000
328.0000;222.0000;12.0000;587.0000;5075.0000
327.0000;220.0000;0.0000;583.0000;5082.0000
327.0000;217.0000;0.0000;590.0000;5089.0000
327.0000;215.0000;0.0000;585.0000;5096.0000
327.0000;213.0000;0.0000;571.0000;5103.0000
327.0000;210.0000;0.0000;602.0000;5110.0000
327.0000;208.0000;0.0000;596.0000;5117.0000
327.0000;206.0000;0.0000;599.0000;5124.0000
327.0000;204.0000;0.0000;603.0000;5131.0000
327.0000;202.0000;0.0000;597.0000;5138.0000
327.0000;200.0000;0.0000;603.0000;5145.0000
327.0000;198.0000;0.0000;602.0000;5152.0000
327.0000;197.0000;0.0000;599.0000;5159.0000
327.0000;195.0000;0.0000;604.0000;5166.0000
326.0000;193.0000;0.0000;602.0000;5173.0000
326.0000;191.0000;0.0000;601.0000;5180.0000
326.0000;189.0000;0.0000;607.0000;5187.0000
325.0000;187.0000;0.0000;601.0000;5194.0000
325.0000;186.0000;0.0000;602.0000;5201.0000
325.0000;184.0000;0.0000;606.0000;5208.0000
325.0000;182.0000;0.0000;599.0000;5215.0000
325.0000;181.0000;0.0000;605.0000;5222.0000
325.0000;179.0000;0.0000;605.0000;5229.0000
325.0000;178.0000;0.0000;601.0000;5236.0000
325.0000;177.0000;0.0000;605.0000;5243.0000
326.0000;176.0000;0.0000;604.0000;5251.0000
326.0000;175.0000;0.0000;602.0000;5258.0000
326.0000;173.0000;0.0000;607.0000;5265.0000
326.0000;172.0000;0.0000;601.0000;5272.0000
326.0000;171.0000;0.0000;603.0000;5279.0000
327.0000;170.0000;0.0000;608.0000;5286.0000
327.0000;168.0000;0.0000;601.0000;5293.0000
327.0000;167.0000;0.0000;605.0000;5300.0000
327.0000;165.0000;0.0000;606.0000;5307.0000
327.0000;164.0000;0.0000;601.0000;5314.0000
327.0000;162.0000;0.0000;605.0000;5321.0000
327.0000;161.0000;0.0000;604.0000;5328.0000
327.0000;159.0000;0.0000;602.0000;5335.0000
327.0000;158.0000;0.0000;606.0000;5342.0000
327.0000;156.0000;0.0000;601.0000;5349.0000
327.0000;155.0000;0.0000;602.0000;5356.0000
327.0000;154.0000;0.0000;608.0000;5363.0000
326.0000;152.0000;0.0000;599.0000;5370.0000
326.0000;151.0000;0.0000;604.0000;5377.0000
326.0000;149.0000;0.0000;606.0000;5384.0000
325.0000;148.0000;0.0000;599.0000;5391.0000
325.0000;146.0000;0.0000;605.0000;5398.0000
324.0000;144.0000;0.0000;604.0000;5405.0000
324.0000;142.0000;0.0000;600.0000;5412.0000
323.0000;140.0000;0.0000;605.0000;5419.0000
322.0000;138.0000;0.0000;599.0000;5426.0000
321.0000;136.0000;0.0000;600.0000;5434.0000
321.0000;134.0000;0.0000;605.0000;5441.0000
320.0000;132.0000;0.0000;598.0000;5448.0000
319.0000;131.0000;0.0000;600.0000;5455.0000
318.0000;129.0000;0.0000;602.0000;5462.0000
317.0000;127.0000;0.0000;596.0000;5469.0000
316.0000;125.0000;0.0000;601.0000;5476.0000
316.0000;123.0000;0.0000;599.0000;5483.0000
315.0000;122.0000;0.0000;596.0000;5490.0000
314.0000;120.0000;0.0000;601.0000;5497.0000
313.0000;118.0000;0.0000;596.0000;5504.0000
312.0000;116.0000;0.0000;596.0000;5511.0000
310.0000;114.0000;0.0000;601.0000;5518.0000
309.0000;113.0000;0.0000;594.0000;5525.0000
308.0000;111.0000;0.0000;594.0000;5532.0000
306.0000;109.0000;0.0000;598.0000;5539.0000
305.0000;108.0000;0.0000;594.0000;5546.0000
303.0000;106.0000;0.0000;596.0000;5553.0000
301.0000;104.0000;0.0000;596.0000;5560.0000
300.0000;103.0000;0.0000;592.0000;5567.0000
298.0000;101.0000;0.0000;596.0000;5574.0000
296.0000;99.0000;0.0000;594.0000;5581.0000
294.0000;98.0000;0.0000;592.0000;5588.0000
293.0000;96.0000;0.0000;596.0000;5595.0000
291.0000;95.0000;0.0000;590.0000;5602.0000
289.0000;93.0000;0.0000;592.0000;5609.0000
287.0000;91.0000;0.0000;596.0000;5616.0000
285.0000;89.0000;0.0000;588.0000;5624.0000
282.0000;87.0000;0.0000;594.0000;5631.0000
280.0000;86.0000;0.0000;594.0000;5638.0000
278.0000;84.0000;0.0000;589.0000;5645.0000
276.0000;83.0000;0.0000;594.0000;5652.0000
273.0000;81.0000;0.0000;592.0000;5659.0000
271.0000;80.0000;0.0000;589.0000;5666.0000
269.0000;79.0000;0.0000;595.0000;5673.0000
267.0000;77.0000;0.0000;588.0000;5680.0000
264.0000;76.0000;0.0000;589.0000;5687.0000
262.0000;75.0000;0.0000;595.0000;5694.0000
259.0000;74.0000;0.0000;586.0000;5701.0000
256.0000;73.0000;0.0000;594.0000;5708.0000
254.0000;72.0000;0.0000;594.0000;5715.0000
251.0000;71.0000;0.0000;586.0000;5722.0000
249.0000;70.0000;0.0000;594.0000;5729.0000
247.0000;69.0000;12.0000;592.0000;5736.0000
245.0000;68.0000;0.0000;588.0000;5743.0000
243.0000;67.0000;0.0000;594.0000;5750.0000
240.0000;65.0000;0.0000;588.0000;5757.0000
238.0000;64.0000;0.0000;590.0000;5764.0000
236.0000;63.0000;0.0000;587.0000;5771.0000
233.0000;61.0000;0.0000;596.0000;5778.0000
231.0000;61.0000;0.0000;601.0000;5785.0000
229.0000;60.0000;0.0000;604.0000;5792.0000
226.0000;59.0000;0.0000;597.0000;5799.0000
224.0000;59.0000;0.0000;602.0000;5807.0000
222.0000;58.0000;0.0000;602.0000;5814.0000
220.0000;57.0000;0.0000;599.0000;5821.0000
219.0000;57.0000;0.0000;605.0000;5828.0000
217.0000;56.0000;0.0000;599.0000;5835.0000
215.0000;56.0000;0.0000;601.0000;5842.0000
213.0000;55.0000;0.0000;606.0000;5849.0000
210.0000;55.0000;0.0000;600.0000;5856.0000
208.0000;54.0000;0.0000;602.0000;5863.0000
206.0000;54.0000;0.0000;605.0000;5870.0000
204.0000;53.0000;0.0000;599.0000;5877.0000
201.0000;53.0000;0.0000;605.0000;5884.0000
199.0000;53.0000;0.0000;605.0000;5891.0000
197.0000;52.0000;0.0000;601.0000;5898.0000
195.0000;52.0000;0.0000;606.0000;5905.0000
192.0000;51.0000;0.0000;602.0000;5912.0000
190.0000;51.0000;0.0000;602.0000;5919.0000
188.0000;51.0000;0.0000;608.0000;5926.0000
186.0000;50.0000;0.0000;602.0000;5933.0000
185.0000;50.0000;0.0000;603.0000;5940.0000
183.0000;49.0000;0.0000;607.0000;5947.0000
182.0000;49.0000;0.0000;601.0000;5954.0000
180.0000;49.0000;0.0000;606.0000;5961.0000
179.0000;49.0000;0.0000;606.0000;5968.0000
177.0000;49.0000;0.0000;602.0000;5975.0000
175.0000;49.0000;0.0000;608.0000;5982.0000
174.0000;49.0000;0.0000;605.0000;5990.0000
172.0000;49.0000;0.0000;604.0000;5997.0000
170.0000;49.0000;0.0000;611.0000;6004.0000
168.0000;49.0000;0.0000;604.0000;6011.0000
166.0000;49.0000;0.0000;606.0000;6018.0000
164.0000;49.0000;0.0000;611.0000;6025.0000
163.0000;49.0000;0.0000;603.0000;6032.0000
161.0000;50.0000;0.0000;608.0000;6039.0000
159.0000;50.0000;0.0000;608.0000;6046.0000
157.0000;51.0000;0.0000;604.0000;6053.0000
156.0000;51.0000;0.0000;609.0000;6060.0000
154.0000;51.0000;0.0000;607.0000;6067.0000
153.0000;51.0000;0.0000;605.0000;6074.0000
151.0000;52.0000;0.0000;610.0000;6081.0000
150.0000;52.0000;0.0000;603.0000;6088.0000
148.0000;53.0000;0.0000;605.0000;6095.0000
147.0000;53.0000;0.0000;610.0000;6102.0000
146.0000;53.0000;0.0000;603.0000;6109.0000
144.0000;54.0000;0.0000;607.0000;6116.0000
143.0000;55.0000;0.0000;608.0000;6123.0000
142.0000;55.0000;0.0000;602.0000;6130.0000
141.0000;55.0000;0.0000;608.0000;6137.0000
140.0000;56.0000;0.0000;606.0000;6144.0000
139.0000;56.0000;0.0000;603.0000;6151.0000
137.0000;57.0000;0.0000;608.0000;6158.0000
136.0000;58.0000;0.0000;602.0000;6165.0000
135.0000;58.0000;0.0000;604.0000;6173.0000
133.0000;59.0000;0.0000;609.0000;6180.0000
132.0000;59.0000;0.0000;601.0000;6187.0000
131.0000;60.0000;0.0000;605.0000;6194.0000
131.0000;60.0000;0.0000;608.0000;6201.0000
130.0000;61.0000;0.0000;599.0000;6208.0000
129.0000;62.0000;0.0000;605.0000;6215.0000
128.0000;63.0000;0.0000;605.0000;6222.0000
127.0000;64.0000;0.0000;601.0000;6229.0000
127.0000;64.0000;0.0000;605.0000;6236.0000
126.0000;66.0000;0.0000;599.0000;6243.0000
125.0000;66.0000;0.0000;587.0000;6250.0000
125.0000;67.0000;0.0000;604.0000;6257.0000
124.0000;68.0000;0.0000;592.0000;6264.0000
123.0000;68.0000;0.0000;594.0000;6271.0000
122.0000;68.0000;0.0000;597.0000;6278.0000
121.0000;69.0000;0.0000;590.0000;6285.0000
120.0000;69.0000;0.0000;596.0000;6292.0000
119.0000;69.0000;0.0000;596.0000;6299.0000
118.0000;70.0000;0.0000;592.0000;6306.0000
116.0000;70.0000;0.0000;598.0000;6313.0000
115.0000;70.0000;0.0000;594.0000;6320.0000
114.0000;71.0000;0.0000;594.0000;6327.0000
113.0000;72.0000;0.0000;600.0000;6334.0000
112.0000;72.0000;0.0000;595.0000;6341.0000
110.0000;73.0000;0.0000;596.0000;6348.0000
109.0000;74.0000;0.0000;600.0000;6355.0000
108.0000;75.0000;0.0000;594.0000;6363.0000
107.0000;75.0000;0.0000;599.0000;6370.0000
106.0000;76.0000;0.0000;599.0000;6377.0000
105.0000;77.0000;0.0000;595.0000;6384.0000
104.0000;78.0000;0.0000;599.0000;6391.0000
103.0000;78.0000;0.0000;598.0000;6398.0000
102.0000;79.0000;0.0000;596.0000;6405.0000
101.0000;80.0000;0.0000;602.0000;6412.0000
100.0000;81.0000;0.0000;596.0000;6419.0000
99.0000;81.0000;0.0000;598.0000;6426.0000
99.0000;82.0000;0.0000;602.0000;6433.0000
98.0000;83.0000;0.0000;597.0000;6440.0000
98.0000;83.0000;0.0000;602.0000;6447.0000
97.0000;84.0000;0.0000;605.0000;6454.0000
96.0000;85.0000;0.0000;602.0000;6461.0000
96.0000;86.0000;0.0000;608.0000;6468.0000
95.0000;87.0000;0.0000;605.0000;6475.0000
94.0000;88.0000;0.0000;604.0000;6482.0000
94.0000;89.0000;0.0000;608.0000;6489.0000
94.0000;89.0000;0.0000;604.0000;6496.0000
93.0000;90.0000;0.0000;607.0000;6503.0000
93.0000;91.0000;0.0000;611.0000;6510.0000
92.0000;92.0000;0.0000;604.0000;6517.0000
91.0000;92.0000;0.0000;608.0000;6524.0000
91.0000;93.0000;0.0000;611.0000;6531.0000
90.0000;93.0000;0.0000;605.0000;6538.0000
89.0000;94.0000;0.0000;613.0000;6546.0000
89.0000;94.0000;0.0000;610.0000;6553.0000
88.0000;95.0000;0.0000;608.0000;6560.0000
87.0000;96.0000;0.0000;611.0000;6567.0000
86.0000;97.0000;0.0000;610.0000;6574.0000
86.0000;99.0000;0.0000;612.0000;6581.0000
85.0000;100.0000;0.0000;616.0000;6588.0000
85.0000;101.0000;0.0000;611.0000;6595.0000
84.0000;102.0000;0.0000;617.0000;6602.0000
84.0000;103.0000;0.0000;620.0000;6609.0000
83.0000;105.0000;0.0000;613.0000;6616.0000
82.0000;106.0000;0.0000;620.0000;6623.0000
82.0000;107.0000;0.0000;620.0000;6630.0000
81.0000;109.0000;0.0000;621.0000;6637.0000
80.0000;110.0000;0.0000;624.0000;6644.0000
79.0000;112.0000;0.0000;617.0000;6651.0000
78.0000;113.0000;0.0000;623.0000;6658.0000
77.0000;114.0000;0.0000;628.0000;6665.0000
76.0000;115.0000;0.0000;622.0000;6672.0000
75.0000;116.0000;0.0000;627.0000;6679.0000
74.0000;117.0000;0.0000;629.0000;6686.0000
73.0000;118.0000;0.0000;623.0000;6693.0000
73.0000;119.0000;0.0000;627.0000;6700.0000
72.0000;120.0000;0.0000;627.0000;6707.0000
71.0000;121.0000;0.0000;623.0000;6714.0000
71.0000;122.0000;0.0000;630.0000;6721.0000
70.0000;124.0000;0.0000;622.0000;6729.0000
70.0000;125.0000;0.0000;623.0000;6736.0000
70.0000;126.0000;0.0000;631.0000;6743.0000
69.0000;127.0000;0.0000;624.0000;6750.0000
69.0000;129.0000;0.0000;627.0000;6757.0000
68.0000;130.0000;0.0000;629.0000;6764.0000
68.0000;132.0000;0.0000;625.0000;6771.0000
67.0000;133.0000;0.0000;629.0000;6778.0000
66.0000;134.0000;0.0000;630.0000;6785.0000
65.0000;135.0000;0.0000;627.0000;6792.0000
64.0000;137.0000;0.0000;631.0000;6799.0000
64.0000;138.0000;0.0000;630.0000;6806.0000
63.0000;139.0000;0.0000;627.0000;6813.0000
63.0000;140.0000;0.0000;634.0000;6820.0000
62.0000;141.0000;0.0000;627.0000;6827.0000
61.0000;142.0000;0.0000;629.0000;6834.0000
61.0000;142.0000;0.0000;635.0000;6841.0000
60.0000;143.0000;0.0000;627.0000;6848.0000
59.0000;144.0000;0.0000;634.0000;6855.0000
59.0000;145.0000;0.0000;629.0000;6862.0000
58.0000;146.0000;0.0000;627.0000;6869.0000
58.0000;146.0000;0.0000;633.0000;6876.0000
58.0000;147.0000;0.0000;631.0000;6883.0000
57.0000;148.0000;0.0000;631.0000;6890.0000
56.0000;149.0000;0.0000;635.0000;6897.0000
56.0000;150.0000;0.0000;627.0000;6904.0000
55.0000;150.0000;0.0000;629.0000;6911.0000
54.0000;151.0000;0.0000;636.0000;6919.0000
54.0000;152.0000;0.0000;629.0000;6926.0000
53.0000;152.0000;0.0000;635.0000;6933.0000
52.0000;153.0000;0.0000;637.0000;6940.0000
52.0000;154.0000;0.0000;629.0000;6947.0000
51.0000;154.0000;0.0000;635.0000;6954.0000
51.0000;155.0000;0.0000;635.0000;6961.0000
51.0000;156.0000;0.0000;629.0000;6968.0000
50.0000;156.0000;0.0000;638.0000;6975.0000
50.0000;157.0000;0.0000;632.0000;6982.0000
49.0000;157.0000;0.0000;632.0000;6989.0000
49.0000;158.0000;0.0000;636.0000;6996.0000
48.0000;158.0000;0.0000;631.0000;7003.0000
48.0000;159.0000;0.0000;632.0000;7010.0000
47.0000;159.0000;0.0000;636.0000;7017.0000
47.0000;160.0000;0.0000;629.0000;7024.0000
46.0000;161.0000;0.0000;634.0000;7031.0000
46.0000;161.0000;0.0000;635.0000;7038.0000
45.0000;162.0000;0.0000;630.0000;7045.0000
45.0000;162.0000;0.0000;636.0000;7052.0000
45.0000;163.0000;0.0000;631.0000;7059.0000
44.0000;164.0000;0.0000;632.0000;7066.0000
44.0000;165.0000;0.0000;638.0000;7073.0000
44.0000;165.0000;0.0000;632.0000;7080.0000
43.0000;166.0000;0.0000;636.0000;7087.0000
43.0000;167.0000;0.0000;638.0000;7094.0000
43.0000;168.0000;0.0000;632.0000;7102.0000
43.0000;168.0000;0.0000;635.0000;7109.0000
42.0000;169.0000;0.0000;636.0000;7116.0000
42.0000;170.0000;0.0000;632.0000;7123.0000
41.0000;170.0000;0.0000;636.0000;7130.0000
41.0000;171.0000;0.0000;632.0000;7137.0000
40.0000;172.0000;0.0000;632.0000;7144.0000
40.0000;172.0000;0.0000;637.0000;7151.0000
39.0000;173.0000;0.0000;632.0000;7158.0000
39.0000;174.0000;0.0000;635.0000;7165.0000
39.0000;175.0000;0.0000;638.0000;7172.0000
38.0000;176.0000;0.0000;632.0000;7179.0000
38.0000;176.0000;0.0000;638.0000;7186.0000
37.0000;177.0000;0.0000;636.0000;7193.0000
37.0000;178.0000;0.0000;632.0000;7200.0000
36.0000;179.0000;0.0000;639.0000;7207.0000
36.0000;180.0000;0.0000;635.0000;7214.0000
35.0000;181.0000;0.0000;633.0000;7221.0000
35.0000;182.0000;0.0000;639.0000;7228.0000
35.0000;183.0000;0.0000;634.0000;7235.0000
34.0000;185.0000;0.0000;635.0000;7242.0005
34.0000;186.0000;0.0000;638.0000;7249.0000
34.0000;187.0000;0.0000;632.0000;7256.0000
34.0000;188.0000;0.0000;637.0000;7263.0000
34.0000;190.0000;0.0000;640.0000;7270.0000
34.0000;191.0000;0.0000;635.0000;7277.0000
34.0000;192.0000;0.0000;638.0000;7285.0000
33.0000;193.0000;0.0000;633.0000;7292.0000
33.0000;194.0000;0.0000;632.0000;7299.0005
33.0000;195.0000;0.0000;641.0000;7306.0000
32.0000;196.0000;0.0000;632.0000;7313.0000
32.0000;198.0000;0.0000;636.0000;7320.0000
32.0000;199.0000;0.0000;639.0000;7327.0000
31.0000;200.0000;0.0000;631.0000;7334.0000
31.0000;201.0000;0.0000;636.0000;7341.0005
31.0000;202.0000;0.0000;637.0000;7348.0000
31.0000;204.0000;0.0000;634.0000;7355.0000
31.0000;205.0000;0.0000;636.0000;7362.0000
31.0000;206.0000;0.0000;636.0000;7369.0000
32.0000;208.0000;0.0000;630.0000;7376.0000
32.0000;209.0000;0.0000;638.0000;7383.0005
32.0000;210.0000;0.0000;633.0000;7390.0000
32.0000;212.0000;0.0000;632.0000;7397.0000
32.0000;213.0000;0.0000;635.0000;7404.0000
32.0000;214.0000;0.0000;632.0000;7411.0000
32.0000;215.0000;12.0000;633.0000;7418.0000
32.0000;216.0000;24.0000;636.0000;7425.0005
32.0000;218.0000;12.0000;629.0000;7432.0000
32.0000;219.0000;12.0000;627.0000;7439.0000
32.0000;220.0000;0.0000;627.0000;7446.0000
32.0000;221.0000;0.0000;622.0000;7453.0000
32.0000;222.0000;0.0000;628.0000;7460.0000
32.0000;223.0000;0.0000;622.0000;7467.0005
32.0000;225.0000;0.0000;620.0000;7475.0000
32.0000;226.0000;0.0000;629.0000;7482.0000
32.0000;227.0000;0.0000;621.0000;7489.0005
32.0000;228.0000;0.0000;625.0000;7496.0000
32.0000;230.0000;0.0000;627.0000;7503.0000
32.0000;231.0000;0.0000;621.0000;7510.0000
32.0000;232.0000;0.0000;627.0000;7517.0000
33.0000;234.0000;0.0000;622.0000;7524.0000
33.0000;235.0000;0.0000;618.0000;7531.0005
33.0000;237.0000;0.0000;623.0000;7538.0000
33.0000;238.0000;0.0000;621.0000;7545.0000
33.0000;240.0000;0.0000;624.0000;7552.0000
33.0000;241.0000;0.0000;629.0000;7559.0000
33.0000;243.0000;0.0000;619.0000;7566.0000
33.0000;245.0000;0.0000;625.0000;7573.0005
33.0000;246.0000;0.0000;627.0000;7580.0000
33.0000;248.0000;0.0000;621.0000;7587.0000
33.0000;250.0000;0.0000;627.0000;7594.0000
33.0000;251.0000;0.0000;627.0000;7601.0000
33.0000;253.0000;0.0000;623.0000;7608.0000
32.0000;254.0000;0.0000;627.0000;7615.0005
32.0000;256.0000;0.0000;624.0000;7622.0000
32.0000;257.0000;0.0000;620.0000;7629.0000
32.0000;259.0000;0.0000;628.0000;7636.0000
32.0000;260.0000;0.0000;623.0000;7643.0000
32.0000;262.0000;0.0000;623.0000;7650.0000
32.0000;264.0000;0.0000;627.0000;7658.0000
32.0000;265.0000;0.0000;623.0000;7665.0000
33.0000;267.0000;0.0000;629.0000;7672.0005
33.0000;268.0000;0.0000;627.0000;7679.0005
33.0000;270.0000;0.0000;622.0000;7686.0000
34.0000;271.0000;0.0000;629.0000;7693.0000
34.0000;272.0000;0.0000;627.0000;7700.0000
34.0000;274.0000;0.0000;623.0000;7707.0000
35.0000;275.0000;0.0000;629.0000;7714.0005
35.0000;277.0000;0.0000;622.0000;7721.0005
35.0000;278.0000;0.0000;625.0000;7728.0000
35.0000;279.0000;0.0000;627.0000;7735.0000
35.0000;281.0000;0.0000;621.0000;7742.0000
35.0000;282.0000;0.0000;627.0000;7749.0000
35.0000;283.0000;0.0000;630.0000;7756.0005
36.0000;285.0000;0.0000;622.0000;7763.0005
36.0000;286.0000;0.0000;627.0000;7770.0000
36.0000;288.0000;0.0000;627.0000;7777.0000
36.0000;289.0000;0.0000;624.0000;7784.0000
36.0000;290.0000;0.0000;629.0000;7791.0000
37.0000;292.0000;0.0000;627.0000;7798.0005
37.0000;293.0000;0.0000;627.0000;7805.0005
37.0000;295.0000;0.0000;631.0000;7812.0000
37.0000;296.0000;0.0000;624.0000;7819.0000
38.0000;297.0000;0.0000;627.0000;7826.0000
38.0000;299.0000;0.0000;632.0000;7833.0000
38.0000;300.0000;0.0000;625.0000;7841.0000
38.0000;301.0000;0.0000;629.0000;7848.0000
39.0000;302.0000;0.0000;631.0000;7855.0000
39.0000;303.0000;0.0000;627.0000;7862.0005
39.0000;304.0000;0.0000;634.0000;7869.0000
40.0000;305.0000;0.0000;627.0000;7876.0000
40.0000;307.0000;0.0000;627.0000;7883.0000
41.0000;308.0000;0.0000;635.0000;7890.0000
42.0000;309.0000;0.0000;624.0000;7897.0000
43.0000;310.0000;0.0000;628.0000;7904.0005
43.0000;312.0000;0.0000;632.0000;7911.0000
44.0000;313.0000;0.0000;627.0000;7918.0000
45.0000;314.0000;0.0000;628.0000;7925.0000
46.0000;315.0000;0.0000;628.0000;7932.0000
47.0000;316.0000;0.0000;624.0000;7939.0000
48.0000;317.0000;0.0000;629.0000;7946.0005
49.0000;318.0000;0.0000;625.0000;7953.0000
50.0000;319.0000;0.0000;623.0000;7960.0000
51.0000;319.0000;0.0000;629.0000;7967.0000
52.0000;320.0000;0.0000;624.0000;7974.0000
53.0000;321.0000;0.0000;627.0000;7981.0000
54.0000;322.0000;0.0000;629.0000;7988.0005
56.0000;323.0000;0.0000;624.0000;7995.0000
57.0000;323.0000;0.0000;629.0000;8002.0000
58.0000;324.0000;0.0000;629.0000;8009.0000
59.0000;325.0000;0.0000;624.0000;8016.0000
61.0000;326.0000;0.0000;620.0000;8023.0000
62.0000;326.0000;0.0000;627.0000;8031.0000
63.0000;327.0000;0.0000;627.0000;8038.0000
65.0000;328.0000;0.0000;632.0000;8045.0005
66.0000;329.0000;0.0000;625.0000;8052.0005
68.0000;330.0000;0.0000;627.0000;8059.0000
69.0000;331.0000;0.0000;629.0000;8066.0000
71.0000;332.0000;0.0000;627.0000;8073.0000
72.0000;333.0000;0.0000;627.0000;8080.0000
74.0000;333.0000;0.0000;627.0000;8087.0005
76.0000;334.0000;0.0000;623.0000;8094.0005
77.0000;335.0000;0.0000;627.0000;8101.0000
79.0000;336.0000;0.0000;627.0000;8108.0000
80.0000;337.0000;0.0000;621.0000;8115.0000
82.0000;338.0000;0.0000;629.0000;8122.0000
83.0000;338.0000;0.0000;621.0000;8129.0005
85.0000;339.0000;0.0000;621.0000;8136.0005
86.0000;340.0000;0.0000;627.0000;8143.0000
88.0000;341.0000;0.0000;620.0000;8150.0000
90.0000;343.0000;0.0000;623.0000;8157.0000
92.0000;344.0000;0.0000;623.0000;8164.0000
94.0000;345.0000;0.0000;618.0000;8171.0005
96.0000;346.0000;0.0000;625.0000;8178.0005
97.0000;347.0000;0.0000;623.0000;8185.0000
99.0000;348.0000;0.0000;621.0000;8192.0000
100.0000;349.0000;0.0000;623.0000;8199.0000
101.0000;350.0000;0.0000;621.0000;8206.0000
102.0000;350.0000;0.0000;623.0000;8214.0000
103.0000;351.0000;0.0000;627.0000;8221.0000
104.0000;352.0000;0.0000;619.0000;8228.0000
106.0000;353.0000;0.0000;621.0000;8235.0000
107.0000;354.0000;0.0000;627.0000;8242.0000
108.0000;355.0000;0.0000;618.0000;8249.0000
110.0000;356.0000;0.0000;625.0000;8256.0000
111.0000;357.0000;0.0000;623.0000;8263.0000
113.0000;358.0000;0.0000;620.0000;8270.0000
114.0000;358.0000;0.0000;624.0000;8277.0000
116.0000;359.0000;0.0000;621.0000;8284.0000
117.0000;360.0000;0.0000;623.0000;8291.0000
118.0000;361.0000;0.0000;627.0000;8298.0000
119.0000;362.0000;0.0000;620.0000;8305.0000
120.0000;362.0000;0.0000;622.0000;8312.0000
121.0000;363.0000;0.0000;625.0000;8319.0000
122.0000;364.0000;0.0000;621.0000;8326.0000
123.0000;365.0000;0.0000;625.0000;8333.0000
124.0000;366.0000;0.0000;625.0000;8340.0000
125.0000;367.0000;0.0000;622.0000;8347.0000
126.0000;367.0000;0.0000;627.0000;8354.0000
128.0000;368.0000;0.0000;623.0000;8361.0000
129.0000;369.0000;0.0000;623.0000;8368.0000
130.0000;370.0000;0.0000;627.0000;8375.0000
131.0000;371.0000;0.0000;621.0000;8382.0000
132.0000;372.0000;0.0000;625.0000;8389.0000
133.0000;373.0000;0.0000;627.0000;8397.0000
134.0000;374.0000;0.0000;622.0000;8404.0000
136.0000;374.0000;0.0000;627.0000;8411.0000
137.0000;375.0000;0.0000;624.0000;8418.0000
139.0000;376.0000;0.0000;622.0000;8425.0000
140.0000;377.0000;0.0000;627.0000;8432.0000
141.0000;377.0000;0.0000;622.0000;8439.0000
142.0000;378.0000;0.0000;624.0000;8446.0000
144.0000;379.0000;0.0000;629.0000;8453.0000
145.0000;379.0000;0.0000;623.0000;8460.0000
146.0000;380.0000;0.0000;624.0000;8467.0000
147.0000;380.0000;0.0000;629.0000;8474.0000
149.0000;381.0000;0.0000;623.0000;8481.0000
150.0000;381.0000;0.0000;627.0000;8488.0000
151.0000;382.0000;0.0000;627.0000;8495.0000
153.0000;382.0000;0.0000;623.0000;8502.0000
155.0000;383.0000;0.0000;628.0000;8509.0000
157.0000;383.0000;0.0000;627.0000;8516.0000
159.0000;384.0000;0.0000;625.0000;8523.0000
161.0000;384.0000;0.0000;630.0000;8530.0000
164.0000;384.0000;0.0000;623.0000;8537.0000
165.0000;385.0000;0.0000;627.0000;8544.0000
167.0000;385.0000;0.0000;630.0000;8551.0000
169.0000;385.0000;0.0000;623.0000;8558.0000
170.0000;386.0000;0.0000;629.0000;8565.0000
171.0000;386.0000;0.0000;629.0000;8572.0000
172.0000;386.0000;0.0000;624.0000;8579.0000
173.0000;386.0000;0.0000;628.0000;8587.0000
174.0000;386.0000;0.0000;628.0000;8594.0000
175.0000;386.0000;0.0000;624.0000;8601.0000
177.0000;386.0000;0.0000;630.0000;8608.0000
178.0000;386.0000;0.0000;625.0000;8615.0000
179.0000;386.0000;0.0000;627.0000;8622.0000
181.0000;386.0000;0.0000;629.0000;8629.0000
182.0000;386.0000;0.0000;623.0000;8636.0000
184.0000;386.0000;0.0000;627.0000;8643.0000
185.0000;386.0000;0.0000;630.0000;8650.0000
187.0000;386.0000;0.0000;623.0000;8657.0000
188.0000;386.0000;0.0000;628.0000;8664.0000
189.0000;386.0000;0.0000;629.0000;8671.0000
190.0000;386.0000;0.0000;625.0000;8678.0000
192.0000;386.0000;0.0000;630.0000;8685.0000
193.0000;386.0000;0.0000;624.0000;8692.0000
194.0000;386.0000;0.0000;627.0000;8699.0000
195.0000;385.0000;0.0000;632.0000;8706.0000
197.0000;385.0000;0.0000;627.0000;8713.0000
198.0000;385.0000;0.0000;625.0000;8720.0000
200.0000;385.0000;0.0000;629.0000;8727.0000
202.0000;384.0000;0.0000;623.0000;8734.0000
203.0000;384.0000;0.0000;632.0000;8741.0000
205.0000;384.0000;0.0000;628.0000;8748.0000
207.0000;384.0000;0.0000;623.0000;8755.0000
209.0000;383.0000;0.0000;632.0000;8762.0000
211.0000;383.0000;0.0000;623.0000;8770.0000
213.0000;383.0000;0.0000;627.0000;8777.0000
214.0000;383.0000;0.0000;630.0000;8784.0000
216.0000;382.0000;0.0000;624.0000;8791.0000
218.0000;382.0000;0.0000;627.0000;8798.0000
220.0000;382.0000;0.0000;629.0000;8805.0000
221.0000;382.0000;0.0000;625.0000;8812.0000
223.0000;382.0000;0.0000;628.0000;8819.0000
225.0000;381.0000;0.0000;628.0000;8826.0000
226.0000;381.0000;0.0000;625.0000;8833.0000
228.0000;381.0000;0.0000;629.0000;8840.0000
229.0000;381.0000;0.0000;627.0000;8847.0000
231.0000;380.0000;0.0000;622.0000;8854.0000
233.0000;380.0000;0.0000;630.0000;8861.0000
235.0000;380.0000;0.0000;625.0000;8868.0000
237.0000;380.0000;0.0000;627.0000;8875.0000
239.0000;380.0000;0.0000;629.0000;8882.0000
241.0000;380.0000;0.0000;622.0000;8889.0000
243.0000;380.0000;0.0000;628.0000;8896.0000
245.0000;380.0000;0.0000;629.0000;8903.0000
247.0000;380.0000;0.0000;624.0000;8910.0000
249.0000;379.0000;0.0000;629.0000;8917.0000
251.0000;379.0000;0.0000;627.0000;8924.0000
253.0000;379.0000;0.0000;623.0000;8931.0000
255.0000;379.0000;0.0000;629.0000;8938.0000
257.0000;379.0000;0.0000;624.0000;8945.0000
259.0000;379.0000;0.0000;625.0000;8953.0000
261.0000;379.0000;0.0000;629.0000;8960.0000
263.0000;379.0000;0.0000;622.0000;8967.0000
265.0000;379.0000;0.0000;627.0000;8974.0000
267.0000;379.0000;0.0000;629.0000;8981.0000
269.0000;379.0000;0.0000;623.0000;8988.0000
271.0000;379.0000;0.0000;627.0000;8995.0000
272.0000;378.0000;0.0000;627.0000;9002.0000
274.0000;378.0000;0.0000;623.0000;9009.0000
276.0000;378.0000;0.0000;629.0000;9016.0000
277.0000;377.0000;0.0000;623.0000;9023.0000
279.0000;377.0000;0.0000;624.0000;9030.0000
281.0000;376.0000;0.0000;629.0000;9037.0000
283.0000;376.0000;0.0000;621.0000;9044.0000
284.0000;375.0000;0.0000;627.0000;9051.0000
286.0000;375.0000;0.0000;628.0000;9058.0000
288.0000;374.0000;0.0000;621.0000;9065.0000
290.0000;374.0000;0.0000;627.0000;9072.0000
291.0000;373.0000;0.0000;627.0000;9079.0000
293.0000;373.0000;12.0000;623.0000;9086.0000
295.0000;372.0000;0.0000;628.0000;9093.0000
296.0000;372.0000;0.0000;623.0000;9100.0000
298.0000;371.0000;0.0000;622.0000;9107.0000
300.0000;371.0000;0.0000;627.0000;9114.0000
302.0000;370.0000;0.0000;622.0000;9121.0000
304.0000;370.0000;0.0000;627.0000;9128.0000
306.0000;369.0000;0.0000;628.0000;9135.0000
308.0000;368.0000;12.0000;621.0000;9143.0000
310.0000;368.0000;0.0000;627.0000;9150.0000
312.0000;367.0000;0.0000;627.0000;9157.0000
314.0000;366.0000;0.0000;622.0000;9164.0000
315.0000;364.0000;0.0000;627.0000;9171.0000
317.0000;363.0000;0.0000;622.0000;9178.0000
319.0000;362.0000;0.0000;623.0000;9185.0000
320.0000;361.0000;0.0000;629.0000;9192.0000
322.0000;359.0000;0.0000;622.0000;9199.0000
324.0000;358.0000;0.0000;624.0000;9206.0000
326.0000;357.0000;0.0000;627.0000;9213.0000
328.0000;355.0000;0.0000;622.0000;9220.0000
329.0000;354.0000;0.0000;627.0000;9227.0000
331.0000;352.0000;0.0000;625.0000;9234.0000
333.0000;351.0000;0.0000;621.0000;9241.0000
335.0000;349.0000;0.0000;627.0000;9248.0000
336.0000;348.0000;0.0000;623.0000;9255.0000
338.0000;346.0000;0.0000;623.0000;9262.0000
340.0000;345.0000;0.0000;627.0000;9269.0000
341.0000;343.0000;0.0000;621.0000;9276.0000
343.0000;342.0000;0.0000;624.0000;9283.0000
344.0000;340.0000;0.0000;629.0000;9290.0000
346.0000;339.0000;0.0000;623.0000;9297.0000
347.0000;337.0000;0.0000;627.0000;9304.0000
349.0000;335.0000;0.0000;627.0000;9311.0000
351.0000;334.0000;0.0000;621.0000;9318.0000
352.0000;332.0000;0.0000;629.0000;9326.0000
354.0000;330.0000;0.0000;625.0000;9333.0000
355.0000;328.0000;0.0000;622.0000;9340.0000
356.0000;326.0000;0.0000;631.0000;9347.0000
358.0000;324.0000;0.0000;622.0000;9354.0000
359.0000;323.0000;0.0000;623.0000;9361.0000
360.0000;321.0000;0.0000;629.0000;9368.0000
362.0000;319.0000;0.0000;621.0000;9375.0000
363.0000;316.0000;0.0000;628.0000;9382.0000
365.0000;314.0000;0.0000;627.0000;9389.0000
367.0000;312.0000;0.0000;624.0000;9396.0000
368.0000;310.0000;0.0000;629.0000;9403.0000
370.0000;307.0000;0.0000;622.0000;9410.0000
371.0000;305.0000;0.0000;622.0000;9417.0000
372.0000;303.0000;0.0000;628.0000;9424.0000
374.0000;301.0000;0.0000;622.0000;9431.0000
375.0000;299.0000;0.0000;623.0000;9438.0000
376.0000;296.0000;0.0000;629.0000;9445.0000
377.0000;294.0000;0.0000;621.0000;9452.0000
379.0000;292.0000;0.0000;627.0000;9459.0000
380.0000;290.0000;0.0000;627.0000;9466.0000
381.0000;287.0000;0.0000;620.0000;9473.0000
382.0000;285.0000;0.0000;627.0000;9480.0000
383.0000;282.0000;0.0000;627.0000;9487.0000
385.0000;280.0000;0.0000;622.0000;9494.0000
386.0000;277.0000;0.0000;627.0000;9501.0000
387.0000;275.0000;0.0000;622.0000;9509.0000
388.0000;273.0000;0.0000;623.0000;9516.0000
389.0000;270.0000;0.0000;629.0000;9523.0000
390.0000;268.0000;0.0000;621.0000;9530.0000
391.0000;265.0000;0.0000;624.0000;9537.0000
391.0000;262.0000;0.0000;628.0000;9544.0000
392.0000;260.0000;0.0000;620.0000;9551.0000
393.0000;257.0000;0.0000;625.0000;9558.0000
393.0000;254.0000;0.0000;627.0000;9565.0000
394.0000;251.0000;0.0000;620.0000;9572.0000
395.0000;249.0000;0.0000;628.0000;9579.0000
396.0000;246.0000;0.0000;621.0000;9586.0000
397.0000;244.0000;0.0000;623.0000;9593.0000
398.0000;241.0000;0.0000;628.0000;9600.0000
398.0000;239.0000;0.0000;621.0000;9607.0000
399.0000;236.0000;0.0000;624.0000;9614.0000
400.0000;233.0000;0.0000;628.0000;9621.0000
401.0000;230.0000;12.0000;621.0000;9628.0000
402.0000;228.0000;12.0000;627.0000;9635.0000
403.0000;225.0000;12.0000;627.0000;9642.0000
404.0000;223.0000;12.0000;622.0000;9649.0000
404.0000;220.0000;0.0000;628.0000;9656.0000
405.0000;217.0000;0.0000;623.0000;9663.0000
406.0000;214.0000;0.0000;623.0000;9670.0000
406.0000;211.0000;0.0000;612.0000;9677.0000
407.0000;209.0000;0.0000;634.0000;9684.0000
407.0000;207.0000;0.0000;635.0000;9692.0000
408.0000;205.0000;0.0000;641.0000;9699.0000
409.0000;203.0000;0.0000;638.0000;9706.0000
409.0000;201.0000;0.0000;641.0000;9713.0000
410.0000;199.0000;0.0000;638.0000;9720.0000
410.0000;198.0000;0.0000;635.0000;9727.0000
410.0000;196.0000;0.0000;630.0000;9734.0000
410.0000;194.0000;0.0000;575.0000;9741.0000
410.0000;189.0000;12.0000;363.0000;9748.0000
