200.1551;202.8450;0.0000;17.8994;0.0000
200.1551;202.8450;0.0000;53.2253;7.0000
200.1551;202.8450;0.0000;64.2950;14.0000
200.1551;202.8450;0.0000;78.1555;21.0000
200.1551;202.8450;0.0000;104.7370;28.0000
200.1551;202.8450;0.0000;125.1634;35.0000
200.1551;202.8450;0.0000;138.1092;42.0000
200.1551;202.8450;0.0000;151.8146;49.0000
200.1551;202.8450;0.0000;158.2255;56.0000
200.3101;202.8450;0.0000;166.1713;63.0000
200.3101;202.8450;0.0000;177.7217;70.8450
200.3101;202.8450;0.0000;182.3574;77.8450
200.4651;202.8450;0.0000;192.7528;84.8450
200.4651;202.8450;0.0000;197.9931;91.8450
200.6202;202.6899;0.0000;199.4738;98.8450
200.6202;202.6899;0.0000;205.5590;105.8450
200.7752;202.6899;0.0000;209.4893;112.8450
200.7752;202.5349;0.0000;211.5048;119.8450
200.7752;202.5349;0.0000;217.5048;126.8450
200.9303;202.5349;0.0000;216.3653;133.8450
200.9303;202.5349;0.0000;219.6056;141.0000
201.0853;202.3798;0.0000;221.9157;148.0000
201.0853;202.3798;0.0000;219.9312;155.0000
201.2403;202.2248;0.0000;223.2413;162.0000
201.2403;202.2248;0.0000;225.2413;169.0000
201.2403;202.2248;0.0000;222.6367;176.0000
201.3954;202.0698;0.0000;227.1716;183.0000
201.3954;201.9147;0.0000;227.3266;190.0000
201.3954;201.9147;0.0000;226.4119;197.0000
201.3954;201.7597;0.0000;228.1018;204.0000
201.3954;201.7597;0.0000;226.8770;211.0000
201.3954;201.6046;0.0000;226.9623;218.0000
201.3954;201.6046;0.0000;232.0320;225.0000
201.3954;201.6046;0.0000;227.7375;232.0000
201.3954;201.4496;0.0000;230.8925;239.0000
201.3954;201.4496;0.0000;230.5824;246.0000
201.3954;201.4496;0.0000;228.8228;253.0000
201.3954;201.2946;0.0000;231.6677;260.8450
201.3954;201.2946;0.0000;230.5127;267.8450
201.3954;201.1395;0.0000;229.1328;274.8450
201.3954;201.1395;0.0000;231.8228;281.8450
201.3954;201.1395;0.0000;229.7530;288.8450
201.3954;200.9845;0.0000;231.3732;295.8450
201.3954;200.9845;0.0000;235.4429;302.8450
201.2403;200.9845;0.0000;231.8383;309.8450
201.2403;200.8294;0.0000;233.1484;316.8450
201.2403;200.8294;0.0000;234.6833;324.0000
201.2403;200.8294;0.0000;232.9236;331.0000
201.2403;200.8294;0.0000;234.6135;338.0000
201.2403;200.6744;0.0000;236.9933;345.0000
201.2403;200.6744;0.0000;235.0786;352.0000
201.0853;200.6744;0.0000;238.4585;359.0000
201.0853;200.5193;0.0000;236.0786;366.0000
201.0853;200.5193;0.0000;235.5437;373.0000
201.0853;200.5193;0.0000;238.9236;380.0000
200.9303;200.5193;0.0000;236.0089;387.0000
200.9303;200.3643;0.0000;236.4740;394.0000
200.9303;200.3643;0.0000;239.3887;401.0000
200.7752;200.3643;0.0000;235.4042;408.0000
200.7752;200.3643;0.0000;239.8538;415.0000
200.7752;200.3643;0.0000;240.3189;422.0000
200.7752;200.2093;0.0000;237.0941;429.0000
200.6202;200.2093;0.0000;240.4740;436.0000
200.6202;200.2093;0.0000;237.9391;443.8450
200.6202;200.2093;0.0000;236.5593;450.8450
200.6202;200.2093;0.0000;238.2492;457.8450
200.6202;200.2093;0.0000;235.1794;464.8450
200.4651;200.0542;0.0000;236.3345;471.8450
200.4651;200.0542;0.0000;237.5593;478.8450
200.3101;200.0542;0.0000;234.9547;485.8450
200.3101;200.0542;0.0000;238.1794;492.8450
200.1551;200.0542;0.0000;238.8694;499.8450
200.1551;200.0542;0.0000;235.9546;506.8450
200.1551;200.0542;0.0000;238.7996;514.0000
200.0000;200.0542;0.0000;238.7996;521.0000
200.0000;199.8992;0.0000;236.8849;528.0000
199.8450;199.8992;0.0000;240.1097;535.0000
199.8450;199.0542;0.0000;238.0399;542.0000
199.8450;199.0542;0.0000;239.3500;549.0000
199.6899;199.0542;0.0000;242.4198;556.0000
199.6899;199.0542;0.0000;237.8151;563.0000
199.6899;198.8992;0.0000;240.5051;570.0000
199.5349;198.8992;0.0000;242.7298;577.0000
199.5349;198.8992;0.0000;238.1252;584.0000
199.3799;198.8992;0.0000;239.9702;591.0000
199.3799;198.8992;0.0000;240.6601;598.0000
199.2248;198.8992;0.0000;239.4353;605.0000
199.2248;198.8992;0.0000;241.6601;612.0000
199.0698;198.8992;0.0000;239.4353;619.0000
199.0698;198.8992;0.0000;241.9004;626.8450
199.0698;199.7441;0.0000;246.5051;633.8450
198.9147;199.7441;0.0000;246.5051;640.8450
198.9147;199.7441;0.0000;252.1949;647.8450
198.9147;199.7441;0.0000;255.1097;654.8450
198.7597;199.7441;0.0000;252.1949;661.8450
198.7597;199.7441;0.0000;255.1097;668.8450
198.7597;199.7441;0.0000;256.2647;675.8450
198.6046;199.7441;0.0000;256.7299;682.8450
198.6046;199.7441;0.0000;261.0244;689.8450
198.4496;199.7441;0.0000;259.6446;697.0001
198.4496;199.7441;0.0000;261.1097;704.0000
198.4496;199.7441;0.0000;264.8694;711.0000
198.2946;199.7441;0.0000;262.6446;718.0001
198.2946;199.7441;0.0000;263.4895;725.0000
198.1395;199.8992;0.0000;266.5593;732.0000
198.1395;199.8992;0.0000;264.4895;739.0000
198.1395;199.8992;0.0000;268.0244;746.0001
197.9845;199.8992;0.0000;267.7143;753.0000
197.9845;199.8992;0.0000;264.4895;760.0000
197.8294;199.0542;0.0000;269.7143;767.0001
198.6744;199.0542;0.0000;269.0244;774.0000
198.6744;199.0542;0.0000;267.7996;781.0000
198.5194;199.0542;0.0000;269.8694;788.0001
198.5194;199.0542;0.0000;267.4895;795.0000
198.5194;199.0542;0.0000;269.1097;802.0000
197.6744;199.0542;0.0000;265.1097;809.0000
197.6744;199.0542;0.0000;252.3655;816.8450
197.5194;199.0542;0.0000;244.9159;823.8450
197.5194;199.0542;0.0000;228.5516;830.8450
197.3643;199.0542;0.0000;205.2029;837.8450
197.3643;199.2093;0.0000;164.6448;844.8450
196.5193;198.3643;0.0000;128.8464;1135.7513
196.5193;198.3643;0.0000;131.7767;1142.7513
196.5193;198.3643;0.0000;138.9859;1149.7513
196.3643;198.3643;0.0000;145.0557;1156.7513
196.3643;198.5194;0.0000;145.6759;1163.9064
196.2093;198.5194;0.0000;145.2107;1170.9065
196.2093;198.6744;0.0000;160.8851;1177.9064
196.2093;198.6744;0.0000;177.7843;1184.9064
196.0542;198.6744;0.0000;193.2184;1191.9065
196.0542;198.8294;0.0000;210.8928;1198.9064
196.7442;198.8294;0.0000;215.8075;1206.7513
196.7442;198.8294;0.0000;220.8772;1213.7513
196.7442;198.8294;0.0000;223.0323;1220.7513
196.7442;198.9845;0.0000;222.5672;1227.7513
196.5891;198.9845;0.0000;227.7920;1234.7513
196.5891;198.9845;0.0000;228.9470;1241.7513
196.4341;198.9845;0.0000;230.1718;1248.7513
196.4341;199.1395;0.0000;237.3966;1255.7513
196.4341;199.1395;0.0000;236.5516;1262.7513
196.4341;199.1395;0.0000;241.3113;1269.7513
196.2790;199.1395;0.0000;245.8462;1276.7513
196.2790;199.2946;0.0000;244.1563;1283.7513
196.1240;199.2946;0.0000;250.6059;1290.7513
196.1240;199.2946;0.0000;253.4508;1297.7513
196.1240;199.4496;0.0000;252.1407;1304.7513
196.1240;199.4496;0.0000;255.8307;1311.7512
195.9690;199.4496;0.0000;256.6756;1318.7513
195.9690;199.6046;0.0000;254.8307;1325.7513
195.9690;200.4496;0.0000;259.2105;1332.7515
195.8139;200.4496;0.0000;256.2958;1339.7513
195.8139;200.6046;0.0000;256.5206;1346.7513
195.8139;200.6046;0.0000;259.6756;1353.9065
195.8139;200.6046;0.0000;256.2958;1360.9064
196.5038;200.7597;0.0000;259.3655;1367.9064
196.5038;200.7597;0.0000;262.2105;1374.9065
196.5038;200.7597;0.0000;257.1407;1381.9064
196.3488;200.9147;0.0000;262.2105;1389.7513
196.3488;200.9147;0.0000;262.5206;1396.7513
196.3488;200.9147;0.0000;262.2105;1403.7513
196.1938;201.0698;0.0000;267.5903;1410.7513
196.1938;201.0698;0.0000;265.0555;1417.7513
196.1938;201.2248;0.0000;266.9702;1424.7513
196.0387;201.2248;0.0000;273.5051;1431.7513
196.0387;201.2248;0.0000;269.9702;1438.7513
196.0387;201.3798;0.0000;271.5050;1445.7513
196.8837;201.3798;0.0000;273.3500;1452.7513
196.7286;201.5349;0.0000;268.1252;1459.7513
196.7286;201.6899;0.0000;272.3500;1466.7513
196.7286;201.6899;0.0000;273.6601;1473.7513
197.4185;201.8450;0.0000;273.1950;1480.7513
197.4185;202.0000;0.0000;277.5748;1487.7513
197.4185;201.1550;0.0000;281.1097;1494.7512
197.4185;201.3101;0.0000;284.1794;1501.7513
197.2635;200.4651;0.0000;287.8694;1508.7513
197.2635;200.6202;0.0000;286.8694;1515.7515
198.1085;199.9302;0.0000;289.7841;1522.7513
198.1085;199.9302;0.0000;292.7841;1529.7513
198.1085;199.2403;0.0000;290.0941;1536.9065
198.1085;199.2403;0.0000;295.3190;1543.9064
197.9534;199.3954;1.8605;296.3190;1550.9064
197.9534;198.5504;0.0000;293.4740;1557.9065
197.9534;198.7055;0.0000;297.8538;1564.9064
198.7984;198.7055;0.0000;295.9391;1572.7513
198.7984;197.8605;0.0000;295.1639;1579.7515
198.7984;198.0155;0.0000;298.0089;1586.7513
198.7984;197.3256;1.8605;296.1639;1593.7513
198.7984;196.4807;0.0000;295.6988;1600.7513
199.4883;196.6357;0.0000;298.3189;1607.7513
199.4883;195.9458;0.0000;295.4740;1614.7513
199.4883;196.1008;1.8605;297.8538;1621.7513
199.4883;195.2559;0.0000;298.1639;1628.7513
199.4883;195.4109;0.0000;296.3190;1635.7513
199.4883;195.4109;0.0000;298.6988;1642.7513
199.4883;194.7210;0.0000;298.3189;1649.7513
199.4883;194.7210;0.0000;297.0089;1656.7513
199.4883;194.8760;1.8605;300.6988;1663.7513
199.4883;194.8760;0.0000;298.4740;1670.7513
198.6433;194.1861;0.0000;298.8538;1677.7515
198.6433;194.1861;0.0000;303.3887;1684.7513
197.9534;193.4962;0.0000;298.4740;1691.7513
197.1085;193.4962;1.8605;303.5438;1698.7515
196.2635;192.8063;0.0000;305.6988;1705.7513
195.4185;192.9613;1.8605;306.1639;1712.7513
194.5736;192.1163;0.0000;311.5282;1719.9065
193.7286;191.4264;0.0000;323.0631;1726.9064
192.8837;190.7365;0.0000;334.1173;1733.9064
192.0387;190.7365;0.0000;347.9467;1740.9065
192.0387;190.0466;0.0000;352.4816;1747.9064
191.1938;190.0466;0.0000;357.0863;1754.9064
191.1938;190.2016;0.0000;361.9312;1762.7515
190.3488;190.2016;0.0000;356.8615;1769.7513
190.5038;190.3567;0.0000;360.2413;1776.7513
190.5038;190.3567;0.0000;362.3964;1783.7513
190.5038;190.5117;0.0000;357.8615;1790.7513
190.5038;190.6667;0.0000;362.3964;1797.7513
190.5038;190.6667;0.0000;361.1716;1804.7513
189.8139;190.6667;0.0000;360.5514;1811.7513
189.8139;190.8218;0.0000;364.3964;1818.7513
189.8139;190.8218;0.0000;361.1716;1825.7513
188.9689;190.8218;0.0000;363.3964;1832.7513
188.2790;190.9768;0.0000;367.3964;1839.7513
188.2790;190.9768;0.0000;364.5514;1846.7513
187.4341;191.1319;0.0000;367.2413;1853.7513
186.5891;191.1319;1.8605;371.0863;1860.7515
185.7442;191.2869;0.0000;368.7762;1867.7513
185.7442;191.4420;0.0000;373.4661;1874.7513
185.0542;191.4420;0.0000;377.1560;1881.7515
184.2093;191.4420;0.0000;376.8459;1888.7513
183.3643;190.7520;0.0000;381.5359;1895.7513
182.6744;190.7520;1.8605;381.8459;1902.9065
180.9845;190.7520;0.0000;384.9157;1909.9064
180.1395;190.9071;0.0000;392.1405;1916.9064
179.2946;190.9071;0.0000;392.2955;1923.9065
178.4496;191.0621;0.0000;399.5901;1930.9064
178.6046;191.0621;0.0000;406.9699;1937.9064
177.7597;191.2172;0.0000;406.5048;1945.7515
176.9147;191.2172;0.0000;410.7296;1952.7513
177.0698;192.2171;0.0000;413.0397;1959.7513
176.2248;192.2171;0.0000;410.1947;1966.7515
175.5349;193.0621;0.0000;415.4195;1973.7513
175.5349;193.2172;0.0000;413.5048;1980.7513
174.8450;194.0621;0.0000;413.5048;1987.7515
174.0000;194.2172;0.0000;418.0397;1994.7513
173.1551;195.0621;0.0000;415.8149;2001.7513
172.4651;195.2172;0.0000;416.3497;2008.7513
171.6202;196.0621;0.0000;419.5048;2015.7513
171.6202;196.2171;0.0000;416.9699;2022.7513
170.9303;197.0621;0.0000;419.5048;2029.7513
170.0853;197.0621;0.0000;419.1250;2036.7513
170.2403;198.0621;0.0000;416.8149;2043.7515
170.2403;198.0621;0.0000;419.8149;2050.7515
169.3954;199.0621;0.0000;418.4351;2057.7515
169.5504;199.0621;0.0000;417.2800;2064.7515
169.5504;200.0621;0.0000;422.8149;2071.7515
168.7054;200.9071;0.0000;417.7451;2078.7512
168.8605;201.0621;0.0000;419.2800;2085.7515
169.0155;201.9071;0.0000;422.2800;2092.9065
169.0155;202.9071;0.0000;417.9001;2099.9062
168.3256;202.9071;0.0000;421.1250;2106.9065
168.3256;203.7520;0.0000;421.5901;2113.9065
168.4807;203.7520;0.0000;418.7451;2120.9062
168.4807;204.7520;0.0000;421.7451;2128.7515
168.4807;205.5970;0.0000;421.2103;2135.7515
168.4807;205.5970;0.0000;419.9002;2142.7512
168.6357;206.5970;0.0000;423.7451;2149.7515
168.6357;207.4420;0.0000;419.8304;2156.7515
168.7907;208.4420;0.0000;420.2103;2163.7512
167.9458;209.2869;0.0000;422.8149;2170.7515
168.1008;209.2869;0.0000;419.1405;2177.7515
168.1008;210.1319;0.0000;423.2103;2184.7512
168.2559;210.9768;0.0000;423.8304;2191.7515
168.2559;211.1319;0.0000;419.9855;2198.7515
168.4109;211.9768;0.0000;423.3653;2205.7515
168.4109;212.8218;0.0000;422.4506;2212.7515
168.5659;212.8218;0.0000;421.2955;2219.7515
167.7210;213.6667;0.0000;424.9855;2226.7515
167.8760;214.5117;0.0000;422.0707;2233.7515
167.8760;215.3567;0.0000;423.1405;2240.7515
167.1861;216.3567;0.0000;426.1405;2247.7515
167.1861;217.2016;0.0000;422.7607;2254.7515
167.3411;218.0466;0.0000;425.1405;2261.7515
167.3411;218.8916;0.0000;427.2955;2268.7515
167.4962;219.7365;0.0000;422.9157;2275.9065
167.4962;219.7365;0.0000;425.4506;2282.9062
167.6512;220.5815;0.0000;425.9157;2289.9065
167.6512;221.4264;0.0000;423.9157;2296.9065
167.8063;222.2714;0.0000;428.1405;2303.9062
167.9613;222.2714;0.0000;426.2258;2310.9065
167.9613;223.1163;10.1395;426.2258;2318.7515
168.1163;223.9613;0.0000;432.1405;2325.7512
168.2714;223.9613;0.0000;423.6909;2332.7515
168.4264;224.8063;0.0000;426.2258;2339.7515
169.2714;225.6512;0.0000;429.0707;2346.7512
169.4264;225.6512;0.0000;425.6909;2353.7515
169.4264;226.6512;0.0000;429.6056;2360.7515
170.4264;227.4962;0.0000;430.2258;2367.7512
170.4264;228.3412;0.0000;427.3808;2374.7512
171.4264;229.1861;0.0000;432.6057;2381.7515
172.4264;230.0311;0.0000;429.5359;2388.7515
172.4264;230.8760;0.0000;429.2258;2395.7512
173.4264;231.7210;0.0000;435.4506;2402.7515
174.4264;231.7210;0.0000;432.0707;2409.7515
174.5815;232.5659;0.0000;432.9157;2416.7512
175.4264;233.4109;0.0000;436.6056;2423.7515
175.5815;234.2559;0.0000;433.9157;2430.7515
176.5815;235.1008;0.0000;438.8304;2437.7512
177.5815;235.9458;0.0000;441.1405;2444.7515
177.5815;236.7907;0.0000;438.2955;2451.7515
178.5815;237.6357;0.0000;443.3653;2458.9065
179.4264;238.4807;0.0000;442.9855;2465.9062
179.5815;238.4807;0.0000;442.3653;2472.9065
180.4264;239.3256;0.0000;448.0552;2479.9065
181.4264;240.1706;0.0000;443.8304;2486.9062
181.5815;240.1706;0.0000;445.2102;2493.9065
182.5815;241.0155;0.0000;449.0552;2501.7515
182.7365;240.8605;0.0000;443.9855;2508.7512
183.5815;241.7055;0.0000;448.2103;2515.7515
183.7365;242.5504;0.0000;448.2103;2522.7515
184.5815;242.5504;0.0000;445.6754;2529.7512
184.7365;243.3954;0.0000;449.2103;2536.7515
185.7365;243.3954;0.0000;447.9855;2543.7515
185.8915;244.0853;0.0000;446.6754;2550.7512
186.7365;244.9303;0.0000;450.5204;2557.7515
187.7365;244.9303;0.0000;446.2955;2564.7515
187.7365;245.7752;0.0000;447.3653;2571.7512
188.7365;245.7752;0.0000;451.6754;2578.7515
188.7365;246.6202;0.0000;446.1405;2585.7515
189.7365;246.4651;0.0000;450.5204;2592.7512
189.8915;247.3101;0.0000;450.8304;2599.7515
190.8916;247.3101;0.0000;447.8304;2606.7515
190.8916;248.1550;0.0000;450.3653;2613.7512
191.8916;248.0000;0.0000;449.4506;2620.7515
192.7365;248.0000;0.0000;448.1405;2627.7515
192.8915;248.8450;0.0000;451.9855;2634.7512
193.8915;248.8450;0.0000;447.5203;2641.7515
194.0466;249.5349;0.0000;450.4506;2648.9065
194.8916;249.5349;0.0000;454.1405;2655.9062
195.0466;249.5349;0.0000;448.7607;2662.9065
195.8916;250.2248;0.0000;450.8304;2669.9065
196.0466;250.2248;0.0000;453.4506;2676.9062
197.0466;251.0698;0.0000;448.2258;2684.7515
197.8916;250.9147;0.0000;451.7607;2691.7515
198.0466;251.7597;0.0000;451.9157;2698.7512
198.8916;251.7597;0.0000;450.0707;2705.7515
199.8916;252.4496;0.0000;453.9157;2712.7515
200.8915;252.2946;0.0000;450.3808;2719.7512
201.0466;252.2946;0.0000;451.7607;2726.7515
201.8916;253.1395;0.0000;454.7607;2733.7515
202.8916;252.9845;0.0000;450.3808;2740.7512
202.8916;252.9845;0.0000;451.7607;2747.7515
203.8915;252.8294;0.0000;454.7607;2754.7515
204.8915;253.6744;0.0000;450.3808;2761.7512
204.8915;253.5193;0.0000;454.7607;2768.7515
205.7365;253.5193;0.0000;455.0707;2775.7515
206.7365;253.5193;0.0000;452.2258;2782.7512
206.8916;253.3643;0.0000;455.6056;2789.7515
207.7365;254.2093;0.0000;452.6909;2796.7515
208.7365;254.2093;0.0000;453.3808;2803.7515
209.5815;254.0542;0.0000;457.2258;2810.7515
210.5815;253.8992;0.0000;453.3111;2817.7515
211.4264;253.8992;0.0000;455.5359;2824.7515
212.4264;253.8992;0.0000;456.6909;2831.9062
213.2714;253.7441;0.0000;453.3111;2838.9065
214.2714;253.7441;0.0000;456.0010;2845.9065
215.1163;253.5891;0.0000;457.1560;2852.9062
216.1163;253.5891;0.0000;454.4661;2859.9065
216.1163;253.4341;0.0000;459.1560;2866.9065
217.1163;252.5891;0.0000;456.9312;2874.7515
218.1163;252.4341;0.0000;454.9312;2881.7515
218.9613;252.4341;0.0000;460.4661;2888.7515
219.8063;252.2790;0.0000;457.2413;2895.7512
220.8063;252.2790;0.0000;458.7762;2902.7515
221.6512;252.1240;0.0000;462.7762;2909.7515
222.6512;252.1240;0.0000;458.5514;2916.7512
223.4962;251.9689;0.0000;463.0862;2923.7515
225.3411;251.9689;1.8605;463.2413;2930.7515
226.1861;251.8139;0.0000;461.2413;2937.7512
227.1861;251.8139;1.8605;466.0863;2944.7515
228.0311;251.8139;0.0000;463.8615;2951.7515
229.0311;251.6589;0.0000;462.0863;2958.7512
229.0311;250.6589;0.0000;467.0863;2965.7515
230.0311;250.6589;0.0000;463.3266;2972.7515
231.0311;250.5038;0.0000;463.2413;2979.7512
231.8760;250.5038;0.0000;468.3964;2986.7515
232.0311;250.3488;0.0000;463.3266;2993.7515
232.8760;249.3488;1.8605;468.2413;3000.7512
233.8760;249.1937;0.0000;468.8615;3007.7515
234.0311;249.1937;1.8605;466.0165;3014.9065
234.8760;248.1937;0.0000;469.1715;3021.9062
235.7210;248.0387;0.0000;468.6367;3028.9065
236.7210;248.0387;0.0000;467.0165;3035.9065
236.8760;247.0387;0.0000;470.5514;3042.9062
237.7210;246.8837;1.8605;466.6367;3049.9065
238.7210;245.8837;0.0000;467.0863;3057.7515
238.7210;245.8837;0.0000;474.4817;3064.7512
239.5659;244.8837;0.0000;467.5514;3071.7515
240.4109;244.8837;0.0000;472.5514;3078.7515
241.4109;243.8837;0.0000;475.5514;3085.7512
241.5659;243.7286;0.0000;471.0165;3092.7515
242.4109;242.7286;0.0000;474.7064;3099.7515
243.4109;242.5736;0.0000;476.1716;3106.7512
244.2559;241.5736;0.0000;473.0165;3113.7515
244.2559;241.5736;0.0000;477.8615;3120.7515
245.1008;240.5736;0.0000;474.4817;3127.7512
245.9458;239.5736;0.0000;477.5514;3134.7515
246.9458;239.4185;0.0000;482.2413;3141.7515
246.9458;238.4185;0.0000;478.8615;3148.7515
247.9458;238.4185;0.0000;482.9312;3155.7515
248.7907;237.4185;0.0000;484.9312;3162.7515
249.6357;237.2635;0.0000;479.5514;3169.7515
250.4807;236.4185;0.0000;485.4661;3176.7515
250.6357;236.2635;0.0000;485.2413;3183.7515
251.4807;235.2635;0.0000;483.9312;3190.7515
252.4807;234.2635;0.0000;489.1560;3197.7515
253.3256;233.2635;0.0000;485.9312;3204.9065
253.3256;232.2635;0.0000;488.3111;3211.9065
254.1706;232.1085;0.0000;492.6909;3218.9062
254.1706;231.2635;0.0000;488.7762;3225.9065
255.0155;230.2635;0.0000;491.3110;3232.9065
255.8605;229.2635;0.0000;493.8459;3240.7515
256.0155;228.2635;0.0000;488.6212;3247.7515
256.8605;228.1085;0.0000;491.6909;3254.7515
257.8605;227.1085;0.0000;493.4661;3261.7515
258.7054;226.1085;0.0000;488.6212;3268.7515
259.5504;225.1085;0.0000;494.0010;3275.7515
260.3954;224.2635;0.0000;491.3110;3282.7512
260.3954;224.1085;0.0000;491.3110;3289.7515
261.2403;223.1085;10.1395;497.6909;3296.7515
262.0853;222.1085;0.0000;491.4661;3303.7512
262.0853;221.1085;10.1395;493.3111;3310.7515
262.9303;220.1085;10.1395;496.4661;3317.7515
262.9303;218.2635;0.0000;491.9312;3324.7512
263.7752;217.2635;10.1395;495.3111;3331.7515
263.7752;216.2635;0.0000;495.6212;3338.7515
264.6202;215.4185;0.0000;491.7762;3345.7512
264.6202;214.4185;10.1395;495.4661;3352.7515
264.6202;213.4185;10.1395;495.2413;3359.7515
264.6202;212.4185;0.0000;491.9312;3366.7512
265.4651;211.5736;0.0000;498.3111;3373.7515
265.4651;210.5736;0.0000;492.7064;3380.7515
265.4651;210.5736;0.0000;486.3266;3387.9062
266.3101;209.5736;0.0000;503.8459;3394.9065
266.3101;208.5736;0.0000;498.6212;3401.9065
266.3101;207.5736;0.0000;502.3808;3408.9062
267.1551;206.7286;0.0000;503.3111;3415.9065
267.1551;205.7286;0.0000;499.3111;3423.7515
267.1551;203.8837;0.0000;503.6909;3430.7512
267.1551;203.0387;0.0000;502.1560;3437.7515
267.1551;202.0387;0.0000;501.1560;3444.7515
267.1551;201.1937;0.0000;504.8459;3451.7512
268.0000;200.1938;0.0000;501.6212;3458.7515
267.8450;199.3488;0.0000;502.3110;3465.7515
267.8450;198.3488;0.0000;505.1560;3472.7512
267.8450;197.3488;0.0000;500.7762;3479.7515
267.8450;196.5038;0.0000;503.4661;3486.7515
267.8450;195.5038;0.0000;505.6212;3493.7515
267.8450;194.5038;0.0000;500.7762;3500.7515
267.0000;194.5038;0.0000;504.1560;3507.7515
267.0000;193.5038;0.0000;504.7762;3514.7515
266.8450;192.5038;0.0000;501.7762;3521.7515
266.8450;191.6589;1.8605;504.4661;3528.7515
266.8450;190.8139;0.0000;502.5514;3535.7515
266.8450;188.9689;1.8605;502.7762;3542.7515
266.0000;188.1240;0.0000;505.3808;3549.7515
266.0000;187.1240;0.0000;502.5514;3556.7515
266.0000;186.2790;0.0000;503.9312;3563.7515
265.0000;185.4341;0.0000;506.9312;3570.9065
265.0000;184.4341;0.0000;502.1716;3577.9065
265.0000;183.5891;0.0000;505.9312;3584.9062
264.8450;182.5891;0.0000;505.5514;3591.9065
264.8450;181.7442;0.0000;502.5514;3598.9065
264.8450;180.7441;0.0000;507.6212;3605.9062
264.6899;179.8992;0.0000;504.8615;3613.7515
264.6899;178.8992;0.0000;504.5514;3620.7515
264.6899;178.0542;0.0000;507.2413;3627.7515
264.6899;177.2093;0.0000;504.0165;3634.7515
264.6899;176.2093;0.0000;505.5514;3641.7515
264.5349;174.5194;0.0000;507.3964;3648.7515
263.6899;173.6744;0.0000;503.0165;3655.7515
263.6899;172.6744;0.0000;506.3964;3662.7515
262.8450;171.8294;0.0000;506.0165;3669.7515
262.6899;170.8294;0.0000;503.0165;3676.7515
261.8450;169.9845;0.0000;508.0863;3683.7515
261.8450;169.8294;0.0000;504.8615;3690.7515
260.8450;168.9845;0.0000;503.3266;3697.7515
260.8450;167.9845;0.0000;507.0010;3704.7515
260.8450;167.1395;0.0000;504.4816;3711.7515
260.0000;166.2946;0.0000;503.8615;3718.7515
260.0000;165.2946;0.0000;508.0165;3725.7515
259.8450;165.2946;0.0000;503.4816;3732.7512
259.0000;164.2946;0.0000;506.7064;3739.7515
258.8450;163.4496;10.1395;506.0165;3746.7515
258.8450;163.4496;0.0000;503.0165;3753.7512
258.8450;162.4496;0.0000;506.8615;3760.9065
257.8450;161.6046;0.0000;505.1716;3767.9065
257.8450;160.6046;0.0000;503.1716;3774.9062
257.0000;159.7597;0.0000;508.3964;3781.9065
256.8450;158.7597;0.0000;503.4816;3788.9065
256.0000;157.9147;0.0000;503.1716;3796.7512
256.0000;156.9147;0.0000;506.1716;3803.7515
255.0000;156.0697;0.0000;501.9468;3810.7515
255.0000;155.0698;0.0000;505.7065;3817.7512
254.0000;154.2248;0.0000;505.3266;3824.7515
254.0000;154.0698;0.0000;502.4816;3831.7515
253.8450;153.2248;0.0000;505.3266;3838.7515
253.0000;152.2248;0.0000;504.1018;3845.7515
253.0000;152.2248;0.0000;502.4816;3852.7515
253.0000;151.2248;0.0000;506.0165;3859.7515
252.8450;151.2248;0.0000;501.1018;3866.7515
252.0000;150.2248;0.0000;501.4817;3873.7515
252.0000;150.2248;0.0000;506.0165;3880.7515
251.8450;149.2248;0.0000;500.9468;3887.7515
251.0000;149.2248;0.0000;503.4816;3894.7515
251.0000;148.2248;0.0000;504.1018;3901.7515
250.0000;147.3798;0.0000;499.4119;3908.7515
249.1550;147.2248;0.0000;503.6367;3915.7515
248.1550;146.3798;0.0000;502.4119;3922.7515
247.3101;145.3798;0.0000;500.9468;3929.7515
246.3101;145.3798;0.0000;503.7917;3936.7515
246.3101;144.5349;0.0000;499.8770;3943.9065
245.4651;144.3798;0.0000;501.1018;3950.9062
245.4651;143.5349;0.0000;504.1018;3957.9065
244.6202;143.3798;0.0000;499.0320;3964.9065
243.6202;142.5349;0.0000;501.2568;3971.9062
243.6202;142.3798;0.0000;504.1018;3979.7515
242.6202;142.3798;0.0000;498.1871;3986.7515
241.7752;141.5349;0.0000;502.4119;3993.7515
240.9303;141.5349;0.0000;500.1871;4000.7515
240.7752;140.5349;0.0000;499.0320;4007.7515
239.9303;140.3799;0.0000;503.2568;4014.7515
238.9302;139.5349;0.0000;498.4972;4021.7515
237.2403;139.3798;0.0000;499.8770;4028.7515
236.3954;138.5349;0.0000;504.4119;4035.7515
235.3954;137.6899;0.0000;498.4972;4042.7515
234.5504;136.6899;0.0000;501.5669;4049.7515
232.7055;135.8450;0.0000;502.7220;4056.7515
231.0155;134.8450;0.0000;497.6522;4063.7515
230.0155;134.0000;0.0000;501.8770;4070.7515
228.3256;133.0000;0.0000;500.4972;4077.7515
227.3256;132.1550;0.0000;497.4972;4084.7515
225.6357;132.1550;0.0000;502.1871;4091.7515
224.6357;131.1550;0.0000;497.9623;4098.7515
223.7907;131.1550;0.0000;498.1871;4105.7515
222.7907;130.1550;0.0000;502.8770;4112.7515
221.9458;130.1550;0.0000;497.9623;4119.7515
220.9458;130.1550;0.0000;498.3421;4126.9062
220.1008;130.0000;0.0000;502.0320;4133.9062
219.2559;129.1550;0.0000;496.1173;4140.9067
218.2559;129.1550;0.0000;501.7220;4147.9062
217.4109;129.0000;0.0000;498.6522;4154.9062
216.5659;128.1550;0.0000;496.6522;4161.9067
215.5659;128.1550;0.0000;501.8770;4169.7515
214.7210;127.1550;0.0000;498.6522;4176.7515
213.7210;127.1550;0.0000;496.6522;4183.7515
212.7210;127.0000;0.0000;502.0320;4190.7515
211.8760;126.1550;0.0000;495.9623;4197.7515
211.0311;126.1550;0.0000;497.4972;4204.7515
210.0311;125.3101;0.0000;500.4972;4211.7515
208.3412;125.1550;0.0000;496.2723;4218.7515
207.3411;124.3101;0.0000;498.4972;4225.7515
206.3411;124.1550;0.0000;498.4972;4232.7515
204.6512;123.3101;0.0000;495.6522;4239.7515
203.8063;123.3101;0.0000;498.4972;4246.7515
201.9613;123.3101;0.0000;498.8073;4253.7515
201.1164;122.3101;1.8605;495.9623;4260.7515
199.2714;122.3101;0.0000;500.3421;4267.7515
197.4264;121.4651;0.0000;496.2723;4274.7515
195.7365;121.3101;0.0000;496.4972;4281.7515
193.8915;120.4651;0.0000;500.1871;4288.7515
192.2016;120.4651;0.0000;496.1173;4295.7515
190.3567;119.4651;0.0000;500.0320;4302.7515
188.6667;118.6202;1.8605;502.8770;4309.7515
186.8218;118.6202;0.0000;498.4972;4316.9062
185.1319;117.6202;1.8605;502.7220;4323.9062
183.2869;117.6202;0.0000;503.8770;4330.9067
182.4420;116.7752;0.0000;501.5669;4337.9062
180.5970;116.7752;0.0000;505.2568;4344.9062
178.9071;116.6202;0.0000;501.8770;4352.7515
177.0621;115.7752;0.0000;504.4119;4359.7515
176.0621;115.7752;0.0000;506.9468;4366.7515
174.3722;115.7752;1.8605;503.0320;4373.7515
173.3722;115.6202;0.0000;505.9468;4380.7515
172.5272;114.7752;0.0000;507.7917;4387.7515
170.6823;114.6202;0.0000;503.3422;4394.7515
169.6823;114.6202;0.0000;507.6367;4401.7515
168.8373;114.6202;0.0000;507.4119;4408.7515
167.8373;114.6202;0.0000;505.2568;4415.7515
166.8373;114.4651;0.0000;508.6367;4422.7515
165.8373;114.4651;0.0000;505.4119;4429.7515
164.8373;114.4651;0.0000;506.1716;4436.7515
164.8373;114.4651;0.0000;509.4817;4443.7515
163.8373;114.4651;0.0000;505.9468;4450.7515
162.8373;115.3101;0.0000;507.0165;4457.7515
162.6823;115.3101;0.0000;509.1716;4464.7515
161.6823;115.3101;0.0000;504.1018;4471.7515
161.5272;116.1550;0.0000;508.8615;4478.7515
160.5272;116.0000;0.0000;508.3266;4485.7515
159.6823;116.8450;0.0000;506.3266;4492.7515
159.5272;116.8450;0.0000;511.0165;4499.9062
158.5272;116.8450;0.0000;507.6367;4506.9067
158.3722;117.6899;0.0000;507.4816;4513.9062
157.3722;117.6899;0.0000;511.7064;4520.9062
156.2172;118.5349;0.0000;507.4816;4527.9067
156.0621;119.3798;0.0000;508.3964;4535.7515
155.0621;119.3798;0.0000;511.0862;4542.7515
154.9071;120.2248;0.0000;507.5514;4549.7515
153.9071;121.0698;0.0000;510.7762;4556.7515
153.7520;121.9147;0.0000;511.0862;4563.7515
152.7520;122.6046;0.0000;509.7762;4570.7515
152.5970;123.4496;0.0000;512.6212;4577.7515
151.5970;124.2946;0.0000;509.7762;4584.7515
150.5970;125.1395;0.0000;510.6212;4591.7515
149.7520;125.9845;0.0000;512.8459;4598.7515
149.5970;126.8294;0.0000;509.7762;4605.7515
148.5970;127.6744;0.0000;510.1560;4612.7515
147.5970;127.6744;0.0000;512.6909;4619.7515
146.5970;128.5194;0.0000;509.7762;4626.7515
145.5970;129.3643;0.0000;512.6909;4633.7515
144.7520;130.3643;0.0000;512.6909;4640.7515
143.7520;131.2093;0.0000;509.6909;4647.7515
143.5970;132.8992;0.0000;513.3809;4654.7515
142.7520;133.5891;0.0000;512.3808;4661.7515
141.7520;134.4341;0.0000;510.6909;4668.7515
140.9071;135.2790;0.0000;516.6056;4675.7515
140.7520;136.1240;0.0000;511.8459;4682.9062
139.7520;136.9689;0.0000;512.9157;4689.9062
139.5970;136.9689;0.0000;516.6056;4696.9067
138.7520;137.8139;0.0000;510.5359;4703.9062
138.5970;138.6589;0.0000;515.4506;4710.9062
137.5970;138.6589;0.0000;515.9157;4717.9067
136.7520;139.5038;0.0000;512.2258;4725.7515
136.5970;140.3488;0.0000;515.6056;4732.7515
135.5970;141.1937;0.0000;515.7607;4739.7515
134.5970;141.1937;0.0000;511.7607;4746.7515
133.7520;142.0387;0.0000;517.1405;4753.7515
132.7520;142.8837;0.0000;512.2258;4760.7515
132.7520;143.7286;0.0000;514.2955;4767.7515
131.7520;144.7286;0.0000;517.9855;4774.7515
130.7520;145.5736;0.0000;512.2258;4781.7515
130.7520;146.4185;0.0000;514.8304;4788.7515
129.7520;147.2635;0.0000;517.6754;4795.7515
128.9071;147.2635;0.0000;511.2955;4802.7515
127.9071;148.1085;0.0000;516.3653;4809.7515
127.7520;148.9534;0.0000;516.5203;4816.7515
126.9071;149.7984;0.0000;514.8304;4823.7515
125.9071;150.7984;0.0000;517.0552;4830.7515
124.9071;150.7984;0.0000;514.5203;4837.7515
124.0621;151.6433;0.0000;514.7451;4844.7515
123.9071;152.4883;0.0000;518.9001;4851.7515
123.0621;153.3333;0.0000;514.5203;4858.7515
122.0621;155.0232;0.0000;516.4351;4865.7515
121.0621;155.8681;0.0000;517.5901;4872.9062
120.0621;156.8681;0.0000;514.2103;4879.9067
119.9071;158.5581;0.0000;517.1250;4886.9062
119.0621;159.5580;0.0000;517.5901;4893.9062
118.0621;161.2480;0.0000;514.2800;4900.9067
117.0621;162.0929;0.0000;517.6599;4908.7510
116.0621;162.9379;0.0000;515.4351;4915.7515
115.2172;163.7828;0.0000;515.8149;4922.7515
114.2172;164.7829;0.0000;518.3498;4929.7510
114.0621;165.6278;0.0000;515.9700;4936.7515
113.0621;166.4728;0.0000;515.6599;4943.7515
112.9071;167.3177;0.0000;518.3498;4950.7510
111.9071;168.3177;0.0000;514.9699;4957.7515
111.7520;170.0076;0.0000;518.0397;4964.7515
110.7520;170.8526;0.0000;518.3498;4971.7510
110.5970;171.8526;0.0000;515.3498;4978.7515
109.5970;172.6976;0.0000;519.5746;4985.7515
109.5970;173.5425;0.0000;518.3498;4992.7510
108.5970;174.5425;0.0000;517.0397;4999.7515
108.4420;175.3875;0.0000;521.2645;5006.7515
107.5970;177.0774;0.0000;517.0397;5013.7520
107.4420;177.9224;0.0000;517.7296;5020.7515
106.4420;178.9224;0.0000;520.4195;5027.7515
106.4420;179.7673;0.0000;517.1947;5034.7520
105.4420;180.7673;0.0000;520.1094;5041.7515
105.2869;180.7673;0.0000;520.4195;5048.7515
105.1319;181.7673;0.0000;517.5746;5055.9067
105.1319;183.4572;0.0000;520.6443;5062.9067
104.9768;184.3022;0.0000;519.2645;5069.9062
104.8218;185.3022;0.0000;517.7994;5076.9067
104.8218;185.3022;0.0000;522.1792;5083.9067
103.8218;187.1472;0.0000;517.1094;5091.7515
103.6667;187.1472;0.0000;518.3342;5098.7515
102.6668;188.1472;0.0000;521.1792;5105.7515
102.6668;189.1472;0.0000;517.2645;5112.7515
102.5117;189.9921;0.0000;519.8691;5119.7515
101.5117;190.9921;0.0000;520.3342;5126.7515
101.3567;191.1472;0.0000;517.4893;5133.7515
101.2016;191.9921;0.0000;520.4040;5140.7515
101.0466;192.1472;0.0000;520.8691;5147.7515
100.8915;192.9921;0.0000;518.7141;5154.7515
100.7365;193.1472;0.0000;523.6288;5161.7515
101.5815;194.1472;0.0000;520.7141;5168.7515
101.4264;194.1472;0.0000;521.7838;5175.7515
101.4264;194.9921;0.0000;527.8536;5182.7515
101.2714;195.9921;0.0000;524.6288;5189.7515
100.2714;196.8371;0.0000;529.2335;5196.7515
100.2714;196.9921;0.0000;532.0784;5203.7515
100.1163;197.9921;0.0000;526.5435;5210.7510
99.9613;198.8371;0.0000;531.4583;5217.7515
99.9613;199.8371;0.0000;532.3885;5224.7515
99.8063;200.6820;0.0000;531.3032;5231.7510
99.8063;201.6820;0.0000;536.3729;5238.9067
99.6512;201.8371;0.0000;536.5280;5245.9062
99.6512;202.6820;0.0000;538.7528;5252.9062
99.6512;203.5270;0.0000;545.6675;5259.9067
100.3411;204.5270;0.0000;541.5977;5266.9062
100.3411;205.3720;0.0000;544.1171;5273.9062
100.1861;206.3719;0.0000;547.3574;5281.7515
100.1861;207.2169;0.0000;538.9078;5288.7515
100.8760;208.2169;0.0000;547.2024;5295.7515
100.7210;209.2169;0.0000;543.9775;5302.7515
100.7210;210.2169;0.0000;540.1326;5309.7515
100.5659;211.0619;0.0000;545.8923;5316.7515
100.5659;211.2169;0.0000;543.3574;5323.7515
100.5659;212.2169;0.0000;544.5822;5330.7515
100.4109;213.0619;0.0000;551.8070;5337.7515
101.2559;214.0619;0.0000;549.2721;5344.7515
101.2559;214.9068;0.0000;552.1868;5351.7515
101.1008;215.9068;0.0000;555.1868;5358.7515
101.1008;216.7518;0.0000;551.8070;5365.7515
100.9458;217.7518;0.0000;556.7217;5372.7515
100.7907;218.7518;0.0000;556.7217;5379.7515
100.7907;219.5968;0.0000;553.8768;5386.7515
100.7907;220.5968;0.0000;558.4116;5393.7515
101.4807;221.5968;0.0000;556.0318;5400.7515
101.4807;223.2867;0.0000;555.5667;5407.7515
101.4807;224.2867;0.0000;559.9465;5414.7515
101.4807;225.1316;0.0000;555.8768;5421.9062
102.1706;226.1316;0.0000;556.1016;5428.9062
102.1706;226.9766;0.0000;559.9465;5435.9067
102.0155;227.9766;0.0000;556.7217;5442.9062
101.8605;228.9766;0.0000;559.6365;5449.9062
101.8605;229.8216;0.0000;562.1016;5456.9067
101.7055;230.8215;0.0000;558.4814;5464.7520
101.5504;231.8215;0.0000;563.0162;5471.7515
101.5504;232.6665;0.0000;561.7915;5478.7515
101.3954;233.6665;0.0000;561.1713;5485.7520
101.3954;234.6665;0.0000;565.7062;5492.7515
102.2403;235.5115;0.0000;562.6364;5499.7515
102.9303;236.5115;0.0000;562.8612;5506.7515
103.6202;237.5115;0.0000;566.9310;5513.7515
104.4651;238.5115;0.0000;563.1713;5520.7515
105.1550;240.2014;0.0000;567.2411;5527.7515
106.0000;241.2014;0.0000;566.9310;5534.7515
106.6899;242.2014;0.0000;564.8612;5541.7515
107.5349;243.0463;0.0000;567.0861;5548.7515
107.3798;244.0464;0.0000;568.7062;5555.7515
108.2248;245.0464;0.0000;567.7759;5562.7515
108.9147;245.2014;0.0000;574.5356;5569.7515
108.7597;246.0464;0.0000;572.3108;5576.7515
109.6046;247.0463;0.0000;575.3806;5583.7515
109.6046;248.0464;0.0000;579.7604;5590.7515
109.6046;249.0464;0.0000;575.3806;5597.7515
109.4496;250.0464;0.0000;579.4503;5604.7515
109.4496;250.2014;0.0000;581.2953;5611.9067
110.1395;251.8913;0.0000;577.0705;5618.9062
110.8294;252.8913;0.0000;583.1403;5625.9062
111.6744;253.8913;0.0000;583.4503;5632.9067
111.6744;254.8913;0.0000;580.6053;5639.9062
112.5193;255.0463;0.0000;585.5201;5647.7515
113.2093;255.8913;0.0000;580.6053;5654.7515
113.2093;256.0464;0.0000;582.6751;5661.7510
113.8992;257.0464;0.0000;587.0549;5668.7515
113.8992;257.2014;0.0000;581.2953;5675.7515
114.7441;258.2014;0.0000;585.5201;5682.7510
114.7441;258.2014;0.0000;587.2100;5689.7515
114.7441;259.2014;0.0000;581.2953;5696.7515
115.5891;259.3564;0.0000;585.0550;5703.7510
115.5891;260.2014;0.0000;585.5201;5710.7515
116.4341;260.3564;0.0000;582.5201;5717.7515
116.2790;261.3564;0.0000;587.1248;5724.7520
116.2790;262.2014;0.0000;585.0550;5731.7515
117.1240;262.3564;0.0000;584.7449;5738.7515
117.9689;263.3564;0.0000;587.5898;5745.7520
117.9689;264.3564;0.0000;585.2100;5752.7515
118.8139;264.3564;0.0000;585.4348;5759.7515
118.6589;265.3564;0.0000;588.4348;5766.7520
119.5038;265.5115;0.0000;585.0550;5773.7515
119.5038;266.5115;0.0000;587.4348;5780.7515
119.5038;266.6665;0.0000;586.3495;5787.7520
120.3488;266.8216;0.0000;584.7449;5794.9067
120.3488;267.8215;0.0000;588.1248;5801.9062
120.3488;267.9766;0.0000;585.7449;5808.9067
121.1937;268.9766;0.0000;585.2798;5815.9067
121.1937;269.1317;0.0000;589.6596;5822.9062
122.0387;270.1316;0.0000;585.7449;5829.9067
122.0387;271.1316;0.0000;586.2798;5837.7515
122.8837;271.2867;0.0000;589.1248;5844.7515
122.7286;272.2867;1.8605;584.8999;5851.7515
123.5736;272.4417;0.0000;588.8146;5858.7515
123.5736;273.4417;1.8605;588.2798;5865.7515
124.4185;273.5968;0.0000;585.4348;5872.7515
124.4185;274.5967;0.0000;589.3495;5879.7515
124.4185;274.7518;0.0000;587.2798;5886.7515
125.2635;275.7518;1.8605;586.9697;5893.7515
125.2635;275.9068;0.0000;591.3495;5900.7515
125.2635;276.9069;1.8605;586.2798;5907.7515
126.1085;277.0619;0.0000;587.0394;5914.7515
126.1085;278.0619;0.0000;590.1945;5921.7515
126.9534;278.2169;0.0000;585.9697;5928.7515
126.9534;279.2169;0.0000;589.3495;5935.7515
127.7984;280.2169;1.8605;589.5046;5942.7515
127.7984;280.3719;0.0000;586.5046;5949.7515
128.6433;281.3720;0.0000;589.3495;5956.7515
128.6433;281.5270;0.0000;588.6596;5963.7510
129.4883;282.5270;0.0000;585.3495;5970.7515
129.6433;282.6820;0.0000;590.5046;5977.9062
130.4883;283.6820;0.0000;585.9697;5984.9062
130.4883;283.6820;0.0000;587.1945;5991.9067
131.3333;284.6820;0.0000;591.8844;5998.9062
131.3333;284.8371;0.0000;585.9697;6005.9062
132.1782;284.9921;0.0000;589.0394;6012.9067
132.1782;285.9921;0.0000;590.1945;6020.7515
133.1782;286.9921;0.0000;585.9697;6027.7515
134.0232;287.9921;0.0000;590.1945;6034.7515
134.8681;288.1472;0.0000;589.6596;6041.7515
135.7131;289.1472;0.0000;586.1945;6048.7515
135.7131;290.1472;0.0000;591.8844;6055.7515
136.5580;291.1472;0.0000;587.9697;6062.7515
137.5581;291.3022;0.0000;588.5046;6069.7515
138.4030;292.3022;0.0000;592.1945;6076.7515
138.5580;293.3022;0.0000;587.1248;6083.7515
139.4030;293.4572;0.0000;590.3495;6090.7515
140.2480;294.4572;0.0000;592.1945;6097.7515
141.0929;294.6123;0.0000;587.9697;6104.7515
141.9379;295.7673;0.0000;592.3495;6111.7515
142.7829;295.9224;0.0000;592.6596;6118.7515
143.6278;296.2324;0.0000;589.9697;6125.7515
144.4728;297.2325;0.0000;593.5046;6132.7515
144.6278;297.5425;0.0000;590.5898;6139.7515
145.4728;298.5425;0.0000;591.4348;6146.7515
146.3177;298.8526;0.0000;594.8146;6153.7515
147.1627;299.8526;0.0000;591.0550;6160.7515
148.0076;300.0076;0.0000;593.2798;6167.9067
149.8526;300.1627;0.0000;594.8146;6174.9062
150.6976;301.1627;0.0000;590.7449;6181.9062
151.5425;301.3177;0.0000;595.8147;6188.9067
152.5425;301.4728;0.0000;594.4348;6195.9062
153.3875;302.6278;0.0000;592.5898;6203.7515
154.3875;302.7829;0.0000;596.1248;6210.7515
155.2325;302.9379;0.0000;593.9000;6217.7520
156.0774;303.0930;0.0000;593.5898;6224.7515
156.9224;304.0929;0.0000;598.2798;6231.7515
157.9224;304.2480;0.0000;593.2100;6238.7520
158.7673;304.4030;0.0000;594.7449;6245.7515
159.6123;304.5580;0.0000;597.5898;6252.7515
160.6123;305.5581;0.0000;593.2100;6259.7520
161.4572;305.7131;0.0000;596.1248;6266.7515
162.4572;305.8681;0.0000;597.0550;6273.7515
163.4572;306.7131;0.0000;593.2100;6280.7515
164.3022;306.8681;0.0000;596.7449;6287.7515
165.3022;307.0232;0.0000;595.3651;6294.7515
166.1472;307.0232;10.1395;594.2100;6301.7515
166.9921;307.1782;0.0000;599.2798;6308.7515
167.9921;308.1782;0.0000;593.8302;6315.7515
168.8371;308.1782;10.1395;595.0549;6322.7515
169.6820;308.3333;0.0000;598.8999;6329.7515
171.5270;308.3333;0.0000;592.9852;6336.7515
172.3719;309.1782;0.0000;596.5898;6343.7515
174.2169;309.3333;0.0000;597.0550;6350.9067
175.9068;310.1782;0.0000;593.6752;6357.9062
176.7518;310.3333;0.0000;596.7449;6364.9067
178.5968;311.3333;0.0000;597.2100;6371.9067
179.4417;311.3333;0.0000;594.3651;6378.9062
180.4417;311.3333;0.0000;599.2798;6385.9067
181.2867;312.3333;0.0000;594.9852;6393.7510
182.9766;312.3333;0.0000;595.2100;6400.7515
183.9766;312.4883;0.0000;598.7449;6407.7515
184.8215;312.4883;0.0000;591.7449;6414.7520
185.8215;313.4883;0.0000;597.0550;6421.7515
186.8216;313.4883;0.0000;598.8999;6428.7515
188.5115;313.6433;0.0000;593.1403;6435.7520
189.3564;313.6433;0.0000;597.2100;6442.7515
190.2014;313.7984;0.0000;597.3651;6449.7515
192.0463;313.7984;0.0000;594.8302;6456.7520
193.0463;313.9534;0.0000;598.8999;6463.7515
193.8913;314.9534;0.0000;594.9852;6470.7515
195.7363;314.1085;0.0000;596.3651;6477.7520
196.5812;314.2635;0.0000;599.2100;6484.7515
197.4262;314.2635;0.0000;594.9852;6491.7515
198.4262;314.4185;0.0000;597.0550;6498.7520
200.1161;314.4185;0.0000;598.8999;6505.7515
201.1161;314.4185;0.0000;594.9852;6512.7515
201.9611;314.4185;0.0000;599.0550;6519.7520
202.8060;314.5736;0.0000;597.5201;6526.7515
203.8060;314.5736;0.0000;594.8302;6533.9062
204.6510;314.7286;0.0000;600.2100;6540.9067
206.4959;314.7286;0.0000;595.2953;6547.9067
207.3409;314.0387;0.0000;595.1248;6554.9062
208.1859;314.0387;10.1395;600.2100;6561.9067
210.0308;314.1938;0.0000;595.1403;6568.9067
210.8758;314.1938;0.0000;597.5201;6576.7515
211.8758;314.1938;0.0000;599.3651;6583.7515
213.5657;314.3488;0.0000;595.2953;6590.7515
214.4107;314.3488;0.0000;598.3651;6597.7515
215.4107;314.5038;0.0000;598.5201;6604.7515
217.1006;313.6589;0.0000;594.9852;6611.7515
217.9455;313.6589;0.0000;599.2100;6618.7515
218.9455;312.9689;0.0000;595.4503;6625.7515
220.6355;312.9689;10.1395;594.9852;6632.7515
221.6355;312.9689;0.0000;600.5201;6639.7515
222.4804;312.2791;10.1395;595.4503;6646.7515
223.4804;312.2791;0.0000;595.8302;6653.7515
225.1703;312.4341;0.0000;599.6752;6660.7515
226.1703;311.5891;0.0000;594.2953;6667.7515
227.8602;311.5891;0.0000;598.5201;6674.7515
228.7052;311.7441;0.0000;597.9852;6681.7515
230.5502;311.7441;0.0000;594.1403;6688.7515
231.3951;310.8992;0.0000;598.5201;6695.7515
233.2401;311.0542;0.0000;597.2953;6702.7515
234.9300;311.0542;0.0000;594.9852;6709.7515
235.9300;311.2093;0.0000;600.3651;6716.7520
237.7750;310.3643;0.0000;594.7604;6723.9067
239.4649;310.3643;0.0000;594.6752;6730.9062
241.3098;309.6744;0.0000;599.9852;6737.9067
242.3098;309.6744;0.0000;593.7604;6744.9067
243.9998;308.9845;0.0000;597.8302;6751.9062
244.9998;308.9845;0.0000;597.9852;6759.7515
245.9998;308.2946;0.0000;594.6053;6766.7515
247.6897;308.2946;0.0000;598.8302;6773.7515
248.6897;307.4496;0.0000;597.2953;6780.7515
249.6897;307.6046;0.0000;594.9852;6787.7515
250.5346;306.7597;0.0000;599.8302;6794.7515
251.5346;306.9147;0.0000;595.7604;6801.7515
252.5346;306.0698;0.0000;595.1403;6808.7515
253.3796;305.2248;0.0000;599.8302;6815.7515
254.3796;305.3798;0.0000;594.2255;6822.7515
255.3796;304.5349;0.0000;597.6752;6829.7515
256.3796;303.8450;0.0000;599.1403;6836.7515
257.2246;303.0000;0.0000;594.2255;6843.7515
258.2245;303.1551;0.0000;597.9852;6850.7515
258.3796;302.3101;0.0000;597.6053;6857.7515
259.2245;301.4651;0.0000;595.7604;6864.7515
260.2245;300.7752;0.0000;599.1403;6871.7515
262.0695;299.9302;0.0000;596.0705;6878.7515
263.0695;300.0853;0.0000;597.1403;6885.7515
264.0695;299.2403;0.0000;600.1403;6892.7515
265.9145;298.5504;0.0000;595.3806;6899.7515
266.9145;297.7054;0.0000;597.6053;6906.9062
267.7595;296.8605;0.0000;599.4503;6913.9062
268.7594;297.0155;0.0000;593.8457;6920.9067
270.6044;296.1706;0.0000;598.6054;6927.9062
271.6044;295.3256;0.0000;599.5356;6934.9062
272.4494;294.6357;0.0000;596.2256;6942.7515
273.4494;293.7907;0.0000;599.6053;6949.7520
274.4493;293.1008;0.0000;596.5356;6956.7515
275.4494;292.2559;0.0000;597.7604;6963.7515
277.2943;291.4109;0.0000;601.4503;6970.7520
278.2943;290.5659;0.0000;598.0705;6977.7515
279.1393;289.8760;0.0000;600.9852;6984.7515
280.1393;288.1861;0.0000;604.1403;6991.7520
281.1393;287.3412;0.0000;599.0705;6998.7515
282.1393;286.6512;0.0000;603.1403;7005.7515
283.1393;284.9613;0.0000;603.2255;7012.7520
284.1393;284.2714;0.0000;599.9155;7019.7515
285.1393;283.4265;0.0000;604.1403;7026.7515
286.1393;281.8915;0.0000;601.2256;7033.7520
286.1393;281.0466;0.0000;603.1403;7040.7515
287.1393;279.5117;0.0000;611.8999;7047.7515
288.1393;278.6667;0.0000;608.8302;7054.7520
288.2943;276.9768;0.0000;613.5898;7061.7515
288.6044;275.4420;10.1395;618.9697;7068.7515
289.6044;273.7520;1.8605;618.1248;7075.7520
289.7595;272.9071;0.0000;624.8844;7082.7515
289.9145;271.2172;0.0000;626.0394;7089.9062
290.9145;269.6823;1.8605;624.3495;7096.9067
291.0695;268.8373;0.0000;628.5743;7103.9062
291.2245;267.1474;0.0000;626.1945;7110.9062
292.3796;266.4575;0.0000;624.6440;7117.9067
292.5346;264.7676;0.0000;631.1092;7124.9062
293.6897;263.9226;0.0000;626.3495;7132.7515
293.8447;263.2327;0.0000;627.7294;7139.7515
294.8447;262.3877;0.0000;630.5743;7146.7520
295.1548;260.6978;0.0000;625.6596;7153.7515
296.1548;259.8528;0.0000;630.1092;7160.7515
296.4649;259.1629;0.0000;629.1945;7167.7520
297.4649;258.3180;1.8605;626.6596;7174.7515
297.7750;256.6281;0.0000;631.5743;7181.7515
298.7750;255.7831;0.0000;629.5046;7188.7520
299.7750;254.9381;1.8605;628.8844;7195.7515
300.9300;254.0932;0.0000;634.2643;7202.7515
301.0851;253.2482;0.0000;632.0394;7209.7520
302.2401;252.4033;0.0000;634.7991;7216.7515
303.2401;251.5583;0.0000;642.1790;7223.7515
303.5502;250.7133;0.0000;640.4890;7230.7520
304.5502;249.0234;0.0000;647.6285;7237.7515
304.8603;248.1785;0.0000;650.6285;7244.7515
305.0153;247.3335;1.8605;648.9386;7251.7520
305.1703;246.4885;0.0000;653.0084;7258.7515
305.4804;246.4885;0.0000;653.4735;7265.7515
305.6354;245.6436;1.8605;650.6285;7272.7520
305.7905;244.7986;10.1395;656.5433;7279.9067
306.1006;243.9537;0.0000;653.3185;7286.9062
306.2556;243.1087;10.1395;654.8534;7293.9067
306.4106;242.1087;0.0000;658.6983;7300.9067
306.7207;241.2638;0.0000;652.9387;7307.9062
306.8758;240.4188;0.0000;655.6983;7315.7515
307.0308;240.4188;10.1395;658.8533;7322.7515
308.1859;239.5738;0.0000;654.9386;7329.7515
308.4959;238.5738;10.1395;658.6983;7336.7515
308.6510;237.7289;1.8605;657.3185;7343.7515
309.8060;236.8839;0.0000;653.6285;7350.7515
309.9611;236.8839;0.0000;659.8533;7357.7515
310.9611;236.0390;10.1395;655.9387;7364.7515
311.1161;235.0390;0.0000;656.3185;7371.7515
311.4262;234.1940;0.0000;660.8534;7378.7515
312.5812;232.5041;0.0000;656.0937;7385.7515
312.7363;231.6591;0.0000;659.4735;7392.7515
312.8913;230.8141;0.0000;652.0239;7399.7515
313.0464;229.9692;0.0000;660.4735;7406.7520
313.2014;228.1242;0.0000;664.5433;7413.7515
313.5115;227.2793;0.0000;667.3882;7420.7515
314.5115;226.2793;0.0000;663.8533;7427.7520
314.8215;225.4343;0.0000;668.6130;7434.7515
314.9766;223.7444;0.0000;665.1635;7441.7515
315.1316;222.8994;0.0000;666.5433;7448.7520
315.2867;222.0545;0.0000;672.6130;7455.7515
315.4417;220.3646;0.0000;668.1635;7462.9062
315.5967;219.3646;0.0000;668.2332;7469.9067
315.7518;218.3646;1.8605;672.7681;7476.9067
316.0619;216.6746;0.0000;668.3185;7483.9062
316.3719;215.6746;1.8605;672.3882;7490.9067
316.6820;213.8297;0.0000;672.0084;7498.7515
316.8371;212.9847;0.0000;668.4735;7505.7520
317.1472;211.1398;0.0000;673.3882;7512.7515
318.1472;209.2948;0.0000;671.6285;7519.7515
318.4572;208.4498;0.0000;670.3185;7526.7520
318.6123;206.6049;0.0000;677.5433;7533.7515
318.9224;205.7599;0.0000;670.0936;7540.7515
318.2325;203.9150;0.0000;672.4735;7547.7520
318.5425;202.9150;0.0000;678.1635;7554.7515
318.6976;201.0700;0.0000;670.5588;7561.7515
319.0076;200.0700;0.0000;673.9231;7568.7520
319.3177;198.2250;0.0000;674.9386;7575.7515
319.6278;197.2251;0.0000;671.5588;7582.7515
319.7828;196.2251;0.0000;676.4735;7589.7515
319.2480;195.3801;0.0000;674.4038;7596.7515
319.4030;193.5351;0.0000;673.0937;7603.7515
319.7131;192.3801;0.0000;678.1635;7610.7515
319.8682;191.3801;0.0000;672.7139;7617.7515
320.1782;190.3801;0.0000;672.4037;7624.7515
320.3333;189.3801;0.0000;678.6285;7631.7515
320.4883;188.2251;0.0000;672.0239;7638.7515
320.6433;187.2250;0.0000;674.9386;7645.9062
320.7984;185.3801;10.1395;676.4037;7652.9067
320.1085;184.3801;0.0000;672.0239;7659.9062
320.2635;183.3801;10.1395;675.0936;7666.9062
320.4185;182.3801;0.0000;676.4037;7673.9067
319.7286;181.3801;0.0000;671.7139;7680.9062
319.8837;180.3801;0.0000;675.5588;7688.7515
320.0387;179.3801;0.0000;673.4890;7695.7515
319.1938;178.3801;0.0000;672.7139;7702.7520
319.3488;176.5351;0.0000;677.7139;7709.7515
319.5038;175.6902;0.0000;672.3340;7716.7515
318.6589;174.6902;0.0000;675.7138;7723.7520
318.8139;173.6902;0.0000;678.1635;7730.7515
318.1240;172.6902;0.0000;673.4890;7737.7515
318.1240;171.6902;0.0000;679.0937;7744.7520
317.4341;170.6902;0.0000;676.1790;7751.7515
317.4341;169.8452;0.0000;676.8689;7758.7515
316.7441;168.8452;1.8605;680.2487;7765.7520
316.0543;167.8452;0.0000;677.7139;7772.7515
316.2093;166.8452;0.0000;680.4037;7779.7515
315.3643;165.0002;0.0000;685.7836;7786.7520
314.6744;164.0002;0.0000;680.7138;7793.7515
314.8294;163.0002;1.8605;682.5433;7800.7515
314.1395;162.0002;0.0000;688.4735;7807.7520
313.2946;161.8452;0.0000;682.5588;7814.7515
312.6046;160.6902;0.0000;688.3185;7821.7515
311.7597;159.6902;0.0000;689.6286;7828.7520
311.9147;158.8452;0.0000;685.0937;7835.9062
311.0698;156.8452;0.0000;689.4735;7842.9062
310.3799;155.8452;0.0000;684.8689;7849.9067
309.6899;154.8452;0.0000;687.0937;7856.9062
308.8450;154.0002;1.8605;694.6984;7863.9062
308.1551;152.1553;0.0000;687.5588;7871.7515
307.3101;151.1553;0.0000;687.9387;7878.7520
306.4651;150.1553;0.0000;690.0937;7885.7515
304.9302;149.3103;0.0000;686.4037;7892.7515
304.0853;147.4654;0.0000;690.0937;7899.7520
303.3954;146.4654;0.0000;687.8689;7906.7515
302.5504;145.4654;0.0000;686.7138;7913.7515
301.8605;144.4654;0.0000;690.4038;7920.7520
301.0155;142.6204;0.0000;689.8689;7927.7515
300.1706;141.7755;0.0000;684.3340;7934.7515
299.3256;140.7755;0.0000;690.9386;7941.7520
298.6357;139.7755;0.0000;685.7991;7948.7515
297.7907;138.7755;0.0000;687.8689;7955.7515
297.1008;137.7755;0.0000;688.0239;7962.7520
297.1008;136.7755;0.0000;684.9542;7969.7515
296.2559;135.9305;0.0000;689.5588;7976.7515
295.5659;134.0855;0.0000;689.1790;7983.7520
294.7210;133.0855;0.0000;684.7991;7990.7515
294.0311;131.2406;0.0000;689.7139;7997.7515
293.1861;130.2406;0.0000;687.6440;8004.7520
292.3412;128.5507;0.0000;686.6441;8011.7515
291.4962;127.5507;0.0000;689.8689;8018.9062
290.8063;125.5507;0.0000;686.4193;8025.9067
289.9613;124.5507;0.0000;686.3340;8032.9067
290.1163;123.7057;0.0000;691.4891;8039.9062
289.2714;121.8607;0.0000;684.5743;8046.9067
288.4264;120.8607;0.0000;688.3340;8054.7515
287.7365;119.0158;0.0000;689.6441;8061.7515
286.8915;118.0158;0.0000;685.1092;8068.7515
286.0466;117.0158;0.0000;688.3340;8075.7515
285.3567;116.0158;0.0000;687.1093;8082.7515
285.3567;115.0158;0.0000;684.2642;8089.7515
284.6667;114.0158;0.0000;688.6440;8096.7515
283.8218;112.1708;0.0000;685.4193;8103.7515
282.9768;111.1708;0.0000;686.7991;8110.7515
282.2869;110.0158;0.0000;689.7991;8117.7520
281.4420;108.1708;1.8605;683.8844;8124.7515
280.7520;107.1708;0.0000;688.7991;8131.7515
279.9071;106.1708;1.8605;688.9542;8138.7520
279.0621;105.1708;0.0000;684.0394;8145.7515
277.5272;104.0158;0.0000;688.7991;8152.7515
276.6823;103.0158;0.0000;687.7294;8159.7520
275.9924;102.8607;1.8605;684.8844;8166.7515
274.3024;101.7057;0.0000;689.4193;8173.7515
273.4575;100.7057;1.8605;686.0394;8180.7520
271.9226;99.7057;0.0000;686.1093;8187.7515
270.2327;98.7057;0.0000;690.8844;8194.7520
269.3877;97.7057;0.0000;686.2643;8201.9072
267.6978;96.7057;0.0000;687.4193;8208.9062
266.8528;95.7057;0.0000;689.7294;8215.9062
265.3180;94.5507;0.0000;686.1945;8222.9062
264.4730;94.3956;0.0000;687.0394;8229.9062
262.7831;93.3956;0.0000;690.8844;8236.9062
261.9381;92.3956;0.0000;687.0394;8244.7520
261.0932;92.0855;0.0000;690.8844;8251.7510
259.4033;91.9305;0.0000;686.9697;8258.7520
258.7133;90.9305;0.0000;687.5046;8265.7520
257.8684;90.7755;0.0000;691.8844;8272.7510
256.1785;90.4654;0.0000;687.1248;8279.7520
255.3335;89.4654;0.0000;688.3495;8286.7520
253.6436;89.3103;10.1395;693.3495;8293.7510
252.7986;88.3103;0.0000;687.4348;8300.7520
251.1087;87.3103;0.0000;690.5046;8307.7520
249.4188;86.3103;0.0000;691.1248;8314.7510
248.5738;86.0002;0.0000;687.8147;8321.7520
247.7289;85.0002;0.0000;685.7449;8328.7520
246.0390;83.8452;0.0000;696.3495;8335.7510
244.5041;83.6902;0.0000;683.9000;8342.7520
243.6591;82.5351;0.0000;700.2642;8349.7520
241.9692;82.3801;0.0000;693.8147;8356.7510
241.1242;82.2250;0.0000;694.5045;8363.7520
239.4343;81.2250;0.0000;700.7294;8370.7520
238.5894;80.9150;0.0000;696.5046;8377.7510
236.8994;79.9150;0.0000;696.3495;8384.7520
235.0545;78.9150;0.0000;698.5046;8391.9062
234.2095;78.7599;0.0000;698.8845;8398.9062
232.6746;77.6049;0.0000;700.5743;8405.9062
230.9847;77.4498;0.0000;699.3495;8412.9062
230.1398;76.2948;0.0000;696.3495;8419.9072
228.4498;76.1398;0.0000;702.4193;8427.7510
226.6049;75.1398;0.0000;698.5046;8434.7520
224.9150;74.9847;0.0000;698.8845;8441.7520
224.0700;73.8297;0.0000;702.7294;8448.7510
222.3801;73.6746;1.8605;695.2798;8455.7520
221.5351;73.5196;0.0000;701.0394;8462.7520
219.8452;73.2095;1.8605;701.1945;8469.7510
218.8452;72.2095;0.0000;698.9697;8476.7520
217.1553;72.0545;0.0000;701.8844;8483.7520
216.3103;71.8994;0.0000;699.6597;8490.7510
214.6204;71.5894;0.0000;699.3495;8497.7520
213.7755;71.4343;0.0000;703.5743;8504.7520
212.0855;71.1242;0.0000;698.9697;8511.7510
210.3956;70.9692;0.0000;698.5046;8518.7520
209.3956;69.8141;0.0000;703.8844;8525.7520
207.7057;69.6591;0.0000;697.2798;8532.7510
206.8607;69.5041;0.0000;701.8844;8539.7520
205.0158;69.1940;0.0000;703.1945;8546.7520
204.1708;68.0389;0.0000;697.2798;8553.7510
202.3259;67.8839;0.0000;702.0394;8560.7520
201.4809;67.5738;0.0000;701.5046;8567.7520
199.7910;67.4188;0.0000;699.6597;8574.9062
198.7910;67.2637;0.0000;703.1945;8581.9062
197.1011;66.9537;0.0000;699.4348;8588.9062
196.1011;66.7986;0.0000;699.8147;8595.9062
195.2561;66.4885;0.0000;703.3495;8602.9062
194.4111;66.3335;0.0000;697.7449;8610.7520
193.4111;66.0234;0.0000;701.5046;8617.7520
192.5662;65.8684;0.0000;703.6596;8624.7520
191.5662;65.7133;0.0000;697.5898;8631.7520
190.5662;66.2482;0.0000;702.6596;8638.7520
189.7212;66.0932;0.0000;703.6596;8645.7520
188.7212;65.7831;0.0000;697.5898;8652.7520
188.5662;66.4730;0.0000;703.5046;8659.7520
187.7212;66.3180;0.0000;698.2100;8666.7520
186.7212;66.0079;0.0000;699.2798;8673.7520
185.7212;65.8528;0.0000;703.6596;8680.7520
185.5662;66.5428;0.0000;697.5898;8687.7520
184.7212;66.3877;1.8605;700.6596;8694.7520
184.5662;67.0776;0.0000;702.9697;8701.7520
183.7212;66.7676;0.0000;697.8999;8708.7520
182.7212;66.6125;0.0000;701.8146;8715.7520
181.8763;66.4575;0.0000;701.1247;8722.7520
180.8763;67.1474;0.0000;696.8999;8729.7520
179.8763;66.9924;0.0000;701.8146;8736.7520
179.0313;66.8373;0.0000;698.2100;8743.7520
178.0313;67.5272;0.0000;699.4348;8750.7510
177.0313;67.3722;0.0000;703.6596;8757.9062
176.8763;67.2172;0.0000;697.7449;8764.9062
176.0313;67.9071;0.0000;697.7449;8771.9062
175.0313;67.5970;0.0000;704.4348;8778.9062
174.0313;68.4420;0.0000;697.2100;8785.9062
173.8763;68.2869;0.0000;701.4348;8792.9062
172.8763;68.1319;0.0000;701.5898;8800.7520
172.0313;68.8218;0.0000;695.3651;8807.7520
171.0313;68.8218;0.0000;701.2798;8814.7520
170.0313;69.5117;0.0000;700.0550;8821.7520
168.3414;69.3567;0.0000;696.0549;8828.7520
167.3414;69.2016;0.0000;703.9697;8835.7520
165.4964;69.0466;0.0000;695.6752;8842.7520
164.4964;69.7365;0.0000;697.7449;8849.7520
162.8065;69.5815;0.0000;704.8147;8856.7520
160.9615;70.2714;0.0000;695.6752;8863.7520
160.1166;70.1163;0.0000;696.2100;8870.7520
158.2716;70.8063;0.0000;688.9155;8877.7520
157.2716;70.8063;0.0000;695.6752;8884.7520
156.4267;70.6512;0.0000;691.1403;8891.7520
156.2716;71.3411;0.0000;691.4504;8898.7520
155.4267;71.1861;0.0000;686.5201;8905.7520
154.4267;72.0311;0.0000;693.8302;8912.7520
153.4267;72.7210;0.0000;686.3806;8919.7520
152.5817;72.7210;0.0000;688.4503;8926.7520
151.5817;72.5659;0.0000;690.4504;8933.7520
150.5817;73.2559;0.0000;686.3806;8940.9062
149.7368;73.1008;0.0000;691.5898;8947.9062
147.8918;73.7907;0.0000;692.7604;8954.9072
147.0468;73.7907;0.0000;688.0705;8961.9062
146.0468;74.4807;0.0000;690.7604;8968.9062
144.3569;74.3256;1.8605;690.6054;8975.9072
143.3569;75.1706;0.0000;687.6053;8983.7510
141.5119;75.8605;0.0000;692.6751;8990.7520
140.5120;75.8605;0.0000;685.1403;8997.7520
139.6670;76.5504;0.0000;689.7604;9004.7510
137.8220;77.2403;0.0000;692.5201;9011.7520
136.8220;77.9303;1.8605;686.3806;9018.7520
135.9771;78.7752;0.0000;688.4503;9025.7510
134.9771;78.6202;0.0000;691.4504;9032.7520
133.9771;79.3101;0.0000;687.0705;9039.7520
132.9771;80.0000;0.0000;691.6751;9046.7510
131.9771;80.8450;0.0000;690.4504;9053.7520
130.1321;81.5349;1.8605;689.6054;9060.7520
129.2872;82.2248;0.0000;691.5201;9067.7510
128.2872;83.0698;1.8605;688.4503;9074.7520
127.2872;83.7597;0.0000;687.6053;9081.7520
126.2872;84.4496;0.0000;693.2100;9088.7510
125.2872;85.2946;0.0000;689.2953;9095.7520
124.2872;85.9845;0.0000;689.8302;9102.7520
124.1321;85.9845;1.8605;693.3651;9109.7520
123.1321;86.6744;0.0000;688.4503;9116.7520
122.9771;87.3643;0.0000;693.9000;9123.7520
121.9771;88.2093;1.8605;691.5201;9130.9072
120.9771;88.8992;0.0000;689.8302;9137.9062
120.8220;88.7441;0.0000;693.7449;9144.9062
119.8220;89.5891;1.8605;691.5201;9151.9072
118.8220;90.2790;1.8605;689.2100;9158.9062
117.8220;90.2790;1.8605;693.7449;9166.7520
117.6670;90.9689;0.0000;690.1403;9173.7520
116.6670;90.8139;0.0000;692.2100;9180.7510
116.5119;91.6589;0.0000;693.9000;9187.7520
116.3569;91.5038;1.8605;690.6752;9194.7520
116.2019;92.3488;0.0000;694.7449;9201.7510
115.2019;92.1937;0.0000;694.7449;9208.7520
115.0468;92.8837;0.0000;690.6752;9215.7520
114.0468;93.7286;0.0000;694.7449;9222.7510
113.8918;93.5736;0.0000;692.6751;9229.7520
113.7367;94.2635;0.0000;692.2100;9236.7520
112.7368;94.2635;0.0000;696.7449;9243.7510
112.5817;95.1085;0.0000;692.6751;9250.7520
112.4267;94.9534;0.0000;694.7449;9257.7520
112.2716;95.7984;0.0000;696.5898;9264.7510
111.1166;96.4883;0.0000;687.6053;9271.7520
110.9615;96.3333;0.0000;694.7449;9278.7520
110.1166;97.0232;0.0000;695.5898;9285.7510
109.9615;97.0232;0.0000;692.5201;9292.7520
109.8065;97.7131;0.0000;695.5898;9299.7520
108.8065;97.7131;0.0000;696.8999;9306.7510
108.4964;98.4030;0.0000;692.2100;9313.9062
107.6515;99.0929;0.0000;697.2798;9320.9062
107.4964;99.2480;0.0000;692.5201;9327.9062
106.4964;99.9379;0.0000;694.2798;9334.9062
105.4964;100.6278;0.0000;697.1248;9341.9062
104.4964;100.6278;0.0000;692.2100;9348.9062
103.4964;101.3177;0.0000;695.4348;9356.7520
102.4964;102.1627;0.0000;699.9697;9363.7520
102.3414;102.1627;0.0000;692.2100;9370.7520
101.3414;102.8526;0.0000;696.9697;9377.7520
100.3414;103.6976;0.0000;696.2798;9384.7520
99.3414;103.5425;0.0000;692.0549;9391.7520
98.3414;104.3875;0.0000;695.9697;9398.7520
97.3414;105.0774;0.0000;692.5898;9405.7520
96.3414;105.9224;0.0000;695.9697;9412.7520
95.1863;105.9224;0.0000;699.3495;9419.7520
94.1863;106.4572;0.0000;694.7449;9426.7520
93.1863;107.3022;0.0000;696.6596;9433.7520
92.1863;108.1472;0.0000;698.6597;9440.7520
91.1863;108.9921;0.0000;695.1247;9447.7520
90.3414;109.8371;0.0000;696.6596;9454.7520
89.3414;110.6820;0.0000;698.3495;9461.7520
88.3414;111.5270;0.0000;695.1247;9468.7520
88.3414;111.5270;0.0000;696.6596;9475.7520
87.3414;112.3720;0.0000;695.1247;9482.7520
86.3414;113.0619;0.0000;693.9697;9489.7520
86.1863;113.9068;1.8605;701.0394;9496.9062
85.1863;114.7518;0.0000;695.1247;9503.9062
84.1863;115.4417;0.0000;693.9697;9510.9062
84.0313;115.4417;0.0000;701.0394;9517.9062
83.0313;116.2867;0.0000;696.8146;9524.9062
82.0313;117.1316;0.0000;698.8845;9531.9062
81.8763;117.9766;0.0000;696.3495;9539.7520
80.8763;118.8215;0.0000;695.3495;9546.7520
79.8763;119.6665;0.0000;700.5743;9553.7520
78.8763;120.5115;0.0000;696.6596;9560.7520
78.7212;121.2014;0.0000;696.3495;9567.7520
77.7212;122.0463;0.0000;702.4193;9574.7520
77.5662;122.8913;0.0000;696.8146;9581.7520
76.5662;123.7363;0.0000;698.0395;9588.7520
76.4111;124.5812;0.0000;701.7294;9595.7520
76.2561;125.4262;1.8605;693.8147;9602.7520
75.2561;127.1161;0.0000;702.1093;9609.7520
75.1011;127.9611;0.0000;701.4193;9616.7520
74.9460;128.8060;0.0000;694.8146;9623.7520
73.9460;129.6510;0.0000;702.1093;9630.7520
73.7910;131.3409;0.0000;699.8844;9637.7520
72.9460;132.1859;0.0000;697.5743;9644.7520
72.7910;133.0308;0.0000;703.1093;9651.7510
72.6359;133.8758;0.0000;696.3495;9658.7520
71.6359;134.7207;1.8605;699.4193;9665.7520
71.4809;136.4106;0.0000;702.7991;9672.7510
70.4809;137.2556;0.0000;695.5046;9679.7520
70.3259;138.9455;0.0000;701.7991;9686.9072
70.1708;139.7905;0.0000;702.2643;9693.9062
69.1708;141.4804;0.0000;696.1945;9700.9062
69.1708;142.3254;0.0000;700.4193;9707.9072
68.1708;144.0153;0.0000;700.4193;9714.9062
68.0158;145.7052;0.0000;699.1092;9722.7510
67.8607;147.3951;0.0000;704.3340;9729.7520
66.8607;148.3951;0.0000;699.5743;9736.7520
66.7057;150.0851;0.0000;700.7991;9743.7510
66.5507;151.7750;0.0000;701.7991;9750.7520
65.5507;153.4649;0.0000;698.1093;9757.7520
65.3956;154.3098;0.0000;701.3340;9764.7510
64.2406;155.9998;0.0000;702.6441;9771.7520
63.3956;156.8447;0.0000;698.2643;9778.7520
63.2406;158.5346;0.0000;701.4891;9785.7510
62.2406;159.3796;0.0000;702.6441;9792.7520
62.0855;161.0695;0.0000;699.2642;9799.7520
61.0855;161.9145;0.0000;702.1790;9806.7510
61.0855;163.6044;0.0000;698.4193;9813.7520
60.0855;165.2943;1.8605;697.7991;9820.7520
59.9305;166.1393;0.0000;702.1790;9827.7510
59.9305;167.9842;0.0000;699.2642;9834.7520
58.9305;169.6742;0.0000;700.4890;9841.7520
58.7754;170.6741;0.0000;701.7991;9848.7510
58.6204;172.3641;0.0000;698.7991;9855.7520
58.4654;174.0540;1.8605;703.5588;9862.7520
58.3103;175.7439;0.0000;702.3340;9869.9062
58.1553;177.4338;0.0000;699.1092;9876.9062
58.0002;178.2788;0.0000;704.3340;9883.9072
57.8452;179.9687;0.0000;700.1092;9890.9062
57.6902;180.8137;0.0000;702.1790;9897.9062
57.5351;182.5036;0.0000;706.8689;9904.9072
57.5351;183.3485;0.0000;700.7991;9912.7520
57.3801;184.1935;0.0000;701.1790;9919.7510
57.3801;185.8834;0.0000;704.8689;9926.7520
57.2250;186.8834;0.0000;698.7991;9933.7520
57.0700;187.7284;0.0000;703.8689;9940.7510
57.0700;188.5733;10.1395;703.0239;9947.7520
56.9150;190.2633;10.1395;697.6441;9954.7520
56.7599;191.1082;0.0000;703.7138;9961.7510
56.6049;192.7981;10.1395;698.9542;9968.7520
56.4498;193.6431;0.0000;690.0394;9975.7520
56.2948;194.4881;0.0000;694.2642;9982.7510
56.2948;195.3330;0.0000;691.1945;9989.7520
56.1398;196.1780;1.8605;690.5743;9996.7520
55.9847;197.0229;0.0000;694.2642;10003.7510
55.8297;198.0229;0.0000;689.3495;10010.7520
55.6746;198.8679;0.0000;693.1092;10017.7520
55.5196;199.7129;0.0000;692.1093;10024.7510
55.3646;200.5578;0.0000;689.5743;10031.7520
55.2095;201.4028;0.0000;692.2643;10038.7520
55.2095;202.2477;0.0000;692.5743;10045.7510
55.0545;202.2477;0.0000;690.2643;10052.9062
54.8994;203.0927;1.8605;694.3340;10059.9072
55.5893;204.0927;0.0000;688.5743;10066.9062
55.4343;205.0927;0.0000;688.7991;10073.9062
55.2793;205.9376;1.8605;694.0239;10080.9072
55.1242;206.7826;0.0000;687.2643;10087.9062
54.9692;207.6276;0.0000;690.7139;10095.7510
54.8141;208.6276;0.0000;692.8689;10102.7520
54.6591;208.7826;0.0000;688.4890;10109.7520
54.6591;209.7826;0.0000;691.4037;10116.7510
55.3490;210.6276;0.0000;691.0239;10123.7520
55.1940;211.6276;0.0000;688.0239;10130.7520
55.0389;211.6276;0.0000;693.5588;10137.7510
54.8839;212.3175;1.8605;688.1790;10144.7520
54.7289;213.1624;0.0000;689.5588;10151.7520
54.5738;213.1624;1.8605;685.3340;10158.7510
55.2637;214.0074;1.8605;688.4037;10165.7520
55.1087;214.8524;0.0000;690.6285;10172.7520
54.9537;215.0074;0.0000;693.8534;10179.7510
54.7986;216.0074;0.0000;687.0937;10186.7520
54.6436;217.0074;0.0000;689.6286;10193.7520
54.4885;217.0074;1.8605;689.7836;10200.7510
55.3335;217.8524;0.0000;689.1635;10207.7520
55.1785;218.6973;0.0000;694.3882;10214.7520
55.0234;218.8524;1.8605;688.7836;10221.7510
55.0234;219.8524;0.0000;689.4580;10228.7520
55.7133;220.6973;0.0000;694.6130;10235.7520
55.5583;220.6973;1.8605;688.6984;10242.9062
55.4033;221.6973;0.0000;688.6984;10249.9062
55.2482;222.6973;0.0000;693.7681;10256.9072
55.0932;223.6973;0.0000;686.1635;10263.9062
54.9381;223.8524;0.0000;690.9231;10270.9062
54.7831;224.6973;0.0000;690.9231;10278.7520
54.7831;225.5423;1.8605;687.2332;10285.7520
54.6280;226.3872;0.0000;693.1479;10292.7510
54.3180;226.5423;1.8605;688.3882;10299.7520
54.1629;227.5423;0.0000;687.7681;10306.7520
54.0079;228.5423;0.0000;693.3030;10313.7510
53.8528;228.5423;0.0000;687.9231;10320.7520
53.6978;229.3873;0.0000;685.7681;10327.7520
53.6978;230.3872;0.0000;692.8379;10334.7510
53.5428;231.3872;0.0000;687.7681;10341.7520
53.3877;232.2322;0.0000;691.2177;10348.7520
53.2327;233.0772;0.0000;689.5277;10355.7510
53.0776;234.0772;0.0000;687.7681;10362.7520
52.9226;235.0772;0.0000;691.5975;10369.7520
52.6125;236.0772;0.0000;689.9929;10376.7510
53.3024;236.9221;0.0000;688.5277;10383.7520
53.1474;237.9221;0.0000;692.7525;10390.7520
52.9924;238.9221;0.0000;688.6827;10397.7510
52.6823;239.9221;0.0000;688.9076;10404.7520
52.5272;240.7671;0.0000;692.4424;10411.7520
53.2172;241.7671;0.0000;686.6828;10418.7510
53.0621;242.7671;0.0000;691.4425;10425.9062
52.9071;243.7671;0.0000;692.4424;10432.9072
52.7520;244.6120;0.0000;686.3727;10439.9062
52.7520;245.6120;0.0000;688.5975;10446.9062
53.2869;246.6120;0.0000;688.5975;10453.9072
53.2869;247.4570;0.0000;686.7525;10461.7520
53.1319;248.4570;0.0000;692.5122;10468.7510
52.9768;249.4570;0.0000;687.2177;10475.7520
52.8218;250.4570;0.0000;687.5975;10482.7520
53.5117;251.3020;0.0000;693.6672;10489.7510
53.5117;252.3020;0.0000;685.9076;10496.7520
53.3567;253.1469;0.0000;688.2874;10503.7520
54.2016;254.1469;0.0000;691.4425;10510.7510
54.2016;254.9919;0.0000;686.3727;10517.7520
54.0466;255.9919;0.0000;690.9774;10524.7520
54.8915;256.8368;0.0000;688.5975;10531.7510
54.8915;257.6818;0.0000;687.4424;10538.7520
54.7365;258.6818;0.0000;683.5277;10545.7520
54.5815;259.5268;0.0000;686.5975;10552.7510
54.5815;259.6818;0.0000;690.6673;10559.7520
55.2714;260.6818;0.0000;694.2021;10566.7520
55.1163;261.6818;0.0000;686.9075;10573.7510
55.8063;262.6818;0.0000;690.5122;10580.7520
56.4962;262.8369;0.0000;695.2021;10587.7520
56.3411;263.6818;0.0000;685.8223;10594.7510
57.1861;264.6818;0.0000;690.3572;10601.7520
57.0311;264.6818;0.0000;690.5122;10608.9072
57.7210;265.6818;0.0000;687.5122;10615.9062
57.7210;266.5268;0.0000;693.1169;10622.9062
57.5659;266.6818;0.0000;687.6672;10629.9072
58.2559;267.5268;0.0000;689.7371;10636.9062
58.2559;268.5268;0.0000;693.9619;10643.9062
58.1008;268.6818;0.0000;687.2021;10651.7520
58.7907;269.6818;0.0000;690.4269;10658.7520
58.7907;270.5268;0.0000;691.2719;10665.7520
59.4807;271.5268;0.0000;685.2021;10672.7520
60.1706;272.5268;1.8605;690.4269;10679.7520
60.0155;272.6818;0.0000;690.2719;10686.7520
60.7054;273.6818;0.0000;686.0471;10693.7520
60.5504;274.5267;1.8605;691.6517;10700.7520
61.3954;275.5268;0.0000;686.5820;10707.7520
62.0853;276.5268;0.0000;688.9619;10714.7520
61.9302;277.3717;0.0000;689.9618;10721.7520
62.7752;278.3717;0.0000;686.8920;10728.7510
62.6202;279.3717;0.0000;688.6517;10735.7520
63.3101;279.5268;1.8605;692.1866;10742.7520
63.3101;280.3717;0.0000;688.2719;10749.7510
64.0000;281.3717;0.0000;688.6517;10756.7520
64.6899;282.3717;0.0000;687.6517;10763.7520
64.6899;283.3717;0.0000;684.4269;10770.7510
65.3798;284.3717;1.8605;689.3416;10777.7520
65.2248;285.2167;0.0000;686.1168;10784.7520
66.0698;286.2167;0.0000;685.6517;10791.7510
65.9147;287.2167;0.0000;690.4114;10798.9062
66.7597;288.2167;0.0000;684.2719;10805.9072
66.6046;288.3717;0.0000;687.3417;10812.9062
67.4496;289.2167;0.0000;690.0316;10819.9062
68.1395;290.2167;0.0000;684.8068;10826.9072
68.9845;291.2167;0.0000;688.7214;10834.7510
68.8294;292.2167;0.0000;688.4967;10841.7520
69.5193;293.0616;0.0000;684.8068;10848.7520
70.3643;293.3717;0.0000;687.1866;10855.7520
70.2093;294.3717;0.0000;684.2719;10862.7520
71.0542;295.3717;0.0000;684.4967;10869.7520
71.7441;296.3717;0.0000;689.8765;10876.7520
72.5891;297.3717;0.0000;681.9618;10883.7520
73.2790;297.5268;0.0000;685.3417;10890.7520
74.1240;298.5268;0.0000;688.2563;10897.7520
73.9689;299.5268;0.0000;682.3417;10904.7520
74.8139;300.6818;0.0000;688.4114;10911.7520
75.5038;301.6818;0.0000;689.5664;10918.7520
76.3488;301.8368;0.0000;682.3417;10925.7520
76.1937;302.8369;0.0000;686.7215;10932.7520
76.8837;303.9919;0.0000;686.8765;10939.7520
77.7286;304.9919;0.0000;682.4967;10946.7520
78.5736;305.9919;0.0000;684.8765;10953.7520
79.2635;306.9919;0.0000;680.9618;10960.7520
79.2635;308.1469;0.0000;682.3417;10967.7520
80.1085;308.3019;0.0000;686.9463;10974.7520
80.7984;309.3020;0.0000;680.1168;10981.9072
81.6433;310.3019;0.0000;682.3417;10988.9062
82.4883;311.3020;0.0000;683.3416;10995.9062
83.3333;312.3020;1.8605;678.9618;11002.9072
84.8681;313.4570;0.0000;682.3417;11009.9062
85.7131;314.4570;0.0000;682.3417;11017.7520
86.4030;315.4570;0.0000;679.8068;11024.7520
87.2480;315.6121;0.0000;683.5664;11031.7510
87.2480;316.6120;0.0000;677.2719;11038.7520
88.0929;317.6121;0.0000;679.4967;11045.7520
88.7829;318.6120;0.0000;684.8765;11052.7510
89.6278;319.6120;0.0000;679.8068;11059.7520
90.3177;319.7671;1.8605;683.4114;11066.7520
90.3177;320.9221;0.0000;683.1866;11073.7510
91.1627;321.9221;0.0000;678.9618;11080.7520
91.8526;322.9221;1.8605;681.8765;11087.7520
92.6976;323.9221;0.0000;682.3417;11094.7510
93.5425;324.9221;1.8605;677.2719;11101.7520
94.2324;325.0771;0.0000;681.8765;11108.7520
94.2324;326.0772;0.0000;682.4967;11115.7510
94.9224;327.0772;0.0000;679.1866;11122.7520
95.7673;327.3873;0.0000;684.4114;11129.7520
95.7673;328.3872;0.0000;679.4967;11136.7510
96.4572;329.2322;0.0000;680.8765;11143.7520
97.3022;329.3873;0.0000;684.4114;11150.7520
98.1472;330.3872;0.0000;678.4966;11157.7520
98.9921;331.3872;0.0000;681.4114;11164.9062
99.6820;331.5423;0.0000;681.7215;11171.9072
99.6820;332.5423;0.0000;680.3417;11178.9072
100.5270;332.6973;0.0000;683.5664;11185.9062
101.3720;333.6973;0.0000;677.8068;11192.9072
102.0619;333.8524;0.0000;679.1866;11199.9072
102.9068;334.8524;0.0000;683.1866;11207.7510
102.9068;335.0074;0.0000;679.8068;11214.7520
103.7518;335.1624;0.0000;679.0316;11221.7520
104.4417;336.1625;0.0000;682.3417;11228.7510
105.2867;336.3175;1.8605;677.2719;11235.7520
106.1316;337.1624;0.0000;681.2563;11242.7520
106.9766;337.3175;0.0000;680.0316;11249.7510
107.6665;338.3175;0.0000;676.8068;11256.7520
108.5115;338.4725;0.0000;681.4114;11263.7520
109.3564;338.6276;0.0000;679.0316;11270.7510
110.0463;339.6276;0.0000;676.4967;11277.7520
110.0463;339.7826;0.0000;681.4114;11284.7520
110.8913;340.0927;0.0000;676.4967;11291.7510
111.7363;340.2477;0.0000;678.7214;11298.7520
112.5812;341.2477;0.0000;681.7215;11305.7520
112.4262;341.4028;1.8605;675.8068;11312.7510
113.2711;341.7129;0.0000;676.8766;11319.7520
114.1161;342.7129;1.8605;679.5664;11326.7520
114.9611;342.8679;0.0000;676.6517;11333.7510
115.8060;343.1780;0.0000;676.0316;11340.7520
116.6510;344.1780;0.0000;679.1866;11347.7520
116.6510;344.3330;0.0000;677.0316;11354.9062
117.4959;345.4881;1.8605;678.8765;11361.9062
118.1859;345.6431;0.0000;676.3417;11368.9072
119.0308;346.6431;1.8605;677.0316;11375.9062
119.8758;346.9532;0.0000;681.2563;11382.9062
120.7207;347.1082;0.0000;674.2719;11390.7520
121.5657;347.2633;0.0000;677.0316;11397.7520
122.4107;348.4183;0.0000;677.1866;11404.7510
123.2556;348.5733;1.8605;669.7370;11411.7520
123.2556;348.7284;0.0000;676.1866;11418.7520
124.1006;348.8834;1.8605;675.4967;11425.7510
124.9455;349.8834;0.0000;674.4967;11432.7520
125.7905;350.0385;0.0000;676.1866;11439.7520
126.6355;350.1935;1.8605;673.8068;11446.7510
127.4804;350.3485;0.0000;672.8068;11453.7520
128.3254;351.3485;0.0000;677.1866;11460.7520
129.1703;351.5036;0.0000;670.7370;11467.7510
129.1703;351.6586;0.0000;671.6517;11474.7520
130.0153;351.8137;0.0000;676.9618;11481.7520
130.8602;352.8137;0.0000;672.2719;11488.7510
131.7052;352.9687;0.0000;674.6517;11495.7520
131.7052;353.1237;0.0000;674.1168;11502.7520
132.3951;353.2788;10.1395;671.9618;11509.7510
133.2401;353.4338;0.0000;676.8068;11516.7520
134.0850;353.5889;0.0000;672.4269;11523.7520
134.9300;354.5889;0.0000;672.2719;11530.7510
134.9300;354.7439;0.0000;676.9618;11537.9062
136.6199;354.8990;0.0000;673.8920;11544.9072
137.4649;354.8990;0.0000;674.2719;11551.9062
138.3098;355.8990;0.0000;676.4269;11558.9062
139.1548;356.0540;0.0000;669.9773;11565.9072
140.8447;356.2090;0.0000;675.1168;11573.7520
141.6897;357.2090;0.0000;674.7370;11580.7510
142.5346;357.3641;0.0000;673.0471;11587.7520
144.2246;357.5191;0.0000;676.4269;11594.7520
145.0695;358.5191;0.0000;673.3572;11601.7510
145.9145;358.6742;0.0000;671.6672;11608.7520
147.6044;358.6742;0.0000;675.0471;11615.7520
148.4494;358.8292;0.0000;670.1323;11622.7510
150.2943;359.8292;0.0000;670.8223;11629.7520
151.1393;360.1393;0.0000;665.0626;11636.7520
152.8292;361.1393;0.0000;668.0626;11643.7510
154.5191;361.2943;0.0000;671.3572;11650.7520
156.2090;362.2943;0.0000;671.4424;11657.7520
157.0540;362.4494;0.0000;665.2177;11664.7510
158.8990;362.6044;0.0000;670.2874;11671.7520
160.5889;363.6044;0.0000;668.3727;11678.7520
162.2788;363.7594;0.0000;667.5975;11685.7510
163.9687;363.9145;10.1395;672.1324;11692.7520
165.8137;364.0695;0.0000;665.8379;11699.7520
167.5036;364.2245;0.0000;667.0626;11706.7510
168.3485;364.3796;0.0000;670.9076;11713.7520
170.1935;364.6897;0.0000;666.1479;11720.9072
171.8834;364.8447;0.0000;668.2177;11727.9062
173.7284;364.9998;0.0000;666.9929;11734.9062
175.4183;365.1548;0.0000;666.3030;11741.9072
177.1082;365.3098;0.0000;668.3727;11748.9062
178.9532;365.4649;0.0000;667.4579;11755.9062
180.6431;365.6199;10.1395;665.9929;11763.7520
182.3330;365.7750;1.8605;669.6828;11770.7520
184.1780;365.9300;0.0000;666.2332;11777.7510
185.8679;366.0851;0.0000;666.7681;11784.7520
187.5578;366.2401;0.0000;666.9232;11791.7520
189.4028;365.5502;0.0000;664.3882;11798.7510
191.0927;365.7052;0.0000;665.9231;11805.7520
192.7826;365.0153;10.1395;667.6130;11812.7520
194.6276;365.1703;0.0000;661.3882;11819.7510
196.3175;364.6354;0.0000;666.7681;11826.7520
198.0074;364.7905;10.1395;665.0781;11833.7520
199.8524;364.9455;0.0000;662.5432;11840.7510
201.5423;364.2556;0.0000;666.6130;11847.7520
203.3872;364.4107;0.0000;664.5433;11854.7520
205.0772;364.5657;0.0000;664.0781;11861.7510
206.9221;363.8758;0.0000;668.0781;11868.7520
208.6120;364.0308;0.0000;664.1635;11875.7520
210.3020;364.1859;0.0000;666.3882;11882.7510
211.3020;363.4959;0.0000;667.3882;11889.7520
212.9919;363.8060;0.0000;662.8533;11896.7520
214.6818;363.1161;0.0000;666.9232;11903.7510
215.6818;363.2711;10.1395;667.3882;11910.9062
217.3717;362.5812;0.0000;665.3882;11917.9072
219.2167;362.7363;0.0000;667.6130;11924.9062
220.0616;362.0463;0.0000;662.3185;11931.9062
221.9066;362.2014;0.0000;663.0084;11938.9072
223.5965;361.6665;0.0000;667.0782;11946.7520
224.5965;361.8216;0.0000;664.0084;11953.7510
226.4415;361.1316;0.0000;664.2332;11960.7520
228.1314;361.4417;0.0000;668.0781;11967.7520
229.1314;361.5967;0.0000;664.0084;11974.7510
230.1314;360.9069;0.0000;665.5433;11981.7520
231.8213;361.2169;0.0000;666.5433;11988.7520
232.8213;361.3720;0.0000;663.0084;11995.7510
233.6663;360.8371;0.0000;666.9232;12002.7520
234.6663;360.9921;0.0000;664.6983;12009.7520
235.6663;361.1472;0.0000;662.3882;12016.7510
236.5112;361.4572;0.0000;668.0781;12023.7520
238.3562;360.7673;0.0000;662.3185;12030.7520
239.3562;360.9224;0.0000;664.5433;12037.7510
240.3562;361.2325;0.0000;666.9232;12044.7520
241.3562;361.3875;0.0000;662.1635;12051.7520
242.3562;360.6976;0.0000;666.6130;12058.7510
243.2011;361.0077;10.1395;666.3882;12065.7520
244.2012;361.1627;1.8605;663.0084;12072.7520
245.2011;361.3177;0.0000;665.0781;12079.7510
246.2011;360.7829;0.0000;664.2332;12086.7520
248.0461;360.9379;0.0000;662.5432;12093.9072
249.0461;361.0929;0.0000;666.6130;12100.9062
249.8911;361.2480;0.0000;662.0084;12107.9062
250.8911;361.5580;0.0000;665.9231;12114.9072
251.8911;361.7131;0.0000;666.9232;12121.9062
253.7360;361.8681;0.0000;662.1635;12129.7520
254.7360;362.1782;0.0000;665.3882;12136.7520
255.7360;361.4883;0.0000;666.5433;12143.7520
256.7360;361.6433;0.0000;662.0084;12150.7520
257.7360;361.7984;0.0000;666.7681;12157.7520
258.7360;361.1085;0.0000;664.6983;12164.7520
259.7360;361.4185;0.0000;661.8534;12171.7520
260.7360;361.5736;10.1395;666.3882;12178.7520
260.8911;361.7286;0.0000;662.0084;12185.7520
261.8911;361.0387;0.0000;663.3882;12192.7520
262.8911;361.1938;0.0000;665.9231;12199.7520
263.8911;360.5038;0.0000;662.3185;12206.7520
264.8911;360.6589;0.0000;661.5433;12213.7520
265.7360;360.8139;0.0000;665.5433;12220.7520
266.7360;360.1240;0.0000;660.1635;12227.7520
267.7360;360.2791;0.0000;664.2332;12234.7520
268.7360;359.5891;0.0000;664.5433;12241.7520
269.5810;359.5891;0.0000;661.6984;12248.7520
270.5810;358.8992;0.0000;665.9231;12255.7520
271.5810;359.0543;0.0000;661.1635;12262.7520
272.4259;359.2093;0.0000;661.2332;12269.7520
273.4260;358.3643;0.0000;667.6130;12276.9062
274.2709;358.5193;0.0000;662.0084;12283.9062
276.1159;357.8294;0.0000;665.0781;12290.9072
277.1158;357.9845;0.0000;666.2332;12297.9062
277.9608;357.2946;0.0000;662.0084;12304.9062
278.9608;357.4496;0.0000;665.7681;12311.9072
279.9608;356.7597;0.0000;665.9231;12319.7520
280.9608;356.9147;0.0000;662.5432;12326.7520
281.9608;356.0698;0.0000;664.0781;12333.7520
282.9608;356.3799;0.0000;661.0084;12340.7520
284.8058;355.5349;0.0000;663.7681;12347.7520
285.8058;354.8450;0.0000;665.9231;12354.7520
286.8058;354.8450;0.0000;661.6984;12361.7520
288.6508;354.1551;0.0000;664.0781;12368.7520
289.8058;353.4651;0.0000;665.0781;12375.7520
290.8058;352.7752;0.0000;661.6984;12382.7520
292.6507;352.0853;0.0000;664.9231;12389.7520
293.6508;352.0853;0.0000;664.2332;12396.7520
295.4957;351.3954;0.0000;661.2332;12403.7520
296.6508;350.7054;0.0000;665.9231;12410.7520
298.4957;349.8605;0.0000;663.6983;12417.7520
300.4957;349.1706;0.0000;662.5432;12424.7520
301.6508;348.4807;0.0000;666.4580;12431.7520
302.6508;347.6357;0.0000;662.0084;12438.7520
304.6508;346.1008;0.0000;662.2332;12445.7520
306.6507;345.2559;0.0000;666.7681;12452.7520
307.6508;344.5659;0.0000;660.1635;12459.9072
309.6508;343.8760;0.0000;664.7681;12466.9072
310.6508;343.1861;0.0000;665.2332;12473.9062
312.6508;342.4962;0.0000;661.6984;12480.9072
313.6507;340.8063;0.0000;664.2332;12487.9072
314.8058;340.1164;0.0000;663.6983;12494.9062
316.6507;339.4264;0.0000;661.6984;12502.7520
317.8058;337.8916;0.0000;666.7681;12509.7520
318.8058;337.2016;0.0000;661.3185;12516.7510
320.8058;335.5117;0.0000;663.3882;12523.7520
321.8058;334.8218;0.0000;665.7681;12530.7520
322.9608;334.1319;0.0000;660.3185;12537.7510
324.1159;332.4420;0.0000;664.2332;12544.7520
326.1159;331.7520;0.0000;664.6983;12551.7520
327.1159;330.0621;0.0000;660.3185;12558.7520
328.2709;329.3722;0.0000;664.2332;12565.7520
329.4259;327.6823;0.0000;665.0084;12572.7520
330.5810;326.1474;10.1395;662.6983;12579.7520
332.5810;325.4575;0.0000;664.5433;12586.7520
333.5810;323.7675;0.0000;661.6285;12593.7520
334.7360;323.0777;0.0000;662.1635;12600.7520
336.7360;321.3878;0.0000;666.3882;12607.7520
337.8911;319.8528;0.0000;660.1635;12614.7520
339.0461;319.0079;0.0000;663.6983;12621.7520
340.2011;317.4730;0.0000;666.3882;12628.7520
341.3562;315.7831;0.0000;659.6285;12635.7520
342.5112;314.2482;0.0000;664.5433;12642.7520
343.5112;312.5583;0.0000;662.4735;12649.9062
343.8213;311.7133;0.0000;662.1635;12656.9072
344.9763;310.0234;0.0000;664.6983;12663.9072
346.8213;308.4886;0.0000;661.7836;12670.9062
347.9764;307.6436;0.0000;662.3185;12677.9072
348.9763;306.1087;0.0000;666.3882;12685.7520
350.1314;305.2637;0.0000;663.4735;12692.7510
351.1314;303.7289;0.0000;663.0084;12699.7520
352.2864;302.0389;0.0000;665.0084;12706.7520
353.4415;301.1940;0.0000;660.9386;12713.7510
354.4415;299.5041;0.0000;663.3185;12720.7520
355.5965;297.8141;0.0000;665.3185;12727.7520
356.7516;296.2793;0.0000;662.0937;12734.7510
356.9066;295.4343;0.0000;666.0084;12741.7520
358.0616;293.7444;0.0000;662.7836;12748.7520
359.2167;292.2095;0.0000;662.6285;12755.7510
360.2167;290.5196;0.0000;666.8534;12762.7520
361.3717;289.6747;0.0000;662.9387;12769.7520
362.3717;287.9847;0.0000;663.0084;12776.7510
363.5267;287.2948;10.1395;667.1635;12783.7520
364.5268;285.6049;0.0000;662.2487;12790.7520
364.6818;283.9150;0.0000;665.0084;12797.7510
365.8369;283.0700;0.0000;665.4735;12804.7520
366.8368;281.5351;0.0000;662.0937;12811.7520
367.1469;279.8452;0.0000;663.1634;12818.7510
368.1469;279.0002;0.0000;664.4735;12825.7520
369.1469;277.3103;0.0000;663.7836;12832.9072
369.4570;275.6204;0.0000;668.1635;12839.9062
370.4570;273.9305;0.0000;663.4038;12846.9062
370.7671;273.0855;0.0000;665.6285;12853.9072
371.7671;271.3956;0.0000;668.3185;12860.9072
372.0772;269.7057;0.0000;663.4038;12867.9062
373.0771;268.8607;0.0000;668.0084;12875.7520
373.2322;267.1708;0.0000;668.6286;12882.7520
374.3872;265.4809;0.0000;665.9386;12889.7510
374.5423;264.6359;0.0000;669.8533;12896.7520
374.8524;262.9460;0.0000;670.3185;12903.7520
375.0074;261.2561;0.0000;670.6983;12910.7510
375.3175;259.5662;0.0000;673.3882;12917.7520
374.7826;257.8763;0.0000;670.1635;12924.7520
374.9377;256.1863;10.1395;670.8533;12931.7510
374.4028;254.4964;0.0000;677.0782;12938.7520
374.7129;252.8065;10.1395;669.6285;12945.7520
374.8679;251.9616;0.0000;673.5432;12952.7510
374.3330;250.2716;10.1395;677.3882;12959.7520
374.6431;249.4267;10.1395;669.4735;12966.7520
374.9532;247.5817;10.1395;673.6983;12973.7510
374.2633;246.7368;0.0000;673.8533;12980.7520
374.5734;245.8918;10.1395;670.4735;12987.7520
374.8834;244.2019;0.0000;677.0782;12994.7510
375.0385;243.2019;0.0000;670.6285;13001.7520
375.3486;242.3569;0.0000;671.4735;13008.7520
374.8137;240.5120;0.0000;666.5588;13015.9062
375.1237;239.6670;0.0000;677.8534;13022.9062
375.4338;238.8221;0.0000;679.9231;13029.9072
375.7439;237.8220;0.0000;684.4580;13036.9062
375.0540;236.9771;0.0000;678.6983;13043.9062
375.3641;235.1321;0.0000;682.6130;13050.9072
375.6741;235.1321;0.0000;683.2332;13058.7520
375.9842;234.1321;0.0000;679.8533;13065.7510
376.1393;233.2872;0.0000;684.6130;13072.7520
376.6044;232.2872;0.0000;682.5433;13079.7520
376.9145;232.1321;0.0000;682.6984;13086.7510
377.0695;231.2872;0.0000;685.7681;13093.7520
377.3796;230.2872;0.0000;682.6984;13100.7520
377.6897;230.1321;0.0000;683.2332;13107.7510
377.8447;229.2872;0.0000;687.0781;13114.7520
378.1548;229.1321;0.0000;683.0084;13121.7520
378.4649;228.9771;0.0000;685.0781;13128.7510
378.6199;228.8220;0.0000;682.1635;13135.7520
378.9300;228.6670;0.0000;667.6440;13142.7520
379.0851;228.5120;1.8605;638.7604;13149.7510
378.5502;228.3569;0.0000;595.4427;13156.7520
378.8603;228.2019;1.8605;506.4119;13163.7520
379.0153;227.2019;0.0000;151.3739;13170.7510
43.8765;57.2100;0.0000;149.6142;1998.9391
44.0315;57.0550;0.0000;149.3042;2000.0244
44.3416;56.8999;0.0000;149.6142;2001.1097
44.6517;56.5898;0.0000;149.6142;2002.1949
44.8067;56.4348;0.0000;149.3042;2003.4353
45.1168;56.2798;0.0000;149.6142;2004.5206
45.4269;56.1247;0.0000;149.7693;2005.6058
45.5820;55.9697;0.0000;149.6142;2006.6912
45.8920;55.8146;0.0000;149.9243;2007.7765
46.0471;55.6596;0.0000;149.6142;2008.8617
46.3572;55.5046;0.0000;150.0793;2009.9470
46.6672;55.3495;0.0000;150.3894;2011.0323
46.9773;55.0394;0.0000;149.7693;2012.1176
47.2874;54.8844;0.0000;150.0793;2013.2029
47.4424;54.7294;0.0000;150.5445;2014.2881
47.7525;54.4193;0.0000;149.7693;2015.3734
48.0626;54.2642;0.0000;150.5445;2016.4587
48.2176;54.1092;0.0000;150.5445;2017.5439
48.5277;53.9541;0.0000;150.0793;2018.6293
48.6828;53.6441;0.0000;150.5445;2019.7146
48.9928;53.6441;0.0000;150.0793;2020.7998
49.1479;53.3340;0.0000;149.9243;2021.8851
49.4580;53.3340;0.0000;150.8546;2022.9705
49.6130;53.1789;0.0000;150.2344;2024.0557
49.9231;53.0239;0.0000;150.5445;2025.1410
50.0781;52.8689;0.0000;150.5445;2026.2263
50.3882;52.5588;0.0000;150.2344;2027.3115
50.6983;52.4037;0.0000;150.5445;2028.3969
51.0084;52.2487;0.0000;150.5445;2029.4822
51.1634;51.9386;0.0000;150.5445;2030.5674
51.4735;51.6285;0.0000;151.0096;2031.8077
51.7836;51.4735;0.0000;150.6995;2032.8931
51.9386;51.1634;0.0000;150.8546;2033.9783
52.0937;51.0084;0.0000;151.4747;2035.0636
52.4037;50.8533;0.0000;150.5445;2036.1489
52.5588;50.6983;0.0000;151.0096;2037.2341
52.7138;50.3882;0.0000;150.8546;2038.3195
53.0239;50.2332;1.8605;150.8546;2039.4048
53.1789;50.0781;0.0000;151.1646;2040.4900
53.3340;49.9231;1.8605;151.1646;2041.5753
53.4890;49.6130;0.0000;150.8546;2042.6606
53.7991;49.4580;0.0000;151.1646;2043.7458
53.9541;49.1479;0.0000;151.0096;2044.8312
54.1092;48.9928;0.0000;151.0096;2045.9164
54.2642;48.8378;0.0000;151.4747;2047.0017
54.5743;48.5277;0.0000;150.6995;2048.0869
54.7294;48.3727;0.0000;151.1646;2049.1724
54.8844;48.0626;0.0000;151.4747;2050.2576
55.0394;47.7525;0.0000;150.8546;2051.3428
55.1945;47.4424;0.0000;151.4747;2052.4282
55.5046;47.1324;0.0000;151.3197;2053.5134
55.6596;46.8223;0.0000;150.8546;2054.5986
55.9697;46.5122;0.0000;151.4747;2055.6841
56.1247;46.2021;0.0000;151.3197;2056.7693
56.4348;45.8920;0.0000;151.1646;2057.8545
56.5898;45.7370;0.0000;151.6298;2058.9399
56.7449;45.4269;0.0000;151.3197;2060.1802
56.8999;45.2719;0.0000;151.4747;2061.2654
57.0550;45.1168;0.0000;151.6298;2062.3508
57.3650;44.8067;0.0000;151.1646;2063.4360
57.3650;44.6517;0.0000;151.4747;2064.5212
57.5201;44.4967;0.0000;151.6298;2065.6067
57.6751;44.1866;0.0000;151.4747;2066.6919
57.8302;44.0315;0.0000;151.9398;2067.7771
57.9852;43.7215;0.0000;151.7848;2068.8625
58.1402;43.4114;0.0000;151.6298;2069.9478
58.2953;43.2563;1.8605;151.9398;2071.0330
58.2953;42.9463;0.0000;151.9398;2072.1184
58.4503;42.6362;1.8605;151.9398;2073.2036
58.6054;42.4811;0.0000;152.2499;2074.2888
58.7604;42.1711;0.0000;151.9398;2075.3743
58.7604;41.8610;0.0000;152.2499;2076.4595
59.0705;41.7059;0.0000;152.2499;2077.5447
59.0705;41.3959;0.0000;150.8546;2078.6301
59.2255;41.0858;0.0000;152.4050;2079.7153
59.3806;40.7757;0.0000;152.5600;2080.8005
59.5356;40.6207;0.0000;152.4050;2081.8860
59.5356;40.3106;0.0000;152.7150;2082.9712
59.6907;40.0005;0.0000;152.4050;2084.0564
59.8457;39.6904;0.0000;152.5600;2085.1416
60.0007;39.5354;0.0000;152.8701;2086.2271
60.0007;39.2253;0.0000;152.4050;2087.3123
60.1558;39.0702;0.0000;152.2499;2088.3975
60.3108;38.9152;0.0000;152.7150;2089.6379
60.4659;38.6051;0.0000;152.4050;2090.7231
60.4659;38.4501;0.0000;152.2499;2091.8083
60.6209;38.2950;0.0000;152.5600;2092.8938
60.7759;37.9850;0.0000;152.4050;2093.9790
60.7759;37.8299;0.0000;152.5600;2095.0642
60.9310;37.5198;0.0000;152.4050;2096.1497
61.0860;37.3648;0.0000;152.8701;2097.2349
61.0860;37.0547;0.0000;153.1802;2098.3201
61.0860;36.7446;0.0000;152.4050;2099.4055
61.0860;36.5896;0.0000;152.5600;2100.4907
61.2411;36.2795;0.0000;152.8701;2101.5759
61.2411;36.1245;0.0000;152.4050;2102.6614
61.2411;35.8144;0.0000;152.4050;2103.7466
61.3961;35.5043;1.8605;152.7150;2104.8318
61.3961;35.3493;0.0000;152.5600;2105.9172
61.5511;35.0392;1.8605;152.4050;2107.0024
61.5511;34.8841;0.0000;152.0949;2108.0876
61.5511;34.7291;0.0000;152.0949;2109.1731
61.7062;34.5741;0.0000;151.9398;2110.2583
61.7062;34.5741;1.8605;152.0949;2111.3435
61.7062;34.4190;0.0000;152.4050;2112.4290
61.7062;34.2640;1.8605;152.4050;2113.5142
61.7062;34.2640;0.0000;151.9398;2114.5994
61.7062;34.1089;0.0000;152.0949;2115.6848
61.7062;33.9539;0.0000;151.4747;2116.7700
61.7062;33.6438;0.0000;150.3894;2118.0103
61.7062;33.4888;0.0000;152.2499;2119.0957
61.8612;33.3337;0.0000;149.9243;2120.1809
61.8612;33.0237;0.0000;151.0096;2121.2661
61.8612;32.8686;0.0000;151.0096;2122.3516
61.8612;32.7136;0.0000;150.3894;2123.4368
62.0163;32.5585;0.0000;150.5445;2124.5220
62.0163;32.4035;0.0000;150.8546;2125.6074
62.0163;32.2485;0.0000;150.2344;2126.6926
62.0163;32.0934;0.0000;150.5445;2127.7778
62.0163;31.9384;0.0000;150.5445;2128.8633
62.0163;31.7833;0.0000;149.7693;2129.9485
62.0163;31.6283;0.0000;150.0793;2131.0337
62.1713;31.4733;0.0000;149.7693;2132.1191
62.1713;31.3182;0.0000;149.4592;2133.2043
62.1713;31.1632;0.0000;149.3042;2134.2896
62.1713;31.1632;0.0000;149.3042;2135.3750
62.1713;31.1632;0.0000;149.6142;2136.4602
62.1713;31.1632;0.0000;149.9243;2137.5454
62.1713;31.1632;0.0000;149.3042;2138.6309
62.1713;31.0081;0.0000;149.4592;2139.7161
62.1713;31.0081;0.0000;149.1491;2140.8013
62.1713;31.0081;0.0000;148.3739;2141.8867
62.1713;31.0081;0.0000;147.2886;2142.9719
62.0163;31.0081;0.0000;145.4281;2144.0571
62.0163;31.0081;0.0000;142.9475;2145.1423
62.0163;31.0081;0.0000;141.0870;2146.3828
62.0163;31.0081;0.0000;136.7458;2147.4680
62.0163;31.0081;0.0000;130.0791;2148.5535
62.0163;31.0081;0.0000;120.3115;2149.6387
62.0163;31.0081;1.8605;100.0012;2150.7239
61.8612;31.0081;3.7210;61.3961;2151.8091
61.8612;31.0081;5.5815;29.3027;2152.8945
95.1950;-2.4807;0.0000;61.7062;2302.1987
95.1950;-2.6357;0.0000;62.1713;2303.2839
95.1950;-2.6357;0.0000;62.3263;2304.3691
95.1950;-2.6357;0.0000;65.7372;2305.4546
95.1950;-2.6357;0.0000;70.2334;2306.5398
95.1950;-2.6357;0.0000;72.0939;2307.6250
95.1950;-2.6357;0.0000;71.6288;2308.7104
95.1950;-2.6357;0.0000;68.9931;2309.7957
95.1950;-2.4807;0.0000;61.3961;2310.8809
95.1950;-2.4807;0.0000;23.2561;2311.9663
