200.3417;202.6583;0.0000;38.2435;0.0000
200.3417;202.6583;0.0000;100.4459;7.0000
200.3417;202.6583;0.0000;110.3958;14.0000
200.3417;202.6583;0.0000;126.4960;21.0000
200.3417;202.6583;0.0000;159.7966;28.0000
200.3417;202.6583;0.0000;186.7556;35.0000
200.3417;202.6583;0.0000;203.2475;42.0000
200.3417;202.6583;0.0000;219.0060;49.0000
200.3417;202.6583;0.0000;229.5231;56.0000
200.6834;202.6583;0.0000;241.0151;63.0000
200.6834;202.6583;0.0000;254.4319;70.6583
200.6834;202.6583;0.0000;262.2405;77.6583
201.0251;202.6583;0.0000;274.3157;84.6583
201.0251;202.6583;0.0000;281.0491;91.6583
201.3667;202.3166;0.0000;285.5161;98.6583
201.3667;202.3166;0.0000;292.9079;105.6583
201.7084;202.3166;0.0000;297.9580;112.6583
201.7084;201.9749;0.0000;302.3998;119.6583
201.7084;201.9749;0.0000;308.3998;126.6583
202.0501;201.9749;0.0000;309.5001;133.6583
202.0501;201.9749;0.0000;314.2335;141.0000
202.3918;201.6333;0.0000;316.9169;148.0000
202.3918;201.6333;0.0000;317.3588;155.0000
202.7335;201.2916;0.0000;321.0421;162.0000
202.7335;201.2916;0.0000;323.0421;169.0000
202.7335;201.2916;0.0000;322.1173;176.0000
203.0751;200.9499;0.0000;326.0923;183.0000
203.0751;200.6082;0.0000;326.4339;190.0000
203.0751;200.6082;0.0000;326.8257;197.0000
203.0751;200.2665;0.0000;328.1423;204.0000
203.0751;200.2665;0.0000;327.8508;211.0000
203.0751;199.9248;0.0000;329.2426;218.0000
203.0751;199.9248;0.0000;333.1924;225.0000
203.0751;199.9248;0.0000;330.9510;232.0000
203.0751;199.5832;0.0000;334.2926;239.0000
203.0751;199.5832;0.0000;333.6093;246.0000
203.0751;199.5832;0.0000;333.3427;253.0000
203.0751;199.2415;0.0000;336.0011;260.6583
203.0751;199.2415;0.0000;334.6594;267.6583
203.0751;198.8998;0.0000;334.0261;274.6583
203.0751;198.8998;0.0000;336.3427;281.6583
203.0751;198.8998;0.0000;335.3928;288.6583
203.0751;198.5581;0.0000;337.7596;295.6583
203.0751;198.5581;0.0000;340.7095;302.6583
202.7335;198.5581;0.0000;338.7846;309.6583
202.7335;198.2164;0.0000;340.4680;316.6583
202.7335;198.2164;0.0000;341.4429;324.0000
202.7335;198.2164;0.0000;341.1764;331.0000
202.7335;198.2164;0.0000;342.4930;338.0000
202.7335;197.8747;0.0000;344.1263;345.0000
202.7335;197.8747;0.0000;343.5181;352.0000
202.3918;197.8747;0.0000;346.1514;359.0000
202.3918;197.5331;0.0000;344.5181;366.0000
202.3918;197.5331;0.0000;344.5432;373.0000
202.3918;197.5331;0.0000;347.1764;380.0000
202.0501;197.5331;0.0000;345.5682;387.0000
202.0501;197.1914;0.0000;346.5933;394.0000
202.0501;197.1914;0.0000;348.2015;401.0000
201.7084;197.1914;0.0000;346.6433;408.0000
201.7084;197.1914;0.0000;349.2265;415.0000
201.7084;197.1914;0.0000;350.2516;422.0000
201.7084;196.8497;0.0000;347.9600;429.0000
201.3667;196.8497;0.0000;350.5933;436.0000
201.3667;196.8497;0.0000;348.6183;443.6583
201.3667;196.8497;0.0000;347.9850;450.6583
201.3667;196.8497;0.0000;349.3017;457.6583
201.3667;196.8497;0.0000;347.3517;464.6583
201.0251;196.5080;0.0000;348.6935;471.6583
201.0251;196.5080;0.0000;348.9850;478.6583
200.6834;196.5080;0.0000;348.0602;485.6583
200.6834;196.5080;0.0000;350.3518;492.6583
200.3417;196.5080;0.0000;350.6684;499.6583
200.3417;196.5080;0.0000;349.0602;506.6583
200.3417;196.5080;0.0000;351.7185;514.0000
200.0000;196.5080;0.0000;351.7185;521.0000
200.0000;196.1663;0.0000;351.1103;528.0000
199.6583;196.1663;0.0000;353.4019;535.0000
199.6583;195.5080;0.0000;352.4520;542.0000
199.6583;195.5080;0.0000;354.1353;549.0000
199.3166;195.5080;0.0000;356.0852;556.0000
199.3166;195.5080;0.0000;353.1604;563.0000
199.3166;195.1663;0.0000;355.4770;570.0000
198.9749;195.1663;0.0000;356.7686;577.0000
198.9749;195.1663;0.0000;353.8438;584.0000
198.6333;195.1663;0.0000;355.5021;591.0000
198.6333;195.1663;0.0000;355.8187;598.0000
198.2916;195.1663;0.0000;355.5271;605.0000
198.2916;195.1663;0.0000;356.8187;612.0000
197.9499;195.1663;0.0000;355.5271;619.0000
197.9499;195.1663;0.0000;358.5522;626.6583
197.9499;195.8246;0.0000;361.4770;633.6583
197.6082;195.8246;0.0000;361.4770;640.6583
197.6082;195.8246;0.0000;366.7936;647.6583
197.6082;195.8246;0.0000;368.4019;654.6583
197.2665;195.8246;0.0000;366.7936;661.6583
197.2665;195.8246;0.0000;368.4019;668.6583
197.2665;195.8246;0.0000;369.7436;675.6583
196.9248;195.8246;0.0000;370.7686;682.6583
196.9248;195.8246;0.0000;373.0101;689.6583
196.5832;195.8246;0.0000;372.3768;697.0000
196.5832;195.8246;0.0000;374.4019;704.0000
196.5832;195.8246;0.0000;376.6684;711.0000
196.2415;195.8246;0.0000;375.3768;718.0000
196.2415;195.8246;0.0000;376.0352;725.0000
195.8998;196.1663;0.0000;377.9850;732.0000
195.8998;196.1663;0.0000;377.0351;739.0000
195.8998;196.1663;0.0000;380.0101;746.0000
195.5581;196.1663;0.0000;379.3267;753.0000
195.5581;196.1663;0.0000;377.0351;760.0000
195.2164;195.5080;0.0000;381.3267;767.0000
195.8747;195.5080;0.0000;381.0101;774.0000
195.8747;195.5080;0.0000;380.7185;781.0000
195.5331;195.5080;0.0000;381.6684;788.0000
195.5331;195.5080;0.0000;380.0352;795.0000
195.5331;195.5080;0.0000;382.4019;802.0000
194.8747;195.5080;0.0000;378.4019;809.0000
194.8747;195.5080;0.0000;369.5772;816.6583
194.5331;195.5080;0.0000;363.9940;823.6583
194.5331;195.5080;0.0000;350.8027;830.6583
194.1914;195.5080;0.0000;333.0532;837.6583
194.1914;195.8497;0.0000;301.4540;844.6583
193.5331;195.1914;0.0000;273.1213;1072.8527
193.5331;195.1914;0.0000;277.1714;1079.8527
193.5331;195.1914;0.0000;281.0211;1086.8527
193.1914;195.1914;0.0000;285.9710;1093.8527
193.1914;195.5331;0.0000;287.3378;1101.1943
192.8497;195.5331;0.0000;286.3127;1108.1943
192.8497;195.8747;0.0000;299.1875;1115.1943
192.8497;195.8747;0.0000;312.3538;1122.1943
192.5080;195.8747;0.0000;323.4951;1129.1943
192.5080;196.2164;0.0000;338.3698;1136.1943
192.8246;196.2164;0.0000;341.9780;1143.8525
192.8246;196.2164;0.0000;345.9279;1150.8525
192.8246;196.2164;0.0000;348.2696;1157.8525
192.8246;196.5581;0.0000;347.2446;1164.8527
192.4830;196.5581;0.0000;351.5361;1171.8527
192.4830;196.5581;0.0000;352.8778;1178.8527
192.1413;196.5581;0.0000;353.1694;1185.8527
192.1413;196.8998;0.0000;359.4610;1192.8527
192.1413;196.8998;0.0000;358.8027;1199.8527
192.1413;196.8998;0.0000;362.0692;1206.8527
191.7996;196.8998;0.0000;366.0442;1213.8527
191.7996;197.2415;0.0000;364.7275;1220.8527
191.4579;197.2415;0.0000;369.3107;1227.8527
191.4579;197.2415;0.0000;371.9690;1234.8527
191.4579;197.5832;0.0000;370.2856;1241.8527
191.4579;197.5832;0.0000;373.6023;1248.8527
191.1162;197.5832;0.0000;374.2606;1255.8527
191.1162;197.9248;0.0000;372.6023;1262.8527
191.1162;198.5832;0.0000;376.2355;1269.8527
190.7745;198.5832;0.0000;374.6273;1276.8527
190.7745;198.9248;0.0000;373.9189;1283.8527
190.7745;198.9248;0.0000;377.2606;1291.1943
190.7745;198.9248;0.0000;374.6273;1298.1943
191.0912;199.2665;0.0000;376.5772;1305.1943
191.0912;199.2665;0.0000;379.2355;1312.1943
191.0912;199.2665;0.0000;375.2856;1319.1943
190.7495;199.6082;0.0000;379.2355;1326.8525
190.7495;199.6082;0.0000;379.9189;1333.8525
190.7495;199.6082;0.0000;379.2355;1340.8525
190.4078;199.9499;0.0000;383.8688;1347.8525
190.4078;199.9499;0.0000;381.8939;1354.8525
190.4078;200.2916;0.0000;382.5021;1361.8525
190.0661;200.2916;0.0000;388.4770;1368.8525
190.0661;200.2916;0.0000;385.5021;1375.8525
190.0661;200.6333;0.0000;386.4770;1382.8525
190.7244;200.6333;0.0000;388.1353;1389.8525
190.3828;200.9749;0.0000;383.8438;1396.8525
190.3828;201.3166;0.0000;387.1353;1403.8525
190.3828;201.3166;0.0000;388.8187;1410.8525
190.6994;201.6583;0.0000;387.7936;1417.8525
190.6994;202.0000;0.0000;391.4269;1424.8525
190.6994;201.3417;0.0000;394.4019;1431.8525
190.6994;201.6833;0.0000;396.3517;1438.8525
190.3577;201.0251;0.0000;399.6684;1445.8527
190.3577;201.3667;0.0000;398.6684;1452.8525
191.0160;201.0501;0.0000;400.2766;1459.8527
191.0160;201.0501;0.0000;403.2766;1466.8525
191.0160;200.7335;0.0000;400.9600;1474.1943
191.0160;200.7335;0.0000;405.2516;1481.1943
190.6743;201.0751;4.1002;406.2516;1488.1943
190.6743;200.4168;0.0000;403.5933;1495.1943
190.6743;200.7585;0.0000;407.2265;1502.1943
191.3327;200.7585;0.0000;406.6183;1509.8525
191.3327;200.1002;0.0000;404.9099;1516.8527
191.3327;200.4419;0.0000;407.5682;1523.8525
191.3327;200.1252;4.1002;405.9099;1530.8527
191.3327;199.4669;0.0000;404.8848;1537.8525
191.6493;199.8086;0.0000;408.2516;1544.8527
191.6493;199.4920;0.0000;405.5933;1551.8525
191.6493;199.8337;4.1002;407.2265;1558.8527
191.6493;199.1754;0.0000;407.9099;1565.8525
191.6493;199.5170;0.0000;406.2516;1572.8527
191.6493;199.5170;0.0000;407.8848;1579.8525
191.6493;199.2004;0.0000;408.2516;1586.8527
191.6493;199.2004;0.0000;406.5682;1593.8525
191.6493;199.5421;4.1002;409.8848;1600.8527
191.6493;199.5421;0.0000;408.5932;1607.8525
190.9910;199.2254;0.0000;408.2265;1614.8527
190.9910;199.2254;0.0000;412.2015;1621.8525
190.6743;198.9088;0.0000;408.5932;1628.8527
190.0160;198.9088;4.1002;412.5432;1635.8525
189.3577;198.5922;0.0000;414.8848;1642.8527
188.6994;198.9339;4.1002;415.9099;1649.8525
188.0411;198.2755;0.0000;418.1013;1657.1943
187.3828;197.9589;0.0000;429.0762;1664.1943
186.7244;197.6423;0.0000;436.5842;1671.1943
186.0661;197.6423;0.0000;447.8007;1678.1943
186.0661;197.3257;0.0000;451.7756;1685.1943
185.4078;197.3257;0.0000;454.7004;1692.1943
185.4078;197.6673;0.0000;459.3588;1699.8527
184.7495;197.6673;0.0000;455.4089;1706.8525
185.0912;198.0090;0.0000;458.0421;1713.8527
185.0912;198.0090;0.0000;460.3838;1720.8525
185.0912;198.3507;0.0000;456.4089;1727.8527
185.0912;198.6924;0.0000;460.3838;1734.8525
185.0912;198.6924;0.0000;460.0922;1741.8527
184.7745;198.6924;0.0000;458.7255;1748.8525
184.7745;199.0341;0.0000;462.3839;1755.8527
184.7745;199.0341;0.0000;460.0922;1762.8525
184.1162;199.0341;0.0000;461.3838;1769.8527
183.7996;199.3757;0.0000;465.3838;1776.8525
183.7996;199.3757;0.0000;462.7255;1783.8527
183.1413;199.7174;0.0000;465.0421;1790.8525
182.4830;199.7174;4.1002;468.7004;1797.8527
181.8246;200.0591;0.0000;466.0171;1804.8525
181.8246;200.4008;0.0000;470.3337;1811.8527
181.5080;200.4008;0.0000;473.6503;1818.8525
180.8497;200.4008;0.0000;472.9670;1825.8527
180.1914;200.0842;0.0000;477.2836;1832.8525
179.8747;200.0842;4.1002;477.9670;1840.1943
178.5581;200.0842;0.0000;479.9169;1847.1943
177.8998;200.4258;0.0000;486.2084;1854.1943
177.2415;200.4258;0.0000;486.5502;1861.1943
176.5832;200.7675;0.0000;491.7916;1868.1943
176.9249;200.7675;0.0000;498.4249;1875.1943
176.2665;201.1092;0.0000;497.3998;1882.8527
175.6082;201.1092;0.0000;500.6914;1889.8525
175.9499;202.1092;0.0000;503.3748;1896.8527
175.2916;202.1092;0.0000;500.7165;1903.8525
174.9749;202.7675;0.0000;505.0081;1910.8527
174.9749;203.1092;0.0000;504.3998;1917.8525
174.6583;203.7675;0.0000;504.3998;1924.8527
174.0000;204.1092;0.0000;508.3748;1931.8525
173.3417;204.7675;0.0000;507.0832;1938.8527
173.0251;205.1092;0.0000;507.0582;1945.8525
172.3667;205.7675;0.0000;510.3998;1952.8527
172.3667;206.1092;0.0000;508.4249;1959.8525
172.0501;206.7675;0.0000;510.3998;1966.8527
171.3918;206.7675;0.0000;510.7666;1973.8525
171.7335;207.7675;0.0000;508.0832;1980.8527
171.7335;207.7675;0.0000;511.0832;1987.8525
171.0751;208.7675;0.0000;510.4500;1994.8527
171.4168;208.7675;0.0000;509.1083;2001.8525
171.4168;209.7675;0.0000;514.0833;2008.8527
170.7585;210.4258;0.0000;510.1333;2015.8525
171.1002;210.7675;0.0000;511.1082;2022.8527
171.4419;211.4258;0.0000;514.1083;2030.1943
171.4419;212.4259;0.0000;510.4750;2037.1943
171.1252;212.4259;0.0000;512.7666;2044.1943
171.1252;213.0842;0.0000;513.7916;2051.1943
171.4669;213.0842;0.0000;511.1333;2058.1943
171.4669;214.0842;0.0000;514.1333;2065.8525
171.4669;214.7425;0.0000;514.1583;2072.8525
171.4669;214.7425;0.0000;512.4750;2079.8525
171.8086;215.7425;0.0000;516.1333;2086.8525
171.8086;216.4008;0.0000;513.5251;2093.8525
172.1503;217.4008;0.0000;513.1583;2100.8525
171.4920;218.0591;0.0000;514.0833;2107.8525
171.8337;218.0591;0.0000;513.2085;2114.8525
171.8337;218.7174;0.0000;516.1584;2121.8525
172.1754;219.3758;0.0000;517.5251;2128.8525
172.1754;219.7174;0.0000;513.8668;2135.8525
172.5170;220.3757;0.0000;516.5001;2142.8525
172.5170;221.0341;0.0000;516.8918;2149.8525
172.8587;221.0341;0.0000;515.5502;2156.8525
172.2004;221.6924;0.0000;518.8668;2163.8525
172.5421;222.3507;0.0000;517.2585;2170.8525
172.5421;223.0090;0.0000;517.2084;2177.8525
172.2254;224.0090;0.0000;520.2085;2184.8525
172.2254;224.6673;0.0000;517.5752;2191.8525
172.5671;225.3257;0.0000;519.2085;2198.8525
172.5671;225.9840;0.0000;521.5502;2205.8525
172.9088;226.6423;0.0000;517.9169;2213.1943
172.9088;226.6423;0.0000;519.8918;2220.1943
173.2505;227.3006;0.0000;520.9169;2227.1943
173.2505;227.9589;0.0000;518.9169;2234.1943
173.5922;228.6172;0.0000;522.2085;2241.1943
173.9339;228.6172;0.0000;521.6002;2248.1943
173.9339;229.2755;7.8998;521.6002;2255.8525
174.2755;229.9339;0.0000;526.2085;2262.8525
174.6172;229.9339;0.0000;519.6253;2269.8525
174.9589;230.5922;0.0000;521.6002;2276.8525
175.6172;231.2505;0.0000;524.2585;2283.8525
175.9589;231.2505;0.0000;521.6253;2290.8525
175.9589;232.2505;0.0000;524.2335;2297.8525
176.9589;232.9088;0.0000;525.6002;2304.8525
176.9589;233.5671;0.0000;522.9419;2311.8525
177.9589;234.2254;0.0000;527.2335;2318.8525
178.9589;234.8838;0.0000;525.2836;2325.8525
178.9589;235.5421;0.0000;524.6002;2332.8525
179.9589;236.2004;0.0000;529.8918;2339.8525
180.9589;236.2004;0.0000;527.2585;2346.8525
181.3006;236.8587;0.0000;527.9169;2353.8525
181.9589;237.5170;0.0000;531.2335;2360.8525
182.3006;238.1753;0.0000;528.9169;2367.8525
183.3006;238.8337;0.0000;532.5251;2374.8525
184.3006;239.4920;0.0000;535.2084;2381.8525
184.3006;240.1503;0.0000;532.5502;2388.8525
185.3006;240.8086;0.0000;536.5001;2396.1943
185.9589;241.4669;0.0000;536.8668;2403.1943
186.3006;241.4669;0.0000;535.5001;2410.1943
186.9589;242.1252;0.0000;540.8167;2417.1943
187.9589;242.7836;0.0000;537.5251;2424.1943
188.3006;242.7836;0.0000;538.1583;2431.1943
189.3006;243.4419;0.0000;541.8167;2438.8525
189.6423;243.1002;0.0000;537.8668;2445.8525
190.3006;243.7585;0.0000;541.1583;2452.8525
190.6423;244.4168;0.0000;541.1583;2459.8525
191.3006;244.4168;0.0000;539.1834;2466.8525
191.6423;245.0751;0.0000;542.1583;2473.8525
192.6423;245.0751;0.0000;541.8668;2480.8525
192.9840;245.3918;0.0000;540.1834;2487.8525
193.6423;246.0501;0.0000;543.8417;2494.8525
194.6423;246.0501;0.0000;540.5502;2501.8525
194.6423;246.7084;0.0000;540.5001;2508.8525
195.6423;246.7084;0.0000;545.1834;2515.8525
195.6423;247.3667;0.0000;540.2085;2522.8525
196.6423;247.0251;0.0000;543.8417;2529.8525
196.9840;247.6833;0.0000;544.5251;2536.8525
197.9840;247.6833;0.0000;541.5251;2543.8525
197.9840;248.3417;0.0000;543.5001;2550.8525
198.9840;248.0000;0.0000;543.8918;2557.8525
199.6423;248.0000;0.0000;542.2084;2564.8525
199.9840;248.6583;0.0000;545.8668;2571.8525
200.9840;248.6583;0.0000;540.8417;2578.8525
201.3257;248.9749;0.0000;544.8918;2586.1943
201.9840;248.9749;0.0000;548.2085;2593.1943
202.3257;248.9749;0.0000;543.5752;2600.1943
202.9840;249.2916;0.0000;544.5251;2607.1943
203.3257;249.2916;0.0000;547.8918;2614.1943
204.3257;249.9499;0.0000;543.6002;2621.8525
204.9840;249.6082;0.0000;546.5752;2628.8525
205.3257;250.2665;0.0000;546.9169;2635.8525
205.9840;250.2665;0.0000;545.2585;2642.8525
206.9840;250.5832;0.0000;548.9169;2649.8525
207.9840;250.2415;0.0000;545.9419;2656.8525
208.3257;250.2415;0.0000;546.5752;2663.8525
208.9840;250.8998;0.0000;549.5752;2670.8525
209.9840;250.5581;0.0000;545.9419;2677.8525
209.9840;250.5581;0.0000;546.5752;2684.8525
210.9840;250.2164;0.0000;549.5752;2691.8525
211.9840;250.8747;0.0000;545.9419;2698.8525
211.9840;250.5331;0.0000;549.5752;2705.8525
212.6423;250.5331;0.0000;550.2585;2712.8525
213.6423;250.5331;0.0000;547.6002;2719.8525
213.9840;250.1914;0.0000;550.2335;2726.8525
214.6423;250.8497;0.0000;548.6253;2733.8525
215.6423;250.8497;0.0000;548.9420;2740.8525
216.3006;250.5080;0.0000;552.6002;2747.8525
217.3006;250.1663;0.0000;549.9920;2754.8525
217.9589;250.1663;0.0000;551.2836;2761.8525
218.9589;250.1663;0.0000;552.6253;2769.1943
219.6172;249.8246;0.0000;549.9920;2776.1943
220.6172;249.8246;0.0000;552.3087;2783.1943
221.2755;249.4829;0.0000;553.6503;2790.1943
222.2755;249.4829;0.0000;551.3337;2797.1943
222.2755;249.1413;0.0000;555.6504;2804.1943
223.2755;248.4830;0.0000;554.3588;2811.8525
224.2756;248.1413;0.0000;552.3588;2818.8525
224.9339;248.1413;0.0000;557.3337;2825.8525
225.5922;247.7996;0.0000;555.0421;2832.8525
226.5922;247.7996;0.0000;556.0171;2839.8525
227.2505;247.4579;0.0000;560.0171;2846.8525
228.2505;247.4579;0.0000;556.7255;2853.8525
228.9088;247.1162;0.0000;560.7004;2860.8525
230.5671;247.1162;4.1002;561.0421;2867.8525
231.2254;246.7745;0.0000;559.0421;2874.8525
232.2254;246.7745;4.1002;563.7004;2881.8525
232.8838;246.7745;0.0000;562.4089;2888.8525
233.8838;246.4329;0.0000;559.7004;2895.8525
233.8838;245.4329;0.0000;564.7004;2902.8525
234.8838;245.4329;0.0000;562.4339;2909.8525
235.8838;245.0912;0.0000;561.0421;2916.8525
236.5421;245.0912;0.0000;566.3838;2923.8525
236.8838;244.7495;0.0000;562.4339;2930.8525
237.5421;243.7495;4.1002;566.0421;2937.8525
238.5421;243.4078;0.0000;567.4089;2944.8525
238.8838;243.4078;4.1002;564.7505;2952.1943
239.5421;242.4078;0.0000;568.0922;2959.1943
240.2004;242.0661;0.0000;568.1173;2966.1943
241.2004;242.0661;0.0000;565.7505;2973.1943
241.5421;241.0661;0.0000;568.7255;2980.1943
242.2004;240.7244;4.1002;566.1173;2987.1943
243.2004;239.7244;0.0000;564.7004;2994.8525
243.2004;239.7244;0.0000;573.7756;3001.8525
243.8587;238.7244;0.0000;565.7255;3008.8525
244.5170;238.7244;0.0000;570.7255;3015.8525
245.5170;237.7244;0.0000;573.7255;3022.8525
245.8587;237.3828;0.0000;569.7505;3029.8525
246.5170;236.3828;0.0000;573.0671;3036.8525
247.5170;236.0411;0.0000;575.0923;3043.8525
248.1754;235.0411;0.0000;571.7505;3050.8525
248.1754;235.0411;0.0000;576.4089;3057.8525
248.8337;234.0411;0.0000;573.7756;3064.8525
249.4920;233.0411;0.0000;575.7255;3071.8525
250.4920;232.6994;0.0000;580.0421;3078.8525
250.4920;231.6994;0.0000;577.4089;3085.8525
251.4920;231.6994;0.0000;580.3588;3092.8525
252.1503;230.6994;0.0000;582.3588;3099.8525
252.8086;230.3577;0.0000;577.7255;3106.8525
253.4669;229.6994;0.0000;582.3337;3113.8525
253.8086;229.3577;0.0000;583.0421;3120.8525
254.4669;228.3577;0.0000;581.3588;3127.8525
255.4669;227.3577;0.0000;585.6503;3134.8525
256.1252;226.3577;0.0000;583.3588;3142.1941
256.1252;225.3577;0.0000;584.9921;3149.1943
256.7836;225.0160;0.0000;588.6252;3156.1943
256.7836;224.3577;0.0000;586.0171;3163.1943
257.4419;223.3577;0.0000;587.9921;3170.1941
258.1002;222.3577;0.0000;589.9670;3177.8525
258.4419;221.3577;0.0000;585.6754;3184.8525
259.1002;221.0160;0.0000;587.6253;3191.8525
260.1002;220.0160;0.0000;590.3337;3198.8525
260.7585;219.0160;0.0000;585.6754;3205.8525
261.4168;218.0160;0.0000;590.3087;3212.8525
262.0751;217.3577;0.0000;587.9921;3219.8525
262.0751;217.0160;0.0000;587.9921;3226.8525
262.7335;216.0160;7.8998;593.6253;3233.8525
263.3918;215.0160;0.0000;588.3337;3240.8525
263.3918;214.0160;7.8998;589.9921;3247.8525
264.0501;213.0160;7.8998;593.3337;3254.8525
264.0501;211.3577;0.0000;589.3588;3261.8525
264.7084;210.3577;7.8998;591.9921;3268.8525
264.7084;209.3577;0.0000;592.6754;3275.8525
265.3667;208.6994;0.0000;589.0171;3282.8525
265.3667;207.6994;7.8998;592.3337;3289.8525
265.3667;206.6994;7.8998;593.0421;3296.8525
265.3667;205.6994;0.0000;589.3588;3303.8525
266.0251;205.0411;0.0000;594.9921;3310.8525
266.0251;204.0411;0.0000;591.0672;3317.8525
266.0251;204.0411;0.0000;585.4340;3325.1943
266.6833;203.0411;0.0000;599.9670;3332.1943
266.6833;202.0411;0.0000;595.6754;3339.1943
266.6833;201.0411;0.0000;597.9419;3346.1943
267.3417;200.3828;0.0000;599.9920;3353.1943
267.3417;199.3828;0.0000;595.9921;3360.8525
267.3417;197.7244;0.0000;599.6253;3367.8525
267.3417;197.0661;0.0000;598.6504;3374.8525
267.3417;196.0661;0.0000;597.6504;3381.8525
267.3417;195.4078;0.0000;600.9670;3388.8525
268.0000;194.4078;0.0000;598.6754;3395.8525
267.6583;193.7495;0.0000;598.9921;3402.8525
267.6583;192.7495;0.0000;601.6504;3409.8525
267.6583;191.7495;0.0000;598.0171;3416.8525
267.6583;191.0912;0.0000;600.3337;3423.8525
267.6583;190.0912;0.0000;602.6754;3430.8525
267.6583;189.0912;0.0000;598.0171;3437.8525
267.0000;189.0912;0.0000;600.6503;3444.8525
267.0000;188.0912;0.0000;602.0171;3451.8525
266.6583;187.0912;0.0000;599.0171;3458.8525
266.6583;186.4329;4.1002;601.3337;3465.8525
266.6583;185.7745;0.0000;600.7255;3472.8525
266.6583;184.1162;4.1002;600.0171;3479.8525
266.0000;183.4579;0.0000;600.9420;3486.8525
266.0000;182.4579;0.0000;600.7255;3493.8525
266.0000;181.7996;0.0000;601.3588;3500.8525
265.0000;181.1413;0.0000;604.3588;3508.1943
265.0000;180.1413;0.0000;601.0922;3515.1943
265.0000;179.4830;0.0000;603.3588;3522.1943
264.6583;178.4830;0.0000;603.7255;3529.1943
264.6583;177.8246;0.0000;600.7255;3536.1943
264.6583;176.8246;0.0000;604.6754;3543.1943
264.3166;176.1663;0.0000;603.4088;3550.8525
264.3166;175.1663;0.0000;602.7255;3557.8525
264.3166;174.5080;0.0000;605.0421;3564.8525
264.3166;173.8497;0.0000;602.7505;3571.8525
264.3166;172.8497;0.0000;603.7255;3578.8525
263.9749;171.5331;0.0000;605.3838;3585.8525
263.3166;170.8747;0.0000;601.7505;3592.8525
263.3166;169.8747;0.0000;604.3838;3599.8525
262.6583;169.2164;0.0000;604.7505;3606.8525
262.3166;168.2164;0.0000;601.7505;3613.8525
261.6583;167.5581;0.0000;605.7004;3620.8525
261.6583;167.2164;0.0000;603.4088;3627.8525
260.6583;166.5581;0.0000;602.4340;3634.8525
260.6583;165.5581;0.0000;603.3087;3641.8525
260.6583;164.8998;0.0000;603.7756;3648.8525
260.0000;164.2415;0.0000;602.4089;3655.8525
260.0000;163.2415;0.0000;606.7505;3662.8525
259.6583;163.2415;0.0000;602.7756;3669.8525
259.0000;162.2415;0.0000;605.0672;3676.8525
258.6583;161.5832;7.8998;604.7505;3683.8525
258.6583;161.5832;0.0000;601.7505;3690.8525
258.6583;160.5832;0.0000;605.4089;3698.1943
257.6583;159.9248;0.0000;604.0922;3705.1943
257.6583;158.9248;0.0000;602.0922;3712.1943
257.0000;158.2665;0.0000;606.3838;3719.1943
256.6583;157.2665;0.0000;602.7756;3726.1943
256.0000;156.6082;0.0000;602.0922;3733.8525
256.0000;155.6082;0.0000;605.0922;3740.8525
255.0000;154.9499;0.0000;601.8007;3747.8525
255.0000;153.9499;0.0000;604.0671;3754.8525
254.0000;153.2916;0.0000;604.4339;3761.8525
254.0000;152.9499;0.0000;601.7756;3768.8525
253.6583;152.2916;0.0000;604.4339;3775.8525
253.0000;151.2916;0.0000;604.1423;3782.8525
253.0000;151.2916;0.0000;601.7756;3789.8525
253.0000;150.2916;0.0000;604.7505;3796.8525
252.6583;150.2916;0.0000;601.1423;3803.8525
252.0000;149.2916;0.0000;600.7756;3810.8525
252.0000;149.2916;0.0000;604.7505;3817.8525
251.6583;148.2916;0.0000;600.8007;3824.8525
251.0000;148.2916;0.0000;602.7756;3831.8525
251.0000;147.2916;0.0000;604.1423;3838.8525
250.0000;146.6333;0.0000;599.8257;3845.8525
249.3417;146.2916;0.0000;603.1173;3852.8525
248.3417;145.6333;0.0000;602.8257;3859.8525
247.6833;144.6333;0.0000;600.8007;3866.8525
246.6834;144.6333;0.0000;603.4590;3873.8525
246.6834;143.9749;0.0000;600.8507;3881.1943
246.0250;143.6333;0.0000;601.1423;3888.1943
246.0250;142.9749;0.0000;604.1423;3895.1943
245.3667;142.6333;0.0000;600.1924;3902.1943
244.3667;141.9749;0.0000;601.4840;3909.1943
244.3667;141.6333;0.0000;604.1423;3916.8525
243.3667;141.6333;0.0000;599.5341;3923.8525
242.7084;140.9749;0.0000;602.8257;3930.8525
242.0501;140.9749;0.0000;601.5341;3937.8525
241.7084;139.9749;0.0000;600.1924;3944.8525
241.0501;139.6333;0.0000;603.4840;3951.8525
240.0501;138.9749;0.0000;600.2175;3958.8525
238.7335;138.6333;0.0000;600.8507;3965.8525
238.0751;137.9749;0.0000;604.8257;3972.8525
237.0751;137.3166;0.0000;600.2175;3979.8525
236.4168;136.3166;0.0000;602.1674;3986.8525
234.7585;135.6583;0.0000;603.5091;3993.8525
233.4419;134.6583;0.0000;599.5592;4000.8525
232.4419;134.0000;0.0000;602.8508;4007.8525
231.1252;133.0000;0.0000;602.2175;4014.8525
230.1252;132.3417;0.0000;599.2175;4021.8525
228.8086;132.3417;0.0000;603.5341;4028.8525
227.8086;131.3417;0.0000;600.2426;4035.8525
227.1503;131.3417;0.0000;599.5341;4042.8525
226.1503;130.3417;0.0000;603.8508;4049.8525
225.4920;130.3417;0.0000;600.2426;4056.8525
224.4920;130.3417;0.0000;599.8758;4064.1943
223.8336;130.0000;0.0000;603.1924;4071.1943
223.1754;129.3417;0.0000;598.5842;4078.1943
222.1753;129.3417;0.0000;602.5090;4085.1943
221.5170;129.0000;0.0000;600.5592;4092.1943
220.8587;128.3417;0.0000;598.5592;4099.1943
219.8587;128.3417;0.0000;602.8508;4106.8525
219.2004;127.3417;0.0000;600.5592;4113.8525
218.2004;127.3417;0.0000;598.5592;4120.8525
217.2004;127.0000;0.0000;603.1924;4127.8525
216.5421;126.3417;0.0000;598.2426;4134.8525
215.8838;126.3417;0.0000;599.2175;4141.8525
214.8838;125.6834;0.0000;602.2175;4148.8525
213.5671;125.3417;0.0000;598.9259;4155.8525
212.5671;124.6834;0.0000;600.2175;4162.8525
211.5671;124.3417;0.0000;600.2175;4169.8525
210.2505;123.6834;0.0000;597.5592;4176.8525
209.5922;123.6834;0.0000;600.2175;4183.8525
207.9339;123.6834;0.0000;600.9009;4190.8525
207.2755;122.6834;4.1002;598.2426;4197.8525
205.6172;122.6834;0.0000;601.8758;4204.8525
203.9589;122.0250;0.0000;598.9259;4211.8525
202.6423;121.6834;0.0000;598.2175;4218.8525
200.9840;121.0250;0.0000;601.5341;4225.8525
199.6673;121.0250;0.0000;598.5842;4232.8525
198.0090;120.0250;0.0000;601.1924;4239.8525
196.6924;119.3667;4.1002;603.8508;4246.8525
195.0341;119.3667;0.0000;600.2175;4254.1943
193.7174;118.3667;4.1002;603.5091;4261.1943
192.0591;118.3667;0.0000;604.8507;4268.1943
191.4008;117.7084;0.0000;602.1674;4275.1943
189.7425;117.7084;0.0000;605.4840;4282.1943
188.4258;117.3667;0.0000;602.8508;4289.8525
186.7675;116.7084;0.0000;604.8257;4296.8525
185.7675;116.7084;0.0000;606.8007;4303.8525
184.4509;116.7084;4.1002;604.1924;4310.8525
183.4509;116.3667;0.0000;605.8007;4317.8525
182.7926;115.7084;0.0000;607.4590;4324.8525
181.1343;115.3667;0.0000;604.8759;4331.8525
180.1343;115.3667;0.0000;607.1173;4338.8525
179.4760;115.3667;0.0000;607.8257;4345.8525
178.4760;115.3667;0.0000;605.4840;4352.8525
177.4760;115.0250;0.0000;608.1173;4359.8525
176.4760;115.0250;0.0000;605.8257;4366.8525
175.4760;115.0250;0.0000;605.0922;4373.8525
175.4760;115.0250;0.0000;608.7756;4380.8525
174.4760;115.0250;0.0000;605.8007;4387.8525
173.4760;115.6834;0.0000;605.7505;4394.8525
173.1343;115.6834;0.0000;608.0922;4401.8525
172.1343;115.6834;0.0000;604.1423;4408.8525
171.7926;116.3417;0.0000;607.4088;4415.8525
170.7926;116.0000;0.0000;607.4340;4422.8525
170.1343;116.6583;0.0000;605.4339;4429.8525
169.7926;116.6583;0.0000;609.7505;4437.1943
168.7926;116.6583;0.0000;607.1173;4444.1943
168.4509;117.3166;0.0000;606.7756;4451.1943
167.4509;117.3166;0.0000;610.0671;4458.1943
166.1092;117.9749;0.0000;606.7756;4465.1943
165.7675;118.6333;0.0000;606.3838;4472.8525
164.7675;118.6333;0.0000;608.7004;4479.8525
164.4258;119.2916;0.0000;605.7255;4486.8525
163.4258;119.9499;0.0000;608.0171;4493.8525
163.0842;120.6082;0.0000;608.7004;4500.8525
162.0842;120.9249;0.0000;607.0171;4507.8525
161.7425;121.5832;0.0000;609.6754;4514.8525
160.7425;122.2415;0.0000;607.0171;4521.8525
159.7425;122.8998;0.0000;607.6754;4528.8525
159.0842;123.5581;0.0000;608.9670;4535.8525
158.7425;124.2164;0.0000;607.0171;4542.8525
157.7425;124.8747;0.0000;606.6503;4549.8525
156.7425;124.8747;0.0000;608.6253;4556.8525
155.7425;125.5331;0.0000;607.0171;4563.8525
154.7425;126.1914;0.0000;608.6253;4570.8525
154.0842;127.1914;0.0000;608.6253;4577.8525
153.0842;127.8497;0.0000;605.6252;4584.8525
152.7425;129.1663;0.0000;608.9419;4591.8525
152.0842;129.4830;0.0000;607.9420;4598.8525
151.0842;130.1413;0.0000;606.6253;4605.8525
150.4258;130.7996;0.0000;611.2335;4612.8525
150.0842;131.4579;0.0000;607.9670;4620.1943
149.0842;132.1162;0.0000;607.9169;4627.1943
148.7425;132.1162;0.0000;611.2335;4634.1943
148.0842;132.7745;0.0000;606.2836;4641.1943
147.7425;133.4329;0.0000;609.8918;4648.1943
146.7425;133.4329;0.0000;610.9169;4655.1943
146.0842;134.0912;0.0000;607.6002;4662.8525
145.7425;134.7495;0.0000;610.2335;4669.8525
144.7425;135.4078;0.0000;610.5752;4676.8525
143.7425;135.4078;0.0000;606.5752;4683.8525
143.0842;136.0661;0.0000;611.2085;4690.8525
142.0842;136.7244;0.0000;607.6002;4697.8525
142.0842;137.3828;0.0000;608.5502;4704.8525
141.0842;138.3828;0.0000;611.8668;4711.8525
140.0842;139.0411;0.0000;607.6002;4718.8525
140.0842;139.6994;0.0000;608.5251;4725.8525
139.0842;140.3577;0.0000;611.1834;4732.8525
138.4259;140.3577;0.0000;605.5502;4739.8525
137.4259;141.0160;0.0000;609.5001;4746.8525
137.0842;141.6743;0.0000;609.8417;4753.8525
136.4258;142.3327;0.0000;608.5251;4760.8525
135.4258;143.3327;0.0000;609.8167;4767.8525
134.4259;143.3327;0.0000;607.8417;4774.8525
133.7675;143.9910;0.0000;607.1333;4781.8525
133.4259;144.6493;0.0000;611.4750;4788.8525
132.7675;145.3076;0.0000;607.8417;4795.8525
131.7675;146.6242;0.0000;608.4500;4802.8525
130.7675;147.2826;0.0000;609.7916;4810.1943
129.7675;148.2826;0.0000;607.1583;4817.1943
129.4259;149.5992;0.0000;608.7666;4824.1943
128.7675;150.5992;0.0000;609.7916;4831.1943
127.7675;151.9158;0.0000;606.1083;4838.1943
126.7675;152.5741;0.0000;608.7415;4845.8525
125.7675;153.2325;0.0000;607.4500;4852.8525
125.1092;153.8908;0.0000;607.0833;4859.8525
124.1092;154.8908;0.0000;609.0582;4866.8525
123.7675;155.5491;0.0000;607.4249;4873.8525
122.7675;156.2074;0.0000;606.7416;4880.8525
122.4259;156.8657;0.0000;609.0582;4887.8525
121.4258;157.8657;0.0000;606.4249;4894.8525
121.0842;159.1824;0.0000;608.3748;4901.8525
120.0842;159.8407;0.0000;609.0582;4908.8525
119.7425;160.8407;0.0000;606.0582;4915.8525
118.7425;161.4990;0.0000;609.3497;4922.8525
118.7425;162.1573;0.0000;609.0582;4929.8525
117.7425;163.1573;0.0000;607.3748;4936.8525
117.4008;163.8156;0.0000;610.6664;4943.8525
116.7425;165.1323;0.0000;607.3748;4950.8525
116.4008;165.7906;0.0000;607.6914;4957.8525
115.4008;166.7906;0.0000;610.0081;4964.8525
115.4008;167.4489;0.0000;607.7164;4971.8525
114.4008;168.4489;0.0000;609.3247;4978.8525
114.0591;168.4489;0.0000;610.0081;4985.8525
113.7174;169.4489;0.0000;607.3497;4993.1943
113.7174;170.7655;0.0000;609.2997;5000.1943
113.3757;171.4238;0.0000;608.6664;5007.1943
113.0341;172.4238;0.0000;606.6413;5014.1943
113.0341;172.4238;0.0000;610.2746;5021.1943
112.0341;174.0822;0.0000;606.3247;5028.8525
111.6924;174.0822;0.0000;606.6163;5035.8525
110.6924;175.0822;0.0000;609.2745;5042.8525
110.6924;176.0822;0.0000;606.6664;5049.8525
110.3507;176.7405;0.0000;607.5912;5056.8525
109.3507;177.7405;0.0000;608.6163;5063.8525
109.0090;178.0822;0.0000;605.9579;5070.8525
108.6673;178.7405;0.0000;607.5662;5077.8525
108.3257;179.0822;0.0000;608.5912;5084.8525
107.9840;179.7405;0.0000;606.2495;5091.8525
107.6423;180.0822;0.0000;609.8578;5098.8525
108.3006;181.0822;0.0000;608.2495;5105.8525
107.9589;181.0822;0.0000;608.1995;5112.8525
107.9589;181.7405;0.0000;613.1494;5119.8525
107.6172;182.7405;0.0000;610.8578;5126.8525
106.6172;183.3988;0.0000;613.7826;5133.8525
106.6172;183.7405;0.0000;616.4409;5140.8525
106.2756;184.7405;0.0000;611.4659;5147.8525
105.9339;185.3988;0.0000;615.0742;5154.8525
105.9339;186.3988;0.0000;617.1243;5161.8525
105.5922;187.0571;0.0000;614.7325;5168.8525
105.5922;188.0571;0.0000;618.6824;5176.1943
105.2505;188.3988;0.0000;619.0241;5183.1943
105.2505;189.0571;0.0000;620.3157;5190.1943
105.2505;189.7154;0.0000;625.9238;5197.1943
105.5671;190.7154;0.0000;622.9740;5204.1943
105.5671;191.3737;0.0000;622.5070;5211.1943
105.2254;192.3737;0.0000;627.2405;5218.8525
105.2254;193.0320;0.0000;620.6573;5225.8525
105.5421;194.0321;0.0000;626.8988;5232.8525
105.2004;195.0320;0.0000;624.6072;5239.8525
105.2004;196.0320;0.0000;620.9489;5246.8525
104.8587;196.6904;0.0000;625.2155;5253.8525
104.8587;197.0320;0.0000;623.2405;5260.8525
104.8587;198.0320;0.0000;623.5321;5267.8525
104.5170;198.6904;0.0000;629.8237;5274.8525
105.1754;199.6904;0.0000;627.8488;5281.8525
105.1754;200.3487;0.0000;629.4569;5288.8525
104.8337;201.3487;0.0000;632.4569;5295.8525
104.8337;202.0070;0.0000;629.8237;5302.8525
104.4920;203.0070;0.0000;633.4319;5309.8525
104.1503;204.0070;0.0000;633.4319;5316.8525
104.1503;204.6653;0.0000;630.7736;5323.8525
104.1503;205.6653;0.0000;634.7485;5330.8525
104.4669;206.6653;0.0000;633.1152;5337.8525
104.4669;207.9819;0.0000;632.0902;5344.8525
104.4669;208.9819;0.0000;635.7235;5351.8525
104.4669;209.6403;0.0000;632.7736;5359.1943
104.7836;210.6403;0.0000;632.0652;5366.1943
104.7836;211.2986;0.0000;635.7235;5373.1943
104.4419;212.2986;0.0000;633.4319;5380.1943
104.1002;213.2986;0.0000;635.0401;5387.1943
104.1002;213.9569;0.0000;638.0652;5394.1943
103.7585;214.9569;0.0000;633.6984;5401.8525
103.4168;215.9569;0.0000;637.6733;5408.8525
103.4168;216.6152;0.0000;637.3818;5415.8525
103.0751;217.6152;0.0000;636.0151;5422.8525
103.0751;218.6152;0.0000;639.9900;5429.8525
103.7335;219.2735;0.0000;638.0401;5436.8525
104.0501;220.2735;0.0000;637.3317;5443.8525
104.3667;221.2735;0.0000;640.2816;5450.8525
105.0250;222.2735;0.0000;638.0150;5457.8525
105.3417;223.5902;0.0000;640.9650;5464.8525
106.0000;224.5902;0.0000;640.2816;5471.8525
106.3166;225.5902;0.0000;639.3317;5478.8525
106.9749;226.2485;0.0000;640.6233;5485.8525
106.6333;227.2485;0.0000;642.9900;5492.8525
107.2916;228.2485;0.0000;640.9399;5499.8525
107.6082;228.5901;0.0000;646.2064;5506.8525
107.2665;229.2485;0.0000;644.9149;5513.8525
107.9248;230.2485;0.0000;646.8647;5520.8525
107.9248;231.2485;0.0000;650.4980;5527.8525
107.9248;232.2485;0.0000;646.8647;5534.8525
107.5832;233.2485;0.0000;649.8146;5541.8525
107.5832;233.5901;0.0000;651.4730;5549.1943
107.8998;234.9068;0.0000;648.1814;5556.1943
108.2164;235.9068;0.0000;653.1313;5563.1943
108.8747;236.9068;0.0000;653.8146;5570.1943
108.8747;237.9068;0.0000;651.1564;5577.1943
109.5331;238.2485;0.0000;654.7645;5584.8525
109.8497;238.9068;0.0000;651.1564;5591.8525
109.8497;239.2485;0.0000;652.1062;5598.8525
110.1663;240.2485;0.0000;655.7395;5605.8525
110.1663;240.5901;0.0000;651.4730;5612.8525
110.8246;241.5902;0.0000;654.7645;5619.8525
110.8246;241.5902;0.0000;656.0812;5626.8525
110.8246;242.5901;0.0000;651.4730;5633.8525
111.4830;242.9318;0.0000;653.7395;5640.8525
111.4830;243.5902;0.0000;654.7645;5647.8525
112.1413;243.9319;0.0000;651.7645;5654.8525
111.7996;244.9318;0.0000;654.6895;5661.8525
111.7996;245.5902;0.0000;653.7395;5668.8525
112.4579;245.9319;0.0000;653.0562;5675.8525
113.1162;246.9319;0.0000;655.7145;5682.8525
113.1162;247.9318;0.0000;654.0812;5689.8525
113.7745;247.9318;0.0000;653.3728;5696.8525
113.4329;248.9319;0.0000;656.3728;5703.8525
114.0912;249.2735;0.0000;653.7395;5710.8525
114.0912;250.2735;0.0000;655.3728;5717.8525
114.0912;250.6152;0.0000;652.9810;5724.8525
114.7495;250.9569;0.0000;653.0562;5732.1943
114.7495;251.9569;0.0000;655.6894;5739.1943
114.7495;252.2986;0.0000;654.0562;5746.1943
115.4078;253.2986;0.0000;653.0311;5753.1943
115.4078;253.6403;0.0000;656.6644;5760.1943
116.0661;254.6403;0.0000;654.0562;5767.1943
116.0661;255.6403;0.0000;654.0311;5774.8525
116.7244;255.9819;0.0000;656.6894;5781.8525
116.3828;256.9819;4.1002;653.3978;5788.8525
117.0411;257.3236;0.0000;656.0060;5795.8525
117.0411;258.3236;4.1002;656.0311;5802.8525
117.6994;258.6653;0.0000;653.3728;5809.8525
117.6994;259.6653;0.0000;655.9810;5816.8525
117.6994;260.0070;0.0000;655.0311;5823.8525
118.3577;261.0070;4.1002;654.3477;5830.8525
118.3577;261.3487;0.0000;657.9810;5837.8525
118.3577;262.3487;4.1002;654.0311;5844.8525
119.0160;262.6904;0.0000;653.2976;5851.8525
119.0160;263.6904;0.0000;656.6393;5858.8525
119.6743;264.0320;0.0000;653.3477;5865.8525
119.6743;265.0320;0.0000;655.9810;5872.8525
120.3327;266.0320;4.1002;656.3226;5879.8525
120.3327;266.3737;0.0000;653.3227;5886.8525
120.9910;267.3737;0.0000;655.9810;5893.8525
120.9910;267.7154;0.0000;655.6643;5900.8525
121.6493;268.7154;0.0000;651.9810;5907.8525
121.9910;269.0571;0.0000;657.3226;5915.1943
122.6493;270.0571;0.0000;653.3477;5922.1943
122.6493;270.0571;0.0000;653.6393;5929.1943
123.3076;271.0571;0.0000;657.9559;5936.1943
123.3076;271.3988;0.0000;653.3477;5943.1943
123.9659;271.7405;0.0000;655.2976;5950.1943
123.9659;272.7405;0.0000;656.6393;5957.8525
124.9659;273.7405;0.0000;653.3477;5964.8525
125.6242;274.7404;0.0000;656.6393;5971.8525
126.2826;275.0822;0.0000;656.6644;5978.8525
126.9409;276.0822;0.0000;652.6393;5985.8525
126.9409;277.0822;0.0000;657.9559;5992.8525
127.5992;278.0822;0.0000;655.3477;5999.8525
128.5992;278.4238;0.0000;655.3226;6006.8525
129.2575;279.4238;0.0000;658.6393;6013.8525
129.5992;280.4238;0.0000;654.6895;6020.8525
130.2575;280.7655;0.0000;656.9810;6027.8525
130.9158;281.7655;0.0000;658.6393;6034.8525
131.5741;282.1072;0.0000;655.3477;6041.8525
132.2325;283.4489;0.0000;658.9810;6048.8525
132.8908;283.7906;0.0000;659.6644;6055.8525
133.5491;284.4739;0.0000;657.3477;6062.8525
134.2074;285.4739;0.0000;660.3227;6069.8525
134.5491;286.1573;0.0000;658.7145;6076.8525
135.2074;287.1573;0.0000;659.3727;6083.8525
135.8657;287.8407;0.0000;662.0060;6090.8525
136.5240;288.8407;0.0000;659.7395;6097.8525
137.1824;289.1823;0.0000;661.0311;6105.1943
138.8407;289.5240;0.0000;662.0060;6112.1943
139.4990;290.5240;0.0000;659.0562;6119.1938
140.1573;290.8657;0.0000;663.0060;6126.1943
141.1573;291.2074;0.0000;662.3728;6133.1943
141.8156;292.5491;0.0000;660.7145;6140.8525
142.8156;292.8908;0.0000;663.6894;6147.8525
143.4739;293.2325;0.0000;662.3978;6154.8525
144.1323;293.5742;0.0000;661.7145;6161.8525
144.7906;294.5741;0.0000;666.0311;6168.8525
145.7906;294.9158;0.0000;662.0812;6175.8525
146.4489;295.2575;0.0000;663.0562;6182.8525
147.1072;295.5992;0.0000;665.7145;6189.8525
148.1072;296.5992;0.0000;662.0812;6196.8525
148.7655;296.9409;0.0000;663.6894;6203.8525
149.7655;297.2825;0.0000;665.7395;6210.8525
150.7655;297.9409;0.0000;662.0812;6217.8525
151.4238;298.2826;0.0000;665.0562;6224.8525
152.4238;298.6242;0.0000;664.4229;6231.8525
153.0822;298.6242;7.8998;663.0812;6238.8525
153.7405;298.9659;0.0000;667.0311;6245.8525
154.7405;299.9659;0.0000;663.4479;6252.8525
155.3988;299.9659;7.8998;663.7395;6259.8525
156.0571;300.3076;0.0000;667.3978;6266.8525
157.7154;300.3076;0.0000;662.7896;6273.8525
158.3737;300.9659;0.0000;664.7145;6280.8525
160.0320;301.3076;0.0000;665.7395;6288.1943
161.3487;301.9659;0.0000;663.1062;6295.1943
162.0070;302.3076;0.0000;665.0562;6302.1943
163.6653;303.3076;0.0000;666.0812;6309.1943
164.3236;303.3076;0.0000;663.4229;6316.1943
165.3236;303.3076;0.0000;667.0311;6323.1943
165.9819;304.3076;0.0000;664.7896;6330.8525
167.2986;304.3076;0.0000;664.0812;6337.8525
168.2986;304.6493;0.0000;667.0562;6344.8525
168.9569;304.6493;0.0000;660.0562;6351.8525
169.9569;305.6493;0.0000;665.7395;6358.8525
170.9569;305.6493;0.0000;667.3978;6365.8525
172.2735;305.9910;0.0000;663.1313;6372.8525
172.9318;305.9910;0.0000;666.0812;6379.8525
173.5902;306.3326;0.0000;666.4229;6386.8525
175.2485;306.3326;0.0000;664.4479;6393.8525
176.2485;306.6743;0.0000;667.3978;6400.8525
176.9068;307.6743;0.0000;664.7896;6407.8525
178.5651;307.0160;0.0000;665.4229;6414.8525
179.2234;307.3577;0.0000;668.0812;6421.8525
179.8817;307.3577;0.0000;664.7896;6428.8525
180.8818;307.6994;0.0000;665.7395;6435.8525
182.1984;307.6994;0.0000;667.3978;6442.8525
183.1984;307.6994;0.0000;664.7896;6449.8525
183.8567;307.6994;0.0000;667.7395;6456.8525
184.5150;308.0411;0.0000;666.7645;6463.8525
185.5150;308.0411;0.0000;664.4479;6471.1943
186.1733;308.3828;0.0000;669.0812;6478.1943
187.8316;308.3828;0.0000;665.4730;6485.1943
188.4900;308.0661;0.0000;662.6894;6492.1943
189.1483;308.0661;7.8998;669.0812;6499.1943
190.8066;308.4078;0.0000;665.1313;6506.1943
191.4649;308.4078;0.0000;666.7645;6513.8525
192.4649;308.4078;0.0000;668.4229;6520.8525
193.7816;308.7495;0.0000;665.4730;6527.8525
194.4398;308.7495;0.0000;667.4229;6534.8525
195.4399;309.0912;0.0000;667.7645;6541.8525
196.7565;308.4329;0.0000;664.7896;6548.8525
197.4148;308.4329;0.0000;668.0812;6555.8525
198.4148;308.1162;0.0000;665.8147;6562.8525
199.7314;308.1162;7.8998;664.7896;6569.8525
200.7314;308.1162;0.0000;669.7645;6576.8525
201.3898;307.7996;7.8998;665.8147;6583.8525
202.3898;307.7996;0.0000;665.4479;6590.8525
203.7064;308.1413;0.0000;669.1062;6597.8525
204.7064;307.4829;0.0000;664.4730;6604.8525
206.0230;307.4829;0.0000;667.7645;6611.8525
206.6813;307.8246;0.0000;667.7896;6618.8525
208.3397;307.8246;0.0000;664.1313;6625.8525
208.9980;307.1663;0.0000;667.7645;6632.8525
210.6563;307.5080;0.0000;667.4730;6639.8525
211.9729;307.5080;0.0000;664.7896;6646.8525
212.9729;307.8497;0.0000;669.4229;6653.8525
214.6312;307.1913;0.0000;665.4980;6661.1943
215.9479;307.1913;0.0000;664.1062;6668.1943
217.6062;306.8748;0.0000;669.7896;6675.1938
218.6062;306.8748;0.0000;664.4980;6682.1943
219.9228;306.5581;0.0000;667.4479;6689.1943
220.9228;306.5581;0.0000;667.7896;6696.8525
221.9228;306.2415;0.0000;665.1564;6703.8525
223.2395;306.2415;0.0000;668.4479;6710.8525
224.2395;305.5832;0.0000;667.4730;6717.8525
225.2395;305.9248;0.0000;664.7896;6724.8525
225.8978;305.2665;0.0000;669.4479;6731.8525
226.8978;305.6082;0.0000;666.4980;6738.8525
227.8978;304.9499;0.0000;665.1313;6745.8525
228.5561;304.2916;0.0000;669.4479;6752.8525
229.5561;304.6332;0.0000;665.5231;6759.8525
230.5561;303.9749;0.0000;667.1062;6766.8525
231.5561;303.6583;0.0000;669.1313;6773.8525
232.2144;303.0000;0.0000;665.5231;6780.8525
233.2144;303.3417;0.0000;667.7896;6787.8525
233.5561;302.6833;0.0000;668.1564;6794.8525
234.2144;302.0250;0.0000;666.4980;6801.8525
235.2144;301.7084;0.0000;669.1313;6808.8525
236.8727;301.0501;0.0000;667.1814;6815.8525
237.8727;301.3918;0.0000;667.1313;6822.8525
238.8727;300.7335;0.0000;670.1313;6829.8525
240.5310;300.4168;0.0000;666.8647;6836.8525
241.5310;299.7585;0.0000;668.1564;6844.1943
242.1894;299.1002;0.0000;669.8147;6851.1943
243.1894;299.4419;0.0000;665.8898;6858.1943
244.8477;298.7836;0.0000;669.1564;6865.1943
245.8477;298.1252;0.0000;671.2064;6872.1943
246.5060;297.8086;0.0000;667.5231;6879.8525
247.5060;297.1503;0.0000;670.1564;6886.8525
248.5060;296.8337;0.0000;668.2064;6893.8525
249.5060;296.1754;0.0000;668.4980;6900.8525
251.1643;295.5170;0.0000;671.8146;6907.8525
252.1643;294.8587;0.0000;669.1814;6914.8525
252.8226;294.5421;0.0000;670.7896;6921.8525
253.8226;293.2255;0.0000;674.1313;6928.8525
254.8226;292.5671;0.0000;670.1814;6935.8525
255.8226;292.2505;0.0000;673.1313;6942.8525
256.8226;290.9339;0.0000;674.5231;6949.8525
257.8226;290.6172;0.0000;670.8397;6956.8525
258.8226;289.9589;0.0000;674.1313;6963.8525
259.8226;288.9840;0.0000;672.5231;6970.8525
259.8226;288.3257;0.0000;673.1313;6977.8525
260.8226;287.3507;0.0000;680.3978;6984.8525
261.8226;286.6924;0.0000;678.4479;6991.8525
262.1643;285.3757;0.0000;681.7145;6998.8525
262.8477;284.4008;7.8998;686.3477;7005.8525
263.8477;283.0842;4.1002;685.6895;7012.8525
264.1894;282.4258;0.0000;690.9559;7019.8525
264.5310;281.1092;0.0000;692.2976;7027.1943
265.5310;280.1343;4.1002;690.9810;7034.1943
265.8727;279.4760;0.0000;694.2726;7041.1938
266.2144;278.1593;0.0000;692.6393;7048.1943
267.5561;277.8427;0.0000;689.2225;7055.1943
267.8978;276.5261;0.0000;696.2475;7062.1943
269.2394;275.8677;0.0000;692.9810;7069.8525
269.5811;275.5511;0.0000;693.6143;7076.8525
270.5811;274.8928;0.0000;696.2726;7083.8525
271.2645;273.5761;0.0000;692.6643;7090.8525
272.2645;272.9178;0.0000;695.2476;7097.8525
272.9479;272.6012;0.0000;695.6393;7104.8525
273.9479;271.9429;4.1002;693.6643;7111.8525
274.6312;270.6263;0.0000;697.2726;7118.8525
275.6313;269.9680;0.0000;696.3226;7125.8525
276.6312;269.3096;4.1002;694.9559;7132.8525
277.9729;268.6513;0.0000;699.5892;7139.8525
278.3146;267.9930;0.0000;698.2976;7146.8525
279.6563;267.3347;0.0000;699.5641;7153.8525
280.6563;266.6764;0.0000;706.1974;7160.8525
281.3397;266.0180;0.0000;704.8808;7167.8525
282.3397;264.7014;0.0000;709.7806;7174.8525
283.0230;264.0431;0.0000;712.7806;7181.8525
283.3647;263.3848;4.1002;711.4640;7188.8525
283.7064;262.7264;0.0000;714.4138;7195.8525
284.3898;262.7264;0.0000;715.4388;7202.8525
284.7314;262.0681;4.1002;712.7806;7209.8525
285.0731;261.4098;7.8998;717.3888;7217.1943
285.7565;260.7515;0.0000;715.0972;7224.1943
286.0982;260.0932;7.8998;716.0721;7231.1943
286.4399;259.0932;0.0000;719.7305;7238.1943
287.1232;258.4349;0.0000;715.4640;7245.1943
287.4649;257.7766;0.0000;716.7305;7252.8525
287.8066;257.7766;7.8998;720.0721;7259.8525
289.1483;257.1183;0.0000;717.4640;7266.8525
289.8316;256.1182;7.8998;719.7305;7273.8525
290.1733;255.4599;4.1002;719.0972;7280.8525
291.5150;254.8016;0.0000;715.7806;7287.8525
291.8567;254.8016;0.0000;721.0721;7294.8525
292.8567;254.1433;7.8998;718.4640;7301.8525
293.1984;253.1433;0.0000;718.0972;7308.8525
293.8817;252.4850;0.0000;722.0721;7315.8525
295.2234;251.1683;0.0000;718.8057;7322.8525
295.5651;250.5100;0.0000;721.4389;7329.8525
295.9068;249.8517;0.0000;715.8557;7336.8525
296.2485;249.1934;0.0000;722.4388;7343.8525
296.5902;247.5351;0.0000;725.3888;7350.8525
297.2735;246.8768;0.0000;728.0471;7357.8525
298.2735;245.8768;0.0000;725.0721;7364.8525
298.9569;245.2184;0.0000;728.3387;7371.8525
299.2986;243.9018;0.0000;726.7555;7378.8525
299.6403;243.2435;0.0000;727.3888;7385.8525
299.9819;242.5852;0.0000;732.3387;7392.8525
300.3236;241.2685;0.0000;729.7555;7400.1943
300.6653;240.2686;0.0000;728.7054;7407.1938
301.0070;239.2685;4.1002;732.6804;7414.1943
301.6904;237.9519;0.0000;730.0972;7421.1943
302.3737;236.9519;4.1002;733.0471;7428.1943
303.0571;235.2936;0.0000;733.4138;7435.8525
303.3988;234.6353;0.0000;730.4389;7442.8525
304.0822;232.9770;0.0000;734.0471;7449.8525
305.0822;231.3186;0.0000;733.7806;7456.8525
305.7655;230.6603;0.0000;732.0972;7463.8525
306.1072;229.0020;0.0000;738.3888;7470.8525
306.7906;228.3437;0.0000;732.8057;7477.8525
306.4739;226.6854;0.0000;734.4389;7484.8525
307.1573;225.6854;0.0000;739.7555;7491.8525
307.4990;224.0271;0.0000;733.8307;7498.8525
308.1823;223.0271;0.0000;734.0221;7505.8525
308.8657;221.3687;0.0000;737.4639;7512.8525
309.5491;220.3687;0.0000;734.8307;7519.8525
309.8908;219.3687;0.0000;738.4389;7526.8525
309.9158;218.7104;0.0000;737.4890;7533.8525
310.2575;217.0521;0.0000;735.8057;7540.8525
310.9409;215.7104;0.0000;739.7555;7547.8525
311.2826;214.7104;0.0000;736.1724;7554.8525
311.9659;213.7104;0.0000;735.4890;7561.8525
312.3076;212.7104;0.0000;740.7806;7568.8525
312.6493;211.3687;0.0000;735.8557;7575.8525
312.9910;210.3687;0.0000;737.4639;7583.1943
313.3326;208.7104;7.8998;739.4890;7590.1943
313.0160;207.7104;0.0000;735.8557;7597.1943
313.3577;206.7104;7.8998;737.8057;7604.1943
313.6994;205.7104;0.0000;739.4890;7611.1943
313.3828;204.7104;0.0000;735.1724;7618.1938
313.7244;203.7104;0.0000;738.8307;7625.8525
314.0661;202.7104;0.0000;737.8807;7632.8525
313.4078;201.7104;0.0000;736.1724;7639.8525
313.7495;200.0521;0.0000;741.1724;7646.8525
314.0912;199.3938;0.0000;736.5391;7653.8525
313.4329;198.3938;0.0000;739.1724;7660.8525
313.7745;197.3938;0.0000;739.7555;7667.8525
313.4579;196.3938;0.0000;737.8807;7674.8525
313.4579;195.3938;0.0000;741.8057;7681.8525
313.1413;194.3938;0.0000;740.1974;7688.8525
313.1413;193.7355;0.0000;740.5140;7695.8525
312.8246;192.7355;4.1002;743.1473;7702.8525
312.5080;191.7355;0.0000;741.1724;7709.8525
312.8497;190.7355;0.0000;743.4890;7716.8525
312.1914;189.0772;0.0000;748.1223;7723.8525
311.8747;188.0772;0.0000;744.1724;7730.8525
312.2164;187.0772;4.1002;743.3888;7737.8525
311.8998;186.0772;0.0000;750.4388;7744.8525
311.2415;185.7355;0.0000;745.8307;7751.8525
310.9248;184.3938;0.0000;750.0972;7758.8525
310.2665;183.3938;0.0000;751.7806;7765.8525
310.6082;182.7355;0.0000;747.8056;7773.1938
309.9499;180.7355;0.0000;751.4389;7780.1943
309.6333;179.7355;0.0000;748.5140;7787.1943
309.3166;178.7355;0.0000;749.8057;7794.1943
308.6583;178.0772;4.1002;755.7305;7801.1943
308.3417;176.4189;0.0000;750.8307;7808.8525
307.6833;175.4189;0.0000;750.4640;7815.8525
307.0250;174.4189;0.0000;752.8057;7822.8525
306.0501;173.7605;0.0000;749.4890;7829.8525
305.3918;172.1022;0.0000;752.8057;7836.8525
305.0751;171.1022;0.0000;751.5140;7843.8525
304.4168;170.1022;0.0000;750.1724;7850.8525
304.1002;169.1022;0.0000;753.4890;7857.8525
303.4419;167.4439;0.0000;753.5140;7864.8525
302.7836;166.7856;0.0000;748.5391;7871.8525
302.1252;165.7856;0.0000;753.4640;7878.8525
301.8086;164.7856;0.0000;750.5641;7885.8525
301.1503;163.7856;0.0000;751.5140;7892.8525
300.8336;162.7856;0.0000;751.8557;7899.8525
300.8336;161.7856;0.0000;749.9058;7906.8525
300.1754;161.1273;0.0000;752.8307;7913.8525
299.8587;159.4689;0.0000;753.1974;7920.8525
299.2004;158.4689;0.0000;749.5641;7927.8525
298.8838;156.8106;0.0000;753.1724;7934.8525
298.2254;155.8106;0.0000;752.2224;7941.8525
297.5671;154.4940;0.0000;751.2224;7948.8525
296.9088;153.4940;0.0000;753.5140;7956.1943
296.5922;151.4940;0.0000;751.9309;7963.1943
295.9338;150.4940;0.0000;750.5391;7970.1943
296.2755;149.8357;0.0000;755.8807;7977.1943
295.6172;148.1774;0.0000;750.2726;7984.1938
294.9589;147.1774;0.0000;752.5391;7991.8525
294.6423;145.5191;0.0000;754.2225;7998.8525
293.9840;144.5191;0.0000;750.2475;8005.8525
293.3257;143.5190;0.0000;752.5391;8012.8525
293.0090;142.5190;0.0000;752.2475;8019.8525
293.0090;141.5190;0.0000;749.5892;8026.8525
292.6924;140.5190;0.0000;753.2225;8033.8525
292.0341;138.8607;0.0000;750.9309;8040.8525
291.3758;137.8607;0.0000;751.5641;8047.8525
291.0591;136.5190;0.0000;754.5641;8054.8525
290.4008;134.8607;4.1002;749.9559;8061.8525
290.0842;133.8607;0.0000;753.5641;8068.8525
289.4258;132.8607;4.1002;753.9058;8075.8525
288.7675;131.8607;0.0000;750.2976;8082.8525
287.7926;130.5191;0.0000;753.5641;8089.8525
287.1343;129.5190;0.0000;753.6143;8096.8525
286.8176;129.1774;4.1002;750.9559;8103.8525
285.5010;127.8357;0.0000;754.9309;8110.8525
284.8427;126.8357;4.1002;752.2976;8117.8525
283.8677;125.8357;0.0000;751.2476;8124.8525
282.5511;124.8357;0.0000;756.9559;8131.8525
281.8928;123.8357;0.0000;751.5892;8139.1938
280.5761;122.8357;0.0000;752.9309;8146.1943
279.9178;121.8357;0.0000;755.6143;8153.1943
278.9429;120.4940;0.0000;752.6393;8160.1943
278.2846;120.1523;0.0000;753.2976;8167.1943
276.9680;119.1523;0.0000;756.9559;8174.1943
276.3096;118.1523;0.0000;753.2976;8181.8525
275.6513;117.4689;0.0000;756.9559;8188.8525
274.3347;117.1273;0.0000;754.3477;8195.8525
274.0180;116.1273;0.0000;754.3226;8202.8525
273.3597;115.7856;0.0000;757.9559;8209.8525
272.0431;115.1022;0.0000;754.6894;8216.8525
271.3848;114.1022;0.0000;754.9810;8223.8525
270.0681;113.7605;7.8998;759.9810;8230.8525
269.4098;112.7605;0.0000;755.3728;8237.8525
268.0932;111.7605;0.0000;757.3226;8244.8525
266.7766;110.7605;0.0000;758.6894;8251.8525
266.1183;110.0772;0.0000;755.0060;8258.8525
265.4599;109.0772;0.0000;754.0562;8265.8525
264.1433;107.7355;0.0000;762.9810;8272.8525
263.1683;107.3938;0.0000;752.3978;8279.8525
262.5100;106.0521;0.0000;765.5892;8286.8525
261.1934;105.7104;0.0000;761.0060;8293.8525
260.5351;105.3687;0.0000;761.3226;8300.8525
259.2184;104.3688;0.0000;766.6143;8307.8525
258.5601;103.6854;0.0000;763.3226;8314.8525
257.2435;102.6854;0.0000;762.9810;8321.8525
255.5852;101.6854;0.0000;765.3226;8329.1943
254.9268;101.3437;0.0000;764.9559;8336.1943
253.9519;100.0020;0.0000;766.2726;8343.1943
252.6353;99.6603;0.0000;765.9810;8350.1934
251.9770;98.3186;0.0000;762.9810;8357.1943
250.6603;97.9770;0.0000;767.9309;8364.8525
249.0020;96.9770;0.0000;765.3226;8371.8525
247.6854;96.6353;0.0000;764.9559;8378.8525
247.0271;95.2936;0.0000;768.6143;8385.8525
245.7104;94.9519;4.1002;763.0311;8392.8525
245.0521;94.6102;0.0000;767.2976;8399.8525
243.7355;93.9269;4.1002;767.6393;8406.8525
242.7355;92.9269;0.0000;766.3477;8413.8525
241.4189;92.5852;0.0000;767.9559;8420.8525
240.7605;92.2435;0.0000;766.6643;8427.8516
239.4439;91.5601;0.0000;765.9810;8434.8525
238.7856;91.2184;0.0000;769.2726;8441.8525
237.4689;90.5351;0.0000;766.3477;8448.8525
236.1523;90.1934;0.0000;765.3226;8455.8525
235.1523;88.8517;0.0000;769.9559;8462.8525
233.8357;88.5100;0.0000;765.0311;8469.8525
233.1774;88.1684;0.0000;767.9559;8476.8525
231.5190;87.4850;0.0000;769.6393;8483.8516
230.8607;86.1433;0.0000;765.0311;8490.8525
229.2024;85.8016;0.0000;768.2976;8497.8525
228.5441;85.1182;0.0000;768.3226;8504.8525
227.2275;84.7766;0.0000;766.6643;8512.1943
226.2275;84.4349;0.0000;769.6393;8519.1943
224.9108;83.7515;0.0000;767.3728;8526.1943
223.9108;83.4098;0.0000;767.0060;8533.1943
223.2525;82.7265;0.0000;769.9810;8540.1934
222.5942;82.3848;0.0000;766.0562;8547.8525
221.5942;81.7014;0.0000;768.3226;8554.8525
220.9359;81.3597;0.0000;770.6643;8561.8525
219.9359;81.0180;0.0000;765.7145;8568.8525
218.9359;80.9930;0.0000;769.6644;8575.8525
218.2776;80.6513;0.0000;770.6643;8582.8525
217.2776;79.9679;0.0000;765.7145;8589.8525
216.9359;80.2846;0.0000;770.3226;8596.8525
216.2776;79.9429;0.0000;767.0812;8603.8525
215.2776;79.2595;0.0000;767.0311;8610.8525
214.2776;78.9178;0.0000;770.6643;8617.8525
213.9359;79.2345;0.0000;765.7145;8624.8525
213.2776;78.8928;4.1002;767.6643;8631.8525
212.9359;79.2094;0.0000;770.3477;8638.8516
212.2776;78.5261;0.0000;766.3978;8645.8525
211.2776;78.1844;0.0000;769.0060;8652.8525
210.6193;77.8427;0.0000;768.6894;8659.8525
209.6193;78.1593;0.0000;765.3978;8666.8525
208.6192;77.8176;0.0000;769.0060;8673.8525
207.9609;77.4760;0.0000;767.0812;8680.8525
206.9609;77.7926;0.0000;767.3728;8687.8525
205.9609;77.4509;0.0000;770.6643;8695.1934
205.6192;77.1092;0.0000;766.0562;8702.1943
204.9609;77.4259;0.0000;766.0562;8709.1943
203.9609;76.7425;0.0000;772.3728;8716.1934
202.9609;77.4008;0.0000;766.0812;8723.1943
202.6193;77.0591;0.0000;769.3728;8730.1943
201.6192;76.7174;0.0000;769.7145;8737.8525
200.9609;77.0341;0.0000;764.4229;8744.8525
199.9609;77.0341;0.0000;769.0311;8751.8525
198.9609;77.3507;0.0000;768.7395;8758.8525
197.6443;77.0090;0.0000;764.7395;8765.8525
196.6443;76.6673;0.0000;771.3477;8772.8525
194.9860;76.3257;0.0000;765.1062;8779.8525
193.9860;76.6423;0.0000;766.0562;8786.8525
192.6694;76.3006;0.0000;772.0060;8793.8516
191.0110;76.6172;0.0000;765.1062;8800.8525
190.3527;76.2756;0.0000;765.0812;8807.8525
188.6944;76.5922;0.0000;759.8397;8814.8525
187.6944;76.5922;0.0000;765.1062;8821.8525
187.0361;76.2505;0.0000;761.1312;8828.8525
186.6944;76.5671;0.0000;761.8146;8835.8525
186.0361;76.2254;0.0000;755.7645;8842.8525
185.0361;76.8838;0.0000;763.4479;8849.8516
184.0361;77.2004;0.0000;757.8647;8856.8525
183.3778;77.2004;0.0000;758.8146;8863.8525
182.3778;76.8587;0.0000;760.8147;8870.8525
181.3778;77.1754;0.0000;757.8647;8878.1943
180.7195;76.8337;0.0000;759.7145;8885.1943
179.0611;77.1503;0.0000;763.4980;8892.1943
178.4028;77.1503;0.0000;759.1814;8899.1943
177.4028;77.4669;0.0000;761.4980;8906.1934
176.0862;77.1253;4.1002;761.1564;8913.1943
175.0862;77.7836;0.0000;758.1564;8920.8525
173.4279;78.1002;0.0000;762.1062;8927.8525
172.4279;78.1002;0.0000;755.1313;8934.8525
171.7696;78.4168;0.0000;760.4980;8941.8525
170.1112;78.7335;0.0000;761.7645;8948.8525
169.1112;79.0501;4.1002;757.8647;8955.8525
168.4529;79.7084;0.0000;758.8146;8962.8525
167.4529;79.3667;0.0000;761.8146;8969.8525
166.4529;79.6834;0.0000;758.1814;8976.8525
165.4529;80.0000;0.0000;761.1062;8983.8525
164.4529;80.6583;0.0000;760.8147;8990.8525
162.7946;80.9749;4.1002;760.1564;8997.8525
162.1363;81.2916;0.0000;760.7645;9004.8516
161.1363;81.9499;4.1002;758.8146;9011.8525
160.1363;82.2665;0.0000;758.1564;9018.8525
159.1363;82.5832;0.0000;762.0812;9025.8525
158.1363;83.2415;0.0000;759.4730;9032.8525
157.1363;83.5581;0.0000;759.4479;9039.8525
156.7946;83.5581;4.1002;762.4229;9046.8525
155.7946;83.8747;0.0000;758.8146;9053.8525
155.4529;84.1914;0.0000;762.3978;9060.8516
154.4529;84.8497;4.1002;760.7645;9068.1943
153.4529;85.1663;0.0000;759.4479;9075.1943
153.1112;84.8246;0.0000;762.0562;9082.1934
152.1112;85.4830;4.1002;760.7645;9089.1943
151.1112;85.7996;4.1002;758.0812;9096.1943
150.1112;85.7996;4.1002;762.0562;9103.8525
149.7696;86.1162;0.0000;760.1313;9110.8525
148.7696;85.7745;0.0000;761.0812;9117.8525
148.4279;86.4329;0.0000;762.3978;9124.8525
148.0862;86.0912;4.1002;760.1062;9131.8525
147.7445;86.7495;0.0000;763.0562;9138.8525
146.7445;86.4078;0.0000;763.0562;9145.8525
146.4028;86.7244;0.0000;760.1062;9152.8525
145.4028;87.3828;0.0000;763.0562;9159.8516
145.0611;87.0411;0.0000;762.1062;9166.8525
144.7195;87.3577;0.0000;761.0812;9173.8525
143.7195;87.3577;0.0000;765.0562;9180.8525
143.3778;88.0160;0.0000;762.1062;9187.8525
143.0361;87.6743;0.0000;763.0562;9194.8525
142.6944;88.3327;0.0000;764.7145;9201.8525
141.3527;88.6493;0.0000;758.1564;9208.8525
141.0110;88.3076;0.0000;763.0562;9215.8516
140.3527;88.6242;0.0000;763.7145;9222.8525
140.0110;88.6242;0.0000;761.7645;9229.8525
139.6693;88.9409;0.0000;763.7145;9236.8525
138.6693;88.9409;0.0000;765.3978;9243.8525
137.9860;89.2575;0.0000;761.0812;9251.1943
137.3277;89.5741;0.0000;765.0311;9258.1943
136.9860;89.9158;0.0000;761.7645;9265.1943
135.9860;90.2325;0.0000;762.0311;9272.1934
134.9860;90.5491;0.0000;764.6894;9279.1943
133.9860;90.5491;0.0000;761.0812;9286.1943
132.9860;90.8657;0.0000;763.3728;9293.8525
131.9860;91.5240;0.0000;767.3477;9300.8525
131.6443;91.5240;0.0000;761.0812;9307.8525
130.6443;91.8407;0.0000;764.3477;9314.8525
129.6443;92.4990;0.0000;764.0311;9321.8525
128.6443;92.1573;0.0000;760.7395;9328.8525
127.6443;92.8156;0.0000;763.3477;9335.8525
126.6443;93.1323;0.0000;760.7145;9342.8525
125.6443;93.7906;0.0000;763.3477;9349.8525
124.3026;93.7906;0.0000;765.9810;9356.8525
123.3026;93.7655;0.0000;763.0562;9363.8525
122.3026;94.4238;0.0000;763.6643;9370.8516
121.3026;95.0822;0.0000;765.6644;9377.8525
120.3026;95.7405;0.0000;762.6894;9384.8525
119.6443;96.3988;0.0000;763.6643;9391.8525
118.6443;97.0571;0.0000;764.9810;9398.8525
117.6443;97.7154;0.0000;762.6894;9405.8525
117.6443;97.7154;0.0000;763.6643;9412.8525
116.6443;98.3737;0.0000;762.6894;9419.8525
115.6443;98.6904;0.0000;761.3477;9426.8516
115.3026;99.3487;4.1002;767.2976;9434.1943
114.3026;100.0070;0.0000;762.6894;9441.1943
113.3026;100.3236;0.0000;761.3477;9448.1934
112.9609;100.3236;0.0000;767.2976;9455.1943
111.9609;100.9819;0.0000;764.0060;9462.1943
110.9609;101.6403;0.0000;764.9559;9469.1943
110.6193;102.2986;0.0000;762.9810;9476.8525
109.6193;102.9569;0.0000;761.9810;9483.8525
108.6193;103.6152;0.0000;766.2726;9490.8525
107.6193;104.2735;0.0000;763.6643;9497.8525
107.2776;104.5902;0.0000;762.9810;9504.8525
106.2776;105.2485;0.0000;767.9309;9511.8525
105.9359;105.9068;0.0000;764.0060;9518.8525
104.9359;106.5651;0.0000;764.2976;9525.8525
104.5942;107.2234;0.0000;767.6143;9532.8525
104.2525;107.8817;4.1002;761.0060;9539.8525
103.2525;109.1984;0.0000;767.2475;9546.8525
102.9108;109.8567;0.0000;766.9309;9553.8525
102.5692;110.5150;0.0000;762.0060;9560.8525
101.5692;111.1733;0.0000;767.2475;9567.8525
101.2275;112.4900;0.0000;765.9559;9574.8525
100.5692;113.1483;0.0000;763.2726;9581.8516
100.2275;113.8066;0.0000;768.2476;9588.8525
99.8858;114.4649;0.0000;762.9810;9595.8525
98.8858;115.1232;4.1002;764.9309;9602.8525
98.5441;116.4399;0.0000;767.5641;9609.8525
97.5441;117.0982;0.0000;762.3227;9616.8525
97.2024;118.4148;0.0000;766.5641;9624.1943
96.8607;119.0731;0.0000;767.5892;9631.1943
95.8607;120.3898;0.0000;762.6393;9638.1934
95.8607;121.0481;0.0000;765.9309;9645.1943
94.8607;122.3647;0.0000;765.9309;9652.1943
94.5191;123.6813;0.0000;764.2475;9659.8525
94.1774;124.9980;0.0000;768.5391;9666.8525
93.1774;125.9980;0.0000;765.2726;9673.8525
92.8357;127.3146;0.0000;765.5641;9680.8525
92.4940;128.6312;0.0000;766.5641;9687.8525
91.4940;129.9479;0.0000;763.2475;9694.8525
91.1523;130.6062;0.0000;765.5391;9701.8525
89.8106;131.9228;0.0000;767.2225;9708.8525
89.1523;132.5811;0.0000;763.5892;9715.8525
88.8106;133.8978;0.0000;765.8807;9722.8525
87.8106;134.5561;0.0000;767.2225;9729.8525
87.4689;135.8727;0.0000;764.5892;9736.8516
86.4689;136.5310;0.0000;766.1974;9743.8525
86.4689;137.8477;0.0000;763.9309;9750.8525
85.4689;139.1643;4.1002;762.5641;9757.8525
85.1273;139.8226;0.0000;766.1974;9764.8525
85.1273;141.4809;0.0000;764.5892;9771.8525
84.1273;142.7976;0.0000;764.8808;9778.8525
83.7856;143.7976;0.0000;766.5641;9785.8525
83.4439;145.1142;0.0000;763.5641;9792.8516
83.1022;146.4308;4.1002;766.8307;9799.8525
82.7605;147.7475;0.0000;766.5391;9807.1943
82.4189;149.0641;0.0000;764.2475;9814.1934
82.0772;149.7224;0.0000;768.5391;9821.1943
81.7355;151.0391;0.0000;765.2476;9828.1943
81.3938;151.6974;0.0000;766.1974;9835.1943
81.0521;153.0140;0.0000;770.5140;9842.1943
81.0521;153.6723;0.0000;765.5641;9849.8525
80.7104;154.3306;0.0000;765.1974;9856.8525
80.7104;155.6473;0.0000;768.5140;9863.8525
80.3688;156.6473;0.0000;763.5641;9870.8525
80.0271;157.3056;0.0000;767.5140;9877.8525
80.0271;157.9639;7.8998;766.8557;9884.8525
79.6854;159.2805;7.8998;762.2224;9891.8525
79.3437;159.9388;0.0000;767.1724;9898.8525
79.0020;161.2555;7.8998;763.9058;9905.8525
78.6603;161.9138;0.0000;756.2976;9912.8525
78.3186;162.5721;0.0000;759.5892;9919.8525
78.3186;163.2304;0.0000;757.6393;9926.8525
77.9770;163.8887;4.1002;756.2726;9933.8525
77.6353;164.5471;0.0000;759.5892;9940.8525
77.2936;165.5471;0.0000;755.9810;9947.8516
76.9519;166.2054;0.0000;758.2476;9954.8525
76.6102;166.8637;0.0000;757.2475;9961.8525
76.2685;167.5220;0.0000;755.2726;9968.8525
75.9269;168.1803;0.0000;757.5892;9975.8525
75.9269;168.8387;0.0000;758.2726;9982.8525
75.5852;168.8387;0.0000;755.5892;9990.1943
75.2435;169.4970;4.1002;758.5391;9997.1943
75.5601;170.4970;0.0000;754.2726;10004.1934
75.2184;171.4970;0.0000;753.5641;10011.1943
74.8768;172.1553;4.1002;757.8557;10018.1943
74.5351;172.8136;0.0000;752.5892;10025.1934
74.1934;173.4719;0.0000;754.1724;10032.8525
73.8517;174.4719;0.0000;756.5140;10039.8525
73.5100;174.8136;0.0000;752.8807;10046.8525
73.5100;175.8136;0.0000;754.4890;10053.8525
73.8267;176.4719;0.0000;754.8557;10060.8525
73.4850;177.4719;0.0000;751.8557;10067.8525
73.1433;177.4719;0.0000;756.8307;10074.8525
72.8016;177.7886;4.1002;752.1974;10081.8525
72.4599;178.4469;0.0000;752.8307;10088.8525
72.1182;178.4469;4.1002;749.5391;10095.8525
72.4349;179.1052;4.1002;751.4890;10102.8516
72.0932;179.7635;0.0000;752.7806;10109.8525
71.7515;180.1052;0.0000;755.0721;10116.8525
71.4098;181.1052;0.0000;749.8057;10123.8525
71.0681;182.1052;0.0000;751.7806;10130.8525
70.7265;182.1052;4.1002;752.1223;10137.8525
71.3848;182.7635;0.0000;750.7555;10144.8525
71.0431;183.4218;0.0000;755.0471;10151.8525
70.7014;183.7635;4.1002;751.1223;10158.8516
70.7014;184.7635;0.0000;748.9971;10165.8525
71.0180;185.4218;0.0000;754.3387;10172.8525
70.6764;185.4218;4.1002;749.7305;10180.1934
70.3347;186.4218;0.0000;749.7305;10187.1943
69.9930;187.4218;0.0000;753.6804;10194.1943
69.6513;188.4218;0.0000;747.7555;10201.1943
69.3096;188.7635;0.0000;751.0221;10208.1943
68.9679;189.4218;0.0000;751.0221;10215.8525
68.9679;190.0801;4.1002;747.7054;10222.8525
68.6263;190.7384;0.0000;752.3136;10229.8525
67.9429;191.0801;4.1002;749.0471;10236.8525
67.6012;192.0801;0.0000;747.6804;10243.8525
67.2595;193.0801;0.0000;752.6553;10250.8525
66.9178;193.0801;0.0000;748.0221;10257.8525
66.5762;193.7384;0.0000;745.6804;10264.8525
66.5762;194.7384;0.0000;751.6302;10271.8525
66.2345;195.7384;0.0000;747.6804;10278.8525
65.8928;196.3968;0.0000;749.2635;10285.8525
65.5511;197.0551;0.0000;747.9469;10292.8525
65.2094;198.0551;0.0000;747.6804;10299.8525
64.8677;199.0551;0.0000;748.8968;10306.8525
64.1844;200.0551;0.0000;748.9719;10313.8516
64.5010;200.7134;0.0000;746.9469;10320.8525
64.1593;201.7134;0.0000;750.2385;10327.8525
63.8176;202.7134;0.0000;747.2886;10334.8525
63.1343;203.7134;0.0000;746.5802;10341.8525
62.7926;204.3717;0.0000;749.5551;10348.8525
63.1092;205.3717;0.0000;745.2886;10355.8525
62.7675;206.3717;0.0000;748.5551;10363.1943
62.4259;207.3717;0.0000;749.5551;10370.1934
62.0842;208.0300;0.0000;744.6052;10377.1943
62.0842;209.0300;0.0000;745.8968;10384.1943
62.0591;210.0300;0.0000;745.8968;10391.1934
62.0591;210.6883;0.0000;744.2385;10398.8525
61.7174;211.6884;0.0000;748.5050;10405.8525
61.3758;212.6883;0.0000;745.2635;10412.8525
61.0341;213.6884;0.0000;744.8969;10419.8525
61.3507;214.3467;0.0000;749.8467;10426.8525
61.3507;215.3467;0.0000;743.5802;10433.8525
61.0090;216.0050;0.0000;745.2134;10440.8525
61.6673;217.0050;0.0000;748.5551;10447.8516
61.6673;217.6633;0.0000;744.6052;10454.8525
61.3257;218.6633;0.0000;747.5300;10461.8525
61.9840;219.3216;0.0000;745.8968;10468.8516
61.9840;219.9799;0.0000;744.5552;10475.8525
61.6423;220.9799;0.0000;741.9469;10482.8525
61.3006;221.6382;0.0000;743.8969;10489.8525
61.3006;221.9799;0.0000;746.8467;10496.8525
61.6172;222.9799;0.0000;749.8217;10503.8516
61.2756;223.9799;0.0000;744.5802;10510.8525
61.5922;224.9799;0.0000;746.5050;10517.8525
61.9088;225.3216;0.0000;750.8217;10524.8516
61.5671;225.9799;0.0000;742.1884;10531.8525
62.2255;226.9799;0.0000;746.1633;10538.8525
61.8838;226.9799;0.0000;746.5050;10546.1934
62.2004;227.9799;0.0000;743.5050;10553.1943
62.2004;228.6382;0.0000;747.4299;10560.1934
61.8587;228.9799;0.0000;743.8467;10567.1943
62.1754;229.6382;0.0000;744.7966;10574.1943
62.1754;230.6382;0.0000;748.0882;10581.1934
61.8337;230.9799;0.0000;742.8217;10588.8525
62.1503;231.9799;0.0000;745.1133;10595.8525
62.1503;232.6382;0.0000;745.7716;10602.8516
62.4669;233.6382;0.0000;740.8217;10609.8525
62.7836;234.6382;4.1002;745.1133;10616.8525
62.4419;234.9799;0.0000;744.7715;10623.8525
62.7585;235.9799;0.0000;741.4800;10630.8525
62.4168;236.6382;4.1002;745.4048;10637.8525
63.0751;237.6382;0.0000;741.4550;10644.8525
63.3918;238.6382;0.0000;743.0881;10651.8525
63.0501;239.2966;0.0000;744.0882;10658.8516
63.7084;240.2966;0.0000;742.1383;10665.8525
63.3667;241.2966;0.0000;742.4048;10672.8525
63.6834;241.6382;4.1002;745.3798;10679.8516
63.6834;242.2966;0.0000;742.7716;10686.8525
64.0000;243.2966;0.0000;742.4048;10693.8525
64.3166;244.2966;0.0000;741.4048;10700.8525
64.3166;245.2966;0.0000;739.1133;10707.8525
64.6333;246.2966;4.1002;742.7214;10714.8516
64.2916;246.9549;0.0000;740.4299;10721.8525
64.9499;247.9549;0.0000;739.4048;10728.8525
64.6082;248.9549;0.0000;742.6714;10736.1934
65.2665;249.9549;0.0000;738.7716;10743.1943
64.9249;250.2966;0.0000;740.7214;10750.1943
65.5832;250.9549;0.0000;743.0381;10757.1934
65.8998;251.9549;0.0000;738.7465;10764.1943
66.5581;252.9549;0.0000;741.3547;10771.8525
66.2164;253.9549;0.0000;742.0631;10778.8525
66.5331;254.6132;0.0000;738.7465;10785.8525
67.1914;255.2966;0.0000;740.3798;10792.8525
66.8497;256.2966;0.0000;738.7716;10799.8525
67.5080;257.2966;0.0000;738.0631;10806.8525
67.8246;258.2966;0.0000;742.6964;10813.8516
68.4830;259.2966;0.0000;736.0881;10820.8525
68.7996;259.6382;0.0000;738.7214;10827.8525
69.4579;260.6382;0.0000;740.3297;10834.8516
69.1162;261.6382;0.0000;735.7214;10841.8525
69.7745;262.9799;0.0000;740.6714;10848.8525
70.0912;263.9799;0.0000;742.0131;10855.8525
70.7495;264.3216;0.0000;735.7214;10862.8525
70.4078;265.3216;0.0000;739.3547;10869.8516
70.7244;266.6633;0.0000;739.6964;10876.8525
71.3828;267.6633;0.0000;736.0631;10883.8525
72.0411;268.6633;0.0000;737.6964;10890.8516
72.3577;269.6633;0.0000;735.0882;10897.8525
72.3577;271.0050;0.0000;735.7214;10904.8525
73.0160;271.3467;0.0000;738.6463;10911.8525
73.3327;272.3466;0.0000;734.4299;10919.1943
73.9910;273.3467;0.0000;735.7214;10926.1934
74.6493;274.3466;0.0000;736.7214;10933.1943
75.3076;275.3466;4.1002;733.0882;10940.1943
76.2826;276.6884;0.0000;735.7214;10947.1934
76.9409;277.6884;0.0000;735.7214;10954.8525
77.2575;278.6884;0.0000;733.7465;10961.8525
77.9158;279.0300;0.0000;736.0131;10968.8516
77.9158;280.0300;0.0000;731.7716;10975.8525
78.5741;281.0300;0.0000;733.0631;10982.8525
78.8908;282.0300;0.0000;737.6964;10989.8525
79.5491;283.0300;0.0000;733.7465;10996.8525
79.8657;283.3717;4.1002;735.6714;11003.8525
79.8657;284.7134;0.0000;736.3798;11010.8525
80.5240;285.7134;0.0000;733.0882;11017.8525
80.8407;286.7134;4.1002;734.6964;11024.8516
81.4990;287.7134;0.0000;735.7214;11031.8525
82.1573;288.7134;4.1002;731.7716;11038.8525
82.4739;289.0551;0.0000;734.6964;11045.8516
82.4739;290.0551;0.0000;736.0631;11052.8525
82.7906;291.0551;0.0000;732.3798;11059.8525
83.4489;291.7384;0.0000;736.6714;11066.8525
83.4489;292.7385;0.0000;733.0631;11073.8525
83.7655;293.3968;0.0000;733.6964;11080.8516
84.4238;293.7384;0.0000;736.6714;11087.8525
85.0822;294.7385;0.0000;732.0631;11094.8525
85.7405;295.7384;0.0000;733.6714;11102.1934
86.0571;296.0801;0.0000;734.3547;11109.1943
86.0571;297.0801;0.0000;733.7214;11116.1943
86.7154;297.4218;0.0000;736.0131;11123.1934
87.3737;298.4218;0.0000;731.7465;11130.1943
87.6904;298.7635;0.0000;732.3798;11137.1934
88.3487;299.7635;0.0000;736.3798;11144.8525
88.3487;300.1052;0.0000;733.7465;11151.8525
89.0070;300.4469;0.0000;732.0381;11158.8525
89.3236;301.4469;0.0000;735.7214;11165.8525
89.9819;301.7885;4.1002;731.7716;11172.8525
90.6403;302.4469;0.0000;733.3297;11179.8516
91.2986;302.7885;0.0000;733.0381;11186.8525
91.6152;303.7885;0.0000;730.7465;11193.8525
92.2735;304.1302;0.0000;733.6714;11200.8525
92.9319;304.4719;0.0000;732.0381;11207.8525
93.2485;305.4719;0.0000;730.0631;11214.8525
93.2485;305.8136;0.0000;733.6714;11221.8525
93.9068;306.4969;0.0000;730.0631;11228.8525
94.5651;306.8387;0.0000;731.3547;11235.8516
95.2234;307.8387;0.0000;734.3547;11242.8525
94.8817;308.1803;4.1002;729.7465;11249.8525
95.5401;308.8637;0.0000;729.6964;11256.8516
96.1984;309.8637;4.1002;732.0131;11263.8525
96.8567;310.2054;0.0000;730.4048;11270.8525
97.5150;310.8887;0.0000;729.0381;11277.8525
98.1733;311.8887;0.0000;732.3798;11284.8525
98.1733;312.2304;0.0000;730.0381;11292.1934
98.8316;313.5721;4.1002;731.6964;11299.1943
99.1483;313.9138;0.0000;729.7214;11306.1943
99.8066;314.9138;4.1002;730.0381;11313.1934
100.4649;315.5972;0.0000;733.3297;11320.1943
101.1232;315.9388;0.0000;728.7716;11327.8525
101.7815;316.2805;0.0000;730.0381;11334.8516
102.4399;317.6222;0.0000;730.3798;11341.8525
103.0982;317.9639;4.1002;724.7966;11348.8525
103.0982;318.3056;0.0000;729.3798;11355.8525
103.7565;318.6473;4.1002;729.0631;11362.8525
104.4148;319.6473;0.0000;728.0631;11369.8525
105.0731;319.9890;0.0000;729.3798;11376.8525
105.7314;320.3306;4.1002;727.7465;11383.8525
106.3898;320.6723;0.0000;726.7465;11390.8516
107.0481;321.6723;0.0000;730.3798;11397.8525
107.7064;322.0140;0.0000;725.7966;11404.8525
107.7064;322.3557;0.0000;725.4048;11411.8516
108.3647;322.6974;0.0000;731.0882;11418.8525
109.0230;323.6974;0.0000;726.7715;11425.8525
109.6813;324.0391;0.0000;728.4048;11432.8525
109.6813;324.3807;0.0000;728.4299;11439.8525
109.9980;324.7224;7.8998;726.0882;11446.8516
110.6563;325.0641;0.0000;730.7465;11453.8525
111.3146;325.4058;0.0000;727.1132;11460.8525
111.9729;326.4058;0.0000;726.7715;11467.8516
111.9729;326.7475;0.0000;731.0882;11475.1943
113.2896;327.0891;0.0000;729.1383;11482.1943
113.9479;327.0891;0.0000;728.7716;11489.1934
114.6062;328.0891;0.0000;731.1133;11496.1943
115.2645;328.4308;0.0000;726.5300;11503.1934
116.5811;328.7725;0.0000;729.4299;11510.8525
117.2395;329.7725;0.0000;729.7966;11517.8525
117.8978;330.1142;0.0000;728.4800;11524.8525
119.2144;330.4559;0.0000;731.1133;11531.8525
119.8727;331.4559;0.0000;729.1633;11538.8525
120.5310;331.7976;0.0000;727.8467;11545.8516
121.8477;331.7976;0.0000;730.4800;11552.8525
122.5060;332.1393;0.0000;726.8717;11559.8525
124.1643;333.1393;0.0000;727.1884;11566.8525
124.8226;333.8226;0.0000;722.9219;11573.8525
126.1393;334.8226;0.0000;725.9219;11580.8525
127.4559;335.1643;0.0000;727.1633;11587.8525
128.7725;336.1643;0.0000;728.5551;11594.8525
129.4308;336.5060;0.0000;723.2635;11601.8516
131.0892;336.8477;0.0000;727.2134;11608.8525
132.4058;337.8477;0.0000;726.6052;11615.8525
133.7224;338.1893;0.0000;724.8968;11622.8516
135.0391;338.5310;7.8998;728.8718;11629.8525
136.6974;338.8727;0.0000;724.6302;11636.8525
138.0140;339.2144;0.0000;724.9219;11643.8525
138.6723;339.5561;0.0000;728.5802;11650.8525
140.3306;340.2394;0.0000;725.3136;11658.1934
141.6473;340.5811;0.0000;726.2635;11665.1943
143.3056;340.9228;0.0000;725.9719;11672.1943
144.6222;341.2645;0.0000;725.6553;11679.1934
145.9388;341.6062;0.0000;726.6052;11686.1943
147.5972;341.9479;0.0000;726.9970;11693.1943
148.9138;342.2896;7.8998;724.9719;11700.8516
150.2304;342.6312;4.1002;728.2886;11707.8525
151.8888;342.9729;0.0000;726.7054;11714.8525
153.2054;343.3146;0.0000;726.6804;11721.8525
154.5220;343.6563;0.0000;727.0221;11728.8525
156.1803;343.3397;0.0000;725.0471;11735.8525
157.4970;343.6813;0.0000;726.0221;11742.8525
158.8136;343.3647;7.8998;727.3387;11749.8525
160.4719;343.7064;0.0000;722.0471;11756.8516
161.7886;343.7314;0.0000;726.6804;11763.8525
163.1052;344.0731;7.8998;725.3638;11770.8525
164.7635;344.4148;0.0000;723.3888;11777.8516
166.0801;344.0982;0.0000;726.3387;11784.8525
167.7384;344.4398;0.0000;725.3888;11791.8525
169.0551;344.7816;0.0000;724.3638;11798.8525
170.7134;344.4649;0.0000;728.3638;11805.8525
172.0300;344.8066;0.0000;725.7555;11812.8516
173.3467;345.1483;0.0000;727.0471;11819.8525
174.3467;344.8316;0.0000;728.0471;11826.8525
175.6633;345.5150;0.0000;724.0721;11833.8516
176.9799;345.1984;0.0000;727.0221;11840.8525
177.9799;345.5400;7.8998;728.0471;11848.1943
179.2966;345.2234;0.0000;726.0471;11855.1934
180.9549;345.5651;0.0000;727.3387;11862.1943
181.6132;345.2485;0.0000;724.0972;11869.1934
183.2715;345.5901;0.0000;724.4138;11876.1943
184.5882;345.6152;0.0000;727.3638;11883.8525
185.5881;345.9569;0.0000;725.4138;11890.8525
187.2465;345.6403;0.0000;724.7054;11897.8525
188.5631;346.3236;0.0000;728.3638;11904.8525
189.5631;346.6653;0.0000;725.4138;11911.8516
190.5631;346.3487;0.0000;726.3888;11918.8525
191.8797;347.0320;0.0000;727.3888;11925.8525
192.8797;347.3737;0.0000;724.4138;11932.8525
193.5381;347.3988;0.0000;727.0221;11939.8525
194.5380;347.7405;0.0000;725.7305;11946.8525
195.5381;348.0822;0.0000;723.0471;11953.8525
196.1964;348.7655;0.0000;728.3638;11960.8525
197.8547;348.4489;0.0000;724.0972;11967.8516
198.8547;348.7906;0.0000;725.3888;11974.8525
199.8547;349.4739;0.0000;727.0221;11981.8525
200.8547;349.8156;0.0000;723.7555;11988.8516
201.8547;349.4990;0.0000;726.3387;11995.8525
202.5130;350.1823;7.8998;727.0471;12002.8525
203.5130;350.5240;4.1002;724.4138;12009.8525
204.5130;350.8657;0.0000;725.3638;12016.8525
205.5130;350.8908;0.0000;724.7054;12023.8516
207.1713;351.2325;0.0000;723.3888;12031.1943
208.1713;351.5741;0.0000;726.3387;12038.1943
208.8296;351.9158;0.0000;723.4138;12045.1934
209.8296;352.5992;0.0000;726.0221;12052.1943
210.8296;352.9409;0.0000;727.0221;12059.1943
212.4879;353.2826;0.0000;723.7555;12066.8516
213.4879;353.9659;0.0000;726.0471;12073.8525
214.4879;353.6493;0.0000;727.3888;12080.8525
215.4879;353.9910;0.0000;723.4138;12087.8525
216.4879;354.3326;0.0000;726.6804;12094.8525
217.4879;354.0160;0.0000;725.7305;12101.8525
218.4879;354.6994;0.0000;723.0721;12108.8525
219.4879;355.0411;7.8998;727.0471;12115.8525
219.8296;355.3828;0.0000;723.4138;12122.8516
220.8296;355.0661;0.0000;724.0471;12129.8525
221.8296;355.4078;0.0000;726.0221;12136.8525
222.8296;355.0912;0.0000;724.0972;12143.8516
223.8296;355.4329;0.0000;722.3888;12150.8525
224.4879;355.7745;0.0000;726.3888;12157.8525
225.4879;355.4579;0.0000;721.7555;12164.8525
226.4879;355.7996;0.0000;724.7054;12171.8525
227.4879;355.4830;0.0000;725.3888;12178.8516
228.1463;355.4830;0.0000;722.7305;12185.8525
229.1463;355.1663;0.0000;726.0221;12192.8525
230.1463;355.5080;0.0000;722.7555;12199.8516
230.8046;355.8497;0.0000;721.7054;12206.8525
231.8046;355.1914;0.0000;727.3387;12214.1943
232.4629;355.5331;0.0000;723.4138;12221.1934
234.1212;355.2164;0.0000;725.3638;12228.1943
235.1212;355.5581;0.0000;726.7054;12235.1934
235.7795;355.2415;0.0000;723.4138;12242.1934
236.7795;355.5832;0.0000;725.6804;12249.1943
237.7795;355.2665;0.0000;726.0221;12256.8525
238.7795;355.6082;0.0000;723.3888;12263.8516
239.7795;354.9499;0.0000;724.3638;12270.8525
240.7795;355.6332;0.0000;722.4138;12277.8516
242.4379;354.9749;0.0000;723.6804;12284.8525
243.4378;354.6583;0.0000;726.0221;12291.8525
244.4378;354.6583;0.0000;722.7305;12298.8516
246.0962;354.3417;0.0000;724.3638;12305.8525
247.4379;354.0251;0.0000;725.3638;12312.8525
248.4378;353.7084;0.0000;722.7305;12319.8516
250.0962;353.3918;0.0000;725.0221;12326.8525
251.0962;353.3918;0.0000;724.7054;12333.8516
252.7545;353.0751;0.0000;721.7054;12340.8516
254.0962;352.7585;0.0000;726.0221;12347.8525
255.7545;352.1002;0.0000;724.7305;12354.8525
257.7545;351.7836;0.0000;723.3888;12361.8516
259.0962;351.4669;0.0000;725.9970;12368.8516
260.0962;350.8086;0.0000;723.4138;12375.8516
262.0962;349.8336;0.0000;722.7054;12382.8525
264.0962;349.1754;0.0000;726.6804;12389.8525
265.0962;348.8587;0.0000;721.7555;12397.1943
267.0962;348.5421;0.0000;724.6804;12404.1934
268.0962;348.2255;0.0000;725.7054;12411.1934
270.0962;347.9088;0.0000;722.7305;12418.1934
271.0962;346.5922;0.0000;724.7054;12425.1943
272.4378;346.2755;0.0000;724.7305;12432.1943
274.0962;345.9589;0.0000;722.7305;12439.8516
275.4378;344.9840;0.0000;726.6804;12446.8516
276.4378;344.6673;0.0000;723.0972;12453.8516
278.4378;343.3507;0.0000;724.0471;12460.8525
279.4378;343.0341;0.0000;725.6804;12467.8525
280.7795;342.7174;0.0000;722.0972;12474.8525
282.1212;341.4008;0.0000;724.7054;12481.8516
284.1212;341.0842;0.0000;725.7305;12488.8516
285.1212;339.7675;0.0000;722.0972;12495.8525
286.4629;339.4509;0.0000;724.7054;12502.8525
287.8046;338.1343;0.0000;726.4138;12509.8525
289.1463;337.1593;7.8998;723.7305;12516.8516
291.1463;336.8427;0.0000;725.3888;12523.8516
292.1462;335.5261;0.0000;723.7806;12530.8516
293.4879;335.2094;0.0000;723.7555;12537.8525
295.4879;333.8928;0.0000;727.0471;12544.8525
296.8296;332.9178;0.0000;721.7555;12551.8516
298.1713;332.2595;0.0000;724.7305;12558.8516
299.5130;331.2845;0.0000;727.0471;12565.8516
300.8547;329.9680;0.0000;721.7806;12572.8525
302.1964;328.9930;0.0000;725.3888;12579.8525
303.1964;327.6764;0.0000;724.4389;12587.1943
303.8797;327.0180;0.0000;723.7555;12594.1934
305.2214;325.7014;0.0000;725.7305;12601.1934
306.8797;324.7264;0.0000;724.1223;12608.1934
308.2214;324.0681;0.0000;724.0972;12615.1943
309.2214;323.0932;0.0000;727.0471;12622.8525
310.5631;322.4349;0.0000;725.4388;12629.8525
311.5631;321.4599;0.0000;724.4138;12636.8516
312.9048;320.1433;0.0000;726.4138;12643.8516
314.2465;319.4850;0.0000;723.4639;12650.8525
315.2465;318.1683;0.0000;725.0972;12657.8525
316.5881;316.8517;0.0000;727.0972;12664.8525
317.9298;315.8768;0.0000;724.8057;12671.8516
318.2715;315.2184;0.0000;727.4138;12678.8516
319.6132;313.9018;0.0000;725.1223;12685.8516
320.9549;312.9268;0.0000;724.7806;12692.8525
321.9549;311.6102;0.0000;728.0721;12699.8525
323.2966;310.9519;0.0000;725.4640;12706.8516
324.2966;309.6353;0.0000;724.4138;12713.8516
325.6382;309.3187;7.8998;728.7555;12720.8516
326.6382;308.0020;0.0000;725.1473;12727.8525
326.9799;306.6854;0.0000;726.4138;12734.8525
328.3216;306.0270;0.0000;727.4389;12741.8525
329.3216;305.0521;0.0000;724.8057;12748.8516
330.0050;303.7355;0.0000;724.7555;12755.8516
331.0050;303.0771;0.0000;726.4389;12762.8516
332.0050;301.7605;0.0000;726.1223;12770.1943
332.6884;300.4439;0.0000;729.7555;12777.1943
333.6884;299.1273;0.0000;726.4890;12784.1934
334.3717;298.4689;0.0000;727.7806;12791.1934
335.3717;297.1523;0.0000;730.0972;12798.1934
336.0551;295.8357;0.0000;726.4890;12805.1943
337.0551;295.1774;0.0000;729.4138;12812.8525
337.3968;293.8607;0.0000;730.7806;12819.8525
338.7385;292.5441;0.0000;728.4640;12826.8516
339.0801;291.8858;0.0000;731.0721;12833.8516
339.7635;290.5692;0.0000;732.0972;12840.8516
340.1052;289.2525;0.0000;731.7305;12847.8525
340.7885;287.9359;0.0000;734.0471;12854.8525
340.8136;286.6193;0.0000;731.7555;12861.8516
341.1553;285.3026;7.8998;732.0721;12868.8516
341.1803;283.9860;0.0000;737.3638;12875.8516
341.8637;282.6694;7.8998;731.7806;12882.8525
342.2054;282.0110;0.0000;734.3888;12889.8525
342.2304;280.6944;7.8998;738.0471;12896.8525
342.9138;280.0361;7.8998;731.4389;12903.8516
343.5972;278.3777;7.8998;734.7305;12910.8516
343.2805;277.7195;0.0000;735.0721;12917.8516
343.9639;277.0612;7.8998;732.4388;12924.8525
344.6473;275.7445;0.0000;737.3638;12931.8525
344.9890;274.7445;0.0000;732.7806;12938.8516
345.6723;274.0862;0.0000;733.4389;12945.8516
345.6974;272.4279;0.0000;729.8307;12953.1934
346.3807;271.7696;0.0000;739.0721;12960.1943
347.0641;271.1112;0.0000;740.0221;12967.1943
347.7475;270.1112;0.0000;743.9970;12974.1934
347.4308;269.4529;0.0000;739.7305;12981.1934
348.1142;267.7946;0.0000;742.3387;12988.1934
348.7976;267.7946;0.0000;743.7054;12995.8516
349.4810;266.7946;0.0000;741.0721;13002.8525
349.8226;266.1363;0.0000;744.3387;13009.8525
350.8477;265.1363;0.0000;743.3888;13016.8516
351.5311;264.7946;0.0000;743.7305;13023.8516
351.8727;264.1363;0.0000;745.6804;13030.8516
352.5561;263.1363;0.0000;743.7305;13037.8525
353.2395;262.7946;0.0000;743.7054;13044.8525
353.5811;262.1363;0.0000;747.3638;13051.8525
354.2645;261.7946;0.0000;744.4138;13058.8516
354.9479;261.4529;0.0000;745.3638;13065.8516
355.2896;261.1112;0.0000;743.7555;13072.8516
355.9729;260.7696;0.0000;732.2225;13079.8525
356.3146;260.4279;4.1002;709.4980;13086.8525
356.3397;260.0862;0.0000;676.6323;13093.8516
357.0230;259.7445;4.1002;606.8257;13100.8516
357.3647;258.7445;0.0000;329.9911;13107.8516
96.6964;126.0812;0.0000;329.7245;4405.3252
97.0381;125.7395;0.0000;329.0412;4407.7168
97.7215;125.3978;0.0000;329.7245;4410.1084
98.4048;124.7145;0.0000;329.7245;4412.5005
98.7465;124.3728;0.0000;329.0412;4415.2339
99.4299;124.0311;0.0000;329.7245;4417.6255
100.1133;123.6894;0.0000;330.0663;4420.0176
100.4549;123.3477;0.0000;329.7245;4422.4092
101.1383;123.0061;0.0000;330.4079;4424.8013
101.4800;122.6644;0.0000;329.7245;4427.1929
102.1634;122.3227;0.0000;330.7496;4429.5845
102.8467;121.9810;0.0000;331.4330;4431.9766
103.5301;121.2976;0.0000;330.0663;4434.3682
104.2135;120.9559;0.0000;330.7496;4436.7598
104.5551;120.6143;0.0000;331.7747;4439.1519
105.2385;119.9309;0.0000;330.0663;4441.5435
105.9219;119.5892;0.0000;331.7747;4443.9355
106.2636;119.2475;0.0000;331.7747;4446.3271
106.9469;118.9059;0.0000;330.7496;4448.7188
107.2886;118.2225;0.0000;331.7747;4451.1108
107.9720;118.2225;0.0000;330.7496;4453.5024
108.3137;117.5391;0.0000;330.4079;4455.8940
108.9970;117.5391;0.0000;332.4580;4458.2861
109.3387;117.1974;0.0000;331.0913;4460.6777
110.0221;116.8558;0.0000;331.7747;4463.0693
110.3638;116.5141;0.0000;331.7747;4465.4614
111.0471;115.8307;0.0000;331.0913;4467.8530
111.7305;115.4890;0.0000;331.7747;4470.2451
112.4139;115.1473;0.0000;331.7747;4472.6367
112.7555;114.4640;0.0000;331.7747;4475.0283
113.4389;113.7806;0.0000;332.7997;4477.7622
114.1223;113.4389;0.0000;332.1163;4480.1538
114.4640;112.7555;0.0000;332.4580;4482.5454
114.8056;112.4139;0.0000;333.8248;4484.9375
115.4890;112.0722;0.0000;331.7747;4487.3291
115.8307;111.7305;0.0000;332.7997;4489.7207
116.1724;111.0471;0.0000;332.4580;4492.1128
116.8558;110.7054;4.1002;332.4580;4494.5044
117.1974;110.3638;0.0000;333.1414;4496.8965
117.5391;110.0221;4.1002;333.1414;4499.2881
117.8808;109.3387;0.0000;332.4580;4501.6797
118.5642;108.9970;0.0000;333.1414;4504.0718
118.9059;108.3137;0.0000;332.7997;4506.4634
119.2475;107.9720;0.0000;332.7997;4508.8550
119.5892;107.6303;0.0000;333.8248;4511.2471
120.2726;106.9469;0.0000;332.1163;4513.6387
120.6143;106.6052;0.0000;333.1414;4516.0308
120.9559;105.9219;0.0000;333.8248;4518.4224
121.2976;105.2385;0.0000;332.4580;4520.8140
121.6393;104.5551;0.0000;333.8248;4523.2061
122.3227;103.8718;0.0000;333.4831;4525.5977
122.6644;103.1884;0.0000;332.4580;4527.9893
123.3477;102.5050;0.0000;333.8248;4530.3813
123.6894;101.8217;0.0000;333.4831;4532.7729
124.3728;101.1383;0.0000;333.1414;4535.1646
124.7145;100.7966;0.0000;334.1664;4537.5566
125.0562;100.1133;0.0000;333.4831;4540.2900
125.3978;99.7716;0.0000;333.8248;4542.6816
125.7395;99.4299;0.0000;334.1664;4545.0737
126.4229;98.7465;0.0000;333.1414;4547.4653
126.4229;98.4048;0.0000;333.8248;4549.8574
126.7646;98.0632;0.0000;334.1664;4552.2490
127.1063;97.3798;0.0000;333.8248;4554.6406
127.4479;97.0381;0.0000;334.8498;4557.0327
127.7896;96.3547;0.0000;334.5081;4559.4243
128.1313;95.6714;0.0000;334.1664;4561.8159
128.4730;95.3297;4.1002;334.8498;4564.2080
128.4730;94.6463;0.0000;334.8498;4566.5996
128.8147;93.9630;4.1002;334.8498;4568.9917
129.1564;93.6213;0.0000;335.5332;4571.3833
129.4980;92.9379;0.0000;334.8498;4573.7749
129.4980;92.2545;0.0000;335.5332;4576.1670
130.1814;91.9129;0.0000;335.5332;4578.5586
130.1814;91.2295;0.0000;332.4580;4580.9502
130.5231;90.5461;0.0000;335.8748;4583.3423
130.8648;89.8628;0.0000;336.2166;4585.7339
131.2065;89.5211;0.0000;335.8748;4588.1255
131.2065;88.8377;0.0000;336.5582;4590.5176
131.5481;88.1543;0.0000;335.8748;4592.9092
131.8898;87.4710;0.0000;336.2166;4595.3013
132.2315;87.1293;0.0000;336.8999;4597.6929
132.2315;86.4459;0.0000;335.8748;4600.0845
132.5732;86.1042;0.0000;335.5332;4602.4766
132.9149;85.7626;0.0000;336.5582;4605.2100
133.2566;85.0792;0.0000;335.8748;4607.6016
133.2566;84.7375;0.0000;335.5332;4609.9937
133.5982;84.3958;0.0000;336.2166;4612.3853
133.9399;83.7124;0.0000;335.8748;4614.7769
133.9399;83.3708;0.0000;336.2166;4617.1689
134.2816;82.6874;0.0000;335.8748;4619.5605
134.6233;82.3457;0.0000;336.8999;4621.9526
134.6233;81.6624;0.0000;337.5833;4624.3442
134.6233;80.9790;0.0000;335.8748;4626.7358
134.6233;80.6373;0.0000;336.2166;4629.1279
134.9650;79.9539;0.0000;336.8999;4631.5195
134.9650;79.6123;0.0000;335.8748;4633.9111
134.9650;78.9289;0.0000;335.8748;4636.3032
135.3067;78.2455;4.1002;336.5582;4638.6948
135.3067;77.9038;0.0000;336.2166;4641.0869
135.6483;77.2205;4.1002;335.8748;4643.4785
135.6483;76.8788;0.0000;335.1915;4645.8701
135.6483;76.5371;0.0000;335.1915;4648.2622
135.9900;76.1954;0.0000;334.8498;4650.6538
135.9900;76.1954;4.1002;335.1915;4653.0454
135.9900;75.8537;0.0000;335.8748;4655.4375
135.9900;75.5120;4.1002;335.8748;4657.8291
135.9900;75.5120;0.0000;334.8498;4660.2207
135.9900;75.1704;0.0000;335.1915;4662.6128
135.9900;74.8287;0.0000;333.8248;4665.0044
135.9900;74.1453;0.0000;331.4330;4667.7378
135.9900;73.8036;0.0000;335.5332;4670.1299
136.3317;73.4619;0.0000;330.4079;4672.5215
136.3317;72.7786;0.0000;332.7997;4674.9136
136.3317;72.4369;0.0000;332.7997;4677.3052
136.3317;72.0952;0.0000;331.4330;4679.6968
136.6734;71.7535;0.0000;331.7747;4682.0889
136.6734;71.4118;0.0000;332.4580;4684.4805
136.6734;71.0702;0.0000;331.0913;4686.8721
136.6734;70.7285;0.0000;331.7747;4689.2642
136.6734;70.3868;0.0000;331.7747;4691.6558
136.6734;70.0451;0.0000;330.0663;4694.0479
136.6734;69.7034;0.0000;330.7496;4696.4395
137.0151;69.3617;0.0000;330.0663;4698.8311
137.0151;69.0201;0.0000;329.3829;4701.2231
137.0151;68.6784;0.0000;329.0412;4703.6147
137.0151;68.6784;0.0000;329.0412;4706.0063
137.0151;68.6784;0.0000;329.7245;4708.3984
137.0151;68.6784;0.0000;330.4079;4710.7900
137.0151;68.6784;0.0000;329.0412;4713.1816
137.0151;68.3367;0.0000;329.3829;4715.5737
137.0151;68.3367;0.0000;328.6995;4717.9653
137.0151;68.3367;0.0000;326.9911;4720.3574
137.0151;68.3367;0.0000;324.5993;4722.7490
136.6734;68.3367;0.0000;320.4991;4725.1406
136.6734;68.3367;0.0000;315.0322;4727.5327
136.6734;68.3367;0.0000;310.9320;4730.2661
136.6734;68.3367;0.0000;301.3648;4732.6577
136.6734;68.3367;0.0000;286.6724;4735.0498
136.6734;68.3367;0.0000;265.1464;4737.4414
136.6734;68.3367;4.1002;220.3858;4739.8330
136.3317;68.3367;8.2004;135.3067;4742.2251
136.3317;68.3367;12.3006;64.5782;4744.6167
209.7937;-5.4669;0.0000;135.9900;5073.6577
209.7937;-5.8086;0.0000;137.0151;5076.0498
209.7937;-5.8086;0.0000;137.3568;5078.4414
209.7937;-5.8086;0.0000;144.8738;5080.8335
209.7937;-5.8086;0.0000;154.7826;5083.2251
209.7937;-5.8086;0.0000;158.8828;5085.6167
209.7937;-5.8086;0.0000;157.8578;5088.0088
209.7937;-5.8086;0.0000;152.0491;5090.4004
209.7937;-5.4669;0.0000;135.3067;5092.7920
209.7937;-5.4669;0.0000;51.2525;5095.1841
