200.3185;202.6815;0.0000;35.7158;563451776.0000
200.3185;202.6815;0.0000;94.5789;563451776.0000
200.3185;202.6815;0.0000;104.6680;563451776.0000
200.3185;202.6815;0.0000;120.4899;563451776.0000
200.3185;202.6815;0.0000;152.9557;563451776.0000
200.3185;202.6815;0.0000;179.1029;563451776.0000
200.3185;202.6815;0.0000;195.1543;563451776.0000
200.3185;202.6815;0.0000;210.6578;563451776.0000
200.3185;202.6815;0.0000;220.6646;563451840.0000
200.6370;202.6815;0.0000;231.7160;563451840.0000
200.6370;202.6815;0.0000;244.9009;563451840.0000
200.6370;202.6815;0.0000;252.3153;563451840.0000
200.9555;202.6815;0.0000;264.1818;563451840.0000
200.9555;202.6815;0.0000;270.7297;563451840.0000
201.2740;202.3630;0.0000;274.8256;563451840.0000
201.2740;202.3630;0.0000;282.0551;563451840.0000
201.5925;202.3630;0.0000;286.9660;563451840.0000
201.5925;202.0445;0.0000;291.1065;563451840.0000
201.5925;202.0445;0.0000;297.1064;563451840.0000
201.9110;202.0445;0.0000;297.9284;563451840.0000
201.9110;202.0445;0.0000;302.4763;563451840.0000
202.2295;201.7260;0.0000;305.1133;563451904.0000
202.2295;201.7260;0.0000;305.2537;563451904.0000
202.5480;201.4075;0.0000;308.8907;563451904.0000
202.5480;201.4075;0.0000;310.8907;563451904.0000
202.5480;201.4075;0.0000;309.7572;563451904.0000
202.8665;201.0891;0.0000;313.8017;563451904.0000
202.8665;200.7706;0.0000;314.1202;563451904.0000
202.8665;200.7706;0.0000;314.3496;563451904.0000
202.8665;200.4521;0.0000;315.7126;563451968.0000
202.8665;200.4521;0.0000;315.3051;563451968.0000
202.8665;200.1336;0.0000;316.5346;563451968.0000
202.8665;200.1336;0.0000;320.6236;563451968.0000
202.8665;200.1336;0.0000;318.1270;563451968.0000
202.8665;199.8151;0.0000;321.4456;563451968.0000
202.8665;199.8151;0.0000;320.8086;563452032.0000
202.8665;199.8151;0.0000;320.3565;563452032.0000
202.8665;199.4966;0.0000;323.0380;563452032.0000
202.8665;199.4966;0.0000;321.7195;563452032.0000
202.8665;199.1781;0.0000;320.9935;563452032.0000
202.8665;199.1781;0.0000;323.3565;563452032.0000
202.8665;199.1781;0.0000;322.2675;563452032.0000
202.8665;198.8596;0.0000;324.5414;563452032.0000
202.8665;198.8596;0.0000;327.6305;563452032.0000
202.5480;198.8596;0.0000;325.4969;563452032.0000
202.5480;198.5411;0.0000;327.1339;563452032.0000
202.5480;198.5411;0.0000;328.1784;563452032.0000
202.5480;198.5411;0.0000;327.7264;563452096.0000
202.5480;198.5411;0.0000;329.0894;563452160.0000
202.5480;198.2226;0.0000;330.8154;563452160.0000
202.5480;198.2226;0.0000;330.0449;563452160.0000
202.2295;198.2226;0.0000;332.7709;563452160.0000
202.2295;197.9041;0.0000;331.0449;563452160.0000
202.2295;197.9041;0.0000;331.0004;563452160.0000
202.2295;197.9041;0.0000;333.7264;563452160.0000
201.9110;197.9041;0.0000;331.9558;563452160.0000
201.9110;197.5856;0.0000;332.9113;563452160.0000
201.9110;197.5856;0.0000;334.6819;563452160.0000
201.5925;197.5856;0.0000;332.8223;563452160.0000
201.5925;197.5856;0.0000;335.6373;563452160.0000
201.5925;197.5856;0.0000;336.5928;563452160.0000
201.5925;197.2671;0.0000;334.1853;563452160.0000
201.2740;197.2671;0.0000;336.9113;563452224.0000
201.2740;197.2671;0.0000;334.8668;563452224.0000
201.2740;197.2671;0.0000;334.1408;563452224.0000
201.2740;197.2671;0.0000;335.5038;563452224.0000
201.2740;197.2671;0.0000;333.4147;563452224.0000
200.9555;196.9486;0.0000;334.7332;563452224.0000
200.9555;196.9486;0.0000;335.1408;563452224.0000
200.6370;196.9486;0.0000;334.0072;563452224.0000
200.6370;196.9486;0.0000;336.4148;563452224.0000
200.3185;196.9486;0.0000;336.7778;563452224.0000
200.3185;196.9486;0.0000;335.0072;563452224.0000
200.3185;196.9486;0.0000;337.6887;563452224.0000
200.0000;196.9486;0.0000;337.6887;563452224.0000
200.0000;196.6301;0.0000;336.9182;563452288.0000
199.6815;196.6301;0.0000;339.3257;563452288.0000
199.6815;195.9486;0.0000;338.2367;563452288.0000
199.6815;195.9486;0.0000;339.8737;563452288.0000
199.3630;195.9486;0.0000;341.9627;563452288.0000
199.3630;195.9486;0.0000;338.8291;563452288.0000
199.3630;195.6301;0.0000;341.1922;563452288.0000
199.0445;195.6301;0.0000;342.5997;563452288.0000
199.0445;195.6301;0.0000;339.4661;563452288.0000
198.7260;195.6301;0.0000;341.1476;563452352.0000
198.7260;195.6301;0.0000;341.5107;563452352.0000
198.4075;195.6301;0.0000;341.1031;563452352.0000
198.4075;195.6301;0.0000;342.5107;563452352.0000
198.0891;195.6301;0.0000;341.1031;563452416.0000
198.0891;195.6301;0.0000;344.0586;563452416.0000
198.0891;196.3116;0.0000;347.1922;563452416.0000
197.7706;196.3116;0.0000;347.1922;563452416.0000
197.7706;196.3116;0.0000;352.5552;563452416.0000
197.7706;196.3116;0.0000;354.3257;563452416.0000
197.4521;196.3116;0.0000;352.5552;563452416.0000
197.4521;196.3116;0.0000;354.3257;563452416.0000
197.4521;196.3116;0.0000;355.6442;563452416.0000
197.1336;196.3116;0.0000;356.5997;563452416.0000
197.1336;196.3116;0.0000;359.0963;563452416.0000
196.8151;196.3116;0.0000;358.3702;563452416.0000
196.8151;196.3116;0.0000;360.3257;563452416.0000
196.8151;196.3116;0.0000;362.7778;563452416.0000
196.4966;196.3116;0.0000;361.3702;563452544.0000
196.4966;196.3116;0.0000;362.0518;563452544.0000
196.1781;196.6301;0.0000;364.1408;563452544.0000
196.1781;196.6301;0.0000;363.0517;563452544.0000
196.1781;196.6301;0.0000;366.0963;563452544.0000
195.8596;196.6301;0.0000;365.4593;563452544.0000
195.8596;196.6301;0.0000;363.0517;563452544.0000
195.5411;195.9486;0.0000;367.4593;563452544.0000
196.2226;195.9486;0.0000;367.0963;563452544.0000
196.2226;195.9486;0.0000;366.6887;563452544.0000
195.9041;195.9486;0.0000;367.7778;563452544.0000
195.9041;195.9486;0.0000;366.0518;563452544.0000
195.9041;195.9486;0.0000;368.3257;563452544.0000
195.2226;195.9486;0.0000;364.3257;563452608.0000
195.2226;195.9486;0.0000;355.0141;563452608.0000
194.9041;195.9486;0.0000;349.1990;563452608.0000
194.9041;195.9486;0.0000;335.6134;563452608.0000
194.5856;195.9486;0.0000;317.1682;563452608.0000
194.5856;196.2671;0.0000;284.4559;563452608.0000
193.9041;195.5856;0.0000;255.1957;563452864.0000
193.9041;195.5856;0.0000;259.1066;563452864.0000
193.9041;195.5856;0.0000;263.3737;563452864.0000
193.5856;195.5856;0.0000;268.4628;563452864.0000
193.5856;195.9041;0.0000;269.7368;563452864.0000
193.2671;195.9041;0.0000;268.7813;563452864.0000
193.2671;196.2226;0.0000;282.0039;563452864.0000
193.2671;196.2226;0.0000;295.6340;563452864.0000
192.9486;196.2226;0.0000;307.3087;563452864.0000
192.9486;196.5411;0.0000;322.5312;563452864.0000
193.3116;196.5411;0.0000;326.3018;563452864.0000
193.3116;196.5411;0.0000;330.3908;563452864.0000
193.3116;196.5411;0.0000;332.7093;563452864.0000
193.3116;196.8596;0.0000;331.7538;563452928.0000
192.9931;196.8596;0.0000;336.1614;563452928.0000
192.9931;196.8596;0.0000;337.4799;563452928.0000
192.6747;196.8596;0.0000;337.8874;563452928.0000
192.6747;197.1781;0.0000;344.2949;563452992.0000
192.6747;197.1781;0.0000;343.6134;563452992.0000
192.6747;197.1781;0.0000;347.0655;563452992.0000
192.3562;197.1781;0.0000;351.1100;563452992.0000
192.3562;197.4966;0.0000;349.7469;563452992.0000
192.0377;197.4966;0.0000;354.5620;563452992.0000
192.0377;197.4966;0.0000;357.2435;563452992.0000
192.0377;197.8151;0.0000;355.6066;563452992.0000
192.0377;197.8151;0.0000;358.9695;563452992.0000
191.7192;197.8151;0.0000;359.6511;563453056.0000
191.7192;198.1336;0.0000;357.9696;563453056.0000
191.7192;198.8151;0.0000;361.6956;563453056.0000
191.4007;198.8151;0.0000;359.9250;563453056.0000
191.4007;199.1336;0.0000;359.3326;563453056.0000
191.4007;199.1336;0.0000;362.6511;563453056.0000
191.4007;199.1336;0.0000;359.9250;563453056.0000
191.7637;199.4521;0.0000;362.0141;563453056.0000
191.7637;199.4521;0.0000;364.6956;563453056.0000
191.7637;199.4521;0.0000;360.6066;563453120.0000
191.4452;199.7705;0.0000;364.6956;563453120.0000
191.4452;199.7705;0.0000;365.3326;563453120.0000
191.4452;199.7705;0.0000;364.6956;563453120.0000
191.1267;200.0890;0.0000;369.4216;563453184.0000
191.1267;200.0890;0.0000;367.3771;563453184.0000
191.1267;200.4075;0.0000;368.1476;563453184.0000
190.8082;200.4075;0.0000;374.1921;563453184.0000
190.8082;200.4075;0.0000;371.1476;563453184.0000
190.8082;200.7260;0.0000;372.1922;563453184.0000
191.4897;200.7260;0.0000;373.8737;563453184.0000
191.1712;201.0445;0.0000;369.4661;563453184.0000
191.1712;201.3630;0.0000;372.8737;563453184.0000
191.1712;201.3630;0.0000;374.5107;563453184.0000
191.5342;201.6815;0.0000;373.5552;563453184.0000
191.5342;202.0000;0.0000;377.2812;563453184.0000
191.5342;201.3185;0.0000;380.3257;563453184.0000
191.5342;201.6370;0.0000;382.4147;563453184.0000
191.2157;200.9555;0.0000;385.7778;563453248.0000
191.2157;201.2740;0.0000;384.7778;563453248.0000
191.8972;200.9110;0.0000;386.5483;563453248.0000
191.8972;200.9110;0.0000;389.5483;563453248.0000
191.8972;200.5480;0.0000;387.1853;563453248.0000
191.8972;200.5480;0.0000;391.5928;563453248.0000
191.5788;200.8665;3.8219;392.5928;563453248.0000
191.5788;200.1849;0.0000;389.9113;563453248.0000
191.5788;200.5034;0.0000;393.6373;563453248.0000
192.2603;200.5034;0.0000;392.8668;563453248.0000
192.2603;199.8219;0.0000;391.2744;563453248.0000
192.2603;200.1404;0.0000;393.9558;563453248.0000
192.2603;199.7774;3.8219;392.2744;563453248.0000
192.2603;199.0959;0.0000;391.3188;563453312.0000
192.6233;199.4144;0.0000;394.5928;563453312.0000
192.6233;199.0514;0.0000;391.9113;563453312.0000
192.6233;199.3699;3.8219;393.6373;563453312.0000
192.6233;198.6884;0.0000;394.2743;563453312.0000
192.6233;199.0069;0.0000;392.5928;563453312.0000
192.6233;199.0069;0.0000;394.3188;563453376.0000
192.6233;198.6439;0.0000;394.5928;563453376.0000
192.6233;198.6439;0.0000;392.9558;563453376.0000
192.6233;198.9623;3.8219;396.3188;563453376.0000
192.6233;198.9623;0.0000;394.9113;563453376.0000
191.9418;198.5993;0.0000;394.6373;563453376.0000
191.9418;198.5993;0.0000;398.6819;563453376.0000
191.5788;198.2363;0.0000;394.9113;563453440.0000
190.8972;198.2363;3.8219;399.0004;563453440.0000
190.2157;197.8733;0.0000;401.3188;563453440.0000
189.5342;198.1918;3.8219;402.2744;563453440.0000
188.8527;197.5103;0.0000;404.8599;563453440.0000
188.1712;197.1473;0.0000;415.9045;563453440.0000
187.4897;196.7843;0.0000;423.8531;563453440.0000
186.8082;196.7843;0.0000;435.3942;563453440.0000
186.8082;196.4213;0.0000;439.4387;563453440.0000
186.1267;196.4213;0.0000;442.5723;563453440.0000
186.1267;196.7397;0.0000;447.2538;563453440.0000
185.4452;196.7397;0.0000;443.1647;563453440.0000
185.7637;197.0583;0.0000;445.8907;563453440.0000
185.7637;197.0583;0.0000;448.2092;563453440.0000
185.7637;197.3767;0.0000;444.1647;563453504.0000
185.7637;197.6952;0.0000;448.2092;563453504.0000
185.7637;197.6952;0.0000;447.8017;563453504.0000
185.4007;197.6952;0.0000;446.5277;563453504.0000
185.4007;198.0137;0.0000;450.2092;563453504.0000
185.4007;198.0137;0.0000;447.8017;563453504.0000
184.7192;198.0137;0.0000;449.2092;563453504.0000
184.3562;198.3322;0.0000;453.2092;563453504.0000
184.3562;198.3322;0.0000;450.5277;563453504.0000
183.6747;198.6507;0.0000;452.8907;563453504.0000
182.9931;198.6507;3.8219;456.5723;563453504.0000
182.3116;198.9692;0.0000;453.9352;563453504.0000
182.3116;199.2877;0.0000;458.2982;563453504.0000
181.9486;199.2877;0.0000;461.6613;563453568.0000
181.2671;199.2877;0.0000;461.0243;563453568.0000
180.5856;198.9247;0.0000;465.3873;563453632.0000
180.2226;198.9247;3.8219;466.0243;563453632.0000
178.8596;198.9247;0.0000;468.1133;563453632.0000
178.1781;199.2432;0.0000;474.5209;563453632.0000
177.4966;199.2432;0.0000;474.8394;563453632.0000
176.8151;199.5617;0.0000;480.3359;563453632.0000
177.1336;199.5617;0.0000;487.0620;563453632.0000
176.4521;199.8802;0.0000;486.1065;563453632.0000
175.7706;199.8802;0.0000;489.5140;563453632.0000
176.0891;200.8802;0.0000;492.1510;563453632.0000
175.4075;200.8802;0.0000;489.4695;563453632.0000
175.0445;201.5617;0.0000;493.8770;563453696.0000
175.0445;201.8802;0.0000;493.1065;563453696.0000
174.6815;202.5617;0.0000;493.1065;563453696.0000
174.0000;202.8802;0.0000;497.1510;563453696.0000
173.3185;203.5617;0.0000;495.7434;563453696.0000
172.9555;203.8802;0.0000;495.7880;563453696.0000
172.2740;204.5617;0.0000;499.1064;563453696.0000
172.2740;204.8802;0.0000;497.0620;563453696.0000
171.9110;205.5617;0.0000;499.1064;563453760.0000
171.2295;205.5617;0.0000;499.3804;563453760.0000
171.5480;206.5617;0.0000;496.7435;563453760.0000
171.5480;206.5617;0.0000;499.7435;563453760.0000
170.8665;207.5617;0.0000;499.0175;563453760.0000
171.1849;207.5617;0.0000;497.6989;563453760.0000
171.1849;208.5617;0.0000;502.7435;563453824.0000
170.5034;209.2432;0.0000;498.6544;563453824.0000
170.8219;209.5617;0.0000;499.6989;563453824.0000
171.1404;210.2432;0.0000;502.6989;563453824.0000
171.1404;211.2432;0.0000;498.9729;563453824.0000
170.7774;211.2432;0.0000;501.3804;563453824.0000
170.7774;211.9247;0.0000;502.3359;563453824.0000
171.0959;211.9247;0.0000;499.6544;563453824.0000
171.0959;212.9247;0.0000;502.6544;563453824.0000
171.0959;213.6062;0.0000;502.6099;563453824.0000
171.0959;213.6062;0.0000;500.9729;563453824.0000
171.4144;214.6062;0.0000;504.6544;563453824.0000
171.4144;215.2877;0.0000;501.8839;563453824.0000
171.7329;216.2877;0.0000;501.6099;563453888.0000
171.0514;216.9692;0.0000;502.7435;563453888.0000
171.3699;216.9692;0.0000;501.5209;563453888.0000
171.3699;217.6507;0.0000;504.6099;563453888.0000
171.6884;218.3322;0.0000;505.8839;563453888.0000
171.6884;218.6507;0.0000;502.2024;563453888.0000
172.0069;219.3322;0.0000;504.9284;563453888.0000
172.0069;220.0137;0.0000;505.1578;563453888.0000
172.3254;220.0137;0.0000;503.8394;563453888.0000
171.6439;220.6952;0.0000;507.2024;563453888.0000
171.9623;221.3767;0.0000;505.4318;563453888.0000
171.9623;222.0583;0.0000;505.5208;563453888.0000
171.5993;223.0583;0.0000;508.5209;563453888.0000
171.5993;223.7397;0.0000;505.7949;563453952.0000
171.9178;224.4213;0.0000;507.5209;563453952.0000
171.9178;225.1028;0.0000;509.8394;563453952.0000
172.2363;225.7843;0.0000;506.1133;563453952.0000
172.2363;225.7843;0.0000;508.1578;563454016.0000
172.5548;226.4658;0.0000;509.1133;563454016.0000
172.5548;227.1473;0.0000;507.1133;563454016.0000
172.8733;227.8288;0.0000;510.5208;563454016.0000
173.1918;227.8288;0.0000;509.7503;563454016.0000
173.1918;228.5103;8.1781;509.7503;563454016.0000
173.5103;229.1918;0.0000;514.5209;563454016.0000
173.8288;229.1918;0.0000;507.7058;563454016.0000
174.1473;229.8733;0.0000;509.7503;563454016.0000
174.8288;230.5548;0.0000;512.4318;563454016.0000
175.1473;230.5548;0.0000;509.7058;563454080.0000
175.1473;231.5548;0.0000;512.4763;563454080.0000
176.1473;232.2363;0.0000;513.7504;563454080.0000
176.1473;232.9178;0.0000;511.0688;563454080.0000
177.1473;233.5993;0.0000;515.4763;563454080.0000
178.1473;234.2809;0.0000;513.3873;563454080.0000
178.1473;234.9623;0.0000;512.7503;563454080.0000
179.1473;235.6439;0.0000;518.1578;563454080.0000
180.1473;235.6439;0.0000;515.4318;563454144.0000
180.4658;236.3254;0.0000;516.1133;563454144.0000
181.1473;237.0069;0.0000;519.4763;563454144.0000
181.4658;237.6884;0.0000;517.1133;563454144.0000
182.4658;238.3699;0.0000;520.8839;563454144.0000
183.4658;239.0514;0.0000;523.5209;563454208.0000
183.4658;239.7329;0.0000;520.8394;563454208.0000
184.4658;240.4144;0.0000;524.9284;563454208.0000
185.1473;241.0959;0.0000;525.2024;563454208.0000
185.4658;241.0959;0.0000;523.9283;563454208.0000
186.1473;241.7774;0.0000;529.2914;563454208.0000
187.1473;242.4589;0.0000;525.8839;563454208.0000
187.4658;242.4589;0.0000;526.6099;563454208.0000
188.4658;243.1404;0.0000;530.2914;563454208.0000
188.7843;242.8219;0.0000;526.2023;563454208.0000
189.4658;243.5034;0.0000;529.6099;563454208.0000
189.7843;244.1849;0.0000;529.6099;563454208.0000
190.4658;244.1849;0.0000;527.5654;563454208.0000
190.7843;244.8665;0.0000;530.6099;563454208.0000
191.7843;244.8665;0.0000;530.2024;563454272.0000
192.1028;245.2295;0.0000;528.5654;563454272.0000
192.7843;245.9110;0.0000;532.2469;563454272.0000
193.7843;245.9110;0.0000;528.8394;563454272.0000
193.7843;246.5925;0.0000;528.9283;563454272.0000
194.7843;246.5925;0.0000;533.5654;563454272.0000
194.7843;247.2740;0.0000;528.5209;563454272.0000
195.7843;246.9555;0.0000;532.2469;563454272.0000
196.1028;247.6370;0.0000;532.8839;563454272.0000
197.1028;247.6370;0.0000;529.8839;563454272.0000
197.1028;248.3185;0.0000;531.9284;563454272.0000
198.1028;248.0000;0.0000;532.1578;563454272.0000
198.7843;248.0000;0.0000;530.5209;563454272.0000
199.1028;248.6815;0.0000;534.2024;563454336.0000
200.1028;248.6815;0.0000;529.2469;563454336.0000
200.4213;249.0445;0.0000;533.1578;563454336.0000
201.1028;249.0445;0.0000;536.5209;563454336.0000
201.4213;249.0445;0.0000;531.7948;563454400.0000
202.1028;249.4075;0.0000;532.8839;563454400.0000
202.4213;249.4075;0.0000;536.1578;563454400.0000
203.4213;250.0891;0.0000;531.7503;563454400.0000
204.1028;249.7705;0.0000;534.7948;563454400.0000
204.4213;250.4521;0.0000;535.1133;563454400.0000
205.1028;250.4521;0.0000;533.4318;563454400.0000
206.1028;250.8151;0.0000;537.1133;563454400.0000
207.1028;250.4966;0.0000;534.0688;563454400.0000
207.4213;250.4966;0.0000;534.7948;563454464.0000
208.1028;251.1781;0.0000;537.7949;563454464.0000
209.1028;250.8596;0.0000;534.0688;563454464.0000
209.1028;250.8596;0.0000;534.7948;563454464.0000
210.1028;250.5411;0.0000;537.7949;563454464.0000
211.1028;251.2226;0.0000;534.0688;563454464.0000
211.1028;250.9041;0.0000;537.7949;563454464.0000
211.7843;250.9041;0.0000;538.4318;563454464.0000
212.7843;250.9041;0.0000;535.7504;563454464.0000
213.1028;250.5856;0.0000;538.4763;563454464.0000
213.7843;251.2671;0.0000;536.7058;563454528.0000
214.7843;251.2671;0.0000;537.0688;563454528.0000
215.4658;250.9486;0.0000;540.7504;563454528.0000
216.4658;250.6301;0.0000;537.9797;563454592.0000
217.1473;250.6301;0.0000;539.3873;563454592.0000
218.1473;250.6301;0.0000;540.7058;563454592.0000
218.8288;250.3116;0.0000;537.9797;563454592.0000
219.8288;250.3116;0.0000;540.3428;563454592.0000
220.5103;249.9931;0.0000;541.6613;563454592.0000
221.5103;249.9931;0.0000;539.2983;563454592.0000
221.5103;249.6747;0.0000;543.6613;563454592.0000
222.5103;248.9931;0.0000;542.2538;563454592.0000
223.5103;248.6747;0.0000;540.2537;563454592.0000
224.1918;248.6747;0.0000;545.2983;563454592.0000
224.8733;248.3562;0.0000;542.8907;563454592.0000
225.8733;248.3562;0.0000;543.9353;563454592.0000
226.5548;248.0377;0.0000;547.9352;563454592.0000
227.5548;248.0377;0.0000;544.5277;563454656.0000
228.2363;247.7192;0.0000;548.5723;563454656.0000
229.9178;247.7192;3.8219;548.8907;563454656.0000
230.5993;247.4007;0.0000;546.8907;563454656.0000
231.5993;247.4007;3.8219;551.5723;563454656.0000
232.2809;247.4007;0.0000;550.1647;563454656.0000
233.2809;247.0822;0.0000;547.5723;563454656.0000
233.2809;246.0822;0.0000;552.5723;563454656.0000
234.2809;246.0822;0.0000;550.1202;563454656.0000
235.2808;245.7637;0.0000;548.8907;563454656.0000
235.9624;245.7637;0.0000;554.2092;563454656.0000
236.2809;245.4452;0.0000;550.1202;563454656.0000
236.9624;244.4452;3.8219;553.8907;563454656.0000
237.9623;244.1267;0.0000;555.1647;563454720.0000
238.2809;244.1267;3.8219;552.4832;563454720.0000
238.9623;243.1267;0.0000;555.8017;563454720.0000
239.6439;242.8082;0.0000;555.7572;563454720.0000
240.6439;242.8082;0.0000;553.4832;563454720.0000
240.9624;241.8082;0.0000;556.5277;563454720.0000
241.6439;241.4897;3.8219;553.7572;563454784.0000
242.6439;240.4897;0.0000;552.5723;563454784.0000
242.6439;240.4897;0.0000;561.4387;563454784.0000
243.3254;239.4897;0.0000;553.5277;563454784.0000
244.0069;239.4897;0.0000;558.5277;563454784.0000
245.0069;238.4897;0.0000;561.5277;563454784.0000
245.3253;238.1712;0.0000;557.4832;563454784.0000
246.0069;237.1712;0.0000;560.8462;563454784.0000
247.0069;236.8527;0.0000;562.8017;563454848.0000
247.6884;235.8527;0.0000;559.4832;563454848.0000
247.6884;235.8527;0.0000;564.1647;563454848.0000
248.3699;234.8527;0.0000;561.4387;563454848.0000
249.0514;233.8527;0.0000;563.5277;563454848.0000
250.0514;233.5342;0.0000;567.8907;563454848.0000
250.0514;232.5342;0.0000;565.1647;563454848.0000
251.0514;232.5342;0.0000;568.2538;563454848.0000
251.7329;231.5342;0.0000;570.2537;563454848.0000
252.4144;231.2157;0.0000;565.5277;563454848.0000
253.0959;230.5342;0.0000;570.2983;563454848.0000
253.4144;230.2157;0.0000;570.8907;563454848.0000
254.0959;229.2157;0.0000;569.2538;563454848.0000
255.0959;228.2157;0.0000;573.6613;563454912.0000
255.7774;227.2157;0.0000;571.2538;563454912.0000
255.7774;226.2157;0.0000;572.9797;563454912.0000
256.4589;225.8972;0.0000;576.7058;563454912.0000
256.4589;225.2157;0.0000;573.9353;563454912.0000
257.1404;224.2157;0.0000;575.9798;563454912.0000
257.8219;223.2157;0.0000;578.0243;563454912.0000
258.1404;222.2157;0.0000;573.6168;563454912.0000
258.8219;221.8972;0.0000;575.7058;563454912.0000
259.8219;220.8972;0.0000;578.2983;563454912.0000
260.5034;219.8972;0.0000;573.6168;563454912.0000
261.1849;218.8972;0.0000;578.3428;563454912.0000
261.8665;218.2157;0.0000;575.9798;563454912.0000
261.8665;217.8972;0.0000;575.9798;563454976.0000
262.5480;216.8972;8.1781;581.7058;563454976.0000
263.2295;215.8972;0.0000;576.2983;563455040.0000
263.2295;214.8972;8.1781;577.9797;563455040.0000
263.9109;213.8972;8.1781;581.2983;563455040.0000
263.9109;212.2157;0.0000;577.2538;563455040.0000
264.5925;211.2157;8.1781;579.9797;563455040.0000
264.5925;210.2157;0.0000;580.6168;563455040.0000
265.2740;209.5342;0.0000;576.9353;563455040.0000
265.2740;208.5342;8.1781;580.2983;563455040.0000
265.2740;207.5342;8.1781;580.8907;563455040.0000
265.2740;206.5342;0.0000;577.2538;563455040.0000
265.9555;205.8527;0.0000;582.9798;563455040.0000
265.9555;204.8527;0.0000;578.8462;563455040.0000
265.9555;204.8527;0.0000;573.1202;563455104.0000
266.6370;203.8527;0.0000;588.0243;563455104.0000
266.6370;202.8527;0.0000;583.6168;563455104.0000
266.6370;201.8527;0.0000;586.0688;563455104.0000
267.3185;201.1712;0.0000;587.9798;563455104.0000
267.3185;200.1712;0.0000;583.9797;563455104.0000
267.3185;198.4897;0.0000;587.7058;563455168.0000
267.3185;197.8082;0.0000;586.6613;563455168.0000
267.3185;196.8082;0.0000;585.6613;563455168.0000
267.3185;196.1267;0.0000;589.0243;563455168.0000
268.0000;195.1267;0.0000;586.6168;563455168.0000
267.6815;194.4452;0.0000;586.9797;563455168.0000
267.6815;193.4452;0.0000;589.6613;563455168.0000
267.6815;192.4452;0.0000;585.9353;563455232.0000
267.6815;191.7637;0.0000;588.2983;563455232.0000
267.6815;190.7637;0.0000;590.6168;563455232.0000
267.6815;189.7637;0.0000;585.9353;563455232.0000
267.0000;189.7637;0.0000;588.6613;563455232.0000
267.0000;188.7637;0.0000;589.9352;563455232.0000
266.6815;187.7637;0.0000;586.9353;563455232.0000
266.6815;187.0822;3.8219;589.2982;563455232.0000
266.6815;186.4007;0.0000;588.5277;563455232.0000
266.6815;184.7192;3.8219;587.9352;563455232.0000
266.0000;184.0377;0.0000;589.0688;563455232.0000
266.0000;183.0377;0.0000;588.5277;563455232.0000
266.0000;182.3562;0.0000;589.2538;563455232.0000
265.0000;181.6747;0.0000;592.2538;563455296.0000
265.0000;180.6747;0.0000;588.8017;563455296.0000
265.0000;179.9931;0.0000;591.2538;563455296.0000
264.6815;178.9931;0.0000;591.5277;563455296.0000
264.6815;178.3116;0.0000;588.5277;563455296.0000
264.6815;177.3116;0.0000;592.6168;563455296.0000
264.3630;176.6301;0.0000;591.1647;563455296.0000
264.3630;175.6301;0.0000;590.5277;563455296.0000
264.3630;174.9486;0.0000;592.8907;563455296.0000
264.3630;174.2671;0.0000;590.4832;563455296.0000
264.3630;173.2671;0.0000;591.5277;563455296.0000
264.0445;171.9041;0.0000;593.2092;563455296.0000
263.3630;171.2226;0.0000;589.4832;563455296.0000
263.3630;170.2226;0.0000;592.2092;563455360.0000
262.6815;169.5411;0.0000;592.4832;563455360.0000
262.3630;168.5411;0.0000;589.4832;563455360.0000
261.6815;167.8596;0.0000;593.5723;563455360.0000
261.6815;167.5411;0.0000;591.1647;563455424.0000
260.6815;166.8596;0.0000;590.1202;563455424.0000
260.6815;165.8596;0.0000;591.3428;563455424.0000
260.6815;165.1781;0.0000;591.4387;563455424.0000
260.0000;164.4966;0.0000;590.1647;563455424.0000
260.0000;163.4966;0.0000;594.4832;563455424.0000
259.6815;163.4966;0.0000;590.4387;563455424.0000
259.0000;162.4966;0.0000;592.8462;563455424.0000
258.6815;161.8151;8.1781;592.4832;563455424.0000
258.6815;161.8151;0.0000;589.4832;563455424.0000
258.6815;160.8151;0.0000;593.1647;563455488.0000
257.6815;160.1336;0.0000;591.8017;563455488.0000
257.6815;159.1336;0.0000;589.8018;563455488.0000
257.0000;158.4521;0.0000;594.2092;563455488.0000
256.6815;157.4521;0.0000;590.4387;563455488.0000
256.0000;156.7705;0.0000;589.8018;563455488.0000
256.0000;155.7706;0.0000;592.8017;563455488.0000
255.0000;155.0890;0.0000;589.3942;563455488.0000
255.0000;154.0891;0.0000;591.8462;563455552.0000
254.0000;153.4075;0.0000;592.1202;563455552.0000
254.0000;153.0891;0.0000;589.4387;563455552.0000
253.6815;152.4075;0.0000;592.1202;563455552.0000
253.0000;151.4075;0.0000;591.7126;563455552.0000
253.0000;151.4075;0.0000;589.4387;563455616.0000
253.0000;150.4075;0.0000;592.4832;563455616.0000
252.6815;150.4075;0.0000;588.7126;563455616.0000
252.0000;149.4075;0.0000;588.4387;563455616.0000
252.0000;149.4075;0.0000;592.4832;563455616.0000
251.6815;148.4075;0.0000;588.3942;563455616.0000
251.0000;148.4075;0.0000;590.4387;563455616.0000
251.0000;147.4075;0.0000;591.7126;563455616.0000
250.0000;146.7260;0.0000;587.3497;563455616.0000
249.3185;146.4075;0.0000;590.7572;563455616.0000
248.3185;145.7260;0.0000;590.3496;563455616.0000
247.6370;144.7260;0.0000;588.3942;563455616.0000
246.6370;144.7260;0.0000;591.0757;563455616.0000
246.6370;144.0445;0.0000;588.3052;563455616.0000
245.9555;143.7260;0.0000;588.7126;563455680.0000
245.9555;143.0445;0.0000;591.7126;563455680.0000
245.2740;142.7260;0.0000;587.6237;563455680.0000
244.2740;142.0445;0.0000;589.0311;563455680.0000
244.2740;141.7260;0.0000;591.7126;563455680.0000
243.2740;141.7260;0.0000;586.9421;563455680.0000
242.5925;141.0445;0.0000;590.3496;563455680.0000
241.9110;141.0445;0.0000;588.9421;563455680.0000
241.5925;140.0445;0.0000;587.6237;563455680.0000
240.9110;139.7260;0.0000;591.0311;563455680.0000
239.9110;139.0445;0.0000;587.5791;563455680.0000
238.5480;138.7260;0.0000;588.3052;563455680.0000
237.8665;138.0445;0.0000;592.3497;563455680.0000
236.8665;137.3630;0.0000;587.5791;563455744.0000
236.1850;136.3630;0.0000;589.6682;563455744.0000
234.5034;135.6815;0.0000;590.9866;563455744.0000
233.1404;134.6815;0.0000;586.8976;563455744.0000
232.1404;134.0000;0.0000;590.3052;563455744.0000
230.7774;133.0000;0.0000;589.5791;563455808.0000
229.7774;132.3185;0.0000;586.5791;563455808.0000
228.4144;132.3185;0.0000;590.9421;563455808.0000
227.4144;131.3185;0.0000;587.5346;563455808.0000
226.7329;131.3185;0.0000;586.9421;563455808.0000
225.7329;130.3185;0.0000;591.3051;563455808.0000
225.0514;130.3185;0.0000;587.5346;563455808.0000
224.0514;130.3185;0.0000;587.2606;563455808.0000
223.3699;130.0000;0.0000;590.6237;563455872.0000
222.6884;129.3185;0.0000;585.8531;563455872.0000
221.6884;129.3185;0.0000;589.9866;563455872.0000
221.0069;129.0000;0.0000;587.8976;563455872.0000
220.3254;128.3185;0.0000;585.8976;563455872.0000
219.3253;128.3185;0.0000;590.3052;563455872.0000
218.6439;127.3185;0.0000;587.8976;563455872.0000
217.6439;127.3185;0.0000;585.8976;563455872.0000
216.6439;127.0000;0.0000;590.6237;563455872.0000
215.9624;126.3185;0.0000;585.5346;563455872.0000
215.2808;126.3185;0.0000;586.5791;563455936.0000
214.2808;125.6370;0.0000;589.5791;563455936.0000
212.9178;125.3185;0.0000;586.1716;563455936.0000
211.9178;124.6370;0.0000;587.5791;563456000.0000
210.9178;124.3185;0.0000;587.5791;563456000.0000
209.5548;123.6370;0.0000;584.8976;563456000.0000
208.8733;123.6370;0.0000;587.5791;563456000.0000
207.1918;123.6370;0.0000;588.2161;563456000.0000
206.5103;122.6370;3.8219;585.5346;563456000.0000
204.8288;122.6370;0.0000;589.2606;563456000.0000
203.1473;121.9555;0.0000;586.1716;563456000.0000
201.7843;121.6370;0.0000;585.5791;563456000.0000
200.1028;120.9555;0.0000;588.9421;563456000.0000
198.7398;120.9555;0.0000;585.8531;563456000.0000
197.0583;119.9555;0.0000;588.6237;563456000.0000
195.6952;119.2740;3.8219;591.3051;563456000.0000
194.0137;119.2740;0.0000;587.5791;563456000.0000
192.6507;118.2740;3.8219;590.9866;563456064.0000
190.9692;118.2740;0.0000;592.3052;563456064.0000
190.2877;117.5925;0.0000;589.6682;563456064.0000
188.6062;117.5925;0.0000;593.0311;563456064.0000
187.2432;117.2740;0.0000;590.3052;563456064.0000
185.5617;116.5925;0.0000;592.3497;563456064.0000
184.5617;116.5925;0.0000;594.3942;563456064.0000
183.1987;116.5925;3.8219;591.6237;563456064.0000
182.1987;116.2740;0.0000;593.3942;563456064.0000
181.5172;115.5925;0.0000;595.0757;563456064.0000
179.8357;115.2740;0.0000;592.2606;563456064.0000
178.8357;115.2740;0.0000;594.7572;563456064.0000
178.1541;115.2740;0.0000;595.3496;563456064.0000
177.1541;115.2740;0.0000;593.0311;563456128.0000
176.1541;114.9555;0.0000;595.7572;563456128.0000
175.1541;114.9555;0.0000;593.3496;563456128.0000
174.1541;114.9555;0.0000;592.8017;563456128.0000
174.1541;114.9555;0.0000;596.4387;563456128.0000
173.1541;114.9555;0.0000;593.3942;563456128.0000
172.1541;115.6370;0.0000;593.4832;563456192.0000
171.8357;115.6370;0.0000;595.8017;563456192.0000
170.8357;115.6370;0.0000;591.7126;563456192.0000
170.5172;116.3185;0.0000;595.1647;563456192.0000
169.5172;116.0000;0.0000;595.1202;563456192.0000
168.8357;116.6815;0.0000;593.1202;563456192.0000
168.5172;116.6815;0.0000;597.4832;563456192.0000
167.5172;116.6815;0.0000;594.7572;563456192.0000
167.1987;117.3630;0.0000;594.4387;563456256.0000
166.1987;117.3630;0.0000;597.8462;563456256.0000
164.8802;118.0445;0.0000;594.4387;563456256.0000
164.5617;118.7260;0.0000;594.2092;563456256.0000
163.5617;118.7260;0.0000;596.5723;563456256.0000
163.2432;119.4075;0.0000;593.5277;563456256.0000
162.2432;120.0890;0.0000;595.9353;563456256.0000
161.9247;120.7705;0.0000;596.5723;563456256.0000
160.9247;121.1336;0.0000;594.9352;563456256.0000
160.6062;121.8151;0.0000;597.6168;563456256.0000
159.6062;122.4966;0.0000;594.9352;563456256.0000
158.6062;123.1781;0.0000;595.6168;563456256.0000
157.9247;123.8596;0.0000;597.0243;563456256.0000
157.6062;124.5411;0.0000;594.9352;563456320.0000
156.6062;125.2226;0.0000;594.6613;563456320.0000
155.6062;125.2226;0.0000;596.7058;563456320.0000
154.6062;125.9041;0.0000;594.9352;563456320.0000
153.6062;126.5856;0.0000;596.7058;563456320.0000
152.9247;127.5856;0.0000;596.7058;563456320.0000
151.9247;128.2671;0.0000;593.7058;563456320.0000
151.6062;129.6301;0.0000;597.0688;563456320.0000
150.9247;129.9931;0.0000;596.0688;563456320.0000
149.9247;130.6747;0.0000;594.7058;563456320.0000
149.2432;131.3562;0.0000;599.4763;563456320.0000
148.9247;132.0377;0.0000;596.0243;563456320.0000
147.9247;132.7192;0.0000;596.1133;563456320.0000
147.6062;132.7192;0.0000;599.4763;563456384.0000
146.9247;133.4007;0.0000;594.3873;563456384.0000
146.6062;134.0822;0.0000;598.1578;563456448.0000
145.6062;134.0822;0.0000;599.1133;563456448.0000
144.9247;134.7637;0.0000;595.7504;563456448.0000
144.6062;135.4452;0.0000;598.4763;563456448.0000
143.6062;136.1267;0.0000;598.7948;563456448.0000
142.6062;136.1267;0.0000;594.7949;563456448.0000
141.9247;136.8082;0.0000;599.5209;563456448.0000
140.9247;137.4897;0.0000;595.7504;563456448.0000
140.9247;138.1712;0.0000;596.8394;563456448.0000
139.9247;139.1712;0.0000;600.2024;563456448.0000
138.9247;139.8527;0.0000;595.7504;563456448.0000
138.9247;140.5342;0.0000;596.8839;563456448.0000
137.9247;141.2157;0.0000;599.5654;563456512.0000
137.2432;141.2157;0.0000;593.8394;563456512.0000
136.2432;141.8972;0.0000;597.9283;563456512.0000
135.9247;142.5788;0.0000;598.2469;563456512.0000
135.2432;143.2603;0.0000;596.8839;563456512.0000
134.2432;144.2603;0.0000;598.2914;563456512.0000
133.2432;144.2603;0.0000;596.2469;563456512.0000
132.5617;144.9418;0.0000;595.6544;563456576.0000
132.2432;145.6233;0.0000;599.9729;563456576.0000
131.5617;146.3048;0.0000;596.2469;563456576.0000
130.5617;147.6678;0.0000;597.0175;563456576.0000
129.5617;148.3493;0.0000;598.3359;563456576.0000
128.5617;149.3493;0.0000;595.6099;563456576.0000
128.2432;150.7123;0.0000;597.3805;563456640.0000
127.5617;151.7123;0.0000;598.3359;563456640.0000
126.5617;153.0753;0.0000;594.6990;563456640.0000
125.5617;153.7568;0.0000;597.4249;563456640.0000
124.5617;154.4383;0.0000;596.0175;563456640.0000
123.8802;155.1198;0.0000;595.7435;563456640.0000
122.8802;156.1198;0.0000;597.7880;563456640.0000
122.5617;156.8013;0.0000;596.0620;563456640.0000
121.5617;157.4828;0.0000;595.4249;563456640.0000
121.2432;158.1644;0.0000;597.7880;563456640.0000
120.2432;159.1644;0.0000;595.0620;563456640.0000
119.9247;160.5274;0.0000;597.1510;563456640.0000
118.9247;161.2089;0.0000;597.7880;563456640.0000
118.6062;162.2089;0.0000;594.7880;563456640.0000
117.6062;162.8904;0.0000;598.1955;563456704.0000
117.6062;163.5719;0.0000;597.7880;563456704.0000
116.6062;164.5719;0.0000;596.1510;563456704.0000
116.2877;165.2534;0.0000;599.5585;563456704.0000
115.6062;166.6164;0.0000;596.1510;563456704.0000
115.2877;167.2979;0.0000;596.5140;563456704.0000
114.2877;168.2979;0.0000;598.8770;563456704.0000
114.2877;168.9794;0.0000;596.4695;563456704.0000
113.2877;169.9794;0.0000;598.2401;563456704.0000
112.9692;169.9794;0.0000;598.8770;563456704.0000
112.6507;170.9794;0.0000;596.1956;563456704.0000
112.6507;172.3424;0.0000;598.2845;563456704.0000
112.3322;173.0239;0.0000;597.5585;563456704.0000
112.0137;174.0239;0.0000;595.6030;563456768.0000
112.0137;174.0239;0.0000;599.3290;563456768.0000
111.0137;175.7054;0.0000;595.2400;563456768.0000
110.6952;175.7054;0.0000;595.6476;563456832.0000
109.6952;176.7054;0.0000;598.3291;563456832.0000
109.6952;177.7054;0.0000;595.5585;563456832.0000
109.3767;178.3869;0.0000;596.6921;563456832.0000
108.3767;179.3869;0.0000;597.6476;563456832.0000
108.0582;179.7054;0.0000;594.9661;563456832.0000
107.7398;180.3870;0.0000;596.7366;563456832.0000
107.4213;180.7054;0.0000;597.6921;563456832.0000
107.1028;181.3869;0.0000;595.3736;563456832.0000
106.7843;181.7054;0.0000;599.1442;563456832.0000
107.4658;182.7054;0.0000;597.3736;563456896.0000
107.1473;182.7054;0.0000;597.4626;563456896.0000
107.1473;183.3869;0.0000;602.5516;563456896.0000
106.8288;184.3869;0.0000;600.1442;563456896.0000
105.8288;185.0685;0.0000;603.2777;563456896.0000
105.8288;185.3870;0.0000;605.9592;563456896.0000
105.5103;186.3869;0.0000;600.9147;563456896.0000
105.1918;187.0685;0.0000;604.6852;563456896.0000
105.1918;188.0685;0.0000;606.5962;563456960.0000
104.8733;188.7500;0.0000;604.3667;563456960.0000
104.8733;189.7500;0.0000;608.4558;563456960.0000
104.5548;190.0685;0.0000;608.7743;563456960.0000
104.5548;190.7500;0.0000;610.1818;563456960.0000
104.5548;191.4315;0.0000;615.9523;563456960.0000
104.9178;192.4315;0.0000;612.8633;563457024.0000
104.9178;193.1130;0.0000;612.7674;563457024.0000
104.5993;194.1130;0.0000;617.3153;563457024.0000
104.5993;194.7945;0.0000;610.5002;563457024.0000
104.9623;195.7945;0.0000;616.9968;563457024.0000
104.6439;196.7945;0.0000;614.5894;563457024.0000
104.6439;197.7945;0.0000;610.9078;563457024.0000
104.3254;198.4760;0.0000;615.3599;563457024.0000
104.3254;198.7945;0.0000;613.3153;563457024.0000
104.3254;199.7945;0.0000;613.7229;563457024.0000
104.0069;200.4760;0.0000;620.1304;563457024.0000
104.6884;201.4760;0.0000;618.0859;563457024.0000
104.6884;202.1575;0.0000;619.8564;563457024.0000
104.3699;203.1575;0.0000;622.8564;563457088.0000
104.3699;203.8390;0.0000;620.1304;563457088.0000
104.0514;204.8390;0.0000;623.9010;563457088.0000
103.7329;205.8390;0.0000;623.9010;563457088.0000
103.7329;206.5205;0.0000;621.2195;563457088.0000
103.7329;207.5205;0.0000;625.2640;563457088.0000
104.0959;208.5205;0.0000;623.5380;563457088.0000
104.0959;209.8835;0.0000;622.5825;563457088.0000
104.0959;210.8835;0.0000;626.3085;563457088.0000
104.0959;211.5650;0.0000;623.2195;563457088.0000
104.4589;212.5650;0.0000;622.6270;563457088.0000
104.4589;213.2465;0.0000;626.3085;563457088.0000
104.1404;214.2465;0.0000;623.9010;563457088.0000
103.8219;215.2465;0.0000;625.6715;563457152.0000
103.8219;215.9280;0.0000;628.6270;563457152.0000
103.5034;216.9280;0.0000;624.3530;563457152.0000
103.1849;217.9280;0.0000;628.3975;563457152.0000
103.1849;218.6095;0.0000;627.9900;563457216.0000
102.8664;219.6095;0.0000;626.7160;563457216.0000
102.8664;220.6095;0.0000;630.7605;563457216.0000
103.5480;221.2911;0.0000;628.6715;563457216.0000
103.9110;222.2910;0.0000;628.0790;563457216.0000
104.2740;223.2910;0.0000;631.1681;563457216.0000
104.9555;224.2910;0.0000;628.7160;563457216.0000
105.3185;225.6541;0.0000;631.8051;563457216.0000
106.0000;226.6541;0.0000;631.1681;563457216.0000
106.3630;227.6541;0.0000;630.0790;563457280.0000
107.0445;228.3356;0.0000;631.4866;563457280.0000
106.7260;229.3356;0.0000;633.7605;563457280.0000
107.4075;230.3356;0.0000;631.8496;563457280.0000
107.7705;230.6541;0.0000;637.3016;563457280.0000
107.4521;231.3356;0.0000;635.8940;563457280.0000
108.1336;232.3356;0.0000;637.9832;563457280.0000
108.1336;233.3356;0.0000;641.7091;563457280.0000
108.1336;234.3356;0.0000;637.9832;563457280.0000
107.8151;235.3356;0.0000;641.0721;563457280.0000
107.8151;235.6541;0.0000;642.7537;563457344.0000
108.1781;237.0171;0.0000;639.3462;563457344.0000
108.5411;238.0171;0.0000;644.4352;563457344.0000
109.2226;239.0171;0.0000;645.0721;563457344.0000
109.2226;240.0171;0.0000;642.3906;563457408.0000
109.9041;240.3356;0.0000;646.1613;563457408.0000
110.2671;241.0171;0.0000;642.3906;563457408.0000
110.2671;241.3356;0.0000;643.4797;563457408.0000
110.6301;242.3356;0.0000;647.2057;563457408.0000
110.6301;242.6541;0.0000;642.7537;563457408.0000
111.3116;243.6541;0.0000;646.1613;563457408.0000
111.3116;243.6541;0.0000;647.5242;563457408.0000
111.3116;244.6541;0.0000;642.7537;563457408.0000
111.9931;244.9725;0.0000;645.2057;563457408.0000
111.9931;245.6541;0.0000;646.1613;563457408.0000
112.6747;245.9726;0.0000;643.1612;563457408.0000
112.3562;246.9726;0.0000;646.2947;563457408.0000
112.3562;247.6541;0.0000;645.2057;563457472.0000
113.0377;247.9726;0.0000;644.5687;563457472.0000
113.7192;248.9726;0.0000;647.2502;563457472.0000
113.7192;249.9725;0.0000;645.5242;563457472.0000
114.4007;249.9725;0.0000;644.9318;563457472.0000
114.0822;250.9725;0.0000;647.9318;563457472.0000
114.7637;251.2910;0.0000;645.2057;563457472.0000
114.7637;252.2911;0.0000;646.9318;563457472.0000
114.7637;252.6096;0.0000;644.7023;563457472.0000
115.4452;252.9280;0.0000;644.5687;563457472.0000
115.4452;253.9280;0.0000;647.2948;563457472.0000
115.4452;254.2465;0.0000;645.5687;563457472.0000
116.1267;255.2465;0.0000;644.6133;563457472.0000
116.1267;255.5650;0.0000;648.3392;563457536.0000
116.8082;256.5650;0.0000;645.5687;563457536.0000
116.8082;257.5650;0.0000;645.6133;563457536.0000
117.4897;257.8835;0.0000;648.2948;563457536.0000
117.1712;258.8835;3.8219;644.8872;563457536.0000
117.8527;259.2020;0.0000;647.6578;563457536.0000
117.8527;260.2020;3.8219;647.6133;563457600.0000
118.5342;260.5205;0.0000;644.9318;563457600.0000
118.5342;261.5205;0.0000;647.7023;563457600.0000
118.5342;261.8390;0.0000;646.6133;563457600.0000
119.2157;262.8390;3.8219;645.9763;563457600.0000
119.2157;263.1575;0.0000;649.7023;563457600.0000
119.2157;264.1575;3.8219;645.6133;563457600.0000
119.8972;264.4760;0.0000;645.0653;563457600.0000
119.8972;265.4760;0.0000;648.3838;563457664.0000
120.5788;265.7945;0.0000;644.9763;563457664.0000
120.5788;266.7945;0.0000;647.7023;563457664.0000
121.2603;267.7945;3.8219;648.0208;563457664.0000
121.2603;268.1130;0.0000;645.0208;563457664.0000
121.9418;269.1130;0.0000;647.7023;563457664.0000
121.9418;269.4315;0.0000;647.3393;563457664.0000
122.6233;270.4315;0.0000;643.7023;563457664.0000
122.9418;270.7500;0.0000;649.0208;563457664.0000
123.6233;271.7500;0.0000;644.9763;563457664.0000
123.6233;271.7500;0.0000;645.3838;563457664.0000
124.3048;272.7500;0.0000;649.7468;563457664.0000
124.3048;273.0685;0.0000;644.9763;563457664.0000
124.9863;273.3870;0.0000;647.0653;563457728.0000
124.9863;274.3870;0.0000;648.3838;563457728.0000
125.9863;275.3870;0.0000;644.9763;563457728.0000
126.6678;276.3870;0.0000;648.3838;563457728.0000
127.3493;276.7054;0.0000;648.3392;563457728.0000
128.0308;277.7054;0.0000;644.3838;563457728.0000
128.0308;278.7054;0.0000;649.7468;563457728.0000
128.7123;279.7054;0.0000;646.9763;563457728.0000
129.7123;280.0239;0.0000;647.0208;563457728.0000
130.3938;281.0239;0.0000;650.3838;563457728.0000
130.7123;282.0239;0.0000;646.2947;563457728.0000
131.3938;282.3424;0.0000;648.7023;563457728.0000
132.0753;283.3424;0.0000;650.3838;563457728.0000
132.7568;283.6609;0.0000;646.9763;563457792.0000
133.4383;284.9794;0.0000;650.7023;563457792.0000
134.1198;285.2979;0.0000;651.3392;563457792.0000
134.8013;285.9349;0.0000;648.9763;563457856.0000
135.4828;286.9349;0.0000;652.0208;563457856.0000
135.8013;287.5719;0.0000;650.2502;563457856.0000
136.4828;288.5719;0.0000;650.9318;563457856.0000
137.1644;289.2089;0.0000;653.6578;563457856.0000
137.8459;290.2089;0.0000;651.2057;563457856.0000
138.5274;290.5274;0.0000;652.6133;563457856.0000
140.2089;290.8459;0.0000;653.6578;563457856.0000
140.8904;291.8459;0.0000;650.5687;563457856.0000
141.5719;292.1644;0.0000;654.6578;563457856.0000
142.5719;292.4828;0.0000;653.9318;563457856.0000
143.2534;293.8014;0.0000;652.2502;563457920.0000
144.2534;294.1198;0.0000;655.2948;563457920.0000
144.9349;294.4384;0.0000;653.8872;563457920.0000
145.6164;294.7568;0.0000;653.2502;563457920.0000
146.2979;295.7568;0.0000;657.6133;563457920.0000
147.2979;296.0753;0.0000;653.5242;563457920.0000
147.9794;296.3938;0.0000;654.5687;563457920.0000
148.6609;296.7123;0.0000;657.2502;563457984.0000
149.6609;297.7123;0.0000;653.5242;563457984.0000
150.3424;298.0308;0.0000;655.2948;563457984.0000
151.3424;298.3493;0.0000;657.2057;563457984.0000
152.3424;299.0308;0.0000;653.5242;563457984.0000
153.0239;299.3493;0.0000;656.5687;563457984.0000
154.0239;299.6678;0.0000;655.8427;563458048.0000
154.7054;299.6678;8.1781;654.5242;563458048.0000
155.3869;299.9863;0.0000;658.6133;563458048.0000
156.3869;300.9863;0.0000;654.7982;563458048.0000
157.0685;300.9863;8.1781;655.2057;563458048.0000
157.7500;301.3048;0.0000;658.8872;563458048.0000
159.4315;301.3048;0.0000;654.1167;563458048.0000
160.1130;301.9863;0.0000;656.2502;563458048.0000
161.7945;302.3048;0.0000;657.2057;563458048.0000
163.1575;302.9863;0.0000;654.4797;563458048.0000
163.8390;303.3048;0.0000;656.5687;563458048.0000
165.5205;304.3048;0.0000;657.5242;563458048.0000
166.2020;304.3048;0.0000;654.8427;563458048.0000
167.2020;304.3048;0.0000;658.6133;563458048.0000
167.8835;305.3048;0.0000;656.1167;563458112.0000
169.2465;305.3048;0.0000;655.5242;563458112.0000
170.2465;305.6233;0.0000;658.5687;563458112.0000
170.9280;305.6233;0.0000;651.5687;563458112.0000
171.9280;306.6233;0.0000;657.2057;563458112.0000
172.9280;306.6233;0.0000;658.8872;563458112.0000
174.2910;306.9418;0.0000;654.4352;563458112.0000
174.9726;306.9418;0.0000;657.5242;563458112.0000
175.6541;307.2603;0.0000;657.8427;563458112.0000
177.3356;307.2603;0.0000;655.7982;563458112.0000
178.3356;307.5787;0.0000;658.8872;563458112.0000
179.0171;308.5788;0.0000;656.1167;563458112.0000
180.6986;307.8972;0.0000;656.8427;563458112.0000
181.3801;308.2157;0.0000;659.5242;563458176.0000
182.0616;308.2157;0.0000;656.1167;563458176.0000
183.0616;308.5342;0.0000;657.2057;563458176.0000
184.4246;308.5342;0.0000;658.8872;563458240.0000
185.4246;308.5342;0.0000;656.1167;563458240.0000
186.1061;308.5342;0.0000;659.2057;563458240.0000
186.7876;308.8527;0.0000;658.1612;563458240.0000
187.7876;308.8527;0.0000;655.7982;563458240.0000
188.4691;309.1712;0.0000;660.5242;563458240.0000
190.1506;309.1712;0.0000;656.7537;563458240.0000
190.8322;308.8082;0.0000;654.2947;563458240.0000
191.5136;308.8082;8.1781;660.5242;563458240.0000
193.1951;309.1267;0.0000;656.4352;563458240.0000
193.8766;309.1267;0.0000;658.1612;563458304.0000
194.8767;309.1267;0.0000;659.8427;563458304.0000
196.2397;309.4452;0.0000;656.7537;563458304.0000
196.9212;309.4452;0.0000;658.8427;563458304.0000
197.9212;309.7637;0.0000;659.1612;563458304.0000
199.2842;309.0822;0.0000;656.1167;563458304.0000
199.9657;309.0822;0.0000;659.5242;563458304.0000
200.9657;308.7192;0.0000;657.0721;563458304.0000
202.3287;308.7192;8.1781;656.1167;563458368.0000
203.3287;308.7192;0.0000;661.1613;563458368.0000
204.0102;308.3562;8.1781;657.0721;563458368.0000
205.0102;308.3562;0.0000;656.7982;563458368.0000
206.3732;308.6747;0.0000;660.4797;563458368.0000
207.3732;307.9932;0.0000;655.7537;563458368.0000
208.7362;307.9932;0.0000;659.1612;563458432.0000
209.4177;308.3116;0.0000;659.1167;563458432.0000
211.0993;308.3116;0.0000;655.4352;563458432.0000
211.7808;307.6301;0.0000;659.1612;563458432.0000
213.4623;307.9486;0.0000;658.7537;563458432.0000
214.8253;307.9486;0.0000;656.1167;563458432.0000
215.8253;308.2671;0.0000;660.8427;563458432.0000
217.5068;307.5856;0.0000;656.7091;563458432.0000
218.8698;307.5856;0.0000;655.4797;563458432.0000
220.5513;307.2226;0.0000;661.1167;563458432.0000
221.5513;307.2226;0.0000;655.7092;563458432.0000
222.9143;306.8596;0.0000;658.7982;563458432.0000
223.9143;306.8596;0.0000;659.1167;563458432.0000
224.9143;306.4966;0.0000;656.3906;563458496.0000
226.2773;306.4966;0.0000;659.7982;563458496.0000
227.2773;305.8151;0.0000;658.7537;563458496.0000
228.2773;306.1335;0.0000;656.1167;563458496.0000
228.9588;305.4521;0.0000;660.7982;563458496.0000
229.9588;305.7706;0.0000;657.7091;563458496.0000
230.9588;305.0891;0.0000;656.4352;563458496.0000
231.6404;304.4075;0.0000;660.7982;563458496.0000
232.6404;304.7260;0.0000;656.6647;563458496.0000
233.6403;304.0445;0.0000;658.4797;563458496.0000
234.6403;303.6815;0.0000;660.4352;563458496.0000
235.3218;303.0000;0.0000;656.6647;563458496.0000
236.3218;303.3185;0.0000;659.1167;563458496.0000
236.6403;302.6370;0.0000;659.3906;563458560.0000
237.3219;301.9555;0.0000;657.7091;563458560.0000
238.3218;301.5925;0.0000;660.4352;563458560.0000
240.0034;300.9109;0.0000;658.3461;563458560.0000
241.0033;301.2295;0.0000;658.4352;563458560.0000
242.0034;300.5480;0.0000;661.4352;563458624.0000
243.6849;300.1849;0.0000;657.9832;563458624.0000
244.6848;299.5034;0.0000;659.3906;563458624.0000
245.3664;298.8219;0.0000;661.0721;563458624.0000
246.3664;299.1404;0.0000;656.9386;563458624.0000
248.0479;298.4589;0.0000;660.3906;563458624.0000
249.0479;297.7774;0.0000;662.3016;563458624.0000
249.7294;297.4144;0.0000;658.6647;563458624.0000
250.7294;296.7329;0.0000;661.3906;563458688.0000
251.7294;296.3699;0.0000;659.3016;563458688.0000
252.7294;295.6884;0.0000;659.7091;563458688.0000
254.4109;295.0069;0.0000;663.0721;563458688.0000
255.4109;294.3254;0.0000;660.3461;563458688.0000
256.0924;293.9623;0.0000;662.1167;563458688.0000
257.0924;292.5993;0.0000;665.4352;563458688.0000
258.0924;291.9178;0.0000;661.3461;563458688.0000
259.0924;291.5548;0.0000;664.4352;563458688.0000
260.0924;290.1918;0.0000;665.6646;563458688.0000
261.0924;289.8288;0.0000;662.0276;563458752.0000
262.0924;289.1473;0.0000;665.4352;563458752.0000
263.0924;288.1028;0.0000;663.6647;563458752.0000
263.0924;287.4213;0.0000;664.4352;563458752.0000
264.0924;286.3767;0.0000;671.8872;563458816.0000
265.0924;285.6953;0.0000;669.7982;563458816.0000
265.4109;284.3322;0.0000;673.2502;563458816.0000
266.0479;283.2877;8.1781;677.9763;563458816.0000
267.0479;281.9247;3.8219;677.2948;563458816.0000
267.3664;281.2432;0.0000;682.7468;563458816.0000
267.6849;279.8802;0.0000;684.0653;563458816.0000
268.6849;278.8357;3.8219;682.7023;563458816.0000
269.0034;278.1541;0.0000;686.1098;563458816.0000
269.3218;276.7911;0.0000;684.3838;563458816.0000
270.6404;276.4281;0.0000;681.1989;563458816.0000
270.9588;275.0651;0.0000;688.1543;563458816.0000
272.2773;274.3836;0.0000;684.7023;563458816.0000
272.5958;274.0206;0.0000;685.4283;563458880.0000
273.5958;273.3391;0.0000;688.1098;563458880.0000
274.2328;271.9761;0.0000;684.3393;563458880.0000
275.2328;271.2946;0.0000;687.1543;563458880.0000
275.8698;270.9315;0.0000;687.3838;563458880.0000
276.8698;270.2501;3.8219;685.3392;563458880.0000
277.5068;268.8870;0.0000;689.1099;563458880.0000
278.5068;268.2055;0.0000;688.0208;563458880.0000
279.5068;267.5240;3.8219;686.7468;563458880.0000
280.8253;266.8425;0.0000;691.4728;563458880.0000
281.1438;266.1610;0.0000;690.0653;563458880.0000
282.4623;265.4795;0.0000;691.5173;563458880.0000
283.4623;264.7980;0.0000;698.2434;563458880.0000
284.0992;264.1165;0.0000;696.8804;563458880.0000
285.0992;262.7535;0.0000;702.0585;563458944.0000
285.7362;262.0720;0.0000;705.0585;563458944.0000
286.0547;261.3905;3.8219;703.6954;563458944.0000
286.3732;260.7090;0.0000;706.7844;563458944.0000
287.0102;260.7090;0.0000;707.7400;563458944.0000
287.3287;260.0275;3.8219;705.0585;563459008.0000
287.6472;259.3459;8.1781;709.8290;563459008.0000
288.2842;258.6644;0.0000;707.4214;563459008.0000
288.6027;257.9829;8.1781;708.4659;563459008.0000
288.9212;256.9829;0.0000;712.1475;563459008.0000
289.5582;256.3014;0.0000;707.6954;563459008.0000
289.8766;255.6199;0.0000;709.1475;563459008.0000
290.1952;255.6199;8.1781;712.4659;563459008.0000
291.5136;254.9384;0.0000;709.6954;563459072.0000
292.1506;253.9384;8.1781;712.1475;563459072.0000
292.4691;253.2569;3.8219;711.4214;563459072.0000
293.7876;252.5754;0.0000;708.0585;563459072.0000
294.1061;252.5754;0.0000;713.4659;563459072.0000
295.1061;251.8939;8.1781;710.6954;563459072.0000
295.4246;250.8939;0.0000;710.4215;563459072.0000
296.0616;250.2124;0.0000;714.4659;563459072.0000
297.3801;248.8494;0.0000;711.0139;563459072.0000
297.6986;248.1679;0.0000;713.7399;563459072.0000
298.0171;247.4864;0.0000;707.9249;563459072.0000
298.3356;246.8049;0.0000;714.7400;563459072.0000
298.6541;245.1234;0.0000;717.8290;563459072.0000
299.2910;244.4418;0.0000;720.5105;563459136.0000
300.2910;243.4418;0.0000;717.4659;563459136.0000
300.9280;242.7603;0.0000;720.9180;563459136.0000
301.2465;241.3973;0.0000;719.1030;563459136.0000
301.5650;240.7158;0.0000;719.8290;563459136.0000
301.8835;240.0343;0.0000;724.9180;563459136.0000
302.2020;238.6713;0.0000;722.1030;563459136.0000
302.5205;237.6713;0.0000;721.1920;563459136.0000
302.8390;236.6713;3.8219;725.2365;563459136.0000
303.4760;235.3083;0.0000;722.4214;563459136.0000
304.1130;234.3083;3.8219;725.5105;563459136.0000
304.7500;232.6268;0.0000;725.7844;563459136.0000
305.0685;231.9453;0.0000;722.7400;563459136.0000
305.7054;230.2638;0.0000;726.5105;563459136.0000
306.7054;228.5823;0.0000;726.0585;563459200.0000
307.3424;227.9008;0.0000;724.4214;563459264.0000
307.6609;226.2193;0.0000;730.8290;563459264.0000
308.2979;225.5378;0.0000;725.0139;563459264.0000
307.9349;223.8562;0.0000;726.7399;563459264.0000
308.5719;222.8562;0.0000;732.1030;563459264.0000
308.8904;221.1747;0.0000;725.9694;563459264.0000
309.5274;220.1747;0.0000;726.5551;563459264.0000
310.1644;218.4932;0.0000;729.6954;563459264.0000
310.8013;217.4932;0.0000;726.9694;563459264.0000
311.1198;216.4932;0.0000;730.7400;563459264.0000
311.0753;215.8117;0.0000;729.6509;563459264.0000
311.3938;214.1302;0.0000;728.0139;563459264.0000
312.0308;212.8117;0.0000;732.1030;563459328.0000
312.3493;211.8117;0.0000;728.2879;563459328.0000
312.9863;210.8117;0.0000;727.6509;563459328.0000
313.3048;209.8117;0.0000;733.0585;563459328.0000
313.6233;208.4932;0.0000;727.9249;563459328.0000
313.9418;207.4932;0.0000;729.6954;563459328.0000
314.2603;205.8117;8.1781;731.6509;563459328.0000
313.8972;204.8117;0.0000;727.9249;563459392.0000
314.2158;203.8117;8.1781;730.0139;563459392.0000
314.5342;202.8117;0.0000;731.6509;563459392.0000
314.1712;201.8117;0.0000;727.2879;563459392.0000
314.4897;200.8117;0.0000;730.9694;563459392.0000
314.8082;199.8117;0.0000;729.8804;563459392.0000
314.1267;198.8117;0.0000;728.2879;563459456.0000
314.4452;197.1302;0.0000;733.2879;563459456.0000
314.7637;196.4487;0.0000;728.5619;563459456.0000
314.0822;195.4487;0.0000;731.2878;563459456.0000
314.4007;194.4487;0.0000;732.1030;563459456.0000
314.0377;193.4487;0.0000;729.8804;563459456.0000
314.0377;192.4487;0.0000;734.0139;563459456.0000
313.6747;191.4487;0.0000;732.2434;563459456.0000
313.6747;190.7672;0.0000;732.6064;563459456.0000
313.3116;189.7672;3.8219;735.3324;563459456.0000
312.9486;188.7672;0.0000;733.2879;563459456.0000
313.2671;187.7672;0.0000;735.6509;563459456.0000
312.5856;186.0857;0.0000;740.3770;563459456.0000
312.2226;185.0857;0.0000;736.2878;563459456.0000
312.5411;184.0857;3.8219;735.8290;563459520.0000
312.1781;183.0857;0.0000;742.7400;563459520.0000
311.4966;182.7672;0.0000;737.9694;563459520.0000
311.1335;181.4487;0.0000;742.4214;563459520.0000
310.4521;180.4487;0.0000;744.0585;563459520.0000
310.7706;179.7672;0.0000;740.0139;563459520.0000
310.0891;177.7672;0.0000;743.7399;563459520.0000
309.7260;176.7672;0.0000;740.6064;563459520.0000
309.3630;175.7672;0.0000;742.0139;563459520.0000
308.6815;175.0857;3.8219;748.1475;563459520.0000
308.3185;173.4042;0.0000;742.9694;563459520.0000
307.6370;172.4042;0.0000;742.6954;563459520.0000
306.9555;171.4042;0.0000;745.0139;563459520.0000
305.9109;170.7227;0.0000;741.6509;563459584.0000
305.2295;169.0412;0.0000;745.0139;563459584.0000
304.8665;168.0412;0.0000;743.6064;563459584.0000
304.1849;167.0412;0.0000;742.2879;563459648.0000
303.8219;166.0412;0.0000;745.6509;563459648.0000
303.1404;164.3597;0.0000;745.6064;563459648.0000
302.4589;163.6782;0.0000;740.5619;563459648.0000
301.7774;162.6782;0.0000;745.6954;563459648.0000
301.4144;161.6782;0.0000;742.5173;563459648.0000
300.7329;160.6782;0.0000;743.6064;563459648.0000
300.3699;159.6782;0.0000;743.9249;563459648.0000
300.3699;158.6782;0.0000;741.8358;563459648.0000
299.6884;157.9967;0.0000;744.9694;563459648.0000
299.3254;156.3152;0.0000;745.2434;563459712.0000
298.6439;155.3152;0.0000;741.5173;563459712.0000
298.2809;153.6336;0.0000;745.2879;563459712.0000
297.5993;152.6337;0.0000;744.1989;563459712.0000
296.9178;151.2706;0.0000;743.1989;563459712.0000
296.2363;150.2706;0.0000;745.6064;563459712.0000
295.8733;148.2706;0.0000;743.7913;563459712.0000
295.1918;147.2706;0.0000;742.5619;563459712.0000
295.5103;146.5891;0.0000;747.8804;563459776.0000
294.8288;144.9076;0.0000;742.1099;563459776.0000
294.1473;143.9076;0.0000;744.5619;563459776.0000
293.7843;142.2261;0.0000;746.1989;563459776.0000
293.1028;141.2261;0.0000;742.1543;563459776.0000
292.4213;140.2261;0.0000;744.5619;563459776.0000
292.0582;139.2261;0.0000;744.1543;563459840.0000
292.0582;138.2261;0.0000;741.4728;563459840.0000
291.6953;137.2261;0.0000;745.1989;563459840.0000
291.0137;135.5446;0.0000;742.7913;563459840.0000
290.3322;134.5446;0.0000;743.5173;563459840.0000
289.9692;133.2261;0.0000;746.5173;563459840.0000
289.2877;131.5446;3.8219;741.7468;563459840.0000
288.9247;130.5446;0.0000;745.5173;563459840.0000
288.2432;129.5446;3.8219;745.8358;563459840.0000
287.5617;128.5446;0.0000;742.0653;563459840.0000
286.5172;127.2261;0.0000;745.5173;563459840.0000
285.8357;126.2261;0.0000;745.4283;563459840.0000
285.4727;125.9076;3.8219;742.7468;563459840.0000
284.1096;124.5891;0.0000;746.7914;563459904.0000
283.4281;123.5891;3.8219;744.0653;563459904.0000
282.3836;122.5891;0.0000;743.1544;563459904.0000
281.0206;121.5891;0.0000;748.7468;563459904.0000
280.3391;120.5891;0.0000;743.4728;563459904.0000
278.9761;119.5891;0.0000;744.7913;563459904.0000
278.2946;118.5891;0.0000;747.4283;563459904.0000
277.2501;117.2706;0.0000;744.3838;563459904.0000
276.5685;116.9521;0.0000;745.0653;563459904.0000
275.2055;115.9521;0.0000;748.7468;563459904.0000
274.5240;114.9521;0.0000;745.0653;563459904.0000
273.8425;114.3152;0.0000;748.7468;563459904.0000
272.4795;113.9967;0.0000;745.9763;563459904.0000
272.1165;112.9967;0.0000;746.0208;563459968.0000
271.4350;112.6782;0.0000;749.7468;563459968.0000
270.0720;112.0412;0.0000;746.2947;563459968.0000
269.3905;111.0412;0.0000;746.7023;563459968.0000
268.0275;110.7227;8.1781;751.7023;563459968.0000
267.3459;109.7227;0.0000;746.9318;563460032.0000
265.9829;108.7227;0.0000;749.0208;563460032.0000
264.6199;107.7227;0.0000;750.2948;563460032.0000
263.9384;107.0857;0.0000;746.6578;563460032.0000
263.2569;106.0857;0.0000;745.5687;563460032.0000
261.8939;104.7672;0.0000;754.7023;563460032.0000
260.8494;104.4487;0.0000;743.8872;563460032.0000
260.1679;103.1302;0.0000;757.4728;563460032.0000
258.8049;102.8117;0.0000;752.6578;563460032.0000
258.1234;102.4932;0.0000;753.0208;563460096.0000
256.7603;101.4932;0.0000;758.4283;563460096.0000
256.0788;100.8562;0.0000;755.0208;563460096.0000
254.7158;99.8562;0.0000;754.7023;563460096.0000
253.0343;98.8562;0.0000;757.0208;563460096.0000
252.3528;98.5378;0.0000;756.7468;563460096.0000
251.3083;97.2193;0.0000;758.1099;563460096.0000
249.9453;96.9008;0.0000;757.7023;563460096.0000
249.2638;95.5823;0.0000;754.7023;563460096.0000
247.9008;95.2638;0.0000;759.7913;563460160.0000
246.2193;94.2638;0.0000;757.0208;563460160.0000
244.8562;93.9453;0.0000;756.7468;563460160.0000
244.1747;92.6268;0.0000;760.4283;563460160.0000
242.8117;92.3083;3.8219;754.6133;563460224.0000
242.1302;91.9898;0.0000;759.0653;563460224.0000
240.7672;91.3528;3.8219;759.3838;563460224.0000
239.7672;90.3528;0.0000;757.9763;563460224.0000
238.4042;90.0343;0.0000;759.7468;563460224.0000
237.7227;89.7158;0.0000;758.3393;563460224.0000
236.3597;89.0788;0.0000;757.7023;563460224.0000
235.6782;88.7603;0.0000;761.1099;563460224.0000
234.3152;88.1234;0.0000;757.9763;563460224.0000
232.9521;87.8049;0.0000;757.0208;563460224.0000
231.9521;86.4864;0.0000;761.7468;563460224.0000
230.5891;86.1679;0.0000;756.6133;563460224.0000
229.9076;85.8494;0.0000;759.7468;563460224.0000
228.2261;85.2124;0.0000;761.3838;563460224.0000
227.5446;83.8939;0.0000;756.6133;563460288.0000
225.8631;83.5754;0.0000;760.0653;563460288.0000
225.1816;82.9384;0.0000;760.0208;563460288.0000
223.8186;82.6199;0.0000;758.3393;563460288.0000
222.8186;82.3014;0.0000;761.3838;563460288.0000
221.4556;81.6644;0.0000;758.9318;563460288.0000
220.4556;81.3459;0.0000;758.6578;563460288.0000
219.7741;80.7090;0.0000;761.7023;563460288.0000
219.0926;80.3905;0.0000;757.5687;563460288.0000
218.0926;79.7535;0.0000;760.0208;563460288.0000
217.4111;79.4350;0.0000;762.3392;563460288.0000
216.4111;79.1165;0.0000;757.2502;563460288.0000
215.4111;79.1610;0.0000;761.3393;563460288.0000
214.7296;78.8425;0.0000;762.3392;563460352.0000
213.7296;78.2055;0.0000;757.2502;563460352.0000
213.4110;78.5685;0.0000;762.0208;563460352.0000
212.7296;78.2500;0.0000;758.5242;563460352.0000
211.7296;77.6131;0.0000;758.6133;563460352.0000
210.7296;77.2946;0.0000;762.3392;563460416.0000
210.4111;77.6576;0.0000;757.2502;563460416.0000
209.7296;77.3391;3.8219;759.3392;563460416.0000
209.4111;77.7021;0.0000;761.9763;563460416.0000
208.7296;77.0651;0.0000;757.8872;563460416.0000
207.7296;76.7466;0.0000;760.6578;563460416.0000
207.0480;76.4281;0.0000;760.2947;563460416.0000
206.0480;76.7911;0.0000;756.8872;563460416.0000
205.0480;76.4726;0.0000;760.6578;563460480.0000
204.3665;76.1541;0.0000;758.5242;563460480.0000
203.3665;76.5172;0.0000;758.9318;563460480.0000
202.3665;76.1987;0.0000;762.3392;563460480.0000
202.0480;75.8802;0.0000;757.5687;563460480.0000
201.3665;76.2432;0.0000;757.5687;563460480.0000
200.3665;75.6062;0.0000;763.9318;563460480.0000
199.3665;76.2877;0.0000;757.5242;563460480.0000
199.0480;75.9692;0.0000;760.9318;563460480.0000
198.0480;75.6507;0.0000;761.2502;563460480.0000
197.3665;76.0137;0.0000;755.8427;563460480.0000
196.3665;76.0137;0.0000;760.6133;563460480.0000
195.3665;76.3767;0.0000;760.2057;563460480.0000
194.0035;76.0582;0.0000;756.2057;563460480.0000
193.0035;75.7397;0.0000;762.9763;563460544.0000
191.3220;75.4213;0.0000;756.4797;563460544.0000
190.3220;75.7843;0.0000;757.5687;563460544.0000
188.9590;75.4658;0.0000;763.6578;563460544.0000
187.2775;75.8288;0.0000;756.4797;563460544.0000
186.5960;75.5103;0.0000;756.5242;563460544.0000
184.9145;75.8733;0.0000;751.0276;563460544.0000
183.9145;75.8733;0.0000;756.4797;563460544.0000
183.2330;75.5548;0.0000;752.4352;563460544.0000
182.9145;75.9178;0.0000;753.0721;563460544.0000
182.2330;75.5993;0.0000;747.1612;563460544.0000
181.2330;76.2808;0.0000;754.7982;563460544.0000
180.2330;76.6439;0.0000;748.9832;563460544.0000
179.5515;76.6439;0.0000;750.0721;563460608.0000
178.5515;76.3254;0.0000;752.0721;563460608.0000
177.5515;76.6884;0.0000;748.9832;563460672.0000
176.8700;76.3699;0.0000;751.2502;563460672.0000
175.1885;76.7329;0.0000;754.7092;563460672.0000
174.5070;76.7329;0.0000;750.3461;563460672.0000
173.5070;77.0959;0.0000;752.7092;563460672.0000
172.1440;76.7774;3.8219;752.3906;563460672.0000
171.1440;77.4589;0.0000;749.3906;563460672.0000
169.4624;77.8219;0.0000;753.4797;563460672.0000
168.4624;77.8219;0.0000;746.4352;563460672.0000
167.7809;78.1849;0.0000;751.7091;563460672.0000
166.0994;78.5480;0.0000;753.1613;563460672.0000
165.0994;78.9110;3.8219;748.9832;563460736.0000
164.4179;79.5925;0.0000;750.0721;563460736.0000
163.4179;79.2740;0.0000;753.0721;563460736.0000
162.4179;79.6370;0.0000;749.3461;563460736.0000
161.4179;80.0000;0.0000;752.4797;563460736.0000
160.4179;80.6815;0.0000;752.0721;563460736.0000
158.7364;81.0445;3.8219;751.3906;563460736.0000
158.0549;81.4075;0.0000;752.1612;563460800.0000
157.0549;82.0890;3.8219;750.0721;563460800.0000
156.0549;82.4520;0.0000;749.3906;563460800.0000
155.0549;82.8151;0.0000;753.5242;563460800.0000
154.0549;83.4966;0.0000;750.7537;563460800.0000
153.0549;83.8596;0.0000;750.7982;563460800.0000
152.7364;83.8596;3.8219;753.8427;563460864.0000
151.7364;84.2226;0.0000;750.0721;563460864.0000
151.4179;84.5856;0.0000;753.8872;563460864.0000
150.4179;85.2671;3.8219;752.1612;563460864.0000
149.4179;85.6301;0.0000;750.7982;563460864.0000
149.0994;85.3116;0.0000;753.5687;563460864.0000
148.0994;85.9931;3.8219;752.1612;563460864.0000
147.0994;86.3562;3.8219;749.5242;563460864.0000
146.0994;86.3562;3.8219;753.5687;563460864.0000
145.7809;86.7192;0.0000;751.4352;563460864.0000
144.7809;86.4007;0.0000;752.5242;563460864.0000
144.4624;87.0822;0.0000;753.8872;563460864.0000
144.1439;86.7637;3.8219;751.4797;563460864.0000
143.8254;87.4452;0.0000;754.5687;563460864.0000
142.8254;87.1267;0.0000;754.5687;563460928.0000
142.5070;87.4897;0.0000;751.4797;563460928.0000
141.5070;88.1712;0.0000;754.5687;563460928.0000
141.1885;87.8527;0.0000;753.4797;563460928.0000
140.8700;88.2157;0.0000;752.5242;563460928.0000
139.8700;88.2157;0.0000;756.5687;563460928.0000
139.5515;88.8972;0.0000;753.4797;563460928.0000
139.2330;88.5787;0.0000;754.5687;563460928.0000
138.9145;89.2603;0.0000;756.2502;563460928.0000
137.5960;89.6233;0.0000;749.3906;563460928.0000
137.2775;89.3048;0.0000;754.5687;563460928.0000
136.5960;89.6678;0.0000;755.2502;563460928.0000
136.2775;89.6678;0.0000;753.1613;563460928.0000
135.9590;90.0308;0.0000;755.2502;563460992.0000
134.9590;90.0308;0.0000;756.8872;563460992.0000
134.3220;90.3938;0.0000;752.5242;563460992.0000
133.6405;90.7568;0.0000;756.6133;563461056.0000
133.3220;91.0753;0.0000;753.1613;563461056.0000
132.3220;91.4383;0.0000;753.6133;563461056.0000
131.3220;91.8013;0.0000;756.2948;563461056.0000
130.3220;91.8013;0.0000;752.5242;563461056.0000
129.3220;92.1644;0.0000;754.9318;563461056.0000
128.3220;92.8459;0.0000;758.9763;563461056.0000
128.0035;92.8459;0.0000;752.5242;563461056.0000
127.0035;93.2089;0.0000;755.9763;563461056.0000
126.0035;93.8904;0.0000;755.6133;563461056.0000
125.0035;93.5719;0.0000;752.2057;563461056.0000
124.0035;94.2534;0.0000;754.9763;563461120.0000
123.0035;94.6164;0.0000;752.2502;563461120.0000
122.0035;95.2979;0.0000;754.9763;563461120.0000
120.6850;95.2979;0.0000;757.7023;563461120.0000
119.6850;95.3424;0.0000;754.5687;563461120.0000
118.6850;96.0239;0.0000;755.3392;563461120.0000
117.6850;96.7054;0.0000;757.3392;563461120.0000
116.6850;97.3869;0.0000;754.2948;563461184.0000
116.0035;98.0685;0.0000;755.3392;563461184.0000
115.0035;98.7500;0.0000;756.7023;563461184.0000
114.0035;99.4315;0.0000;754.2948;563461184.0000
114.0035;99.4315;0.0000;755.3392;563461184.0000
113.0035;100.1130;0.0000;754.2948;563461184.0000
112.0035;100.4760;0.0000;752.9763;563461248.0000
111.6850;101.1575;3.8219;759.0653;563461248.0000
110.6850;101.8390;0.0000;754.2948;563461248.0000
109.6850;102.2020;0.0000;752.9763;563461248.0000
109.3665;102.2020;0.0000;759.0653;563461248.0000
108.3665;102.8835;0.0000;755.6578;563461248.0000
107.3665;103.5650;0.0000;756.7468;563461248.0000
107.0480;104.2465;0.0000;754.7023;563461248.0000
106.0480;104.9280;0.0000;753.7023;563461248.0000
105.0480;105.6095;0.0000;758.1099;563461248.0000
104.0480;106.2910;0.0000;755.3392;563461248.0000
103.7296;106.6541;0.0000;754.7023;563461248.0000
102.7295;107.3356;0.0000;759.7913;563461248.0000
102.4110;108.0171;0.0000;755.6578;563461312.0000
101.4111;108.6986;0.0000;756.0653;563461312.0000
101.0926;109.3801;0.0000;759.4283;563461312.0000
100.7741;110.0616;3.8219;752.6578;563461312.0000
99.7741;111.4246;0.0000;759.1543;563461312.0000
99.4556;112.1061;0.0000;758.7914;563461312.0000
99.1371;112.7876;0.0000;753.6578;563461312.0000
98.1371;113.4691;0.0000;759.1543;563461312.0000
97.8186;114.8321;0.0000;757.7468;563461312.0000
97.1371;115.5136;0.0000;755.1098;563461312.0000
96.8186;116.1951;0.0000;760.1544;563461312.0000
96.5001;116.8767;0.0000;754.7023;563461312.0000
95.5001;117.5582;3.8219;756.7913;563461312.0000
95.1816;118.9212;0.0000;759.5173;563461312.0000
94.1816;119.6027;0.0000;754.0208;563461376.0000
93.8631;120.9657;0.0000;758.5173;563461376.0000
93.5446;121.6472;0.0000;759.4728;563461376.0000
92.5446;123.0102;0.0000;754.3838;563461376.0000
92.5446;123.6917;0.0000;757.7913;563461440.0000
91.5446;125.0547;0.0000;757.7913;563461440.0000
91.2261;126.4177;0.0000;756.1543;563461440.0000
90.9076;127.7808;0.0000;760.5619;563461440.0000
89.9076;128.7807;0.0000;757.1098;563461440.0000
89.5891;130.1438;0.0000;757.5173;563461440.0000
89.2706;131.5068;0.0000;758.5173;563461440.0000
88.2706;132.8698;0.0000;755.1543;563461440.0000
87.9521;133.5513;0.0000;757.5619;563461440.0000
86.6336;134.9143;0.0000;759.1989;563461504.0000
85.9521;135.5958;0.0000;755.4728;563461504.0000
85.6337;136.9588;0.0000;757.8804;563461504.0000
84.6336;137.6403;0.0000;759.1989;563461504.0000
84.3152;139.0033;0.0000;756.4728;563461504.0000
83.3152;139.6848;0.0000;758.2434;563461504.0000
83.3152;141.0479;0.0000;755.7913;563461504.0000
82.3152;142.4109;3.8219;754.5173;563461504.0000
81.9967;143.0924;0.0000;758.2434;563461504.0000
81.9967;144.7739;0.0000;756.4728;563461568.0000
80.9967;146.1369;0.0000;756.8804;563461568.0000
80.6782;147.1369;0.0000;758.5173;563461568.0000
80.3597;148.4999;0.0000;755.5173;563461568.0000
80.0412;149.8629;3.8219;758.9694;563461632.0000
79.7227;151.2260;0.0000;758.5619;563461632.0000
79.4042;152.5890;0.0000;756.1543;563461632.0000
79.0857;153.2704;0.0000;760.5619;563461632.0000
78.7672;154.6335;0.0000;757.1543;563461632.0000
78.4487;155.3150;0.0000;758.2434;563461632.0000
78.1302;156.6780;0.0000;762.6064;563461632.0000
78.1302;157.3595;0.0000;757.5173;563461632.0000
77.8117;158.0410;0.0000;757.2434;563461632.0000
77.8117;159.4040;0.0000;760.6064;563461632.0000
77.4932;160.4040;0.0000;755.5173;563461632.0000
77.1747;161.0855;0.0000;759.6064;563461632.0000
77.1747;161.7670;8.1781;758.9249;563461632.0000
76.8562;163.1300;8.1781;754.1989;563461632.0000
76.5377;163.8115;0.0000;759.2879;563461696.0000
76.2193;165.1746;8.1781;755.8358;563461696.0000
75.9008;165.8561;0.0000;748.0653;563461696.0000
75.5823;166.5376;0.0000;751.4728;563461696.0000
75.5823;167.2191;0.0000;749.3838;563461696.0000
75.2638;167.9006;3.8219;748.1098;563461696.0000
74.9453;168.5821;0.0000;751.4728;563461696.0000
74.6268;169.5821;0.0000;747.7023;563461696.0000
74.3083;170.2636;0.0000;750.1543;563461696.0000
73.9898;170.9451;0.0000;749.1543;563461696.0000
73.6713;171.6266;0.0000;747.1099;563461696.0000
73.3528;172.3081;0.0000;749.4728;563461696.0000
73.3528;172.9896;0.0000;750.1098;563461696.0000
73.0343;172.9896;0.0000;747.4728;563461760.0000
72.7158;173.6711;3.8219;750.5619;563461760.0000
73.0788;174.6711;0.0000;746.1099;563461760.0000
72.7603;175.6711;0.0000;745.5173;563461760.0000
72.4418;176.3526;3.8219;749.9249;563461760.0000
72.1234;177.0341;0.0000;744.4728;563461824.0000
71.8049;177.7157;0.0000;746.2878;563461824.0000
71.4864;178.7156;0.0000;748.6064;563461824.0000
71.1679;179.0341;0.0000;744.8804;563461824.0000
71.1679;180.0341;0.0000;746.6509;563461824.0000
71.5309;180.7157;0.0000;746.9249;563461824.0000
71.2124;181.7157;0.0000;743.9249;563461824.0000
70.8939;181.7157;0.0000;748.9694;563461824.0000
70.5754;182.0787;3.8219;744.2434;563461888.0000
70.2569;182.7602;0.0000;744.9694;563461888.0000
69.9384;182.7602;3.8219;741.5619;563461888.0000
70.3014;183.4417;3.8219;743.6509;563461888.0000
69.9829;184.1232;0.0000;745.0585;563461888.0000
69.6644;184.4417;0.0000;747.4659;563461888.0000
69.3459;185.4417;0.0000;742.0139;563461888.0000
69.0275;186.4417;0.0000;744.0585;563461888.0000
68.7090;186.4417;3.8219;744.3770;563461888.0000
69.3905;187.1232;0.0000;743.1029;563461888.0000
69.0720;187.8047;0.0000;747.5105;563461888.0000
68.7535;188.1232;3.8219;743.3770;563461888.0000
68.7535;189.1232;0.0000;741.5995;563461888.0000
69.1165;189.8047;0.0000;746.9180;563461888.0000
68.7980;189.8047;3.8219;742.1475;563461952.0000
68.4795;190.8047;0.0000;742.1475;563461952.0000
68.1610;191.8047;0.0000;746.2365;563461952.0000
67.8425;192.8047;0.0000;740.1030;563461952.0000
67.5240;193.1232;0.0000;743.5550;563461952.0000
67.2055;193.8047;0.0000;743.5550;563461952.0000
67.2055;194.4862;3.8219;740.1920;563461952.0000
66.8870;195.1677;0.0000;744.9625;563461952.0000
66.2500;195.4862;3.8219;741.5105;563461952.0000
65.9315;196.4862;0.0000;740.2365;563461952.0000
65.6131;197.4862;0.0000;745.2810;563461952.0000
65.2946;197.4862;0.0000;740.5550;563461952.0000
64.9761;198.1677;0.0000;738.2365;563461952.0000
64.9761;199.1677;0.0000;744.3256;563462016.0000
64.6576;200.1677;0.0000;740.2365;563462016.0000
64.3391;200.8492;0.0000;742.0516;563462080.0000
64.0206;201.5307;0.0000;740.6886;563462080.0000
63.7021;202.5307;0.0000;740.2365;563462080.0000
63.3836;203.5307;0.0000;741.7776;563462080.0000
62.7466;204.5307;0.0000;741.6440;563462080.0000
63.1096;205.2122;0.0000;739.6885;563462080.0000
62.7911;206.2122;0.0000;743.0961;563462080.0000
62.4726;207.2122;0.0000;740.0071;563462080.0000
61.8357;208.2122;0.0000;739.4146;563462080.0000
61.5172;208.8937;0.0000;742.4591;563462080.0000
61.8802;209.8937;0.0000;738.0071;563462080.0000
61.5617;210.8937;0.0000;741.4591;563462144.0000
61.2432;211.8937;0.0000;742.4591;563462144.0000
60.9247;212.5752;0.0000;737.3701;563462144.0000
60.9247;213.5752;0.0000;738.7776;563462144.0000
60.9692;214.5752;0.0000;738.7776;563462144.0000
60.9692;215.2567;0.0000;737.0961;563462144.0000
60.6507;216.2567;0.0000;741.5482;563462144.0000
60.3322;217.2567;0.0000;738.0516;563462208.0000
60.0137;218.2567;0.0000;737.7776;563462208.0000
60.3767;218.9382;0.0000;742.8666;563462208.0000
60.3767;219.9382;0.0000;736.4146;563462208.0000
60.0582;220.6198;0.0000;738.1406;563462208.0000
60.7398;221.6198;0.0000;741.4591;563462208.0000
60.7398;222.3013;0.0000;737.3701;563462272.0000
60.4213;223.3013;0.0000;740.5037;563462272.0000
61.1028;223.9828;0.0000;738.7776;563462272.0000
61.1028;224.6643;0.0000;737.4591;563462272.0000
60.7843;225.6643;0.0000;734.6886;563462272.0000
60.4658;226.3458;0.0000;736.7776;563462272.0000
60.4658;226.6643;0.0000;739.8666;563462272.0000
60.8288;227.6643;0.0000;742.9111;563462272.0000
60.5103;228.6643;0.0000;737.4146;563462272.0000
60.8733;229.6643;0.0000;739.5482;563462272.0000
61.2363;229.9828;0.0000;743.9111;563462272.0000
60.9178;230.6643;0.0000;735.1852;563462272.0000
61.5993;231.6643;0.0000;739.2296;563462272.0000
61.2808;231.6643;0.0000;739.5482;563462272.0000
61.6439;232.6643;0.0000;736.5482;563462336.0000
61.6439;233.3458;0.0000;740.6817;563462336.0000
61.3254;233.6643;0.0000;736.8666;563462336.0000
61.6884;234.3458;0.0000;737.9557;563462336.0000
61.6884;235.3458;0.0000;741.3632;563462336.0000
61.3699;235.6643;0.0000;735.9111;563462336.0000
61.7329;236.6643;0.0000;738.3187;563462336.0000
61.7329;237.3458;0.0000;739.0002;563462336.0000
62.0959;238.3458;0.0000;733.9111;563462336.0000
62.4589;239.3458;3.8219;738.3187;563462336.0000
62.1404;239.6643;0.0000;738.0002;563462336.0000
62.5034;240.6643;0.0000;734.5927;563462336.0000
62.1849;241.3458;3.8219;738.7262;563462336.0000
62.8664;242.3458;0.0000;734.6372;563462400.0000
63.2295;243.3458;0.0000;736.3632;563462400.0000
62.9110;244.0273;0.0000;737.3632;563462400.0000
63.5925;245.0273;0.0000;735.2742;563462464.0000
63.2740;246.0273;0.0000;735.7262;563462464.0000
63.6370;246.3458;3.8219;738.7708;563462464.0000
63.6370;247.0273;0.0000;736.0002;563462464.0000
64.0000;248.0273;0.0000;735.7262;563462464.0000
64.3630;249.0273;0.0000;734.7262;563462464.0000
64.3630;250.0273;0.0000;732.3187;563462464.0000
64.7260;251.0273;3.8219;736.0892;563462464.0000
64.4075;251.7088;0.0000;733.6817;563462464.0000
65.0890;252.7088;0.0000;732.7262;563462464.0000
64.7705;253.7088;0.0000;736.1783;563462464.0000
65.4520;254.7088;0.0000;732.0002;563462528.0000
65.1336;255.0273;0.0000;734.0892;563462528.0000
65.8151;255.7088;0.0000;736.4523;563462528.0000
66.1781;256.7088;0.0000;732.0447;563462528.0000
66.8596;257.7088;0.0000;734.8152;563462528.0000
66.5411;258.7088;0.0000;735.4077;563462528.0000
66.9041;259.3903;0.0000;732.0447;563462528.0000
67.5856;260.0273;0.0000;733.7708;563462592.0000
67.2671;261.0273;0.0000;732.0002;563462592.0000
67.9486;262.0273;0.0000;731.4077;563462592.0000
68.3116;263.0273;0.0000;736.1338;563462592.0000
68.9931;264.0273;0.0000;729.3632;563462592.0000
69.3562;264.3458;0.0000;732.0892;563462592.0000
70.0377;265.3458;0.0000;733.8597;563462656.0000
69.7192;266.3458;0.0000;729.0892;563462656.0000
70.4007;267.6643;0.0000;734.1782;563462656.0000
70.7637;268.6643;0.0000;735.4968;563462656.0000
71.4452;268.9828;0.0000;729.0892;563462656.0000
71.1267;269.9828;0.0000;732.8152;563462656.0000
71.4897;271.3013;0.0000;733.1337;563462656.0000
72.1712;272.3013;0.0000;729.4077;563462656.0000
72.8527;273.3013;0.0000;731.1338;563462656.0000
73.2157;274.3013;0.0000;728.3632;563462656.0000
73.2157;275.6198;0.0000;729.0892;563462656.0000
73.8972;275.9382;0.0000;732.2228;563462656.0000
74.2603;276.9382;0.0000;727.6817;563462656.0000
74.9418;277.9383;0.0000;729.0892;563462656.0000
75.6233;278.9383;0.0000;730.0892;563462720.0000
76.3048;279.9382;3.8219;726.3632;563462720.0000
77.3493;281.2567;0.0000;729.0892;563462720.0000
78.0308;282.2567;0.0000;729.0892;563462720.0000
78.3938;283.2567;0.0000;727.0447;563462720.0000
79.0753;283.5753;0.0000;729.4967;563462720.0000
79.0753;284.5752;0.0000;725.0002;563462720.0000
79.7568;285.5752;0.0000;726.4077;563462720.0000
80.1198;286.5752;0.0000;731.1338;563462720.0000
80.8013;287.5752;0.0000;727.0447;563462720.0000
81.1644;287.8937;3.8219;729.1782;563462720.0000
81.1644;289.2122;0.0000;729.7708;563462720.0000
81.8459;290.2122;0.0000;726.3632;563462720.0000
82.2089;291.2122;3.8219;728.1337;563462784.0000
82.8904;292.2122;0.0000;729.0892;563462784.0000
83.5719;293.2122;3.8219;725.0002;563462784.0000
83.9349;293.5307;0.0000;728.1337;563462784.0000
83.9349;294.5307;0.0000;729.4077;563462848.0000
84.2979;295.5307;0.0000;725.7708;563462848.0000
84.9794;296.1677;0.0000;730.1782;563462848.0000
84.9794;297.1677;0.0000;726.4077;563462848.0000
85.3424;297.8492;0.0000;727.1338;563462848.0000
86.0239;298.1677;0.0000;730.1782;563462848.0000
86.7054;299.1677;0.0000;725.4077;563462848.0000
87.3869;300.1677;0.0000;727.1782;563462848.0000
87.7500;300.4862;0.0000;727.8152;563462848.0000
87.7500;301.4862;0.0000;727.0892;563462912.0000
88.4315;301.8047;0.0000;729.4967;563462912.0000
89.1130;302.8047;0.0000;725.0447;563462912.0000
89.4760;303.1232;0.0000;725.7708;563462912.0000
90.1575;304.1232;0.0000;729.7708;563462912.0000
90.1575;304.4417;0.0000;727.0447;563462912.0000
90.8390;304.7602;0.0000;725.4523;563462912.0000
91.2020;305.7602;0.0000;729.0892;563462912.0000
91.8835;306.0787;3.8219;725.0002;563462912.0000
92.5650;306.7602;0.0000;726.8597;563462976.0000
93.2465;307.0787;0.0000;726.4523;563462976.0000
93.6095;308.0787;0.0000;724.0447;563462976.0000
94.2910;308.3972;0.0000;727.1782;563462976.0000
94.9725;308.7157;0.0000;725.4523;563463040.0000
95.3356;309.7157;0.0000;723.4077;563463040.0000
95.3356;310.0341;0.0000;727.1782;563463040.0000
96.0171;310.6711;0.0000;723.4077;563463040.0000
96.6986;310.9896;0.0000;724.8153;563463040.0000
97.3801;311.9896;0.0000;727.8152;563463040.0000
97.0616;312.3081;3.8219;723.0447;563463040.0000
97.7431;312.9451;0.0000;723.1337;563463040.0000
98.4246;313.9451;3.8219;725.4968;563463040.0000
99.1061;314.2636;0.0000;723.7262;563463040.0000
99.7876;314.9006;0.0000;722.4523;563463040.0000
100.4691;315.9006;0.0000;725.7708;563463040.0000
100.4691;316.2191;0.0000;723.4523;563463040.0000
101.1506;317.5376;3.8219;725.1338;563463040.0000
101.5136;317.8561;0.0000;723.0892;563463104.0000
102.1952;318.8561;3.8219;723.4523;563463104.0000
102.8767;319.4931;0.0000;726.8597;563463104.0000
103.5582;319.8116;0.0000;722.0002;563463104.0000
104.2397;320.1301;0.0000;723.4523;563463104.0000
104.9212;321.4485;0.0000;723.7708;563463104.0000
105.6027;321.7670;3.8219;717.9557;563463104.0000
105.6027;322.0855;0.0000;722.7708;563463104.0000
106.2842;322.4040;3.8219;722.4077;563463104.0000
106.9657;323.4040;0.0000;721.4077;563463104.0000
107.6472;323.7225;0.0000;722.7708;563463104.0000
108.3287;324.0410;3.8219;721.0447;563463104.0000
109.0102;324.3595;0.0000;720.0447;563463104.0000
109.6917;325.3595;0.0000;723.7708;563463168.0000
110.3732;325.6780;0.0000;718.9557;563463168.0000
110.3732;325.9965;0.0000;718.7262;563463168.0000
111.0547;326.3150;0.0000;724.3632;563463168.0000
111.7362;327.3150;0.0000;720.0002;563463168.0000
112.4177;327.6335;0.0000;721.7262;563463232.0000
112.4177;327.9520;0.0000;721.6817;563463232.0000
112.7808;328.2704;8.1781;719.3632;563463232.0000
113.4623;328.5890;0.0000;724.0447;563463232.0000
114.1438;328.9074;0.0000;720.3187;563463232.0000
114.8253;329.9075;0.0000;720.0002;563463232.0000
114.8253;330.2260;0.0000;724.3632;563463232.0000
116.1883;330.5444;0.0000;722.2742;563463232.0000
116.8698;330.5444;0.0000;722.0002;563463232.0000
117.5513;331.5445;0.0000;724.3187;563463296.0000
118.2328;331.8629;0.0000;719.5036;563463296.0000
119.5958;332.1815;0.0000;722.6817;563463296.0000
120.2773;333.1814;0.0000;722.9557;563463296.0000
120.9588;333.4999;0.0000;721.5927;563463296.0000
122.3218;333.8184;0.0000;724.3187;563463296.0000
123.0033;334.8184;0.0000;722.2296;563463296.0000
123.6849;335.1369;0.0000;720.8666;563463296.0000
125.0479;335.1369;0.0000;723.5927;563463296.0000
125.7294;335.4554;0.0000;719.8221;563463296.0000
127.4109;336.4554;0.0000;720.1851;563463296.0000
128.0924;337.0924;0.0000;715.7331;563463296.0000
129.4554;338.0924;0.0000;718.7331;563463296.0000
130.8184;338.4109;0.0000;720.2297;563463360.0000
132.1814;339.4109;0.0000;721.4591;563463360.0000
132.8629;339.7294;0.0000;716.0516;563463360.0000
134.5444;340.0479;0.0000;720.1406;563463360.0000
135.9075;341.0479;0.0000;719.3701;563463360.0000
137.2705;341.3664;0.0000;717.7776;563463360.0000
138.6335;341.6849;8.1781;721.8221;563463360.0000
140.3150;342.0034;0.0000;717.3256;563463360.0000
141.6780;342.3218;0.0000;717.7331;563463360.0000
142.3595;342.6404;0.0000;721.4146;563463360.0000
144.0410;343.2773;0.0000;717.9625;563463360.0000
145.4040;343.5958;0.0000;719.0516;563463360.0000
147.0855;343.9143;0.0000;718.6440;563463360.0000
148.4485;344.2328;0.0000;718.2810;563463424.0000
149.8116;344.5513;0.0000;719.3701;563463424.0000
151.4931;344.8698;0.0000;719.5995;563463488.0000
152.8561;345.1883;8.1781;717.6440;563463488.0000
154.2191;345.5068;3.8219;721.0071;563463488.0000
155.9006;345.8253;0.0000;719.1920;563463488.0000
157.2636;346.1438;0.0000;719.2365;563463488.0000
158.6266;346.4623;0.0000;719.5551;563463488.0000
160.3081;346.0993;0.0000;717.5105;563463488.0000
161.6711;346.4178;0.0000;718.5550;563463488.0000
163.0341;346.0547;8.1781;719.9180;563463488.0000
164.7157;346.3732;0.0000;714.5105;563463488.0000
166.0787;346.3287;0.0000;719.2365;563463488.0000
167.4417;346.6472;8.1781;717.8735;563463552.0000
169.1232;346.9657;0.0000;715.8290;563463552.0000
170.4862;346.6027;0.0000;718.9180;563463552.0000
172.1677;346.9212;0.0000;717.8290;563463552.0000
173.5307;347.2397;0.0000;716.8735;563463552.0000
175.2122;346.8766;0.0000;720.8735;563463552.0000
176.5752;347.1952;0.0000;718.1029;563463552.0000
177.9382;347.5136;0.0000;719.5105;563463616.0000
178.9382;347.1506;0.0000;720.5105;563463616.0000
180.3013;347.7876;0.0000;716.4659;563463616.0000
181.6643;347.4246;0.0000;719.5551;563463616.0000
182.6643;347.7431;8.1781;720.5105;563463616.0000
184.0273;347.3801;0.0000;718.5105;563463616.0000
185.7088;347.6986;0.0000;719.9180;563463616.0000
186.3903;347.3356;0.0000;716.4214;563463680.0000
188.0718;347.6541;0.0000;716.7845;563463680.0000
189.4348;347.6096;0.0000;719.8735;563463680.0000
190.4348;347.9280;0.0000;717.7844;563463680.0000
192.1163;347.5650;0.0000;717.1920;563463680.0000
193.4793;348.2020;0.0000;720.8735;563463680.0000
194.4793;348.5205;0.0000;717.7844;563463680.0000
195.4793;348.1575;0.0000;718.8290;563463680.0000
196.8423;348.7945;0.0000;719.8290;563463680.0000
197.8423;349.1130;0.0000;716.7845;563463680.0000
198.5238;349.0685;0.0000;719.5551;563463680.0000
199.5238;349.3870;0.0000;718.1475;563463680.0000
200.5239;349.7054;0.0000;715.5105;563463680.0000
201.2054;350.3424;0.0000;720.8735;563463744.0000
202.8869;349.9794;0.0000;716.4214;563463744.0000
203.8869;350.2979;0.0000;717.8290;563463744.0000
204.8869;350.9349;0.0000;719.5551;563463744.0000
205.8869;351.2534;0.0000;716.1030;563463744.0000
206.8869;350.8904;0.0000;718.9180;563463744.0000
207.5684;351.5274;8.1781;719.5105;563463744.0000
208.5684;351.8459;3.8219;716.7845;563463744.0000
209.5684;352.1644;0.0000;717.8735;563463744.0000
210.5684;352.1198;0.0000;717.1920;563463744.0000
212.2499;352.4383;0.0000;715.8290;563463744.0000
213.2499;352.7568;0.0000;718.9180;563463744.0000
213.9314;353.0753;0.0000;715.7844;563463744.0000
214.9314;353.7123;0.0000;718.5550;563463808.0000
215.9314;354.0308;0.0000;719.5551;563463808.0000
217.6129;354.3493;0.0000;716.1030;563463808.0000
218.6129;354.9863;0.0000;718.5105;563463872.0000
219.6129;354.6233;0.0000;719.8290;563463872.0000
220.6129;354.9418;0.0000;715.7844;563463872.0000
221.6129;355.2603;0.0000;719.2365;563463872.0000
222.6129;354.8972;0.0000;718.1475;563463872.0000
223.6129;355.5342;0.0000;715.4659;563463872.0000
224.6129;355.8527;8.1781;719.5105;563463872.0000
224.9314;356.1712;0.0000;715.7844;563463872.0000
225.9314;355.8082;0.0000;716.5105;563463872.0000
226.9314;356.1267;0.0000;718.5550;563463872.0000
227.9314;355.7637;0.0000;716.4214;563463872.0000
228.9314;356.0822;0.0000;714.8290;563463936.0000
229.6129;356.4007;0.0000;718.8290;563463936.0000
230.6129;356.0377;0.0000;714.1030;563463936.0000
231.6129;356.3562;0.0000;717.1920;563463936.0000
232.6129;355.9932;0.0000;717.8290;563463936.0000
233.2944;355.9932;0.0000;715.1475;563463936.0000
234.2944;355.6301;0.0000;718.5550;563463936.0000
235.2944;355.9486;0.0000;715.1030;563463936.0000
235.9759;356.2671;0.0000;714.1920;563464000.0000
236.9759;355.5856;0.0000;719.9180;563464000.0000
237.6574;355.9041;0.0000;715.7844;563464000.0000
239.3389;355.5411;0.0000;717.8735;563464000.0000
240.3389;355.8596;0.0000;719.1920;563464000.0000
241.0204;355.4966;0.0000;715.7844;563464064.0000
242.0204;355.8151;0.0000;718.2365;563464064.0000
243.0204;355.4521;0.0000;718.5550;563464064.0000
244.0204;355.7706;0.0000;715.8290;563464064.0000
245.0204;355.0891;0.0000;716.8735;563464064.0000
246.0204;355.7260;0.0000;714.7845;563464064.0000
247.7019;355.0445;0.0000;716.2365;563464064.0000
248.7019;354.6815;0.0000;718.5550;563464064.0000
249.7019;354.6815;0.0000;715.1475;563464064.0000
251.3834;354.3185;0.0000;716.8735;563464064.0000
252.7019;353.9555;0.0000;717.8735;563464064.0000
253.7019;353.5925;0.0000;715.1475;563464064.0000
255.3834;353.2295;0.0000;717.5551;563464064.0000
256.3834;353.2295;0.0000;717.1920;563464064.0000
258.0649;352.8665;0.0000;714.1920;563464128.0000
259.3834;352.5034;0.0000;718.5550;563464128.0000
261.0649;351.8219;0.0000;717.1475;563464128.0000
263.0649;351.4589;0.0000;715.8290;563464128.0000
264.3834;351.0959;0.0000;718.5995;563464128.0000
265.3834;350.4144;0.0000;715.7844;563464128.0000
267.3834;349.3699;0.0000;715.1920;563464128.0000
269.3834;348.6884;0.0000;719.2365;563464128.0000
270.3834;348.3254;0.0000;714.1030;563464128.0000
272.3834;347.9623;0.0000;717.2366;563464128.0000
273.3835;347.5993;0.0000;718.1920;563464128.0000
275.3834;347.2363;0.0000;715.1475;563464128.0000
276.3834;345.8733;0.0000;717.1920;563464128.0000
277.7019;345.5103;0.0000;717.1475;563464192.0000
279.3834;345.1473;0.0000;715.1475;563464192.0000
280.7019;344.1028;0.0000;719.2365;563464192.0000
281.7019;343.7398;0.0000;715.4215;563464192.0000
283.7019;342.3767;0.0000;716.5105;563464256.0000
284.7019;342.0137;0.0000;718.2365;563464256.0000
286.0204;341.6507;0.0000;714.4214;563464256.0000
287.3389;340.2877;0.0000;717.1920;563464256.0000
289.3389;339.9247;0.0000;718.1475;563464256.0000
290.3389;338.5617;0.0000;714.4214;563464256.0000
291.6574;338.1987;0.0000;717.1920;563464256.0000
292.9759;336.8357;0.0000;718.7844;563464256.0000
294.2944;335.7911;8.1781;716.1475;563464256.0000
296.2944;335.4281;0.0000;717.8290;563464320.0000
297.2944;334.0651;0.0000;716.0585;563464320.0000
298.6129;333.7021;0.0000;716.1030;563464320.0000
300.6129;332.3391;0.0000;719.5105;563464320.0000
301.9314;331.2946;0.0000;714.1030;563464320.0000
303.2499;330.6131;0.0000;717.1475;563464320.0000
304.5684;329.5685;0.0000;719.5105;563464320.0000
305.8869;328.2055;0.0000;714.0585;563464320.0000
307.2054;327.1610;0.0000;717.8290;563464320.0000
308.2054;325.7980;0.0000;716.7399;563464384.0000
308.8423;325.1165;0.0000;716.1030;563464384.0000
310.1608;323.7535;0.0000;718.1475;563464384.0000
311.8423;322.7090;0.0000;716.3770;563464384.0000
313.1609;322.0275;0.0000;716.4214;563464448.0000
314.1608;320.9829;0.0000;719.5105;563464448.0000
315.4793;320.3015;0.0000;717.7400;563464448.0000
316.4793;319.2569;0.0000;716.7845;563464448.0000
317.7978;317.8939;0.0000;718.7844;563464448.0000
319.1163;317.2124;0.0000;715.6954;563464448.0000
320.1163;315.8494;0.0000;717.4214;563464448.0000
321.4348;314.4864;0.0000;719.4214;563464448.0000
322.7533;313.4419;0.0000;717.0139;563464448.0000
323.0718;312.7603;0.0000;719.7845;563464448.0000
324.3903;311.3973;0.0000;717.3770;563464448.0000
325.7088;310.3528;0.0000;717.0585;563464448.0000
326.7088;308.9898;0.0000;720.4659;563464448.0000
328.0273;308.3083;0.0000;717.6954;563464448.0000
329.0273;306.9453;0.0000;716.7845;563464512.0000
330.3458;306.5823;8.1781;721.1030;563464512.0000
331.3458;305.2192;0.0000;717.3324;563464512.0000
331.6643;303.8563;0.0000;718.7844;563464512.0000
332.9828;303.1747;0.0000;719.7400;563464512.0000
333.9828;302.1302;0.0000;717.0139;563464512.0000
334.6198;300.7672;0.0000;717.1030;563464512.0000
335.6198;300.0857;0.0000;718.7399;563464512.0000
336.6198;298.7227;0.0000;718.3770;563464512.0000
337.2567;297.3597;0.0000;722.1030;563464512.0000
338.2567;295.9966;0.0000;718.6509;563464512.0000
338.8937;295.3152;0.0000;720.0585;563464512.0000
339.8937;293.9521;0.0000;722.4214;563464512.0000
340.5307;292.5891;0.0000;718.6509;563464576.0000
341.5307;291.9076;0.0000;721.7845;563464576.0000
341.8492;290.5446;0.0000;723.0585;563464576.0000
343.1677;289.1816;0.0000;720.6954;563464576.0000
343.4862;288.5001;0.0000;723.4659;563464576.0000
344.1232;287.1371;0.0000;724.4214;563464640.0000
344.4417;285.7740;0.0000;724.1475;563464640.0000
345.0786;284.4111;0.0000;726.5105;563464640.0000
345.0341;283.0480;0.0000;724.1030;563464640.0000
345.3527;281.6850;8.1781;724.4659;563464640.0000
345.3081;280.3220;0.0000;729.8735;563464640.0000
345.9451;278.9590;8.1781;724.0585;563464640.0000
346.2636;278.2775;0.0000;726.8290;563464640.0000
346.2191;276.9145;8.1781;730.5105;563464640.0000
346.8561;276.2330;8.1781;723.7399;563464704.0000
347.4931;274.5515;8.1781;727.1475;563464704.0000
347.1301;273.8700;0.0000;727.4659;563464704.0000
347.7670;273.1885;8.1781;724.7400;563464704.0000
348.4040;271.8254;0.0000;729.8735;563464704.0000
348.7225;270.8254;0.0000;725.0585;563464704.0000
349.3595;270.1440;0.0000;725.7400;563464704.0000
349.3150;268.4624;0.0000;721.9694;563464704.0000
349.9520;267.7809;0.0000;731.4659;563464704.0000
350.5889;267.0994;0.0000;732.5551;563464704.0000
351.2260;266.0994;0.0000;736.5995;563464704.0000
350.8629;265.4179;0.0000;732.1475;563464704.0000
351.4999;263.7364;0.0000;734.9180;563464704.0000
352.1369;263.7364;0.0000;736.1920;563464768.0000
352.7739;262.7364;0.0000;733.4659;563464768.0000
353.0924;262.0549;0.0000;736.9180;563464768.0000
354.0479;261.0549;0.0000;735.8290;563464768.0000
354.6849;260.7364;0.0000;736.1475;563464768.0000
355.0034;260.0549;0.0000;738.2365;563464768.0000
355.6404;259.0549;0.0000;736.1475;563464768.0000
356.2773;258.7364;0.0000;736.1920;563464768.0000
356.5958;258.0549;0.0000;739.8735;563464768.0000
357.2328;257.7364;0.0000;736.7845;563464768.0000
357.8698;257.4179;0.0000;737.8735;563464768.0000
358.1883;257.0994;0.0000;736.1030;563464768.0000
358.8253;256.7809;0.0000;724.1989;563464768.0000
359.1438;256.4624;3.8219;700.7092;563464832.0000
359.0992;256.1439;0.0000;666.5448;563464832.0000
359.7362;255.8254;3.8219;594.3497;563464896.0000
360.0547;254.8254;0.0000;307.7985;563464896.0000
90.1337;117.5242;0.0000;307.3465;551910592.0000
90.4522;117.2057;0.0000;306.7095;551910592.0000
91.0892;116.8872;0.0000;307.3465;551910592.0000
91.7262;116.2502;0.0000;307.3465;551910592.0000
92.0447;115.9317;0.0000;306.7095;551910592.0000
92.6817;115.6132;0.0000;307.3465;551910592.0000
93.3187;115.2947;0.0000;307.6650;551910592.0000
93.6372;114.9762;0.0000;307.3465;551910592.0000
94.2742;114.6578;0.0000;307.9835;551910592.0000
94.5926;114.3393;0.0000;307.3465;551910592.0000
95.2296;114.0208;0.0000;308.3019;551910592.0000
95.8666;113.7023;0.0000;308.9389;551910592.0000
96.5036;113.0653;0.0000;307.6650;551910592.0000
97.1406;112.7468;0.0000;308.3019;551910592.0000
97.4591;112.4283;0.0000;309.2574;551910592.0000
98.0961;111.7913;0.0000;307.6650;551910592.0000
98.7331;111.4728;0.0000;309.2574;551910656.0000
99.0516;111.1543;0.0000;309.2574;551910656.0000
99.6885;110.8358;0.0000;308.3019;551910656.0000
100.0070;110.1988;0.0000;309.2574;551910656.0000
100.6440;110.1988;0.0000;308.3019;551910656.0000
100.9625;109.5619;0.0000;307.9835;551910656.0000
101.5995;109.5619;0.0000;309.8944;551910656.0000
101.9180;109.2434;0.0000;308.6205;551910656.0000
102.5550;108.9249;0.0000;309.2574;551910656.0000
102.8735;108.6064;0.0000;309.2574;551910656.0000
103.5105;107.9694;0.0000;308.6205;551910656.0000
104.1475;107.6509;0.0000;309.2574;551910656.0000
104.7844;107.3324;0.0000;309.2574;551910656.0000
105.1029;106.6954;0.0000;309.2574;551910656.0000
105.7399;106.0584;0.0000;310.2129;551910656.0000
106.3769;105.7399;0.0000;309.5759;551910656.0000
106.6954;105.1029;0.0000;309.8944;551910656.0000
107.0139;104.7844;0.0000;311.1684;551910656.0000
107.6509;104.4660;0.0000;309.2574;551910656.0000
107.9694;104.1475;0.0000;310.2129;551910656.0000
108.2879;103.5105;0.0000;309.8944;551910656.0000
108.9249;103.1920;3.8219;309.8944;551910656.0000
109.2434;102.8735;0.0000;310.5314;551910656.0000
109.5619;102.5550;3.8219;310.5314;551910656.0000
109.8803;101.9180;0.0000;309.8944;551910656.0000
110.5173;101.5995;0.0000;310.5314;551910656.0000
110.8358;100.9625;0.0000;310.2129;551910656.0000
111.1543;100.6440;0.0000;310.2129;551910656.0000
111.4728;100.3255;0.0000;311.1684;551910656.0000
112.1098;99.6885;0.0000;309.5759;551910656.0000
112.4283;99.3700;0.0000;310.5314;551910656.0000
112.7468;98.7331;0.0000;311.1684;551910656.0000
113.0653;98.0961;0.0000;309.8944;551910656.0000
113.3838;97.4591;0.0000;311.1684;551910656.0000
114.0208;96.8221;0.0000;310.8499;551910656.0000
114.3393;96.1851;0.0000;309.8944;551910656.0000
114.9762;95.5481;0.0000;311.1684;551910720.0000
115.2947;94.9111;0.0000;310.8499;551910720.0000
115.9317;94.2742;0.0000;310.5314;551910720.0000
116.2502;93.9557;0.0000;311.4869;551910720.0000
116.5687;93.3187;0.0000;310.8499;551910720.0000
116.8872;93.0002;0.0000;311.1684;551910720.0000
117.2057;92.6817;0.0000;311.4869;551910720.0000
117.8427;92.0447;0.0000;310.5314;551910720.0000
117.8427;91.7262;0.0000;311.1684;551910720.0000
118.1612;91.4077;0.0000;311.4869;551910720.0000
118.4797;90.7707;0.0000;311.1684;551910720.0000
118.7982;90.4522;0.0000;312.1239;551910720.0000
119.1167;89.8152;0.0000;311.8054;551910720.0000
119.4352;89.1783;0.0000;311.4869;551910720.0000
119.7537;88.8598;3.8219;312.1239;551910720.0000
119.7537;88.2228;0.0000;312.1239;551910720.0000
120.0721;87.5858;3.8219;312.1239;551910720.0000
120.3906;87.2673;0.0000;312.7609;551910720.0000
120.7091;86.6303;0.0000;312.1239;551910784.0000
120.7091;85.9933;0.0000;312.7609;551910784.0000
121.3461;85.6748;0.0000;312.7609;551910784.0000
121.3461;85.0378;0.0000;309.8944;551910784.0000
121.6646;84.4008;0.0000;313.0793;551910784.0000
121.9831;83.7639;0.0000;313.3979;551910784.0000
122.3016;83.4454;0.0000;313.0793;551910784.0000
122.3016;82.8084;0.0000;313.7163;551910784.0000
122.6201;82.1714;0.0000;313.0793;551910784.0000
122.9386;81.5344;0.0000;313.3979;551910784.0000
123.2571;81.2159;0.0000;314.0349;551910784.0000
123.2571;80.5789;0.0000;313.0793;551910784.0000
123.5756;80.2604;0.0000;312.7609;551910784.0000
123.8941;79.9419;0.0000;313.7163;551910784.0000
124.2126;79.3049;0.0000;313.0793;551910784.0000
124.2126;78.9865;0.0000;312.7609;551910784.0000
124.5311;78.6680;0.0000;313.3979;551910784.0000
124.8495;78.0310;0.0000;313.0793;551910784.0000
124.8495;77.7125;0.0000;313.3979;551910784.0000
125.1680;77.0755;0.0000;313.0793;551910784.0000
125.4865;76.7570;0.0000;314.0349;551910784.0000
125.4865;76.1200;0.0000;314.6718;551910784.0000
125.4865;75.4830;0.0000;313.0793;551910784.0000
125.4865;75.1645;0.0000;313.3979;551910784.0000
125.8050;74.5275;0.0000;314.0349;551910784.0000
125.8050;74.2090;0.0000;313.0793;551910784.0000
125.8050;73.5721;0.0000;313.0793;551910784.0000
126.1235;72.9351;3.8219;313.7163;551910784.0000
126.1235;72.6166;0.0000;313.3979;551910784.0000
126.4420;71.9796;3.8219;313.0793;551910784.0000
126.4420;71.6611;0.0000;312.4424;551910784.0000
126.4420;71.3426;0.0000;312.4424;551910784.0000
126.7605;71.0241;0.0000;312.1239;551910784.0000
126.7605;71.0241;3.8219;312.4424;551910784.0000
126.7605;70.7056;0.0000;313.0793;551910784.0000
126.7605;70.3871;3.8219;313.0793;551910784.0000
126.7605;70.3871;0.0000;312.1239;551910784.0000
126.7605;70.0686;0.0000;312.4424;551910848.0000
126.7605;69.7501;0.0000;311.1684;551910848.0000
126.7605;69.1131;0.0000;308.9389;551910848.0000
126.7605;68.7946;0.0000;312.7609;551910848.0000
127.0790;68.4762;0.0000;307.9835;551910848.0000
127.0790;67.8392;0.0000;310.2129;551910848.0000
127.0790;67.5207;0.0000;310.2129;551910848.0000
127.0790;67.2022;0.0000;308.9389;551910848.0000
127.3975;66.8837;0.0000;309.2574;551910848.0000
127.3975;66.5652;0.0000;309.8944;551910848.0000
127.3975;66.2467;0.0000;308.6205;551910848.0000
127.3975;65.9282;0.0000;309.2574;551910848.0000
127.3975;65.6097;0.0000;309.2574;551910848.0000
127.3975;65.2912;0.0000;307.6650;551910848.0000
127.3975;64.9727;0.0000;308.3019;551910848.0000
127.7160;64.6542;0.0000;307.6650;551910848.0000
127.7160;64.3357;0.0000;307.0280;551910848.0000
127.7160;64.0172;0.0000;306.7095;551910848.0000
127.7160;64.0172;0.0000;306.7095;551910912.0000
127.7160;64.0172;0.0000;307.3465;551910912.0000
127.7160;64.0172;0.0000;307.9835;551910912.0000
127.7160;64.0172;0.0000;306.7095;551910912.0000
127.7160;63.6987;0.0000;307.0280;551910912.0000
127.7160;63.6987;0.0000;306.3910;551910912.0000
127.7160;63.6987;0.0000;304.7985;551910912.0000
127.7160;63.6987;0.0000;302.5691;551910912.0000
127.3975;63.6987;0.0000;298.7471;551910912.0000
127.3975;63.6987;0.0000;293.6512;551910912.0000
127.3975;63.6987;0.0000;289.8293;551910912.0000
127.3975;63.6987;0.0000;280.9115;551910912.0000
127.3975;63.6987;0.0000;267.2162;551910912.0000
127.3975;63.6987;0.0000;247.1512;551910912.0000
127.3975;63.6987;3.8219;205.4285;551910912.0000
127.0790;63.6987;7.6439;126.1235;551910912.0000
127.0790;63.6987;11.4658;60.1953;551910912.0000
195.5552;-5.0959;0.0000;126.7605;551911232.0000
195.5552;-5.4144;0.0000;127.7160;551911232.0000
195.5552;-5.4144;0.0000;128.0345;551911232.0000
195.5552;-5.4144;0.0000;135.0414;551911232.0000
195.5552;-5.4144;0.0000;144.2777;551911232.0000
195.5552;-5.4144;0.0000;148.0996;551911232.0000
195.5552;-5.4144;0.0000;147.1441;551911232.0000
195.5552;-5.4144;0.0000;141.7297;551911232.0000
195.5552;-5.0959;0.0000;126.1235;551911232.0000
195.5552;-5.0959;0.0000;47.7741;551911232.0000
