200.7254;202.2746;0.0000;80.0641;1261601664.0000
200.7254;202.2746;0.0000;197.5159;1261601664.0000
200.7254;202.2746;0.0000;205.1637;1261601664.0000
200.7254;202.2746;0.0000;225.8680;1261601664.0000
200.7254;202.2746;0.0000;272.9809;1261601664.0000
200.7254;202.2746;0.0000;313.3685;1261601664.0000
200.7254;202.2746;0.0000;337.1503;1261601664.0000
200.7254;202.2746;0.0000;357.1293;1261601664.0000
200.7254;202.2746;0.0000;376.0872;1261601664.0000
201.4507;202.2746;0.0000;394.8690;1261601664.0000
201.4507;202.2746;0.0000;412.1226;1261601664.0000
201.4507;202.2746;0.0000;426.4537;1261601792.0000
202.1761;202.2746;0.0000;441.9819;1261601792.0000
202.1761;202.2746;0.0000;451.7848;1261601792.0000
202.9014;201.5493;0.0000;462.3906;1261601792.0000
202.9014;201.5493;0.0000;472.4681;1261601792.0000
203.6268;201.5493;0.0000;479.8203;1261601792.0000
203.6268;200.8239;0.0000;489.2499;1261601792.0000
203.6268;200.8239;0.0000;495.2499;1261601792.0000
204.3522;200.8239;0.0000;500.9542;1261601792.0000
204.3522;200.8239;0.0000;508.7571;1261601792.0000
205.0775;200.0986;0.0000;512.2078;1261601792.0000
205.0775;200.0986;0.0000;517.6375;1261601792.0000
205.8029;199.3732;0.0000;522.0882;1261601792.0000
205.8029;199.3732;0.0000;524.0882;1261601792.0000
205.8029;199.3732;0.0000;526.6165;1261601792.0000
206.5282;198.6478;0.0000;529.4404;1261601792.0000
206.5282;197.9225;0.0000;530.1657;1261601792.0000
206.5282;197.9225;0.0000;533.2432;1261601792.0000
206.5282;197.1971;0.0000;533.7925;1261601920.0000
206.5282;197.1971;0.0000;535.4193;1261601920.0000
206.5282;196.4718;0.0000;539.4968;1261601920.0000
206.5282;196.4718;0.0000;541.1447;1261601920.0000
206.5282;196.4718;0.0000;543.1236;1261601920.0000
206.5282;195.7464;0.0000;546.8489;1261601920.0000
206.5282;195.7464;0.0000;545.3983;1261601920.0000
206.5282;195.7464;0.0000;548.2011;1261601920.0000
206.5282;195.0210;0.0000;550.4758;1261601920.0000
206.5282;195.0210;0.0000;548.7504;1261601920.0000
206.5282;194.2957;0.0000;549.6519;1261601920.0000
206.5282;194.2957;0.0000;551.2011;1261601920.0000
206.5282;194.2957;0.0000;552.5533;1261601920.0000
206.5282;193.5703;0.0000;556.4547;1261601920.0000
206.5282;193.5703;0.0000;557.1025;1261601920.0000
205.8029;193.5703;0.0000;558.6307;1261601920.0000
205.8029;192.8450;0.0000;561.0815;1261601920.0000
205.8029;192.8450;0.0000;560.9054;1261601920.0000
205.8029;192.8450;0.0000;563.7083;1261601920.0000
205.8029;192.8450;0.0000;564.2576;1261601920.0000
205.8029;192.1196;0.0000;564.3561;1261602048.0000
205.8029;192.1196;0.0000;566.4337;1261602048.0000
205.0775;192.1196;0.0000;567.5322;1261602048.0000
205.0775;191.3943;0.0000;567.4337;1261602048.0000
205.0775;191.3943;0.0000;568.6097;1261602048.0000
205.0775;191.3943;0.0000;569.7083;1261602048.0000
204.3522;191.3943;0.0000;570.7858;1261602048.0000
204.3522;190.6689;0.0000;572.9619;1261602048.0000
204.3522;190.6689;0.0000;571.8844;1261602048.0000
203.6268;190.6689;0.0000;575.3140;1261602048.0000
203.6268;190.6689;0.0000;574.0605;1261602048.0000
203.6268;190.6689;0.0000;576.2366;1261602048.0000
203.6268;189.9435;0.0000;575.8633;1261602048.0000
202.9014;189.9435;0.0000;576.9619;1261602048.0000
202.9014;189.9435;0.0000;576.1379;1261602048.0000
202.9014;189.9435;0.0000;577.0394;1261602048.0000
202.9014;189.9435;0.0000;577.5887;1261602048.0000
202.9014;189.9435;0.0000;577.9409;1261602176.0000
202.1761;189.2182;0.0000;579.6662;1261602176.0000
202.1761;189.2182;0.0000;578.0394;1261602176.0000
201.4507;189.2182;0.0000;580.5676;1261602176.0000
201.4507;189.2182;0.0000;580.9409;1261602176.0000
200.7254;189.2182;0.0000;580.4901;1261602176.0000
200.7254;189.2182;0.0000;581.5677;1261602176.0000
200.7254;189.2182;0.0000;583.8423;1261602176.0000
200.0000;189.2182;0.0000;583.8423;1261602176.0000
200.0000;188.4928;0.0000;585.9198;1261602176.0000
199.2746;188.4928;0.0000;586.2930;1261602176.0000
199.2746;188.2182;0.0000;587.6451;1261602176.0000
199.2746;188.2182;0.0000;590.0959;1261602176.0000
198.5493;188.2182;0.0000;589.7437;1261602176.0000
198.5493;188.2182;0.0000;590.2720;1261602176.0000
198.5493;187.4928;0.0000;591.8212;1261602176.0000
197.8239;187.4928;0.0000;591.1945;1261602176.0000
197.8239;187.4928;0.0000;591.7227;1261602176.0000
197.0986;187.4928;0.0000;592.9973;1261602304.0000
197.0986;187.4928;0.0000;592.5466;1261602304.0000
196.3732;187.4928;0.0000;594.1733;1261602304.0000
196.3732;187.4928;0.0000;593.5466;1261602304.0000
195.6479;187.4928;0.0000;594.1733;1261602304.0000
195.6479;187.4928;0.0000;598.3495;1261602304.0000
195.6479;187.7675;0.0000;597.8212;1261602304.0000
194.9225;187.7675;0.0000;597.8212;1261602304.0000
194.9225;187.7675;0.0000;602.3705;1261602304.0000
194.9225;187.7675;0.0000;601.2930;1261602304.0000
194.1971;187.7675;0.0000;602.3705;1261602304.0000
194.1971;187.7675;0.0000;601.2930;1261602304.0000
194.1971;187.7675;0.0000;603.0184;1261602304.0000
193.4718;187.7675;0.0000;605.1945;1261602304.0000
193.4718;187.7675;0.0000;603.2155;1261602304.0000
192.7464;187.7675;0.0000;604.1169;1261602304.0000
192.7464;187.7675;0.0000;607.2930;1261602304.0000
192.7464;187.7675;0.0000;606.4901;1261602304.0000
192.0211;187.7675;0.0000;607.1169;1261602432.0000
192.0211;187.7675;0.0000;607.3916;1261602432.0000
191.2957;188.4928;0.0000;607.0394;1261602432.0000
191.2957;188.4928;0.0000;608.3915;1261602432.0000
191.2957;188.4928;0.0000;610.2155;1261602432.0000
190.5703;188.4928;0.0000;608.7648;1261602432.0000
190.5703;188.4928;0.0000;608.3915;1261602432.0000
189.8450;188.2182;0.0000;610.7648;1261602432.0000
190.1196;188.2182;0.0000;611.2155;1261602432.0000
190.1196;188.2182;0.0000;612.8423;1261602432.0000
189.3943;188.2182;0.0000;611.4902;1261602432.0000
189.3943;188.2182;0.0000;611.3916;1261602432.0000
189.3943;188.2182;0.0000;615.2930;1261602432.0000
189.1196;188.2182;0.0000;611.2930;1261602560.0000
189.1196;188.2182;0.0000;610.5256;1261602560.0000
188.3943;188.2182;0.0000;608.7792;1261602560.0000
188.3943;188.2182;0.0000;602.1102;1261602560.0000
187.6689;188.2182;0.0000;595.8710;1261602560.0000
187.6689;188.9435;0.0000;582.6882;1261602560.0000
187.3943;188.6689;0.0000;569.7026;1261602560.0000
187.3943;188.6689;0.0000;576.0548;1261602560.0000
187.3943;188.6689;0.0000;572.9983;1261602560.0000
186.6689;188.6689;0.0000;575.6462;1261602560.0000
186.6689;189.3943;0.0000;578.5476;1261602560.0000
185.9435;189.3943;0.0000;576.3715;1261602560.0000
185.9435;190.1196;0.0000;583.4911;1261602560.0000
185.9435;190.1196;0.0000;588.9839;1261602560.0000
185.2182;190.1196;0.0000;591.3007;1261602560.0000
185.2182;190.8450;0.0000;600.4203;1261602560.0000
184.7675;190.8450;0.0000;601.3428;1261602560.0000
184.7675;190.8450;0.0000;602.9907;1261602560.0000
184.7675;190.8450;0.0000;605.7160;1261602560.0000
184.7675;191.5703;0.0000;603.5399;1261602688.0000
184.0421;191.5703;0.0000;605.9131;1261602688.0000
184.0421;191.5703;0.0000;607.6385;1261602688.0000
183.3167;191.5703;0.0000;606.0117;1261602688.0000
183.3167;192.2957;0.0000;610.3849;1261602816.0000
183.3167;192.2957;0.0000;610.1103;1261602816.0000
183.3167;192.2957;0.0000;610.3074;1261602816.0000
182.5914;192.2957;0.0000;613.1313;1261602816.0000
182.5914;193.0211;0.0000;612.5820;1261602816.0000
181.8660;193.0211;0.0000;613.3284;1261602816.0000
181.8660;193.0211;0.0000;615.6031;1261602816.0000
181.8660;193.7464;0.0000;613.1523;1261602816.0000
181.8660;193.7464;0.0000;615.7016;1261602816.0000
181.1407;193.7464;0.0000;615.9763;1261602816.0000
181.1407;194.4718;0.0000;614.7016;1261602816.0000
181.1407;194.7464;0.0000;616.8002;1261602816.0000
180.4153;194.7464;0.0000;617.8777;1261602816.0000
180.4153;195.4718;0.0000;615.2509;1261602816.0000
180.4153;195.4718;0.0000;618.9763;1261602816.0000
180.4153;195.4718;0.0000;617.8777;1261602816.0000
179.9646;196.1971;0.0000;617.5256;1261602816.0000
179.9646;196.1971;0.0000;619.8002;1261602816.0000
179.9646;196.1971;0.0000;618.1523;1261602944.0000
179.2392;196.9225;0.0000;619.8002;1261602944.0000
179.2392;196.9225;0.0000;621.2509;1261602944.0000
179.2392;196.9225;0.0000;619.8002;1261602944.0000
178.5139;197.6479;0.0000;622.8987;1261602944.0000
178.5139;197.6479;0.0000;622.0748;1261602944.0000
178.5139;198.3732;0.0000;619.9973;1261602944.0000
177.7885;198.3732;0.0000;624.8212;1261602944.0000
177.7885;198.3732;0.0000;622.9973;1261602944.0000
177.7885;199.0986;0.0000;622.8212;1261602944.0000
178.0631;199.0986;0.0000;624.0958;1261602944.0000
177.3378;199.8239;0.0000;621.7227;1261602944.0000
177.3378;200.5493;0.0000;623.0959;1261602944.0000
177.3378;200.5493;0.0000;625.5466;1261602944.0000
176.8871;201.2746;0.0000;623.3705;1261602944.0000
176.8871;202.0000;0.0000;625.4691;1261602944.0000
176.8871;201.7254;0.0000;627.2930;1261602944.0000
176.8871;202.4507;0.0000;626.9409;1261602944.0000
176.1617;202.1761;0.0000;629.4902;1261602944.0000
176.1617;202.9014;0.0000;628.4901;1261602944.0000
176.4363;203.3522;0.0000;627.4127;1261602944.0000
176.4363;203.3522;0.0000;630.4126;1261602944.0000
176.4363;203.8029;0.0000;628.8633;1261602944.0000
176.4363;203.8029;0.0000;631.2365;1261602944.0000
175.7110;204.5282;8.7043;632.2366;1261602944.0000
175.7110;204.2536;0.0000;629.9619;1261602944.0000
175.7110;204.9789;0.0000;632.0604;1261602944.0000
175.9856;204.9789;0.0000;634.1379;1261602944.0000
175.9856;204.7043;0.0000;630.5112;1261602944.0000
175.9856;205.4297;0.0000;632.7858;1261602944.0000
175.9856;205.8804;8.7043;631.5112;1261602944.0000
175.9856;205.6057;0.0000;629.3351;1261602944.0000
175.5349;206.3311;0.0000;634.2365;1261602944.0000
175.5349;206.7818;0.0000;631.9619;1261602944.0000
175.5349;207.5072;8.7043;632.0604;1261602944.0000
175.5349;207.2325;0.0000;633.5112;1261602944.0000
175.5349;207.9579;0.0000;632.2366;1261602944.0000
175.5349;207.9579;0.0000;632.3351;1261603072.0000
175.5349;208.4086;0.0000;634.2365;1261603072.0000
175.5349;208.4086;0.0000;631.7858;1261603072.0000
175.5349;209.1340;8.7043;634.3351;1261603072.0000
175.5349;209.1340;0.0000;634.9619;1261603072.0000
175.2603;209.5847;0.0000;633.0605;1261603072.0000
175.2603;209.5847;0.0000;635.8844;1261603072.0000
175.7110;210.0354;0.0000;634.9619;1261603200.0000
175.4364;210.0354;8.7043;636.6097;1261603200.0000
175.1617;210.4861;0.0000;639.3351;1261603200.0000
174.8871;211.2115;8.7043;641.5112;1261603200.0000
174.6124;210.9369;0.0000;637.1801;1261603200.0000
174.3378;211.3876;0.0000;647.0040;1261603200.0000
174.0631;211.8383;0.0000;647.2222;1261603200.0000
173.7885;211.8383;0.0000;653.0671;1261603200.0000
173.7885;212.2890;0.0000;655.8911;1261603200.0000
173.5139;212.2890;0.0000;655.3629;1261603200.0000
173.5139;213.0144;0.0000;659.6375;1261603200.0000
173.2392;213.0144;0.0000;657.9896;1261603328.0000
173.9646;213.7397;0.0000;659.0882;1261603328.0000
173.9646;213.7397;0.0000;661.8135;1261603328.0000
173.9646;214.4651;0.0000;658.9896;1261603328.0000
173.9646;215.1904;0.0000;661.8135;1261603328.0000
173.9646;215.1904;0.0000;663.4404;1261603328.0000
174.4153;215.1904;0.0000;660.5389;1261603328.0000
174.4153;215.9158;0.0000;663.8136;1261603328.0000
174.4153;215.9158;0.0000;663.4404;1261603328.0000
174.1407;215.9158;0.0000;662.8135;1261603328.0000
174.5914;216.6412;0.0000;666.8135;1261603328.0000
174.5914;216.6412;0.0000;664.5389;1261603328.0000
174.3167;217.3665;0.0000;666.0882;1261603328.0000
174.0421;217.3665;8.7043;669.3629;1261603328.0000
173.7675;218.0919;0.0000;665.9121;1261603328.0000
173.7675;218.8172;0.0000;669.4614;1261603328.0000
174.2182;218.8172;0.0000;672.0107;1261603328.0000
173.9435;218.8172;0.0000;670.5600;1261603328.0000
173.6689;219.2680;0.0000;674.1093;1261603456.0000
174.1196;219.2680;8.7043;675.5599;1261603456.0000
173.5703;219.2680;0.0000;675.2078;1261603456.0000
173.2957;219.9933;0.0000;679.5810;1261603456.0000
173.0210;219.9933;0.0000;680.3064;1261603456.0000
172.7464;220.7187;0.0000;681.3274;1261603456.0000
173.4718;220.7187;0.0000;686.4260;1261603456.0000
173.1971;221.4440;0.0000;684.2499;1261603456.0000
172.9225;221.4440;0.0000;685.6230;1261603456.0000
173.6478;222.4440;0.0000;689.0739;1261603456.0000
173.3732;222.4440;0.0000;686.7992;1261603456.0000
173.8239;222.7187;0.0000;689.1724;1261603456.0000
173.8239;223.4440;0.0000;691.2499;1261603456.0000
174.2746;223.7187;0.0000;691.2499;1261603456.0000
174.0000;224.4440;0.0000;694.0739;1261603456.0000
173.7254;224.7187;0.0000;694.7006;1261603456.0000
174.1761;225.4440;0.0000;693.5245;1261603456.0000
173.9014;225.7187;0.0000;697.2499;1261603456.0000
173.9014;226.4440;0.0000;696.4260;1261603456.0000
174.3522;226.7187;0.0000;697.2499;1261603456.0000
174.0775;226.7187;0.0000;699.1514;1261603456.0000
174.8029;227.7187;0.0000;695.7006;1261603456.0000
174.8029;227.7187;0.0000;698.7006;1261603456.0000
174.5282;228.7187;0.0000;699.6021;1261603456.0000
175.2536;228.7187;0.0000;697.8767;1261603456.0000
175.2536;229.7187;0.0000;701.7006;1261603456.0000
174.9789;229.9933;0.0000;700.0528;1261603456.0000
175.7043;230.7187;0.0000;699.8767;1261603456.0000
176.4297;230.9933;0.0000;702.8767;1261603456.0000
176.4297;231.9933;0.0000;700.7781;1261603456.0000
176.8804;231.9933;0.0000;701.1514;1261603456.0000
176.8804;232.2680;0.0000;703.3274;1261603456.0000
177.6057;232.2680;0.0000;701.0528;1261603456.0000
177.6057;233.2680;0.0000;704.0528;1261603456.0000
177.6057;233.5426;0.0000;705.2288;1261603456.0000
177.6057;233.5426;0.0000;702.7781;1261603456.0000
178.3311;234.5426;0.0000;706.0527;1261603456.0000
178.3311;234.8172;0.0000;706.1303;1261603712.0000
179.0565;235.8172;0.0000;704.2289;1261603712.0000
178.7818;236.0919;0.0000;701.7006;1261603712.0000
179.5072;236.0919;0.0000;706.5810;1261603712.0000
179.5072;236.3665;0.0000;707.2289;1261603712.0000
180.2325;236.6412;0.0000;710.1303;1261603712.0000
180.2325;237.3665;0.0000;706.8557;1261603712.0000
180.9579;237.6412;0.0000;707.9542;1261603712.0000
180.9579;237.9158;0.0000;711.0317;1261603712.0000
181.6833;237.9158;0.0000;709.3064;1261603712.0000
181.4086;238.1904;0.0000;711.8557;1261603712.0000
182.1340;238.4651;0.0000;712.9331;1261603712.0000
182.1340;238.7397;0.0000;710.5810;1261603712.0000
182.5847;239.7397;0.0000;713.5810;1261603712.0000
182.5847;240.0144;0.0000;712.4824;1261603712.0000
183.3101;240.2890;0.0000;712.5810;1261603712.0000
183.3101;240.5636;0.0000;715.3064;1261603712.0000
184.0354;240.8383;0.0000;713.2078;1261603712.0000
184.0354;240.8383;0.0000;714.0317;1261603840.0000
184.7608;241.1129;0.0000;716.2078;1261603840.0000
184.7608;241.3876;0.0000;714.2078;1261603840.0000
185.4861;241.6622;0.0000;715.5811;1261603840.0000
186.2115;241.6622;0.0000;717.6585;1261603840.0000
186.2115;241.9368;3.2957;717.6585;1261603840.0000
186.9369;242.2115;0.0000;719.5810;1261603840.0000
187.6622;242.2115;0.0000;716.8346;1261603840.0000
188.3876;242.4861;0.0000;717.6585;1261603840.0000
188.6622;242.7608;0.0000;719.9331;1261603840.0000
189.3876;242.7608;0.0000;718.8346;1261603840.0000
189.3876;243.7608;0.0000;718.7571;1261603840.0000
190.3876;244.0354;0.0000;721.6585;1261603840.0000
190.3876;244.3101;0.0000;719.3839;1261603840.0000
191.3876;244.5847;0.0000;721.7571;1261603840.0000
192.3876;244.8593;0.0000;722.1093;1261603840.0000
192.3876;245.1340;0.0000;720.6586;1261603840.0000
193.3876;245.4086;0.0000;724.0317;1261603840.0000
194.3876;245.4086;0.0000;722.9332;1261603968.0000
195.1129;245.6833;0.0000;723.2078;1261603968.0000
195.3876;245.9579;0.0000;725.7571;1261603968.0000
196.1129;246.2325;0.0000;724.2078;1261603968.0000
197.1129;246.5072;0.0000;725.1302;1261603968.0000
198.1129;246.7818;0.0000;728.5810;1261603968.0000
198.1129;247.0565;0.0000;726.3064;1261603968.0000
199.1129;247.3311;0.0000;727.9542;1261603968.0000
199.3876;247.6057;0.0000;729.8557;1261603968.0000
200.1129;247.6057;0.0000;726.9542;1261603968.0000
200.3876;247.8804;0.0000;731.5035;1261603968.0000
201.3876;248.1550;0.0000;730.1303;1261603968.0000
202.1129;248.1550;0.0000;729.2288;1261603968.0000
203.1129;248.4297;0.0000;732.5035;1261603968.0000
203.8383;247.7043;0.0000;730.8557;1261603968.0000
204.1129;247.9789;0.0000;732.2289;1261603968.0000
204.8383;248.2536;0.0000;732.2289;1261603968.0000
205.1129;248.2536;0.0000;731.4049;1261603968.0000
205.8383;248.5282;0.0000;733.2288;1261603968.0000
206.8383;248.5282;0.0000;734.8557;1261603968.0000
207.5637;248.0775;0.0000;732.4049;1261603968.0000
207.8383;248.3521;0.0000;735.6796;1261603968.0000
208.8383;248.3521;0.0000;734.3063;1261603968.0000
208.8383;248.6268;0.0000;731.9542;1261603968.0000
209.8383;248.6268;0.0000;737.4050;1261603968.0000
209.8383;248.9014;0.0000;733.5810;1261603968.0000
210.8383;248.1761;0.0000;735.6796;1261603968.0000
211.5636;248.4507;0.0000;737.1303;1261603968.0000
212.5636;248.4507;0.0000;734.1303;1261603968.0000
212.5636;248.7254;0.0000;734.9542;1261603968.0000
213.5637;248.0000;0.0000;738.0317;1261603968.0000
213.8383;248.0000;0.0000;735.5810;1261604096.0000
214.5637;248.2746;0.0000;738.8557;1261604096.0000
215.5636;248.2746;0.0000;732.6796;1261604096.0000
216.2890;247.8239;0.0000;739.0317;1261604096.0000
216.5636;247.8239;0.0000;741.5810;1261604096.0000
217.2890;247.8239;0.0000;738.4825;1261604224.0000
217.5636;247.3732;0.0000;737.1303;1261604224.0000
218.2890;247.3732;0.0000;742.0317;1261604224.0000
219.2890;247.6479;0.0000;739.6585;1261604224.0000
219.5636;246.9225;0.0000;741.4824;1261604224.0000
220.2890;247.1971;0.0000;742.2078;1261604224.0000
220.5637;247.1971;0.0000;740.9332;1261604224.0000
221.5637;246.7464;0.0000;744.2078;1261604224.0000
222.5636;246.0211;0.0000;742.3839;1261604224.0000
223.2890;246.0211;0.0000;741.4824;1261604224.0000
223.5636;246.2957;0.0000;744.4824;1261604224.0000
224.5636;245.5703;0.0000;742.3839;1261604224.0000
224.5636;245.5703;0.0000;741.4824;1261604224.0000
225.5636;244.8450;0.0000;744.4824;1261604224.0000
226.5636;245.1196;0.0000;742.3839;1261604224.0000
226.5636;244.3943;0.0000;744.4824;1261604224.0000
226.8383;244.3943;0.0000;745.9332;1261604224.0000
227.8383;244.3943;0.0000;743.6585;1261604224.0000
228.5637;243.6689;0.0000;744.7571;1261604224.0000
228.8383;243.9435;0.0000;745.8346;1261604352.0000
229.8383;243.9435;0.0000;745.3839;1261604352.0000
230.1129;243.2182;0.0000;748.6586;1261604352.0000
231.1129;242.4928;0.0000;748.7360;1261604352.0000
231.3876;242.4928;0.0000;748.1093;1261604352.0000
232.3876;242.4928;0.0000;749.8346;1261604352.0000
232.6622;241.7675;0.0000;748.7360;1261604352.0000
233.6622;241.7675;0.0000;750.2853;1261604352.0000
233.9368;241.0421;0.0000;752.0107;1261604352.0000
234.9368;241.0421;0.0000;750.4614;1261604352.0000
234.9368;240.3167;0.0000;754.0107;1261604352.0000
235.9368;240.0421;0.0000;754.6375;1261604352.0000
236.9369;239.3167;0.0000;752.6375;1261604352.0000
237.2115;239.3167;0.0000;756.4614;1261604352.0000
237.4861;238.5914;0.0000;756.0882;1261604352.0000
238.4861;238.5914;0.0000;755.9121;1261604352.0000
238.7608;237.8660;0.0000;759.9121;1261604352.0000
239.7608;237.8660;0.0000;758.5389;1261604352.0000
240.0354;237.1407;0.0000;761.3628;1261604352.0000
241.3101;237.1407;8.7043;762.0881;1261604352.0000
241.5847;236.4153;0.0000;760.0882;1261604352.0000
242.5847;236.4153;8.7043;764.3629;1261604352.0000
242.8593;236.4153;0.0000;764.9896;1261604352.0000
243.8593;235.6899;0.0000;760.3629;1261604352.0000
243.8593;234.6899;0.0000;765.3628;1261604352.0000
244.8593;234.6899;0.0000;766.1657;1261604352.0000
245.8593;233.9646;0.0000;762.0881;1261604352.0000
246.1340;233.9646;0.0000;767.8135;1261604352.0000
246.8593;233.2392;0.0000;766.1657;1261604352.0000
247.1340;232.2392;8.7043;767.0882;1261604352.0000
248.1340;231.5139;0.0000;769.9896;1261604352.0000
248.8593;231.5139;8.7043;767.7150;1261604352.0000
249.1340;230.5139;0.0000;771.4404;1261604352.0000
249.4086;229.7885;0.0000;772.6164;1261604352.0000
250.4086;229.7885;0.0000;768.7150;1261604352.0000
251.1340;228.7885;0.0000;770.5389;1261604352.0000
251.4086;228.0631;8.7043;770.6165;1261604480.0000
252.4086;227.0631;0.0000;765.3628;1261604480.0000
252.4086;227.0631;0.0000;777.8911;1261604480.0000
252.6833;226.0632;0.0000;767.5389;1261604480.0000
252.9579;226.0632;0.0000;772.5389;1261604480.0000
253.9579;225.0632;0.0000;775.5389;1261604480.0000
254.6833;224.3378;0.0000;772.7150;1261604608.0000
254.9579;223.3378;0.0000;775.2642;1261604608.0000
255.9579;222.6124;0.0000;778.4404;1261604608.0000
256.2325;221.6124;0.0000;774.7150;1261604608.0000
256.2325;221.6124;0.0000;778.9896;1261604608.0000
256.5072;220.6124;0.0000;777.8911;1261604608.0000
256.7818;219.6124;0.0000;777.5389;1261604608.0000
257.7818;218.8871;0.0000;781.0882;1261604608.0000
257.7818;217.8871;0.0000;779.9896;1261604608.0000
258.7818;217.8871;0.0000;780.6375;1261604608.0000
259.0565;216.8871;0.0000;782.6375;1261604608.0000
259.3311;216.1617;0.0000;779.5389;1261604608.0000
259.6057;215.8871;0.0000;781.4614;1261604736.0000
260.3311;215.1617;0.0000;784.0882;1261604736.0000
260.6057;214.1617;0.0000;781.6375;1261604736.0000
261.6057;213.1617;0.0000;784.0107;1261604736.0000
261.8804;212.1617;0.0000;783.6375;1261604736.0000
261.8804;211.1617;0.0000;783.7360;1261604736.0000
262.1550;210.4363;0.0000;785.8346;1261604736.0000
262.1550;210.1617;0.0000;785.9121;1261604736.0000
262.4297;209.1617;0.0000;786.7360;1261604736.0000
262.7043;208.1617;0.0000;787.5599;1261604736.0000
263.4297;207.1617;0.0000;785.1868;1261604736.0000
263.7043;206.4364;0.0000;784.8346;1261604736.0000
264.7043;205.4364;0.0000;789.4614;1261604736.0000
264.9789;204.4364;0.0000;785.1868;1261604736.0000
265.2536;203.4363;0.0000;788.2853;1261604736.0000
265.5282;203.1617;0.0000;786.7360;1261604736.0000
265.5282;202.4363;0.0000;786.7360;1261604736.0000
265.8029;201.4364;3.2957;790.8346;1261604736.0000
266.0775;200.4364;0.0000;787.4614;1261604864.0000
266.0775;199.4364;3.2957;788.7361;1261604864.0000
266.3522;198.4364;3.2957;792.4614;1261604864.0000
266.3522;197.1617;0.0000;789.6375;1261604864.0000
266.6268;196.1617;3.2957;790.7360;1261604864.0000
266.6268;195.1617;0.0000;792.1868;1261604864.0000
266.9014;194.8871;0.0000;788.9121;1261604864.0000
266.9014;193.8871;3.2957;791.4614;1261604864.0000
266.9014;192.8871;3.2957;794.0882;1261604864.0000
266.9014;191.8871;0.0000;789.6375;1261604864.0000
267.1761;191.6124;0.0000;793.7360;1261604864.0000
267.1761;190.6124;0.0000;793.2643;1261604864.0000
267.1761;190.6124;0.0000;789.1657;1261604864.0000
267.4507;189.6124;0.0000;797.5599;1261604864.0000
267.4507;188.6124;0.0000;795.1868;1261604864.0000
267.4507;187.6124;0.0000;794.3839;1261604864.0000
267.7254;187.3378;0.0000;798.7360;1261604864.0000
267.7254;186.3378;0.0000;794.7360;1261604864.0000
267.7254;185.0631;0.0000;796.8346;1261604864.0000
267.7254;184.7885;0.0000;797.0107;1261604864.0000
267.7254;183.7885;0.0000;796.0107;1261604864.0000
267.7254;183.5139;0.0000;798.5599;1261604864.0000
268.0000;182.5139;0.0000;798.1867;1261604864.0000
267.2747;182.2392;0.0000;797.7360;1261604864.0000
267.2747;181.2392;0.0000;800.0107;1261604864.0000
267.2747;180.2392;0.0000;797.9121;1261604864.0000
267.2747;179.9646;0.0000;799.4614;1261604864.0000
267.2747;178.9646;0.0000;802.1868;1261604864.0000
267.2747;177.9646;0.0000;797.9121;1261604864.0000
267.0000;177.9646;0.0000;799.0106;1261604864.0000
267.0000;176.9646;0.0000;801.9121;1261604864.0000
266.2746;175.9646;0.0000;798.9121;1261604864.0000
266.2746;175.6899;8.7043;800.4614;1261604864.0000
266.2746;175.4153;0.0000;802.5389;1261604864.0000
266.2746;174.1407;8.7043;799.9121;1261604864.0000
266.0000;173.8660;0.0000;797.3839;1261604864.0000
266.0000;172.8660;0.0000;802.5389;1261604992.0000
266.0000;172.5914;0.0000;801.6375;1261605120.0000
265.0000;172.3167;0.0000;804.6375;1261605120.0000
265.0000;171.3167;0.0000;804.4404;1261605120.0000
265.0000;171.0421;0.0000;803.6375;1261605120.0000
264.2747;170.0421;0.0000;805.5389;1261605120.0000
264.2747;169.7675;0.0000;802.5389;1261605120.0000
264.2747;168.7675;0.0000;804.1868;1261605120.0000
263.5493;168.4928;0.0000;805.9896;1261605120.0000
263.5493;167.4928;0.0000;804.5389;1261605120.0000
263.5493;167.2182;0.0000;806.0882;1261605120.0000
263.5493;166.9435;0.0000;805.7150;1261605120.0000
263.5493;165.9435;0.0000;805.5389;1261605120.0000
262.8239;165.3943;0.0000;806.8135;1261605120.0000
262.5493;165.1196;0.0000;804.7150;1261605120.0000
262.5493;164.1196;0.0000;805.8135;1261605120.0000
262.2747;163.8450;0.0000;807.7150;1261605120.0000
261.5493;162.8450;0.0000;804.7150;1261605120.0000
261.2747;162.5703;0.0000;806.3629;1261605120.0000
261.2747;161.8450;0.0000;805.9896;1261605248.0000
260.2747;161.5703;0.0000;806.1657;1261605248.0000
260.2747;160.5703;0.0000;801.2853;1261605248.0000
260.2747;160.2957;0.0000;807.8911;1261605248.0000
260.0000;160.0211;0.0000;804.9896;1261605248.0000
260.0000;159.0211;0.0000;809.7150;1261605248.0000
259.2746;159.0211;0.0000;806.8911;1261605248.0000
259.0000;158.0210;0.0000;807.2643;1261605248.0000
258.2746;157.7464;3.2957;807.7150;1261605248.0000
258.2746;157.7464;0.0000;804.7150;1261605248.0000
258.2746;156.7464;0.0000;807.9896;1261605248.0000
257.2746;156.4718;0.0000;807.4404;1261605248.0000
257.2746;155.4718;0.0000;805.4403;1261605248.0000
257.0000;155.1971;0.0000;807.8136;1261605248.0000
256.2747;154.1971;0.0000;806.8911;1261605248.0000
256.0000;153.9225;0.0000;805.4403;1261605248.0000
256.0000;152.9225;0.0000;808.4403;1261605248.0000
255.0000;152.6478;0.0000;807.0671;1261605248.0000
255.0000;151.6478;0.0000;806.2643;1261605376.0000
254.0000;151.3732;0.0000;808.1657;1261605376.0000
254.0000;150.6478;0.0000;805.8911;1261605376.0000
253.2747;150.3732;0.0000;808.1657;1261605376.0000
253.0000;149.3732;0.0000;809.7925;1261605376.0000
253.0000;149.3732;0.0000;805.8911;1261605376.0000
253.0000;148.3732;0.0000;807.7150;1261605376.0000
252.2746;148.3732;0.0000;806.7925;1261605376.0000
252.0000;147.3732;0.0000;804.8911;1261605376.0000
252.0000;147.3732;0.0000;807.7150;1261605376.0000
251.2746;146.3732;0.0000;806.0671;1261605376.0000
251.0000;146.3732;0.0000;806.8911;1261605376.0000
251.0000;145.3732;0.0000;809.7925;1261605376.0000
250.0000;145.0986;0.0000;806.2432;1261605376.0000
249.7254;144.3732;0.0000;807.6164;1261605376.0000
248.7254;144.0986;0.0000;809.2432;1261605376.0000
248.4507;143.0986;0.0000;806.0671;1261605376.0000
247.4507;143.0986;0.0000;808.3417;1261605376.0000
247.4507;142.8239;0.0000;808.4193;1261605376.0000
247.1761;142.0986;0.0000;806.7925;1261605376.0000
247.1761;141.8239;0.0000;809.7925;1261605376.0000
246.9014;141.0986;0.0000;808.1447;1261605376.0000
245.9014;140.8239;0.0000;807.5178;1261605376.0000
245.9014;140.0986;0.0000;809.7925;1261605376.0000
244.9014;140.0986;0.0000;807.8700;1261605376.0000
244.6268;139.8239;0.0000;809.2432;1261605376.0000
244.3522;139.8239;0.0000;809.8701;1261605376.0000
243.6268;138.8239;0.0000;808.1447;1261605376.0000
243.3521;138.0986;0.0000;809.5179;1261605376.0000
242.3521;137.8239;0.0000;809.3207;1261605504.0000
241.8029;137.0986;0.0000;808.4193;1261605504.0000
241.5282;136.8239;0.0000;811.2432;1261605504.0000
240.5282;136.5493;0.0000;809.3207;1261605504.0000
240.2536;135.5493;0.0000;808.9686;1261605504.0000
238.9789;135.2746;0.0000;810.6940;1261605504.0000
238.4297;134.2746;0.0000;809.0461;1261605504.0000
237.4297;134.0000;0.0000;810.4193;1261605504.0000
236.8804;133.0000;0.0000;811.3207;1261605632.0000
235.8804;132.7254;0.0000;808.3207;1261605632.0000
235.3311;132.7254;0.0000;811.8700;1261605632.0000
234.3311;131.7254;0.0000;810.4968;1261605632.0000
234.0565;131.7254;0.0000;807.8700;1261605632.0000
233.0565;130.7254;0.0000;811.4193;1261605632.0000
232.7818;130.7254;0.0000;810.4968;1261605632.0000
231.7818;130.7254;0.0000;808.5953;1261605632.0000
231.5072;130.0000;0.0000;811.1447;1261605632.0000
231.2325;129.7254;0.0000;809.2222;1261605632.0000
230.2325;129.7254;0.0000;809.6939;1261605632.0000
229.9579;129.0000;0.0000;810.0461;1261605632.0000
229.6833;128.7254;0.0000;808.0461;1261605632.0000
228.6833;128.7254;0.0000;810.4193;1261605632.0000
228.4086;127.7254;0.0000;810.0461;1261605632.0000
227.4086;127.7254;0.0000;808.0461;1261605632.0000
226.4086;127.0000;0.0000;811.1447;1261605632.0000
226.1340;126.7254;0.0000;808.4968;1261605632.0000
225.8593;126.7254;0.0000;808.3207;1261605760.0000
224.8593;126.4507;0.0000;811.3207;1261605760.0000
224.3101;125.7254;0.0000;809.9475;1261605760.0000
223.3101;125.4507;0.0000;809.3207;1261605760.0000
222.3101;124.7254;0.0000;809.3207;1261605760.0000
221.7608;124.4507;0.0000;807.0461;1261605760.0000
221.4861;124.4507;0.0000;809.3207;1261605760.0000
220.2115;124.4507;0.0000;810.7714;1261605760.0000
219.9368;123.4507;8.7043;808.4968;1261605760.0000
218.6622;123.4507;0.0000;810.5954;1261605760.0000
217.3876;123.1761;0.0000;809.9475;1261605760.0000
216.8383;122.4507;0.0000;807.3207;1261605760.0000
215.5636;122.1761;0.0000;809.8701;1261605760.0000
215.0144;122.1761;0.0000;809.2222;1261605760.0000
213.7397;121.1761;0.0000;809.1447;1261605760.0000
213.1904;120.9014;8.7043;811.4193;1261605760.0000
211.9158;120.9014;0.0000;809.3207;1261605760.0000
211.3665;119.9014;8.7043;810.6940;1261605760.0000
210.0919;119.9014;0.0000;812.4193;1261605760.0000
209.8172;119.6268;0.0000;808.9686;1261605760.0000
208.5426;119.6268;0.0000;811.5179;1261605760.0000
207.9933;118.9014;0.0000;810.4193;1261605760.0000
206.7187;118.6268;0.0000;811.2432;1261605760.0000
205.7187;118.6268;0.0000;812.0671;1261605760.0000
205.1694;118.6268;8.7043;812.1447;1261605760.0000
204.1694;117.9014;0.0000;811.0671;1261605760.0000
203.8947;117.6268;0.0000;812.3418;1261605760.0000
202.6201;116.9014;0.0000;813.5954;1261605760.0000
201.6201;116.9014;0.0000;811.6164;1261605760.0000
201.3455;116.9014;0.0000;814.2432;1261605760.0000
200.3455;116.9014;0.0000;811.5179;1261605760.0000
199.3455;116.1761;0.0000;812.6165;1261605760.0000
198.3455;116.1761;0.0000;812.2432;1261605760.0000
197.3455;116.1761;0.0000;808.4403;1261605760.0000
197.3455;116.1761;0.0000;812.8911;1261605760.0000
196.3455;116.1761;0.0000;811.0671;1261605760.0000
195.3455;116.4507;0.0000;808.7150;1261605888.0000
194.6201;116.4507;0.0000;811.4404;1261605888.0000
193.6201;116.4507;0.0000;809.7925;1261605888.0000
192.8947;116.7254;0.0000;809.9896;1261605888.0000
191.8947;116.0000;0.0000;811.1657;1261605888.0000
191.6201;116.2746;0.0000;809.1656;1261606016.0000
190.8947;116.2746;0.0000;812.7150;1261606016.0000
189.8947;116.2746;0.0000;811.6164;1261606016.0000
189.1694;116.5493;0.0000;810.8911;1261606016.0000
188.1694;116.5493;0.0000;812.2643;1261606016.0000
186.4440;116.8239;0.0000;810.8911;1261606016.0000
185.7187;117.0986;0.0000;807.8136;1261606016.0000
184.7187;117.0986;0.0000;809.3629;1261606016.0000
183.9933;117.3732;0.0000;807.5389;1261606016.0000
182.9933;117.6478;0.0000;807.9121;1261606016.0000
182.2680;117.9225;0.0000;809.3629;1261606016.0000
181.2680;117.4718;0.0000;806.9121;1261606016.0000
180.5426;117.7464;0.0000;809.1868;1261606016.0000
179.5426;118.0210;0.0000;806.9121;1261606144.0000
178.5426;118.2957;0.0000;807.1868;1261606144.0000
178.2679;118.5703;0.0000;806.5599;1261606144.0000
177.5426;118.8450;0.0000;806.9121;1261606144.0000
176.5426;119.1196;0.0000;805.0107;1261606144.0000
175.5426;119.1196;0.0000;805.8346;1261606144.0000
174.5426;119.3942;0.0000;806.9121;1261606144.0000
173.5426;119.6689;0.0000;805.8346;1261606144.0000
173.2680;120.6689;0.0000;805.8346;1261606144.0000
172.2679;120.9435;0.0000;802.8346;1261606144.0000
171.5426;121.4928;0.0000;805.3839;1261606144.0000
171.2679;121.0421;0.0000;804.3839;1261606144.0000
170.2680;121.3167;0.0000;803.8346;1261606144.0000
169.9933;121.5914;0.0000;805.7571;1261606144.0000
169.2680;121.8660;0.0000;805.5599;1261606144.0000
168.2680;122.1407;0.0000;803.2078;1261606144.0000
167.5426;122.1407;0.0000;805.7571;1261606144.0000
167.2680;122.4153;0.0000;803.1093;1261606144.0000
166.5426;122.6899;0.0000;804.0317;1261606272.0000
165.5426;122.6899;0.0000;806.2078;1261606272.0000
165.2679;122.9646;0.0000;803.6585;1261606272.0000
164.5426;123.2392;0.0000;804.7571;1261606272.0000
163.5426;123.5139;0.0000;805.4825;1261606272.0000
162.5426;123.5139;0.0000;801.4824;1261606272.0000
162.2680;123.7885;0.0000;804.5810;1261606272.0000
161.2680;124.0631;0.0000;803.6585;1261606272.0000
161.2680;124.3378;0.0000;802.3063;1261606272.0000
160.2680;125.3378;0.0000;804.8557;1261606272.0000
159.2680;125.6124;0.0000;803.6585;1261606272.0000
159.2680;125.8871;0.0000;801.1303;1261606272.0000
158.2680;126.1617;0.0000;803.4049;1261606272.0000
157.9933;126.1617;0.0000;799.3064;1261606272.0000
156.9933;126.4364;0.0000;800.9542;1261606272.0000
156.2679;126.7110;0.0000;801.6796;1261606272.0000
155.9933;126.9856;0.0000;801.1303;1261606272.0000
154.9933;127.9856;0.0000;800.5035;1261606272.0000
153.9933;127.9856;0.0000;799.6796;1261606272.0000
153.7187;128.2603;0.0000;797.0527;1261606272.0000
152.9933;128.5349;0.0000;801.7781;1261606272.0000
152.7187;128.8096;0.0000;799.6796;1261606272.0000
151.7187;129.3588;0.0000;797.6021;1261606272.0000
150.7187;129.6335;0.0000;799.3275;1261606272.0000
149.7187;130.6335;0.0000;798.2289;1261606272.0000
148.9933;131.1828;0.0000;797.1514;1261606272.0000
148.7187;132.1828;0.0000;799.3275;1261606272.0000
147.7187;132.7321;0.0000;794.8767;1261606272.0000
146.7187;133.0067;0.0000;795.9752;1261606272.0000
145.7187;133.2813;0.0000;796.6021;1261606272.0000
145.4440;133.5560;0.0000;794.7006;1261606272.0000
144.4440;134.5560;0.0000;795.5245;1261606272.0000
143.7187;134.8306;0.0000;795.4260;1261606272.0000
142.7187;135.1053;0.0000;793.9753;1261606272.0000
141.9933;135.3799;0.0000;795.5245;1261606272.0000
140.9933;136.3799;0.0000;794.4260;1261606400.0000
140.2680;136.9292;0.0000;794.0738;1261606400.0000
139.2680;137.2038;0.0000;795.5245;1261606528.0000
138.5426;138.2038;0.0000;792.5245;1261606528.0000
137.5426;138.4785;0.0000;793.8977;1261606528.0000
137.5426;138.7531;0.0000;795.5245;1261606528.0000
136.5426;139.7531;0.0000;793.0738;1261606528.0000
135.8172;140.0277;0.0000;794.4470;1261606528.0000
135.5426;140.5770;0.0000;793.0738;1261606528.0000
134.8172;140.8517;0.0000;792.6231;1261606528.0000
133.8172;141.8517;0.0000;794.1724;1261606528.0000
133.8172;142.1263;0.0000;793.7991;1261606528.0000
132.8172;143.1263;0.0000;792.7217;1261606528.0000
132.0919;143.1263;0.0000;794.1724;1261606528.0000
131.3665;144.1263;0.0000;791.8978;1261606528.0000
131.3665;144.6756;0.0000;791.5456;1261606528.0000
130.6412;144.9502;0.0000;792.4470;1261606528.0000
129.9158;145.9502;0.0000;789.2709;1261606528.0000
129.9158;145.9502;0.0000;791.3695;1261606528.0000
128.9158;147.2249;0.0000;789.7217;1261606528.0000
128.1904;147.2249;0.0000;788.0948;1261606656.0000
127.1904;148.2249;0.0000;790.3695;1261606656.0000
127.1904;149.2249;0.0000;790.4470;1261606656.0000
126.4651;149.4995;0.0000;787.9188;1261606656.0000
125.4651;150.4995;0.0000;790.0948;1261606656.0000
124.7397;151.2249;0.0000;787.8203;1261606656.0000
124.0144;151.4995;0.0000;786.7427;1261606656.0000
123.2890;152.2249;0.0000;788.9188;1261606656.0000
122.5636;152.4995;0.0000;786.1934;1261606656.0000
121.8383;153.2249;0.0000;787.1160;1261606656.0000
122.1129;154.2249;0.0000;788.1935;1261606656.0000
121.3876;154.2249;0.0000;785.8412;1261606656.0000
121.3876;154.4995;0.0000;788.4891;1261606656.0000
120.6622;155.4995;0.0000;788.1159;1261606656.0000
119.6622;155.7741;0.0000;787.5876;1261606656.0000
119.6622;156.4995;0.0000;789.8624;1261606656.0000
118.9369;157.4995;0.0000;786.0384;1261606656.0000
118.2115;157.7741;0.0000;786.9609;1261606656.0000
118.2115;158.7741;0.0000;791.3130;1261606784.0000
117.4861;159.0488;0.0000;786.2355;1261606784.0000
117.4861;160.0488;0.0000;787.8834;1261606784.0000
116.7608;160.7741;0.0000;788.6088;1261606784.0000
116.7608;161.0488;0.0000;787.9819;1261606784.0000
116.7608;161.3234;0.0000;790.9044;1261606784.0000
116.3101;162.3234;0.0000;790.2566;1261606784.0000
116.3101;162.5981;0.0000;783.6508;1261606784.0000
115.5847;163.5981;0.0000;791.4537;1261606784.0000
115.5847;163.8727;0.0000;788.7073;1261606784.0000
115.1340;164.8727;0.0000;790.7283;1261606784.0000
114.4086;165.8727;0.0000;790.3551;1261606784.0000
114.4086;166.8727;0.0000;787.0804;1261606784.0000
113.6833;167.1473;0.0000;788.2776;1261606784.0000
113.6833;167.8727;0.0000;787.4537;1261606784.0000
113.6833;168.8727;0.0000;785.8269;1261606784.0000
112.9579;169.1473;0.0000;790.2001;1261606784.0000
113.2325;170.1473;0.0000;789.3762;1261606784.0000
113.2325;170.4220;0.0000;788.2986;1261606784.0000
112.5072;171.4220;0.0000;791.2987;1261606784.0000
112.5072;171.6966;0.0000;790.2001;1261606784.0000
111.7818;172.6966;0.0000;791.1226;1261606784.0000
111.0565;173.6966;0.0000;791.1226;1261606784.0000
111.0565;173.9713;0.0000;788.8480;1261606784.0000
111.0565;174.9713;0.0000;791.6719;1261606784.0000
110.6057;175.9713;0.0000;791.5733;1261606784.0000
110.6057;176.5205;0.0000;789.3972;1261606784.0000
110.6057;177.5205;0.0000;791.4958;1261606784.0000
110.6057;177.7952;0.0000;790.8480;1261606912.0000
110.1550;178.7952;0.0000;788.2212;1261606912.0000
110.1550;179.0698;0.0000;791.4958;1261606912.0000
109.4297;180.0698;0.0000;791.1226;1261606912.0000
108.7043;181.0698;0.0000;790.0451;1261606912.0000
108.7043;181.3445;0.0000;794.2211;1261606912.0000
107.9790;182.3445;0.0000;788.3197;1261606912.0000
107.2536;183.3445;0.0000;791.1437;1261606912.0000
107.2536;183.6191;0.0000;792.7704;1261607040.0000
106.5282;184.6191;0.0000;789.8690;1261607040.0000
106.5282;185.6191;0.0000;792.6929;1261607040.0000
106.8029;185.8938;0.0000;793.0451;1261607040.0000
106.3522;186.8938;0.0000;790.4183;1261607040.0000
105.9014;187.8938;0.0000;791.0661;1261607040.0000
106.1761;188.8938;0.0000;791.8690;1261607040.0000
105.7254;189.4430;0.0000;792.5168;1261607040.0000
106.0000;190.4430;0.0000;791.0661;1261607040.0000
105.5493;191.4430;0.0000;792.4183;1261607040.0000
105.8239;191.7177;0.0000;791.7915;1261607040.0000
105.0986;192.7177;0.0000;795.6929;1261607040.0000
105.3732;193.7177;0.0000;791.3408;1261607040.0000
104.9225;194.4430;0.0000;793.5379;1261607040.0000
104.1971;194.7177;0.0000;794.1647;1261607040.0000
104.4718;195.7177;0.0000;793.8125;1261607040.0000
104.4718;196.7177;0.0000;795.9111;1261607040.0000
104.4718;197.7177;0.0000;793.8125;1261607040.0000
103.7464;198.7177;0.0000;794.4604;1261607040.0000
103.7464;199.4430;0.0000;795.7350;1261607168.0000
103.2957;199.9923;0.0000;794.3618;1261607168.0000
102.8450;200.9923;0.0000;797.0097;1261607168.0000
103.1196;201.9923;0.0000;798.4604;1261607168.0000
103.1196;202.9923;0.0000;796.1858;1261607168.0000
103.3943;203.7177;0.0000;797.1082;1261607168.0000
102.9435;203.9923;0.0000;796.1858;1261607168.0000
102.9435;204.7177;0.0000;794.8336;1261607168.0000
102.4928;205.7177;0.0000;796.9321;1261607168.0000
102.4928;206.4430;0.0000;795.7350;1261607168.0000
102.7675;207.4430;0.0000;797.1082;1261607168.0000
102.7675;207.4430;0.0000;797.6575;1261607168.0000
102.7675;208.4430;0.0000;795.7350;1261607168.0000
103.0421;209.1684;0.0000;794.9322;1261607168.0000
103.0421;209.4430;0.0000;797.1082;1261607168.0000
103.3167;210.1684;0.0000;794.1083;1261607168.0000
102.5914;211.1684;0.0000;793.5800;1261607168.0000
102.5914;211.4431;0.0000;794.9322;1261607168.0000
102.8660;212.1684;0.0000;793.4814;1261607168.0000
103.1407;213.1684;0.0000;795.7561;1261607168.0000
103.1407;214.1684;0.0000;795.6575;1261607168.0000
103.4153;214.1684;0.0000;793.0308;1261607168.0000
102.6899;215.1684;0.0000;796.0308;1261607168.0000
102.9646;215.8938;0.0000;794.9322;1261607168.0000
102.9646;216.8937;0.0000;795.0307;1261607168.0000
102.9646;217.6191;0.0000;789.9532;1261607168.0000
103.2392;218.3445;0.0000;793.4814;1261607168.0000
103.2392;219.3445;0.0000;794.5800;1261607168.0000
103.2392;220.0698;0.0000;794.4814;1261607168.0000
103.5139;221.0698;0.0000;792.3054;1261607168.0000
103.5139;221.7952;0.0000;794.4039;1261607168.0000
103.7885;222.7952;0.0000;794.4814;1261607168.0000
103.7885;223.7952;0.0000;793.3054;1261607168.0000
104.0631;224.5206;0.0000;795.5800;1261607168.0000
103.3378;225.5206;8.7043;794.2068;1261607168.0000
103.6124;226.2459;0.0000;794.1293;1261607168.0000
103.6124;227.2459;8.7043;795.3054;1261607296.0000
103.8871;227.9713;0.0000;793.0308;1261607296.0000
103.8871;228.9713;0.0000;792.9532;1261607296.0000
103.8871;229.6966;0.0000;794.3054;1261607424.0000
104.1617;230.6966;8.7043;792.8546;1261607424.0000
104.1617;231.4220;0.0000;794.9532;1261607424.0000
104.1617;232.4220;8.7043;793.3054;1261607424.0000
104.4364;233.1473;0.0000;789.5025;1261607424.0000
104.4364;234.1473;0.0000;793.2278;1261607424.0000
104.7110;234.8727;0.0000;791.8546;1261607424.0000
104.7110;235.8727;0.0000;792.9532;1261607424.0000
104.9856;236.8727;8.7043;793.6785;1261607424.0000
104.9856;237.5981;0.0000;790.6786;1261607424.0000
105.2603;238.5981;0.0000;792.9532;1261607424.0000
105.2603;239.3234;0.0000;793.4039;1261607424.0000
105.5349;240.3234;0.0000;788.9532;1261607424.0000
106.2603;241.0488;0.0000;794.6786;1261607424.0000
106.5349;242.0488;0.0000;791.8546;1261607424.0000
106.5349;242.0488;0.0000;790.2278;1261607552.0000
106.8096;243.0488;0.0000;793.7771;1261607552.0000
106.8096;243.7741;0.0000;791.8546;1261607552.0000
107.0842;244.4995;0.0000;791.5025;1261607552.0000
107.0842;245.4995;0.0000;793.2278;1261607552.0000
108.0842;246.4995;0.0000;791.8546;1261607552.0000
108.3588;247.4995;0.0000;793.2278;1261607552.0000
108.6335;248.2249;0.0000;794.4039;1261607552.0000
108.9081;249.2249;0.0000;789.2278;1261607552.0000
108.9081;250.2249;0.0000;793.7771;1261607552.0000
109.1828;251.2249;0.0000;793.8547;1261607552.0000
110.1828;251.9502;0.0000;792.6786;1261607552.0000
110.4574;252.9502;0.0000;795.2279;1261607552.0000
111.1828;253.9502;0.0000;793.5800;1261607552.0000
111.4574;254.6756;0.0000;793.9532;1261607552.0000
111.7320;255.6756;0.0000;795.2279;1261607552.0000
112.0067;256.4009;0.0000;793.8547;1261607552.0000
112.2813;258.1263;0.0000;795.9532;1261607552.0000
112.5560;258.8517;0.0000;797.4039;1261607552.0000
112.8306;260.3024;0.0000;795.8546;1261607680.0000
113.1052;261.3024;0.0000;797.6786;1261607680.0000
113.8306;262.7531;0.0000;798.7560;1261607680.0000
114.1052;263.7531;0.0000;799.0307;1261607680.0000
114.3799;265.2038;0.0000;800.1293;1261607680.0000
114.6545;266.2038;0.0000;800.9321;1261607680.0000
114.9292;266.9292;0.0000;800.3054;1261607680.0000
116.2038;267.6545;0.0000;800.1293;1261607680.0000
116.4784;268.6545;0.0000;799.4814;1261607680.0000
116.7531;269.3799;0.0000;801.1293;1261607680.0000
117.7531;270.1053;0.0000;802.0307;1261607680.0000
118.0277;271.8306;0.0000;800.7561;1261607680.0000
119.0277;272.5560;0.0000;802.5800;1261607680.0000
119.3024;273.2813;0.0000;803.2068;1261607680.0000
119.5770;274.0067;0.0000;801.7561;1261607680.0000
119.8517;275.0067;0.0000;805.3054;1261607680.0000
120.8517;275.7321;0.0000;803.6575;1261607680.0000
121.1263;276.4574;0.0000;803.4814;1261607680.0000
121.4009;277.1828;0.0000;805.7560;1261607680.0000
122.4009;278.1827;0.0000;803.6575;1261607680.0000
122.6756;278.9081;0.0000;802.5800;1261607680.0000
123.6756;279.6335;0.0000;806.9321;1261607680.0000
124.6756;279.9081;0.0000;803.6575;1261607680.0000
124.9502;280.6335;0.0000;805.4814;1261607680.0000
125.9502;281.3588;0.0000;806.3829;1261607680.0000
126.2249;281.3588;3.2957;804.6575;1261607680.0000
126.4995;282.0842;0.0000;806.3054;1261607680.0000
127.4995;283.0842;0.0000;806.5590;1261607680.0000
127.7741;283.0842;3.2957;804.9321;1261607680.0000
128.0488;283.8096;0.0000;808.2068;1261607680.0000
129.3234;283.8096;0.0000;806.2843;1261607680.0000
129.5981;284.0842;0.0000;804.7561;1261607680.0000
130.8727;284.8096;0.0000;806.9321;1261607680.0000
131.4220;285.0842;0.0000;805.8336;1261607808.0000
131.6966;285.8095;0.0000;805.4814;1261607808.0000
132.9713;286.8096;0.0000;807.6575;1261607808.0000
133.2459;286.8096;0.0000;805.3829;1261607936.0000
134.2459;286.8096;0.0000;806.3054;1261607936.0000
134.5206;287.8096;0.0000;808.2843;1261607936.0000
135.0698;287.8096;0.0000;805.6575;1261607936.0000
136.0698;288.5349;0.0000;807.4814;1261607936.0000
136.3445;288.5349;0.0000;800.4814;1261607936.0000
137.3445;289.5349;0.0000;806.9321;1261607936.0000
138.3445;289.5349;0.0000;808.2068;1261607936.0000
138.8938;290.2603;0.0000;807.0097;1261607936.0000
139.1684;290.2603;0.0000;807.6575;1261607936.0000
139.4430;290.9856;0.0000;808.3829;1261607936.0000
140.7177;290.9856;0.0000;807.5590;1261607936.0000
141.7177;291.7110;0.0000;808.2068;1261607936.0000
141.9923;292.7110;0.0000;808.2843;1261607936.0000
143.2670;292.4363;0.0000;807.3829;1261607936.0000
143.5416;293.1617;0.0000;809.6575;1261607936.0000
143.8162;293.1617;0.0000;808.2843;1261607936.0000
144.8163;293.8871;0.0000;806.9321;1261607936.0000
145.3655;293.8871;0.0000;808.2068;1261608064.0000
146.3655;293.8871;0.0000;808.2843;1261608064.0000
146.6402;293.8871;0.0000;808.9322;1261608064.0000
146.9148;294.6124;0.0000;809.1083;1261608064.0000
147.9148;294.6124;0.0000;807.5590;1261608064.0000
148.1895;295.3378;0.0000;810.6575;1261608064.0000
149.4641;295.3378;0.0000;809.7350;1261608064.0000
149.7387;295.7885;0.0000;801.5800;1261608064.0000
150.0134;295.7885;3.2957;810.6575;1261608064.0000
151.2880;296.5139;0.0000;809.0096;1261608064.0000
151.5627;296.5139;0.0000;809.1083;1261608064.0000
152.5627;296.5139;0.0000;810.3829;1261608064.0000
153.1119;297.2392;0.0000;809.7350;1261608064.0000
153.3866;297.2392;0.0000;809.3829;1261608064.0000
154.3866;297.9646;0.0000;810.1082;1261608064.0000
154.9359;297.6899;0.0000;808.2843;1261608064.0000
155.2105;297.6899;0.0000;809.6575;1261608064.0000
156.2105;298.1407;0.0000;810.4604;1261608064.0000
156.7598;298.1407;3.2957;808.2843;1261608192.0000
157.7598;298.1407;0.0000;812.1083;1261608192.0000
158.0344;298.5914;3.2957;810.4604;1261608192.0000
159.0344;298.5914;0.0000;808.5590;1261608192.0000
159.5837;299.3167;0.0000;811.8336;1261608192.0000
160.5837;299.0421;0.0000;808.7350;1261608192.0000
161.1330;299.0421;0.0000;810.1082;1261608192.0000
161.4076;299.7675;0.0000;811.2843;1261608192.0000
162.6823;299.7675;0.0000;808.0097;1261608192.0000
162.9569;299.4928;0.0000;810.1082;1261608192.0000
164.2315;300.2182;0.0000;811.7350;1261608192.0000
164.7808;300.2182;0.0000;808.2843;1261608192.0000
165.7808;300.9435;0.0000;811.3829;1261608192.0000
167.0555;300.6689;0.0000;810.9111;1261608192.0000
167.6047;300.6689;0.0000;806.8336;1261608192.0000
168.8794;301.1196;0.0000;813.2843;1261608192.0000
169.8794;301.1196;0.0000;809.9111;1261608192.0000
170.4287;301.5703;0.0000;810.5590;1261608192.0000
171.4287;301.5703;0.0000;811.2843;1261608192.0000
172.4287;302.0211;0.0000;810.1858;1261608192.0000
172.9780;302.0211;0.0000;811.5590;1261608192.0000
173.9780;301.7464;0.0000;811.7350;1261608192.0000
174.9780;302.4718;0.0000;808.2843;1261608192.0000
175.2526;302.1971;0.0000;812.5590;1261608192.0000
176.2526;302.9225;0.0000;811.9111;1261608192.0000
177.2526;302.6478;0.0000;809.0096;1261608192.0000
177.5272;302.3732;0.0000;812.5590;1261608192.0000
178.5272;303.0986;0.0000;812.0872;1261608320.0000
179.5272;302.8239;0.0000;809.8336;1261608320.0000
180.5272;303.2746;0.0000;813.0096;1261608320.0000
180.8019;303.0000;0.0000;812.0872;1261608320.0000
181.8019;303.7254;0.0000;811.2843;1261608320.0000
182.5272;303.4507;0.0000;813.1858;1261608320.0000
182.8019;303.1761;0.0000;811.9111;1261608320.0000
183.8019;303.6268;0.0000;813.0096;1261608320.0000
185.0765;303.3522;0.0000;813.3618;1261608320.0000
186.0765;304.0775;0.0000;811.0097;1261608320.0000
187.0765;303.8029;0.0000;814.0097;1261608448.0000
188.3512;304.2536;0.0000;813.8126;1261608448.0000
189.3512;303.9789;0.0000;813.1858;1261608448.0000
189.6258;303.7043;0.0000;814.4604;1261608448.0000
190.6258;304.4297;0.0000;813.9886;1261608448.0000
191.9004;304.1550;0.0000;814.1858;1261608448.0000
192.9004;303.8804;0.0000;818.5380;1261608448.0000
193.1751;304.3311;0.0000;814.0872;1261608448.0000
194.1751;304.0565;0.0000;815.1857;1261608448.0000
195.1751;304.5072;0.0000;815.5380;1261608448.0000
196.1751;304.2325;0.0000;813.9111;1261608448.0000
197.4497;303.9579;0.0000;816.4604;1261608448.0000
198.4497;303.6833;0.0000;815.3618;1261608448.0000
198.7244;304.1340;0.0000;814.2844;1261608448.0000
199.7244;303.5847;0.0000;818.0097;1261608448.0000
200.7244;303.3101;0.0000;816.3618;1261608448.0000
201.7244;303.7608;0.0000;817.0096;1261608448.0000
202.7244;303.2115;0.0000;821.0872;1261608448.0000
203.7244;303.6622;0.0000;816.6365;1261608576.0000
204.7244;303.3876;0.0000;818.0097;1261608576.0000
205.7244;303.5637;0.0000;819.0872;1261608576.0000
205.7244;303.2890;0.0000;817.0096;1261608576.0000
206.7244;303.4651;0.0000;821.2068;1261608576.0000
207.7244;303.1904;0.0000;821.5590;1261608576.0000
208.4497;302.6412;0.0000;821.7561;1261608576.0000
209.9004;302.8172;3.2957;824.8547;1261608576.0000
210.9004;302.2679;8.7043;824.5800;1261608576.0000
211.6258;301.9933;0.0000;826.7772;1261608576.0000
212.3512;301.4440;0.0000;828.5025;1261608576.0000
213.3512;301.6201;8.7043;827.9532;1261608576.0000
214.0765;301.3455;0.0000;829.3264;1261608576.0000
214.8019;300.7962;0.0000;829.2278;1261608576.0000
216.5272;301.2469;0.0000;821.9743;1261608576.0000
217.2526;300.6976;0.0000;830.1503;1261608576.0000
218.9780;300.4230;0.0000;829.9532;1261608576.0000
219.7033;300.8737;0.0000;829.0518;1261608576.0000
220.7033;300.5991;0.0000;831.3264;1261608576.0000
222.1540;300.0498;0.0000;830.4039;1261608576.0000
223.1540;299.7751;0.0000;829.1503;1261608576.0000
224.6048;300.2259;0.0000;832.2278;1261608576.0000
225.6047;299.9512;8.7043;831.4039;1261608576.0000
227.0555;299.4019;0.0000;832.3264;1261608576.0000
228.0555;299.1273;0.0000;833.6786;1261608576.0000
229.0555;298.8527;8.7043;830.7772;1261608576.0000
230.7808;298.5780;0.0000;833.8757;1261608576.0000
231.5062;298.3034;0.0000;834.5025;1261608576.0000
233.2315;298.0287;0.0000;832.6996;1261608576.0000
234.2315;297.7541;0.0000;837.7982;1261608576.0000
235.6823;297.4795;0.0000;837.2489;1261608576.0000
236.6823;296.9302;0.0000;837.5446;1261608576.0000
238.1330;296.6555;0.0000;840.5446;1261608576.0000
238.8583;296.3809;8.7043;839.9953;1261608576.0000
239.5837;296.1063;0.0000;840.6432;1261608576.0000
241.0344;296.1063;0.0000;842.8192;1261608576.0000
241.7598;295.8316;8.7043;840.5446;1261608704.0000
242.4851;295.5570;3.2957;842.4671;1261608704.0000
243.9359;295.2823;0.0000;842.0939;1261608832.0000
244.6612;295.0077;3.2957;841.9178;1261608832.0000
245.3866;294.0077;0.0000;845.1924;1261608832.0000
246.8373;293.7330;0.0000;843.9953;1261608832.0000
247.5627;293.4584;0.0000;842.1924;1261608832.0000
248.2880;293.4584;3.2957;845.9178;1261608832.0000
250.0134;293.1838;0.0000;845.9954;1261608832.0000
251.4641;292.1837;3.2957;845.1924;1261608832.0000
252.1895;291.9091;8.7043;846.0939;1261608832.0000
253.9148;291.6345;0.0000;843.5446;1261608832.0000
254.6402;291.6345;0.0000;846.9178;1261608832.0000
255.6402;291.3598;3.2957;846.9953;1261608832.0000
256.3655;290.3598;0.0000;845.0939;1261608832.0000
257.8163;290.0852;0.0000;847.9178;1261608832.0000
259.5416;289.5359;0.0000;847.7206;1261608832.0000
260.2670;289.2613;0.0000;848.8192;1261608832.0000
260.9923;288.9866;0.0000;847.0728;1261608960.0000
261.7177;288.7120;0.0000;849.8192;1261608960.0000
262.4431;287.4373;0.0000;850.4670;1261608960.0000
263.8938;287.1627;0.0000;852.7418;1261608960.0000
264.8937;286.1627;0.0000;850.9178;1261608960.0000
266.3445;285.8881;0.0000;851.1149;1261608960.0000
267.0698;285.3388;0.0000;853.3685;1261608960.0000
267.7952;285.0641;0.0000;852.4671;1261608960.0000
268.5206;284.7895;0.0000;855.1149;1261608960.0000
269.2459;284.2402;0.0000;856.3685;1261608960.0000
269.9713;283.2402;0.0000;853.0164;1261608960.0000
270.6966;282.2402;8.7043;855.8403;1261608960.0000
272.1473;281.6909;0.0000;857.0939;1261608960.0000
273.5981;280.6909;8.7043;857.7417;1261608960.0000
275.0488;279.4163;0.0000;859.6432;1261608960.0000
275.7741;279.1417;0.0000;857.8193;1261608960.0000
277.2249;277.8670;0.0000;858.7417;1261608960.0000
278.2249;276.5924;0.0000;861.5446;1261608960.0000
279.6756;276.3177;0.0000;859.0939;1261609088.0000
280.4009;275.0431;0.0000;863.4671;1261609088.0000
281.8517;274.7685;0.0000;861.7207;1261609088.0000
282.3024;273.4938;0.0000;861.8192;1261609088.0000
283.7531;272.4938;0.0000;866.3685;1261609088.0000
284.4785;271.2192;0.0000;863.8967;1261609088.0000
285.9292;270.2192;0.0000;857.5657;1261609088.0000
287.3799;268.9445;0.0000;865.9953;1261609088.0000
288.8306;267.9445;0.0000;864.8967;1261609088.0000
289.5560;266.9445;0.0000;865.8192;1261609088.0000
290.7321;266.6699;0.0000;867.1714;1261609088.0000
291.4574;265.3953;0.0000;864.7207;1261609088.0000
292.9081;263.6699;0.0000;866.3685;1261609088.0000
293.6335;262.6699;0.0000;866.6221;1261609088.0000
295.0842;261.6699;0.0000;865.1714;1261609088.0000
295.8096;260.6699;0.0000;868.5446;1261609088.0000
296.5349;258.9445;0.0000;867.0728;1261609088.0000
297.2603;257.9445;0.0000;865.9953;1261609088.0000
297.9856;256.6699;3.2957;869.1714;1261609088.0000
298.4363;255.6699;0.0000;867.0728;1261609088.0000
299.1617;254.6699;3.2957;866.7207;1261609088.0000
299.8871;253.6699;0.0000;869.1714;1261609088.0000
300.3378;252.6699;0.0000;865.6221;1261609088.0000
301.0631;251.6699;0.0000;868.8967;1261609088.0000
301.7885;250.6699;0.0000;870.2489;1261609088.0000
301.5139;249.6699;0.0000;866.6221;1261609088.0000
302.2392;248.3953;0.0000;871.6221;1261609088.0000
302.9646;248.1206;0.0000;868.5236;1261609088.0000
302.6899;247.1206;0.0000;869.6221;1261609088.0000
303.4153;246.1206;0.0000;866.3685;1261609088.0000
303.8660;245.1206;0.0000;870.2489;1261609088.0000
303.8660;244.1206;0.0000;870.7207;1261609088.0000
304.3167;243.1206;0.0000;871.7982;1261609216.0000
304.3167;242.8460;0.0000;871.3475;1261609216.0000
304.7675;241.8460;8.7043;872.4460;1261609216.0000
305.2182;240.8460;0.0000;871.6221;1261609216.0000
305.9435;239.8460;0.0000;873.1714;1261609216.0000
305.6689;238.5713;0.0000;876.2700;1261609344.0000
306.1196;237.5713;0.0000;874.6221;1261609344.0000
306.8450;236.5713;8.7043;868.4670;1261609344.0000
307.2957;235.5713;0.0000;877.8192;1261609344.0000
307.0211;234.8460;0.0000;875.8967;1261609344.0000
307.4718;233.1206;0.0000;877.0939;1261609344.0000
307.1971;232.1206;0.0000;879.5446;1261609344.0000
307.9225;231.8460;0.0000;876.7206;1261609344.0000
307.6479;229.8460;0.0000;878.8193;1261609344.0000
308.0986;228.8460;0.0000;879.3475;1261609344.0000
308.5493;227.8460;0.0000;878.7207;1261609344.0000
308.2747;227.5713;8.7043;881.1924;1261609344.0000
308.7253;226.2967;0.0000;880.8967;1261609344.0000
308.4507;225.2967;0.0000;878.9953;1261609344.0000
308.1761;224.2967;0.0000;881.7207;1261609344.0000
308.3521;224.0220;0.0000;879.1714;1261609344.0000
308.0775;222.7474;0.0000;881.7207;1261609344.0000
308.5282;221.7474;0.0000;882.3474;1261609344.0000
308.2536;220.7474;0.0000;880.6221;1261609472.0000
308.7043;219.7474;0.0000;883.1714;1261609472.0000
308.4297;218.4728;0.0000;884.3475;1261609472.0000
308.1550;218.1981;0.0000;880.5236;1261609472.0000
307.8804;217.1981;0.0000;881.9954;1261609472.0000
308.3311;216.1981;0.0000;883.6996;1261609472.0000
308.0565;215.1981;0.0000;882.3474;1261609472.0000
308.5072;214.1981;0.0000;883.0729;1261609472.0000
308.5072;213.1981;0.0000;883.4250;1261609472.0000
308.2325;212.9235;0.0000;882.8967;1261609472.0000
308.6833;211.6488;0.0000;884.7982;1261609472.0000
308.4086;210.6488;0.0000;882.6996;1261609472.0000
308.8593;209.3742;0.0000;883.6221;1261609472.0000
308.5847;208.3742;0.0000;884.9742;1261609472.0000
308.3101;207.8249;0.0000;883.9742;1261609472.0000
308.0354;206.8249;0.0000;884.3475;1261609472.0000
308.4861;204.8249;0.0000;886.6011;1261609472.0000
308.2115;203.8249;0.0000;882.5236;1261609472.0000
308.9368;203.5503;0.0000;888.2489;1261609472.0000
308.6622;202.2756;0.0000;885.3264;1261609472.0000
308.3876;201.2756;0.0000;884.5236;1261609472.0000
308.8383;200.0010;0.0000;886.9742;1261609472.0000
308.5637;199.0010;0.0000;884.1503;1261609472.0000
308.2890;198.0010;0.0000;884.5236;1261609472.0000
308.7397;197.0010;0.0000;886.1503;1261609472.0000
308.7397;196.0010;0.0000;883.8757;1261609472.0000
309.1904;195.0010;0.0000;885.9742;1261609472.0000
308.9158;193.7264;0.0000;885.6011;1261609472.0000
308.6412;192.7264;0.0000;884.6996;1261609472.0000
309.0919;191.0010;0.0000;887.6996;1261609472.0000
308.8172;189.7263;8.7043;885.7771;1261609472.0000
309.2679;188.7263;0.0000;886.6996;1261609472.0000
308.9933;187.7263;8.7043;887.4249;1261609472.0000
308.7187;186.7264;0.0000;886.5025;1261609472.0000
308.8947;185.0010;0.0000;886.6996;1261609472.0000
308.6201;184.0010;0.0000;889.0518;1261609472.0000
309.0708;183.2756;8.7043;886.7772;1261609472.0000
308.5215;181.5503;0.0000;889.6011;1261609600.0000
308.2469;180.5503;8.7043;888.5025;1261609600.0000
308.4230;179.5503;0.0000;885.1504;1261609600.0000
307.8737;178.5503;0.0000;892.7771;1261609600.0000
307.5991;177.5503;0.0000;885.8757;1261609600.0000
307.0498;176.5503;0.0000;887.6011;1261609600.0000
306.7751;175.5503;0.0000;891.0518;1261609728.0000
306.9512;173.8249;0.0000;889.2278;1261609728.0000
306.6766;173.0996;0.0000;889.5024;1261609728.0000
306.1273;172.0996;0.0000;892.7771;1261609728.0000
305.8527;171.0996;0.0000;889.5024;1261609728.0000
305.5780;169.6488;0.0000;892.7771;1261609728.0000
305.0287;168.9235;0.0000;892.8547;1261609728.0000
305.4795;167.9235;0.0000;891.6786;1261609728.0000
305.2048;167.1981;0.0000;893.7772;1261609728.0000
304.6555;165.7474;0.0000;893.5800;1261609728.0000
304.3809;164.7474;0.0000;891.9532;1261609728.0000
303.8316;164.0220;3.2957;896.9532;1261609728.0000
303.5570;163.0220;0.0000;895.0308;1261609856.0000
303.0077;162.0220;0.0000;894.6786;1261609856.0000
302.4584;161.0220;0.0000;897.5800;1261609856.0000
302.1838;159.5713;0.0000;893.1293;1261609856.0000
301.9091;158.5713;0.0000;894.4814;1261609856.0000
301.3598;156.8460;0.0000;899.9532;1261609856.0000
301.5359;156.1206;0.0000;893.2068;1261609856.0000
301.2613;154.3952;0.0000;899.8757;1261609856.0000
300.7120;153.6699;0.0000;899.1293;1261609856.0000
300.4373;152.9445;0.0000;898.6786;1261609856.0000
299.8881;151.9445;0.0000;902.0518;1261609856.0000
299.6134;150.4938;0.0000;900.6786;1261609856.0000
299.0641;149.4938;0.0000;899.9532;1261609856.0000
297.7895;148.4938;0.0000;902.6785;1261609856.0000
297.5149;147.7685;0.0000;900.7772;1261609856.0000
297.6909;146.0431;0.0000;901.3264;1261609856.0000
297.1417;145.3177;0.0000;902.9532;1261609856.0000
296.8670;143.5924;0.0000;899.9532;1261609856.0000
296.3177;142.8670;0.0000;902.6011;1261609984.0000
295.0431;141.8670;0.0000;902.6785;1261609984.0000
294.4938;141.1417;0.0000;900.7772;1261609984.0000
294.2192;139.4163;0.0000;904.0518;1261609984.0000
293.6699;138.6909;8.7043;902.3054;1261609984.0000
293.3953;137.9656;0.0000;903.5024;1261609984.0000
292.8460;136.5149;8.7043;904.2279;1261609984.0000
291.8460;135.5149;0.0000;904.8546;1261609984.0000
291.2967;134.7895;0.0000;903.7771;1261609984.0000
291.0221;134.0641;0.0000;904.4039;1261609984.0000
290.4728;132.6134;0.0000;902.9532;1261609984.0000
290.1981;131.8881;0.0000;904.3264;1261609984.0000
289.6489;130.4373;0.0000;904.8546;1261609984.0000
289.0996;129.7120;0.0000;902.6785;1261609984.0000
288.0996;127.9866;0.0000;905.7771;1261609984.0000
287.5503;127.2613;0.0000;904.3054;1261609984.0000
287.2756;126.5359;0.0000;903.7771;1261609984.0000
286.0010;125.0852;0.0000;906.2278;1261609984.0000
285.7263;123.3598;0.0000;904.3054;1261609984.0000
284.4517;122.6345;0.0000;904.5025;1261609984.0000
284.1771;121.1838;0.0000;905.6786;1261609984.0000
283.6278;120.4584;0.0000;904.4039;1261609984.0000
282.6278;119.7330;0.0000;906.2278;1261609984.0000
282.0785;118.2823;0.0000;907.0307;1261609984.0000
281.0785;117.5570;0.0000;905.1293;1261609984.0000
280.8039;116.1062;0.0000;906.9532;1261609984.0000
280.5292;115.3809;0.0000;906.4814;1261609984.0000
279.5292;113.9302;0.0000;905.6786;1261609984.0000
279.2546;113.2048;0.0000;908.4039;1261609984.0000
278.2546;112.4794;0.0000;905.7561;1261609984.0000
277.2546;111.3034;0.0000;907.4039;1261609984.0000
276.9799;110.5780;0.0000;908.4039;1261609984.0000
275.9799;109.1273;0.0000;905.7561;1261609984.0000
275.2546;108.6766;0.0000;907.6786;1261609984.0000
274.9799;107.9512;0.0000;908.6575;1261609984.0000
273.9799;106.5005;0.0000;906.3054;1261609984.0000
272.9799;105.7751;0.0000;908.4039;1261610240.0000
272.2546;105.3244;0.0000;905.7561;1261610240.0000
271.9799;104.5991;8.7043;905.4039;1261610240.0000
271.2546;104.1483;0.0000;908.8546;1261610240.0000
270.9799;102.6976;0.0000;907.2068;1261610240.0000
269.9799;101.9723;0.0000;907.1293;1261610240.0000
269.7053;101.2469;0.0000;907.5800;1261610240.0000
268.7053;100.7962;0.0000;906.2068;1261610240.0000
267.7053;100.0708;0.0000;907.1293;1261610240.0000
267.4307;99.3455;0.0000;908.6575;1261610240.0000
266.4307;98.8948;0.0000;907.0307;1261610240.0000
265.4307;98.1694;0.0000;908.4039;1261610240.0000
264.7053;97.4440;0.0000;906.4814;1261610240.0000
264.4307;96.9933;0.0000;906.4814;1261610240.0000
263.4307;95.5426;0.0000;912.0308;1261610240.0000
262.4307;95.8172;0.0000;907.6575;1261610240.0000
261.7053;95.0919;0.0000;909.0308;1261610240.0000
260.7053;94.3665;0.0000;909.7561;1261610240.0000
260.4307;93.9158;0.0000;906.3829;1261610368.0000
259.4307;93.9158;0.0000;908.3054;1261610368.0000
258.4307;93.4651;0.0000;909.9321;1261610368.0000
257.8814;92.7397;0.0000;905.9321;1261610368.0000
256.8814;92.0144;0.0000;909.8547;1261610368.0000
255.6068;91.2890;0.0000;907.8336;1261610368.0000
254.6068;90.8383;0.0000;906.4814;1261610368.0000
254.0575;90.1129;0.0000;910.1293;1261610368.0000
252.7828;89.6622;0.0000;907.8336;1261610368.0000
252.5082;88.9369;0.0000;906.6575;1261610368.0000
251.2335;88.4861;0.0000;905.6365;1261610368.0000
250.2335;88.4861;0.0000;907.8336;1261610368.0000
249.9589;87.7608;0.0000;905.0096;1261610368.0000
249.2335;87.3101;0.0000;906.4604;1261610368.0000
248.9589;86.5847;0.0000;898.1082;1261610368.0000
247.9589;86.8593;0.0000;906.5590;1261610368.0000
246.9589;86.4086;0.0000;904.8126;1261610368.0000
246.6843;86.4086;0.0000;903.4604;1261610368.0000
245.6843;85.6833;0.0000;905.4604;1261610368.0000
244.6843;85.2325;0.0000;904.8126;1261610496.0000
244.4096;84.5072;0.0000;899.7561;1261610496.0000
243.1350;84.0565;0.0000;908.9111;1261610496.0000
242.8604;84.0565;0.0000;905.3618;1261610496.0000
241.8603;83.6057;0.0000;906.9111;1261610496.0000
241.3111;82.8804;8.7043;906.1858;1261610496.0000
240.3111;83.1550;0.0000;903.1857;1261610496.0000
239.0364;82.7043;0.0000;904.8336;1261610496.0000
238.0364;82.7043;0.0000;899.0097;1261610496.0000
237.7618;82.2536;0.0000;905.9111;1261610496.0000
236.4871;81.8029;0.0000;904.1083;1261610496.0000
235.4871;81.3522;8.7043;904.8126;1261610496.0000
235.2125;81.6268;0.0000;903.4604;1261610496.0000
234.2125;80.9014;0.0000;906.4604;1261610496.0000
233.2125;80.4507;0.0000;904.3618;1261610496.0000
232.2125;80.0000;0.0000;903.8336;1261610496.0000
231.2125;80.2746;0.0000;905.4604;1261610496.0000
229.9379;79.8239;8.7043;905.1858;1261610496.0000
229.6632;79.3732;0.0000;903.1083;1261610496.0000
228.6632;79.6478;8.7043;903.4604;1261610496.0000
227.6632;79.1971;0.0000;903.1857;1261610496.0000
226.6632;78.7464;0.0000;903.6575;1261610496.0000
225.6632;79.0210;0.0000;903.7350;1261610496.0000
224.6632;78.5703;0.0000;902.5590;1261610496.0000
223.9379;78.5703;8.7043;904.3829;1261610496.0000
222.9379;78.1196;0.0000;903.4604;1261610496.0000
222.2125;77.6689;0.0000;903.2068;1261610496.0000
221.2125;77.9435;8.7043;903.1083;1261610496.0000
220.2125;77.4928;0.0000;902.5590;1261610496.0000
219.4871;76.7675;0.0000;902.4814;1261610496.0000
218.4871;77.0421;8.7043;903.1083;1261610624.0000
217.4871;76.5914;8.7043;899.6575;1261610624.0000
216.4871;76.5914;8.7043;902.4814;1261610624.0000
215.7618;76.1407;0.0000;904.0096;1261610624.0000
214.7618;75.4153;0.0000;902.6575;1261610624.0000
214.0364;75.6899;0.0000;903.2068;1261610624.0000
213.3111;74.9646;8.7043;902.8336;1261610752.0000
212.5857;75.2392;0.0000;903.4814;1261610752.0000
211.5857;74.5139;0.0000;903.4814;1261610752.0000
210.8603;74.0631;0.0000;902.8336;1261610752.0000
209.8603;74.3378;0.0000;903.4814;1261610752.0000
209.1350;73.6124;0.0000;904.8336;1261610752.0000
208.4096;73.1617;0.0000;902.6575;1261610752.0000
207.4096;73.1617;0.0000;905.4814;1261610752.0000
206.6842;73.4364;0.0000;904.8336;1261610752.0000
205.9589;72.7110;0.0000;903.4814;1261610752.0000
205.2335;72.9856;0.0000;904.7561;1261610752.0000
203.5082;72.5349;0.0000;903.1857;1261610752.0000
202.7828;71.8096;0.0000;903.4814;1261610752.0000
202.5082;71.3588;0.0000;903.7561;1261610752.0000
201.7828;71.3588;0.0000;904.1083;1261610752.0000
201.0574;70.9081;0.0000;903.7561;1261610752.0000
200.0575;70.9081;0.0000;906.2068;1261610752.0000
198.6068;70.4574;0.0000;902.6575;1261610752.0000
198.3321;70.0067;0.0000;904.3054;1261610880.0000
197.6068;70.7320;0.0000;904.1083;1261610880.0000
196.6068;70.2813;0.0000;901.3054;1261610880.0000
195.6068;69.8306;0.0000;903.5800;1261610880.0000
194.6068;69.8306;0.0000;902.6575;1261610880.0000
193.6067;69.3799;0.0000;903.0308;1261610880.0000
192.6067;69.6545;0.0000;905.8547;1261610880.0000
191.8814;69.6545;0.0000;902.6575;1261610880.0000
190.8814;69.2038;0.0000;902.8547;1261610880.0000
189.8814;69.4785;0.0000;903.3054;1261610880.0000
188.8814;68.7531;0.0000;901.9321;1261610880.0000
187.8814;69.0277;0.0000;901.8546;1261610880.0000
186.8814;68.5770;0.0000;900.7560;1261610880.0000
185.8814;68.8517;0.0000;901.8546;1261610880.0000
184.1560;68.8517;0.0000;902.9532;1261610880.0000
183.1560;67.6756;0.0000;903.4814;1261610880.0000
182.1560;67.9502;0.0000;901.4039;1261610880.0000
181.1560;68.2249;0.0000;903.4039;1261610880.0000
180.1560;68.4995;0.0000;901.5800;1261610880.0000
179.8814;68.7741;0.0000;901.4039;1261610880.0000
178.8814;69.0488;0.0000;901.9532;1261610880.0000
177.8814;69.3234;0.0000;901.5800;1261610880.0000
177.8814;69.3234;0.0000;901.4039;1261610880.0000
176.8814;69.5981;0.0000;901.5800;1261610880.0000
175.8814;69.1473;0.0000;899.8547;1261610880.0000
175.1560;69.4220;8.7043;903.5024;1261610880.0000
174.1560;69.6966;0.0000;901.5800;1261610880.0000
173.1560;69.2459;0.0000;899.8547;1261610880.0000
172.4307;69.2459;0.0000;903.5024;1261610880.0000
171.4307;69.5206;0.0000;902.1293;1261610880.0000
170.4307;69.7952;0.0000;900.7772;1261610880.0000
169.7053;70.0698;0.0000;899.9532;1261610880.0000
168.7053;70.3445;0.0000;898.9532;1261610880.0000
167.7053;70.6191;0.0000;901.3264;1261610880.0000
166.7053;70.8938;0.0000;901.4039;1261610880.0000
165.9799;70.4430;0.0000;899.9532;1261610880.0000
164.9799;70.7177;0.0000;902.6011;1261611008.0000
164.2546;70.9923;0.0000;902.1293;1261611008.0000
163.2546;71.2670;0.0000;900.5025;1261611008.0000
162.5292;71.5416;0.0000;903.0518;1261611008.0000
161.8039;71.8162;8.7043;899.1293;1261611008.0000
160.8039;72.3655;0.0000;901.1503;1261611008.0000
160.0785;72.6402;0.0000;901.6011;1261611136.0000
159.3531;72.9148;0.0000;900.1293;1261611136.0000
158.3531;73.1894;0.0000;901.1503;1261611136.0000
157.6278;73.7387;0.0000;901.7772;1261611136.0000
157.3531;74.0134;0.0000;898.3264;1261611136.0000
156.6278;74.2880;0.0000;902.1504;1261611136.0000
155.9024;74.5627;0.0000;899.9532;1261611136.0000
154.9024;74.8373;8.7043;899.6011;1261611136.0000
154.1771;75.3866;0.0000;900.6996;1261611136.0000
153.1771;75.6612;0.0000;899.6786;1261611136.0000
152.4517;76.2105;0.0000;899.6996;1261611136.0000
151.7263;76.4851;0.0000;901.8757;1261611136.0000
150.7264;77.0344;0.0000;899.2278;1261611136.0000
150.7264;77.3091;0.0000;900.6011;1261611264.0000
149.7264;77.8583;0.0000;900.6011;1261611264.0000
149.0010;78.4076;0.0000;898.1503;1261611264.0000
148.2757;78.9569;0.0000;900.5236;1261611264.0000
147.2756;79.9569;0.0000;900.3264;1261611264.0000
146.5503;80.5062;0.0000;898.6996;1261611264.0000
145.8249;81.0555;0.0000;899.6996;1261611264.0000
144.8249;81.6048;0.0000;897.1503;1261611264.0000
144.0996;81.8794;0.0000;897.5236;1261611264.0000
142.3742;82.4287;0.0000;899.9742;1261611264.0000
142.0996;82.7033;0.0000;897.8757;1261611264.0000
141.3742;83.2526;0.0000;898.2489;1261611264.0000
140.3742;83.5272;0.0000;899.9742;1261611264.0000
139.6488;84.0765;0.0000;898.8757;1261611264.0000
138.6488;84.3512;0.0000;897.7982;1261611264.0000
138.6488;84.9004;0.0000;898.6011;1261611264.0000
137.6488;85.4497;8.7043;895.6996;1261611264.0000
136.9235;85.7244;0.0000;897.7982;1261611264.0000
136.9235;86.9990;0.0000;898.8757;1261611392.0000
135.9235;87.5483;0.0000;897.2489;1261611392.0000
135.1981;88.5483;0.0000;899.6996;1261611392.0000
134.4728;89.0976;0.0000;896.6996;1261611392.0000
133.7474;89.6469;8.7043;896.8967;1261611392.0000
133.0220;90.1961;0.0000;898.5236;1261611392.0000
132.2967;90.7454;0.0000;898.1503;1261611392.0000
131.5713;91.0201;0.0000;900.5236;1261611392.0000
130.8460;91.5693;0.0000;899.1504;1261611392.0000
130.1206;91.8440;0.0000;897.7982;1261611392.0000
129.3952;92.3933;0.0000;901.3475;1261611392.0000
129.3952;92.6679;0.0000;898.6996;1261611392.0000
128.6699;92.9425;0.0000;896.7982;1261611392.0000
128.6699;93.4918;0.0000;899.3475;1261611392.0000
127.9445;94.4918;0.0000;896.6996;1261611392.0000
127.2192;94.7665;0.0000;898.3475;1261611392.0000
127.2192;95.0411;3.2957;898.0728;1261611392.0000
126.4938;95.5904;3.2957;894.9742;1261611392.0000
125.7685;95.8650;0.0000;897.6221;1261611392.0000
125.0431;96.4143;3.2957;897.4250;1261611392.0000
124.3177;96.6889;0.0000;892.5024;1261611392.0000
123.5924;96.9636;0.0000;893.8757;1261611392.0000
123.5924;97.2382;0.0000;894.2278;1261611392.0000
122.8670;97.5129;8.7043;891.3264;1261611392.0000
122.1417;97.7875;0.0000;893.8757;1261611392.0000
121.4163;98.7875;0.0000;892.9532;1261611392.0000
120.6909;99.0621;0.0000;892.1504;1261611392.0000
119.9656;99.3368;0.0000;891.1503;1261611392.0000
119.2402;99.6114;0.0000;890.3264;1261611392.0000
118.5149;99.8861;0.0000;891.8757;1261611392.0000
118.5149;100.1607;0.0000;893.3264;1261611392.0000
117.7895;100.1607;0.0000;889.8757;1261611392.0000
117.0641;100.4354;8.7043;890.5236;1261611392.0000
116.6134;101.4353;0.0000;889.3264;1261611392.0000
115.8881;102.4354;0.0000;886.6996;1261611392.0000
115.1627;102.7100;8.7043;889.0728;1261611520.0000
114.4373;102.9846;0.0000;886.8757;1261611648.0000
113.7120;103.2593;0.0000;884.6221;1261611648.0000
112.9866;104.2593;0.0000;887.3475;1261611648.0000
112.2613;104.9846;0.0000;885.2489;1261611648.0000
112.2613;105.9846;0.0000;884.1714;1261611648.0000
111.8106;106.2593;0.0000;886.0728;1261611648.0000
111.0852;107.2593;0.0000;883.0729;1261611648.0000
110.3598;107.2593;0.0000;886.8967;1261611648.0000
109.6345;106.8086;8.7043;883.7982;1261611648.0000
108.9091;107.0832;0.0000;882.8967;1261611648.0000
108.1838;107.0832;8.7043;881.5236;1261611648.0000
107.7330;107.3578;8.7043;881.1714;1261611648.0000
107.0077;107.6325;0.0000;880.5446;1261611648.0000
106.2823;108.3578;0.0000;880.9178;1261611648.0000
105.5570;109.3578;0.0000;878.7207;1261611648.0000
104.8316;110.3578;0.0000;879.5446;1261611648.0000
104.1062;110.3578;8.7043;880.2700;1261611648.0000
104.3809;110.6325;0.0000;877.3685;1261611648.0000
103.6555;110.9071;0.0000;879.7417;1261611648.0000
102.9302;111.6325;8.7043;879.2700;1261611776.0000
102.9302;112.6325;0.0000;871.3896;1261611776.0000
102.4794;112.9071;0.0000;877.1149;1261611776.0000
101.7541;112.9071;8.7043;875.1924;1261611776.0000
101.0287;113.9071;0.0000;875.1924;1261611776.0000
100.3034;114.9071;0.0000;876.8403;1261611776.0000
99.5780;115.9071;0.0000;874.3685;1261611776.0000
98.8527;116.6325;0.0000;874.5657;1261611776.0000
98.1273;116.9071;0.0000;874.5657;1261611776.0000
98.1273;117.1818;8.7043;872.0164;1261611776.0000
97.4019;117.4564;0.0000;873.9388;1261611776.0000
95.9512;118.1818;8.7043;873.7418;1261611776.0000
95.2259;119.1818;0.0000;870.8403;1261611776.0000
94.5005;120.1818;0.0000;874.6642;1261611776.0000
93.7751;120.1818;0.0000;871.5657;1261611776.0000
93.0498;120.4564;0.0000;868.8403;1261611776.0000
93.0498;121.4564;0.0000;872.4882;1261611776.0000
92.3244;122.4564;0.0000;870.8403;1261611776.0000
91.5991;122.7310;0.0000;868.5867;1261611904.0000
90.8737;123.0057;0.0000;868.0374;1261611904.0000
90.1483;124.0057;0.0000;870.8403;1261611904.0000
89.4230;125.0057;0.0000;866.6852;1261611904.0000
87.9723;126.0057;0.0000;870.2135;1261611904.0000
87.5215;126.2803;0.0000;867.0374;1261611904.0000
86.7962;127.2803;0.0000;868.4106;1261611904.0000
86.0708;128.2803;0.0000;867.7628;1261611904.0000
84.6201;129.2803;0.0000;865.1360;1261611904.0000
83.8948;129.5550;0.0000;866.9599;1261611904.0000
83.4440;130.5550;0.0000;865.7628;1261611904.0000
82.7187;131.5550;0.0000;865.9599;1261611904.0000
81.9933;132.5550;0.0000;866.9599;1261611904.0000
81.2680;132.8296;0.0000;864.3121;1261611904.0000
81.2680;133.8296;0.0000;863.6852;1261611904.0000
80.0919;134.8296;0.0000;863.6852;1261611904.0000
80.0919;135.1042;0.0000;862.4106;1261611904.0000
79.3665;136.1042;0.0000;863.6078;1261611904.0000
78.6412;137.1042;0.0000;864.5867;1261611904.0000
77.9158;138.1042;0.0000;862.6852;1261611904.0000
77.4651;138.3789;0.0000;865.3331;1261611904.0000
77.4651;139.3789;0.0000;862.1360;1261611904.0000
76.7397;139.6535;0.0000;862.2346;1261611904.0000
77.0144;140.6535;0.0000;865.9599;1261611904.0000
77.0144;140.9282;0.0000;864.3121;1261611904.0000
76.2890;141.9282;0.0000;863.7838;1261611904.0000
76.5637;142.2028;0.0000;863.6852;1261611904.0000
76.5637;142.4774;0.0000;861.9599;1261611904.0000
75.8383;143.4774;0.0000;862.0374;1261612032.0000
75.1129;143.7521;0.0000;861.6853;1261612032.0000
75.1129;144.4774;0.0000;862.3331;1261612032.0000
74.6622;145.4774;0.0000;864.1570;1261612032.0000
73.9369;146.4774;0.0000;863.1360;1261612032.0000
73.4861;147.4774;0.0000;861.6077;1261612032.0000
73.0354;148.2028;0.0000;865.1570;1261612032.0000
72.3101;148.4774;0.0000;858.0585;1261612032.0000
72.5847;149.4774;0.0000;860.8824;1261612160.0000
71.8593;149.4774;0.0000;861.6077;1261612160.0000
71.4086;150.4774;0.0000;858.6077;1261612160.0000
71.4086;150.7521;0.0000;859.0795;1261612160.0000
70.6833;151.4774;0.0000;859.3331;1261612160.0000
70.2325;151.7521;0.0000;857.9810;1261612160.0000
70.2325;152.7521;0.0000;859.3541;1261612160.0000
69.5072;153.4774;0.0000;857.1570;1261612160.0000
69.0565;154.4774;0.0000;857.5303;1261612160.0000
69.0565;154.7521;0.0000;857.8049;1261612160.0000
68.6057;155.7521;0.0000;855.1570;1261612160.0000
68.1550;156.7521;8.7043;857.5303;1261612160.0000
67.4297;157.4774;0.0000;856.8049;1261612160.0000
66.9790;158.4774;0.0000;855.4316;1261612160.0000
66.2536;158.7521;8.7043;855.9034;1261612160.0000
66.5282;159.7521;0.0000;854.2556;1261612160.0000
66.0775;160.7521;0.0000;854.3541;1261612160.0000
65.3522;161.0267;0.0000;855.3542;1261612160.0000
65.6268;162.0267;0.0000;855.7063;1261612288.0000
64.9014;163.0267;0.0000;852.9034;1261612288.0000
64.4507;163.7521;8.7043;854.7274;1261612288.0000
64.4507;164.0267;0.0000;854.8049;1261612288.0000
64.0000;165.0267;0.0000;852.9034;1261612288.0000
63.5493;166.0267;0.0000;851.9034;1261612288.0000
63.5493;167.0267;0.0000;851.5303;1261612288.0000
63.0986;168.0267;8.7043;852.4528;1261612288.0000
62.3732;168.3014;0.0000;852.0795;1261612288.0000
62.6478;169.3014;0.0000;849.9034;1261612288.0000
61.9225;170.3014;0.0000;850.1005;1261612288.0000
62.1971;171.3014;0.0000;850.8049;1261612288.0000
61.4718;172.0267;0.0000;850.4527;1261612288.0000
61.7464;172.3014;0.0000;852.0020;1261612288.0000
61.2957;173.3014;0.0000;849.6288;1261612288.0000
61.5703;174.3014;0.0000;849.5513;1261612288.0000
60.8450;175.3014;0.0000;852.1781;1261612288.0000
60.3943;175.5760;0.0000;849.6288;1261612288.0000
60.6689;177.0267;0.0000;849.7274;1261612288.0000
59.9435;178.0267;0.0000;850.8049;1261612288.0000
60.2182;179.0267;0.0000;848.1780;1261612288.0000
59.7675;180.0267;0.0000;851.2766;1261612288.0000
60.0421;181.0267;0.0000;847.3541;1261612288.0000
59.5914;181.7521;0.0000;848.4527;1261612288.0000
59.8660;182.7521;0.0000;847.3752;1261612288.0000
59.1407;183.7521;0.0000;845.4528;1261612288.0000
59.4153;185.4774;0.0000;848.1006;1261612288.0000
58.9646;186.4774;0.0000;849.8259;1261612288.0000
59.2392;187.2028;0.0000;845.4528;1261612288.0000
58.5139;188.2028;0.0000;847.5513;1261612288.0000
58.0631;189.9282;0.0000;848.2766;1261612288.0000
58.3378;190.9282;0.0000;846.1781;1261612288.0000
58.6124;191.9282;0.0000;846.2767;1261612288.0000
58.1617;192.9282;0.0000;846.3541;1261612288.0000
58.1617;194.6535;0.0000;845.4528;1261612288.0000
58.4364;195.3789;0.0000;844.9245;1261612288.0000
57.9856;196.3789;0.0000;846.0795;1261612288.0000
58.2603;197.3789;0.0000;845.4528;1261612416.0000
58.5349;198.3789;0.0000;846.4528;1261612416.0000
58.8096;199.3789;8.7043;844.3542;1261612416.0000
58.6335;201.1042;0.0000;845.4528;1261612544.0000
58.9081;202.1042;0.0000;845.4528;1261612544.0000
58.4574;203.1042;0.0000;844.6288;1261612544.0000
58.7320;203.8296;0.0000;843.8259;1261612544.0000
58.7320;204.8296;0.0000;843.8049;1261612544.0000
59.0067;205.8296;0.0000;843.1781;1261612544.0000
58.5560;206.8296;0.0000;846.2767;1261612544.0000
58.8306;207.8296;0.0000;844.6288;1261612544.0000
58.3799;208.5550;8.7043;843.1005;1261612544.0000
58.3799;210.2803;0.0000;845.7274;1261612544.0000
58.6545;211.2803;0.0000;844.3542;1261612544.0000
58.2038;212.2803;8.7043;843.2767;1261612544.0000
58.4785;213.2803;0.0000;845.4528;1261612544.0000
58.7531;214.2803;8.7043;843.8049;1261612544.0000
58.3024;215.0057;0.0000;843.2767;1261612544.0000
58.3024;216.0057;0.0000;846.1781;1261612672.0000
57.8517;217.0057;0.0000;841.7273;1261612672.0000
58.1263;218.4564;0.0000;844.1006;1261612672.0000
58.1263;219.4564;0.0000;843.1781;1261612672.0000
57.6756;219.7310;0.0000;842.2766;1261612672.0000
57.9502;220.4564;0.0000;844.1006;1261612672.0000
58.2249;221.4564;0.0000;842.1781;1261612672.0000
58.4995;222.4564;0.0000;841.1006;1261612672.0000
58.0488;223.1818;0.0000;842.5513;1261612672.0000
58.0488;224.1818;0.0000;843.4527;1261612672.0000
58.3234;224.9071;0.0000;843.8259;1261612672.0000
58.5981;225.9071;0.0000;842.6288;1261612672.0000
58.1473;226.6325;0.0000;841.7273;1261612672.0000
58.4220;227.6325;0.0000;845.7274;1261612672.0000
58.4220;228.3578;0.0000;844.6288;1261612672.0000
58.6966;229.0832;0.0000;841.0020;1261612672.0000
58.2459;230.0832;0.0000;845.4528;1261612672.0000
58.5205;230.8086;8.7043;843.8049;1261612672.0000
58.7952;231.0832;0.0000;840.3752;1261612800.0000
59.0698;231.8086;0.0000;842.0020;1261612800.0000
58.6191;232.8086;0.0000;841.6288;1261612800.0000
58.8938;233.5339;0.0000;841.1006;1261612800.0000
59.1684;234.2593;0.0000;841.0020;1261612800.0000
58.7177;235.2593;0.0000;840.1781;1261612800.0000
58.7177;235.9846;0.0000;841.1006;1261612800.0000
58.9923;237.4354;0.0000;840.1781;1261612800.0000
59.2670;238.1607;0.0000;839.5513;1261612800.0000
59.5416;239.1607;0.0000;842.5513;1261612800.0000
58.8162;239.8861;8.7043;840.6288;1261612800.0000
59.0909;241.3368;0.0000;838.2766;1261612800.0000
59.3655;242.3368;8.7043;839.8259;1261612800.0000
59.6402;243.0622;0.0000;840.9034;1261612800.0000
59.9148;244.5129;0.0000;838.0020;1261612800.0000
60.1894;245.5129;0.0000;841.7273;1261612800.0000
60.1894;246.2382;0.0000;839.0020;1261612800.0000
60.4641;247.9636;8.7043;840.2766;1261612800.0000
60.0134;248.6889;0.0000;839.4528;1261612800.0000
60.2880;249.6889;8.7043;839.0020;1261612800.0000
60.5627;251.1397;0.0000;840.3752;1261612800.0000
60.8373;251.8650;0.0000;840.8049;1261612800.0000
61.1119;252.5904;0.0000;839.0020;1261612800.0000
61.3866;254.3158;0.0000;839.7274;1261612800.0000
61.6612;255.0411;8.7043;837.9810;1261612800.0000
61.6612;255.7665;0.0000;838.7274;1261612800.0000
61.9359;256.4918;8.7043;839.1781;1261612800.0000
62.2105;257.4918;0.0000;838.1781;1261612800.0000
62.4851;258.2172;0.0000;838.7274;1261612800.0000
62.7598;258.9425;8.7043;838.6288;1261612800.0000
63.0344;259.6679;0.0000;837.6288;1261612800.0000
63.3091;260.6679;0.0000;839.7274;1261612800.0000
63.5837;261.3932;0.0000;838.9810;1261612800.0000
63.5837;262.1186;0.0000;835.9034;1261612800.0000
63.8583;262.8440;0.0000;842.3541;1261612928.0000
64.1330;263.8440;0.0000;838.8049;1261612928.0000
64.4076;264.5693;0.0000;838.9034;1261613056.0000
64.4076;265.2947;0.0000;840.0795;1261613056.0000
63.9569;266.0201;3.2957;837.3542;1261613056.0000
64.2315;266.7454;0.0000;841.6288;1261613056.0000
64.5062;267.4708;0.0000;839.5302;1261613056.0000
64.7808;268.4708;0.0000;838.8049;1261613056.0000
64.7808;269.1961;0.0000;842.3541;1261613056.0000
65.3301;269.9215;0.0000;842.7063;1261613056.0000
65.6048;269.9215;0.0000;840.8049;1261613056.0000
65.8794;270.9215;0.0000;843.5303;1261613056.0000
66.1540;271.6469;0.0000;842.7838;1261613056.0000
66.7033;272.3722;0.0000;841.0795;1261613056.0000
66.9780;273.3722;0.0000;842.9810;1261613056.0000
67.2526;274.0976;0.0000;842.4317;1261613056.0000
67.8019;274.8229;0.0000;843.5303;1261613056.0000
68.0765;275.8229;0.0000;843.8824;1261613056.0000
68.3512;276.5483;0.0000;843.3331;1261613056.0000
68.9004;276.5483;0.0000;844.4316;1261613056.0000
69.1751;277.2737;0.0000;843.5092;1261613184.0000
70.4497;278.2737;0.0000;843.0585;1261613184.0000
70.7244;279.7244;0.0000;841.8613;1261613184.0000
71.2736;280.7244;0.0000;844.8613;1261613184.0000
71.8229;281.4497;0.0000;841.8824;1261613184.0000
72.3722;282.4497;0.0000;845.9599;1261613184.0000
72.6469;283.1751;0.0000;842.5867;1261613184.0000
73.9215;283.9005;0.0000;844.2346;1261613184.0000
74.4708;284.9005;0.0000;846.3121;1261613184.0000
75.0201;285.6258;0.0000;842.6852;1261613184.0000
75.5693;286.3512;3.2957;845.5092;1261613184.0000
76.8440;287.0765;0.0000;845.4882;1261613184.0000
77.3933;287.8019;0.0000;843.8613;1261613184.0000
77.6679;288.5272;0.0000;847.1360;1261613184.0000
78.9425;289.9780;0.0000;846.9388;1261613184.0000
79.4918;290.7033;0.0000;845.5867;1261613184.0000
80.7665;291.4287;0.0000;847.2135;1261613184.0000
81.3157;292.1540;0.0000;847.6642;1261613184.0000
81.8650;292.8794;0.0000;846.3121;1261613184.0000
83.1397;293.6047;0.0000;849.3895;1261613312.0000
83.6889;294.3301;3.2957;846.2135;1261613312.0000
84.2382;295.0555;8.7043;848.7628;1261613312.0000
85.5129;295.7808;0.0000;851.0164;1261613312.0000
86.0621;296.5062;0.0000;849.8403;1261613312.0000
86.6114;297.2315;0.0000;850.5657;1261613312.0000
87.8861;297.6823;0.0000;849.7417;1261613312.0000
88.4354;298.4076;0.0000;849.5657;1261613312.0000
88.9846;298.8583;3.2957;850.1150;1261613312.0000
90.2593;299.5837;0.0000;846.7417;1261613312.0000
90.8086;300.7598;0.0000;849.8403;1261613312.0000
91.3578;301.4851;3.2957;849.2910;1261613312.0000
92.6325;302.2105;0.0000;848.4671;1261613312.0000
93.1818;302.6612;0.0000;849.1149;1261613312.0000
94.4564;303.3866;0.0000;850.4670;1261613312.0000
95.0057;304.1119;0.0000;848.2910;1261613312.0000
96.2803;304.5627;0.0000;852.2910;1261613312.0000
96.8296;305.2880;0.0000;852.3685;1261613312.0000
97.3789;306.0134;0.0000;851.7417;1261613312.0000
98.3789;306.4641;0.0000;852.7418;1261613312.0000
98.9282;307.9148;0.0000;849.9178;1261613312.0000
99.4775;308.3655;0.0000;850.5657;1261613312.0000
100.4774;309.0909;3.2957;852.7418;1261613312.0000
101.0267;309.5416;0.0000;850.7417;1261613312.0000
102.3014;310.2670;0.0000;850.1150;1261613312.0000
102.5760;310.7177;0.0000;851.0939;1261613312.0000
103.8507;311.4430;0.0000;850.6431;1261613312.0000
104.3999;312.6191;0.0000;851.2910;1261613440.0000
105.3999;313.3445;0.0000;851.6432;1261613440.0000
106.6746;313.7952;0.0000;849.0164;1261613440.0000
107.2239;315.2459;0.0000;852.2910;1261613440.0000
108.2239;315.9713;0.0000;851.6432;1261613440.0000
109.2239;316.4220;0.0000;851.4670;1261613440.0000
109.7731;317.8727;0.0000;852.4671;1261613440.0000
110.7731;318.5981;0.0000;850.6431;1261613440.0000
111.0478;319.7741;0.0000;850.5657;1261613440.0000
112.0478;320.4995;0.0000;851.1924;1261613568.0000
113.0478;321.2249;0.0000;847.7417;1261613568.0000
113.3224;322.6756;0.0000;852.2910;1261613568.0000
114.5971;323.1263;0.0000;851.0939;1261613568.0000
115.5971;323.8517;0.0000;850.4670;1261613568.0000
116.5971;325.3024;0.0000;850.5657;1261613568.0000
117.5971;326.0277;0.0000;850.3685;1261613568.0000
118.5971;326.4785;0.0000;849.1149;1261613568.0000
118.8717;327.9292;3.2957;851.7417;1261613568.0000
119.8717;328.6545;8.7043;850.6431;1261613568.0000
120.8717;329.3799;0.0000;849.2910;1261613568.0000
121.8717;330.5560;0.0000;849.0164;1261613568.0000
123.1463;331.2813;0.0000;848.4671;1261613568.0000
124.1463;332.0067;0.0000;849.1149;1261613568.0000
124.4210;332.7321;0.0000;849.6431;1261613568.0000
125.4210;334.1828;0.0000;849.5657;1261613568.0000
126.4210;334.9081;0.0000;850.5657;1261613568.0000
127.6956;335.6335;0.0000;850.3685;1261613568.0000
128.6956;337.0842;0.0000;850.7417;1261613696.0000
129.6956;337.5349;0.0000;852.4671;1261613696.0000
130.6956;338.2603;0.0000;849.6431;1261613696.0000
131.6956;338.9856;0.0000;849.8403;1261613696.0000
132.6956;339.4363;0.0000;851.1924;1261613696.0000
133.6956;340.8871;0.0000;848.9178;1261613696.0000
134.6956;341.6124;3.2957;851.7417;1261613696.0000
135.4210;342.3378;0.0000;849.6431;1261613696.0000
136.4210;342.7885;0.0000;848.7418;1261613696.0000
137.4210;343.5139;0.0000;849.5657;1261613696.0000
138.4210;343.9646;0.0000;851.0939;1261613696.0000
139.4210;344.6899;0.0000;847.4670;1261613696.0000
139.6956;345.4153;0.0000;851.4670;1261613696.0000
140.6956;345.8660;0.0000;848.3685;1261613696.0000
141.6956;346.5914;0.0000;849.0164;1261613696.0000
142.6956;347.0421;0.0000;850.4670;1261613696.0000
142.9703;347.0421;0.0000;848.1924;1261613696.0000
143.9703;347.4928;0.0000;849.5657;1261613696.0000
144.9703;348.2182;0.0000;849.3685;1261613696.0000
145.2449;348.9435;0.0000;846.0164;1261613696.0000
146.2449;348.6689;0.0000;850.1150;1261613696.0000
146.5196;349.3943;0.0000;849.6431;1261613696.0000
147.7942;349.8450;0.0000;849.2910;1261613696.0000
148.7942;350.5703;0.0000;851.0164;1261613696.0000
149.0688;351.0211;0.0000;849.6431;1261613696.0000
150.0688;351.7464;0.0000;848.8403;1261613696.0000
151.0688;352.1971;0.0000;849.5657;1261613696.0000
152.0688;352.9225;0.0000;848.4671;1261613696.0000
153.0688;352.6478;0.0000;848.2910;1261613696.0000
154.0688;354.0986;0.0000;848.6432;1261613696.0000
155.3435;353.8239;0.0000;846.8403;1261613696.0000
156.3435;354.2746;0.0000;849.5657;1261613696.0000
157.3435;354.2746;0.0000;848.1924;1261613696.0000
158.6181;354.7254;0.0000;848.2910;1261613696.0000
160.3435;355.1761;0.0000;849.2910;1261613696.0000
161.3435;355.6268;0.0000;848.1924;1261613696.0000
162.6181;356.0775;0.0000;848.5656;1261613696.0000
163.6181;356.0775;0.0000;849.0164;1261613824.0000
164.8928;356.5282;0.0000;846.0164;1261613824.0000
166.6181;356.9790;0.0000;849.5657;1261613952.0000
167.8928;356.7043;0.0000;850.1924;1261613952.0000
169.8928;357.1550;0.0000;848.4671;1261613952.0000
171.6181;357.6057;0.0000;848.3896;1261613952.0000
172.6181;357.3311;0.0000;849.6431;1261613952.0000
174.6181;357.5072;0.0000;847.0164;1261613952.0000
176.6181;357.2325;0.0000;849.8403;1261613952.0000
177.6181;357.6833;0.0000;848.3685;1261613952.0000
179.6181;358.1340;0.0000;847.8403;1261613952.0000
180.6181;358.5847;0.0000;850.0164;1261613952.0000
182.6181;359.0354;0.0000;848.1924;1261613952.0000
183.6181;358.4861;0.0000;849.0164;1261613952.0000
185.3435;358.9368;0.0000;850.1924;1261613952.0000
186.6181;359.3876;0.0000;848.1924;1261613952.0000
188.3435;359.5636;0.0000;849.8403;1261613952.0000
189.3435;360.0144;0.0000;850.0939;1261613952.0000
191.3435;359.4651;0.0000;848.7418;1261614080.0000
192.3435;359.9158;0.0000;848.8403;1261614080.0000
194.0688;360.3665;0.0000;849.0939;1261614080.0000
195.7942;359.8172;0.0000;849.0164;1261614080.0000
197.7942;360.2680;0.0000;851.1924;1261614080.0000
198.7942;359.7187;0.0000;849.0939;1261614080.0000
200.5196;360.1694;0.0000;849.0164;1261614080.0000
202.2449;359.6201;0.0000;852.6432;1261614080.0000
203.9703;359.7962;3.2957;849.1924;1261614080.0000
205.9703;360.2469;0.0000;850.4670;1261614080.0000
206.9703;359.6976;0.0000;851.5446;1261614080.0000
208.6956;360.1483;0.0000;850.3685;1261614080.0000
210.6956;359.5991;0.0000;851.7417;1261614080.0000
212.4210;359.7751;0.0000;848.3685;1261614080.0000
214.1463;359.5005;0.0000;850.1924;1261614080.0000
215.8717;359.6766;0.0000;851.7417;1261614080.0000
217.5971;359.1273;0.0000;849.5446;1261614080.0000
219.3224;359.3034;0.0000;850.4670;1261614080.0000
220.3224;358.7541;0.0000;851.8192;1261614208.0000
221.7731;358.4795;0.0000;850.3685;1261614208.0000
223.4985;357.9302;0.0000;851.1924;1261614208.0000
224.7731;358.1062;0.0000;852.2700;1261614208.0000
226.4985;357.8316;0.0000;851.0939;1261614208.0000
227.4985;358.0077;0.0000;851.7417;1261614208.0000
229.2239;357.7330;0.0000;852.8192;1261614208.0000
230.2239;357.9091;0.0000;850.6431;1261614208.0000
231.9492;357.3598;0.0000;852.6432;1261614208.0000
233.6746;357.0852;0.0000;851.9953;1261614208.0000
234.6746;356.5359;0.0000;852.0939;1261614208.0000
236.3999;355.9866;0.0000;854.0939;1261614208.0000
238.1253;356.1627;0.0000;853.7207;1261614208.0000
238.8507;355.8881;0.0000;853.6431;1261614208.0000
240.5760;355.3388;0.0000;853.2700;1261614208.0000
242.3014;355.5149;0.0000;852.5446;1261614208.0000
243.3014;354.9656;0.0000;853.9178;1261614208.0000
245.0267;354.6909;0.0000;853.9953;1261614208.0000
246.0267;354.1417;0.0000;850.6431;1261614208.0000
247.7521;354.5924;3.2957;855.3685;1261614208.0000
248.7521;354.0431;0.0000;854.4460;1261614208.0000
249.4775;353.4938;0.0000;852.6432;1261614208.0000
251.2028;353.2192;0.0000;854.8192;1261614208.0000
252.2028;353.3953;0.0000;853.7207;1261614208.0000
253.6535;352.8460;0.0000;851.3685;1261614208.0000
254.6535;352.5714;0.0000;853.8193;1261614208.0000
255.6535;352.0221;0.0000;854.2700;1261614208.0000
257.1042;351.4728;0.0000;856.3685;1261614208.0000
258.1042;350.9235;0.0000;856.1714;1261614208.0000
259.5550;350.6489;0.0000;855.5446;1261614208.0000
260.5550;350.0996;0.0000;857.0939;1261614208.0000
262.0057;349.5503;0.0000;856.1714;1261614208.0000
263.0057;349.2756;0.0000;855.6432;1261614336.0000
263.7310;348.7264;0.0000;858.5446;1261614336.0000
265.4564;348.1771;0.0000;856.9954;1261614336.0000
266.1818;347.9025;0.0000;856.9178;1261614336.0000
267.6325;347.3531;0.0000;859.0939;1261614464.0000
268.3578;346.8039;0.0000;857.1924;1261614464.0000
269.8086;346.2546;0.0000;858.7417;1261614464.0000
270.9846;345.7053;0.0000;858.3685;1261614464.0000
271.7100;345.1560;3.2957;857.9178;1261614464.0000
272.8861;344.6068;0.0000;861.2910;1261614464.0000
274.3368;344.0575;3.2957;859.5446;1261614464.0000
275.0621;343.7828;0.0000;859.4671;1261614464.0000
276.2382;343.2336;3.2957;862.7418;1261614464.0000
277.6890;342.9589;3.2957;858.8192;1261614464.0000
279.1396;341.6843;3.2957;860.1924;1261614464.0000
279.5904;341.4096;0.0000;860.9178;1261614464.0000
281.0411;341.1350;3.2957;859.8192;1261614464.0000
282.4918;340.5857;0.0000;861.2910;1261614464.0000
283.2172;339.5857;0.0000;860.5446;1261614464.0000
284.6679;339.3110;0.0000;860.8193;1261614464.0000
285.8440;338.0364;0.0000;859.8967;1261614464.0000
287.2947;337.7618;0.0000;864.9178;1261614464.0000
288.7454;337.4871;0.0000;863.5657;1261614464.0000
290.1961;336.4871;0.0000;866.3895;1261614592.0000
290.6469;336.2125;0.0000;865.1924;1261614592.0000
292.0976;334.9379;0.0000;865.1149;1261614592.0000
293.5483;334.9379;0.0000;868.0164;1261614592.0000
294.9990;333.9378;0.0000;866.9178;1261614592.0000
295.7244;333.6632;0.0000;867.1149;1261614592.0000
297.9005;332.6632;0.0000;868.4670;1261614592.0000
299.3512;331.9379;0.0000;869.1925;1261614592.0000
300.0765;331.6632;0.0000;868.8403;1261614592.0000
301.5272;330.6632;0.0000;869.1925;1261614592.0000
302.9780;329.9379;0.0000;868.0164;1261614592.0000
303.7033;329.6632;0.0000;871.2910;1261614592.0000
305.1540;328.9378;0.0000;870.6432;1261614592.0000
306.6047;328.2125;0.0000;869.2910;1261614592.0000
307.3301;327.4871;0.0000;870.3685;1261614592.0000
308.7808;326.7618;0.0000;864.9742;1261614592.0000
309.5062;326.0364;8.7043;854.9111;1261614592.0000
310.6823;325.3110;0.0000;843.5312;1261614592.0000
312.1330;324.5857;8.7043;813.2432;1261614592.0000
312.8583;323.5857;0.0000;697.1687;1261614592.0000
205.2766;267.6575;0.0000;699.9716;1256958336.0000
206.0020;266.9322;0.0000;698.5209;1256958336.0000
207.4527;266.2068;0.0000;699.9716;1256958336.0000
208.9034;264.7561;0.0000;699.9716;1256958336.0000
209.6288;264.0307;0.0000;698.5209;1256958336.0000
211.0795;263.3054;0.0000;699.9716;1256958336.0000
212.5302;262.5800;0.0000;700.6970;1256958336.0000
213.2556;261.8546;0.0000;699.9716;1256958336.0000
214.7063;261.1293;0.0000;701.4223;1256958336.0000
215.4317;260.4039;0.0000;699.9716;1256958336.0000
216.8824;259.6786;0.0000;702.1476;1256958336.0000
218.3331;258.9532;0.0000;703.5984;1256958336.0000
219.7838;257.5025;0.0000;700.6970;1256958336.0000
221.2345;256.7771;0.0000;702.1476;1256958336.0000
221.9599;256.0518;0.0000;704.3237;1256958336.0000
223.4106;254.6011;0.0000;700.6970;1256958336.0000
224.8613;253.8757;0.0000;704.3237;1256958464.0000
225.5867;253.1503;0.0000;704.3237;1256958464.0000
227.0374;252.4250;0.0000;702.1476;1256958464.0000
227.7628;250.9743;0.0000;704.3237;1256958464.0000
229.2135;250.9743;0.0000;702.1476;1256958464.0000
229.9388;249.5235;0.0000;701.4223;1256958464.0000
231.3896;249.5235;0.0000;705.7745;1256958464.0000
232.1149;248.7982;0.0000;702.8730;1256958464.0000
233.5656;248.0728;0.0000;704.3237;1256958464.0000
234.2910;247.3475;0.0000;704.3237;1256958464.0000
235.7417;245.8967;0.0000;702.8730;1256958464.0000
237.1924;245.1714;0.0000;704.3237;1256958464.0000
238.6432;244.4460;0.0000;704.3237;1256958464.0000
239.3685;242.9953;0.0000;704.3237;1256958464.0000
240.8192;241.5446;0.0000;706.4998;1256958464.0000
242.2700;240.8192;0.0000;705.0491;1256958464.0000
242.9953;239.3685;0.0000;705.7745;1256958464.0000
243.7207;238.6432;0.0000;708.6759;1256958464.0000
245.1714;237.9178;0.0000;704.3237;1256958592.0000
245.8967;237.1924;0.0000;706.4998;1256958592.0000
246.6221;235.7417;0.0000;705.7745;1256958592.0000
248.0728;235.0164;8.7043;705.7745;1256958592.0000
248.7982;234.2910;0.0000;707.2252;1256958592.0000
249.5235;233.5656;8.7043;707.2252;1256958592.0000
250.2489;232.1149;0.0000;705.7745;1256958592.0000
251.6996;231.3896;0.0000;707.2252;1256958592.0000
252.4250;229.9388;0.0000;706.4998;1256958592.0000
253.1503;229.2135;0.0000;706.4998;1256958592.0000
253.8757;228.4881;0.0000;708.6759;1256958592.0000
255.3264;227.0374;0.0000;705.0491;1256958592.0000
256.0518;226.3121;0.0000;707.2252;1256958592.0000
256.7771;224.8613;0.0000;708.6759;1256958592.0000
257.5025;223.4106;0.0000;705.7745;1256958592.0000
258.2278;221.9599;0.0000;708.6759;1256958592.0000
259.6786;220.5092;0.0000;707.9505;1256958592.0000
260.4039;219.0585;0.0000;705.7745;1256958592.0000
261.8546;217.6077;0.0000;708.6759;1256958720.0000
262.5800;216.1570;0.0000;707.9505;1256958720.0000
264.0307;214.7063;0.0000;707.2252;1256958720.0000
264.7561;213.9809;0.0000;709.4012;1256958720.0000
265.4814;212.5302;0.0000;707.9505;1256958720.0000
266.2068;211.8049;0.0000;708.6759;1256958720.0000
266.9322;211.0795;0.0000;709.4012;1256958720.0000
268.3829;209.6288;0.0000;707.2252;1256958720.0000
268.3829;208.9034;0.0000;708.6759;1256958720.0000
269.1082;208.1781;0.0000;709.4012;1256958720.0000
269.8336;206.7274;0.0000;708.6759;1256958720.0000
270.5590;206.0020;0.0000;710.8519;1256958720.0000
271.2843;204.5513;0.0000;710.1266;1256958720.0000
272.0097;203.1006;0.0000;709.4012;1256958720.0000
272.7350;202.3752;8.7043;710.8519;1256958720.0000
272.7350;200.9245;0.0000;710.8519;1256958720.0000
273.4604;199.4738;8.7043;710.8519;1256958720.0000
274.1858;198.7484;0.0000;712.3027;1256958720.0000
274.9111;197.2977;0.0000;710.8519;1256958720.0000
274.9111;195.8470;0.0000;712.3027;1256958720.0000
276.3618;195.1216;0.0000;712.3027;1256958720.0000
276.3618;193.6709;0.0000;705.7745;1256958720.0000
277.0872;192.2202;0.0000;713.0280;1256958720.0000
277.8126;190.7695;0.0000;713.7534;1256958720.0000
278.5379;190.0441;0.0000;713.0280;1256958720.0000
278.5379;188.5934;0.0000;714.4788;1256958720.0000
279.2633;187.1427;0.0000;713.0280;1256958720.0000
279.9886;185.6919;0.0000;713.7534;1256958720.0000
280.7140;184.9666;0.0000;715.2041;1256958720.0000
280.7140;183.5159;0.0000;713.0280;1256958720.0000
281.4394;182.7905;0.0000;712.3027;1256958720.0000
282.1647;182.0651;0.0000;714.4788;1256958720.0000
282.8901;180.6144;0.0000;713.0280;1256958720.0000
282.8901;179.8891;0.0000;712.3027;1256958720.0000
283.6154;179.1637;0.0000;713.7534;1256958720.0000
284.3408;177.7130;0.0000;713.0280;1256958720.0000
284.3408;176.9876;0.0000;713.7534;1256958720.0000
285.0661;175.5369;0.0000;713.0280;1256958848.0000
285.7915;174.8116;0.0000;715.2041;1256958848.0000
285.7915;173.3608;0.0000;716.6548;1256958848.0000
285.7915;171.9101;0.0000;713.0280;1256958848.0000
285.7915;171.1848;0.0000;713.7534;1256958848.0000
286.5169;169.7340;0.0000;715.2041;1256958848.0000
286.5169;169.0087;0.0000;713.0280;1256958848.0000
286.5169;167.5580;0.0000;713.0280;1256958848.0000
287.2422;166.1072;8.7043;714.4788;1256958848.0000
287.2422;165.3819;0.0000;713.7534;1256958848.0000
287.9676;163.9312;8.7043;713.0280;1256958848.0000
287.9676;163.2058;0.0000;711.5773;1256958848.0000
287.9676;162.4805;0.0000;711.5773;1256958848.0000
288.6929;161.7551;0.0000;710.8519;1256958848.0000
288.6929;161.7551;8.7043;711.5773;1256958848.0000
288.6929;161.0297;0.0000;713.0280;1256958848.0000
288.6929;160.3044;8.7043;713.0280;1256958848.0000
288.6929;160.3044;0.0000;710.8519;1256958848.0000
288.6929;159.5790;0.0000;711.5773;1256958976.0000
288.6929;158.8537;0.0000;708.6759;1256958976.0000
288.6929;157.4029;0.0000;703.5984;1256958976.0000
288.6929;156.6776;0.0000;712.3027;1256958976.0000
289.4183;155.9522;0.0000;701.4223;1256958976.0000
289.4183;154.5015;0.0000;706.4998;1256958976.0000
289.4183;153.7761;0.0000;706.4998;1256958976.0000
289.4183;153.0508;0.0000;703.5984;1256958976.0000
290.1436;152.3254;0.0000;704.3237;1256958976.0000
290.1436;151.6001;0.0000;705.7745;1256958976.0000
290.1436;150.8747;0.0000;702.8730;1256958976.0000
290.1436;150.1493;0.0000;704.3237;1256958976.0000
290.1436;149.4240;0.0000;704.3237;1256958976.0000
290.1436;148.6986;0.0000;700.6970;1256958976.0000
290.1436;147.9733;0.0000;702.1476;1256958976.0000
290.8690;147.2479;0.0000;700.6970;1256958976.0000
290.8690;146.5226;0.0000;699.2462;1256958976.0000
290.8690;145.7972;0.0000;698.5209;1256958976.0000
290.8690;145.7972;0.0000;698.5209;1256959104.0000
290.8690;145.7972;0.0000;699.9716;1256959104.0000
290.8690;145.7972;0.0000;701.4223;1256959104.0000
290.8690;145.7972;0.0000;698.5209;1256959104.0000
290.8690;145.0718;0.0000;699.2462;1256959104.0000
290.8690;145.0718;0.0000;697.7955;1256959104.0000
290.8690;145.0718;0.0000;694.1687;1256959104.0000
290.8690;145.0718;0.0000;689.0912;1256959104.0000
290.1436;145.0718;0.0000;680.3869;1256959104.0000
290.1436;145.0718;0.0000;668.7811;1256959104.0000
290.1436;145.0718;0.0000;660.0768;1256959104.0000
290.1436;145.0718;0.0000;639.7668;1256959104.0000
290.1436;145.0718;0.0000;608.5763;1256959104.0000
290.1436;145.0718;0.0000;562.8787;1256959104.0000
290.1436;145.0718;8.7043;467.8567;1256959104.0000
289.4183;145.0718;17.4086;287.2422;1256959104.0000
289.4183;145.0718;26.1129;137.0929;1256959104.0000
445.3705;-11.6057;0.0000;288.6929;1256959744.0000
445.3705;-12.3311;0.0000;290.8690;1256959744.0000
445.3705;-12.3311;0.0000;291.5944;1256959744.0000
445.3705;-12.3311;0.0000;307.5523;1256959744.0000
445.3705;-12.3311;0.0000;328.5877;1256959744.0000
445.3705;-12.3311;0.0000;337.2920;1256959744.0000
445.3705;-12.3311;0.0000;335.1159;1256959744.0000
445.3705;-12.3311;0.0000;322.7848;1256959744.0000
445.3705;-11.6057;0.0000;287.2422;1256959744.0000
445.3705;-11.6057;0.0000;108.8039;1256959744.0000
