200.9751;202.0249;0.0000;107.2868;1690151808.0000
200.9751;202.0249;0.0000;260.7024;1690151808.0000
200.9751;202.0249;0.0000;266.8517;1690151808.0000
200.9751;202.0249;0.0000;290.5530;1690151808.0000
200.9751;202.0249;0.0000;346.6569;1690151808.0000
200.9751;202.0249;0.0000;395.7857;1690151808.0000
200.9751;202.0249;0.0000;424.3127;1690151808.0000
200.9751;202.0249;0.0000;447.0389;1690151808.0000
200.9751;202.0249;0.0000;471.4913;1690151808.0000
201.9502;202.0249;0.0000;495.0184;1690151808.0000
201.9502;202.0249;0.0000;514.7694;1690151808.0000
201.9502;202.0249;0.0000;533.3463;1690151936.0000
202.9253;202.0249;0.0000;551.1223;1690151936.0000
202.9253;202.0249;0.0000;562.9232;1690151936.0000
203.9004;201.0498;0.0000;577.5248;1690151936.0000
203.9004;201.0498;0.0000;589.3506;1690151936.0000
204.8755;201.0498;0.0000;598.2013;1690151936.0000
204.8755;200.0747;0.0000;610.8777;1690151936.0000
204.8755;200.0747;0.0000;616.8777;1690151936.0000
205.8507;200.0747;0.0000;625.5790;1690151936.0000
205.8507;200.0747;0.0000;635.3798;1690151936.0000
206.8258;199.0996;0.0000;639.3300;1690151936.0000
206.8258;199.0996;0.0000;648.0065;1690151936.0000
207.8009;198.1245;0.0000;652.9567;1690151936.0000
207.8009;198.1245;0.0000;654.9567;1690151936.0000
207.8009;198.1245;0.0000;659.7327;1690151936.0000
208.7760;197.1494;0.0000;661.8073;1690151936.0000
208.7760;196.1743;0.0000;662.7824;1690151936.0000
208.7760;196.1743;0.0000;667.6082;1690151936.0000
208.7760;195.1991;0.0000;667.6580;1690152064.0000
208.7760;195.1991;0.0000;670.5335;1690152064.0000
208.7760;194.2240;0.0000;676.3593;1690152064.0000
208.7760;194.2240;0.0000;676.5087;1690152064.0000
208.7760;194.2240;0.0000;681.2348;1690152064.0000
208.7760;193.2489;0.0000;685.2099;1690152064.0000
208.7760;193.2489;0.0000;683.2597;1690152064.0000
208.7760;193.2489;0.0000;688.0606;1690152064.0000
208.7760;192.2738;0.0000;690.0854;1690152064.0000
208.7760;192.2738;0.0000;688.1104;1690152064.0000
208.7760;191.2987;0.0000;690.0108;1690152064.0000
208.7760;191.2987;0.0000;691.0605;1690152064.0000
208.7760;191.2987;0.0000;693.9113;1690152064.0000
208.7760;190.3236;0.0000;698.8116;1690152192.0000
208.7760;190.3236;0.0000;697.9610;1690152192.0000
207.8009;190.3236;0.0000;701.7369;1690152192.0000
207.8009;189.3485;0.0000;704.6872;1690152192.0000
207.8009;189.3485;0.0000;703.7618;1690152192.0000
207.8009;189.3485;0.0000;708.5627;1690152320.0000
207.8009;189.3485;0.0000;708.6125;1690152320.0000
207.8009;188.3734;0.0000;707.7121;1690152320.0000
207.8009;188.3734;0.0000;711.5378;1690152320.0000
206.8258;188.3734;0.0000;711.6374;1690152320.0000
206.8258;187.3983;0.0000;712.5378;1690152320.0000
206.8258;187.3983;0.0000;714.4631;1690152320.0000
206.8258;187.3983;0.0000;714.5627;1690152320.0000
205.8507;187.3983;0.0000;717.3885;1690152320.0000
205.8507;186.4232;0.0000;720.3138;1690152320.0000
205.8507;186.4232;0.0000;717.4880;1690152320.0000
204.8755;186.4232;0.0000;724.1644;1690152320.0000
204.8755;186.4232;0.0000;720.4133;1690152320.0000
204.8755;186.4232;0.0000;723.3387;1690152320.0000
204.8755;185.4481;0.0000;724.2142;1690152320.0000
203.9004;185.4481;0.0000;724.3138;1690152320.0000
203.9004;185.4481;0.0000;724.2391;1690152320.0000
203.9004;185.4481;0.0000;726.1395;1690152320.0000
203.9004;185.4481;0.0000;726.1893;1690152320.0000
203.9004;185.4481;0.0000;728.0400;1690152448.0000
202.9253;184.4729;0.0000;730.0151;1690152448.0000
202.9253;184.4729;0.0000;727.1396;1690152448.0000
201.9502;184.4729;0.0000;731.9155;1690152448.0000
201.9502;184.4729;0.0000;731.0400;1690152448.0000
200.9751;184.4729;0.0000;730.0898;1690152448.0000
200.9751;184.4729;0.0000;732.9156;1690152448.0000
200.9751;184.4729;0.0000;734.9404;1690152448.0000
200.0000;184.4729;0.0000;734.9404;1690152448.0000
200.0000;183.4978;0.0000;738.7662;1690152448.0000
199.0249;183.4978;0.0000;737.8906;1690152448.0000
199.0249;183.4729;0.0000;740.7413;1690152448.0000
199.0249;183.4729;0.0000;743.6915;1690152448.0000
198.0498;183.4729;0.0000;741.8409;1690152448.0000
198.0498;183.4729;0.0000;744.6169;1690152448.0000
198.0498;182.4978;0.0000;745.6666;1690152448.0000
197.0747;182.4978;0.0000;743.7911;1690152448.0000
197.0747;182.4978;0.0000;746.5671;1690152448.0000
196.0996;182.4978;0.0000;747.5919;1690152576.0000
196.0996;182.4978;0.0000;746.6417;1690152576.0000
195.1245;182.4978;0.0000;749.5172;1690152576.0000
195.1245;182.4978;0.0000;747.6417;1690152576.0000
194.1494;182.4978;0.0000;749.5172;1690152576.0000
194.1494;182.4978;0.0000;754.4426;1690152576.0000
194.1494;182.5227;0.0000;751.6666;1690152576.0000
193.1743;182.5227;0.0000;751.6666;1690152576.0000
193.1743;182.5227;0.0000;755.7164;1690152576.0000
193.1743;182.5227;0.0000;752.8906;1690152576.0000
192.1991;182.5227;0.0000;755.7164;1690152576.0000
192.1991;182.5227;0.0000;752.8906;1690152576.0000
192.1991;182.5227;0.0000;754.8657;1690152576.0000
191.2240;182.5227;0.0000;757.7911;1690152576.0000
191.2240;182.5227;0.0000;753.0649;1690152576.0000
190.2489;182.5227;0.0000;754.9653;1690152576.0000
190.2489;182.5227;0.0000;758.8906;1690152576.0000
190.2489;182.5227;0.0000;756.0898;1690152576.0000
189.2738;182.5227;0.0000;757.9653;1690152704.0000
189.2738;182.5227;0.0000;757.9902;1690152704.0000
188.2987;183.4978;0.0000;756.1396;1690152704.0000
188.2987;183.4978;0.0000;758.9902;1690152704.0000
188.2987;183.4978;0.0000;760.0649;1690152704.0000
187.3236;183.4978;0.0000;758.1147;1690152704.0000
187.3236;183.4978;0.0000;758.9902;1690152704.0000
186.3485;183.4729;0.0000;760.1147;1690152704.0000
186.3734;183.4729;0.0000;761.0649;1690152704.0000
186.3734;183.4729;0.0000;763.9404;1690152704.0000
185.3983;183.4729;0.0000;761.0898;1690152704.0000
185.3983;183.4729;0.0000;761.9902;1690152704.0000
185.3983;183.4729;0.0000;766.8906;1690152704.0000
185.3734;183.4729;0.0000;762.8907;1690152704.0000
185.3734;183.4729;0.0000;767.3679;1690152704.0000
184.3983;183.4729;0.0000;768.1190;1690152704.0000
184.3983;183.4729;0.0000;765.6958;1690152704.0000
183.4232;183.4729;0.0000;766.9491;1690152704.0000
183.4232;184.4480;0.0000;765.7543;1690152832.0000
183.3983;184.4232;0.0000;762.7585;1690152832.0000
183.3983;184.4232;0.0000;770.6093;1690152832.0000
183.3983;184.4232;0.0000;763.0573;1690152832.0000
182.4232;184.4232;0.0000;764.2067;1690152832.0000
182.4232;185.3983;0.0000;768.1071;1690152832.0000
181.4480;185.3983;0.0000;765.1818;1690152832.0000
181.4480;186.3734;0.0000;768.5551;1690152832.0000
181.4480;186.3734;0.0000;769.0530;1690152832.0000
180.4729;186.3734;0.0000;765.6255;1690152832.0000
180.4729;187.3485;0.0000;770.9988;1690152832.0000
179.5227;187.3485;0.0000;770.1731;1690152832.0000
179.5227;187.3485;0.0000;770.3224;1690152832.0000
179.5227;187.3485;0.0000;773.2976;1690152832.0000
179.5227;188.3236;0.0000;770.3723;1690152832.0000
178.5476;188.3236;0.0000;771.4967;1690152832.0000
178.5476;188.3236;0.0000;773.4718;1690152832.0000
177.5725;188.3236;0.0000;770.5963;1690152832.0000
177.5725;189.2987;0.0000;773.7208;1690152960.0000
177.5725;189.2987;0.0000;773.6959;1690152960.0000
177.5725;189.2987;0.0000;771.8950;1690152960.0000
176.5974;189.2987;0.0000;773.9697;1690152960.0000
176.5974;190.2738;0.0000;773.9199;1690152960.0000
175.6223;190.2738;0.0000;772.1688;1690152960.0000
175.6223;190.2738;0.0000;774.1937;1690152960.0000
175.6223;191.2489;0.0000;771.2435;1690152960.0000
175.6223;191.2489;0.0000;773.2933;1690152960.0000
174.6472;191.2489;0.0000;773.3182;1690152960.0000
174.6472;192.2240;0.0000;772.2932;1690152960.0000
174.6472;192.2489;0.0000;773.3928;1690152960.0000
173.6721;192.2489;0.0000;776.2186;1690152960.0000
173.6721;193.2240;0.0000;772.3430;1690152960.0000
173.6721;193.2240;0.0000;776.3181;1690152960.0000
173.6721;193.2240;0.0000;776.2186;1690152960.0000
172.7219;194.1991;0.0000;774.3679;1690152960.0000
172.7219;194.1991;0.0000;776.3928;1690152960.0000
172.7219;194.1991;0.0000;776.2435;1690153088.0000
171.7468;195.1742;0.0000;776.3928;1690153088.0000
171.7468;195.1742;0.0000;778.3430;1690153088.0000
171.7468;195.1742;0.0000;776.3928;1690153088.0000
170.7717;196.1494;0.0000;778.4924;1690153088.0000
170.7717;196.1494;0.0000;778.4177;1690153088.0000
170.7717;197.1245;0.0000;774.5920;1690153088.0000
169.7965;197.1245;0.0000;778.6666;1690153088.0000
169.7965;197.1245;0.0000;777.5919;1690153088.0000
169.7965;198.0996;0.0000;776.6666;1690153088.0000
169.8214;198.0996;0.0000;777.6915;1690153088.0000
168.8463;199.0747;0.0000;776.5670;1690153088.0000
168.8463;200.0498;0.0000;776.6915;1690153088.0000
168.8463;200.0498;0.0000;779.6417;1690153088.0000
167.8961;201.0249;0.0000;776.7164;1690153088.0000
167.8961;202.0000;0.0000;777.8160;1690153088.0000
167.8961;201.9751;0.0000;778.8906;1690153088.0000
167.8961;202.9502;0.0000;777.0400;1690153088.0000
166.9210;202.9253;0.0000;779.0898;1690153088.0000
166.9210;203.9004;0.0000;778.0898;1690153216.0000
166.9459;204.8506;0.0000;775.2640;1690153216.0000
166.9459;204.8506;0.0000;778.2640;1690153216.0000
166.9459;205.8009;0.0000;777.2142;1690153216.0000
166.9459;205.8009;0.0000;778.3387;1690153216.0000
165.9708;206.7760;11.7013;779.3387;1690153216.0000
165.9708;206.7511;0.0000;777.3138;1690153216.0000
165.9708;207.7262;0.0000;778.4133;1690153216.0000
165.9957;207.7262;0.0000;782.2391;1690153216.0000
165.9957;207.7013;0.0000;777.3636;1690153216.0000
165.9957;208.6764;0.0000;779.3884;1690153216.0000
165.9957;209.6266;11.7013;778.3636;1690153216.0000
165.9957;209.6017;0.0000;775.4383;1690153216.0000
165.0455;210.5768;0.0000;781.3387;1690153216.0000
165.0455;211.5271;0.0000;779.3138;1690153216.0000
165.0455;212.5022;11.7013;778.4133;1690153216.0000
165.0455;212.4773;0.0000;780.3636;1690153216.0000
165.0455;213.4524;0.0000;779.3387;1690153216.0000
165.0455;213.4524;0.0000;778.4382;1690153344.0000
165.0455;214.4026;0.0000;781.3387;1690153344.0000
165.0455;214.4026;0.0000;778.3885;1690153344.0000
165.0455;215.3777;11.7013;780.4383;1690153344.0000
165.0455;215.3777;0.0000;782.3138;1690153344.0000
165.0206;216.3279;0.0000;779.4133;1690153344.0000
165.0206;216.3279;0.0000;781.4880;1690153344.0000
165.9708;217.2781;0.0000;782.3138;1690153344.0000
165.9459;217.2781;11.7013;782.4631;1690153344.0000
165.9210;218.2284;0.0000;785.4383;1690153344.0000
165.8961;219.2035;11.7013;788.3636;1690153344.0000
165.8712;219.1786;0.0000;779.7867;1690153344.0000
165.8463;220.1288;0.0000;788.8615;1690153344.0000
165.8214;221.0790;0.0000;784.3344;1690153344.0000
165.7965;221.0790;0.0000;786.6829;1690153344.0000
165.7965;222.0292;0.0000;788.7576;1690153344.0000
165.7716;222.0292;0.0000;785.9816;1690153344.0000
165.7716;223.0043;0.0000;790.0065;1690153344.0000
165.7467;223.0043;0.0000;789.8571;1690153472.0000
166.7219;223.9794;0.0000;789.9567;1690153472.0000
166.7219;223.9794;0.0000;792.9318;1690153472.0000
166.7219;224.9545;0.0000;790.8571;1690153472.0000
166.7219;225.9297;0.0000;792.9318;1690153472.0000
166.7219;225.9297;0.0000;795.8073;1690153472.0000
167.6721;225.9297;0.0000;791.9069;1690153472.0000
167.6721;226.9048;0.0000;794.9318;1690153472.0000
167.6721;226.9048;0.0000;795.8073;1690153472.0000
167.6472;226.9048;0.0000;793.9318;1690153472.0000
168.5974;227.8799;0.0000;797.9318;1690153472.0000
168.5974;227.8799;0.0000;795.9069;1690153472.0000
168.5725;228.8550;0.0000;796.9567;1690153472.0000
168.5476;228.8550;11.7013;799.9816;1690153472.0000
168.5227;229.8301;0.0000;796.0314;1690153472.0000
168.5227;230.8052;0.0000;799.0812;1690153472.0000
169.4729;230.8052;0.0000;801.1309;1690153472.0000
169.4481;230.8052;0.0000;799.1807;1690153472.0000
169.4232;231.7554;0.0000;802.2305;1690153600.0000
170.3734;231.7554;11.7013;804.1807;1690153600.0000
170.3236;231.7554;0.0000;802.3301;1690153600.0000
170.2987;232.7305;0.0000;805.4545;1690153600.0000
170.2738;232.7305;0.0000;806.4296;1690153600.0000
170.2489;233.7056;0.0000;804.7034;1690153600.0000
171.2240;233.7056;0.0000;808.8030;1690153600.0000
171.1991;234.6807;0.0000;805.8777;1690153600.0000
171.1743;234.6807;0.0000;806.0021;1690153600.0000
172.1494;235.6807;0.0000;809.9523;1690153600.0000
172.1245;235.6807;0.0000;807.9275;1690153600.0000
173.0747;235.7056;0.0000;809.0519;1690153600.0000
173.0747;236.6807;0.0000;812.8777;1690153600.0000
174.0249;236.7056;0.0000;812.8777;1690153600.0000
174.0000;237.6807;0.0000;814.9523;1690153600.0000
173.9751;237.7056;0.0000;816.8279;1690153600.0000
174.9253;238.6807;0.0000;814.9026;1690153600.0000
174.9004;238.7056;0.0000;818.8777;1690153600.0000
174.9004;239.6807;0.0000;818.8030;1690153600.0000
175.8506;239.7056;0.0000;818.8777;1690153728.0000
175.8258;239.7056;0.0000;821.7781;1690153728.0000
176.8009;240.7056;0.0000;817.8279;1690153728.0000
176.8009;240.7056;0.0000;820.8279;1690153728.0000
176.7760;241.7056;0.0000;822.7283;1690153728.0000
177.7511;241.7056;0.0000;820.7532;1690153728.0000
177.7511;242.7056;0.0000;823.8279;1690153728.0000
177.7262;242.7305;0.0000;823.6786;1690153728.0000
178.7013;243.7056;0.0000;822.7532;1690153728.0000
179.6764;243.7305;0.0000;825.7532;1690153728.0000
179.6764;244.7305;0.0000;824.6537;1690153728.0000
180.6266;244.7305;0.0000;823.7781;1690153728.0000
180.6266;244.7554;0.0000;826.7034;1690153728.0000
181.6017;244.7554;0.0000;824.6785;1690153728.0000
181.6017;245.7554;0.0000;827.6785;1690153728.0000
181.6017;245.7803;0.0000;829.6039;1690153728.0000
181.6017;245.7803;0.0000;826.6536;1690153728.0000
182.5768;246.7803;0.0000;829.6785;1690153728.0000
182.5768;246.8052;0.0000;831.5043;1690153856.0000
183.5519;247.8052;0.0000;828.6039;1690153856.0000
183.5271;247.8301;0.0000;823.8279;1690153856.0000
184.5022;247.8301;0.0000;832.4545;1690153856.0000
184.5022;247.8550;0.0000;831.6039;1690153856.0000
185.4773;247.8799;0.0000;835.5043;1690153856.0000
185.4773;248.8550;0.0000;832.4794;1690153856.0000
186.4524;248.8799;0.0000;832.5790;1690153856.0000
186.4524;248.9048;0.0000;837.4047;1690153856.0000
187.4275;248.9048;0.0000;835.4296;1690153856.0000
187.4026;248.9297;0.0000;837.4794;1690153856.0000
188.3777;248.9545;0.0000;840.3052;1690153856.0000
188.3777;248.9794;0.0000;836.4545;1690153856.0000
189.3279;249.9794;0.0000;839.4545;1690153856.0000
189.3279;250.0043;0.0000;839.3549;1690153856.0000
190.3030;250.0292;0.0000;838.4545;1690153856.0000
190.3030;250.0541;0.0000;841.4296;1690153856.0000
191.2781;250.0790;0.0000;840.3301;1690153856.0000
191.2781;250.0790;0.0000;840.4047;1690153984.0000
192.2533;250.1039;0.0000;843.3300;1690153984.0000
192.2533;250.1288;0.0000;841.3301;1690153984.0000
193.2283;250.1537;0.0000;841.4545;1690153984.0000
194.2035;250.1537;0.0000;845.2802;1690153984.0000
194.2035;250.1786;0.2987;845.2802;1690153984.0000
195.1786;250.2035;0.0000;845.4545;1690153984.0000
196.1537;250.2035;0.0000;845.2056;1690153984.0000
197.1288;250.2284;0.0000;845.2802;1690153984.0000
197.1537;250.2533;0.0000;847.3052;1690153984.0000
198.1288;250.2533;0.0000;847.2056;1690153984.0000
198.1288;251.2533;0.0000;845.3798;1690153984.0000
199.1288;251.2781;0.0000;849.2803;1690153984.0000
199.1288;251.3030;0.0000;847.2554;1690153984.0000
200.1288;251.3279;0.0000;848.3798;1690153984.0000
201.1288;251.3528;0.0000;850.2305;1690153984.0000
201.1288;251.3777;0.0000;848.2803;1690153984.0000
202.1288;251.4026;0.0000;850.4047;1690153984.0000
203.1288;251.4026;0.0000;850.3051;1690154112.0000
204.1039;251.4275;0.0000;850.3300;1690154112.0000
204.1288;251.4524;0.0000;852.3799;1690154112.0000
205.1039;251.4773;0.0000;851.3300;1690154112.0000
206.1039;251.5022;0.0000;850.5043;1690154112.0000
207.1039;251.5271;0.0000;854.4545;1690154112.0000
207.1039;251.5519;0.0000;852.4296;1690154112.0000
208.1039;251.5768;0.0000;852.5790;1690154112.0000
208.1288;251.6017;0.0000;855.4794;1690154112.0000
209.1039;251.6017;0.0000;851.5789;1690154112.0000
209.1288;251.6266;0.0000;855.6287;1690154112.0000
210.1288;251.6515;0.0000;855.5043;1690154112.0000
211.1039;251.6515;0.0000;853.6039;1690154112.0000
212.1039;251.6764;0.0000;856.6287;1690154112.0000
213.0790;250.7013;0.0000;856.4794;1690154112.0000
213.1039;250.7262;0.0000;856.6038;1690154112.0000
214.0790;250.7511;0.0000;856.6038;1690154112.0000
214.1039;250.7511;0.0000;856.5292;1690154112.0000
215.0790;250.7760;0.0000;857.6039;1690154240.0000
216.0790;250.7760;0.0000;860.4794;1690154240.0000
217.0541;249.8258;0.0000;857.5292;1690154240.0000
217.0790;249.8507;0.0000;860.5541;1690154240.0000
218.0790;249.8507;0.0000;860.4296;1690154240.0000
218.0790;249.8755;0.0000;856.5790;1690154240.0000
219.0790;249.8755;0.0000;862.5292;1690154240.0000
219.0790;249.9004;0.0000;859.4545;1690154240.0000
220.0790;248.9253;0.0000;860.5541;1690154240.0000
221.0541;248.9502;0.0000;862.5043;1690154240.0000
222.0541;248.9502;0.0000;859.5043;1690154240.0000
222.0541;248.9751;0.0000;859.5790;1690154240.0000
223.0541;248.0000;0.0000;864.4047;1690154240.0000
223.0790;248.0000;0.0000;861.4545;1690154240.0000
224.0541;248.0249;0.0000;864.4794;1690154240.0000
225.0541;248.0249;0.0000;857.5541;1690154240.0000
226.0292;247.0747;0.0000;865.4047;1690154240.0000
226.0541;247.0747;0.0000;867.4545;1690154240.0000
227.0292;247.0747;0.0000;865.3550;1690154368.0000
227.0541;246.1245;0.0000;862.5043;1690154368.0000
228.0292;246.1245;0.0000;868.4047;1690154368.0000
229.0292;246.1494;0.0000;867.2803;1690154368.0000
229.0541;245.1742;0.0000;868.3549;1690154368.0000
230.0292;245.1991;0.0000;869.3301;1690154368.0000
230.0541;245.1991;0.0000;868.3051;1690154368.0000
231.0541;244.2489;0.0000;871.3301;1690154368.0000
232.0541;243.2738;0.0000;870.2554;1690154368.0000
233.0292;243.2738;0.0000;868.3549;1690154368.0000
233.0541;243.2987;0.0000;871.3550;1690154368.0000
234.0541;242.3236;0.0000;870.2554;1690154368.0000
234.0541;242.3236;0.0000;868.3549;1690154368.0000
235.0541;241.3485;0.0000;871.3550;1690154368.0000
236.0541;241.3734;0.0000;870.2554;1690154368.0000
236.0541;240.3983;0.0000;871.3550;1690154368.0000
236.0790;240.3983;0.0000;873.3052;1690154368.0000
237.0790;240.3983;0.0000;871.2803;1690154368.0000
238.0541;239.4232;0.0000;871.3798;1690154368.0000
238.0790;239.4481;0.0000;874.2056;1690154496.0000
239.0790;239.4481;0.0000;873.2554;1690154496.0000
239.1039;238.4730;0.0000;876.2803;1690154496.0000
240.1039;237.4978;0.0000;878.1060;1690154496.0000
240.1288;237.4978;0.0000;876.2305;1690154496.0000
241.1288;237.4978;0.0000;878.2056;1690154496.0000
241.1537;236.5227;0.0000;878.1060;1690154496.0000
242.1537;236.5227;0.0000;879.1558;1690154496.0000
242.1786;235.5476;0.0000;881.1309;1690154496.0000
243.1786;235.5476;0.0000;880.0811;1690154496.0000
243.1786;234.5725;0.0000;883.1309;1690154496.0000
244.1786;234.5476;0.0000;885.0065;1690154496.0000
245.1786;233.5725;0.0000;883.0065;1690154496.0000
245.2035;233.5725;0.0000;886.0812;1690154496.0000
245.2283;232.5974;0.0000;886.9567;1690154496.0000
246.2284;232.5974;0.0000;886.0314;1690154496.0000
246.2533;231.6223;0.0000;890.0313;1690154496.0000
247.2532;231.6223;0.0000;889.9069;1690154496.0000
247.2781;230.6472;0.0000;891.9816;1690154496.0000
248.3030;230.6472;11.7013;892.9567;1690154496.0000
248.3279;229.6721;0.0000;890.9567;1690154496.0000
249.3279;229.6721;11.7013;894.9816;1690154496.0000
249.3528;229.6721;0.0000;896.8571;1690154496.0000
250.3528;228.6970;0.0000;890.9816;1690154496.0000
250.3528;227.6970;0.0000;895.9816;1690154496.0000
251.3528;227.6970;0.0000;898.7825;1690154496.0000
252.3528;226.7219;0.0000;892.9567;1690154496.0000
252.3777;226.7219;0.0000;898.9318;1690154496.0000
253.3528;225.7468;0.0000;898.7825;1690154496.0000
253.3777;224.7468;11.7013;897.9567;1690154496.0000
254.3777;223.7717;0.0000;901.8571;1690154496.0000
255.3528;223.7717;11.7013;899.8322;1690154496.0000
255.3777;222.7717;0.0000;903.8074;1690154496.0000
255.4026;221.7965;0.0000;905.7327;1690154496.0000
256.4026;221.7965;0.0000;900.8322;1690154496.0000
257.3777;220.7965;0.0000;901.9069;1690154496.0000
257.4026;219.8214;11.7013;903.7327;1690154624.0000
258.4026;218.8214;0.0000;895.9816;1690154624.0000
258.4026;218.8214;0.0000;910.7576;1690154624.0000
258.4275;217.8214;0.0000;898.9069;1690154624.0000
258.4524;217.8214;0.0000;903.9069;1690154624.0000
259.4524;216.8214;0.0000;906.9069;1690154624.0000
260.4275;215.8463;0.0000;904.8322;1690154624.0000
260.4524;214.8463;0.0000;906.8820;1690154624.0000
261.4524;213.8712;0.0000;910.8073;1690154624.0000
261.4773;212.8712;0.0000;906.8322;1690154624.0000
261.4773;212.8712;0.0000;910.8571;1690154624.0000
261.5022;211.8712;0.0000;910.7576;1690154624.0000
261.5271;210.8712;0.0000;908.9069;1690154624.0000
262.5270;209.8961;0.0000;911.9567;1690154624.0000
262.5270;208.8961;0.0000;911.8571;1690154624.0000
263.5271;208.8961;0.0000;911.0065;1690154624.0000
263.5520;207.8961;0.0000;913.0065;1690154624.0000
263.5768;206.9210;0.0000;910.9069;1690154624.0000
263.6017;206.8961;0.0000;911.0812;1690154752.0000
264.5768;205.9210;0.0000;914.9567;1690154752.0000
264.6017;204.9210;0.0000;912.0065;1690154752.0000
265.6017;203.9210;0.0000;913.1309;1690154752.0000
265.6266;202.9210;0.0000;914.0065;1690154752.0000
265.6266;201.9210;0.0000;913.1060;1690154752.0000
265.6515;200.9459;0.0000;914.2056;1690154752.0000
265.6515;200.9210;0.0000;916.0314;1690154752.0000
265.6764;199.9210;0.0000;916.1061;1690154752.0000
265.7013;198.9210;0.0000;916.1807;1690154752.0000
266.6764;197.9210;0.0000;915.0563;1690154752.0000
266.7013;196.9459;0.0000;913.2056;1690154752.0000
267.7013;195.9459;0.0000;919.0811;1690154752.0000
267.7262;194.9459;0.0000;915.0563;1690154752.0000
267.7511;193.9459;0.0000;917.1558;1690154752.0000
267.7760;193.9210;0.0000;916.1061;1690154752.0000
267.7760;192.9459;0.0000;916.1061;1690154752.0000
267.8009;191.9459;0.2987;919.2056;1690154752.0000
267.8257;190.9459;0.0000;917.0812;1690154880.0000
267.8257;189.9459;0.2987;918.1060;1690154880.0000
267.8506;188.9459;0.2987;922.0812;1690154880.0000
267.8506;187.9210;0.0000;920.0065;1690154880.0000
267.8755;186.9210;0.2987;920.1060;1690154880.0000
267.8755;185.9210;0.0000;922.0563;1690154880.0000
267.9004;185.8961;0.0000;919.0314;1690154880.0000
267.9004;184.8961;0.2987;921.0812;1690154880.0000
267.9004;183.8961;0.2987;924.9567;1690154880.0000
267.9004;182.8961;0.0000;920.0065;1690154880.0000
267.9253;182.8712;0.0000;923.1060;1690154880.0000
267.9253;181.8712;0.0000;924.8820;1690154880.0000
267.9253;181.8712;0.0000;921.7825;1690154880.0000
267.9502;180.8712;0.0000;926.1807;1690154880.0000
267.9502;179.8712;0.0000;925.0562;1690154880.0000
267.9502;178.8712;0.0000;922.2554;1690154880.0000
267.9751;178.8463;0.0000;928.1060;1690154880.0000
267.9751;177.8463;0.0000;924.1060;1690154880.0000
267.9751;176.8214;0.0000;925.2056;1690155008.0000
267.9751;176.7965;0.0000;926.1309;1690155008.0000
267.9751;175.7965;0.0000;925.1309;1690155008.0000
267.9751;175.7717;0.0000;927.1807;1690155008.0000
268.0000;174.7717;0.0000;928.0563;1690155008.0000
267.0249;174.7468;0.0000;927.1061;1690155008.0000
267.0249;173.7468;0.0000;929.1309;1690155008.0000
267.0249;172.7467;0.0000;928.0314;1690155008.0000
267.0249;172.7219;0.0000;929.0811;1690155008.0000
267.0249;171.7219;0.0000;932.0562;1690155008.0000
267.0249;170.7219;0.0000;928.0314;1690155008.0000
267.0000;170.7219;0.0000;928.1309;1690155008.0000
267.0000;169.7219;0.0000;932.0313;1690155008.0000
266.0249;168.7219;0.0000;929.0314;1690155008.0000
266.0249;168.6970;11.7013;930.0811;1690155008.0000
266.0249;168.6721;0.0000;933.9069;1690155008.0000
266.0249;167.6472;11.7013;930.0314;1690155008.0000
266.0000;167.6223;0.0000;925.2554;1690155008.0000
266.0000;166.6223;0.0000;933.9069;1690155008.0000
266.0000;166.5974;0.0000;932.0064;1690155136.0000
265.0000;166.5725;0.0000;935.0065;1690155136.0000
265.0000;165.5725;0.0000;936.8073;1690155136.0000
265.0000;165.5476;0.0000;934.0065;1690155136.0000
264.0249;164.5476;0.0000;936.9069;1690155136.0000
264.0249;164.5227;0.0000;933.9069;1690155136.0000
264.0249;163.5227;0.0000;934.0563;1690155136.0000
263.0498;163.4978;0.0000;937.8571;1690155136.0000
263.0498;162.4978;0.0000;935.9069;1690155136.0000
263.0498;162.4729;0.0000;936.9567;1690155136.0000
263.0498;162.4481;0.0000;937.8322;1690155136.0000
263.0498;161.4481;0.0000;936.9069;1690155136.0000
262.0747;161.3983;0.0000;937.9318;1690155136.0000
262.0498;161.3734;0.0000;936.8322;1690155136.0000
262.0498;160.3734;0.0000;936.9318;1690155136.0000
262.0249;160.3485;0.0000;939.8322;1690155136.0000
261.0498;159.3485;0.0000;936.8322;1690155136.0000
261.0249;159.3236;0.0000;936.9816;1690155136.0000
261.0249;158.3485;0.0000;937.8571;1690155264.0000
260.0249;158.3236;0.0000;938.7825;1690155264.0000
260.0249;157.3236;0.0000;930.1558;1690155264.0000
260.0249;157.2987;0.0000;940.7576;1690155264.0000
260.0000;157.2738;0.0000;936.8571;1690155264.0000
260.0000;156.2738;0.0000;941.8322;1690155264.0000
259.0249;156.2738;0.0000;939.7576;1690155264.0000
259.0000;155.2738;0.0000;938.8820;1690155264.0000
258.0249;155.2489;0.2987;939.8322;1690155264.0000
258.0249;155.2489;0.0000;936.8322;1690155264.0000
258.0249;154.2489;0.0000;939.8571;1690155264.0000
257.0249;154.2240;0.0000;939.8073;1690155264.0000
257.0249;153.2240;0.0000;937.8073;1690155264.0000
257.0000;153.1991;0.0000;938.9318;1690155264.0000
256.0249;152.1991;0.0000;939.7576;1690155264.0000
256.0000;152.1742;0.0000;937.8073;1690155264.0000
256.0000;151.1743;0.0000;940.8073;1690155264.0000
255.0000;151.1494;0.0000;940.6829;1690155264.0000
255.0000;150.1494;0.0000;937.8820;1690155392.0000
254.0000;150.1245;0.0000;940.7824;1690155392.0000
254.0000;149.1494;0.0000;938.7576;1690155392.0000
253.0249;149.1245;0.0000;940.7824;1690155392.0000
253.0000;148.1245;0.0000;943.6580;1690155392.0000
253.0000;148.1245;0.0000;938.7576;1690155392.0000
253.0000;147.1245;0.0000;939.8322;1690155392.0000
252.0249;147.1245;0.0000;940.6580;1690155392.0000
252.0000;146.1245;0.0000;937.7575;1690155392.0000
252.0000;146.1245;0.0000;939.8322;1690155392.0000
251.0249;145.1245;0.0000;939.6829;1690155392.0000
251.0000;145.1245;0.0000;939.7576;1690155392.0000
251.0000;144.1245;0.0000;943.6580;1690155392.0000
250.0000;144.0996;0.0000;940.6082;1690155392.0000
249.9751;143.1245;0.0000;940.7327;1690155392.0000
248.9751;143.0996;0.0000;943.6082;1690155392.0000
248.9502;142.0996;0.0000;939.6829;1690155392.0000
247.9502;142.0996;0.0000;941.7078;1690155392.0000
247.9502;142.0747;0.0000;943.5335;1690155520.0000
247.9253;141.0996;0.0000;940.6580;1690155520.0000
247.9253;141.0747;0.0000;943.6580;1690155520.0000
247.9004;140.0996;0.0000;943.5086;1690155520.0000
246.9004;140.0747;0.0000;941.6331;1690155520.0000
246.9004;139.0996;0.0000;943.6580;1690155520.0000
245.9004;139.0996;0.0000;943.4837;1690155520.0000
245.8755;139.0747;0.0000;943.6082;1690155520.0000
245.8506;139.0747;0.0000;945.4838;1690155520.0000
244.8755;138.0747;0.0000;943.5086;1690155520.0000
244.8506;137.0996;0.0000;943.6331;1690155520.0000
243.8507;137.0747;0.0000;945.4340;1690155520.0000
243.8009;136.0996;0.0000;943.5335;1690155520.0000
243.7760;136.0747;0.0000;945.6082;1690155520.0000
242.7760;136.0498;0.0000;945.4340;1690155520.0000
242.7511;135.0498;0.0000;943.5833;1690155520.0000
241.7262;135.0249;0.0000;945.5584;1690155520.0000
241.6764;134.0249;0.0000;945.4091;1690155520.0000
240.6764;134.0000;0.0000;945.5335;1690155520.0000
240.6266;133.0000;0.0000;947.4340;1690155648.0000
239.6266;132.9751;0.0000;944.4340;1690155648.0000
239.5768;132.9751;0.0000;947.4837;1690155648.0000
238.5768;131.9751;0.0000;947.3593;1690155648.0000
238.5519;131.9751;0.0000;943.4837;1690155648.0000
237.5520;130.9751;0.0000;946.5335;1690155648.0000
237.5271;130.9751;0.0000;947.3593;1690155648.0000
236.5271;130.9751;0.0000;944.4589;1690155648.0000
236.5022;130.0000;0.0000;946.5086;1690155648.0000
236.4773;129.9751;0.0000;946.3344;1690155648.0000
235.4773;129.9751;0.0000;944.5584;1690155648.0000
235.4524;129.0000;0.0000;946.4091;1690155648.0000
235.4275;128.9751;0.0000;944.4091;1690155648.0000
234.4275;128.9751;0.0000;945.5335;1690155648.0000
234.4026;127.9751;0.0000;946.4091;1690155648.0000
233.4026;127.9751;0.0000;944.4091;1690155648.0000
232.4026;127.0000;0.0000;946.5086;1690155648.0000
232.3777;126.9751;0.0000;945.3593;1690155648.0000
232.3528;126.9751;0.0000;944.4340;1690155776.0000
231.3528;126.9502;0.0000;947.4340;1690155776.0000
231.3030;125.9751;0.0000;947.3094;1690155776.0000
230.3030;125.9502;0.0000;945.4340;1690155776.0000
229.3030;124.9751;0.0000;945.4340;1690155776.0000
229.2533;124.9502;0.0000;943.4091;1690155776.0000
229.2283;124.9502;0.0000;945.4340;1690155776.0000
228.2035;124.9502;0.0000;947.3842;1690155776.0000
228.1786;123.9502;11.7013;945.3593;1690155776.0000
227.1537;123.9502;0.0000;946.4589;1690155776.0000
226.1288;123.9253;0.0000;947.3094;1690155776.0000
226.0790;122.9502;0.0000;943.4339;1690155776.0000
225.0541;122.9253;0.0000;945.4838;1690155776.0000
225.0043;122.9253;0.0000;946.3344;1690155776.0000
223.9794;121.9253;0.0000;944.5087;1690155776.0000
223.9297;121.9004;11.7013;946.5335;1690155776.0000
222.9048;121.9004;0.0000;945.4340;1690155776.0000
222.8550;120.9004;11.7013;945.5584;1690155776.0000
221.8301;120.9004;0.0000;947.5335;1690155904.0000
221.8052;120.8755;0.0000;943.5833;1690155904.0000
220.7803;120.8755;0.0000;945.6331;1690155904.0000
220.7305;119.9004;0.0000;945.5335;1690155904.0000
219.7056;119.8755;0.0000;945.6082;1690155904.0000
218.7056;119.8755;0.0000;945.6829;1690155904.0000
218.6558;119.8755;11.7013;947.5086;1690155904.0000
217.6559;118.9004;0.0000;944.6829;1690155904.0000
217.6310;118.8755;0.0000;945.7078;1690155904.0000
216.6061;117.9004;0.0000;949.4589;1690155904.0000
215.6061;117.9004;0.0000;944.7327;1690155904.0000
215.5812;117.9004;0.0000;948.6082;1690155904.0000
214.5812;117.9004;0.0000;945.6331;1690155904.0000
213.5812;116.9253;0.0000;945.7327;1690155904.0000
212.5812;116.9253;0.0000;946.6082;1690155904.0000
211.5812;116.9253;0.0000;940.8073;1690155904.0000
211.5812;116.9253;0.0000;945.7576;1690155904.0000
210.5812;116.9253;0.0000;944.6829;1690155904.0000
209.5812;116.9502;0.0000;940.8322;1690156032.0000
208.6060;116.9502;0.0000;943.8073;1690156032.0000
207.6061;116.9502;0.0000;943.6580;1690156032.0000
206.6310;116.9751;0.0000;941.8571;1690156032.0000
205.6310;116.0000;0.0000;943.7824;1690156032.0000
205.6060;116.0249;0.0000;941.7824;1690156032.0000
204.6310;116.0249;0.0000;944.8322;1690156032.0000
203.6310;116.0249;0.0000;944.7327;1690156032.0000
202.6558;116.0498;0.0000;943.7575;1690156032.0000
201.6559;116.0498;0.0000;943.8820;1690156032.0000
199.6807;116.0747;0.0000;943.7575;1690156032.0000
198.7056;116.0996;0.0000;938.9318;1690156032.0000
197.7056;116.0996;0.0000;939.9816;1690156032.0000
196.7305;116.1245;0.0000;938.9069;1690156032.0000
195.7305;116.1494;0.0000;938.0313;1690156032.0000
194.7554;116.1742;0.0000;939.9816;1690156032.0000
193.7554;115.2240;0.0000;937.0313;1690156032.0000
192.7803;115.2489;0.0000;939.0563;1690156032.0000
191.7803;115.2738;0.0000;937.0313;1690156160.0000
190.7803;115.2987;0.0000;937.0562;1690156160.0000
190.7554;115.3236;0.0000;935.1807;1690156160.0000
189.7803;115.3485;0.0000;937.0313;1690156160.0000
188.7803;115.3734;0.0000;934.1309;1690156160.0000
187.7803;115.3734;0.0000;934.2056;1690156160.0000
186.7803;115.3983;0.0000;937.0313;1690156160.0000
185.7803;115.4232;0.0000;934.2056;1690156160.0000
185.7554;116.4232;0.0000;934.2056;1690156160.0000
184.7554;116.4481;0.0000;931.2056;1690156160.0000
183.7803;116.4978;0.0000;933.2554;1690156160.0000
183.7554;115.5476;0.0000;932.2554;1690156160.0000
182.7554;115.5725;0.0000;932.2056;1690156160.0000
182.7305;115.5974;0.0000;932.3798;1690156160.0000
181.7554;115.6223;0.0000;934.1807;1690156160.0000
180.7554;115.6472;0.0000;930.3301;1690156160.0000
179.7803;115.6472;0.0000;932.3798;1690156160.0000
179.7554;115.6721;0.0000;931.2305;1690156160.0000
178.7803;115.6970;0.0000;930.4047;1690156288.0000
177.7803;115.6970;0.0000;933.3301;1690156288.0000
177.7554;115.7219;0.0000;931.2803;1690156288.0000
176.7803;115.7468;0.0000;931.3798;1690156288.0000
175.7803;115.7717;0.0000;932.3549;1690156288.0000
174.7803;115.7717;0.0000;928.3550;1690156288.0000
174.7554;115.7965;0.0000;930.4545;1690156288.0000
173.7554;115.8214;0.0000;931.2803;1690156288.0000
173.7554;115.8463;0.0000;928.4296;1690156288.0000
172.7554;116.8463;0.0000;930.4794;1690156288.0000
171.7554;116.8712;0.0000;931.2803;1690156288.0000
171.7554;116.8961;0.0000;926.5043;1690156288.0000
170.7554;116.9210;0.0000;928.5292;1690156288.0000
170.7305;116.9210;0.0000;925.4296;1690156288.0000
169.7305;116.9459;0.0000;925.5790;1690156288.0000
168.7554;116.9708;0.0000;926.5541;1690156288.0000
168.7305;116.9957;0.0000;926.5043;1690156288.0000
167.7305;117.9957;0.0000;924.6288;1690156288.0000
166.7305;117.9957;0.0000;924.5541;1690156288.0000
166.7056;118.0206;0.0000;920.6785;1690156416.0000
165.7305;118.0455;0.0000;925.6536;1690156416.0000
165.7056;118.0704;0.0000;924.5541;1690156416.0000
164.7056;118.1201;0.0000;920.7283;1690156416.0000
163.7056;118.1450;0.0000;922.7034;1690156416.0000
162.7056;119.1450;0.0000;922.6039;1690156416.0000
161.7305;119.1948;0.0000;919.7781;1690156416.0000
161.7056;120.1948;0.0000;922.7034;1690156416.0000
160.7056;120.2446;0.0000;917.7532;1690156416.0000
159.7056;120.2695;0.0000;917.8528;1690156416.0000
158.7056;120.2944;0.0000;919.7283;1690156416.0000
158.6807;120.3193;0.0000;916.8279;1690156416.0000
157.6807;121.3193;0.0000;916.9026;1690156416.0000
156.7056;121.3442;0.0000;917.8030;1690156416.0000
155.7056;121.3691;0.0000;915.8528;1690156416.0000
154.7305;121.3940;0.0000;916.9026;1690156416.0000
153.7305;122.3939;0.0000;916.8030;1690156416.0000
152.7554;122.4437;0.0000;914.9523;1690156416.0000
151.7554;122.4686;0.0000;916.9026;1690156544.0000
150.7803;123.4686;0.0000;913.9026;1690156544.0000
149.7803;123.4935;0.0000;914.0270;1690156544.0000
149.7803;123.5184;0.0000;916.9026;1690156544.0000
148.7803;124.5184;0.0000;913.9523;1690156544.0000
147.8052;124.5433;0.0000;914.0768;1690156544.0000
147.7803;124.5931;0.0000;913.9523;1690156544.0000
146.8052;124.6180;0.0000;913.0021;1690156544.0000
145.8052;125.6180;0.0000;914.0519;1690156544.0000
145.8052;125.6429;0.0000;914.9274;1690156544.0000
144.8052;126.6429;0.0000;912.1017;1690156544.0000
143.8301;126.6429;0.0000;914.0519;1690156544.0000
142.8550;127.6429;0.0000;912.0270;1690156544.0000
142.8550;127.6926;0.0000;910.1763;1690156544.0000
141.8799;127.7175;0.0000;912.0768;1690156544.0000
140.9048;128.7175;0.0000;908.1515;1690156544.0000
140.9048;128.7175;0.0000;909.2510;1690156544.0000
139.9048;129.7424;0.0000;909.1017;1690156544.0000
138.9296;129.7424;0.0000;906.2262;1690156672.0000
137.9297;130.7424;0.0000;908.2510;1690156672.0000
137.9297;131.7424;0.0000;910.0768;1690156672.0000
136.9545;131.7673;0.0000;905.3008;1690156672.0000
135.9545;132.7673;0.0000;908.2261;1690156672.0000
134.9794;133.7424;0.0000;906.2013;1690156672.0000
134.0043;133.7673;0.0000;903.3755;1690156672.0000
133.0292;134.7424;0.0000;906.3008;1690156672.0000
132.0541;134.7673;0.0000;903.3257;1690156672.0000
131.0790;135.7424;0.0000;902.4999;1690156672.0000
131.1039;136.7424;0.0000;905.3257;1690156672.0000
130.1288;136.7424;0.0000;901.4751;1690156672.0000
130.1288;136.7673;0.0000;902.6245;1690156672.0000
129.1537;137.7673;0.0000;903.4999;1690156672.0000
128.1537;137.7922;0.0000;900.7240;1690156672.0000
128.1537;138.7673;0.0000;902.7489;1690156672.0000
127.1786;139.7673;0.0000;899.6743;1690156672.0000
126.2035;139.7922;0.0000;898.8484;1690156672.0000
126.2035;140.7922;0.0000;904.6991;1690156800.0000
125.2284;140.8171;0.0000;897.8734;1690156800.0000
125.2284;141.8171;0.0000;898.0227;1690156800.0000
124.2533;142.7922;0.0000;898.9978;1690156800.0000
124.2533;142.8171;0.0000;897.1223;1690156800.0000
124.2533;142.8420;0.0000;898.2965;1690156800.0000
123.3030;143.8420;0.0000;899.1472;1690156800.0000
123.3030;143.8669;0.0000;888.5455;1690156800.0000
122.3279;144.8669;0.0000;898.3463;1690156800.0000
122.3279;144.8918;0.0000;898.0974;1690156800.0000
121.3777;145.8918;0.0000;897.3712;1690156800.0000
120.4026;146.8918;0.0000;898.2467;1690156800.0000
120.4026;147.8918;0.0000;895.2219;1690156800.0000
119.4275;147.9167;0.0000;894.4210;1690156800.0000
119.4275;148.8918;0.0000;894.3463;1690156800.0000
119.4275;149.8918;0.0000;891.4708;1690156800.0000
118.4524;149.9167;0.0000;894.5952;1690156800.0000
118.4773;150.9167;0.0000;894.5206;1690156800.0000
118.4773;150.9416;0.0000;891.6948;1690156928.0000
117.5022;151.9416;0.0000;894.6948;1690156928.0000
117.5022;151.9665;0.0000;894.5952;1690156928.0000
116.5271;152.9665;0.0000;893.7694;1690156928.0000
115.5520;153.9665;0.0000;893.7694;1690156928.0000
115.5520;153.9913;0.0000;891.7446;1690157056.0000
115.5520;154.9913;0.0000;893.8192;1690157056.0000
114.6017;155.9913;0.0000;894.7197;1690157056.0000
114.6017;156.0411;0.0000;891.7944;1690157056.0000
114.6017;157.0411;0.0000;892.8939;1690157056.0000
114.6017;157.0660;0.0000;893.7446;1690157056.0000
113.6515;158.0660;0.0000;889.8690;1690157056.0000
113.6515;158.0909;0.0000;892.8939;1690157056.0000
112.6764;159.0909;0.0000;893.7694;1690157056.0000
111.7013;160.0909;0.0000;890.9437;1690157056.0000
111.7013;160.1158;0.0000;895.8690;1690157056.0000
110.7262;161.1158;0.0000;888.9686;1690157056.0000
109.7511;162.1158;0.0000;891.0433;1690157056.0000
109.7511;162.1407;0.0000;893.9188;1690157184.0000
108.7760;163.1407;0.0000;890.0184;1690157184.0000
108.7760;164.1407;0.0000;892.0931;1690157184.0000
108.8009;164.1656;0.0000;893.9437;1690157184.0000
107.8506;165.1656;0.0000;890.0682;1690157184.0000
106.9004;166.1656;0.0000;889.2175;1690157184.0000
106.9253;167.1656;0.0000;892.0184;1690157184.0000
105.9751;167.2154;0.0000;891.1677;1690157184.0000
106.0000;168.2154;0.0000;889.2175;1690157184.0000
105.0498;169.2154;0.0000;892.0682;1690157184.0000
105.0747;169.2403;0.0000;890.1926;1690157184.0000
104.0996;170.2403;0.0000;895.0931;1690157184.0000
104.1245;171.2403;0.0000;889.2424;1690157184.0000
103.1742;172.2154;0.0000;889.4416;1690157184.0000
102.1991;172.2403;0.0000;891.3171;1690157184.0000
102.2240;173.2403;0.0000;889.4664;1690157184.0000
102.2240;174.2403;0.0000;890.5660;1690157184.0000
102.2240;175.2403;0.0000;889.4664;1690157184.0000
101.2489;176.2403;0.0000;888.6158;1690157184.0000
101.2489;177.2154;0.0000;889.6407;1690157312.0000
100.2987;177.2652;0.0000;889.5162;1690157312.0000
99.3485;178.2652;0.0000;890.6656;1690157312.0000
99.3734;179.2652;0.0000;892.6158;1690157312.0000
99.3734;180.2652;0.0000;890.5909;1690157312.0000
99.3983;181.2403;0.0000;889.7651;1690157312.0000
98.4481;181.2652;0.0000;890.5909;1690157312.0000
98.4481;182.2403;0.0000;887.7402;1690157312.0000
97.4978;183.2403;0.0000;888.8398;1690157312.0000
97.4978;184.2154;0.0000;889.6407;1690157312.0000
97.5227;185.2154;0.0000;889.7651;1690157312.0000
97.5227;185.2154;0.0000;889.8149;1690157312.0000
97.5227;186.2154;0.0000;889.6407;1690157312.0000
97.5476;187.1905;0.0000;886.8398;1690157312.0000
97.5476;187.2154;0.0000;889.7651;1690157312.0000
97.5725;188.1905;0.0000;886.7651;1690157312.0000
96.5974;189.1905;0.0000;883.9891;1690157312.0000
96.5974;189.2154;0.0000;886.8398;1690157312.0000
96.6223;190.1905;0.0000;884.8896;1690157440.0000
96.6472;191.1905;0.0000;886.9145;1690157440.0000
96.6472;192.1905;0.0000;887.8149;1690157440.0000
96.6721;192.1905;0.0000;883.9393;1690157440.0000
95.6970;193.1905;0.0000;886.9394;1690157440.0000
95.7219;194.1656;0.0000;886.8398;1690157440.0000
95.7219;195.1656;0.0000;885.9394;1690157440.0000
95.7219;196.1407;0.0000;879.1136;1690157440.0000
95.7468;197.1158;0.0000;884.8896;1690157440.0000
95.7468;198.1158;0.0000;884.9892;1690157440.0000
95.7468;199.0909;0.0000;885.8896;1690157440.0000
95.7717;200.0909;0.0000;882.9642;1690157440.0000
95.7717;201.0660;0.0000;884.0638;1690157440.0000
95.7965;202.0660;0.0000;885.8896;1690157440.0000
95.7965;203.0660;0.0000;883.9642;1690157440.0000
95.8214;204.0411;0.0000;885.9892;1690157440.0000
94.8463;205.0411;11.7013;885.8647;1690157440.0000
94.8712;206.0162;0.0000;884.0389;1690157440.0000
94.8712;207.0163;11.7013;885.9643;1690157568.0000
94.8961;207.9914;0.0000;883.9393;1690157568.0000
94.8961;208.9913;0.0000;882.1136;1690157568.0000
94.8961;209.9665;0.0000;884.9643;1690157568.0000
94.9210;210.9665;11.7013;883.0140;1690157568.0000
94.9210;211.9416;0.0000;884.1136;1690157568.0000
94.9210;212.9416;11.7013;883.9642;1690157568.0000
94.9459;213.9167;0.0000;878.1634;1690157568.0000
94.9459;214.9167;0.0000;882.1385;1690157568.0000
94.9708;215.8918;0.0000;882.0140;1690157568.0000
94.9708;216.8918;0.0000;882.1136;1690157568.0000
94.9957;217.8918;11.7013;883.0887;1690157568.0000
94.9957;218.8669;0.0000;880.0887;1690157568.0000
95.0206;219.8669;0.0000;882.1136;1690157568.0000
95.0206;220.8420;0.0000;883.0638;1690157568.0000
95.0455;221.8420;0.0000;878.1136;1690157568.0000
96.0206;222.8171;0.0000;884.0887;1690157568.0000
96.0455;223.8171;0.0000;882.0140;1690157568.0000
96.0455;223.8171;0.0000;879.1385;1690157696.0000
96.0704;224.8171;0.0000;882.1883;1690157696.0000
96.0704;225.7922;0.0000;882.0140;1690157696.0000
96.0952;226.7673;0.0000;880.1634;1690157696.0000
96.0952;227.7673;0.0000;882.1385;1690157696.0000
97.0952;228.7673;0.0000;882.0140;1690157696.0000
97.1201;229.7673;0.0000;882.1385;1690157696.0000
97.1450;230.7424;0.0000;884.0638;1690157696.0000
97.1699;231.7424;0.0000;878.1385;1690157696.0000
97.1699;232.7424;0.0000;882.1883;1690157696.0000
97.1948;233.7424;0.0000;884.0140;1690157696.0000
98.1948;234.7175;0.0000;882.0887;1690157696.0000
98.2197;235.7175;0.0000;884.1385;1690157696.0000
99.1948;236.7175;0.0000;883.9891;1690157696.0000
99.2197;237.6926;0.0000;883.1136;1690157696.0000
99.2446;238.6927;0.0000;884.1385;1690157696.0000
99.2695;239.6678;0.0000;884.0140;1690157696.0000
99.2944;241.6429;0.0000;885.1136;1690157696.0000
99.3193;242.6180;0.0000;887.0638;1690157696.0000
99.3442;244.5682;0.0000;886.0140;1690157824.0000
99.3691;245.5682;0.0000;887.0887;1690157824.0000
100.3442;247.5184;0.0000;889.9145;1690157824.0000
100.3691;248.5184;0.0000;889.9394;1690157824.0000
100.3939;250.4686;0.0000;890.0390;1690157824.0000
100.4188;251.4686;0.0000;892.8398;1690157824.0000
100.4437;252.4437;0.0000;890.9643;1690157824.0000
101.4686;253.4188;0.0000;890.0390;1690157824.0000
101.4935;254.4188;0.0000;890.8896;1690157824.0000
101.5184;255.3940;0.0000;891.0389;1690157824.0000
102.5184;256.3690;0.0000;892.9394;1690157824.0000
102.5433;258.3442;0.0000;891.9145;1690157824.0000
103.5433;259.3193;0.0000;892.9891;1690157824.0000
103.5682;260.2944;0.0000;894.8647;1690157824.0000
103.5931;261.2695;0.0000;892.9145;1690157824.0000
103.6180;262.2695;0.0000;895.9643;1690157824.0000
104.6180;263.2446;0.0000;895.8149;1690157824.0000
104.6429;264.2197;0.0000;894.8896;1690157824.0000
104.6678;265.1948;0.0000;896.9145;1690157952.0000
105.6678;266.1948;0.0000;895.8149;1690157952.0000
105.6926;267.1699;0.0000;892.9891;1690157952.0000
106.6926;268.1451;0.0000;898.8398;1690157952.0000
107.6926;268.1699;0.0000;895.8149;1690157952.0000
107.7175;269.1450;0.0000;896.8896;1690157952.0000
108.7175;270.1201;0.0000;898.7900;1690157952.0000
108.7424;270.1201;0.2987;896.8149;1690157952.0000
108.7673;271.0952;0.0000;896.9643;1690157952.0000
109.7673;272.0952;0.0000;899.7153;1690157952.0000
109.7922;272.0952;0.2987;896.8398;1690157952.0000
109.8171;273.0704;0.0000;899.8647;1690157952.0000
110.8420;273.0704;0.0000;899.6904;1690157952.0000
110.8669;273.0953;0.0000;895.9145;1690157952.0000
111.8918;274.0704;0.0000;898.8398;1690157952.0000
111.9416;274.0952;0.0000;898.7402;1690157952.0000
111.9665;275.0703;0.0000;896.8896;1690157952.0000
112.9914;276.0704;0.0000;899.8149;1690157952.0000
113.0163;276.0704;0.0000;897.7900;1690158080.0000
114.0162;276.0704;0.0000;896.9643;1690158080.0000
114.0411;277.0704;0.0000;901.6905;1690158080.0000
114.0909;277.0704;0.0000;897.8149;1690158080.0000
115.0909;278.0455;0.0000;898.8896;1690158080.0000
115.1158;278.0455;0.0000;891.8896;1690158080.0000
116.1158;279.0455;0.0000;898.8398;1690158080.0000
117.1158;279.0455;0.0000;899.8647;1690158080.0000
117.1656;280.0206;0.0000;900.6655;1690158080.0000
117.1905;280.0206;0.0000;899.8149;1690158080.0000
117.2154;280.9957;0.0000;900.7900;1690158080.0000
118.2403;280.9957;0.0000;900.7153;1690158080.0000
119.2403;281.9708;0.0000;899.8647;1690158080.0000
119.2652;282.9708;0.0000;901.6905;1690158080.0000
120.2901;282.9459;0.0000;899.7900;1690158080.0000
120.3149;283.9210;0.0000;901.8149;1690158080.0000
120.3398;283.9210;0.0000;901.6905;1690158080.0000
121.3398;284.8961;0.0000;898.8398;1690158080.0000
121.3896;284.8961;0.0000;899.8647;1690158208.0000
122.3896;284.8961;0.0000;901.6905;1690158208.0000
122.4145;284.8961;0.0000;900.8398;1690158208.0000
122.4394;285.8712;0.0000;901.7651;1690158208.0000
123.4394;285.8712;0.0000;900.7153;1690158208.0000
123.4643;286.8463;0.0000;902.8149;1690158208.0000
124.4892;286.8463;0.0000;903.6407;1690158208.0000
124.5141;287.7966;0.0000;891.9892;1690158208.0000
124.5390;287.7966;0.2987;902.8149;1690158208.0000
125.5639;288.7717;0.0000;902.6656;1690158208.0000
125.5888;288.7717;0.0000;901.7651;1690158208.0000
126.5888;288.7717;0.0000;902.7900;1690158208.0000
126.6385;289.7468;0.0000;903.6407;1690158208.0000
126.6634;289.7468;0.0000;901.7900;1690158208.0000
127.6634;290.7219;0.0000;902.7651;1690158208.0000
127.7132;290.6970;0.0000;901.6905;1690158208.0000
127.7381;290.6970;0.0000;901.8149;1690158208.0000
128.7381;291.6472;0.0000;904.6158;1690158208.0000
128.7879;291.6472;0.2987;901.6905;1690158336.0000
129.7879;291.6472;0.0000;904.7651;1690158336.0000
129.8128;292.5974;0.2987;904.6158;1690158336.0000
130.8128;292.5974;0.0000;901.7154;1690158336.0000
130.8626;293.5725;0.0000;904.7402;1690158336.0000
131.8626;293.5476;0.0000;902.6407;1690158336.0000
131.9124;293.5476;0.0000;902.7651;1690158336.0000
131.9372;294.5227;0.0000;904.6904;1690158336.0000
132.9621;294.5227;0.0000;901.6656;1690158336.0000
132.9870;294.4978;0.0000;902.7651;1690158336.0000
134.0119;295.4729;0.0000;905.6407;1690158336.0000
134.0617;295.4729;0.0000;901.6905;1690158336.0000
135.0617;296.4481;0.0000;903.7900;1690158336.0000
136.0866;296.4232;0.0000;905.5660;1690158336.0000
136.1364;296.4232;0.0000;899.7402;1690158336.0000
137.1613;297.3734;0.0000;906.6904;1690158336.0000
138.1613;297.3734;0.0000;904.5660;1690158336.0000
138.2111;298.3236;0.0000;903.7153;1690158336.0000
139.2111;298.3236;0.0000;904.6904;1690158464.0000
140.2110;299.2738;0.0000;904.5909;1690158464.0000
140.2608;299.2738;0.0000;904.7153;1690158464.0000
141.2608;299.2489;0.0000;905.6407;1690158464.0000
142.2608;300.2240;0.0000;901.6905;1690158464.0000
142.2857;300.1991;0.0000;905.7153;1690158464.0000
143.2857;301.1742;0.0000;906.5660;1690158464.0000
144.2857;301.1494;0.0000;902.6656;1690158464.0000
144.3106;301.1245;0.0000;905.7153;1690158464.0000
145.3106;302.0996;0.0000;907.4913;1690158464.0000
146.3106;302.0747;0.0000;902.7402;1690158464.0000
147.3106;303.0249;0.0000;906.6655;1690158464.0000
147.3355;303.0000;0.0000;907.4913;1690158464.0000
148.3355;303.9751;0.0000;904.6904;1690158464.0000
149.3106;303.9502;0.0000;907.5909;1690158464.0000
149.3355;303.9253;0.0000;906.5660;1690158464.0000
150.3355;304.8755;0.0000;906.6655;1690158464.0000
151.3604;304.8506;0.0000;908.5162;1690158464.0000
152.3604;305.8257;0.0000;904.6656;1690158464.0000
153.3604;305.8009;0.0000;907.6656;1690158592.0000
154.3853;306.7511;0.0000;909.4664;1690158592.0000
155.3853;306.7262;0.0000;907.5909;1690158592.0000
155.4102;306.7013;0.0000;908.6158;1690158592.0000
156.4102;307.6764;0.0000;910.3917;1690158592.0000
157.4351;307.6515;0.0000;908.5909;1690158592.0000
158.4351;307.6266;0.0000;914.4415;1690158592.0000
158.4600;308.5768;0.0000;909.4913;1690158592.0000
159.4600;308.5519;0.0000;909.5909;1690158592.0000
160.4600;309.5022;0.0000;911.4415;1690158592.0000
161.4600;309.4773;0.0000;908.5660;1690158592.0000
162.4849;309.4524;0.0000;910.6158;1690158592.0000
163.4849;309.4275;0.0000;910.5162;1690158592.0000
163.5098;310.3777;0.0000;907.6905;1690158592.0000
164.5098;310.3279;0.0000;911.6655;1690158592.0000
165.5098;310.3030;0.0000;911.5162;1690158592.0000
166.5098;311.2532;0.0000;910.6656;1690158592.0000
167.5098;311.2035;0.0000;916.4913;1690158592.0000
168.5098;312.1537;0.0000;911.5411;1690158720.0000
169.5098;312.1288;0.0000;911.6655;1690158720.0000
170.5098;313.0541;0.0000;914.4913;1690158720.0000
170.5098;313.0292;0.0000;910.6656;1690158720.0000
171.5098;313.9545;0.0000;912.8647;1690158720.0000
172.5098;313.9297;0.0000;914.7153;1690158720.0000
173.4849;313.8799;0.0000;912.9144;1690158720.0000
175.4351;314.8052;0.2987;915.0140;1690158720.0000
176.4351;314.7554;11.7013;914.9892;1690158720.0000
177.4102;314.7305;0.0000;915.1883;1690158720.0000
178.3853;314.6808;0.0000;917.1634;1690158720.0000
179.3853;315.6060;11.7013;917.1136;1690158720.0000
180.3604;315.5812;0.0000;917.2381;1690158720.0000
181.3355;315.5314;0.0000;918.1385;1690158720.0000
183.3106;316.4816;0.0000;908.3875;1690158720.0000
184.2857;316.4318;0.0000;917.3127;1690158720.0000
186.2608;316.4069;0.0000;919.1136;1690158720.0000
187.2359;317.3571;0.0000;917.2132;1690158720.0000
188.2359;317.3323;0.0000;919.2381;1690158848.0000
190.1862;317.2825;0.0000;920.0638;1690158848.0000
191.1862;317.2576;0.0000;916.3127;1690158848.0000
193.1364;318.2078;0.0000;921.1385;1690158848.0000
194.1364;318.1829;11.7013;921.0638;1690158848.0000
196.0866;318.1331;0.0000;920.2381;1690158848.0000
197.0866;318.1082;0.0000;923.0887;1690158848.0000
198.0866;318.0833;11.7013;919.1884;1690158848.0000
200.0617;318.0584;0.0000;921.2878;1690158848.0000
201.0368;318.0335;0.0000;923.1634;1690158848.0000
203.0119;318.0087;0.0000;919.3625;1690158848.0000
204.0119;317.9838;0.0000;923.4621;1690158848.0000
205.9621;317.9589;0.0000;923.4123;1690158848.0000
206.9621;317.9091;0.0000;920.7111;1690158848.0000
208.9124;317.8842;0.0000;923.7110;1690158848.0000
209.8875;317.8593;11.7013;923.6613;1690158848.0000
210.8626;317.8344;0.0000;922.8106;1690158848.0000
212.8128;317.8344;0.0000;925.7360;1690158848.0000
213.7879;317.8095;11.7013;923.7110;1690158976.0000
214.7630;317.7846;0.2987;923.8853;1690158976.0000
216.7132;317.7597;0.0000;924.7608;1690158976.0000
217.6883;317.7348;0.2987;923.8354;1690158976.0000
218.6634;316.7349;0.0000;926.8604;1690158976.0000
220.6136;316.7100;0.0000;927.6613;1690158976.0000
221.5888;316.6851;0.0000;923.8604;1690158976.0000
222.5639;316.6851;0.2987;927.8355;1690158976.0000
224.5390;316.6602;0.0000;929.6613;1690158976.0000
226.4892;315.6602;0.2987;926.8604;1690158976.0000
227.4643;315.6353;11.7013;928.7608;1690158976.0000
229.4394;315.6104;0.0000;926.7111;1690158976.0000
230.4145;315.6104;0.0000;928.8355;1690158976.0000
231.4145;315.5855;0.2987;930.6612;1690158976.0000
232.3896;314.5855;0.0000;927.7608;1690158976.0000
234.3398;314.5606;0.0000;929.8354;1690158976.0000
236.3150;314.5108;0.0000;931.6364;1690158976.0000
237.2901;314.4859;0.0000;931.7360;1690158976.0000
238.2652;314.4610;0.0000;932.4870;1690159104.0000
239.2403;314.4362;0.0000;932.7360;1690159104.0000
240.2154;313.4113;0.0000;931.8853;1690159104.0000
242.1656;313.3864;0.0000;933.9102;1690159104.0000
243.1656;312.3864;0.0000;932.8355;1690159104.0000
245.1158;312.3615;0.0000;931.0346;1690159104.0000
246.0909;312.3117;0.0000;935.7857;1690159104.0000
247.0660;312.2868;0.0000;933.8853;1690159104.0000
248.0411;312.2619;0.0000;935.0346;1690159104.0000
249.0163;312.2121;0.0000;938.7857;1690159104.0000
249.9913;311.2121;0.0000;933.9351;1690159104.0000
250.9665;310.2121;11.7013;936.0097;1690159104.0000
252.9167;310.1624;0.0000;939.7608;1690159104.0000
254.8669;309.1623;11.7013;938.9102;1690159104.0000
256.8171;308.1375;0.0000;941.8105;1690159104.0000
257.7922;308.1125;0.0000;940.7359;1690159104.0000
259.7424;307.0877;0.0000;939.9102;1690159104.0000
260.7424;306.0627;0.0000;944.7111;1690159104.0000
262.6927;306.0379;0.0000;941.7608;1690159232.0000
263.6678;305.0130;0.0000;944.8853;1690159232.0000
265.6180;304.9881;0.0000;945.6364;1690159232.0000
266.5682;303.9632;0.0000;944.7359;1690159232.0000
268.5184;302.9632;0.0000;948.7856;1690159232.0000
269.4935;301.9383;0.0000;948.5616;1690159232.0000
271.4437;300.9383;0.0000;937.9849;1690159232.0000
273.3940;299.9134;0.0000;949.6613;1690159232.0000
275.3441;298.9134;0.0000;949.5617;1690159232.0000
276.3193;297.9134;0.0000;948.7359;1690159232.0000
278.2446;297.8885;0.0000;951.5865;1690159232.0000
279.2197;296.8636;0.0000;948.6363;1690159232.0000
281.1699;294.8885;0.0000;948.7856;1690159232.0000
282.1451;293.8885;0.0000;951.5368;1690159232.0000
284.0952;292.8885;0.0000;949.5866;1690159232.0000
285.0704;291.8885;0.0000;951.7110;1690159232.0000
286.0455;289.9134;0.0000;952.4870;1690159232.0000
287.0206;288.9134;0.0000;949.6613;1690159232.0000
287.9957;287.8885;0.2987;953.5865;1690159232.0000
288.9459;286.8885;0.0000;952.4870;1690159360.0000
289.9210;285.8885;0.2987;950.6364;1690159360.0000
290.8961;284.8885;0.0000;953.5865;1690159360.0000
291.8463;283.8885;0.0000;950.5368;1690159360.0000
292.8214;282.8885;0.0000;953.5616;1690159360.0000
293.7966;281.8885;0.0000;956.4124;1690159360.0000
293.7717;280.8885;0.0000;951.5368;1690159360.0000
294.7468;279.8636;0.0000;956.5368;1690159360.0000
295.7219;279.8387;0.0000;954.4373;1690159360.0000
295.6970;278.8387;0.0000;954.5368;1690159360.0000
296.6721;277.8387;0.0000;948.7856;1690159360.0000
297.6223;276.8387;0.0000;956.4124;1690159360.0000
297.6223;275.8387;0.0000;954.6364;1690159360.0000
298.5725;274.8387;0.0000;957.4621;1690159360.0000
298.5725;274.8139;0.0000;956.5119;1690159360.0000
299.5227;273.8138;11.7013;956.6115;1690159360.0000
300.4730;272.8138;0.0000;956.5368;1690159360.0000
301.4481;271.8139;0.0000;957.5865;1690159360.0000
301.4232;270.7889;0.0000;959.6861;1690159488.0000
302.3734;269.7890;0.0000;959.5367;1690159488.0000
303.3485;268.7890;11.7013;949.8853;1690159488.0000
304.2987;267.7889;0.0000;960.7360;1690159488.0000
304.2738;266.8138;0.0000;960.5617;1690159488.0000
305.2240;264.8387;0.0000;959.7608;1690159488.0000
305.1992;263.8387;0.0000;962.7111;1690159488.0000
306.1743;263.8138;0.0000;960.6364;1690159488.0000
306.1494;261.8138;0.0000;961.7360;1690159488.0000
307.0996;260.8138;0.0000;964.5119;1690159488.0000
308.0498;259.8138;0.0000;962.6364;1690159488.0000
308.0249;259.7889;11.7013;962.8604;1690159488.0000
308.9751;258.7641;0.0000;965.5616;1690159488.0000
308.9502;257.7641;0.0000;962.6613;1690159488.0000
308.9253;256.7641;0.0000;965.6364;1690159488.0000
309.8507;256.7392;0.0000;963.5865;1690159488.0000
309.8258;255.7143;0.0000;965.6364;1690159488.0000
310.7760;254.7143;0.0000;967.5119;1690159488.0000
310.7511;253.7143;0.0000;965.5367;1690159616.0000
311.7013;252.7143;0.0000;967.5866;1690159616.0000
311.6764;251.6894;0.0000;969.5119;1690159616.0000
311.6515;251.6645;0.0000;966.4373;1690159616.0000
311.6266;250.6645;0.0000;965.6612;1690159616.0000
312.5768;249.6645;0.0000;970.3625;1690159616.0000
312.5520;248.6645;0.0000;967.5119;1690159616.0000
313.5022;247.6645;0.0000;968.4870;1690159616.0000
313.5022;246.6645;0.0000;970.3376;1690159616.0000
313.4773;246.6396;0.0000;967.5617;1690159616.0000
314.4275;245.6147;0.0000;970.4621;1690159616.0000
314.4026;244.6147;0.0000;969.3625;1690159616.0000
315.3528;243.5898;0.0000;968.5368;1690159616.0000
315.3279;242.5898;0.0000;971.3874;1690159616.0000
315.3030;242.5400;0.0000;970.3874;1690159616.0000
315.2782;241.5400;0.0000;969.5119;1690159616.0000
316.2284;239.5400;0.0000;974.2630;1690159616.0000
316.2035;238.5400;0.0000;968.4372;1690159616.0000
317.1786;238.5151;0.0000;974.4124;1690159616.0000
317.1537;237.4902;0.0000;973.2381;1690159616.0000
317.1288;236.4902;0.0000;970.4372;1690159616.0000
318.0790;235.4653;0.0000;973.3875;1690159616.0000
318.0541;234.4654;0.0000;971.3127;1690159616.0000
318.0292;233.4654;0.0000;970.4372;1690159616.0000
318.9794;232.4654;0.0000;973.3127;1690159616.0000
318.9794;231.4654;0.0000;971.2878;1690159616.0000
319.9297;230.4654;0.0000;972.3875;1690159616.0000
319.9048;229.4405;0.0000;973.2630;1690159616.0000
319.8799;228.4405;0.0000;971.3625;1690159616.0000
320.8301;226.4654;0.0000;974.3625;1690159616.0000
320.8052;225.4405;11.7013;974.1883;1690159616.0000
321.7554;224.4405;0.0000;973.3625;1690159616.0000
321.7305;223.4405;11.7013;974.3376;1690159616.0000
321.7056;222.4405;0.0000;975.1634;1690159616.0000
322.6310;220.4654;0.0000;973.3625;1690159616.0000
322.6060;219.4653;0.0000;977.2131;1690159616.0000
323.5563;218.4902;11.7013;975.1883;1690159616.0000
323.5065;216.5151;0.0000;977.2629;1690159744.0000
323.4816;215.5152;11.7013;977.1634;1690159744.0000
324.4069;214.5151;0.0000;972.3128;1690159744.0000
324.3571;213.5151;0.0000;981.1883;1690159744.0000
324.3322;212.5151;0.0000;973.2879;1690159744.0000
324.2825;211.5152;0.0000;975.2629;1690159744.0000
324.2576;210.5151;0.0000;979.2132;1690159744.0000
325.1829;208.5400;0.0000;978.1385;1690159744.0000
325.1580;207.5649;0.0000;978.1635;1690159744.0000
325.1082;206.5649;0.0000;981.1883;1690159744.0000
325.0833;205.5649;0.0000;978.1635;1690159744.0000
325.0584;203.6147;0.0000;981.1883;1690159744.0000
325.0086;202.6396;0.0000;983.0140;1690159744.0000
325.9589;201.6396;0.0000;981.0887;1690159744.0000
325.9340;200.6645;0.0000;982.1883;1690159744.0000
325.8842;198.7143;0.0000;983.9892;1690159744.0000
325.8593;197.7143;0.0000;981.1136;1690159744.0000
325.8095;196.7392;0.2987;986.1136;1690159744.0000
325.7846;195.7392;0.0000;985.9394;1690159872.0000
325.7349;194.7392;0.0000;984.0887;1690159872.0000
325.6851;193.7392;0.0000;987.9891;1690159872.0000
325.6602;191.7890;0.0000;983.0389;1690159872.0000
325.6353;190.7889;0.0000;985.8896;1690159872.0000
325.5855;188.8138;0.0000;989.1136;1690159872.0000
326.5108;187.8387;0.0000;984.8647;1690159872.0000
326.4859;185.8636;0.0000;987.2878;1690159872.0000
326.4361;184.8885;0.0000;989.0390;1690159872.0000
326.4113;183.9134;0.0000;988.0887;1690159872.0000
326.3615;182.9134;0.0000;990.2132;1690159872.0000
326.3366;180.9632;0.0000;990.0887;1690159872.0000
326.2868;179.9632;0.0000;989.1136;1690159872.0000
325.2619;178.9632;0.0000;992.0887;1690159872.0000
325.2370;177.9881;0.0000;989.1884;1690159872.0000
326.1623;176.0130;0.0000;989.2381;1690159872.0000
326.1125;175.0379;0.0000;992.1136;1690159872.0000
326.0876;173.0628;0.0000;989.1136;1690159872.0000
326.0379;172.0876;0.0000;990.2630;1690160000.0000
325.0130;171.0877;0.0000;992.0887;1690160000.0000
324.9632;170.1125;0.0000;989.1884;1690160000.0000
324.9383;168.1375;0.0000;992.2132;1690160000.0000
324.8885;167.1623;11.7013;992.9642;1690160000.0000
324.8636;166.1872;0.0000;992.1634;1690160000.0000
324.8138;164.2370;11.7013;993.1385;1690160000.0000
323.8138;163.2370;0.0000;995.0141;1690160000.0000
323.7640;162.2619;0.0000;992.1883;1690160000.0000
323.7392;161.2868;0.0000;994.0638;1690160000.0000
323.6894;159.3366;0.0000;992.1136;1690160000.0000
323.6645;158.3615;0.0000;992.2381;1690160000.0000
323.6147;156.4112;0.0000;995.0141;1690160000.0000
323.5649;155.4361;0.0000;992.0887;1690160000.0000
322.5649;153.4610;0.0000;994.1883;1690160000.0000
322.5151;152.4859;0.0000;994.9643;1690160000.0000
322.4903;151.5108;0.0000;992.1883;1690160000.0000
321.4654;149.5606;0.0000;995.1385;1690160000.0000
321.4405;147.5855;0.0000;994.9643;1690160128.0000
320.4156;146.6104;0.0000;993.1634;1690160128.0000
320.3907;144.6602;0.0000;995.0887;1690160128.0000
320.3409;143.6851;0.0000;994.0638;1690160128.0000
319.3409;142.7100;0.0000;995.1385;1690160128.0000
319.2911;140.7597;0.0000;997.9394;1690160128.0000
318.2911;139.7846;0.0000;995.0390;1690160128.0000
318.2662;137.8344;0.0000;996.1136;1690160128.0000
318.2413;136.8593;0.0000;997.8896;1690160128.0000
317.2413;134.9091;0.0000;995.0887;1690160128.0000
317.2164;133.9340;0.0000;998.0638;1690160128.0000
316.2164;132.9589;0.0000;996.9145;1690160128.0000
315.2165;131.0335;0.0000;997.0638;1690160128.0000
315.1916;130.0584;0.0000;998.0638;1690160128.0000
314.1915;128.1082;0.0000;996.9145;1690160128.0000
313.2164;127.1580;0.0000;997.0887;1690160128.0000
313.1916;126.1829;0.0000;1000.8149;1690160128.0000
312.1916;124.2327;0.0000;996.9643;1690160128.0000
311.1915;123.2576;0.0000;998.0638;1690160256.0000
310.2164;122.3074;0.0000;996.9145;1690160256.0000
310.1916;121.3322;11.7013;995.0638;1690160256.0000
309.2165;120.3820;0.0000;999.0140;1690160256.0000
309.1916;118.4318;0.0000;998.8647;1690160256.0000
308.1915;117.4567;0.0000;997.0389;1690160256.0000
308.1667;116.4816;0.0000;997.9891;1690160256.0000
307.1667;115.5314;0.0000;997.8647;1690160256.0000
306.1667;114.5563;0.0000;997.0389;1690160256.0000
306.1418;113.5812;0.0000;1000.8149;1690160256.0000
305.1418;112.6310;0.0000;997.9394;1690160256.0000
304.1418;111.6558;0.0000;998.0638;1690160256.0000
303.1667;110.6807;0.0000;997.8896;1690160256.0000
303.1418;109.7305;0.0000;997.8896;1690160256.0000
302.1418;107.7803;0.0000;1002.9394;1690160256.0000
301.1418;107.8052;0.0000;999.8149;1690160256.0000
300.1667;106.8301;0.0000;999.9393;1690160256.0000
299.1667;105.8550;0.0000;1000.9145;1690160256.0000
299.1418;104.9048;0.0000;998.7900;1690160384.0000
298.1418;104.9048;0.0000;998.9642;1690160384.0000
297.1418;103.9545;0.0000;1001.8398;1690160384.0000
297.0920;102.9794;0.0000;997.8398;1690160384.0000
296.0920;102.0043;0.0000;1000.0140;1690160384.0000
295.0671;101.0292;0.0000;1000.7403;1690160384.0000
294.0671;100.0790;0.0000;997.8896;1690160384.0000
294.0173;99.1039;0.0000;1000.0389;1690160384.0000
292.9924;98.1537;0.0000;1000.7403;1690160384.0000
292.9675;97.1786;0.0000;998.8149;1690160384.0000
291.9426;96.2283;0.0000;1000.5411;1690160384.0000
290.9426;96.2283;0.0000;1000.7403;1690160384.0000
290.9177;95.2532;0.0000;998.6655;1690160384.0000
289.9426;94.3030;0.0000;1000.6158;1690160384.0000
289.9177;93.3279;0.0000;990.7651;1690160384.0000
288.9178;93.3528;0.0000;999.7153;1690160384.0000
287.9177;92.4026;0.0000;1000.4664;1690160384.0000
287.8928;92.4026;0.0000;997.6158;1690160384.0000
286.8929;91.4275;0.0000;999.6158;1690160384.0000
285.8929;90.4773;0.0000;1000.4664;1690160512.0000
285.8680;89.5022;0.0000;990.9145;1690160512.0000
284.8430;88.5519;0.0000;1003.5660;1690160512.0000
284.8181;88.5519;0.0000;1000.5162;1690160512.0000
283.8182;87.6017;0.0000;1001.5660;1690160512.0000
283.7684;86.6266;11.7013;1000.5909;1690160512.0000
282.7684;86.6515;0.0000;997.5909;1690160512.0000
281.7435;85.7013;0.0000;997.7402;1690160512.0000
280.7435;85.7013;0.0000;992.6655;1690160512.0000
280.7186;84.7511;0.0000;1000.5660;1690160512.0000
279.6937;83.8009;0.0000;996.7651;1690160512.0000
278.6937;82.8506;11.7013;1000.4664;1690160512.0000
278.6688;82.8755;0.0000;997.6158;1690160512.0000
277.6688;81.9004;0.0000;1000.6158;1690160512.0000
276.6688;80.9502;0.0000;999.5162;1690160512.0000
275.6688;80.0000;0.0000;996.7402;1690160512.0000
274.6688;80.0249;0.0000;999.6158;1690160512.0000
273.6440;79.0747;11.7013;999.5909;1690160512.0000
273.6190;78.1245;0.0000;995.7651;1690160640.0000
272.6190;78.1494;11.7013;997.6158;1690160640.0000
271.6190;77.1991;0.0000;997.5909;1690160640.0000
270.6190;76.2489;0.0000;995.8149;1690160640.0000
269.6190;76.2738;0.0000;997.6407;1690160640.0000
268.6190;75.3236;0.0000;995.7154;1690160640.0000
267.6440;75.3236;11.7013;996.7900;1690160640.0000
266.6439;74.3734;0.0000;997.6158;1690160640.0000
265.6688;73.4232;0.0000;994.8647;1690160640.0000
264.6688;73.4481;11.7013;995.7651;1690160640.0000
263.6688;72.4978;0.0000;995.7154;1690160640.0000
262.6937;71.5227;0.0000;993.8896;1690160640.0000
261.6937;71.5476;11.7013;995.7651;1690160640.0000
260.6937;70.5974;11.7013;991.8149;1690160640.0000
259.6937;70.5974;11.7013;993.8896;1690160640.0000
258.7186;69.6472;0.0000;997.6656;1690160640.0000
257.7186;68.6721;0.0000;994.8149;1690160640.0000
256.7435;68.6970;0.0000;994.8647;1690160640.0000
255.7684;67.7219;11.7013;995.7402;1690160768.0000
254.7933;67.7468;0.0000;994.8896;1690160768.0000
253.7933;66.7717;0.0000;994.8896;1690160768.0000
252.8182;65.8214;0.0000;995.7402;1690160768.0000
251.8182;65.8463;0.0000;994.8896;1690160768.0000
250.8431;64.8712;0.0000;997.7402;1690160768.0000
249.8680;63.9210;0.0000;994.8149;1690160768.0000
248.8680;63.9210;0.0000;996.8896;1690160768.0000
247.8928;63.9459;0.0000;997.7402;1690160768.0000
246.9177;62.9708;0.0000;994.8896;1690160768.0000
245.9426;62.9957;0.0000;995.9145;1690160768.0000
243.9675;62.0455;0.0000;997.5909;1690160768.0000
242.9924;61.0704;0.0000;994.8896;1690160768.0000
242.9675;60.1201;0.0000;994.9145;1690160768.0000
241.9924;60.1201;0.0000;996.7651;1690160768.0000
241.0173;59.1699;0.0000;994.9145;1690160768.0000
240.0173;59.1699;0.0000;997.8647;1690160768.0000
238.0671;58.2197;0.0000;994.8149;1690160768.0000
238.0422;57.2695;0.0000;994.9643;1690160896.0000
237.0671;58.2446;0.0000;996.7651;1690160896.0000
236.0671;57.2944;0.0000;991.9643;1690160896.0000
235.0671;56.3442;0.0000;993.9891;1690160896.0000
234.0671;56.3442;0.0000;994.8149;1690160896.0000
233.0671;55.3939;0.0000;993.9393;1690160896.0000
232.0671;55.4188;0.0000;996.0141;1690160896.0000
231.0920;55.4188;0.0000;994.8149;1690160896.0000
230.0920;54.4686;0.0000;993.0140;1690160896.0000
229.0920;54.4935;0.0000;993.9642;1690160896.0000
228.0920;53.5184;0.0000;993.8398;1690160896.0000
227.0920;53.5433;0.0000;992.0140;1690160896.0000
226.0920;52.5931;0.0000;991.9145;1690160896.0000
225.0920;52.6180;0.0000;992.0140;1690160896.0000
223.1169;52.6180;0.0000;992.1136;1690160896.0000
222.1169;50.6926;0.0000;994.8896;1690160896.0000
221.1169;50.7175;0.0000;991.0638;1690160896.0000
220.1169;50.7424;0.0000;993.0638;1690160896.0000
219.1169;50.7673;0.0000;991.9891;1690161024.0000
219.0920;50.7922;0.0000;991.0638;1690161024.0000
218.0920;50.8171;0.0000;991.1136;1690161024.0000
217.0920;50.8420;0.0000;991.9891;1690161024.0000
217.0920;50.8420;0.0000;991.0638;1690161024.0000
216.0920;50.8669;0.0000;991.9891;1690161024.0000
215.0920;49.9167;0.0000;990.0141;1690161024.0000
214.1169;49.9416;11.7013;992.1634;1690161024.0000
213.1169;49.9665;0.0000;991.9891;1690161024.0000
212.1169;49.0162;0.0000;990.0141;1690161024.0000
211.1418;49.0162;0.0000;992.1634;1690161024.0000
210.1418;49.0411;0.0000;992.0389;1690161024.0000
209.1418;49.0660;0.0000;989.1884;1690161024.0000
208.1667;49.0909;0.0000;989.1136;1690161024.0000
207.1667;49.1158;0.0000;988.1136;1690161024.0000
206.1667;49.1407;0.0000;989.2381;1690161024.0000
205.1667;49.1656;0.0000;991.0638;1690161024.0000
204.1915;48.2154;0.0000;989.1136;1690161024.0000
203.1915;48.2403;0.0000;990.2630;1690161152.0000
202.2164;48.2652;0.0000;992.0389;1690161152.0000
201.2164;48.2901;0.0000;989.1635;1690161152.0000
200.2413;48.3149;0.0000;991.2132;1690161152.0000
199.2662;48.3398;11.7013;989.0390;1690161152.0000
198.2662;48.3896;0.0000;988.3127;1690161152.0000
197.2911;48.4145;0.0000;989.2630;1690161152.0000
196.3160;48.4394;0.0000;990.0389;1690161152.0000
195.3160;48.4643;0.0000;988.3127;1690161152.0000
194.3409;48.5141;0.0000;990.1883;1690161152.0000
194.3160;48.5390;0.0000;986.2381;1690161152.0000
193.3409;48.5639;0.0000;989.3128;1690161152.0000
192.3658;48.5888;0.0000;989.1136;1690161152.0000
191.3658;48.6136;11.7013;987.2629;1690161152.0000
190.3907;48.6634;0.0000;987.3625;1690161152.0000
189.3907;48.6883;0.0000;989.0887;1690161152.0000
188.4156;48.7381;0.0000;986.3625;1690161152.0000
187.4405;48.7630;0.0000;989.2879;1690161152.0000
186.4405;48.8128;0.0000;988.1385;1690161152.0000
186.4405;48.8377;0.0000;988.2629;1690161280.0000
185.4405;48.8875;0.0000;988.2629;1690161280.0000
184.4653;48.9372;0.0000;985.3127;1690161280.0000
183.4902;48.9870;0.0000;986.4372;1690161280.0000
182.4902;49.9870;0.0000;988.2380;1690161280.0000
181.5151;50.0368;0.0000;985.3625;1690161280.0000
180.5400;50.0866;0.0000;986.3625;1690161280.0000
179.5400;50.1364;0.0000;984.3128;1690161280.0000
178.5649;50.1613;0.0000;983.4372;1690161280.0000
176.5898;50.2111;0.0000;986.3875;1690161280.0000
176.5649;50.2359;0.0000;985.2879;1690161280.0000
175.5898;50.2857;0.0000;984.4124;1690161280.0000
174.5898;50.3106;0.0000;986.3875;1690161280.0000
173.6147;50.3604;0.0000;986.2878;1690161280.0000
172.6147;50.3853;0.0000;983.4621;1690161280.0000
172.6147;50.4351;0.0000;986.2630;1690161280.0000
171.6147;50.4849;11.7013;982.3625;1690161280.0000
170.6396;50.5098;0.0000;983.4621;1690161280.0000
170.6396;51.5346;0.0000;986.2878;1690161408.0000
169.6396;51.5844;0.0000;983.4123;1690161408.0000
168.6645;52.5844;0.0000;986.3625;1690161408.0000
167.6894;52.6342;0.0000;983.3625;1690161408.0000
166.7143;52.6840;11.7013;981.5616;1690161408.0000
165.7392;52.7338;0.0000;984.4373;1690161408.0000
164.7641;52.7836;0.0000;985.3127;1690161408.0000
163.7890;52.8085;0.0000;986.4372;1690161408.0000
162.8138;52.8582;0.0000;986.3127;1690161408.0000
161.8387;52.8831;0.0000;983.4621;1690161408.0000
160.8636;52.9329;0.0000;986.5119;1690161408.0000
160.8636;52.9578;0.0000;985.3625;1690161408.0000
159.8885;52.9827;0.0000;982.4621;1690161408.0000
159.8885;53.0325;0.0000;984.5119;1690161408.0000
158.9134;54.0325;0.0000;983.3625;1690161408.0000
157.9383;54.0574;0.0000;983.5118;1690161408.0000
157.9383;54.0823;0.2987;983.4869;1690161408.0000
156.9632;54.1321;0.2987;981.3875;1690161408.0000
155.9881;54.1569;0.0000;982.5367;1690161536.0000
155.0130;54.2067;0.2987;984.3376;1690161536.0000
154.0379;54.2316;0.0000;981.1634;1690161536.0000
153.0628;54.2565;0.0000;981.2878;1690161536.0000
153.0628;54.2814;0.0000;983.1385;1690161536.0000
152.0877;54.3063;11.7013;979.2381;1690161536.0000
151.1125;54.3312;0.0000;981.2878;1690161536.0000
150.1374;55.3312;0.0000;982.1136;1690161536.0000
149.1623;55.3561;0.0000;979.3127;1690161536.0000
148.1872;55.3810;0.0000;978.3128;1690161536.0000
147.2121;55.4059;0.0000;978.2381;1690161536.0000
146.2370;55.4308;0.0000;979.2879;1690161536.0000
146.2370;55.4556;0.0000;981.2381;1690161536.0000
145.2619;55.4556;0.0000;977.2878;1690161536.0000
144.2868;55.4805;11.7013;976.4372;1690161536.0000
143.3366;56.4805;0.0000;977.2380;1690161536.0000
142.3615;57.4805;0.0000;973.3625;1690161536.0000
141.3864;57.5054;11.7013;974.4870;1690161536.0000
140.4112;57.5303;0.0000;974.2878;1690161664.0000
139.4361;57.5552;0.0000;969.5368;1690161664.0000
138.4610;58.5552;0.0000;972.5119;1690161664.0000
137.4859;59.5303;0.0000;971.4123;1690161664.0000
137.4859;60.5303;0.0000;968.5865;1690161664.0000
136.5357;60.5552;0.0000;971.4870;1690161664.0000
135.5606;61.5552;0.0000;968.4870;1690161664.0000
134.5855;61.5552;0.0000;971.5616;1690161664.0000
133.6104;60.6050;11.7013;969.4621;1690161664.0000
132.6353;60.6299;0.0000;967.5617;1690161664.0000
131.6602;60.6299;11.7013;967.4373;1690161664.0000
130.7099;60.6548;11.7013;965.5865;1690161664.0000
129.7348;60.6797;0.0000;963.7110;1690161664.0000
128.7597;61.6548;0.0000;962.8355;1690161664.0000
127.7846;62.6548;0.0000;962.6364;1690161664.0000
126.8095;63.6548;0.0000;962.7111;1690161664.0000
125.8344;63.6548;11.7013;963.6862;1690161664.0000
125.8593;63.6797;0.0000;959.7857;1690161664.0000
124.8842;63.7046;0.0000;960.9102;1690161664.0000
123.9091;64.6797;11.7013;962.6862;1690161792.0000
123.9091;65.6797;0.0000;951.0595;1690161792.0000
122.9589;65.7046;0.0000;957.0346;1690161792.0000
121.9838;65.7046;11.7013;956.8604;1690161792.0000
121.0087;66.7046;0.0000;956.8604;1690161792.0000
120.0335;67.7046;0.0000;957.0098;1690161792.0000
119.0584;68.7046;0.0000;956.7857;1690161792.0000
118.0833;69.6797;0.0000;954.9849;1690161792.0000
117.1082;69.7046;0.0000;954.9849;1690161792.0000
117.1082;69.7295;11.7013;952.9351;1690161792.0000
116.1331;69.7543;0.0000;953.1093;1690161792.0000
114.1829;70.7295;11.7013;954.9102;1690161792.0000
113.2078;71.7295;0.0000;951.0098;1690161792.0000
112.2327;72.7295;0.0000;954.0844;1690161792.0000
111.2576;72.7295;0.0000;951.9849;1690161792.0000
110.2825;72.7544;0.0000;949.0097;1690161792.0000
110.2825;73.7543;0.0000;951.1591;1690161792.0000
109.3074;74.7543;0.0000;951.0098;1690161792.0000
108.3322;74.7792;0.0000;946.2587;1690161920.0000
107.3571;74.8041;0.0000;946.2089;1690161920.0000
106.3820;75.8041;0.0000;951.0098;1690161920.0000
105.4069;76.8041;0.0000;943.3582;1690161920.0000
103.4567;77.8041;0.0000;949.1342;1690161920.0000
102.5065;77.8290;0.0000;945.2089;1690161920.0000
101.5314;78.8290;0.0000;945.3333;1690161920.0000
100.5563;79.8290;0.0000;946.1840;1690161920.0000
98.6061;80.8290;0.0000;942.3084;1690161920.0000
97.6310;80.8539;0.0000;943.3831;1690161920.0000
96.6807;81.8539;0.0000;944.1840;1690161920.0000
95.7056;82.8539;0.0000;942.3831;1690161920.0000
94.7305;83.8539;0.0000;943.3831;1690161920.0000
93.7554;83.8788;0.0000;942.2338;1690161920.0000
93.7554;84.8788;0.0000;940.3582;1690161920.0000
91.8301;85.8788;0.0000;940.3582;1690161920.0000
91.8301;85.9037;0.0000;939.3333;1690161920.0000
90.8550;86.9037;0.0000;938.5325;1690161920.0000
89.8799;87.9037;0.0000;942.2586;1690162048.0000
88.9048;88.9037;0.0000;939.3582;1690162048.0000
87.9545;88.9286;0.0000;940.5076;1690162048.0000
87.9545;89.9286;0.0000;939.3085;1690162048.0000
86.9794;89.9535;0.0000;938.4080;1690162048.0000
87.0043;90.9535;0.0000;942.3831;1690162048.0000
87.0043;90.9784;0.0000;942.2338;1690162048.0000
86.0292;91.9784;0.0000;939.4578;1690162176.0000
86.0541;92.0033;0.0000;940.3582;1690162176.0000
86.0541;92.0282;0.0000;938.3831;1690162176.0000
85.0790;93.0282;0.0000;940.2089;1690162176.0000
84.1039;93.0531;0.0000;938.3582;1690162176.0000
84.1039;94.0282;0.0000;937.5076;1690162176.0000
83.1537;95.0282;0.0000;938.5823;1690162176.0000
82.1786;96.0282;0.0000;940.3084;1690162176.0000
81.2284;97.0282;0.0000;936.5325;1690162176.0000
80.2781;98.0033;0.0000;939.5823;1690162176.0000
79.3030;98.0282;0.0000;933.4827;1690162176.0000
79.3279;99.0282;0.0000;935.5574;1690162304.0000
78.3528;99.0282;0.0000;936.5325;1690162304.0000
77.4026;100.0282;0.0000;933.5325;1690162304.0000
77.4026;100.0531;0.0000;931.7565;1690162304.0000
76.4275;101.0282;0.0000;934.5076;1690162304.0000
75.4773;101.0531;0.0000;931.6569;1690162304.0000
75.4773;102.0530;0.0000;931.7814;1690162304.0000
74.5022;103.0282;0.0000;931.5822;1690162304.0000
73.5519;104.0282;0.0000;930.7067;1690162304.0000
73.5519;104.0531;0.0000;930.7316;1690162304.0000
72.6017;105.0531;0.0000;929.5822;1690162304.0000
71.6515;106.0531;11.7013;930.7067;1690162304.0000
70.6764;107.0282;0.0000;929.7316;1690162304.0000
69.7262;108.0282;0.0000;929.6071;1690162304.0000
68.7511;108.0531;11.7013;927.8312;1690162304.0000
68.7760;109.0531;0.0000;927.6818;1690162304.0000
67.8258;110.0530;0.0000;926.7814;1690162304.0000
66.8506;110.0779;0.0000;927.7814;1690162304.0000
66.8755;111.0779;0.0000;929.6320;1690162432.0000
65.9004;112.0779;0.0000;924.8312;1690162432.0000
64.9502;113.0530;11.7013;925.9058;1690162432.0000
64.9502;113.0779;0.0000;927.7316;1690162432.0000
64.0000;114.0779;0.0000;924.8312;1690162432.0000
63.0498;115.0779;0.0000;923.8312;1690162432.0000
63.0498;116.0779;0.0000;924.7067;1690162432.0000
62.0996;117.0779;11.7013;923.8809;1690162432.0000
61.1245;117.1028;0.0000;924.7565;1690162432.0000
61.1494;118.1028;0.0000;921.8312;1690162432.0000
60.1742;119.1028;0.0000;920.0303;1690162432.0000
60.1991;120.1028;0.0000;923.7316;1690162432.0000
59.2240;121.0779;0.0000;921.8810;1690162432.0000
59.2489;121.1028;0.0000;922.9307;1690162432.0000
58.2987;122.1028;0.0000;921.8063;1690162432.0000
58.3236;123.1028;0.0000;919.9805;1690162432.0000
57.3485;124.1028;0.0000;923.8561;1690162432.0000
56.3983;124.1277;0.0000;921.8063;1690162432.0000
56.4232;126.0779;0.0000;920.9059;1690162560.0000
55.4481;127.0779;0.0000;923.7316;1690162560.0000
55.4729;128.0779;0.0000;919.8560;1690162560.0000
54.5227;129.0779;0.0000;921.9556;1690162560.0000
54.5476;130.0779;0.0000;919.7814;1690162560.0000
53.5974;131.0531;0.0000;919.8809;1690162560.0000
53.6223;132.0531;0.0000;917.0552;1690162560.0000
52.6472;133.0531;0.0000;916.8810;1690162560.0000
52.6721;135.0282;0.0000;918.0303;1690162560.0000
51.7219;136.0282;0.0000;920.0054;1690162560.0000
51.7468;137.0033;0.0000;916.8810;1690162560.0000
50.7717;138.0033;0.0000;917.9805;1690162560.0000
49.8214;139.9784;0.0000;918.9556;1690162560.0000
49.8463;140.9784;0.0000;917.8561;1690162560.0000
49.8712;141.9784;0.0000;916.9556;1690162560.0000
48.9210;142.9784;0.0000;918.7814;1690162560.0000
48.9210;144.9535;0.0000;916.8810;1690162560.0000
48.9459;145.9286;0.0000;914.1050;1690162560.0000
47.9957;146.9286;0.0000;918.7565;1690162560.0000
48.0206;147.9286;0.0000;916.8810;1690162688.0000
48.0455;148.9286;0.0000;917.8809;1690162688.0000
48.0704;149.9286;11.7013;916.7814;1690162688.0000
47.1450;151.9037;0.0000;916.8810;1690162688.0000
47.1699;152.9037;0.0000;916.8810;1690162688.0000
46.2197;153.9037;0.0000;916.8063;1690162688.0000
46.2446;154.8788;0.0000;914.0054;1690162688.0000
46.2446;155.8788;0.0000;916.7316;1690162688.0000
46.2695;156.8788;0.0000;914.8560;1690162688.0000
45.3193;157.8788;0.0000;916.9556;1690162688.0000
45.3442;158.8788;0.0000;916.8063;1690162688.0000
44.3939;159.8539;11.7013;913.0303;1690162688.0000
44.3939;161.8290;0.0000;916.9058;1690162688.0000
44.4188;162.8290;0.0000;916.7814;1690162688.0000
43.4686;163.8290;11.7013;913.9556;1690162688.0000
43.4935;164.8290;0.0000;916.8810;1690162688.0000
43.5184;165.8290;11.7013;916.7316;1690162688.0000
42.5682;166.8041;0.0000;913.9556;1690162688.0000
42.5682;167.8041;0.0000;917.8561;1690162816.0000
41.6180;168.8041;0.0000;912.9058;1690162816.0000
41.6429;170.7543;0.0000;914.0303;1690162816.0000
41.6429;171.7543;0.0000;914.8560;1690162816.0000
40.6926;171.7793;0.0000;912.9556;1690162816.0000
40.7175;172.7544;0.0000;914.0303;1690162816.0000
40.7424;173.7543;0.0000;913.8560;1690162816.0000
40.7673;174.7543;0.0000;911.0303;1690162816.0000
39.8171;175.7295;0.0000;912.9805;1690162816.0000
39.8171;176.7295;0.0000;914.8809;1690162816.0000
39.8420;177.7046;0.0000;914.0054;1690162816.0000
39.8669;178.7046;0.0000;914.8062;1690162816.0000
38.9167;179.6797;0.0000;912.9058;1690162816.0000
38.9416;180.6797;0.0000;916.9058;1690162816.0000
38.9416;181.6548;0.0000;916.8063;1690162816.0000
38.9665;182.6299;0.0000;911.9307;1690162816.0000
38.0162;183.6299;0.0000;916.8810;1690162816.0000
38.0411;184.6050;11.7013;916.7316;1690162816.0000
38.0660;184.6299;0.0000;910.0552;1690162944.0000
38.0909;185.6050;0.0000;912.9307;1690162944.0000
37.1407;186.6050;0.0000;913.8063;1690162944.0000
37.1656;187.5801;0.0000;911.0303;1690162944.0000
37.1905;188.5552;0.0000;911.9307;1690162944.0000
36.2403;189.5552;0.0000;911.8561;1690162944.0000
36.2403;190.5303;0.0000;911.0303;1690162944.0000
36.2652;192.4805;0.0000;911.8561;1690162944.0000
36.2901;193.4557;0.0000;909.9805;1690162944.0000
36.3149;194.4557;0.0000;912.9805;1690162944.0000
35.3398;195.4308;11.7013;912.8063;1690162944.0000
35.3647;197.3810;0.0000;908.9556;1690162944.0000
35.3896;198.3810;11.7013;910.0054;1690162944.0000
35.4145;199.3561;0.0000;912.8312;1690162944.0000
35.4394;201.3063;0.0000;908.9307;1690162944.0000
35.4643;202.3063;0.0000;912.9058;1690162944.0000
35.4643;203.2814;0.0000;909.9307;1690162944.0000
35.4892;205.2565;11.7013;910.9556;1690162944.0000
34.5390;206.2316;0.0000;910.8810;1690163072.0000
34.5639;207.2316;11.7013;909.9307;1690163072.0000
34.5888;209.1818;0.0000;910.0552;1690163072.0000
34.6136;210.1570;0.0000;913.7316;1690163072.0000
34.6385;211.1320;0.0000;909.9307;1690163072.0000
34.6634;213.1072;0.0000;910.9058;1690163072.0000
34.6883;214.0823;11.7013;911.6569;1690163072.0000
34.6883;215.0574;0.0000;909.9059;1690163072.0000
34.7132;216.0325;11.7013;910.8561;1690163072.0000
34.7381;217.0325;0.0000;909.8561;1690163072.0000
34.7630;218.0076;0.0000;909.9059;1690163072.0000
34.7879;218.9827;11.7013;910.8063;1690163072.0000
34.8128;219.9578;0.0000;909.8063;1690163072.0000
34.8377;220.9578;0.0000;910.9058;1690163072.0000
34.8626;221.9329;0.0000;912.6569;1690163072.0000
34.8626;222.9080;0.0000;907.8311;1690163072.0000
34.8875;223.8831;0.0000;914.7814;1690163072.0000
34.9123;224.8831;0.0000;911.7316;1690163072.0000
34.9372;225.8582;0.0000;910.8312;1690163200.0000
34.9372;226.8333;0.0000;912.7565;1690163200.0000
33.9870;227.8085;0.2987;909.7814;1690163200.0000
34.0119;228.7836;0.0000;913.8063;1690163200.0000
34.0368;229.7587;0.0000;912.7067;1690163200.0000
34.0617;230.7587;0.0000;911.7316;1690163200.0000
34.0617;231.7338;0.0000;914.7814;1690163200.0000
34.1115;232.7089;0.0000;916.6320;1690163200.0000
34.1364;232.7089;0.0000;913.7316;1690163200.0000
34.1613;233.7089;0.0000;916.7067;1690163200.0000
34.1862;234.6840;0.0000;918.4578;1690163200.0000
34.2359;235.6591;0.0000;913.7565;1690163200.0000
34.2608;236.6591;0.0000;916.6569;1690163200.0000
34.2857;237.6342;0.0000;916.6071;1690163200.0000
34.3355;238.6093;0.0000;916.7067;1690163200.0000
34.3604;239.6093;0.0000;918.5573;1690163200.0000
34.3853;240.5844;0.0000;918.5076;1690163200.0000
34.4351;240.5844;0.0000;918.6071;1690163200.0000
34.4600;241.5596;0.0000;919.4329;1690163328.0000
35.4849;242.5595;0.0000;918.4827;1690163328.0000
35.5098;244.5098;0.0000;919.2835;1690163328.0000
35.5595;245.5098;0.0000;922.2836;1690163328.0000
35.6093;246.4849;0.0000;916.5574;1690163328.0000
35.6591;247.4849;0.0000;922.3831;1690163328.0000
35.6840;248.4600;0.0000;920.2587;1690163328.0000
36.7089;249.4351;0.0000;920.4080;1690163328.0000
36.7587;250.4351;0.0000;924.2338;1690163328.0000
36.8085;251.4102;0.0000;919.3582;1690163328.0000
36.8582;252.3853;0.2987;921.4329;1690163328.0000
37.8831;253.3604;0.0000;924.1591;1690163328.0000
37.9329;254.3355;0.0000;921.2836;1690163328.0000
37.9578;255.3106;0.0000;924.3084;1690163328.0000
38.9827;257.2608;0.0000;926.1093;1690163328.0000
39.0325;258.2359;0.0000;923.2587;1690163328.0000
40.0574;259.2111;0.0000;926.1342;1690163328.0000
40.1072;260.1862;0.0000;927.0844;1690163328.0000
40.1569;261.1613;0.0000;924.2338;1690163328.0000
41.1818;262.1364;0.0000;929.0595;1690163456.0000
41.2316;263.1115;0.2987;925.1342;1690163456.0000
41.2814;264.0866;11.7013;927.1840;1690163456.0000
42.3063;265.0617;0.0000;931.9351;1690163456.0000
42.3561;266.0368;0.0000;930.0097;1690163456.0000
42.4059;267.0119;0.0000;930.9848;1690163456.0000
43.4308;267.9621;0.0000;930.9102;1690163456.0000
43.4805;268.9372;0.0000;929.9848;1690163456.0000
43.5303;269.8875;0.2987;930.0346;1690163456.0000
44.5552;270.8626;0.0000;927.9102;1690163456.0000
44.6050;272.7879;0.0000;930.0097;1690163456.0000
44.6548;273.7630;0.2987;929.9600;1690163456.0000
45.6797;274.7381;0.0000;929.8853;1690163456.0000
45.7295;275.6883;0.0000;929.0346;1690163456.0000
46.7543;276.6634;0.0000;931.8853;1690163456.0000
46.8041;277.6385;0.0000;928.9600;1690163456.0000
47.8290;278.5888;0.0000;932.9600;1690163456.0000
47.8788;279.5639;0.0000;934.7857;1690163456.0000
47.9286;280.5390;0.0000;932.9102;1690163584.0000
48.9286;281.4892;0.0000;933.9102;1690163584.0000
48.9784;283.4394;0.0000;931.8355;1690163584.0000
49.0282;284.3896;0.0000;930.9848;1690163584.0000
50.0282;285.3647;0.2987;933.9102;1690163584.0000
50.0779;286.3150;0.0000;931.9102;1690163584.0000
51.1028;287.2901;0.0000;930.0346;1690163584.0000
51.1277;288.2403;0.0000;933.7608;1690163584.0000
52.1526;289.2154;0.0000;932.8106;1690163584.0000
52.2024;291.1407;0.0000;931.9600;1690163584.0000
53.2024;292.1158;0.0000;933.8106;1690163584.0000
54.2273;293.0660;0.0000;929.9351;1690163584.0000
54.2771;295.0163;0.0000;932.9600;1690163584.0000
55.2771;295.9914;0.0000;933.8106;1690163584.0000
56.2771;296.9416;0.0000;932.8853;1690163584.0000
56.3269;298.8918;0.0000;933.8853;1690163584.0000
57.3269;299.8669;0.0000;932.8106;1690163584.0000
57.3518;301.7922;0.0000;930.9848;1690163584.0000
58.3518;302.7673;0.0000;932.8604;1690163712.0000
59.3518;303.7424;0.0000;928.9102;1690163712.0000
59.3766;305.6926;0.0000;932.9600;1690163712.0000
60.4015;306.6429;0.0000;933.7608;1690163712.0000
61.4015;307.6180;0.0000;931.8853;1690163712.0000
62.4015;309.5682;0.0000;930.9848;1690163712.0000
63.4015;310.5433;0.0000;932.7857;1690163712.0000
64.4015;311.4935;0.0000;929.0346;1690163712.0000
64.4264;313.4437;0.2987;932.9102;1690163712.0000
65.4264;314.4189;11.7013;932.8106;1690163712.0000
66.4264;315.3940;0.0000;929.9600;1690163712.0000
67.4264;317.3193;0.0000;929.9351;1690163712.0000
68.4513;318.2944;0.0000;929.8853;1690163712.0000
69.4513;319.2695;0.0000;929.0346;1690163712.0000
69.4762;320.2446;0.0000;931.8106;1690163712.0000
70.4762;322.1948;0.0000;929.9848;1690163712.0000
71.4762;323.1699;0.0000;930.9848;1690163712.0000
72.5011;324.1450;0.0000;932.7857;1690163712.0000
73.5011;326.0952;0.0000;931.9102;1690163840.0000
74.5011;327.0455;0.0000;933.8853;1690163840.0000
75.5011;328.0206;0.0000;931.8106;1690163840.0000
76.5011;328.9957;0.0000;930.0097;1690163840.0000
77.5011;329.9459;0.0000;932.8604;1690163840.0000
78.5011;331.8961;0.0000;930.8354;1690163840.0000
79.5011;332.8712;0.2987;932.9102;1690163840.0000
80.4762;333.8463;0.0000;931.8106;1690163840.0000
81.4762;334.7965;0.0000;929.9102;1690163840.0000
82.4762;335.7716;0.0000;929.9848;1690163840.0000
83.4762;336.7219;0.0000;933.7608;1690163840.0000
84.4762;337.6970;0.0000;928.8853;1690163840.0000
84.5011;338.6721;0.0000;932.8853;1690163840.0000
85.5011;339.6223;0.0000;930.7857;1690163840.0000
86.5011;340.5974;0.0000;929.9351;1690163840.0000
87.5011;341.5476;0.0000;931.8853;1690163840.0000
87.5260;341.5476;0.0000;929.8604;1690163840.0000
88.5260;342.4979;0.0000;929.9848;1690163840.0000
89.5260;343.4730;0.0000;931.7857;1690163840.0000
89.5509;344.4481;0.0000;926.9351;1690163968.0000
90.5509;344.4232;0.0000;930.0346;1690163968.0000
90.5758;345.3983;0.0000;931.8106;1690163968.0000
91.6007;346.3485;0.0000;929.9600;1690163968.0000
92.6007;347.3236;0.0000;931.9351;1690163968.0000
92.6256;348.2738;0.0000;931.8106;1690163968.0000
93.6256;349.2489;0.0000;929.0097;1690163968.0000
94.6256;350.1991;0.0000;929.9848;1690163968.0000
95.6256;351.1743;0.0000;929.8853;1690163968.0000
96.6256;351.1494;0.0000;928.9600;1690163968.0000
97.6256;353.0996;0.0000;930.8105;1690163968.0000
98.6505;353.0747;0.0000;927.0098;1690163968.0000
99.6505;354.0249;0.0000;929.9848;1690163968.0000
100.6505;354.0249;0.0000;929.8604;1690163968.0000
101.6753;354.9751;0.0000;928.9600;1690163968.0000
103.6505;355.9253;0.0000;929.9600;1690163968.0000
104.6505;356.8755;0.0000;929.8604;1690163968.0000
105.6754;357.8258;0.0000;928.9849;1690163968.0000
106.6754;357.8258;0.0000;929.9351;1690164096.0000
107.7002;358.7760;0.0000;926.9351;1690164096.0000
109.6753;359.7262;0.0000;929.9848;1690164096.0000
110.7002;359.7013;0.0000;931.8604;1690164096.0000
112.7002;360.6515;0.0000;929.8853;1690164096.0000
114.6754;361.6017;0.0000;928.0595;1690164096.0000
115.6753;361.5768;0.0000;931.8106;1690164096.0000
117.6753;362.5022;0.0000;927.9351;1690164096.0000
119.6754;362.4773;0.0000;930.0097;1690164096.0000
120.6753;363.4275;0.0000;930.7857;1690164096.0000
122.6754;364.3777;0.0000;928.0098;1690164096.0000
123.6753;365.3279;0.0000;930.9351;1690164096.0000
125.6753;366.2781;0.0000;929.8604;1690164096.0000
126.6753;366.2284;0.0000;929.9351;1690164096.0000
128.6505;367.1786;0.0000;931.8604;1690164096.0000
129.6754;368.1288;0.0000;929.8604;1690164096.0000
131.6505;369.0541;0.0000;930.0097;1690164096.0000
132.6505;370.0043;0.0000;932.7608;1690164096.0000
134.6505;369.9546;0.0000;929.9102;1690164224.0000
135.6505;370.9048;0.0000;929.0097;1690164224.0000
137.6256;371.8550;0.0000;931.7609;1690164224.0000
139.6007;371.8052;0.0000;929.9351;1690164224.0000
141.6007;372.7554;0.0000;932.8604;1690164224.0000
142.6007;372.7057;0.0000;931.7609;1690164224.0000
144.5758;373.6559;0.0000;929.9351;1690164224.0000
146.5509;373.6061;0.0000;934.8106;1690164224.0000
148.5260;374.5314;0.2987;930.8604;1690164224.0000
150.5260;375.4816;0.0000;931.8853;1690164224.0000
151.5260;375.4318;0.0000;934.7110;1690164224.0000
153.5011;376.3820;0.0000;932.7857;1690164224.0000
155.5011;376.3322;0.0000;932.9102;1690164224.0000
157.4762;377.2576;0.0000;930.7857;1690164224.0000
159.4513;377.2327;0.0000;931.8604;1690164224.0000
161.4264;378.1580;0.0000;932.9102;1690164224.0000
163.4016;378.1082;0.0000;932.7111;1690164224.0000
165.3766;379.0335;0.0000;931.8853;1690164224.0000
166.3766;378.9838;0.0000;934.7359;1690164352.0000
168.3269;378.9589;0.0000;932.7857;1690164352.0000
170.3020;378.9091;0.0000;932.8604;1690164352.0000
171.3269;379.8344;0.0000;935.6861;1690164352.0000
173.3020;379.8095;0.0000;933.7608;1690164352.0000
174.3020;380.7349;0.0000;932.9102;1690164352.0000
176.2771;380.7100;0.0000;935.7359;1690164352.0000
177.2771;381.6353;0.0000;932.8106;1690164352.0000
179.2522;381.5855;0.0000;934.8106;1690164352.0000
181.2273;381.5606;0.0000;935.6613;1690164352.0000
182.2273;381.5108;0.0000;934.7608;1690164352.0000
184.2024;381.4610;0.0000;936.7608;1690164352.0000
186.1775;382.3864;0.0000;937.6364;1690164352.0000
187.1526;382.3615;0.0000;935.8105;1690164352.0000
189.1277;382.3117;0.0000;936.6861;1690164352.0000
191.1028;383.2370;0.0000;935.7110;1690164352.0000
192.1028;383.1872;0.0000;935.8354;1690164352.0000
194.0779;383.1624;0.0000;937.6613;1690164352.0000
195.0780;383.1125;0.0000;932.8106;1690164480.0000
197.0531;384.0628;0.2987;937.7857;1690164480.0000
198.0531;384.0130;0.0000;938.6115;1690164480.0000
199.0282;383.9632;0.0000;934.8106;1690164480.0000
201.0033;383.9383;0.0000;937.7360;1690164480.0000
202.0033;384.8636;0.0000;937.6364;1690164480.0000
203.9535;384.8138;0.0000;933.7857;1690164480.0000
204.9535;384.7889;0.0000;936.7359;1690164480.0000
205.9535;384.7392;0.0000;937.6862;1690164480.0000
207.9037;384.6894;0.0000;938.7857;1690164480.0000
208.9037;384.6396;0.0000;940.5865;1690164480.0000
210.8539;384.6147;0.0000;938.7111;1690164480.0000
211.8539;384.5649;0.0000;939.7608;1690164480.0000
213.8041;384.5151;0.0000;940.5865;1690164480.0000
214.8041;384.4902;0.0000;937.8106;1690164480.0000
215.7792;384.4405;0.0000;941.7110;1690164480.0000
217.7543;384.3907;0.0000;940.6613;1690164480.0000
218.7295;384.3658;0.0000;938.8355;1690164480.0000
220.6797;384.3160;0.0000;941.7608;1690164608.0000
221.6548;384.2662;0.0000;938.8604;1690164608.0000
223.6050;384.2164;0.0000;939.9102;1690164608.0000
225.5303;384.1667;0.0000;940.7857;1690164608.0000
226.5054;384.1169;0.2987;939.8355;1690164608.0000
228.4308;384.0671;0.0000;941.9599;1690164608.0000
230.3810;384.0173;0.2987;942.7110;1690164608.0000
231.3561;383.9924;0.0000;940.8853;1690164608.0000
233.2814;383.9426;0.2987;943.9102;1690164608.0000
235.2316;383.9177;0.2987;941.7359;1690164608.0000
237.1818;382.8929;0.2987;941.8604;1690164608.0000
238.1321;382.8680;0.0000;942.8354;1690164608.0000
240.0823;382.8431;0.2987;942.7359;1690164608.0000
242.0325;382.7933;0.0000;941.9599;1690164608.0000
243.0076;381.7933;0.0000;943.7111;1690164608.0000
244.9578;381.7684;0.0000;943.7360;1690164608.0000
246.8831;380.7435;0.0000;944.5617;1690164608.0000
248.8333;380.7186;0.0000;946.8354;1690164608.0000
250.7836;380.6937;0.0000;943.9849;1690164608.0000
252.7338;379.6937;0.0000;946.0595;1690164736.0000
253.6840;379.6688;0.0000;946.8604;1690164736.0000
255.6342;378.6440;0.0000;945.0346;1690164736.0000
257.5844;378.6440;0.0000;948.9350;1690164736.0000
259.5346;377.6439;0.0000;948.8354;1690164736.0000
260.5098;377.6190;0.0000;947.0346;1690164736.0000
263.4351;376.6190;0.0000;949.8853;1690164736.0000
265.3853;375.6440;0.0000;950.8604;1690164736.0000
266.3604;375.6190;0.0000;949.0097;1690164736.0000
268.3106;374.6190;0.0000;950.8604;1690164736.0000
270.2608;373.6439;0.0000;948.9350;1690164736.0000
271.2359;373.6190;0.0000;951.9600;1690164736.0000
273.1862;372.6440;0.0000;952.8106;1690164736.0000
275.1364;371.6688;0.0000;949.9600;1690164736.0000
276.1115;370.6937;0.0000;952.7857;1690164736.0000
278.0617;369.7186;0.0000;951.3875;1690164736.0000
279.0368;368.7435;11.7013;949.5660;1690164736.0000
280.9622;367.7684;0.0000;952.1721;1690164736.0000
282.9124;366.7933;11.7013;947.6082;1690164864.0000
283.8875;365.7933;0.0000;936.1785;1690164864.0000
275.9556;359.8149;0.0000;940.9794;1689742848.0000
276.9307;358.8398;0.0000;939.0292;1689742848.0000
278.8809;357.8647;0.0000;940.9794;1689742848.0000
280.8311;355.9145;0.0000;940.9794;1689742848.0000
281.8062;354.9394;0.0000;939.0292;1689742848.0000
283.7565;353.9643;0.0000;940.9794;1689742848.0000
285.7067;352.9891;0.0000;941.9545;1689742848.0000
286.6818;352.0140;0.0000;940.9794;1689742848.0000
288.6320;351.0389;0.0000;942.9296;1689742848.0000
289.6071;350.0638;0.0000;940.9794;1689742848.0000
291.5573;349.0887;0.0000;943.9047;1689742848.0000
293.5075;348.1136;0.0000;945.8549;1689742848.0000
295.4578;346.1634;0.0000;941.9545;1689742848.0000
297.4080;345.1883;0.0000;943.9047;1689742848.0000
298.3831;344.2132;0.0000;946.8300;1689742848.0000
300.3333;342.2630;0.0000;941.9545;1689742848.0000
302.2835;341.2878;0.0000;946.8300;1689742848.0000
303.2586;340.3127;0.0000;946.8300;1689742848.0000
305.2089;339.3376;0.0000;943.9047;1689742848.0000
306.1840;337.3874;0.0000;946.8300;1689742848.0000
308.1342;337.3874;0.0000;943.9047;1689742848.0000
309.1093;335.4372;0.0000;942.9296;1689742848.0000
311.0595;335.4372;0.0000;948.7802;1689742848.0000
312.0346;334.4621;0.0000;944.8798;1689742848.0000
313.9848;333.4870;0.0000;946.8300;1689742848.0000
314.9599;332.5119;0.0000;946.8300;1689742848.0000
316.9102;330.5617;0.0000;944.8798;1689742848.0000
318.8604;329.5865;0.0000;946.8300;1689742848.0000
320.8106;328.6115;0.0000;946.8300;1689742848.0000
321.7857;326.6612;0.0000;946.8300;1689742848.0000
323.7359;324.7110;0.0000;949.7553;1689742848.0000
325.6861;323.7359;0.0000;947.8051;1689742848.0000
326.6612;321.7857;0.0000;948.7802;1689742848.0000
327.6364;320.8106;0.0000;952.6807;1689742848.0000
329.5865;319.8355;0.0000;946.8300;1689742976.0000
330.5617;318.8604;0.0000;949.7553;1689742976.0000
331.5368;316.9102;0.0000;948.7802;1689742976.0000
333.4870;315.9350;11.7013;948.7802;1689742976.0000
334.4621;314.9599;0.0000;950.7305;1689742976.0000
335.4372;313.9848;11.7013;950.7305;1689742976.0000
336.4123;312.0346;0.0000;948.7802;1689742976.0000
338.3625;311.0595;0.0000;950.7305;1689742976.0000
339.3376;309.1093;0.0000;949.7553;1689742976.0000
340.3127;308.1342;0.0000;949.7553;1689742976.0000
341.2878;307.1591;0.0000;952.6807;1689742976.0000
343.2381;305.2089;0.0000;947.8051;1689742976.0000
344.2132;304.2337;0.0000;950.7305;1689742976.0000
345.1883;302.2835;0.0000;952.6807;1689742976.0000
346.1634;300.3333;0.0000;948.7802;1689742976.0000
347.1385;298.3831;0.0000;952.6807;1689742976.0000
349.0887;296.4329;0.0000;951.7056;1689742976.0000
350.0638;294.4827;0.0000;948.7802;1689742976.0000
352.0140;292.5324;0.0000;952.6807;1689743104.0000
352.9891;290.5822;0.0000;951.7056;1689743104.0000
354.9394;288.6320;0.0000;950.7305;1689743104.0000
355.9145;287.6569;0.0000;953.6558;1689743104.0000
356.8896;285.7067;0.0000;951.7056;1689743104.0000
357.8647;284.7316;0.0000;952.6807;1689743104.0000
358.8398;283.7565;0.0000;953.6558;1689743104.0000
360.7900;281.8062;0.0000;950.7305;1689743104.0000
360.7900;280.8311;0.0000;952.6807;1689743104.0000
361.7651;279.8560;0.0000;953.6558;1689743104.0000
362.7402;277.9058;0.0000;952.6807;1689743104.0000
363.7153;276.9307;0.0000;955.6060;1689743104.0000
364.6905;274.9805;0.0000;954.6309;1689743104.0000
365.6656;273.0303;0.0000;953.6558;1689743104.0000
366.6407;272.0552;11.7013;955.6060;1689743104.0000
366.6407;270.1049;0.0000;955.6060;1689743104.0000
367.6158;268.1548;11.7013;955.6060;1689743104.0000
368.5909;267.1796;0.0000;957.5562;1689743104.0000
369.5660;265.2294;0.0000;955.6060;1689743232.0000
369.5660;263.2792;0.0000;957.5562;1689743232.0000
371.5162;262.3041;0.0000;957.5562;1689743232.0000
371.5162;260.3539;0.0000;948.7802;1689743232.0000
372.4913;258.4037;0.0000;958.5313;1689743232.0000
373.4664;256.4534;0.0000;959.5064;1689743232.0000
374.4415;255.4783;0.0000;958.5313;1689743232.0000
374.4415;253.5281;0.0000;960.4815;1689743232.0000
375.4166;251.5779;0.0000;958.5313;1689743232.0000
376.3918;249.6277;0.0000;959.5064;1689743232.0000
377.3669;248.6526;0.0000;961.4566;1689743232.0000
377.3669;246.7024;0.0000;958.5313;1689743232.0000
378.3419;245.7272;0.0000;957.5562;1689743232.0000
379.3171;244.7522;0.0000;960.4815;1689743232.0000
380.2922;242.8019;0.0000;958.5313;1689743232.0000
380.2922;241.8268;0.0000;957.5562;1689743232.0000
381.2673;240.8517;0.0000;959.5064;1689743232.0000
382.2424;238.9015;0.0000;958.5313;1689743232.0000
382.2424;237.9264;0.0000;959.5064;1689743232.0000
383.2175;235.9762;0.0000;958.5313;1689743360.0000
384.1926;235.0011;0.0000;961.4566;1689743360.0000
384.1926;233.0508;0.0000;963.4069;1689743360.0000
384.1926;231.1006;0.0000;958.5313;1689743360.0000
384.1926;230.1255;0.0000;959.5064;1689743360.0000
385.1677;228.1753;0.0000;961.4566;1689743360.0000
385.1677;227.2002;0.0000;958.5313;1689743360.0000
385.1677;225.2500;0.0000;958.5313;1689743360.0000
386.1428;223.2998;11.7013;960.4815;1689743360.0000
386.1428;222.3247;0.0000;959.5064;1689743360.0000
387.1179;220.3744;11.7013;958.5313;1689743360.0000
387.1179;219.3993;0.0000;956.5811;1689743360.0000
387.1179;218.4242;0.0000;956.5811;1689743360.0000
388.0930;217.4491;0.0000;955.6060;1689743360.0000
388.0930;217.4491;11.7013;956.5811;1689743360.0000
388.0930;216.4740;0.0000;958.5313;1689743360.0000
388.0930;215.4989;11.7013;958.5313;1689743360.0000
388.0930;215.4989;0.0000;955.6060;1689743360.0000
388.0930;214.5238;0.0000;956.5811;1689743488.0000
388.0930;213.5487;0.0000;952.6807;1689743488.0000
388.0930;211.5985;0.0000;945.8549;1689743488.0000
388.0930;210.6234;0.0000;957.5562;1689743488.0000
389.0681;209.6483;0.0000;942.9296;1689743488.0000
389.0681;207.6980;0.0000;949.7553;1689743488.0000
389.0681;206.7229;0.0000;949.7553;1689743488.0000
389.0681;205.7478;0.0000;945.8549;1689743488.0000
390.0433;204.7727;0.0000;946.8300;1689743488.0000
390.0433;203.7976;0.0000;948.7802;1689743488.0000
390.0433;202.8225;0.0000;944.8798;1689743488.0000
390.0433;201.8474;0.0000;946.8300;1689743488.0000
390.0433;200.8723;0.0000;946.8300;1689743488.0000
390.0433;199.8972;0.0000;941.9545;1689743488.0000
390.0433;198.9221;0.0000;943.9047;1689743488.0000
391.0184;197.9470;0.0000;941.9545;1689743488.0000
391.0184;196.9718;0.0000;940.0043;1689743488.0000
391.0184;195.9967;0.0000;939.0292;1689743488.0000
391.0184;195.9967;0.0000;939.0292;1689743616.0000
391.0184;195.9967;0.0000;940.9794;1689743616.0000
391.0184;195.9967;0.0000;942.9296;1689743616.0000
391.0184;195.9967;0.0000;939.0292;1689743616.0000
391.0184;195.0216;0.0000;940.0043;1689743616.0000
391.0184;195.0216;0.0000;938.0540;1689743616.0000
391.0184;195.0216;0.0000;933.1785;1689743616.0000
391.0184;195.0216;0.0000;926.3527;1689743616.0000
390.0433;195.0216;0.0000;914.6514;1689743616.0000
390.0433;195.0216;0.0000;899.0497;1689743616.0000
390.0433;195.0216;0.0000;887.3484;1689743616.0000
390.0433;195.0216;0.0000;860.0454;1689743616.0000
390.0433;195.0216;0.0000;818.1157;1689743616.0000
390.0433;195.0216;0.0000;756.6839;1689743616.0000
390.0433;195.0216;11.7013;628.9448;1689743616.0000
389.0681;195.0216;23.4026;386.1428;1689743616.0000
389.0681;195.0216;35.1039;184.2954;1689743616.0000
598.7164;-15.6017;0.0000;388.0930;1689744640.0000
598.7164;-16.5768;0.0000;391.0184;1689744640.0000
598.7164;-16.5768;0.0000;391.9935;1689744640.0000
598.7164;-16.5768;0.0000;413.4459;1689744640.0000
598.7164;-16.5768;0.0000;441.7240;1689744640.0000
598.7164;-16.5768;0.0000;453.4253;1689744640.0000
598.7164;-16.5768;0.0000;450.5000;1689744640.0000
598.7164;-16.5768;0.0000;433.9231;1689744640.0000
598.7164;-15.6017;0.0000;386.1428;1689744640.0000
598.7164;-15.6017;0.0000;146.2662;1689744640.0000
