200.4349;202.5651;0.0000;48.4048;763207040.0000
200.4349;202.5651;0.0000;124.0313;763207104.0000
200.4349;202.5651;0.0000;133.4219;763207104.0000
200.4349;202.5651;0.0000;150.6408;763207104.0000
200.4349;202.5651;0.0000;187.2974;763207104.0000
200.4349;202.5651;0.0000;217.5191;763207104.0000
200.4349;202.5651;0.0000;235.7824;763207104.0000
200.4349;202.5651;0.0000;252.5663;763207104.0000
200.4349;202.5651;0.0000;265.1343;763207104.0000
200.8698;202.5651;0.0000;278.3975;763207104.0000
200.8698;202.5651;0.0000;292.7466;763207104.0000
200.8698;202.5651;0.0000;302.1400;763207168.0000
201.3047;202.5651;0.0000;315.0541;763207168.0000
201.3047;202.5651;0.0000;322.5334;763207168.0000
201.7396;202.1302;0.0000;328.4919;763207168.0000
201.7396;202.1302;0.0000;336.5362;763207168.0000
202.1745;202.1302;0.0000;342.1457;763207168.0000
202.1745;201.6953;0.0000;347.7994;763207168.0000
202.1745;201.6953;0.0000;353.7994;763207232.0000
202.6094;201.6953;0.0000;356.0183;763207232.0000
202.6094;201.6953;0.0000;361.4976;763207232.0000
203.0443;201.2604;0.0000;364.3674;763207232.0000
203.0443;201.2604;0.0000;366.0212;763207232.0000
203.4792;200.8255;0.0000;369.8910;763207232.0000
203.4792;200.8255;0.0000;371.8910;763207232.0000
203.4792;200.8255;0.0000;371.8051;763207232.0000
203.9142;200.3906;0.0000;375.5004;763207232.0000
203.9142;199.9557;0.0000;375.9353;763207232.0000
203.9142;199.9557;0.0000;376.9797;763207232.0000
203.9142;199.5208;0.0000;378.1099;763207232.0000
203.9142;199.5208;0.0000;378.2844;763207232.0000
203.9142;199.0858;0.0000;380.3287;763207232.0000
203.9142;199.0858;0.0000;383.7193;763207232.0000
203.9142;199.0858;0.0000;382.5033;763207296.0000
203.9142;198.6509;0.0000;385.9382;763207296.0000
203.9142;198.6509;0.0000;385.0684;763207296.0000
203.9142;198.6509;0.0000;385.5476;763207296.0000
203.9142;198.2160;0.0000;388.1127;763207296.0000
203.9142;198.2160;0.0000;386.6778;763207296.0000
203.9142;197.7811;0.0000;386.4174;763207296.0000
203.9142;197.7811;0.0000;388.5476;763207296.0000
203.9142;197.7811;0.0000;388.1570;763207296.0000
203.9142;197.3462;0.0000;390.8967;763207296.0000
203.9142;197.3462;0.0000;393.2872;763207296.0000
203.4792;197.3462;0.0000;392.2014;763207296.0000
203.4792;196.9113;0.0000;394.0712;763207296.0000
203.4792;196.9113;0.0000;394.7665;763207296.0000
203.4792;196.9113;0.0000;395.2458;763207360.0000
203.4792;196.9113;0.0000;396.3759;763207360.0000
203.4792;196.4764;0.0000;397.6363;763207424.0000
203.4792;196.4764;0.0000;397.6807;763207424.0000
203.0443;196.4764;0.0000;399.9410;763207424.0000
203.0443;196.0415;0.0000;398.6807;763207424.0000
203.0443;196.0415;0.0000;398.9854;763207424.0000
203.0443;196.0415;0.0000;401.2458;763207424.0000
202.6094;196.0415;0.0000;400.2901;763207424.0000
202.6094;195.6066;0.0000;401.5948;763207424.0000
202.6094;195.6066;0.0000;402.5505;763207424.0000
202.1745;195.6066;0.0000;402.2043;763207424.0000
202.1745;195.6066;0.0000;403.8552;763207424.0000
202.1745;195.6066;0.0000;405.1599;763207424.0000
202.1745;195.1717;0.0000;403.3344;763207424.0000
201.7396;195.1717;0.0000;405.5948;763207424.0000
201.7396;195.1717;0.0000;403.8995;763207424.0000
201.7396;195.1717;0.0000;403.6392;763207424.0000
201.7396;195.1717;0.0000;404.7693;763207488.0000
201.7396;195.1717;0.0000;403.3788;763207552.0000
201.3047;194.7368;0.0000;404.8137;763207552.0000
201.3047;194.7368;0.0000;404.6392;763207552.0000
200.8698;194.7368;0.0000;404.5533;763207552.0000
200.8698;194.7368;0.0000;406.3788;763207552.0000
200.4349;194.7368;0.0000;406.5090;763207552.0000
200.4349;194.7368;0.0000;405.5533;763207552.0000
200.4349;194.7368;0.0000;408.1184;763207552.0000
200.0000;194.7368;0.0000;408.1184;763207552.0000
200.0000;194.3019;0.0000;408.1628;763207552.0000
199.5651;194.3019;0.0000;409.9882;763207552.0000
199.5651;193.7368;0.0000;409.5977;763207552.0000
199.5651;193.7368;0.0000;411.4675;763207552.0000
199.1302;193.7368;0.0000;412.8580;763207552.0000
199.1302;193.7368;0.0000;410.7722;763207552.0000
199.1302;193.3019;0.0000;412.9024;763207552.0000
198.6953;193.3019;0.0000;413.7278;763207616.0000
198.6953;193.3019;0.0000;411.6420;763207616.0000
198.2604;193.3019;0.0000;413.2071;763207680.0000
198.2604;193.3019;0.0000;413.3373;763207680.0000
197.8255;193.3019;0.0000;413.5118;763207680.0000
197.8255;193.3019;0.0000;414.3373;763207680.0000
197.3906;193.3019;0.0000;413.5118;763207680.0000
197.3906;193.3019;0.0000;416.8165;763207680.0000
197.3906;193.8670;0.0000;418.9024;763207680.0000
196.9557;193.8670;0.0000;418.9024;763207680.0000
196.9557;193.8670;0.0000;424.0326;763207680.0000
196.9557;193.8670;0.0000;424.9882;763207680.0000
196.5208;193.8670;0.0000;424.0326;763207680.0000
196.5208;193.8670;0.0000;424.9882;763207680.0000
196.5208;193.8670;0.0000;426.4231;763207680.0000
196.0858;193.8670;0.0000;427.7278;763207680.0000
196.0858;193.8670;0.0000;428.9439;763207744.0000
195.6509;193.8670;0.0000;428.6835;763207744.0000
195.6509;193.8670;0.0000;430.9882;763207744.0000
195.6509;193.8670;0.0000;432.5090;763207744.0000
195.2160;193.8670;0.0000;431.6835;763207808.0000
195.2160;193.8670;0.0000;432.2486;763207808.0000
194.7811;194.3019;0.0000;433.6392;763207808.0000
194.7811;194.3019;0.0000;433.2486;763207808.0000
194.7811;194.3019;0.0000;435.9438;763207808.0000
194.3462;194.3019;0.0000;435.0740;763207808.0000
194.3462;194.3019;0.0000;433.2486;763207808.0000
193.9113;193.7368;0.0000;437.0740;763207808.0000
194.4764;193.7368;0.0000;436.9438;763207808.0000
194.4764;193.7368;0.0000;437.1184;763207808.0000
194.0415;193.7368;0.0000;437.5090;763207808.0000
194.0415;193.7368;0.0000;436.2486;763207808.0000
194.0415;193.7368;0.0000;438.9882;763207872.0000
193.4764;193.7368;0.0000;434.9882;763207872.0000
193.4764;193.7368;0.0000;428.1212;763207872.0000
193.0415;193.7368;0.0000;423.4703;763207872.0000
193.0415;193.7368;0.0000;411.8637;763207872.0000
192.6066;193.7368;0.0000;396.9109;763207872.0000
192.6066;194.1717;0.0000;369.7864;763207936.0000
192.0415;193.6066;0.0000;345.1827;763208128.0000
192.0415;193.6066;0.0000;349.7921;763208128.0000
192.0415;193.6066;0.0000;351.9638;763208128.0000
191.6066;193.6066;0.0000;356.3544;763208128.0000
191.6066;194.0415;0.0000;358.0940;763208128.0000
191.1717;194.0415;0.0000;356.7893;763208128.0000
191.1717;194.4764;0.0000;368.2657;763208128.0000
191.1717;194.4764;0.0000;379.5676;763208128.0000
190.7368;194.4764;0.0000;388.5647;763208128.0000
190.7368;194.9113;0.0000;402.0411;763208192.0000
190.8670;194.9113;0.0000;404.9968;763208192.0000
190.8670;194.9113;0.0000;408.3873;763208192.0000
190.8670;194.9113;0.0000;410.8222;763208192.0000
190.8670;195.3462;0.0000;409.5175;763208192.0000
190.4321;195.3462;0.0000;413.3430;763208192.0000
190.4321;195.3462;0.0000;414.7779;763208192.0000
189.9972;195.3462;0.0000;414.6034;763208192.0000
189.9972;195.7811;0.0000;420.4288;763208256.0000
189.9972;195.7811;0.0000;419.8637;763208256.0000
189.9972;195.7811;0.0000;422.3845;763208256.0000
189.5623;195.7811;0.0000;426.0798;763208256.0000
189.5623;196.2160;0.0000;424.9496;763208256.0000
189.1273;196.2160;0.0000;428.6005;763208256.0000
189.1273;196.2160;0.0000;431.1656;763208256.0000
189.1273;196.6509;0.0000;429.2958;763208256.0000
189.1273;196.6509;0.0000;432.4260;763208256.0000
188.6924;196.6509;0.0000;432.9911;763208320.0000
188.6924;197.0858;0.0000;431.4260;763208320.0000
188.6924;197.6509;0.0000;434.6864;763208320.0000
188.2575;197.6509;0.0000;433.7307;763208320.0000
188.2575;198.0858;0.0000;432.5562;763208320.0000
188.2575;198.0858;0.0000;435.9911;763208320.0000
188.2575;198.0858;0.0000;433.7307;763208320.0000
188.3877;198.5208;0.0000;435.1213;763208320.0000
188.3877;198.5208;0.0000;437.6864;763208320.0000
188.3877;198.5208;0.0000;434.2958;763208384.0000
187.9528;198.9557;0.0000;437.6864;763208384.0000
187.9528;198.9557;0.0000;438.5562;763208384.0000
187.9528;198.9557;0.0000;437.6864;763208384.0000
187.5179;199.3906;0.0000;441.9467;763208384.0000
187.5179;199.3906;0.0000;440.2515;763208384.0000
187.5179;199.8255;0.0000;440.2071;763208448.0000
187.0830;199.8255;0.0000;445.9024;763208448.0000
187.0830;199.8255;0.0000;443.2071;763208448.0000
187.0830;200.2604;0.0000;443.9024;763208448.0000
187.6481;200.2604;0.0000;445.4675;763208448.0000
187.2132;200.6953;0.0000;441.6420;763208448.0000
187.2132;201.1302;0.0000;444.4675;763208448.0000
187.2132;201.1302;0.0000;446.3373;763208448.0000
187.3434;201.5651;0.0000;445.0326;763208448.0000
187.3434;202.0000;0.0000;448.2930;763208448.0000
187.3434;201.4349;0.0000;450.9882;763208448.0000
187.3434;201.8698;0.0000;452.3788;763208448.0000
186.9085;201.3047;0.0000;455.5090;763208448.0000
186.9085;201.7396;0.0000;454.5090;763208448.0000
187.4736;201.6094;0.0000;455.4646;763208448.0000
187.4736;201.6094;0.0000;458.4646;763208448.0000
187.4736;201.4792;0.0000;456.3344;763208448.0000
187.4736;201.4792;0.0000;460.1599;763208512.0000
187.0387;201.9142;5.2189;461.1599;763208512.0000
187.0387;201.3491;0.0000;458.5948;763208512.0000
187.0387;201.7840;0.0000;461.8552;763208512.0000
187.6038;201.7840;0.0000;461.8995;763208512.0000
187.6038;201.2189;0.0000;459.7250;763208512.0000
187.6038;201.6538;0.0000;462.2901;763208512.0000
187.6038;201.5236;5.2189;460.7250;763208512.0000
187.6038;200.9585;0.0000;459.4203;763208512.0000
187.7339;201.3934;0.0000;463.1599;763208512.0000
187.7339;201.2632;0.0000;460.5948;763208512.0000
187.7339;201.6981;5.2189;461.8552;763208512.0000
187.7339;201.1330;0.0000;462.7250;763208512.0000
187.7339;201.5680;0.0000;461.1599;763208512.0000
187.7339;201.5680;0.0000;462.4203;763208576.0000
187.7339;201.4378;0.0000;463.1599;763208576.0000
187.7339;201.4378;0.0000;461.2901;763208640.0000
187.7339;201.8727;5.2189;464.4203;763208640.0000
187.7339;201.8727;0.0000;463.5948;763208640.0000
187.1689;201.7425;0.0000;462.8552;763208640.0000
187.1689;201.7425;0.0000;466.5505;763208640.0000
187.0387;201.6123;0.0000;463.5948;763208640.0000
186.4736;201.6123;5.2189;466.9854;763208640.0000
185.9085;201.4821;0.0000;469.4203;763208640.0000
185.3434;201.9170;5.2189;470.7250;763208640.0000
184.7783;201.3519;0.0000;471.3316;763208640.0000
184.2132;201.2217;0.0000;482.0269;763208640.0000
183.6481;201.0916;0.0000;487.7637;763208640.0000
183.0830;201.0916;0.0000;497.6750;763208640.0000
183.0830;200.9614;0.0000;501.3702;763208640.0000
182.5179;200.9614;0.0000;503.4561;763208640.0000
182.5179;201.3963;0.0000;508.0212;763208640.0000
181.9528;201.3963;0.0000;504.6306;763208768.0000
182.3877;201.8312;0.0000;506.8910;763208768.0000
182.3877;201.8312;0.0000;509.3259;763208768.0000
182.3877;202.2661;0.0000;505.6306;763208768.0000
182.3877;202.7010;0.0000;509.3259;763208768.0000
182.3877;202.7010;0.0000;509.5004;763208768.0000
182.2575;202.7010;0.0000;507.7608;763208768.0000
182.2575;203.1359;0.0000;511.3259;763208768.0000
182.2575;203.1359;0.0000;509.5004;763208768.0000
181.6924;203.1359;0.0000;510.3259;763208768.0000
181.5623;203.5708;0.0000;514.3259;763208768.0000
181.5623;203.5708;0.0000;511.7608;763208768.0000
180.9972;204.0057;0.0000;513.8910;763208768.0000
180.4321;204.0057;5.2189;517.4561;763208768.0000
179.8670;204.4406;0.0000;514.5863;763208768.0000
179.8670;204.8755;0.0000;518.7164;763208768.0000
179.7368;204.8755;0.0000;521.8467;763208832.0000
179.1717;204.8755;0.0000;520.9768;763208832.0000
178.6066;204.7453;0.0000;525.1071;763208896.0000
178.4764;204.7453;5.2189;525.9768;763208896.0000
177.3462;204.7453;0.0000;527.3674;763208896.0000
176.7811;205.1802;0.0000;533.1929;763208896.0000
176.2160;205.1802;0.0000;533.6277;763208896.0000
175.6509;205.6151;0.0000;537.8438;763208896.0000
176.0858;205.6151;0.0000;544.1042;763208896.0000
175.5208;206.0500;0.0000;542.7994;763208896.0000
174.9557;206.0500;0.0000;545.6249;763208896.0000
175.3906;207.0500;0.0000;548.4948;763208896.0000
174.8255;207.0500;0.0000;545.9296;763208896.0000
174.6953;207.6151;0.0000;549.7551;763208896.0000
174.6953;208.0500;0.0000;549.7994;763208896.0000
174.5651;208.6151;0.0000;549.7994;763208896.0000
174.0000;209.0500;0.0000;553.4948;763208960.0000
173.4349;209.6151;0.0000;552.6693;763208960.0000
173.3047;210.0500;0.0000;552.3646;763208960.0000
172.7396;210.6151;0.0000;555.7994;763208960.0000
172.7396;211.0500;0.0000;554.1042;763208960.0000
172.6094;211.6151;0.0000;555.7994;763209024.0000
172.0443;211.6151;0.0000;556.5391;763209024.0000
172.4792;212.6151;0.0000;553.6693;763209024.0000
172.4792;212.6151;0.0000;556.6693;763209024.0000
171.9142;213.6151;0.0000;556.4089;763209024.0000
172.3491;213.6151;0.0000;554.9740;763209024.0000
172.3491;214.6151;0.0000;559.6693;763209024.0000
171.7840;215.1802;0.0000;556.2787;763209024.0000
172.2189;215.6151;0.0000;556.9740;763209024.0000
172.6538;216.1802;0.0000;559.9740;763209024.0000
172.6538;217.1802;0.0000;556.7136;763209024.0000
172.5236;217.1802;0.0000;558.5391;763209088.0000
172.5236;217.7453;0.0000;559.8438;763209088.0000
172.9585;217.7453;0.0000;557.2787;763209088.0000
172.9585;218.7453;0.0000;560.2787;763209088.0000
172.9585;219.3104;0.0000;560.5834;763209088.0000
172.9585;219.3104;0.0000;558.7136;763209088.0000
173.3934;220.3104;0.0000;562.2787;763209088.0000
173.3934;220.8755;0.0000;560.3231;763209152.0000
173.8283;221.8755;0.0000;559.5834;763209152.0000
173.2632;222.4406;0.0000;559.6693;763209152.0000
173.6981;222.4406;0.0000;560.1929;763209152.0000
173.6981;223.0057;0.0000;562.5834;763209152.0000
174.1330;223.5708;0.0000;564.3231;763209152.0000
174.1330;224.0057;0.0000;560.7579;763209152.0000
174.5679;224.5708;0.0000;563.0183;763209152.0000
174.5679;225.1359;0.0000;564.0627;763209152.0000
175.0029;225.1359;0.0000;562.6277;763209216.0000
174.4378;225.7010;0.0000;565.7579;763209216.0000
174.8727;226.2661;0.0000;564.8023;763209216.0000
174.8727;226.8312;0.0000;564.1929;763209216.0000
174.7425;227.8312;0.0000;567.1929;763209216.0000
174.7425;228.3963;0.0000;564.9325;763209216.0000
175.1774;228.9614;0.0000;566.1929;763209216.0000
175.1774;229.5265;0.0000;568.6278;763209216.0000
175.6123;230.0916;0.0000;565.3674;763209216.0000
175.6123;230.0916;0.0000;567.0627;763209280.0000
176.0472;230.6566;0.0000;568.3674;763209280.0000
176.0472;231.2217;0.0000;566.3674;763209280.0000
176.4821;231.7868;0.0000;569.1929;763209280.0000
176.9170;231.7868;0.0000;569.2372;763209280.0000
176.9170;232.3519;6.7811;569.2372;763209280.0000
177.3519;232.9170;0.0000;573.1929;763209280.0000
177.7868;232.9170;0.0000;567.5419;763209344.0000
178.2217;233.4821;0.0000;569.2372;763209344.0000
178.7868;234.0472;0.0000;571.8023;763209344.0000
179.2217;234.0472;0.0000;569.5419;763209344.0000
179.2217;235.0472;0.0000;571.4976;763209344.0000
180.2217;235.6123;0.0000;573.2372;763209344.0000
180.2217;236.1774;0.0000;570.6721;763209344.0000
181.2217;236.7425;0.0000;574.4976;763209344.0000
182.2217;237.3076;0.0000;573.1071;763209344.0000
182.2217;237.8727;0.0000;572.2372;763209344.0000
183.2217;238.4378;0.0000;577.0627;763209344.0000
184.2217;238.4378;0.0000;574.8023;763209408.0000
184.6566;239.0029;0.0000;575.3674;763209408.0000
185.2217;239.5680;0.0000;578.4976;763209408.0000
185.6566;240.1331;0.0000;576.3674;763209408.0000
186.6566;240.6982;0.0000;579.3231;763209408.0000
187.6566;241.2632;0.0000;582.1929;763209472.0000
187.6566;241.8283;0.0000;579.6278;763209472.0000
188.6566;242.3934;0.0000;583.0183;763209472.0000
189.2217;242.9585;0.0000;583.7579;763209472.0000
189.6566;242.9585;0.0000;582.0183;763209472.0000
190.2217;243.5236;0.0000;587.1486;763209472.0000
191.2217;244.0887;0.0000;584.3231;763209472.0000
191.6566;244.0887;0.0000;584.5834;763209472.0000
192.6566;244.6538;0.0000;588.1486;763209472.0000
193.0916;244.2189;0.0000;584.7579;763209472.0000
193.6566;244.7840;0.0000;587.5834;763209472.0000
194.0916;245.3491;0.0000;587.5834;763209472.0000
194.6566;245.3491;0.0000;585.8882;763209472.0000
195.0916;245.9142;0.0000;588.5834;763209472.0000
196.0916;245.9142;0.0000;588.7579;763209472.0000
196.5265;246.0443;0.0000;586.8882;763209472.0000
197.0916;246.6094;0.0000;590.4532;763209536.0000
198.0916;246.6094;0.0000;587.6278;763209536.0000
198.0916;247.1745;0.0000;587.0183;763209536.0000
199.0916;247.1745;0.0000;591.8882;763209536.0000
199.0916;247.7396;0.0000;587.1929;763209536.0000
200.0916;247.3047;0.0000;590.4532;763209536.0000
200.5265;247.8698;0.0000;591.3231;763209536.0000
201.5265;247.8698;0.0000;588.3231;763209536.0000
201.5265;248.4349;0.0000;590.0183;763209536.0000
202.5265;248.0000;0.0000;591.0627;763209536.0000
203.0916;248.0000;0.0000;589.1929;763209536.0000
203.5265;248.5651;0.0000;592.7579;763209536.0000
204.5265;248.5651;0.0000;587.4532;763209536.0000
204.9614;248.6953;0.0000;592.0627;763209536.0000
205.5265;248.6953;0.0000;595.1929;763209536.0000
205.9614;248.6953;0.0000;590.9325;763209600.0000
206.5265;248.8255;0.0000;591.3231;763209600.0000
206.9614;248.8255;0.0000;595.0627;763209664.0000
207.9614;249.3906;0.0000;591.2372;763209664.0000
208.5265;248.9557;0.0000;593.9325;763209664.0000
208.9614;249.5208;0.0000;594.3674;763209664.0000
209.5265;249.5208;0.0000;592.8023;763209664.0000
210.5265;249.6509;0.0000;596.3674;763209664.0000
211.5265;249.2160;0.0000;593.6721;763209664.0000
211.9614;249.2160;0.0000;593.9325;763209664.0000
212.5265;249.7811;0.0000;596.9325;763209664.0000
213.5265;249.3462;0.0000;593.6721;763209664.0000
213.5265;249.3462;0.0000;593.9325;763209664.0000
214.5265;248.9113;0.0000;596.9325;763209664.0000
215.5265;249.4764;0.0000;593.6721;763209664.0000
215.5265;249.0415;0.0000;596.9325;763209664.0000
216.0916;249.0415;0.0000;597.8023;763209664.0000
217.0916;249.0415;0.0000;595.2372;763209664.0000
217.5265;248.6066;0.0000;597.4976;763209728.0000
218.0916;249.1717;0.0000;596.5419;763209792.0000
219.0916;249.1717;0.0000;596.6721;763209792.0000
219.6566;248.7368;0.0000;600.2372;763209792.0000
220.6566;248.3019;0.0000;598.2816;763209792.0000
221.2217;248.3019;0.0000;599.1071;763209792.0000
222.2217;248.3019;0.0000;600.5419;763209792.0000
222.7868;247.8670;0.0000;598.2816;763209792.0000
223.7868;247.8670;0.0000;600.4117;763209792.0000
224.3519;247.4321;0.0000;601.8467;763209792.0000
225.3519;247.4321;0.0000;599.7164;763209792.0000
225.3519;246.9972;0.0000;603.8467;763209792.0000
226.3519;246.4321;0.0000;603.0212;763209792.0000
227.3519;245.9972;0.0000;601.0212;763209792.0000
227.9170;245.9972;0.0000;605.7164;763209792.0000
228.4821;245.5623;0.0000;603.8910;763209792.0000
229.4821;245.5623;0.0000;604.5863;763209856.0000
230.0472;245.1273;0.0000;608.5863;763209856.0000
231.0472;245.1273;0.0000;605.7608;763209856.0000
231.6123;244.6924;0.0000;609.4561;763209920.0000
233.1774;244.6924;5.2189;609.8910;763209920.0000
233.7425;244.2575;0.0000;607.8910;763209920.0000
234.7425;244.2575;5.2189;612.4561;763209920.0000
235.3076;244.2575;0.0000;611.6306;763209920.0000
236.3076;243.8226;0.0000;608.4561;763209920.0000
236.3076;242.8226;0.0000;613.4561;763209920.0000
237.3076;242.8226;0.0000;611.9353;763209920.0000
238.3076;242.3877;0.0000;609.8910;763209920.0000
238.8727;242.3877;0.0000;615.3259;763209920.0000
239.3076;241.9528;0.0000;611.9353;763209920.0000
239.8727;240.9528;5.2189;614.8910;763209920.0000
240.8727;240.5179;0.0000;616.6306;763209920.0000
241.3076;240.5179;5.2189;614.0656;763209984.0000
241.8727;239.5179;0.0000;617.5004;763209984.0000
242.4378;239.0830;0.0000;617.8051;763209984.0000
243.4378;239.0830;0.0000;615.0655;763209984.0000
243.8727;238.0830;0.0000;617.7608;763209984.0000
244.4378;237.6481;5.2189;615.8052;763210048.0000
245.4378;236.6481;0.0000;613.4561;763210048.0000
245.4378;236.6481;0.0000;623.3702;763210048.0000
246.0029;235.6481;0.0000;614.7608;763210048.0000
246.5680;235.6481;0.0000;619.7608;763210048.0000
247.5679;234.6481;0.0000;622.7608;763210048.0000
248.0028;234.2132;0.0000;619.0655;763210048.0000
248.5679;233.2132;0.0000;622.1957;763210048.0000
249.5679;232.7783;0.0000;624.5004;763210048.0000
250.1330;231.7783;0.0000;621.0655;763210048.0000
250.1330;231.7783;0.0000;625.6306;763210048.0000
250.6981;230.7783;0.0000;623.3702;763210112.0000
251.2632;229.7783;0.0000;624.7608;763210112.0000
252.2632;229.3434;0.0000;628.8910;763210112.0000
252.2632;228.3434;0.0000;626.6306;763210112.0000
253.2632;228.3434;0.0000;629.0212;763210112.0000
253.8283;227.3434;0.0000;631.0212;763210112.0000
254.3934;226.9085;0.0000;626.7608;763210112.0000
254.9585;226.3434;0.0000;630.7165;763210176.0000
255.3934;225.9085;0.0000;631.8910;763210176.0000
255.9585;224.9085;0.0000;630.0212;763210176.0000
256.9585;223.9085;0.0000;633.8467;763210176.0000
257.5236;222.9085;0.0000;632.0212;763210176.0000
257.5236;221.9085;0.0000;633.2816;763210176.0000
258.0887;221.4736;0.0000;636.5419;763210176.0000
258.0887;220.9085;0.0000;634.5863;763210176.0000
258.6538;219.9085;0.0000;636.2816;763210176.0000
259.2189;218.9085;0.0000;637.9769;763210240.0000
259.6538;217.9085;0.0000;634.1514;763210240.0000
260.2189;217.4736;0.0000;635.5419;763210240.0000
261.2189;216.4736;0.0000;638.7165;763210240.0000
261.7840;215.4736;0.0000;634.1514;763210240.0000
262.3491;214.4736;0.0000;638.4117;763210240.0000
262.9142;213.9085;0.0000;636.2816;763210240.0000
262.9142;213.4736;0.0000;636.2816;763210240.0000
263.4792;212.4736;6.7811;641.5419;763210240.0000
264.0444;211.4736;0.0000;636.7165;763210304.0000
264.0444;210.4736;6.7811;638.2816;763210304.0000
264.6094;209.4736;6.7811;641.7165;763210304.0000
264.6094;207.9085;0.0000;638.0212;763210304.0000
265.1746;206.9085;6.7811;640.2816;763210304.0000
265.1746;205.9085;0.0000;641.1514;763210304.0000
265.7396;205.3434;0.0000;637.5863;763210304.0000
265.7396;204.3434;6.7811;640.7165;763210368.0000
265.7396;203.3434;6.7811;641.8910;763210368.0000
265.7396;202.3434;0.0000;638.0212;763210368.0000
266.3047;201.7783;0.0000;643.2816;763210368.0000
266.3047;200.7783;0.0000;640.1957;763210368.0000
266.3047;200.7783;0.0000;634.9354;763210368.0000
266.8698;199.7783;0.0000;647.9768;763210368.0000
266.8698;198.7783;0.0000;644.1514;763210368.0000
266.8698;197.7783;0.0000;645.6721;763210368.0000
267.4349;197.2132;0.0000;648.2816;763210368.0000
267.4349;196.2132;0.0000;644.2816;763210368.0000
267.4349;194.6481;0.0000;647.5419;763210368.0000
267.4349;194.0830;0.0000;646.8467;763210368.0000
267.4349;193.0830;0.0000;645.8467;763210368.0000
267.4349;192.5179;0.0000;648.9768;763210368.0000
268.0000;191.5179;0.0000;647.1514;763210368.0000
267.5651;190.9528;0.0000;647.2816;763210432.0000
267.5651;189.9528;0.0000;649.8467;763210432.0000
267.5651;188.9528;0.0000;646.5863;763210432.0000
267.5651;188.3877;0.0000;648.7164;763210432.0000
267.5651;187.3877;0.0000;651.1514;763210432.0000
267.5651;186.3877;0.0000;646.5863;763210432.0000
267.0000;186.3877;0.0000;648.8467;763210432.0000
267.0000;185.3877;0.0000;650.5863;763210432.0000
266.5651;184.3877;0.0000;647.5863;763210432.0000
266.5651;183.8226;5.2189;649.7164;763210432.0000
266.5651;183.2575;0.0000;649.7608;763210432.0000
266.5651;181.6924;5.2189;648.5863;763210432.0000
266.0000;181.1273;0.0000;648.6721;763210432.0000
266.0000;180.1273;0.0000;649.7608;763210432.0000
266.0000;179.5623;0.0000;650.0212;763210496.0000
265.0000;178.9972;0.0000;653.0212;763210496.0000
265.0000;177.9972;0.0000;650.5004;763210560.0000
265.0000;177.4321;0.0000;652.0212;763210560.0000
264.5651;176.4321;0.0000;652.7608;763210560.0000
264.5651;175.8670;0.0000;649.7608;763210560.0000
264.5651;174.8670;0.0000;653.1514;763210560.0000
264.1302;174.3019;0.0000;652.6306;763210560.0000
264.1302;173.3019;0.0000;651.7608;763210560.0000
264.1302;172.7368;0.0000;653.8910;763210560.0000
264.1302;172.1717;0.0000;652.0656;763210560.0000
264.1302;171.1717;0.0000;652.7608;763210560.0000
263.6953;170.0415;0.0000;654.3259;763210560.0000
263.1302;169.4764;0.0000;651.0656;763210560.0000
263.1302;168.4764;0.0000;653.3259;763210560.0000
262.5651;167.9113;0.0000;654.0656;763210560.0000
262.1302;166.9113;0.0000;651.0656;763210560.0000
261.5651;166.3462;0.0000;654.4561;763210560.0000
261.5651;165.9113;0.0000;652.6306;763210624.0000
260.5651;165.3462;0.0000;651.9353;763210688.0000
260.5651;164.3462;0.0000;651.4117;763210688.0000
260.5651;163.7811;0.0000;653.3702;763210688.0000
260.0000;163.2160;0.0000;651.6306;763210688.0000
260.0000;162.2160;0.0000;656.0656;763210688.0000
259.5651;162.2160;0.0000;652.3702;763210688.0000
259.0000;161.2160;0.0000;654.1957;763210688.0000
258.5651;160.6509;6.7811;654.0656;763210688.0000
258.5651;160.6509;0.0000;651.0656;763210688.0000
258.5651;159.6509;0.0000;654.6306;763210688.0000
257.5651;159.0858;0.0000;653.5004;763210688.0000
257.5651;158.0858;0.0000;651.5004;763210688.0000
257.0000;157.5208;0.0000;655.3259;763210688.0000
256.5651;156.5208;0.0000;652.3702;763210688.0000
256.0000;155.9557;0.0000;651.5004;763210688.0000
256.0000;154.9557;0.0000;654.5004;763210752.0000
255.0000;154.3906;0.0000;651.6750;763210752.0000
255.0000;153.3906;0.0000;653.1957;763210816.0000
254.0000;152.8255;0.0000;653.9353;763210816.0000
254.0000;152.3906;0.0000;651.3702;763210816.0000
253.5651;151.8255;0.0000;653.9353;763210816.0000
253.0000;150.8255;0.0000;654.1099;763210816.0000
253.0000;150.8255;0.0000;651.3702;763210816.0000
253.0000;149.8255;0.0000;654.0656;763210816.0000
252.5651;149.8255;0.0000;651.1099;763210816.0000
252.0000;148.8255;0.0000;650.3702;763210816.0000
252.0000;148.8255;0.0000;654.0656;763210816.0000
251.5651;147.8255;0.0000;650.6750;763210816.0000
251.0000;147.8255;0.0000;652.3702;763210816.0000
251.0000;146.8255;0.0000;654.1099;763210816.0000
250.0000;146.2604;0.0000;649.9797;763210816.0000
249.4349;145.8255;0.0000;652.8052;763210816.0000
248.4349;145.2604;0.0000;652.9797;763210880.0000
247.8698;144.2604;0.0000;650.6750;763210880.0000
246.8698;144.2604;0.0000;653.2401;763210880.0000
246.8698;143.6953;0.0000;651.2844;763210944.0000
246.3047;143.2604;0.0000;651.1099;763210944.0000
246.3047;142.6953;0.0000;654.1099;763210944.0000
245.7396;142.2604;0.0000;650.7193;763210944.0000
244.7396;141.6953;0.0000;651.5448;763210944.0000
244.7396;141.2604;0.0000;654.1099;763210944.0000
243.7396;141.2604;0.0000;650.1542;763210944.0000
243.1745;140.6953;0.0000;652.9797;763210944.0000
242.6094;140.6953;0.0000;652.1542;763210944.0000
242.1745;139.6953;0.0000;650.7193;763210944.0000
241.6094;139.2604;0.0000;653.5448;763210944.0000
240.6094;138.6953;0.0000;651.0240;763210944.0000
239.4793;138.2604;0.0000;651.2844;763210944.0000
238.9142;137.6953;0.0000;654.9797;763211008.0000
237.9142;137.1302;0.0000;651.0240;763211008.0000
237.3491;136.1302;0.0000;652.4146;763211008.0000
235.7840;135.5651;0.0000;653.8495;763211008.0000
234.6538;134.5651;0.0000;650.4589;763211008.0000
233.6538;134.0000;0.0000;653.2844;763211008.0000
232.5236;133.0000;0.0000;653.0240;763211072.0000
231.5236;132.4349;0.0000;650.0240;763211072.0000
230.3934;132.4349;0.0000;654.1542;763211072.0000
229.3934;131.4349;0.0000;651.3287;763211072.0000
228.8283;131.4349;0.0000;650.1542;763211072.0000
227.8283;130.4349;0.0000;654.2844;763211072.0000
227.2632;130.4349;0.0000;651.3287;763211072.0000
226.2632;130.4349;0.0000;650.5891;763211072.0000
225.6981;130.0000;0.0000;653.7193;763211072.0000
225.1330;129.4349;0.0000;649.7637;763211072.0000
224.1330;129.4349;0.0000;652.8495;763211136.0000
223.5679;129.0000;0.0000;651.4589;763211136.0000
223.0029;128.4349;0.0000;649.4589;763211136.0000
222.0029;128.4349;0.0000;653.2844;763211136.0000
221.4378;127.4349;0.0000;651.4589;763211136.0000
220.4378;127.4349;0.0000;649.4589;763211136.0000
219.4378;127.0000;0.0000;653.7193;763211136.0000
218.8727;126.4349;0.0000;649.3287;763211136.0000
218.3076;126.4349;0.0000;650.0240;763211200.0000
217.3076;125.8698;0.0000;653.0240;763211200.0000
216.1774;125.4349;0.0000;650.1985;763211200.0000
215.1774;124.8698;0.0000;651.0240;763211200.0000
214.1774;124.4349;0.0000;651.0240;763211200.0000
213.0472;123.8698;0.0000;648.4589;763211200.0000
212.4821;123.8698;0.0000;651.0240;763211200.0000
210.9170;123.8698;0.0000;651.8939;763211200.0000
210.3519;122.8698;5.2189;649.3287;763211264.0000
208.7868;122.8698;0.0000;652.5891;763211264.0000
207.2217;122.3047;0.0000;650.1985;763211264.0000
206.0916;121.8698;0.0000;649.0240;763211264.0000
204.5265;121.3047;0.0000;652.1542;763211264.0000
203.3963;121.3047;0.0000;649.7637;763211264.0000
201.8312;120.3047;0.0000;651.7193;763211264.0000
200.7010;119.7396;5.2189;654.2844;763211264.0000
199.1359;119.7396;0.0000;651.0240;763211264.0000
198.0057;118.7396;5.2189;653.8495;763211264.0000
196.4406;118.7396;0.0000;655.2844;763211328.0000
195.8755;118.1745;0.0000;652.4146;763211328.0000
194.3104;118.1745;0.0000;655.5448;763211328.0000
193.1802;117.7396;0.0000;653.2844;763211328.0000
191.6151;117.1745;0.0000;654.9797;763211328.0000
190.6151;117.1745;0.0000;656.6749;763211328.0000
189.4850;117.1745;5.2189;654.7193;763211392.0000
188.4850;116.7396;0.0000;655.6749;763211392.0000
187.9199;116.1745;0.0000;657.2401;763211392.0000
186.3548;115.7396;0.0000;655.5891;763211392.0000
185.3548;115.7396;0.0000;656.8052;763211392.0000
184.7897;115.7396;0.0000;657.9797;763211392.0000
183.7897;115.7396;0.0000;655.5448;763211392.0000
182.7897;115.3047;0.0000;657.8052;763211392.0000
181.7897;115.3047;0.0000;655.9797;763211392.0000
180.7897;115.3047;0.0000;654.5004;763211392.0000
180.7897;115.3047;0.0000;658.3702;763211392.0000
179.7897;115.3047;0.0000;655.6749;763211392.0000
178.7897;115.8698;0.0000;655.0656;763211392.0000
178.3548;115.8698;0.0000;657.5004;763211392.0000
177.3548;115.8698;0.0000;654.1099;763211392.0000
176.9199;116.4349;0.0000;656.6306;763211392.0000
175.9199;116.0000;0.0000;656.9353;763211456.0000
175.3548;116.5651;0.0000;654.9353;763211456.0000
174.9199;116.5651;0.0000;659.0656;763211456.0000
173.9199;116.5651;0.0000;656.8052;763211456.0000
173.4850;117.1302;0.0000;656.3702;763211456.0000
172.4850;117.1302;0.0000;659.1957;763211456.0000
171.0500;117.6953;0.0000;656.3702;763211456.0000
170.6151;118.2604;0.0000;655.3259;763211456.0000
169.6151;118.2604;0.0000;657.4561;763211456.0000
169.1802;118.8255;0.0000;654.7608;763211456.0000
168.1802;119.3906;0.0000;656.5863;763211456.0000
167.7453;119.9557;0.0000;657.4561;763211456.0000
166.7453;120.0858;0.0000;655.5863;763211456.0000
166.3104;120.6509;0.0000;658.1514;763211456.0000
165.3104;121.2160;0.0000;655.5863;763211520.0000
164.3104;121.7811;0.0000;656.1514;763211520.0000
163.7453;122.3462;0.0000;656.9768;763211584.0000
163.3104;122.9113;0.0000;655.5863;763211584.0000
162.3104;123.4764;0.0000;654.8467;763211584.0000
161.3104;123.4764;0.0000;656.5419;763211584.0000
160.3104;124.0415;0.0000;655.5863;763211584.0000
159.3104;124.6066;0.0000;656.5419;763211584.0000
158.7453;125.6066;0.0000;656.5419;763211584.0000
157.7453;126.1717;0.0000;653.5419;763211584.0000
157.3104;127.3019;0.0000;656.6721;763211584.0000
156.7453;127.4321;0.0000;655.6721;763211584.0000
155.7453;127.9971;0.0000;654.5419;763211584.0000
155.1802;128.5622;0.0000;658.4976;763211584.0000
154.7453;129.1273;0.0000;655.9768;763211584.0000
153.7453;129.6924;0.0000;655.3674;763211584.0000
153.3104;129.6924;0.0000;658.4976;763211584.0000
152.7453;130.2575;0.0000;654.1071;763211584.0000
152.3104;130.8226;0.0000;657.0627;763211712.0000
151.3104;130.8226;0.0000;658.3674;763211712.0000
150.7453;131.3877;0.0000;655.2372;763211712.0000
150.3104;131.9528;0.0000;657.4976;763211712.0000
149.3104;132.5179;0.0000;657.9325;763211712.0000
148.3104;132.5179;0.0000;653.9325;763211712.0000
147.7453;133.0830;0.0000;658.1929;763211712.0000
146.7453;133.6481;0.0000;655.2372;763211712.0000
146.7453;134.2132;0.0000;655.6278;763211712.0000
145.7453;135.2132;0.0000;658.7579;763211712.0000
144.7453;135.7783;0.0000;655.2372;763211712.0000
144.7453;136.3434;0.0000;655.3231;763211712.0000
143.7453;136.9085;0.0000;657.8882;763211712.0000
143.1802;136.9085;0.0000;652.6278;763211712.0000
142.1802;137.4736;0.0000;656.0183;763211712.0000
141.7453;138.0387;0.0000;656.4532;763211712.0000
141.1802;138.6037;0.0000;655.3231;763211776.0000
140.1802;139.6037;0.0000;656.1486;763211776.0000
139.1802;139.6037;0.0000;654.4532;763211776.0000
138.6151;140.1688;0.0000;653.2787;763211840.0000
138.1802;140.7339;0.0000;657.7136;763211840.0000
137.6151;141.2990;0.0000;654.4532;763211840.0000
136.6151;142.4292;0.0000;654.4089;763211840.0000
135.6151;142.9943;0.0000;655.8438;763211840.0000
134.6151;143.9943;0.0000;653.5834;763211840.0000
134.1802;145.1245;0.0000;654.5391;763211840.0000
133.6151;146.1245;0.0000;655.8438;763211840.0000
132.6151;147.2547;0.0000;651.9740;763211840.0000
131.6151;147.8198;0.0000;654.2344;763211840.0000
130.6151;148.3849;0.0000;653.4089;763211840.0000
130.0500;148.9500;0.0000;652.6693;763211840.0000
129.0500;149.9500;0.0000;654.3646;763211840.0000
128.6151;150.5150;0.0000;653.1042;763211904.0000
127.6151;151.0801;0.0000;652.2344;763211904.0000
127.1802;151.6452;0.0000;654.3646;763211904.0000
126.1802;152.6452;0.0000;652.1042;763211904.0000
125.7453;153.7754;0.0000;653.4948;763211904.0000
124.7453;154.3405;0.0000;654.3646;763211968.0000
124.3104;155.3405;0.0000;651.3646;763211968.0000
123.3104;155.9056;0.0000;654.1901;763211968.0000
123.3104;156.4707;0.0000;654.3646;763211968.0000
122.3104;157.4707;0.0000;652.4948;763211968.0000
121.8755;158.0358;0.0000;655.3202;763211968.0000
121.3104;159.1660;0.0000;652.4948;763211968.0000
120.8755;159.7311;0.0000;652.6249;763211968.0000
119.8755;160.7311;0.0000;654.7551;763211968.0000
119.8755;161.2962;0.0000;652.9297;763211968.0000
118.8755;162.2962;0.0000;653.8853;763211968.0000
118.4406;162.2962;0.0000;654.7551;763212032.0000
118.0057;163.2962;0.0000;652.1901;763212032.0000
118.0057;164.4264;0.0000;653.5806;763212032.0000
117.5708;164.9915;0.0000;653.3202;763212032.0000
117.1359;165.9915;0.0000;651.0155;763212032.0000
117.1359;165.9915;0.0000;654.2759;763212032.0000
116.1359;167.5565;0.0000;650.8853;763212032.0000
115.7010;167.5565;0.0000;650.7108;763212096.0000
114.7010;168.5565;0.0000;653.2759;763212096.0000
114.7010;169.5565;0.0000;651.3202;763212096.0000
114.2661;170.1216;0.0000;651.4060;763212096.0000
113.2661;171.1216;0.0000;652.7108;763212096.0000
112.8312;171.5565;0.0000;650.1456;763212096.0000
112.3963;172.1216;0.0000;651.1013;763212096.0000
111.9614;172.5565;0.0000;652.4060;763212096.0000
111.5265;173.1216;0.0000;649.9711;763212096.0000
111.0915;173.5565;0.0000;652.9268;763212160.0000
111.6566;174.5565;0.0000;651.9711;763212160.0000
111.2217;174.5565;0.0000;651.3617;763212160.0000
111.2217;175.1216;0.0000;655.7523;763212160.0000
110.7868;176.1216;0.0000;653.9268;763212160.0000
109.7868;176.6867;0.0000;656.0126;763212160.0000
109.7868;177.1216;0.0000;658.5778;763212160.0000
109.3519;178.1216;0.0000;653.8824;763212160.0000
108.9170;178.6867;0.0000;656.8381;763212160.0000
108.9170;179.6867;0.0000;659.4475;763212224.0000
108.4821;180.2518;0.0000;656.4032;763212224.0000
108.4821;181.2518;0.0000;659.7938;763212224.0000
108.0472;181.6867;0.0000;660.2286;763212224.0000
108.0472;182.2518;0.0000;661.0541;763212224.0000
108.0472;182.8169;0.0000;666.0098;763212224.0000
108.1774;183.8169;0.0000;663.6193;763212224.0000
108.1774;184.3820;0.0000;661.6607;763212224.0000
107.7425;185.3820;0.0000;667.1400;763212288.0000
107.7425;185.9471;0.0000;661.4890;763212288.0000
107.8727;186.9471;0.0000;666.7051;763212288.0000
107.4378;187.9471;0.0000;664.8796;763212288.0000
107.4378;188.9471;0.0000;661.3145;763212288.0000
107.0029;189.5122;0.0000;664.8352;763212288.0000
107.0029;189.9471;0.0000;663.1400;763212288.0000
107.0029;190.9471;0.0000;662.9655;763212288.0000
106.5679;191.5122;0.0000;668.7909;763212288.0000
107.1330;192.5122;0.0000;667.0956;763212288.0000
107.1330;193.0773;0.0000;668.0513;763212352.0000
106.6981;194.0773;0.0000;671.0513;763212352.0000
106.6981;194.6424;0.0000;668.7909;763212352.0000
106.2632;195.6424;0.0000;671.7466;763212352.0000
105.8283;196.6424;0.0000;671.7466;763212352.0000
105.8283;197.2075;0.0000;669.1815;763212352.0000
105.8283;198.2075;0.0000;672.8767;763212416.0000
105.9585;199.2075;0.0000;671.6163;763212416.0000
105.9585;200.3377;0.0000;670.3116;763212416.0000
105.9585;201.3377;0.0000;673.5720;763212416.0000
105.9585;201.9028;0.0000;671.1815;763212416.0000
106.0887;202.9028;0.0000;670.0070;763212416.0000
106.0887;203.4679;0.0000;673.5720;763212416.0000
105.6538;204.4679;0.0000;671.7466;763212416.0000
105.2189;205.4679;0.0000;672.7022;763212416.0000
105.2189;206.0330;0.0000;676.0070;763212416.0000
104.7840;207.0330;0.0000;671.2673;763212416.0000
104.3491;208.0330;0.0000;674.9626;763212416.0000
104.3491;208.5981;0.0000;675.1371;763212416.0000
103.9142;209.5981;0.0000;673.3975;763212416.0000
103.9142;210.5981;0.0000;677.0928;763212416.0000
104.4793;211.1631;0.0000;675.7022;763212416.0000
104.6094;212.1631;0.0000;674.5277;763212480.0000
104.7396;213.1631;0.0000;676.9182;763212480.0000
105.3047;214.1631;0.0000;675.3975;763212480.0000
105.4349;215.2933;0.0000;677.7881;763212480.0000
106.0000;216.2933;0.0000;676.9182;763212480.0000
106.1302;217.2933;0.0000;676.5277;763212480.0000
106.6953;217.8584;0.0000;677.3531;763212480.0000
106.2604;218.8584;0.0000;680.0928;763212480.0000
106.8255;219.8584;0.0000;677.4833;763212480.0000
106.9557;220.2933;0.0000;682.0041;763212480.0000
106.5208;220.8584;0.0000;681.1786;763212480.0000
107.0858;221.8584;0.0000;682.5692;763212480.0000
107.0858;222.8584;0.0000;685.8296;763212480.0000
107.0858;223.8584;0.0000;682.5692;763212480.0000
106.6509;224.8584;0.0000;684.9597;763212480.0000
106.6509;225.2933;0.0000;686.5248;763212544.0000
106.7811;226.4235;0.0000;683.6993;763212608.0000
106.9113;227.4235;0.0000;688.0900;763212608.0000
107.4764;228.4235;0.0000;688.9597;763212608.0000
107.4764;229.4235;0.0000;686.3947;763212608.0000
108.0415;229.8584;0.0000;689.3503;763212608.0000
108.1717;230.4235;0.0000;686.3947;763212608.0000
108.1717;230.8584;0.0000;686.7852;763212608.0000
108.3019;231.8584;0.0000;690.0456;763212608.0000
108.3019;232.2933;0.0000;686.5248;763212608.0000
108.8670;233.2933;0.0000;689.3503;763212608.0000
108.8670;233.2933;0.0000;690.4805;763212608.0000
108.8670;234.2933;0.0000;686.5248;763212608.0000
109.4321;234.7282;0.0000;688.0456;763212608.0000
109.4321;235.2933;0.0000;689.3503;763212608.0000
109.9971;235.7282;0.0000;686.3503;763212608.0000
109.5622;236.7282;0.0000;688.4362;763212608.0000
109.5622;237.2933;0.0000;688.0456;763212672.0000
110.1273;237.7282;0.0000;687.1758;763212736.0000
110.6924;238.7282;0.0000;689.7408;763212736.0000
110.6924;239.7282;0.0000;688.4805;763212736.0000
111.2575;239.7282;0.0000;687.3060;763212736.0000
110.8226;240.7282;0.0000;690.3060;763212736.0000
111.3877;241.1631;0.0000;688.0456;763212736.0000
111.3877;242.1631;0.0000;689.3060;763212736.0000
111.3877;242.5981;0.0000;686.2616;763212736.0000
111.9528;243.0330;0.0000;687.1758;763212736.0000
111.9528;244.0330;0.0000;689.4362;763212736.0000
111.9528;244.4679;0.0000;688.1758;763212736.0000
112.5179;245.4679;0.0000;686.8711;763212736.0000
112.5179;245.9028;0.0000;690.1315;763212736.0000
113.0830;246.9028;0.0000;688.1758;763212736.0000
113.0830;247.9028;0.0000;687.8711;763212736.0000
113.6481;248.3377;0.0000;690.4362;763212800.0000
113.2132;249.3377;5.2189;687.6107;763212800.0000
113.7783;249.7726;0.0000;689.5663;763212800.0000
113.7783;250.7726;5.2189;689.8711;763212864.0000
114.3434;251.2075;0.0000;687.3060;763212864.0000
114.3434;252.2075;0.0000;689.2616;763212864.0000
114.3434;252.6424;0.0000;688.8711;763212864.0000
114.9085;253.6424;5.2189;688.0012;763212864.0000
114.9085;254.0773;0.0000;691.2616;763212864.0000
114.9085;255.0773;5.2189;687.8711;763212864.0000
115.4736;255.5122;0.0000;686.3918;763212864.0000
115.4736;256.5122;0.0000;689.8267;763212864.0000
116.0387;256.9471;0.0000;687.0012;763212864.0000
116.0387;257.9471;0.0000;689.2616;763212864.0000
116.6037;258.9471;5.2189;689.6965;763212864.0000
116.6037;259.3820;0.0000;686.6965;763212864.0000
117.1688;260.3820;0.0000;689.2616;763212928.0000
117.1688;260.8169;0.0000;689.1315;763212928.0000
117.7339;261.8169;0.0000;685.2616;763212928.0000
118.1688;262.2518;0.0000;690.6965;763212928.0000
118.7339;263.2518;0.0000;687.0012;763212928.0000
118.7339;263.2518;0.0000;686.8267;763212992.0000
119.2990;264.2518;0.0000;690.9569;763212992.0000
119.2990;264.6867;0.0000;687.0012;763212992.0000
119.8641;265.1216;0.0000;688.3918;763212992.0000
119.8641;266.1216;0.0000;689.8267;763212992.0000
120.8641;267.1216;0.0000;687.0012;763212992.0000
121.4292;268.1216;0.0000;689.8267;763212992.0000
121.9943;268.5565;0.0000;690.1315;763212992.0000
122.5594;269.5565;0.0000;685.8267;763212992.0000
122.5594;270.5566;0.0000;690.9569;763212992.0000
123.1245;271.5566;0.0000;689.0012;763212992.0000
124.1245;271.9915;0.0000;688.6965;763213056.0000
124.6896;272.9915;0.0000;691.8267;763213056.0000
125.1245;273.9915;0.0000;688.4362;763213056.0000
125.6896;274.4264;0.0000;690.2616;763213056.0000
126.2547;275.4264;0.0000;691.8267;763213056.0000
126.8198;275.8613;0.0000;689.0012;763213056.0000
127.3849;277.2962;0.0000;692.2616;763213056.0000
127.9500;277.7311;0.0000;693.1315;763213056.0000
128.5151;278.6009;0.0000;691.0012;763213120.0000
129.0802;279.6009;0.0000;693.6965;763213120.0000
129.5151;280.4707;0.0000;692.7408;763213120.0000
130.0802;281.4707;0.0000;693.3060;763213120.0000
130.6452;282.3405;0.0000;695.5663;763213120.0000
131.2103;283.3405;0.0000;694.0456;763213120.0000
131.7754;283.7755;0.0000;694.8711;763213120.0000
133.3405;284.2104;0.0000;695.5663;763213120.0000
133.9056;285.2104;0.0000;693.1758;763213184.0000
134.4707;285.6453;0.0000;696.5663;763213184.0000
135.4707;286.0802;0.0000;696.3060;763213184.0000
136.0358;287.5150;0.0000;694.7408;763213184.0000
137.0358;287.9500;0.0000;697.4362;763213184.0000
137.6009;288.3849;0.0000;696.6107;763213184.0000
138.1660;288.8198;0.0000;695.7408;763213184.0000
138.7311;289.8198;0.0000;699.8711;763213184.0000
139.7311;290.2547;0.0000;696.4805;763213184.0000
140.2962;290.6896;0.0000;697.1758;763213184.0000
140.8613;291.1245;0.0000;699.7408;763213248.0000
141.8613;292.1245;0.0000;696.4805;763213248.0000
142.4264;292.5594;0.0000;697.4362;763213248.0000
143.4264;292.9943;0.0000;700.0456;763213248.0000
144.4264;293.5594;0.0000;696.4805;763213248.0000
144.9915;293.9943;0.0000;699.1758;763213248.0000
145.9915;294.4292;0.0000;698.9154;763213312.0000
146.5565;294.4292;6.7811;697.4805;763213312.0000
147.1216;294.8641;0.0000;700.8711;763213312.0000
148.1216;295.8641;0.0000;698.2201;763213312.0000
148.6867;295.8641;6.7811;698.0456;763213312.0000
149.2518;296.2990;0.0000;701.6107;763213312.0000
150.8169;296.2990;0.0000;697.6550;763213312.0000
151.3820;296.8641;0.0000;698.7408;763213312.0000
152.9471;297.2990;0.0000;700.0456;763213312.0000
154.0773;297.8641;0.0000;697.7852;763213312.0000
154.6424;298.2990;0.0000;699.1758;763213312.0000
156.2075;299.2990;0.0000;700.4805;763213312.0000
156.7726;299.2990;0.0000;697.9154;763213312.0000
157.7726;299.2990;0.0000;700.8711;763213312.0000
158.3377;300.2990;0.0000;699.6550;763213312.0000
159.4679;300.2990;0.0000;698.4805;763213312.0000
160.4679;300.7339;0.0000;701.1758;763213312.0000
161.0330;300.7339;0.0000;694.1758;763213376.0000
162.0330;301.7339;0.0000;700.0456;763213376.0000
163.0330;301.7339;0.0000;701.6107;763213376.0000
164.1631;302.1688;0.0000;698.0900;763213376.0000
164.7282;302.1688;0.0000;700.4805;763213376.0000
165.2933;302.6038;0.0000;700.9154;763213376.0000
166.8584;302.6038;0.0000;699.2201;763213376.0000
167.8584;303.0386;0.0000;701.6107;763213376.0000
168.4235;304.0387;0.0000;699.6550;763213376.0000
169.9886;303.4736;0.0000;699.9154;763213376.0000
170.5537;303.9085;0.0000;702.4805;763213376.0000
171.1188;303.9085;0.0000;699.6550;763213376.0000
172.1188;304.3434;0.0000;700.0456;763213376.0000
173.2490;304.3434;0.0000;701.6107;763213440.0000
174.2490;304.3434;0.0000;699.6550;763213440.0000
174.8141;304.3434;0.0000;702.0456;763213440.0000
175.3792;304.7783;0.0000;701.3503;763213504.0000
176.3792;304.7783;0.0000;699.2201;763213504.0000
176.9443;305.2132;0.0000;703.4805;763213504.0000
178.5094;305.2132;0.0000;700.5248;763213504.0000
179.0745;305.0830;0.0000;696.4362;763213504.0000
179.6396;305.0830;6.7811;703.4805;763213504.0000
181.2047;305.5179;0.0000;700.0900;763213504.0000
181.7697;305.5179;0.0000;701.3503;763213504.0000
182.7697;305.5179;0.0000;702.9154;763213504.0000
183.8999;305.9528;0.0000;700.5248;763213504.0000
184.4650;305.9528;0.0000;701.9154;763213504.0000
185.4650;306.3877;0.0000;702.3503;763213504.0000
186.5952;305.8226;0.0000;699.6550;763213504.0000
187.1603;305.8226;0.0000;702.4805;763213504.0000
188.1603;305.6924;0.0000;700.9597;763213504.0000
189.2905;305.6924;6.7811;699.6550;763213568.0000
190.2905;305.6924;0.0000;704.3503;763213632.0000
190.8556;305.5623;6.7811;700.9597;763213632.0000
191.8556;305.5623;0.0000;700.2201;763213632.0000
192.9858;305.9972;0.0000;703.7852;763213632.0000
193.9858;305.4321;0.0000;699.5248;763213632.0000
195.1160;305.4321;0.0000;702.3503;763213632.0000
195.6810;305.8670;0.0000;702.6550;763213632.0000
197.2461;305.8670;0.0000;699.0900;763213632.0000
197.8112;305.3019;0.0000;702.3503;763213632.0000
199.3763;305.7368;0.0000;702.5248;763213632.0000
200.5065;305.7368;0.0000;699.6550;763213632.0000
201.5065;306.1717;0.0000;703.9154;763213632.0000
203.0716;305.6066;0.0000;700.8296;763213632.0000
204.2018;305.6066;0.0000;698.7852;763213632.0000
205.7669;305.4764;0.0000;704.6550;763213632.0000
206.7669;305.4764;0.0000;699.8296;763213632.0000
207.8971;305.3462;0.0000;702.2201;763213696.0000
208.8971;305.3462;0.0000;702.6550;763213760.0000
209.8971;305.2161;0.0000;700.3947;763213760.0000
211.0273;305.2161;0.0000;703.2201;763213760.0000
212.0273;304.6509;0.0000;702.5248;763213760.0000
213.0273;305.0859;0.0000;699.6550;763213760.0000
213.5924;304.5208;0.0000;704.2201;763213760.0000
214.5924;304.9557;0.0000;701.8296;763213760.0000
215.5924;304.3906;0.0000;700.0900;763213760.0000
216.1575;303.8255;0.0000;704.2201;763213760.0000
217.1574;304.2604;0.0000;701.1343;763213760.0000
218.1574;303.6953;0.0000;701.7852;763213760.0000
219.1574;303.5651;0.0000;704.0900;763213760.0000
219.7225;303.0000;0.0000;701.1343;763213760.0000
220.7225;303.4349;0.0000;702.6550;763213760.0000
221.1574;302.8698;0.0000;703.3947;763213760.0000
221.7225;302.3047;0.0000;701.8296;763213824.0000
222.7225;302.1746;0.0000;704.0900;763213824.0000
224.2876;301.6094;0.0000;702.6993;763213824.0000
225.2876;302.0444;0.0000;702.0900;763213824.0000
226.2876;301.4792;0.0000;705.0900;763213888.0000
227.8527;301.3491;0.0000;702.5692;763213888.0000
228.8527;300.7840;0.0000;703.3947;763213888.0000
229.4178;300.2189;0.0000;704.9597;763213888.0000
230.4178;300.6538;0.0000;701.8739;763213888.0000
231.9829;300.0887;0.0000;704.3947;763213888.0000
232.9829;299.5236;0.0000;707.0042;763213888.0000
233.5480;299.3934;0.0000;703.1343;763213888.0000
234.5480;298.8283;0.0000;705.3947;763213888.0000
235.5480;298.6981;0.0000;704.0041;763213888.0000
236.5480;298.1331;0.0000;703.8296;763213888.0000
238.1131;297.5679;0.0000;706.9597;763213888.0000
239.1131;297.0029;0.0000;704.6993;763213952.0000
239.6782;296.8727;0.0000;705.6550;763213952.0000
240.6782;295.7425;0.0000;709.0900;763213952.0000
241.6782;295.1774;0.0000;705.6993;763213952.0000
242.6782;295.0472;0.0000;708.0900;763213952.0000
243.6782;293.9170;0.0000;710.1343;763213952.0000
244.6782;293.7868;0.0000;706.2645;763214016.0000
245.6782;293.2217;0.0000;709.0900;763214016.0000
246.6782;292.5264;0.0000;708.1343;763214016.0000
246.6782;291.9614;0.0000;708.0900;763214016.0000
247.6782;291.2661;0.0000;714.6107;763214016.0000
248.6782;290.7010;0.0000;713.2201;763214016.0000
249.1131;289.5708;0.0000;715.7408;763214016.0000
249.9829;288.8755;6.7811;720.0012;763214016.0000
250.9829;287.7453;5.2189;719.4362;763214016.0000
251.4178;287.1802;0.0000;723.9569;763214016.0000
251.8527;286.0500;0.0000;725.3918;763214080.0000
252.8527;285.3548;5.2189;724.2616;763214080.0000
253.2876;284.7897;0.0000;727.0871;763214080.0000
253.7225;283.6595;0.0000;725.8267;763214080.0000
255.1574;283.5293;0.0000;721.4777;763214080.0000
255.5923;282.3991;0.0000;728.7823;763214080.0000
257.0273;281.8340;0.0000;726.2616;763214080.0000
257.4622;281.7038;0.0000;726.5220;763214080.0000
258.4622;281.1387;0.0000;729.0871;763214144.0000
259.3320;280.0085;0.0000;726.1315;763214144.0000
260.3320;279.4435;0.0000;727.7823;763214144.0000
261.2018;279.3133;0.0000;728.8267;763214144.0000
262.2018;278.7482;5.2189;727.1315;763214144.0000
263.0716;277.6180;0.0000;730.0871;763214144.0000
264.0716;277.0529;0.0000;729.6965;763214144.0000
265.0716;276.4878;5.2189;727.9569;763214144.0000
266.5065;275.9227;0.0000;732.2173;763214208.0000
266.9414;275.3576;0.0000;731.3918;763214208.0000
268.3763;274.7925;0.0000;731.9126;763214208.0000
269.3763;274.2274;0.0000;738.1730;763214208.0000
270.2462;273.6623;0.0000;737.0427;763214208.0000
271.2462;272.5322;0.0000;740.8239;763214208.0000
272.1160;271.9670;0.0000;743.8239;763214208.0000
272.5508;271.4020;5.2189;742.6937;763214208.0000
272.9858;270.8369;0.0000;745.0842;763214208.0000
273.8556;270.8369;0.0000;746.3890;763214208.0000
274.2905;270.2718;5.2189;743.8239;763214272.0000
274.7254;269.7067;6.7811;747.7795;763214272.0000
275.5952;269.1416;0.0000;745.9541;763214272.0000
276.0301;268.5765;6.7811;746.6494;763214272.0000
276.4650;267.5765;0.0000;750.2145;763214272.0000
277.3348;267.0114;0.0000;746.6937;763214272.0000
277.7697;266.4463;0.0000;747.2145;763214336.0000
278.2047;266.4463;6.7811;750.6494;763214336.0000
279.6396;265.8812;0.0000;748.6937;763214336.0000
280.5094;264.8812;6.7811;750.2145;763214336.0000
280.9443;264.3161;5.2189;749.9541;763214336.0000
282.3792;263.7510;0.0000;746.8239;763214336.0000
282.8141;263.7510;0.0000;751.6494;763214336.0000
283.8141;263.1859;6.7811;749.6937;763214336.0000
284.2490;262.1859;0.0000;748.9541;763214336.0000
285.1188;261.6208;0.0000;752.6494;763214336.0000
286.5537;260.4907;0.0000;750.1286;763214336.0000
286.9886;259.9255;0.0000;752.3890;763214336.0000
287.4235;259.3605;0.0000;747.7380;763214336.0000
287.8584;258.7953;0.0000;753.3890;763214336.0000
288.2933;257.2303;0.0000;755.7795;763214336.0000
289.1631;256.6652;0.0000;758.3446;763214336.0000
290.1631;255.6652;0.0000;755.6494;763214336.0000
291.0330;255.1001;0.0000;758.1701;763214400.0000
291.4679;253.9699;0.0000;757.5192;763214400.0000
291.9028;253.4048;0.0000;757.7795;763214400.0000
292.3377;252.8397;0.0000;762.1700;763214400.0000
292.7726;251.7095;0.0000;760.5192;763214400.0000
293.2075;250.7095;0.0000;758.9097;763214400.0000
293.6424;249.7095;5.2189;762.6050;763214400.0000
294.5122;248.5793;0.0000;760.9541;763214400.0000
295.3820;247.5793;5.2189;763.3446;763214400.0000
296.2518;246.0143;0.0000;764.0842;763214400.0000
296.6867;245.4492;0.0000;761.3890;763214400.0000
297.5565;243.8841;0.0000;764.3446;763214400.0000
298.5565;242.3190;0.0000;764.8239;763214400.0000
299.4264;241.7539;0.0000;762.9541;763214464.0000
299.8613;240.1888;0.0000;768.7795;763214464.0000
300.7311;239.6237;0.0000;764.1286;763214464.0000
300.6009;238.0586;0.0000;765.3890;763214528.0000
301.4707;237.0586;0.0000;770.5192;763214528.0000
301.9056;235.4935;0.0000;765.4333;763214528.0000
302.7755;234.4935;0.0000;764.0399;763214528.0000
303.6453;232.9284;0.0000;768.6937;763214528.0000
304.5151;231.9284;0.0000;766.4333;763214528.0000
304.9500;230.9284;0.0000;769.3889;763214528.0000
305.2547;230.3633;0.0000;768.9984;763214528.0000
305.6896;228.7982;0.0000;767.1286;763214528.0000
306.5594;227.3633;0.0000;770.5192;763214528.0000
306.9943;226.3633;0.0000;767.8682;763214528.0000
307.8641;225.3633;0.0000;766.9984;763214528.0000
308.2990;224.3633;0.0000;771.8239;763214528.0000
308.7339;222.9284;0.0000;767.7380;763214528.0000
309.1689;221.9284;0.0000;768.6937;763214528.0000
309.6038;220.3633;6.7811;770.9984;763214528.0000
309.4736;219.3633;0.0000;767.7380;763214656.0000
309.9085;218.3633;6.7811;769.1285;763214656.0000
310.3434;217.3633;0.0000;770.9984;763214656.0000
310.2132;216.3633;0.0000;766.8682;763214656.0000
310.6481;215.3633;0.0000;770.4333;763214656.0000
311.0830;214.3633;0.0000;770.0427;763214656.0000
310.5179;213.3633;0.0000;767.8682;763214656.0000
310.9528;211.7982;0.0000;772.8682;763214656.0000
311.3877;211.2331;0.0000;768.6078;763214656.0000
310.8226;210.2331;0.0000;770.8682;763214656.0000
311.2575;209.2331;0.0000;770.5192;763214656.0000
311.1273;208.2331;0.0000;770.0427;763214656.0000
311.1273;207.2331;0.0000;773.1285;763214656.0000
310.9972;206.2331;0.0000;772.1729;763214656.0000
310.9972;205.6680;0.0000;772.3031;763214656.0000
310.8670;204.6680;5.2189;774.5635;763214720.0000
310.7368;203.6680;0.0000;772.8682;763214720.0000
311.1717;202.6680;0.0000;774.9984;763214720.0000
310.6066;201.1029;0.0000;779.2588;763214784.0000
310.4764;200.1029;0.0000;775.8682;763214784.0000
310.9113;199.1029;5.2189;773.7795;763214784.0000
310.7811;198.1029;0.0000;781.3889;763214784.0000
310.2160;197.6680;0.0000;777.4333;763214784.0000
310.0858;196.2331;0.0000;780.9540;763214784.0000
309.5208;195.2331;0.0000;782.8239;763214784.0000
309.9557;194.6680;0.0000;779.1285;763214784.0000
309.3906;192.6680;0.0000;782.3889;763214784.0000
309.2604;191.6680;0.0000;780.3031;763214784.0000
309.1302;190.6680;0.0000;781.1285;763214784.0000
308.5651;190.1029;5.2189;786.2144;763214784.0000
308.4349;188.5378;0.0000;782.4333;763214784.0000
307.8698;187.5378;0.0000;781.6937;763214784.0000
307.3047;186.5378;0.0000;784.1285;763214848.0000
306.6094;185.9727;0.0000;780.9984;763214848.0000
306.0444;184.4077;0.0000;784.1285;763214848.0000
305.9142;183.4077;0.0000;783.3031;763214848.0000
305.3491;182.4077;0.0000;781.8682;763214912.0000
305.2189;181.4077;0.0000;784.9984;763214912.0000
304.6538;179.8426;0.0000;785.3031;763214912.0000
304.0887;179.2775;0.0000;780.6078;763214912.0000
303.5236;178.2775;0.0000;784.6937;763214912.0000
303.3934;177.2775;0.0000;782.9125;763214912.0000
302.8283;176.2775;0.0000;783.3031;763214912.0000
302.6981;175.2775;0.0000;783.7380;763214912.0000
302.6981;174.2775;0.0000;782.3474;763214912.0000
302.1331;173.7124;0.0000;784.4333;763214912.0000
302.0029;172.1473;0.0000;785.1729;763214912.0000
301.4377;171.1473;0.0000;781.9125;763214912.0000
301.3076;169.5822;0.0000;784.8682;763214976.0000
300.7425;168.5822;0.0000;784.4777;763214976.0000
300.1774;167.4520;0.0000;783.4777;763214976.0000
299.6123;166.4520;0.0000;785.3031;763214976.0000
299.4821;164.4520;0.0000;784.6522;763214976.0000
298.9170;163.4520;0.0000;782.6078;763214976.0000
299.3519;162.8869;0.0000;788.0427;763215040.0000
298.7868;161.3218;0.0000;783.0870;763215040.0000
298.2217;160.3218;0.0000;784.6078;763215040.0000
298.0916;158.7567;0.0000;786.4777;763215040.0000
297.5264;157.7567;0.0000;782.7823;763215040.0000
296.9614;156.7567;0.0000;784.6078;763215040.0000
296.8312;155.7567;0.0000;784.7823;763215040.0000
296.8312;154.7567;0.0000;782.2173;763215040.0000
296.7010;153.7567;0.0000;785.4777;763215040.0000
296.1359;152.1916;0.0000;783.6522;763215040.0000
295.5708;151.1916;0.0000;783.9125;763215104.0000
295.4406;149.7567;0.0000;786.9125;763215104.0000
294.8755;148.1916;5.2189;782.9569;763215104.0000
294.7453;147.1916;0.0000;785.9125;763215104.0000
294.1802;146.1916;5.2189;786.3474;763215104.0000
293.6151;145.1916;0.0000;783.3918;763215104.0000
292.9199;143.7567;0.0000;785.9125;763215104.0000
292.3548;142.7567;0.0000;786.5220;763215104.0000
292.2246;142.3218;5.2189;783.9569;763215104.0000
291.0944;140.8869;0.0000;787.6522;763215168.0000
290.5293;139.8869;5.2189;785.3918;763215168.0000
289.8340;138.8869;0.0000;783.7823;763215168.0000
288.7039;137.8869;0.0000;789.9569;763215168.0000
288.1387;136.8869;0.0000;784.2173;763215168.0000
287.0085;135.8869;0.0000;785.6522;763215168.0000
286.4435;134.8869;0.0000;788.5220;763215168.0000
285.7482;133.4520;0.0000;785.8267;763215232.0000
285.1831;133.0171;0.0000;786.3918;763215232.0000
284.0529;132.0171;0.0000;789.9569;763215232.0000
283.4878;131.0171;0.0000;786.3918;763215232.0000
282.9227;130.1473;0.0000;789.9569;763215232.0000
281.7925;129.7124;0.0000;788.0012;763215232.0000
281.6624;128.7124;0.0000;787.6965;763215232.0000
281.0972;128.2775;0.0000;790.9569;763215232.0000
279.9670;127.4077;0.0000;788.4362;763215232.0000
279.4020;126.4077;0.0000;788.2616;763215232.0000
278.2718;125.9727;6.7811;793.2616;763215232.0000
277.7067;124.9727;0.0000;789.3060;763215296.0000
276.5765;123.9727;0.0000;790.6965;763215296.0000
275.4463;122.9727;0.0000;792.4362;763215296.0000
274.8812;122.1029;0.0000;788.5663;763215296.0000
274.3161;121.1029;0.0000;788.1758;763215296.0000
273.1859;119.6680;0.0000;796.2616;763215360.0000
272.4907;119.2331;0.0000;786.6107;763215360.0000
271.9256;117.7982;0.0000;798.2173;763215360.0000
270.7954;117.3633;0.0000;794.5663;763215360.0000
270.2303;116.9284;0.0000;794.6965;763215360.0000
269.1001;115.9284;0.0000;799.5220;763215360.0000
268.5350;115.0586;0.0000;796.6965;763215360.0000
267.4048;114.0586;0.0000;796.2616;763215360.0000
265.8397;113.0586;0.0000;798.6965;763215360.0000
265.2746;112.6237;0.0000;797.9569;763215360.0000
264.5793;111.1888;0.0000;799.0871;763215360.0000
263.4492;110.7539;0.0000;799.2616;763215360.0000
262.8841;109.3190;0.0000;796.2616;763215360.0000
261.7539;108.8841;0.0000;800.6522;763215360.0000
260.1888;107.8841;0.0000;798.6965;763215360.0000
259.0586;107.4492;0.0000;797.9569;763215360.0000
258.4935;106.0142;0.0000;801.5220;763215424.0000
257.3633;105.5793;5.2189;796.8711;763215424.0000
256.7982;105.1444;0.0000;800.3918;763215424.0000
255.6680;104.2746;5.2189;800.8267;763215424.0000
254.6680;103.2746;0.0000;800.0012;763215424.0000
253.5378;102.8397;0.0000;800.9569;763215424.0000
252.9727;102.4048;0.0000;800.1315;763215424.0000
251.8426;101.5350;0.0000;799.2616;763215424.0000
251.2775;101.1001;0.0000;802.0871;763215424.0000
250.1473;100.2303;0.0000;800.0012;763215424.0000
249.0171;99.7954;0.0000;798.6965;763215424.0000
248.0171;98.3605;0.0000;802.9569;763215424.0000
246.8869;97.9256;0.0000;798.8711;763215424.0000
246.3218;97.4906;0.0000;800.9569;763215424.0000
244.7567;96.6208;0.0000;802.8267;763215424.0000
244.1916;95.1859;0.0000;798.8711;763215488.0000
242.6265;94.7510;0.0000;801.3918;763215488.0000
242.0614;93.8812;0.0000;801.6965;763215552.0000
240.9312;93.4463;0.0000;800.1315;763215552.0000
239.9312;93.0114;0.0000;802.8267;763215552.0000
238.8011;92.1416;0.0000;801.3060;763215552.0000
237.8011;91.7067;0.0000;800.5663;763215552.0000
237.2360;90.8369;0.0000;803.2616;763215552.0000
236.6709;90.4020;0.0000;800.1758;763215552.0000
235.6709;89.5321;0.0000;801.6965;763215552.0000
235.1058;89.0972;0.0000;804.1315;763215552.0000
234.1058;88.6623;0.0000;799.7408;763215552.0000
233.1058;88.3576;0.0000;803.1315;763215552.0000
232.5407;87.9227;0.0000;804.1315;763215552.0000
231.5407;87.0529;0.0000;799.7408;763215552.0000
231.1058;87.1831;0.0000;803.6965;763215552.0000
230.5407;86.7482;0.0000;801.4805;763215552.0000
229.5407;85.8784;0.0000;800.8711;763215616.0000
228.5407;85.4435;0.0000;804.1315;763215680.0000
228.1058;85.5736;0.0000;799.7408;763215680.0000
227.5407;85.1387;5.2189;801.1315;763215680.0000
227.1058;85.2689;0.0000;804.0012;763215680.0000
226.5407;84.3991;0.0000;800.6107;763215680.0000
225.5407;83.9642;0.0000;802.5663;763215680.0000
224.9756;83.5293;0.0000;802.4362;763215680.0000
223.9756;83.6595;0.0000;799.6107;763215680.0000
222.9756;83.2246;0.0000;802.5663;763215680.0000
222.4105;82.7897;0.0000;801.4805;763215680.0000
221.4105;82.9199;0.0000;801.3060;763215680.0000
220.4105;82.4850;0.0000;804.1315;763215680.0000
219.9756;82.0500;0.0000;800.1758;763215680.0000
219.4105;82.1802;0.0000;800.1758;763215680.0000
218.4105;81.3104;0.0000;806.3060;763215680.0000
217.4105;81.8755;0.0000;800.4805;763215744.0000
216.9756;81.4406;0.0000;803.3060;763215744.0000
215.9756;81.0057;0.0000;803.7408;763215744.0000
215.4105;81.1359;0.0000;798.9154;763215808.0000
214.4105;81.1359;0.0000;802.8711;763215808.0000
213.4105;81.2661;0.0000;803.0456;763215808.0000
212.2803;80.8312;0.0000;799.0456;763215808.0000
211.2803;80.3963;0.0000;805.0012;763215808.0000
209.7152;79.9613;0.0000;799.7852;763215808.0000
208.7152;80.0915;0.0000;800.1758;763215808.0000
207.5850;79.6566;0.0000;805.5663;763215808.0000
206.0200;79.7868;0.0000;799.7852;763215808.0000
205.4549;79.3519;0.0000;799.4805;763215808.0000
203.8898;79.4821;0.0000;795.2645;763215808.0000
202.8898;79.4821;0.0000;799.7852;763215808.0000
202.3247;79.0472;0.0000;796.0900;763215808.0000
201.8898;79.1774;0.0000;796.9597;763215808.0000
201.3247;78.7425;0.0000;790.3503;763215872.0000
200.3247;79.3076;0.0000;798.2201;763215872.0000
199.3247;79.4378;0.0000;793.5692;763215872.0000
198.7596;79.4378;0.0000;793.9597;763215872.0000
197.7596;79.0029;0.0000;795.9597;763215872.0000
196.7596;79.1330;0.0000;793.5692;763215936.0000
196.1945;78.6981;0.0000;793.7408;763215936.0000
194.6294;78.8283;0.0000;798.8296;763215936.0000
194.0643;78.8283;0.0000;794.6993;763215936.0000
193.0643;78.9585;0.0000;796.8296;763215936.0000
191.9341;78.5236;5.2189;796.3947;763215936.0000
190.9341;79.0887;0.0000;793.3947;763215936.0000
189.3690;79.2189;0.0000;796.7852;763215936.0000
188.3690;79.2189;0.0000;790.0900;763215936.0000
187.8039;79.3491;0.0000;795.8296;763215936.0000
186.2388;79.4793;0.0000;796.3503;763215936.0000
185.2388;79.6094;5.2189;793.5692;763216000.0000
184.6737;80.1745;0.0000;793.9597;763216000.0000
183.6737;79.7396;0.0000;796.9597;763216000.0000
182.6737;79.8698;0.0000;793.6993;763216000.0000
181.6737;80.0000;0.0000;795.7852;763216000.0000
180.6737;80.5651;0.0000;795.9597;763216000.0000
179.1086;80.6953;5.2189;795.3947;763216000.0000
178.5435;80.8255;0.0000;795.3503;763216064.0000
177.5435;81.3906;5.2189;793.9597;763216064.0000
176.5435;81.5208;0.0000;793.3947;763216064.0000
175.5435;81.6509;0.0000;796.4805;763216064.0000
174.5435;82.2160;0.0000;794.5248;763216064.0000
173.5435;82.3462;0.0000;794.2201;763216064.0000
173.1086;82.3462;5.2189;796.9154;763216064.0000
172.1086;82.4764;0.0000;793.9597;763216064.0000
171.6737;82.6066;0.0000;796.6107;763216064.0000
170.6737;83.1717;5.2189;795.3503;763216128.0000
169.6737;83.3019;0.0000;794.2201;763216128.0000
169.2388;82.8670;0.0000;796.1758;763216128.0000
168.2388;83.4321;5.2189;795.3503;763216128.0000
167.2388;83.5622;5.2189;792.4805;763216128.0000
166.2388;83.5622;5.2189;796.1758;763216128.0000
165.8039;83.6924;0.0000;795.0900;763216128.0000
164.8039;83.2575;0.0000;795.4805;763216128.0000
164.3690;83.8226;0.0000;796.6107;763216128.0000
163.9341;83.3877;5.2189;794.7852;763216192.0000
163.4992;83.9528;0.0000;797.1758;763216192.0000
162.4992;83.5179;0.0000;797.1758;763216192.0000
162.0643;83.6481;0.0000;794.7852;763216192.0000
161.0643;84.2132;0.0000;797.1758;763216192.0000
160.6294;83.7783;0.0000;796.7852;763216192.0000
160.1945;83.9085;0.0000;795.4805;763216192.0000
159.1945;83.9085;0.0000;799.1758;763216256.0000
158.7596;84.4736;0.0000;796.7852;763216256.0000
158.3247;84.0387;0.0000;797.1758;763216256.0000
157.8898;84.6037;0.0000;798.7408;763216256.0000
156.4548;84.7339;0.0000;793.3947;763216256.0000
156.0199;84.2990;0.0000;797.1758;763216256.0000
155.4548;84.4292;0.0000;797.7408;763216256.0000
155.0199;84.4292;0.0000;796.3503;763216256.0000
154.5850;84.5594;0.0000;797.7408;763216256.0000
153.5850;84.5594;0.0000;799.6107;763216256.0000
152.7152;84.6896;0.0000;795.4805;763216256.0000
152.1501;84.8198;0.0000;798.8711;763216256.0000
151.7152;85.2547;0.0000;796.3503;763216256.0000
150.7152;85.3849;0.0000;795.8711;763216256.0000
149.7152;85.5151;0.0000;798.4362;763216256.0000
148.7152;85.5151;0.0000;795.4805;763216256.0000
147.7152;85.6452;0.0000;797.3060;763216320.0000
146.7152;86.2103;0.0000;801.0012;763216320.0000
146.2803;86.2103;0.0000;795.4805;763216320.0000
145.2803;86.3405;0.0000;798.0012;763216320.0000
144.2803;86.9056;0.0000;797.8711;763216320.0000
143.2803;86.4707;0.0000;795.0456;763216320.0000
142.2803;87.0358;0.0000;797.0012;763216320.0000
141.2803;87.1660;0.0000;794.7408;763216320.0000
140.2803;87.7311;0.0000;797.0012;763216320.0000
138.8454;87.7311;0.0000;799.2616;763216320.0000
137.8454;87.4264;0.0000;797.1758;763216320.0000
136.8454;87.9915;0.0000;797.1315;763216320.0000
135.8454;88.5565;0.0000;799.1315;763216320.0000
134.8454;89.1216;0.0000;796.4362;763216384.0000
134.2803;89.6867;0.0000;797.1315;763216384.0000
133.2803;90.2518;0.0000;798.2616;763216384.0000
132.2803;90.8169;0.0000;796.4362;763216448.0000
132.2803;90.8169;0.0000;797.1315;763216448.0000
131.2803;91.3820;0.0000;796.4362;763216448.0000
130.2803;91.5122;0.0000;795.0012;763216448.0000
129.8454;92.0773;5.2189;800.3918;763216448.0000
128.8454;92.6424;0.0000;796.4362;763216448.0000
127.8454;92.7726;0.0000;795.0012;763216448.0000
127.4105;92.7726;0.0000;800.3918;763216448.0000
126.4105;93.3377;0.0000;797.5663;763216448.0000
125.4105;93.9028;0.0000;797.9569;763216448.0000
124.9756;94.4679;0.0000;796.2616;763216448.0000
123.9756;95.0330;0.0000;795.2616;763216448.0000
122.9756;95.5981;0.0000;799.0871;763216448.0000
121.9756;96.1631;0.0000;797.1315;763216448.0000
121.5407;96.2933;0.0000;796.2616;763216448.0000
120.5407;96.8584;0.0000;800.6522;763216512.0000
120.1058;97.4235;0.0000;797.5663;763216576.0000
119.1058;97.9886;0.0000;797.3918;763216576.0000
118.6709;98.5537;0.0000;800.5220;763216576.0000
118.2360;99.1188;5.2189;794.5663;763216576.0000
117.2360;100.2490;0.0000;799.7823;763216576.0000
116.8011;100.8141;0.0000;799.6522;763216576.0000
116.3662;101.3792;0.0000;795.5663;763216576.0000
115.3662;101.9443;0.0000;799.7823;763216576.0000
114.9313;103.0745;0.0000;798.9569;763216576.0000
114.3662;103.6395;0.0000;796.0871;763216576.0000
113.9313;104.2046;0.0000;800.7823;763216576.0000
113.4963;104.7697;0.0000;796.2616;763216576.0000
112.4963;105.3348;5.2189;797.6522;763216576.0000
112.0614;106.4650;0.0000;799.9126;763216576.0000
111.0614;107.0301;0.0000;795.6965;763216576.0000
110.6265;108.1603;0.0000;798.9126;763216576.0000
110.1916;108.7254;0.0000;800.2173;763216640.0000
109.1916;109.8556;0.0000;795.8267;763216640.0000
109.1916;110.4207;0.0000;798.6522;763216704.0000
108.1916;111.5509;0.0000;798.6522;763216704.0000
107.7567;112.6810;0.0000;796.7823;763216704.0000
107.3218;113.8112;0.0000;800.6078;763216704.0000
106.3218;114.8112;0.0000;798.0871;763216704.0000
105.8869;115.9414;0.0000;797.9126;763216704.0000
105.4520;117.0716;0.0000;798.9126;763216704.0000
104.4520;118.2018;0.0000;795.7823;763216704.0000
104.0171;118.7669;0.0000;797.6078;763216704.0000
102.5822;119.8971;0.0000;799.4777;763216704.0000
102.0171;120.4622;0.0000;796.2173;763216704.0000
101.5822;121.5924;0.0000;798.0427;763216704.0000
100.5822;122.1574;0.0000;799.4777;763216704.0000
100.1473;123.2876;0.0000;797.2173;763216704.0000
99.1473;123.8527;0.0000;798.1730;763216768.0000
99.1473;124.9829;0.0000;796.6522;763216768.0000
98.1473;126.1131;5.2189;794.9126;763216768.0000
97.7124;126.6782;0.0000;798.1730;763216768.0000
97.7124;128.2433;0.0000;797.2173;763216832.0000
96.7124;129.3735;0.0000;797.0427;763216832.0000
96.2775;130.3735;0.0000;798.9126;763216832.0000
95.8426;131.5037;0.0000;795.9126;763216832.0000
95.4077;132.6339;5.2189;798.4333;763216832.0000
94.9727;133.7640;0.0000;798.6078;763216832.0000
94.5378;134.8942;0.0000;796.7823;763216832.0000
94.1029;135.4593;0.0000;800.6078;763216832.0000
93.6680;136.5895;0.0000;797.7823;763216832.0000
93.2331;137.1546;0.0000;798.1730;763216832.0000
92.7982;138.2848;0.0000;802.3031;763216832.0000
92.7982;138.8499;0.0000;797.9126;763216832.0000
92.3633;139.4150;0.0000;797.1730;763216896.0000
92.3633;140.5452;0.0000;800.3031;763216896.0000
91.9284;141.5452;0.0000;795.9126;763216896.0000
91.4935;142.1103;0.0000;799.3031;763216896.0000
91.4935;142.6754;6.7811;798.7380;763216896.0000
91.0586;143.8055;6.7811;794.4777;763216896.0000
90.6237;144.3706;0.0000;798.8682;763216960.0000
90.1888;145.5008;6.7811;796.3475;763216960.0000
89.7539;146.0659;0.0000;789.3918;763216960.0000
89.3190;146.6310;0.0000;792.2173;763216960.0000
89.3190;147.1961;0.0000;790.8267;763216960.0000
88.8841;147.7612;5.2189;789.0870;763216960.0000
88.4492;148.3263;0.0000;792.2173;763216960.0000
88.0142;149.3263;0.0000;789.2616;763216960.0000
87.5793;149.8914;0.0000;790.7823;763216960.0000
87.1444;150.4565;0.0000;789.7823;763216960.0000
86.7095;151.0216;0.0000;788.0870;763216960.0000
86.2746;151.5867;0.0000;790.2173;763217024.0000
86.2746;152.1518;0.0000;791.0871;763217024.0000
85.8397;152.1518;0.0000;788.2173;763217024.0000
85.4048;152.7169;5.2189;790.6078;763217024.0000
85.5350;153.7169;0.0000;787.0870;763217024.0000
85.1001;154.7169;0.0000;785.9125;763217024.0000
84.6652;155.2820;5.2189;789.7380;763217024.0000
84.2303;155.8470;0.0000;785.2173;763217088.0000
83.7954;156.4121;0.0000;785.8682;763217088.0000
83.3605;157.4121;0.0000;788.3031;763217088.0000
82.9256;157.8470;0.0000;785.0427;763217088.0000
82.9256;158.8470;0.0000;785.9984;763217088.0000
83.0557;159.4121;0.0000;786.7380;763217088.0000
82.6208;160.4121;0.0000;783.7380;763217088.0000
82.1859;160.4121;0.0000;788.4333;763217088.0000
81.7510;160.5423;5.2189;784.1729;763217088.0000
81.3161;161.1074;0.0000;784.4333;763217152.0000
80.8812;161.1074;5.2189;781.6078;763217152.0000
81.0114;161.6725;5.2189;782.9984;763217152.0000
80.5765;162.2376;0.0000;783.8239;763217152.0000
80.1416;162.6725;0.0000;785.6493;763217152.0000
79.7067;163.6725;0.0000;781.1285;763217152.0000
79.2718;164.6725;0.0000;782.8239;763217152.0000
78.8369;164.6725;5.2189;783.2588;763217152.0000
79.4020;165.2376;0.0000;781.5192;763217152.0000
78.9670;165.8027;0.0000;785.3446;763217152.0000
78.5321;166.2376;5.2189;782.2588;763217216.0000
78.5321;167.2376;0.0000;778.7352;763217216.0000
78.6623;167.8027;0.0000;784.1700;763217216.0000
78.2274;167.8027;5.2189;780.2144;763217216.0000
77.7925;168.8027;0.0000;780.2144;763217216.0000
77.3576;169.8027;0.0000;783.6050;763217216.0000
76.9227;170.8027;0.0000;778.5192;763217280.0000
76.4878;171.2376;0.0000;781.0399;763217280.0000
76.0529;171.8027;0.0000;781.0399;763217280.0000
76.0529;172.3678;5.2189;777.9097;763217280.0000
75.6180;172.9329;0.0000;781.8654;763217280.0000
74.7482;173.3678;5.2189;779.3446;763217280.0000
74.3133;174.3678;0.0000;777.6050;763217280.0000
73.8784;175.3678;0.0000;782.3003;763217280.0000
73.4435;175.3678;0.0000;778.0399;763217280.0000
73.0085;175.9329;0.0000;775.6050;763217280.0000
73.0085;176.9329;0.0000;780.9955;763217280.0000
72.5736;177.9329;0.0000;777.6050;763217280.0000
72.1387;178.4980;0.0000;778.2559;763217280.0000
71.7038;179.0631;0.0000;777.1257;763217280.0000
71.2689;180.0631;0.0000;777.6050;763217280.0000
70.8340;181.0631;0.0000;777.5163;763217280.0000
69.9642;182.0631;0.0000;778.4304;763217344.0000
70.0944;182.6282;0.0000;776.1257;763217344.0000
69.6595;183.6282;0.0000;778.9512;763217344.0000
69.2246;184.6282;0.0000;776.5607;763217344.0000
68.3548;185.6282;0.0000;775.3861;763217344.0000
67.9199;186.1933;0.0000;778.0814;763217344.0000
68.0500;187.1933;0.0000;774.5607;763217344.0000
67.6151;188.1933;0.0000;777.0814;763217344.0000
67.1802;189.1933;0.0000;778.0814;763217344.0000
66.7453;189.7583;0.0000;773.6908;763217344.0000
66.7453;190.7583;0.0000;774.5163;763217344.0000
66.4406;191.7583;0.0000;774.5163;763217344.0000
66.4406;192.3234;0.0000;772.9512;763217344.0000
66.0057;193.3234;0.0000;776.4719;763217344.0000
65.5708;194.3234;0.0000;774.2559;763217408.0000
65.1359;195.3234;0.0000;773.5163;763217408.0000
65.2661;195.8885;0.0000;777.9069;763217472.0000
65.2661;196.8885;0.0000;772.3861;763217472.0000
64.8312;197.4536;0.0000;773.6465;763217472.0000
65.3963;198.4536;0.0000;777.0814;763217472.0000
65.3963;199.0187;0.0000;773.6908;763217472.0000
64.9613;200.0187;0.0000;775.7767;763217472.0000
65.5264;200.5838;0.0000;774.5163;763217472.0000
65.5264;201.1489;0.0000;773.0814;763217472.0000
65.0915;202.1489;0.0000;771.1257;763217472.0000
64.6566;202.7140;0.0000;772.5163;763217472.0000
64.6566;203.1489;0.0000;774.9069;763217472.0000
64.7868;204.1489;0.0000;777.6022;763217472.0000
64.3519;205.1489;0.0000;773.3861;763217472.0000
64.4821;206.1489;0.0000;774.4719;763217472.0000
64.6123;206.5838;0.0000;778.6022;763217472.0000
64.1774;207.1489;0.0000;770.3418;763217472.0000
64.7425;208.1489;0.0000;774.0370;763217600.0000
64.3076;208.1489;0.0000;774.4719;763217600.0000
64.4378;209.1489;0.0000;771.4719;763217600.0000
64.4378;209.7140;0.0000;774.5578;763217600.0000
64.0029;210.1489;0.0000;771.9069;763217600.0000
64.1330;210.7140;0.0000;772.2974;763217600.0000
64.1330;211.7140;0.0000;775.1229;763217600.0000
63.6981;212.1489;0.0000;770.6022;763217600.0000
63.8283;213.1489;0.0000;772.4276;763217600.0000
63.8283;213.7140;0.0000;772.9927;763217600.0000
63.9585;214.7140;0.0000;768.6022;763217600.0000
64.0887;215.7140;5.2189;772.4276;763217600.0000
63.6538;216.1489;0.0000;771.9927;763217600.0000
63.7840;217.1489;0.0000;769.1672;763217600.0000
63.3491;217.7140;5.2189;772.2531;763217600.0000
63.9142;218.7140;0.0000;768.8625;763217600.0000
64.0443;219.7140;0.0000;770.1229;763217664.0000
63.6094;220.2791;0.0000;771.1229;763217664.0000
64.1745;221.2791;0.0000;769.7323;763217728.0000
63.7396;222.2791;0.0000;769.2531;763217728.0000
63.8698;222.7140;5.2189;771.9484;763217728.0000
63.8698;223.2791;0.0000;769.9927;763217728.0000
64.0000;224.2791;0.0000;769.2531;763217728.0000
64.1302;225.2791;0.0000;768.2531;763217728.0000
64.1302;226.2791;0.0000;766.4276;763217728.0000
64.2604;227.2791;5.2189;769.3833;763217728.0000
63.8255;227.8442;0.0000;767.5578;763217728.0000
64.3906;228.8442;0.0000;766.2531;763217728.0000
63.9557;229.8442;0.0000;768.7738;763217728.0000
64.5208;230.8442;0.0000;765.9927;763217728.0000
64.0858;231.2791;0.0000;767.3833;763217728.0000
64.6509;231.8442;0.0000;769.5134;763217728.0000
64.7811;232.8442;0.0000;765.6880;763217792.0000
65.3462;233.8442;0.0000;767.6437;763217792.0000
64.9113;234.8442;0.0000;768.8182;763217792.0000
65.0415;235.4093;0.0000;765.6880;763217792.0000
65.6066;236.2791;0.0000;766.9484;763217856.0000
65.1717;237.2791;0.0000;765.9927;763217856.0000
65.7368;238.2791;0.0000;764.8182;763217856.0000
65.8670;239.2791;0.0000;769.0786;763217856.0000
66.4321;240.2791;0.0000;763.1229;763217856.0000
66.5622;240.7140;0.0000;765.3833;763217856.0000
67.1273;241.7140;0.0000;766.3389;763217856.0000
66.6924;242.7140;0.0000;762.3833;763217856.0000
67.2575;244.1489;0.0000;766.7738;763217856.0000
67.3877;245.1489;0.0000;768.2087;763217856.0000
67.9528;245.5838;0.0000;762.3833;763217856.0000
67.5179;246.5838;0.0000;765.6437;763217856.0000
67.6481;248.0187;0.0000;766.0786;763217920.0000
68.2132;249.0187;0.0000;762.8182;763217920.0000
68.7783;250.0187;0.0000;764.0786;763217920.0000
68.9085;251.0187;0.0000;762.1229;763217920.0000
68.9085;252.4536;0.0000;762.3833;763217920.0000
69.4736;252.8885;0.0000;764.4691;763217920.0000
69.6037;253.8885;0.0000;761.5578;763217920.0000
70.1688;254.8885;0.0000;762.3833;763217984.0000
70.7339;255.8885;0.0000;763.3833;763217984.0000
71.2990;256.8885;5.2189;760.1229;763217984.0000
71.9943;258.3235;0.0000;762.3833;763217984.0000
72.5594;259.3235;0.0000;762.3833;763217984.0000
72.6896;260.3235;0.0000;760.6880;763217984.0000
73.2547;260.7584;0.0000;762.2087;763217984.0000
73.2547;261.7584;0.0000;758.9927;763217984.0000
73.8198;262.7583;0.0000;759.8182;763217984.0000
73.9500;263.7583;0.0000;764.0786;763218048.0000
74.5151;264.7583;0.0000;760.6880;763218048.0000
74.6452;265.1932;5.2189;761.7738;763218048.0000
74.6452;266.6281;0.0000;762.9484;763218048.0000
75.2103;267.6281;0.0000;760.1229;763218048.0000
75.3405;268.6281;5.2189;761.0785;763218048.0000
75.9056;269.6281;0.0000;762.3833;763218048.0000
76.4707;270.6281;5.2189;758.9927;763218048.0000
76.6009;271.0630;0.0000;761.0785;763218048.0000
76.6009;272.0630;0.0000;762.8182;763218112.0000
76.7311;273.0630;0.0000;758.9484;763218112.0000
77.2962;273.9329;0.0000;762.7738;763218112.0000
77.2962;274.9329;0.0000;759.8182;763218112.0000
77.4264;275.4980;0.0000;760.0785;763218112.0000
77.9915;275.9329;0.0000;762.7738;763218112.0000
78.5565;276.9329;0.0000;758.8181;763218112.0000
79.1216;277.9329;0.0000;759.7738;763218176.0000
79.2518;278.3678;0.0000;760.6436;763218176.0000
79.2518;279.3678;0.0000;760.3833;763218176.0000
79.8169;279.8027;0.0000;762.2087;763218176.0000
80.3820;280.8027;0.0000;758.6880;763218176.0000
80.5122;281.2376;0.0000;758.9484;763218176.0000
81.0773;282.2376;0.0000;762.9484;763218176.0000
81.0773;282.6725;0.0000;760.6880;763218176.0000
81.6424;283.1074;0.0000;758.5134;763218176.0000
81.7726;284.1074;0.0000;762.3833;763218176.0000
82.3377;284.5423;5.2189;758.9927;763218176.0000
82.9028;285.1074;0.0000;759.3389;763218240.0000
83.4679;285.5423;0.0000;759.5134;763218240.0000
83.5980;286.5423;0.0000;757.6880;763218240.0000
84.1631;286.9772;0.0000;759.7738;763218240.0000
84.7282;287.4121;0.0000;758.5134;763218240.0000
84.8584;288.4121;0.0000;756.8181;763218304.0000
84.8584;288.8470;0.0000;759.7738;763218304.0000
85.4235;289.7169;0.0000;756.8181;763218304.0000
85.9886;290.1518;0.0000;757.6436;763218304.0000
86.5537;291.1518;0.0000;760.6436;763218304.0000
86.1188;291.5867;5.2189;756.6880;763218304.0000
86.6839;292.4565;0.0000;756.0785;763218304.0000
87.2490;293.4565;5.2189;758.2087;763218304.0000
87.8141;293.8914;0.0000;757.2531;763218304.0000
88.3792;294.7612;0.0000;755.5134;763218304.0000
88.9443;295.7612;0.0000;758.9484;763218304.0000
88.9443;296.1961;0.0000;756.5134;763218304.0000
89.5094;297.6310;5.2189;758.0785;763218304.0000
89.6395;298.0659;0.0000;756.3832;763218304.0000
90.2046;299.0659;5.2189;756.5134;763218304.0000
90.7697;299.9357;0.0000;759.3389;763218304.0000
91.3348;300.3706;0.0000;755.9927;763218304.0000
91.8999;300.8055;0.0000;756.5134;763218368.0000
92.4650;302.2404;0.0000;756.9484;763218368.0000
93.0301;302.6754;5.2189;752.2974;763218368.0000
93.0301;303.1103;0.0000;755.9484;763218368.0000
93.5952;303.5452;5.2189;755.8181;763218368.0000
94.1603;304.5452;0.0000;754.8181;763218368.0000
94.7254;304.9801;0.0000;755.9484;763218368.0000
95.2905;305.4150;5.2189;754.6880;763218368.0000
95.8556;305.8499;0.0000;753.6880;763218368.0000
96.4207;306.8499;0.0000;756.9484;763218368.0000
96.9858;307.2848;0.0000;753.2974;763218368.0000
96.9858;307.7197;0.0000;752.2531;763218368.0000
97.5509;308.1546;0.0000;758.1229;763218368.0000
98.1160;309.1546;0.0000;753.9927;763218368.0000
98.6810;309.5895;0.0000;755.2531;763218432.0000
98.6810;310.0244;0.0000;755.5577;763218432.0000
98.8112;310.4593;6.7811;753.1229;763218496.0000
99.3763;310.8942;0.0000;757.6880;763218496.0000
99.9414;311.3291;0.0000;754.4276;763218496.0000
100.5065;312.3291;0.0000;753.9927;763218496.0000
100.5065;312.7640;0.0000;758.1229;763218496.0000
101.6367;313.1989;0.0000;756.7323;763218496.0000
102.2018;313.1989;0.0000;755.9927;763218496.0000
102.7669;314.1989;0.0000;758.4276;763218496.0000
103.3320;314.6339;0.0000;754.7767;763218496.0000
104.4622;315.0688;0.0000;756.5577;763218496.0000
105.0273;316.0688;0.0000;757.2974;763218496.0000
105.5924;316.5037;0.0000;756.1672;763218496.0000
106.7225;316.9386;0.0000;758.4276;763218496.0000
107.2876;317.9386;0.0000;757.0370;763218496.0000
107.8527;318.3735;0.0000;755.9069;763218496.0000
108.9829;318.3735;0.0000;758.1672;763218496.0000
109.5480;318.8084;0.0000;755.2115;763218624.0000
111.1131;319.8084;0.0000;755.3418;763218624.0000
111.6782;320.6782;0.0000;751.8210;763218624.0000
112.8084;321.6782;0.0000;754.8210;763218624.0000
113.9386;322.1131;0.0000;755.0370;763218624.0000
115.0688;323.1131;0.0000;757.0814;763218624.0000
115.6339;323.5480;0.0000;752.2560;763218624.0000
117.1989;323.9829;0.0000;755.6465;763218624.0000
118.3291;324.9829;0.0000;755.6909;763218624.0000
119.4593;325.4178;0.0000;753.5164;763218624.0000
120.5895;325.8527;6.7811;757.2115;763218624.0000
122.1546;326.2876;0.0000;753.9956;763218624.0000
123.2848;326.7225;0.0000;753.8210;763218624.0000
123.8499;327.1574;0.0000;757.3861;763218624.0000
125.4150;328.0273;0.0000;754.8654;763218624.0000
126.5452;328.4622;0.0000;755.2560;763218624.0000
128.1103;328.8971;0.0000;755.4305;763218688.0000
129.2404;329.3320;0.0000;755.3003;763218688.0000
130.3706;329.7669;0.0000;755.6909;763218688.0000
131.9357;330.2018;0.0000;756.7352;763218752.0000
133.0659;330.6367;6.7811;754.4305;763218752.0000
134.1961;331.0716;5.2189;757.5607;763218752.0000
135.7612;331.5065;0.0000;756.9097;763218752.0000
136.8914;331.9414;0.0000;756.6050;763218752.0000
138.0216;332.3763;0.0000;757.0399;763218752.0000
139.5867;332.2462;0.0000;755.3446;763218752.0000
140.7168;332.6811;0.0000;756.0399;763218752.0000
141.8470;332.5509;6.7811;757.1701;763218752.0000
143.4121;332.9858;0.0000;752.3446;763218752.0000
144.5423;333.2905;0.0000;756.6050;763218752.0000
145.6725;333.7254;6.7811;755.4749;763218752.0000
147.2376;334.1603;0.0000;753.7795;763218752.0000
148.3678;334.0301;0.0000;756.1701;763218816.0000
149.9329;334.4650;0.0000;755.7795;763218816.0000
151.0631;334.8999;0.0000;754.4749;763218816.0000
152.6282;334.7697;0.0000;758.4749;763218816.0000
153.7583;335.2047;0.0000;756.5192;763218816.0000
154.8885;335.6396;0.0000;757.3446;763218880.0000
155.8885;335.5094;0.0000;758.3446;763218880.0000
157.0187;336.3792;0.0000;754.6494;763218880.0000
158.1489;336.2490;0.0000;757.0399;763218880.0000
159.1489;336.6839;6.7811;758.3446;763218880.0000
160.2791;336.5537;0.0000;756.3446;763218880.0000
161.8442;336.9886;0.0000;757.1701;763218880.0000
162.4093;336.8584;0.0000;754.9541;763218880.0000
163.9744;337.2933;0.0000;755.0842;763218880.0000
165.1046;337.5981;0.0000;757.4749;763218880.0000
166.1046;338.0330;0.0000;756.0842;763218880.0000
167.6696;337.9028;0.0000;754.9097;763218944.0000
168.7998;338.7726;0.0000;758.4749;763218944.0000
169.7998;339.2075;0.0000;756.0842;763218944.0000
170.7998;339.0773;0.0000;756.7795;763218944.0000
171.9300;339.9471;0.0000;757.7795;763218944.0000
172.9300;340.3820;0.0000;755.0842;763218944.0000
173.4951;340.6868;0.0000;757.0399;763218944.0000
174.4951;341.1216;0.0000;756.2145;763219008.0000
175.4951;341.5566;0.0000;753.3446;763219008.0000
176.0602;342.4264;0.0000;758.4749;763219008.0000
177.6253;342.2962;0.0000;754.9541;763219008.0000
178.6253;342.7311;0.0000;755.7795;763219008.0000
179.6253;343.6009;0.0000;757.0399;763219008.0000
180.6253;344.0358;0.0000;754.5192;763219008.0000
181.6253;343.9056;0.0000;756.1701;763219008.0000
182.1904;344.7755;6.7811;757.3446;763219008.0000
183.1904;345.2103;5.2189;755.0842;763219072.0000
184.1904;345.6453;0.0000;755.4749;763219072.0000
185.1904;345.9500;0.0000;754.9097;763219072.0000
186.7555;346.3849;0.0000;753.7795;763219072.0000
187.7555;346.8198;0.0000;756.1701;763219072.0000
188.3206;347.2547;0.0000;754.0842;763219072.0000
189.3206;348.1245;0.0000;756.0399;763219072.0000
190.3206;348.5594;0.0000;757.0399;763219072.0000
191.8857;348.9943;0.0000;754.5192;763219072.0000
192.8857;349.8641;0.0000;756.3446;763219136.0000
193.8857;349.7339;0.0000;757.7795;763219136.0000
194.8857;350.1689;0.0000;754.0842;763219136.0000
195.8857;350.6038;0.0000;756.6050;763219136.0000
196.8857;350.4736;0.0000;756.2145;763219136.0000
197.8857;351.3434;0.0000;753.6494;763219136.0000
198.8857;351.7783;6.7811;757.3446;763219136.0000
199.3206;352.2132;0.0000;754.0842;763219200.0000
200.3206;352.0830;0.0000;754.3446;763219200.0000
201.3206;352.5179;0.0000;756.0399;763219200.0000
202.3206;352.3877;0.0000;754.9541;763219200.0000
203.3206;352.8226;0.0000;752.7795;763219200.0000
203.8857;353.2575;0.0000;756.7795;763219200.0000
204.8857;353.1273;0.0000;752.5192;763219200.0000
205.8857;353.5623;0.0000;754.9097;763219200.0000
206.8857;353.4321;0.0000;755.7795;763219200.0000
207.4508;353.4321;0.0000;753.2145;763219200.0000
208.4508;353.3019;0.0000;756.0399;763219200.0000
209.4508;353.7368;0.0000;753.5192;763219200.0000
210.0159;354.1717;0.0000;751.9097;763219200.0000
211.0159;353.6066;0.0000;757.1701;763219200.0000
211.5810;354.0415;0.0000;754.0842;763219200.0000
213.1461;353.9113;0.0000;755.4749;763219200.0000
214.1461;354.3462;0.0000;756.9097;763219264.0000
214.7112;354.2160;0.0000;754.0842;763219264.0000
215.7112;354.6509;0.0000;755.6050;763219264.0000
216.7112;354.5208;0.0000;756.0399;763219264.0000
217.7112;354.9557;0.0000;753.7795;763219264.0000
218.7112;354.3906;0.0000;754.4749;763219264.0000
219.7112;355.2604;0.0000;753.0842;763219264.0000
221.2762;354.6953;0.0000;753.6050;763219264.0000
222.2762;354.5651;0.0000;756.0399;763219264.0000
223.2762;354.5651;0.0000;753.2145;763219264.0000
224.8413;354.4349;0.0000;754.4749;763219264.0000
226.2762;354.3047;0.0000;755.4749;763219264.0000
227.2762;354.1745;0.0000;753.2145;763219264.0000
228.8413;354.0443;0.0000;755.0399;763219264.0000
229.8413;354.0443;0.0000;754.9097;763219328.0000
231.4064;353.9142;0.0000;751.9097;763219328.0000
232.8413;353.7840;0.0000;756.0399;763219328.0000
234.4064;353.2189;0.0000;755.2145;763219392.0000
236.4064;353.0887;0.0000;753.7795;763219392.0000
237.8413;352.9585;0.0000;755.7352;763219392.0000
238.8413;352.3934;0.0000;754.0842;763219392.0000
240.8413;351.6982;0.0000;752.9097;763219392.0000
242.8413;351.1331;0.0000;756.6050;763219392.0000
243.8413;351.0029;0.0000;752.5192;763219392.0000
245.8413;350.8727;0.0000;754.6050;763219392.0000
246.8413;350.7425;0.0000;755.9097;763219392.0000
248.8413;350.6123;0.0000;753.2145;763219392.0000
249.8413;349.4821;0.0000;754.9097;763219392.0000
251.2762;349.3519;0.0000;755.2145;763219392.0000
252.8413;349.2217;0.0000;753.2145;763219392.0000
254.2762;348.5265;0.0000;756.6050;763219392.0000
255.2762;348.3963;0.0000;753.9541;763219392.0000
257.2762;347.2661;0.0000;754.3446;763219456.0000
258.2762;347.1359;0.0000;755.6050;763219520.0000
259.7112;347.0057;0.0000;752.9541;763219520.0000
261.1461;345.8755;0.0000;754.9097;763219520.0000
263.1461;345.7453;0.0000;756.2145;763219520.0000
264.1461;344.6151;0.0000;752.9541;763219520.0000
265.5810;344.4850;0.0000;754.9097;763219520.0000
267.0159;343.3548;0.0000;757.0842;763219520.0000
268.4508;342.6595;6.7811;754.2145;763219520.0000
270.4508;342.5293;0.0000;755.7795;763219520.0000
271.4508;341.3991;0.0000;754.8239;763219520.0000
272.8857;341.2689;0.0000;754.5192;763219520.0000
274.8857;340.1387;0.0000;757.3446;763219520.0000
276.3206;339.4435;0.0000;752.5192;763219520.0000
277.7555;338.8784;0.0000;755.2145;763219520.0000
279.1904;338.1831;0.0000;757.3446;763219520.0000
280.6253;337.0529;0.0000;752.8239;763219520.0000
282.0602;336.3576;0.0000;755.7795;763219584.0000
283.0602;335.2274;0.0000;755.3890;763219648.0000
283.9301;334.6624;0.0000;754.5192;763219648.0000
285.3649;333.5322;0.0000;756.2145;763219648.0000
286.9301;332.8369;0.0000;755.2588;763219648.0000
288.3649;332.2718;0.0000;754.9541;763219648.0000
289.3649;331.5765;0.0000;757.3446;763219648.0000
290.7999;331.0114;0.0000;756.3890;763219648.0000
291.7999;330.3161;0.0000;755.0842;763219648.0000
293.2347;329.1859;0.0000;757.0842;763219648.0000
294.6696;328.6208;0.0000;754.6937;763219648.0000
295.6696;327.4907;0.0000;755.9541;763219648.0000
297.1046;326.3605;0.0000;757.9541;763219648.0000
298.5395;325.6652;0.0000;756.1286;763219648.0000
298.9744;325.1001;0.0000;758.0842;763219648.0000
300.4093;323.9699;0.0000;756.2588;763219648.0000
301.8442;323.2746;0.0000;755.8239;763219712.0000
302.8442;322.1444;0.0000;758.6494;763219712.0000
304.2791;321.5793;0.0000;756.6937;763219712.0000
305.2791;320.4492;0.0000;755.0842;763219776.0000
306.7140;320.3190;6.7811;759.5192;763219776.0000
307.7140;319.1888;0.0000;756.5635;763219776.0000
308.1489;318.0586;0.0000;757.0842;763219776.0000
309.5838;317.4935;0.0000;758.3890;763219776.0000
310.5838;316.7982;0.0000;756.1286;763219776.0000
311.4536;315.6680;0.0000;755.5192;763219776.0000
312.4536;315.1029;0.0000;757.3890;763219776.0000
313.4536;313.9727;0.0000;757.2588;763219776.0000
314.3234;312.8426;0.0000;760.5192;763219776.0000
315.3234;311.7124;0.0000;757.9984;763219776.0000
316.1932;311.1473;0.0000;758.8239;763219776.0000
317.1932;310.0171;0.0000;760.9541;763219776.0000
318.0630;308.8869;0.0000;757.9984;763219840.0000
319.0630;308.3218;0.0000;760.0842;763219840.0000
319.4980;307.1916;0.0000;761.8239;763219840.0000
320.9329;306.0614;0.0000;759.6937;763219840.0000
321.3678;305.4963;0.0000;761.6494;763219840.0000
322.2376;304.3661;0.0000;762.9541;763219904.0000
322.6725;303.2360;0.0000;762.2145;763219904.0000
323.5423;302.1058;0.0000;764.3446;763219904.0000
323.8470;300.9756;0.0000;762.5192;763219904.0000
324.2820;299.8454;6.7811;762.6494;763219904.0000
324.5867;298.7152;0.0000;767.4748;763219904.0000
325.4565;297.5850;6.7811;762.8239;763219904.0000
325.8914;297.0200;0.0000;764.7795;763219904.0000
326.1961;295.8898;6.7811;768.3446;763219904.0000
327.0659;295.3246;6.7811;762.3890;763219904.0000
327.9357;293.7596;6.7811;765.2144;763219904.0000
327.8055;293.1945;0.0000;765.6493;763219968.0000
328.6754;292.6294;6.7811;763.3890;763219968.0000
329.5452;291.4992;0.0000;767.4748;763219968.0000
329.9801;290.4992;0.0000;763.8239;763219968.0000
330.8499;289.9341;0.0000;764.3890;763219968.0000
331.1546;288.3690;0.0000;761.4333;763219968.0000
332.0244;287.8039;0.0000;769.6493;763219968.0000
332.8942;287.2388;0.0000;770.0399;763219968.0000
333.7640;286.2388;0.0000;773.7352;763220032.0000
333.6339;285.6737;0.0000;770.2144;763220032.0000
334.5037;284.1086;0.0000;772.1700;763220032.0000
335.3735;284.1086;0.0000;773.9097;763220032.0000
336.2433;283.1086;0.0000;771.6493;763220032.0000
336.6782;282.5435;0.0000;774.1700;763220032.0000
337.9829;281.5435;0.0000;773.7795;763220032.0000
338.8527;281.1086;0.0000;774.2144;763220032.0000
339.2876;280.5435;0.0000;775.6050;763220096.0000
340.1575;279.5435;0.0000;774.2144;763220096.0000
341.0273;279.1086;0.0000;773.9097;763220096.0000
341.4622;278.5435;0.0000;777.4748;763220096.0000
342.3320;278.1086;0.0000;775.0842;763220096.0000
343.2018;277.6737;0.0000;775.4748;763220096.0000
343.6367;277.2388;0.0000;774.5192;763220096.0000
344.5065;276.8039;0.0000;764.4777;763220096.0000
344.9414;276.3690;5.2189;744.8296;763220096.0000
345.2462;275.9341;0.0000;717.1843;763220096.0000
346.1160;275.4992;5.2189;656.9797;763220160.0000
346.5508;274.4992;0.0000;419.2055;763220160.0000
123.0785;160.4805;0.0000;419.6847;753639552.0000
123.5134;160.0456;0.0000;418.8149;753639552.0000
124.3832;159.6107;0.0000;419.6847;753639552.0000
125.2531;158.7409;0.0000;419.6847;753639552.0000
125.6880;158.3060;0.0000;418.8149;753639552.0000
126.5578;157.8710;0.0000;419.6847;753639552.0000
127.4276;157.4361;0.0000;420.1196;753639552.0000
127.8625;157.0012;0.0000;419.6847;753639552.0000
128.7323;156.5663;0.0000;420.5545;753639552.0000
129.1672;156.1314;0.0000;419.6847;753639552.0000
130.0370;155.6965;0.0000;420.9894;753639552.0000
130.9068;155.2616;0.0000;421.8593;753639552.0000
131.7767;154.3918;0.0000;420.1196;753639552.0000
132.6465;153.9569;0.0000;420.9894;753639552.0000
133.0814;153.5220;0.0000;422.2942;753639552.0000
133.9512;152.6522;0.0000;420.1196;753639552.0000
134.8210;152.2173;0.0000;422.2942;753639552.0000
135.2559;151.7823;0.0000;422.2942;753639552.0000
136.1257;151.3474;0.0000;420.9894;753639552.0000
136.5606;150.4776;0.0000;422.2942;753639552.0000
137.4304;150.4776;0.0000;420.9894;753639552.0000
137.8653;149.6078;0.0000;420.5545;753639552.0000
138.7352;149.6078;0.0000;423.1640;753639552.0000
139.1701;149.1729;0.0000;421.4243;753639552.0000
140.0399;148.7380;0.0000;422.2942;753639552.0000
140.4748;148.3031;0.0000;422.2942;753639552.0000
141.3446;147.4333;0.0000;421.4243;753639552.0000
142.2144;146.9984;0.0000;422.2942;753639552.0000
143.0842;146.5635;0.0000;422.2942;753639552.0000
143.5191;145.6937;0.0000;422.2942;753639552.0000
144.3889;144.8239;0.0000;423.5989;753639552.0000
145.2588;144.3889;0.0000;422.7291;753639552.0000
145.6937;143.5191;0.0000;423.1640;753639552.0000
146.1286;143.0842;0.0000;424.9036;753639552.0000
146.9984;142.6493;0.0000;422.2942;753639616.0000
147.4333;142.2144;0.0000;423.5989;753639616.0000
147.8682;141.3446;0.0000;423.1640;753639616.0000
148.7380;140.9097;5.2189;423.1640;753639616.0000
149.1729;140.4748;0.0000;424.0338;753639616.0000
149.6078;140.0399;5.2189;424.0338;753639616.0000
150.0427;139.1701;0.0000;423.1640;753639616.0000
150.9125;138.7352;0.0000;424.0338;753639616.0000
151.3474;137.8653;0.0000;423.5989;753639616.0000
151.7823;137.4304;0.0000;423.5989;753639616.0000
152.2173;136.9955;0.0000;424.9036;753639616.0000
153.0871;136.1257;0.0000;422.7291;753639616.0000
153.5220;135.6908;0.0000;424.0338;753639616.0000
153.9569;134.8210;0.0000;424.9036;753639616.0000
154.3918;133.9512;0.0000;423.1640;753639616.0000
154.8267;133.0814;0.0000;424.9036;753639616.0000
155.6965;132.2116;0.0000;424.4687;753639616.0000
156.1314;131.3418;0.0000;423.1640;753639616.0000
157.0012;130.4719;0.0000;424.9036;753639680.0000
157.4361;129.6021;0.0000;424.4687;753639680.0000
158.3060;128.7323;0.0000;424.0338;753639680.0000
158.7409;128.2974;0.0000;425.3385;753639680.0000
159.1758;127.4276;0.0000;424.4687;753639680.0000
159.6107;126.9927;0.0000;424.9036;753639680.0000
160.0456;126.5578;0.0000;425.3385;753639680.0000
160.9154;125.6880;0.0000;424.0338;753639680.0000
160.9154;125.2531;0.0000;424.9036;753639680.0000
161.3503;124.8182;0.0000;425.3385;753639680.0000
161.7852;123.9483;0.0000;424.9036;753639680.0000
162.2201;123.5134;0.0000;426.2083;753639680.0000
162.6550;122.6436;0.0000;425.7734;753639680.0000
163.0899;121.7738;0.0000;425.3385;753639680.0000
163.5248;121.3389;5.2189;426.2083;753639680.0000
163.5248;120.4691;0.0000;426.2083;753639680.0000
163.9597;119.5993;5.2189;426.2083;753639680.0000
164.3946;119.1644;0.0000;427.0781;753639680.0000
164.8295;118.2946;0.0000;426.2083;753639744.0000
164.8295;117.4247;0.0000;427.0781;753639744.0000
165.6994;116.9898;0.0000;427.0781;753639744.0000
165.6994;116.1200;0.0000;423.1640;753639744.0000
166.1343;115.2502;0.0000;427.5130;753639744.0000
166.5692;114.3804;0.0000;427.9479;753639744.0000
167.0041;113.9455;0.0000;427.5130;753639744.0000
167.0041;113.0757;0.0000;428.3828;753639744.0000
167.4390;112.2059;0.0000;427.5130;753639744.0000
167.8739;111.3361;0.0000;427.9479;753639744.0000
168.3088;110.9011;0.0000;428.8177;753639744.0000
168.3088;110.0313;0.0000;427.5130;753639744.0000
168.7437;109.5964;0.0000;427.0781;753639744.0000
169.1786;109.1615;0.0000;428.3828;753639744.0000
169.6135;108.2917;0.0000;427.5130;753639744.0000
169.6135;107.8568;0.0000;427.0781;753639744.0000
170.0484;107.4219;0.0000;427.9479;753639744.0000
170.4833;106.5521;0.0000;427.5130;753639744.0000
170.4833;106.1172;0.0000;427.9479;753639744.0000
170.9182;105.2474;0.0000;427.5130;753639808.0000
171.3531;104.8125;0.0000;428.8177;753639808.0000
171.3531;103.9426;0.0000;429.6876;753639808.0000
171.3531;103.0728;0.0000;427.5130;753639808.0000
171.3531;102.6379;0.0000;427.9479;753639808.0000
171.7881;101.7681;0.0000;428.8177;753639808.0000
171.7881;101.3332;0.0000;427.5130;753639808.0000
171.7881;100.4634;0.0000;427.5130;753639808.0000
172.2230;99.5936;5.2189;428.3828;753639808.0000
172.2230;99.1587;0.0000;427.9479;753639808.0000
172.6579;98.2889;5.2189;427.5130;753639808.0000
172.6579;97.8540;0.0000;426.6432;753639808.0000
172.6579;97.4190;0.0000;426.6432;753639808.0000
173.0928;96.9841;0.0000;426.2083;753639808.0000
173.0928;96.9841;5.2189;426.6432;753639808.0000
173.0928;96.5492;0.0000;427.5130;753639808.0000
173.0928;96.1143;5.2189;427.5130;753639808.0000
173.0928;96.1143;0.0000;426.2083;753639808.0000
173.0928;95.6794;0.0000;426.6432;753639872.0000
173.0928;95.2445;0.0000;424.9036;753639872.0000
173.0928;94.3747;0.0000;421.8593;753639872.0000
173.0928;93.9398;0.0000;427.0781;753639872.0000
173.5277;93.5049;0.0000;420.5545;753639872.0000
173.5277;92.6351;0.0000;423.5989;753639872.0000
173.5277;92.2002;0.0000;423.5989;753639872.0000
173.5277;91.7653;0.0000;421.8593;753639872.0000
173.9626;91.3304;0.0000;422.2942;753639872.0000
173.9626;90.8954;0.0000;423.1640;753639872.0000
173.9626;90.4605;0.0000;421.4243;753639872.0000
173.9626;90.0256;0.0000;422.2942;753639872.0000
173.9626;89.5907;0.0000;422.2942;753639872.0000
173.9626;89.1558;0.0000;420.1196;753639872.0000
173.9626;88.7209;0.0000;420.9894;753639872.0000
174.3975;88.2860;0.0000;420.1196;753639872.0000
174.3975;87.8511;0.0000;419.2498;753639872.0000
174.3975;87.4162;0.0000;418.8149;753639872.0000
174.3975;87.4162;0.0000;418.8149;753639936.0000
174.3975;87.4162;0.0000;419.6847;753639936.0000
174.3975;87.4162;0.0000;420.5545;753639936.0000
174.3975;87.4162;0.0000;418.8149;753639936.0000
174.3975;86.9813;0.0000;419.2498;753639936.0000
174.3975;86.9813;0.0000;418.3800;753639936.0000
174.3975;86.9813;0.0000;416.2055;753639936.0000
174.3975;86.9813;0.0000;413.1611;753639936.0000
173.9626;86.9813;0.0000;407.9423;753639936.0000
173.9626;86.9813;0.0000;400.9838;753639936.0000
173.9626;86.9813;0.0000;395.7649;753639936.0000
173.9626;86.9813;0.0000;383.5875;753639936.0000
173.9626;86.9813;0.0000;364.8865;753639936.0000
173.9626;86.9813;0.0000;337.4874;753639936.0000
173.9626;86.9813;5.2189;280.5146;753639936.0000
173.5277;86.9813;10.4378;172.2230;753639936.0000
173.5277;86.9813;15.6566;82.1973;753639936.0000
267.0326;-6.9585;0.0000;173.0928;753640384.0000
267.0326;-7.3934;0.0000;174.3975;753640384.0000
267.0326;-7.3934;0.0000;174.8324;753640384.0000
267.0326;-7.3934;0.0000;184.4003;753640384.0000
267.0326;-7.3934;0.0000;197.0126;753640384.0000
267.0326;-7.3934;0.0000;202.2315;753640384.0000
267.0326;-7.3934;0.0000;200.9268;753640384.0000
267.0326;-7.3934;0.0000;193.5334;753640384.0000
267.0326;-6.9585;0.0000;172.2230;753640384.0000
267.0326;-6.9585;0.0000;65.2360;753640384.0000
