227.6546;204.2287;6.1703;13.2003;2069111.3750
227.6546;204.2287;0.0000;49.8281;2069120.2500
227.6546;204.2287;3.0852;74.4274;2069129.3750
227.6546;204.2287;0.0000;90.6845;2069138.2500
228.3975;204.2287;3.0852;96.7413;2069147.3750
228.3975;204.2287;3.0852;105.9984;2069156.2500
228.1404;204.2287;0.0000;127.8849;2069165.3750
228.1404;203.4858;0.0000;148.7713;2069174.2500
228.1404;203.4858;0.0000;175.0000;2069183.3750
228.1404;203.4858;0.0000;202.1152;2069192.2500
228.1404;203.4858;0.0000;227.0016;2069201.3750
228.1404;203.4858;3.0852;257.0883;2069210.2500
228.1404;203.4858;0.0000;285.2319;2069219.3750
228.1404;203.4858;0.0000;306.1751;2069228.2500
228.1404;203.4858;0.0000;325.4338;2069237.3750
228.1404;203.4858;0.0000;346.5490;2069246.2500
228.1404;203.7429;0.0000;370.8061;2069255.3750
228.3975;203.7429;0.0000;391.9780;2069264.2500
228.3975;203.7429;3.0852;407.1783;2069273.3750
228.3975;203.7429;0.0000;424.1215;2069282.7500
228.3975;203.7429;3.0852;440.3502;2069291.6250
228.3975;203.7429;0.0000;449.4354;2069300.7500
228.3975;203.7429;0.0000;466.9496;2069309.6250
228.6546;204.0000;3.0852;480.7493;2069318.7500
228.6546;204.0000;0.0000;490.8061;2069327.6250
228.6546;204.0000;0.0000;507.5490;2069336.7500
228.9117;204.0000;0.0000;519.8345;2069345.6250
229.1688;203.0000;0.0000;529.3770;2069354.6250
229.1688;203.0000;0.0000;547.0916;2069363.5000
230.1687;202.7429;0.0000;558.1199;2069372.6250
230.4258;202.4858;0.0000;568.8345;2069381.5000
230.4258;202.4858;0.0000;580.4338;2069390.6250
230.6829;202.2287;0.0000;583.7477;2069399.5000
230.9400;201.9716;0.0000;591.9764;2069408.6250
230.9400;201.7145;0.0000;596.0048;2069417.5000
231.1971;201.4574;0.0000;595.5758;2069426.6250
231.4542;201.2003;0.0000;601.0900;2069435.5000
230.7113;201.2003;0.0000;602.6326;2069444.6250
230.9684;200.9432;0.0000;600.9749;2069453.5000
230.9684;201.4290;0.0000;605.7745;2069462.6250
230.2255;201.1719;0.0000;608.5742;2069471.5000
230.2255;200.9148;0.0000;610.1451;2069480.6250
230.2255;201.1436;0.0000;615.6310;2069489.5000
229.4826;200.8864;0.0000;615.1735;2069498.6250
229.4826;200.6293;0.0000;617.9448;2069507.5000
229.4826;201.1152;0.0000;623.9448;2069516.6250
229.4826;200.8581;0.0000;622.7445;2069525.5000
229.4826;200.6010;0.0000;627.9733;2069534.6250
228.4826;200.3439;0.0000;630.4590;2069543.5000
228.4826;200.8297;0.0000;628.7445;2069552.6250
228.2255;200.3155;0.0000;630.4874;2069561.5000
228.2255;200.8013;8.9148;634.2019;2069570.6250
227.9684;200.5442;8.9148;641.8881;2069579.5000
227.7113;200.2871;0.0000;639.1735;2069588.6250
227.7113;200.7729;8.9148;636.9448;2069597.5000
227.4542;200.7729;0.0000;638.6877;2069606.6250
227.1971;200.5158;0.0000;642.1736;2069615.5000
226.9400;201.0016;8.9148;636.9733;2069624.6250
226.6830;201.0016;0.0000;640.6877;2069633.5000
226.4258;201.0016;0.0000;642.9164;2069642.6250
226.1688;201.0016;0.0000;641.1735;2069651.5000
225.6546;201.7445;0.0000;647.6310;2069660.6250
225.3975;201.7445;0.0000;648.8313;2069669.7500
224.8833;201.7445;0.0000;649.3171;2069678.6250
224.3691;202.4874;0.0000;654.7745;2069687.7500
223.8549;202.4874;0.0000;654.0316;2069696.6250
223.5978;202.4874;0.0000;654.7745;2069705.7500
223.3407;202.4874;0.0000;660.7177;2069714.6250
222.8265;203.2303;0.0000;655.0316;2069723.7500
222.5694;203.4874;0.0000;661.2319;2069732.6250
222.3123;203.4874;0.0000;663.6893;2069741.7500
222.0552;204.2303;0.0000;662.7177;2069750.6250
221.7981;204.2303;0.0000;668.9181;2069759.6250
222.2839;204.4874;0.0000;670.6326;2069768.5000
222.0268;205.2303;0.0000;673.4038;2069777.6250
221.5126;205.2303;0.0000;678.0900;2069786.5000
221.2555;205.4874;0.0000;679.1183;2069795.6250
220.9984;205.4874;0.0000;680.5757;2069804.5000
221.4842;206.2303;0.0000;685.2903;2069813.6250
221.2271;206.4874;0.0000;680.5757;2069822.5000
220.7129;207.2303;0.0000;684.7761;2069831.6250
221.1987;207.2303;0.0000;688.0048;2069840.5000
220.9417;207.4874;0.0000;684.7761;2069849.6250
221.4274;208.4874;0.0000;688.7477;2069858.5000
221.1703;208.4874;0.0000;688.9764;2069867.6250
221.9132;208.7445;0.0000;688.7477;2069876.5000
221.6561;209.7445;0.0000;694.7193;2069885.6250
222.1420;210.0016;0.0000;694.2051;2069894.5000
221.8849;210.2587;0.0000;696.4338;2069903.6250
222.3707;211.2587;0.0000;700.8912;2069912.5000
222.8565;211.7729;0.0000;699.8912;2069921.6250
222.5994;212.0300;0.0000;706.0916;2069930.5000
223.3423;212.2871;0.0000;710.5490;2069939.6250
223.8281;213.5442;0.0000;708.3203;2069948.5000
224.3139;213.8013;0.0000;712.0347;2069957.6250
225.0568;214.0584;0.0000;713.5206;2069966.5000
225.5426;214.5726;0.0000;712.7776;2069975.6250
226.2855;214.8297;0.0000;715.7493;2069984.5000
226.0284;215.3439;0.0000;714.0064;2069993.6250
226.7713;216.6010;3.0852;716.2351;2070002.5000
227.5142;216.8581;3.0852;719.4638;2070011.6250
228.2571;217.3723;0.0000;717.2635;2070020.5000
229.0000;217.8865;3.0852;720.1783;2070029.6250
229.7429;218.4007;0.0000;722.6925;2070038.5000
230.4858;218.9148;0.0000;718.7209;2070047.6250
230.7429;219.4290;0.0000;720.1783;2070056.5000
231.4858;219.9432;0.0000;721.2067;2070065.6250
232.2287;220.4574;0.0000;719.2067;2070074.7500
232.2287;220.9716;0.0000;722.1783;2070083.6250
232.9716;221.4858;0.0000;720.9496;2070092.7500
233.7145;223.0000;0.0000;721.6925;2070101.6250
233.9716;223.5142;0.0000;724.9496;2070110.7500
234.7145;224.0284;0.0000;722.4638;2070119.6250
235.7145;224.5426;0.0000;725.6641;2070128.7500
235.7145;225.0568;0.0000;729.3787;2070137.6250
236.7145;225.8281;0.0000;723.1783;2070146.7500
236.7145;226.3423;0.0000;728.8928;2070155.6250
237.7145;226.8565;0.0000;730.8644;2070164.7500
237.7145;227.3707;3.0852;728.8928;2070173.5000
238.7145;227.8849;0.0000;733.8361;2070182.6250
239.7145;228.3990;3.0852;735.1215;2070191.5000
239.9716;228.9132;0.0000;733.6074;2070201.3750
240.9716;229.4274;3.0852;738.0648;2070210.2500
241.2287;229.6845;0.0000;736.5789;2070219.3750
242.2287;229.4558;0.0000;739.8076;2070228.2500
243.2287;229.9700;0.0000;744.7793;2070237.3750
244.2287;230.2271;0.0000;739.3219;2070246.2500
244.4858;230.7413;0.0000;743.5222;2070255.3750
245.7429;230.2555;0.0000;748.0364;2070264.2500
247.0000;230.5126;0.0000;742.8076;2070273.3750
247.2571;231.0268;0.0000;747.7793;2070282.2500
248.5142;231.2839;0.0000;742.8361;2070291.3750
249.7713;230.5410;0.0000;749.0648;2070300.2500
250.2855;230.7981;0.0000;754.2367;2070309.3750
250.5426;231.0552;0.0000;753.4938;2070318.2500
251.7997;231.3123;0.0000;755.2367;2070327.3750
252.3139;231.5694;0.0000;762.2083;2070336.2500
253.5710;231.0836;0.0000;757.5222;2070345.3750
254.8281;231.0836;0.0000;760.7225;2070354.2500
255.3423;230.5978;0.0000;765.4654;2070363.3750
256.5994;230.5978;0.0000;761.9796;2070372.2500
257.8565;230.5978;0.0000;765.7225;2070381.3750
258.3707;230.1120;0.0000;764.9512;2070390.2500
259.6277;230.1120;0.0000;766.2083;2070399.3750
260.3990;229.3691;0.0000;770.1799;2070408.2500
261.6562;229.3691;0.0000;772.4086;2070417.3750
262.4274;228.6262;0.0000;775.8944;2070426.2500
263.6845;228.6262;0.0000;782.0947;2070435.3750
264.1987;228.3691;0.0000;777.3802;2070444.2500
264.7129;227.6262;0.0000;783.3235;2070453.3750
265.9700;227.3691;0.0000;789.3235;2070462.2500
266.4842;226.6262;0.0000;783.0947;2070471.3750
267.7413;226.3691;8.9148;786.5521;2070480.2500
268.2555;225.6262;0.0000;786.2950;2070489.3750
269.2555;225.6262;0.0000;785.0663;2070498.5000
270.5126;224.6262;8.9148;789.5237;2070507.3750
271.0268;224.6262;0.0000;788.7809;2070516.5000
272.0268;223.6262;0.0000;789.2951;2070525.3750
272.5410;222.8833;12.0000;794.7525;2070534.3750
273.7981;222.6262;0.0000;792.0380;2070543.2500
274.3123;221.6262;0.0000;799.2383;2070552.3750
274.8265;220.6262;0.0000;789.3518;2070561.2500
276.0836;219.6262;0.0000;812.6105;2070570.6250
276.5978;219.3691;0.0000;818.5538;2070579.5000
277.8549;218.3691;3.0852;820.5537;2070588.6250
278.6262;217.1120;0.0000;821.5254;2070597.5000
279.1404;216.1120;0.0000;824.7825;2070606.6250
280.3975;215.1120;0.0000;827.2399;2070615.5000
280.9117;214.8549;0.0000;827.9828;2070624.6250
281.4258;213.8549;3.0852;831.9544;2070633.5000
282.6830;212.8549;0.0000;831.2115;2070642.6250
282.9401;211.8549;0.0000;837.9543;2070651.5000
283.4543;210.8549;0.0000;841.9260;2070660.6250
283.7113;209.5978;0.0000;835.9544;2070669.5000
284.2255;209.3407;0.0000;843.4402;2070678.6250
284.4826;208.3407;0.0000;845.6405;2070687.5000
284.7397;207.3407;0.0000;841.2114;2070696.6250
285.9968;206.0836;0.0000;846.3834;2070705.5000
286.2539;205.0836;0.0000;845.6405;2070714.6250
286.5110;204.5694;0.0000;845.4118;2070723.5000
287.0252;203.5694;0.0000;849.3834;2070732.6250
287.5394;202.3123;0.0000;847.1831;2070741.5000
288.0536;201.3123;0.0000;850.1831;2070750.6250
288.3107;200.0552;0.0000;853.8693;2070759.5000
288.5678;199.0552;0.0000;848.9543;2070768.6250
288.3391;198.0552;0.0000;854.4402;2070777.5000
288.5962;197.7981;0.0000;856.1831;2070786.6250
288.8533;196.5410;0.0000;854.6973;2070795.5000
289.1104;195.5410;0.0000;858.6973;2070804.6250
289.3675;194.5410;0.0000;856.9828;2070813.5000
289.6246;193.5410;0.0000;856.0112;2070822.6250
289.8817;192.2839;0.0000;859.9828;2070831.5000
290.1388;191.2839;0.0000;857.2682;2070840.6250
290.3959;190.7697;0.0000;860.7540;2070849.7500
290.6530;189.7697;0.0000;866.6973;2070858.6250
290.9101;188.5126;0.0000;861.2682;2070867.7500
290.4243;187.2555;0.0000;865.2399;2070876.6250
290.6814;186.2555;0.0000;868.4969;2070885.7500
290.6814;184.9984;0.0000;863.7825;2070894.6250
290.9385;184.7413;3.0852;871.4686;2070903.7500
290.4526;183.4842;3.0852;869.0112;2070912.6250
290.4526;182.2271;3.0852;869.2682;2070921.7500
290.7097;181.2271;0.0000;874.2683;2070930.6250
290.9669;179.9700;0.0000;873.7825;2070939.7500
290.9669;179.4558;0.0000;872.4402;2070948.5000
290.4810;178.1987;0.0000;878.3251;2070957.6250
290.4810;176.9416;0.0000;876.1815;2070966.5000
290.4810;175.6845;0.0000;881.8960;2070975.6250
289.9952;175.4274;0.0000;885.6389;2070984.5000
289.9952;174.1703;0.0000;881.4670;2070993.6250
289.9952;172.9132;0.0000;885.2100;2071002.5000
289.9952;171.6561;0.0000;887.2667;2071011.6250
289.2523;171.3990;0.0000;886.2383;2071020.5000
288.9952;170.1420;0.0000;889.4670;2071029.6250
288.9952;168.8849;0.0000;887.4954;2071038.5000
288.2523;167.6278;0.0000;889.9812;2071047.6250
287.9952;167.1136;0.0000;892.2383;2071056.5000
286.9952;165.8565;0.0000;887.2667;2071065.6250
286.9952;164.5994;0.0000;891.9812;2071074.5000
285.9952;164.0852;0.0000;894.4670;2071083.6250
285.7382;162.5710;0.0000;889.2667;2071092.5000
284.9952;161.3139;0.0000;893.4954;2071101.6250
284.7382;160.5426;0.0000;894.5238;2071110.5000
283.7381;159.2855;0.0000;888.7809;2071119.6250
283.4810;158.0284;8.9148;895.4954;2071128.5000
282.4810;157.5142;0.0000;895.0096;2071137.6250
282.2239;156.2571;0.0000;896.2383;2071146.5000
281.2239;155.7429;3.0852;897.9812;2071155.6250
280.7097;154.4858;0.0000;891.2951;2071164.5000
279.7097;153.9716;3.0852;895.7525;2071173.6250
278.4526;152.7145;0.0000;901.2099;2071182.5000
277.9384;152.2003;0.0000;893.5238;2071191.6250
276.6814;151.6861;0.0000;898.2383;2071200.5000
275.4243;150.4290;0.0000;898.2383;2071209.6250
274.9101;150.1719;0.0000;894.5238;2071218.5000
273.6530;149.6577;0.0000;898.7241;2071227.6250
272.3959;148.4006;0.0000;896.0096;2071236.5000
271.8817;147.8864;0.0000;897.7241;2071245.6250
270.6246;147.3723;0.0000;898.7241;2071254.7500
269.3675;146.3723;0.0000;893.2950;2071263.6250
268.8533;145.8581;0.0000;896.0096;2071272.7500
267.5962;145.3439;0.0000;898.7241;2071281.6250
266.3391;144.3439;0.0000;893.2667;2071290.7500
265.0820;143.8297;0.0000;896.2383;2071299.6250
263.5678;143.5726;0.0000;897.2383;2071308.7500
262.3107;143.0584;0.0000;892.7525;2071317.6250
260.7965;142.0584;0.0000;897.2099;2071326.7500
260.2823;141.8013;0.0000;895.7525;2071335.6250
258.5110;141.5442;0.0000;893.5238;2071344.7500
256.9968;141.2871;0.0000;896.2098;2071353.5000
255.4826;141.2871;0.0000;894.0096;2071362.6250
253.7113;140.2871;0.0000;894.7241;2071371.5000
252.1971;140.2871;0.0000;896.9528;2071380.6250
250.6830;140.0300;0.0000;892.4954;2071389.5000
249.9117;140.0300;0.0000;893.9812;2071398.6250
248.1404;140.0300;0.0000;895.4670;2071407.5000
246.6262;139.0300;0.0000;893.5238;2071416.6250
244.8549;139.0300;0.0000;896.2098;2071425.5000
244.0836;139.0300;0.0000;896.0096;2071434.6250
242.5694;138.7729;0.0000;893.2383;2071443.5000
240.7981;138.7729;0.0000;895.2099;2071452.6250
240.0268;138.7729;0.0000;892.4954;2071461.5000
238.5126;138.0300;3.0852;894.7241;2071470.6250
236.9984;138.0300;0.0000;897.9244;2071480.2500
235.4842;138.0300;0.0000;890.4954;2071489.3750
233.9700;138.0300;3.0852;894.4670;2071498.2500
232.7129;137.2871;0.0000;896.1815;2071507.3750
230.4558;137.2871;0.0000;889.7809;2071516.2500
228.6845;137.2871;3.0852;894.6957;2071525.3750
226.4274;136.8013;0.0000;891.7241;2071534.2500
224.9132;136.8013;0.0000;891.7241;2071543.3750
222.3990;136.8013;0.0000;895.4386;2071552.2500
220.8849;137.0584;0.0000;893.2099;2071561.3750
219.6277;137.0584;0.0000;890.9812;2071570.2500
217.3707;137.0584;0.0000;899.1531;2071579.3750
215.8565;137.3155;0.0000;890.4954;2071588.2500
214.5994;137.3155;0.0000;893.1531;2071597.3750
213.0852;137.3155;0.0000;897.4103;2071606.2500
211.8281;137.5726;0.0000;891.7241;2071615.3750
210.3139;137.5726;0.0000;896.1815;2071624.2500
208.7997;137.8297;0.0000;893.6957;2071633.3750
207.2855;137.8297;0.0000;893.4386;2071642.2500
205.7713;138.0868;0.0000;895.4102;2071651.3750
204.2571;138.3439;0.0000;893.9244;2071660.2500
202.0000;138.6010;0.0000;893.6674;2071669.3750
200.4858;138.8581;0.0000;895.1531;2071678.5000
198.4858;139.1152;0.0000;890.6957;2071687.3750
196.9716;139.3723;0.0000;893.1531;2071696.5000
194.7145;140.6293;0.0000;896.1248;2071705.3750
193.4574;140.8864;0.0000;891.1815;2071714.3750
191.9432;141.1435;0.0000;893.1531;2071723.2500
190.4290;142.1435;0.0000;894.1531;2071732.3750
188.4290;142.4006;0.0000;893.6957;2071741.2500
187.6577;142.9148;0.0000;896.6674;2071750.3750
186.4007;143.1719;0.0000;893.8960;2071759.2500
185.1436;143.4290;0.0000;892.4102;2071768.3750
183.8864;143.6861;3.0852;895.3818;2071777.2500
182.6293;144.9432;0.0000;890.9244;2071786.3750
181.3723;145.2003;0.0000;892.6389;2071795.2500
180.1151;145.4574;0.0000;894.8677;2071804.3750
179.1152;145.9716;0.0000;889.4102;2071813.2500
177.8581;146.9716;3.0852;893.1247;2071822.3750
176.6010;147.4858;0.0000;894.6389;2071831.2500
175.6010;148.0000;0.0000;890.8960;2071840.3750
175.0868;149.2571;0.0000;893.8676;2071849.5000
174.0868;149.7713;0.0000;892.3818;2071858.6250
172.8297;150.2855;0.0000;891.6389;2071867.5000
171.8297;151.5426;0.0000;893.8676;2071876.6250
171.3155;152.0568;0.0000;890.4103;2071885.5000
170.0584;152.5710;0.0000;894.6389;2071894.6250
169.0584;152.8281;0.0000;894.1248;2071903.5000
168.0584;154.0852;0.0000;889.6674;2071912.6250
166.8013;154.5994;0.0000;892.6673;2071921.5000
165.8013;155.8565;0.0000;893.8676;2071930.6250
164.5442;156.3707;0.0000;891.6389;2071939.5000
163.5442;156.8849;0.0000;894.6105;2071948.6250
162.0584;158.1420;0.0000;891.3818;2071957.5000
161.0584;158.6561;0.0000;891.3818;2071966.6250
160.0584;159.9132;0.0000;893.3534;2071975.5000
159.3155;160.4274;0.0000;889.3818;2071984.6250
158.5726;161.9416;0.0000;891.6105;2071993.5000
157.5726;162.4558;0.0000;896.0679;2072002.6250
156.8297;163.7129;0.0000;889.1531;2072011.5000
155.8297;164.2271;0.0000;891.6105;2072020.6250
155.0868;165.7413;0.0000;893.8960;2072029.7500
154.0868;166.2555;0.0000;888.8960;2072038.6250
153.3439;167.5126;0.0000;892.8392;2072047.7500
152.6010;168.2839;0.0000;889.1248;2072056.6250
152.3439;169.5410;0.0000;888.1248;2072065.7500
151.6010;170.0552;3.0852;892.3534;2072074.6250
150.8581;171.5694;0.0000;888.6389;2072083.7500
150.1152;172.8265;0.0000;887.3251;2072092.6250
149.3723;173.3407;0.0000;890.8108;2072101.7500
148.6293;174.8549;0.0000;883.5822;2072110.6250
148.8864;175.3691;0.0000;889.8109;2072119.7500
148.1436;176.6262;0.0000;890.7541;2072128.5000
147.6577;177.3975;0.0000;887.0396;2072137.6250
147.9148;178.9117;0.0000;890.0396;2072146.5000
147.4290;179.4258;0.0000;887.7825;2072155.6250
147.4290;180.9400;0.0000;887.0396;2072164.5000
146.9432;181.7113;0.0000;887.7825;2072173.6250
147.2003;182.9684;0.0000;888.2966;2072182.5000
146.7145;183.7397;0.0000;887.7825;2072191.6250
146.9716;185.2539;3.0852;890.7541;2072200.5000
146.4858;186.7681;0.0000;882.5822;2072209.6250
146.7429;187.2823;3.0852;887.0396;2072218.5000
146.2571;188.7965;3.0852;890.7541;2072227.6250
146.5142;190.3107;0.0000;885.5538;2072236.5000
146.0284;190.8249;0.0000;887.7825;2072245.6250
146.5426;192.3391;0.0000;887.7825;2072254.5000
146.0568;193.5962;0.0000;887.0396;2072263.6250
146.3139;195.1104;0.0000;890.0112;2072272.5000
146.0852;196.3675;0.0000;887.7825;2072281.6250
145.5994;197.8817;0.0000;887.7825;2072290.5000
145.8565;199.1388;0.0000;890.2682;2072299.6250
145.6278;200.6530;0.0000;885.5538;2072308.5000
145.8849;202.9101;0.0000;890.0112;2072317.6250
146.1420;204.1672;0.0000;890.0112;2072326.5000
145.9132;204.9384;0.0000;885.8109;2072335.6250
146.1703;206.1956;0.0000;891.7825;2072344.5000
145.9416;207.4527;0.0000;887.7825;2072353.6250
146.4558;208.7097;0.0000;884.8392;2072362.5000
146.9700;209.9669;0.0000;890.0396;2072371.6250
146.9984;211.2239;3.0852;888.5254;2072380.5000
147.5126;212.4810;0.0000;887.7825;2072389.6250
147.2839;213.7381;0.0000;888.7825;2072398.5000
148.0552;214.9952;3.0852;887.0396;2072407.6250
148.5694;216.2523;0.0000;888.5254;2072416.5000
149.3407;217.9952;0.0000;890.2682;2072425.6250
149.8549;219.2523;0.0000;884.8109;2072434.5000
150.3691;220.5094;0.0000;887.7825;2072443.6250
150.1404;221.5094;0.0000;889.2682;2072452.7500
150.6546;222.7665;0.0000;886.5822;2072461.6250
151.1687;224.5094;0.0000;890.0112;2072470.7500
151.6830;225.5094;0.0000;887.0680;2072479.6250
152.1971;226.7665;0.0000;885.5538;2072488.7500
152.7113;228.5094;0.0000;888.5254;2072497.6250
152.4826;229.5094;0.0000;885.0679;2072506.7500
152.9968;231.5094;0.0000;887.7825;2072515.6250
153.5110;232.5094;0.0000;889.2682;2072524.7500
154.2823;233.5094;0.0000;884.0964;2072533.5000
154.7965;235.2523;8.9148;886.3251;2072542.6250
155.3107;236.5094;0.0000;887.0680;2072551.5000
155.8249;237.5094;0.0000;875.1815;2072560.6250
156.3391;238.5094;0.0000;876.6389;2072569.5000
156.8533;239.5094;0.0000;873.9244;2072578.6250
157.6246;240.5094;0.0000;874.9244;2072587.5000
158.1388;242.2523;0.0000;875.4102;2072596.6250
158.6530;243.2523;0.0000;873.6957;2072605.5000
159.1672;244.2523;0.0000;875.9528;2072614.6250
160.4243;245.2523;0.0000;879.3818;2072623.5000
161.1956;246.2523;0.0000;871.9528;2072632.6250
161.7097;247.9952;0.0000;876.1531;2072641.5000
162.4810;248.7381;0.0000;878.6389;2072650.6250
163.7381;249.7381;0.0000;874.9244;2072659.5000
164.5094;251.4810;0.0000;876.8960;2072668.6250
165.7665;252.4810;0.0000;876.4102;2072677.5000
166.2807;253.9669;0.0000;874.1815;2072686.6250
167.0520;254.9669;0.0000;877.8960;2072695.5000
168.3091;256.7097;3.0852;879.3818;2072704.6250
168.8233;257.4526;0.0000;877.1531;2072713.5000
170.3375;258.4526;0.0000;880.8677;2072722.6250
170.8517;259.9384;0.0000;874.1815;2072731.5000
172.1088;260.9385;0.0000;878.1531;2072740.6250
172.8801;262.6813;0.0000;881.1248;2072749.5000
174.1372;263.4243;3.0852;875.1815;2072758.6250
175.6514;264.4243;0.0000;879.6389;2072768.2500
176.4227;265.9101;0.0000;878.1531;2072777.3750
177.6798;266.9101;0.0000;877.6673;2072786.2500
178.4510;267.6530;0.0000;879.8960;2072795.3750
179.7081;269.1388;0.0000;879.9244;2072804.2500
180.4794;269.8817;0.0000;880.4102;2072813.3750
180.9936;270.6246;0.0000;882.1248;2072822.2500
182.5078;271.3675;0.0000;877.4102;2072831.3750
183.0220;272.1104;0.0000;880.8960;2072840.2500
184.5362;272.8533;0.0000;882.3818;2072849.3750
185.0504;273.5962;0.0000;878.1815;2072858.5000
186.3075;274.3391;3.0852;881.8677;2072867.3750
187.0788;275.0820;0.0000;881.3818;2072876.5000
188.3359;275.8249;0.0000;879.6389;2072885.3750
188.8501;276.5678;0.0000;884.3535;2072894.3750
190.3643;277.3107;0.0000;879.6389;2072903.2500
190.8785;278.0536;0.0000;880.8960;2072912.3750
192.1356;278.7965;0.0000;882.1248;2072921.2500
193.6498;279.5394;0.0000;878.4102;2072930.3750
194.1640;279.5394;0.0000;882.3818;2072939.2500
195.4211;280.2823;0.0000;885.1248;2072948.3750
196.6782;281.0252;0.0000;881.1531;2072957.2500
198.1924;280.7681;0.0000;884.3535;2072966.3750
199.4495;281.5110;0.0000;885.8392;2072975.2500
200.7066;281.5110;0.0000;884.6105;2072984.3750
202.2208;282.2539;0.0000;887.0963;2072993.2500
203.4778;282.7397;0.0000;883.8676;2073002.3750
204.7350;282.7397;0.0000;884.8677;2073011.2500
205.9921;283.2255;0.0000;887.0963;2073020.3750
207.2491;283.9684;0.0000;884.8677;2073029.2500
208.5063;283.7113;0.0000;885.1248;2073038.3750
209.7633;284.4542;0.0000;889.3251;2073047.2500
211.0204;284.1971;0.0000;884.1248;2073056.3750
212.2775;284.6830;0.0000;888.8392;2073065.2500
214.2775;284.6830;0.0000;888.8392;2073074.3750
215.5346;284.4258;0.0000;885.8676;2073083.2500
216.7917;284.9117;0.0000;889.5822;2073092.3750
218.7917;284.6545;0.0000;887.0963;2073101.2500
220.0488;284.3975;0.0000;890.8676;2073110.3750
222.0488;284.1404;0.0000;891.0679;2073119.2500
223.5630;284.6262;0.0000;888.3535;2073128.3750
225.0772;284.1120;0.0000;890.0963;2073137.5000
227.0772;283.8549;0.0000;895.2966;2073146.6250
228.5914;283.3407;0.0000;887.8677;2073155.5000
230.1056;283.8265;0.0000;891.8392;2073164.6250
231.3627;283.3123;0.0000;895.0396;2073173.5000
232.8769;283.0552;0.0000;891.0964;2073182.6250
234.1340;283.2839;0.0000;894.5822;2073191.5000
235.6482;282.7697;0.0000;891.3535;2073200.6250
236.9053;282.5126;0.0000;890.6105;2073209.7500
238.1624;282.7413;0.0000;893.8392;2073218.6250
239.6766;282.4842;0.0000;893.3534;2073227.7500
240.9337;281.9700;3.0852;892.3818;2073236.6250
242.4479;282.4558;0.0000;897.3251;2073245.7500
243.7050;281.9416;0.0000;891.3818;2073254.6250
244.4763;281.4274;3.0852;896.8392;2073263.7500
245.9904;281.6561;0.0000;897.5822;2073272.6250
247.2476;280.8849;0.0000;893.8676;2073281.7500
248.0188;280.3707;0.0000;897.6105;2073290.6250
249.5331;279.8564;0.0000;897.6105;2073299.7500
251.0472;279.8281;0.0000;895.3818;2073308.5000
252.5614;279.3139;0.0000;897.6105;2073317.6250
254.0756;278.7997;0.0000;896.1248;2073326.5000
255.3327;278.7713;0.0000;898.6105;2073335.6250
256.8469;278.2571;0.0000;901.3251;2073344.5000
258.3611;277.4858;0.0000;896.6389;2073353.6250
259.8753;276.7145;0.0000;901.0963;2073362.5000
261.1324;276.9432;0.0000;903.3251;2073371.6250
261.9037;276.1719;0.0000;900.6389;2073380.5000
263.1608;275.4006;0.0000;904.0963;2073389.6250
264.6750;274.6294;0.0000;905.3250;2073398.5000
266.1892;274.1152;0.0000;905.0964;2073407.6250
268.1892;273.3439;0.0000;908.8109;2073416.5000
269.4463;273.3155;0.0000;908.3818;2073425.6250
270.7034;272.8013;0.0000;908.3535;2073434.5000
271.9605;272.0300;0.0000;910.6105;2073443.6250
272.9605;271.2587;0.0000;907.9244;2073452.5000
273.9605;270.4874;0.0000;909.1248;2073461.6250
275.2176;269.7161;0.0000;912.8392;2073470.5000
276.2176;269.6877;0.0000;908.1531;2073479.6250
277.2176;268.9164;0.0000;913.6105;2073488.5000
278.2176;268.4023;0.0000;914.3534;2073497.6250
279.2176;267.6310;0.0000;913.1248;2073506.5000
279.9605;266.8596;0.0000;918.1247;2073515.6250
280.9605;265.8313;0.0000;916.6105;2073524.5000
281.9605;265.0600;0.0000;916.6105;2073533.6250
282.7034;264.2887;0.0000;920.3534;2073542.5000
284.1892;263.5174;0.0000;916.8960;2073551.6250
284.9321;263.0032;3.0852;921.6105;2073560.5000
285.6750;262.9748;3.0852;925.6105;2073569.6250
286.4179;262.4606;0.0000;922.4102;2073578.5000
286.9037;261.6893;0.0000;924.1248;2073587.6250
287.3895;260.9180;0.0000;920.2683;2073596.5000
287.8753;260.4038;0.0000;923.6957;2073605.6250
288.3611;259.6325;0.0000;928.9244;2073614.5000
288.8469;258.8613;0.0000;927.4670;2073623.6250
289.0756;258.0900;0.0000;927.4670;2073632.7500
289.5614;257.5758;0.0000;929.7241;2073641.6250
290.7902;256.0616;0.0000;928.7241;2073650.7500
290.2759;255.2903;0.0000;931.2383;2073659.6250
291.5047;254.5190;0.0000;931.2098;2073668.7500
291.7333;253.7477;0.0000;927.7525;2073677.6250
291.9621;252.9764;0.0000;930.4670;2073686.7500
292.1908;251.4622;0.0000;933.4386;2073695.6250
292.6766;250.4338;0.0000;929.2383;2073704.7500
292.9053;249.6625;0.0000;933.6957;2073713.5000
293.1340;248.1483;0.0000;933.4386;2073722.6250
293.3627;247.3770;0.0000;931.9528;2073731.5000
294.3343;246.6057;0.0000;935.4386;2073740.6250
294.5630;245.0915;0.0000;933.6957;2073749.5000
294.7917;244.0632;0.0000;936.6673;2073758.6250
295.7633;242.5490;0.0000;937.6673;2073767.5000
295.9921;241.7777;0.0000;931.9528;2073776.6250
296.7065;240.0064;0.0000;935.4386;2073785.5000
296.9353;239.2351;0.0000;939.1815;2073794.6250
297.1640;237.7209;0.0000;934.9528;2073803.5000
298.1356;236.9496;0.0000;937.1815;2073812.6250
298.1072;235.4354;0.0000;935.9244;2073821.5000
298.3359;234.6641;0.0000;933.6957;2073830.6250
299.0504;233.1499;0.0000;936.9244;2073839.5000
299.0220;232.3786;0.0000;934.9244;2073848.6250
298.9937;230.8644;0.0000;934.1815;2073857.5000
299.7082;229.3502;0.0000;939.8960;2073866.6250
299.4227;228.8360;3.0852;930.4670;2073875.5000
299.3943;227.3218;0.0000;936.6673;2073884.6250
300.1088;226.8076;0.0000;937.8960;2073893.5000
299.8233;225.2934;0.0000;934.9244;2073902.6250
299.7949;224.5222;0.0000;937.8960;2073911.5000
300.2523;223.2651;0.0000;936.1531;2073920.6250
299.9669;222.4938;0.0000;937.1531;2073929.5000
299.6813;221.2367;0.0000;940.1248;2073938.6250
300.1388;220.4654;0.0000;936.1531;2073947.5000
299.8533;219.2083;0.0000;938.8676;2073956.6250
300.3107;218.6941;0.0000;940.6389;2073965.5000
299.7681;217.1799;0.0000;934.1531;2073974.6250
299.4826;216.6657;0.0000;936.8960;2073983.5000
298.9400;215.4086;0.0000;937.5537;2073992.6250
298.6545;214.8944;0.0000;936.4102;2074001.5000
298.1120;213.6373;0.0000;939.8676;2074010.6250
297.5694;213.1231;0.0000;938.8961;2074019.5000
297.7697;211.8660;0.0000;937.1248;2074028.6250
297.2271;211.6089;0.0000;939.3534;2074037.7500
296.6845;210.3518;0.0000;937.0964;2074046.6250
295.8849;209.3518;0.0000;938.8392;2074056.5000
295.0852;209.0947;0.0000;940.8392;2074065.3750
294.2855;208.0947;0.0000;934.8960;2074074.3750
293.4858;207.0947;0.0000;938.6105;2074083.2500
292.9432;206.8376;0.0000;942.5538;2074092.3750
292.1436;206.0947;0.0000;938.8392;2074101.2500
291.3439;205.0947;0.0000;940.8392;2074110.3750
289.8013;204.3518;0.0000;944.0964;2074119.2500
289.0016;203.3518;0.0000;940.0680;2074128.3750
288.2019;202.6089;0.0000;943.2966;2074137.2500
287.1451;201.8660;0.0000;941.8109;2074146.3750
287.0884;201.1231;0.0000;943.8108;2074155.2500
286.0316;199.6373;0.0000;943.0680;2074164.3750
284.9748;198.8944;0.0000;940.3251;2074173.2500
284.1751;198.1515;0.0000;942.5538;2074182.3750
283.3754;197.4086;0.0000;945.3251;2074191.2500
282.5757;196.6657;0.0000;940.0963;2074200.3750
281.5190;196.1799;0.0000;942.5538;2074209.2500
280.7193;195.4370;0.0000;943.5254;2074218.3750
279.9196;194.2083;0.0000;939.5538;2074227.2500
278.6341;193.7225;0.0000;945.2966;2074236.3750
277.8344;193.2367;0.0000;943.0396;2074245.2500
277.7776;192.0080;0.0000;940.5537;2074254.3750
276.9780;191.5222;0.0000;942.7825;2074263.2500
276.4354;190.5506;0.0000;939.5822;2074272.3750
276.3786;189.5789;0.0000;940.5537;2074281.2500
275.8360;188.3502;0.0000;942.7825;2074290.3750
275.2935;188.1215;0.0000;936.8392;2074299.2500
274.7509;187.1499;0.0000;942.0396;2074308.3750
273.9512;186.9212;0.0000;942.7825;2074317.2500
272.6657;186.2067;0.0000;937.3250;2074326.3750
272.1231;185.9780;0.0000;942.0396;2074335.2500
271.3234;185.2635;0.0000;939.2967;2074344.3750
270.7809;184.2919;0.0000;939.2967;2074353.2500
270.7241;183.5773;0.0000;939.5538;2074362.3750
270.1815;182.8628;0.0000;935.5822;2074371.2500
270.6389;181.8912;8.9148;938.0679;2074380.3750
270.3534;181.9196;0.0000;941.2966;2074389.2500
270.3250;181.2051;3.0852;933.2966;2074398.3750
270.0396;180.4906;3.0852;937.0679;2074407.2500
269.7541;179.5190;0.0000;920.7809;2074416.3750
269.7257;179.0616;0.0000;947.7256;2074425.7500
268.9544;179.0900;0.0000;950.9543;2074434.6250
269.1831;178.3754;0.0000;950.9543;2074443.7500
268.6689;177.9180;0.0000;950.6973;2074452.6250
268.8976;177.4606;0.0000;953.1831;2074461.7500
269.1263;177.0032;0.0000;950.9543;2074470.6250
269.3550;176.5458;0.0000;950.9543;2074479.7500
269.8408;176.3455;0.0000;956.4118;2074488.5000
270.3266;175.1451;3.0852;949.7540;2074497.6250
270.5553;174.6877;0.0000;952.9544;2074506.5000
270.2982;174.4874;0.0000;957.1831;2074515.6250
270.7840;174.0300;0.0000;951.2399;2074524.5000
270.7840;172.8297;0.0000;953.9828;2074533.6250
270.5269;172.3723;0.0000;954.2114;2074542.5000
270.5269;171.9148;0.0000;952.2683;2074551.6250
270.5269;171.7145;0.0000;954.2114;2074560.5000
270.5269;171.2571;0.0000;952.4969;2074569.6250
270.0411;171.0568;0.0000;953.7257;2074578.5000
270.2982;170.5994;0.0000;954.4686;2074587.6250
269.8124;170.3990;0.0000;949.2967;2074596.5000
270.0695;169.4558;0.0000;951.2399;2074605.6250
269.5837;169.2555;0.0000;951.9828;2074614.5000
269.3550;169.0552;0.0000;946.0112;2074623.6250
268.8692;168.5978;0.0000;949.7540;2074632.5000
268.6405;168.3975;0.0000;949.4686;2074641.6250
268.4118;167.4542;0.0000;944.4402;2074650.5000
268.1831;167.2539;0.0000;949.4402;2074659.6250
267.9544;167.0536;0.0000;946.4402;2074668.5000
266.9828;166.8533;0.0000;944.7256;2074677.6250
267.0111;166.9101;0.0000;943.9543;2074686.5000
266.0395;166.7097;3.0852;940.9828;2074695.6250
265.0679;167.2523;0.0000;941.2399;2074704.5000
264.0963;167.0520;0.0000;943.4686;2074713.6250
263.1247;167.5946;0.0000;939.7541;2074722.5000
262.1531;167.3943;0.0000;944.2683;2074731.6250
262.1815;167.9369;0.0000;944.2399;2074740.5000
261.4670;168.4794;0.0000;940.2682;2074749.6250
260.7524;168.2791;0.0000;944.2399;2074758.5000
260.0379;168.5646;0.0000;943.2399;2074767.6250
260.3234;169.1072;0.0000;941.7540;2074776.5000
259.6089;168.9069;3.0852;945.2399;2074785.6250
259.8944;169.4495;0.0000;939.8109;2074794.5000
259.4370;169.7350;0.0000;943.4969;2074803.6250
258.9796;169.5346;0.0000;945.9828;2074812.7500
258.2651;169.8201;0.0000;940.0396;2074821.6250
258.5505;170.1056;0.0000;944.7825;2074830.7500
258.0931;170.6482;0.0000;945.0112;2074839.6250
257.6357;170.9337;0.0000;941.2683;2074848.7500
257.1783;171.4763;0.0000;944.4970;2074857.6250
257.4638;171.7617;0.0000;944.2683;2074866.7500
257.7493;172.0472;3.0852;944.0112;2074875.6250
257.5490;172.3327;3.0852;946.2399;2074884.7500
257.8344;172.6182;6.1703;943.7541;2074893.5000
257.6341;172.6466;0.0000;945.9828;2074902.6250
258.1767;172.6750;0.0000;948.4686;2074911.5000
258.2335;172.7034;0.0000;942.0396;2074920.6250
258.2903;172.4747;0.0000;944.7541;2074929.5000
258.3470;171.5031;0.0000;948.9828;2074938.6250
259.1467;171.2744;0.0000;942.7825;2074947.5000
258.4606;171.0457;0.0000;945.7540;2074956.6250
259.5174;170.8169;0.0000;944.5254;2074965.5000
259.5742;170.3311;0.0000;943.2966;2074974.6250
259.8881;170.1024;0.0000;947.0112;2074983.5000
259.9448;169.8737;0.0000;944.5254;2074992.6250
260.2587;168.6450;0.0000;944.7825;2075001.5000
261.3155;168.4163;0.0000;947.6973;2075010.6250
261.6294;167.9305;0.0000;940.3251;2075019.5000
262.6861;167.4447;0.0000;943.2966;2075028.6250
263.7429;166.9589;3.0852;946.7825;2075037.5000
264.3139;166.2160;0.0000;942.5822;2075046.6250
265.3707;165.7302;0.0000;945.5538;2075055.5000
265.9417;164.9873;0.0000;943.5822;2075064.6250
267.2555;164.9873;0.0000;941.3535;2075073.5000
267.8265;164.5015;0.0000;944.5822;2075082.6250
268.3975;163.7586;0.0000;943.6105;2075091.5000
269.7113;163.5015;0.0000;943.3535;2075100.6250
270.2823;162.7586;0.0000;947.5822;2075109.5000
270.5962;162.0157;0.0000;939.8960;2075118.6250
271.1672;161.0157;0.0000;943.1247;2075127.5000
271.7381;160.7586;0.0000;944.8677;2075136.6250
272.3091;159.7586;0.0000;938.6105;2075145.5000
272.6230;159.2444;3.0852;942.6674;2075154.6250
273.4510;158.9873;0.0000;941.6673;2075163.5000
273.0220;158.4731;0.0000;938.6957;2075172.6250
273.5930;157.2160;0.0000;941.6673;2075181.5000
273.1640;156.7018;0.0000;941.6957;2075190.6250
272.7350;156.1876;0.0000;938.9811;2075199.5000
271.8201;155.6734;0.0000;942.4386;2075208.6250
271.3911;154.9021;3.0852;937.9812;2075217.7500
270.9621;154.3879;0.0000;940.9812;2075226.6250
271.2759;153.6166;0.0000;941.6957;2075235.7500
270.8469;153.1024;0.0000;938.2383;2075244.6250
271.4179;153.0740;0.0000;942.2098;2075253.7500
271.7318;152.3027;0.0000;942.4670;2075262.6250
271.0457;151.7885;0.0000;939.4954;2075271.7500
271.3595;151.0173;0.0000;943.7241;2075280.6250
270.9305;150.2460;0.0000;941.0096;2075289.7500
270.9873;149.4747;0.0000;940.0095;2075298.6250
270.3011;148.7034;0.0000;943.2383;2075307.6250
270.3579;147.9321;0.0000;939.7809;2075316.5000
269.4147;147.1608;0.0000;941.2667;2075325.6250
269.2144;146.3895;0.0000;943.7524;2075334.5000
268.0141;146.3611;0.0000;939.8376;2075344.3750
267.5567;145.5898;0.0000;943.0380;2075353.2500
267.0992;144.5614;0.0000;944.2951;2075362.3750
266.3847;143.7901;0.0000;940.5806;2075371.2500
265.6702;143.5046;0.0000;945.0380;2075380.3750
264.6986;142.7334;0.0000;941.8376;2075389.2500
263.7270;141.7050;0.0000;941.3518;2075398.3750
262.7554;140.6766;0.0000;946.3234;2075407.2500
261.7838;139.6482;0.0000;943.1232;2075416.3750
260.8122;138.8769;0.0000;944.8660;2075425.2500
259.8406;138.5914;0.0000;948.6373;2075434.3750
258.6118;137.5630;0.0000;942.6942;2075443.2500
257.6402;137.2775;0.0000;942.6373;2075452.3750
256.6686;136.2491;0.0000;947.6089;2075461.2500
254.6970;135.9637;0.0000;942.4370;2075470.3750
253.7254;134.9353;0.0000;946.3802;2075479.2500
252.4967;134.6498;0.0000;945.6657;2075488.3750
250.5251;134.3643;0.0000;944.1516;2075497.2500
249.2964;134.0788;0.0000;945.8944;2075506.3750
247.8106;133.7933;0.0000;948.9229;2075515.2500
245.5819;132.7649;0.0000;945.6657;2075524.3750
244.0961;132.4794;0.0000;950.6373;2075533.2500
242.6103;132.4510;0.0000;944.9512;2075542.3750
241.1245;132.4227;0.0000;948.4370;2075551.2500
238.8957;132.1372;0.0000;950.9228;2075560.3750
237.4099;132.1088;0.0000;948.2083;2075569.2500
235.1812;132.0804;0.0000;950.9512;2075578.3750
233.4383;132.0520;0.0000;951.7509;2075587.2500
231.2096;132.0236;0.0000;948.7509;2075596.3750
229.4667;132.2523;3.0852;955.0080;2075605.2500
226.9809;132.2239;3.0852;952.4938;2075614.3750
225.4951;132.9384;0.0000;951.4370;2075623.5000
223.7522;133.1672;0.0000;955.4654;2075632.3750
222.2664;133.3959;0.0000;947.4086;2075641.5000
220.5235;134.1104;0.0000;956.0648;2075650.3750
218.0377;134.3391;0.0000;960.0648;2075659.5000
216.5519;135.3107;0.0000;956.6073;2075668.2500
214.8090;135.5394;0.0000;960.0931;2075677.3750
214.0661;135.7681;0.0000;960.3219;2075686.2500
213.0661;135.9968;0.0000;958.6074;2075695.3750
212.0661;136.4826;0.0000;962.0931;2075704.2500
212.0661;136.7113;0.0000;961.8928;2075713.6250
211.0661;137.1971;0.0000;960.6073;2075722.5000
210.3232;137.6830;0.0000;963.8361;2075731.6250
209.3232;138.1687;0.0000;960.3787;2075740.5000
208.5803;139.3975;0.0000;962.6074;2075749.6250
207.5803;140.8833;0.0000;964.5790;2075758.5000
206.8374;142.1120;0.0000;960.6073;2075767.6250
205.3516;142.8549;0.0000;960.0079;2075776.5000
204.6087;145.0836;0.0000;953.0380;2075785.6250
203.1228;146.5694;0.0000;934.0979;2075794.5000
202.3799;148.0552;0.0000;910.5885;2075803.6250
201.8942;149.5410;0.0000;875.9656;2075812.5000
200.4084;151.0268;0.0000;756.1865;2075821.6250
63.1467;106.2351;0.0000;748.1030;1009184.9375
62.4038;108.4638;0.0000;745.1313;1009191.6250
61.6609;109.9496;0.0000;748.1030;1009198.3125
60.9180;111.4354;0.0000;748.8459;1009205.0000
59.4322;113.6641;0.0000;745.8743;1009211.6875
58.6893;115.1499;0.0000;747.3600;1009218.3750
57.2035;116.6357;0.0000;748.1030;1009225.0625
56.4606;118.1215;0.0000;745.8743;1009231.7500
55.7177;119.6073;0.0000;748.8459;1009238.4375
54.9748;120.3502;0.0000;746.6171;1009245.1250
54.9748;121.8360;0.0000;745.1313;1009251.8125
54.2319;123.3218;0.0000;748.1030;1009258.5000
53.4890;124.8076;0.0000;745.1313;1009265.1875
53.4890;126.2934;0.0000;744.3884;1009271.8750
53.4890;127.7793;0.0000;747.3600;1009278.5625
52.7461;129.2651;0.0000;743.6456;1009285.2500
52.7461;131.4938;0.0000;747.3600;1009291.9375
52.0032;132.9796;0.0000;745.8743;1009298.6250
51.2603;135.2083;0.0000;744.3884;1009305.3125
50.5174;136.6941;0.0000;748.1030;1009312.0000
50.5174;138.9228;0.0000;746.6171;1009318.6875
50.5174;140.4086;0.0000;743.6456;1009325.3750
49.7745;142.6373;0.0000;746.6171;1009332.0625
49.0316;144.1231;0.0000;741.4168;1009338.7500
49.0316;145.6089;0.0000;742.1597;1009345.4375
48.2887;147.8376;0.0000;745.8743;1009352.1250
48.2887;149.3234;8.9148;739.1881;1009358.8125
47.5458;150.8092;8.9148;743.6456;1009365.4375
47.5458;153.0379;0.0000;743.6456;1009372.1250
47.5458;154.5237;8.9148;729.5304;1009378.8125
47.5458;156.0096;0.0000;731.0162;1009385.5000
47.5458;158.2383;0.0000;728.0446;1009392.1875
47.5458;159.7241;0.0000;728.0446;1009398.8750
47.5458;161.2099;0.0000;732.5020;1009405.5625
47.5458;163.4386;0.0000;730.2733;1009412.2500
47.5458;164.9244;0.0000;730.2733;1009418.9375
47.5458;167.1531;0.0000;732.5020;1009425.6250
47.5458;168.6389;0.0000;725.8159;1009432.3125
47.5458;170.8676;0.0000;728.0446;1009439.0000
48.2887;172.3534;0.0000;733.2449;1009445.6875
48.2887;174.5821;0.0000;728.0446;1009452.3750
49.0316;176.8108;0.0000;728.7875;1009459.0625
49.0316;178.2966;0.0000;728.0446;1009465.7500
49.7745;180.5253;0.0000;725.8159;1009472.4375
50.5174;182.7540;0.0000;728.7875;1009479.1250
50.5174;184.2399;0.0000;728.7875;1009485.8125
51.2603;186.4686;0.0000;728.0446;1009492.5000
52.0032;188.6973;0.0000;730.2733;1009499.1875
52.7461;190.1831;0.0000;726.5588;1009505.8750
52.7461;192.4118;0.0000;728.0446;1009512.5625
53.4890;193.8976;0.0000;731.0162;1009519.2500
54.2319;195.3834;0.0000;725.8159;1009525.9375
55.7177;196.8692;0.0000;728.7875;1009532.6250
56.4606;198.3550;0.0000;728.7875;1009539.3125
57.9464;199.8408;0.0000;726.5588;1009546.0000
59.4322;201.3266;0.0000;730.2733;1009552.6875
60.1751;203.5553;0.0000;728.0446;1009559.3750
61.6609;205.0411;0.0000;728.7875;1009566.0625
63.1467;206.5269;0.0000;730.2733;1009572.7500
64.6325;208.0127;0.0000;726.5588;1009579.4375
66.1183;210.2414;0.0000;728.7875;1009586.1250
66.8612;211.7272;0.0000;731.7591;1009592.8125
68.3470;213.2131;0.0000;726.5588;1009599.5000
69.8328;214.6989;0.0000;729.5304;1009606.1875
70.5758;216.1847;0.0000;731.0162;1009612.8750
71.3186;217.6705;0.0000;729.5304;1009619.5625
72.0616;219.1563;0.0000;731.0162;1009626.2500
72.8045;220.6421;0.0000;730.2733;1009632.9375
73.5474;222.1279;0.0000;730.2733;1009639.6250
74.2903;223.6137;0.0000;732.5020;1009646.3125
75.0332;225.0995;0.0000;728.0446;1009653.0000
75.7761;226.5853;0.0000;725.0730;1009659.6875
77.2619;228.0711;0.0000;735.4736;1009666.3750
78.0048;228.8140;0.0000;731.7591;1009673.0000
78.7477;230.2998;0.0000;732.5020;1009679.6875
80.2335;231.0427;0.0000;733.2449;1009686.3750
80.9764;231.7856;0.0000;729.5304;1009693.0625
82.4622;233.2714;0.0000;733.2449;1009699.7500
83.2051;234.0143;0.0000;733.2449;1009706.4375
84.6909;235.5001;0.0000;731.0162;1009713.1250
85.4338;236.2430;0.0000;735.4736;1009719.8125
86.9196;236.9859;0.0000;732.5020;1009726.5000
88.4054;238.4717;0.0000;733.9878;1009733.1875
89.1483;239.2146;0.0000;737.7023;1009739.8750
90.6341;240.7005;0.0000;731.7591;1009746.5625
92.1199;241.4434;0.0000;735.4736;1009753.2500
93.6057;242.1863;0.0000;736.9594;1009759.9375
95.0915;242.9292;0.0000;733.9878;1009766.6250
96.5773;244.4150;0.0000;736.9594;1009773.3125
98.0631;245.1579;0.0000;738.4452;1009780.7500
99.5490;245.9008;0.0000;739.1881;1009787.4375
101.0348;245.9008;0.0000;739.1881;1009794.1250
102.5206;246.6437;0.0000;738.4452;1009800.8125
104.0064;247.3866;0.0000;739.1881;1009807.5000
104.7493;247.3866;0.0000;741.4168;1009814.1875
106.2351;248.1295;0.0000;736.9594;1009820.8750
107.7209;248.8724;0.0000;741.4168;1009827.5625
109.9496;248.8724;0.0000;742.9026;1009834.2500
111.4354;248.8724;0.0000;739.1881;1009840.9375
113.6641;249.6153;0.0000;743.6456;1009847.6250
115.8928;249.6153;0.0000;740.6740;1009854.3125
117.3786;249.6153;0.0000;742.1597;1009861.0000
119.6073;250.3582;0.0000;742.1597;1009867.6875
121.8360;250.3582;0.0000;742.1597;1009874.3750
124.0647;250.3582;0.0000;742.9026;1009881.0625
126.2934;251.1011;0.0000;745.8743;1009887.7500
129.2651;251.1011;0.0000;738.4452;1009894.4375
131.4938;251.8440;0.0000;745.8743;1009901.1250
133.7225;251.8440;0.0000;747.3600;1009907.8125
135.9512;251.8440;0.0000;741.4168;1009914.5000
138.1799;251.8440;0.0000;747.3600;1009921.1875
141.1515;251.8440;0.0000;745.8743;1009927.8750
143.3802;252.5869;0.0000;742.1597;1009934.5625
146.3518;252.5869;0.0000;746.6171;1009941.1875
148.5805;252.5869;0.0000;745.8743;1009947.8750
151.5521;252.5869;8.9148;745.8743;1009954.5625
153.7809;252.5869;0.0000;748.1030;1009961.2500
156.7525;252.5869;0.0000;745.8743;1009967.9375
158.9812;252.5869;8.9148;747.3600;1009974.6250
161.9528;252.5869;0.0000;748.8459;1009981.3125
164.9244;252.5869;0.0000;747.3600;1009988.0000
167.8960;252.5869;0.0000;749.5887;1009994.6875
170.8676;252.5869;0.0000;748.1030;1010001.3750
173.8392;252.5869;0.0000;748.1030;1010008.0625
176.8108;252.5869;0.0000;750.3317;1010014.7500
179.0395;252.5869;0.0000;747.3600;1010021.4375
182.0111;252.5869;0.0000;748.1030;1010028.1250
184.2399;252.5869;0.0000;749.5887;1010034.8125
187.2115;252.5869;0.0000;747.3600;1010041.5000
189.4402;252.5869;0.0000;750.3317;1010048.1875
191.6689;251.8440;0.0000;751.8174;1010054.8750
194.6405;251.8440;0.0000;748.1030;1010061.5625
196.8692;251.8440;0.0000;751.0746;1010068.2500
199.8408;251.1011;0.0000;753.3033;1010074.9375
202.8124;251.1011;0.0000;749.5887;1010081.6250
205.0411;251.1011;0.0000;754.0462;1010088.3125
208.0127;250.3582;0.0000;751.8174;1010095.0000
210.9843;250.3582;0.0000;751.0746;1010101.6875
213.2131;249.6153;0.0000;754.0462;1010108.3750
215.4418;249.6153;0.0000;750.3317;1010115.0625
218.4134;248.8724;0.0000;754.7891;1010121.7500
220.6421;248.8724;0.0000;756.2749;1010128.4375
222.8708;248.1295;0.0000;750.3317;1010135.1250
224.3566;247.3866;0.0000;754.7891;1010141.8125
226.5853;246.6437;0.0000;757.0178;1010148.5000
228.8140;245.9008;0.0000;757.0178;1010155.1875
230.2998;245.9008;0.0000;759.9894;1010161.8750
231.7856;245.1579;0.0000;759.9894;1010168.5625
233.2714;243.6721;0.0000;759.9894;1010175.2500
234.7572;242.9292;0.0000;759.9894;1010181.9375
236.2430;242.1863;0.0000;759.9894;1010188.6250
237.7289;241.4434;0.0000;759.9894;1010195.3125
239.9576;240.7005;0.0000;759.9894;1010202.0000
241.4434;239.9576;0.0000;759.9894;1010208.6875
242.9292;238.4717;0.0000;759.9894;1010215.3750
244.4150;237.7289;0.0000;759.9894;1010222.0625
245.9008;236.2430;0.0000;759.9894;1010228.7500
248.1295;234.7572;0.0000;759.9894;1010235.4375
249.6153;234.0143;0.0000;759.9894;1010242.0625
250.3582;232.5285;0.0000;759.9894;1010248.7500
251.8440;231.0427;0.0000;759.9894;1010255.4375
253.3298;229.5569;0.0000;759.9894;1010262.1250
255.5585;228.0711;0.0000;759.9894;1010268.8125
257.0443;226.5853;8.9148;759.9894;1010275.5000
258.5301;225.0995;0.0000;759.9894;1010282.1875
260.0159;223.6137;0.0000;759.9894;1010288.8750
260.7588;222.1279;0.0000;759.9894;1010295.5625
262.2446;220.6421;0.0000;759.9894;1010302.2500
262.9875;219.1563;0.0000;759.9894;1010308.9375
264.4733;217.6705;0.0000;759.9894;1010315.6250
265.2162;216.1847;0.0000;759.9894;1010322.3125
266.7021;214.6989;0.0000;759.9894;1010329.0000
267.4449;213.2131;0.0000;759.9894;1010335.6875
268.9308;211.7272;0.0000;759.9894;1010342.3750
269.6736;209.4986;0.0000;759.9894;1010349.0625
271.1595;208.0127;0.0000;759.9894;1010355.7500
271.9024;206.5269;0.0000;759.9894;1010362.4375
272.6453;205.0411;0.0000;759.9894;1010369.1250
273.3882;203.5553;0.0000;759.9894;1010375.8125
274.1311;202.0695;0.0000;759.9894;1010382.5000
274.8740;200.5837;0.0000;759.9894;1010389.1875
275.6169;199.0979;0.0000;759.9894;1010395.8750
276.3598;196.8692;0.0000;759.9894;1010402.5625
277.8456;195.3834;0.0000;759.9894;1010409.2500
279.3314;193.1547;0.0000;759.9894;1010415.9375
280.0743;190.9260;0.0000;759.9894;1010422.6250
281.5601;189.4402;0.0000;759.9894;1010429.3125
283.0459;187.2115;0.0000;759.9894;1010436.0000
283.7888;185.7257;0.0000;759.9894;1010442.6875
285.2746;183.4969;0.0000;759.9894;1010449.3750
286.0175;182.0111;0.0000;759.9894;1010456.0625
286.7604;180.5253;0.0000;759.9894;1010462.7500
287.5033;179.0395;0.0000;759.9894;1010469.4375
288.2462;177.5537;0.0000;759.9894;1010476.1250
288.9891;176.0679;0.0000;759.9894;1010482.8125
290.4749;173.8392;0.0000;759.9894;1010489.5000
291.2178;172.3534;0.0000;759.9894;1010496.1875
291.9607;170.8676;0.0000;759.9894;1010502.8750
293.4465;168.6389;0.0000;759.9894;1010509.5625
294.1895;167.1531;0.0000;759.9894;1010516.2500
295.6753;164.9244;0.0000;759.9894;1010522.9375
296.4182;163.4386;0.0000;759.9894;1010529.6250
297.9040;161.9528;0.0000;759.9894;1010536.3125
298.6469;160.4670;0.0000;759.9894;1010543.0000
299.3898;159.7241;0.0000;759.9894;1010549.6250
300.1327;158.9812;0.0000;759.9894;1010556.3125
300.8756;158.2383;0.0000;759.9894;1010563.0000
301.6185;157.4954;0.0000;759.9894;1010569.6875
302.3614;156.7525;8.9148;759.9894;1010576.3750
302.3614;156.0096;0.0000;759.9894;1010583.0625
303.1043;155.2666;8.9148;759.9894;1010589.7500
303.1043;154.5237;0.0000;759.9894;1010596.4375
303.1043;154.5237;0.0000;759.9894;1010603.1250
303.8472;153.7809;0.0000;759.9894;1010609.8125
303.8472;153.0379;0.0000;759.9894;1010616.5000
304.5901;152.2950;0.0000;759.9894;1010623.1875
305.3330;152.2950;0.0000;759.9894;1010629.8750
305.3330;151.5521;0.0000;759.9894;1010636.5625
306.0759;150.8092;0.0000;759.9894;1010643.2500
306.0759;150.0663;0.0000;759.9894;1010649.9375
306.8188;150.0663;0.0000;759.9894;1010656.6250
306.8188;149.3234;0.0000;759.9894;1010663.3125
306.8188;149.3234;0.0000;759.9894;1010670.0000
307.5617;148.5805;0.0000;759.9894;1010676.6875
307.5617;148.5805;0.0000;759.9894;1010683.3750
307.5617;148.5805;0.0000;759.9894;1010690.0625
308.3046;147.8376;0.0000;759.9894;1010696.7500
308.3046;147.8376;0.0000;759.9894;1010703.4375
308.3046;147.8376;0.0000;759.9894;1010710.1250
308.3046;147.8376;0.0000;759.9894;1010716.8125
308.3046;147.8376;0.0000;759.9894;1010723.5000
308.3046;147.8376;0.0000;759.9894;1010730.1875
308.3046;147.8376;0.0000;759.9894;1010737.6250
308.3046;148.5805;0.0000;719.1298;1010744.3125
308.3046;150.0663;0.0000;648.5540;1010751.0000
307.5617;151.5521;0.0000;522.2606;1010757.6875
306.0759;152.2950;8.9148;205.0411;1010764.3750
