200.3185;202.6815;0.0000;35.7158;0.0000
200.3185;202.6815;0.0000;94.5789;7.0000
200.3185;202.6815;0.0000;104.6680;14.0000
200.3185;202.6815;0.0000;120.4899;21.0000
200.3185;202.6815;0.0000;152.9557;28.0000
200.3185;202.6815;0.0000;179.1029;35.0000
200.3185;202.6815;0.0000;195.1543;42.0000
200.3185;202.6815;0.0000;210.6578;49.0000
200.3185;202.6815;0.0000;220.6646;56.0000
200.6370;202.6815;0.0000;231.7160;63.0000
200.6370;202.6815;0.0000;244.9009;70.6815
200.6370;202.6815;0.0000;252.3153;77.6815
200.9555;202.6815;0.0000;264.1818;84.6815
200.9555;202.6815;0.0000;270.7297;91.6815
201.2740;202.3630;0.0000;274.8256;98.6815
201.2740;202.3630;0.0000;282.0551;105.6815
201.5925;202.3630;0.0000;286.9660;112.6815
201.5925;202.0445;0.0000;291.1065;119.6815
201.5925;202.0445;0.0000;297.1064;126.6815
201.9110;202.0445;0.0000;297.9284;133.6815
201.9110;202.0445;0.0000;302.4763;141.0000
202.2295;201.7260;0.0000;305.1133;148.0000
202.2295;201.7260;0.0000;305.2537;155.0000
202.5480;201.4075;0.0000;308.8907;162.0000
202.5480;201.4075;0.0000;310.8907;169.0000
202.5480;201.4075;0.0000;309.7572;176.0000
202.8665;201.0891;0.0000;313.8017;183.0000
202.8665;200.7706;0.0000;314.1202;190.0000
202.8665;200.7706;0.0000;314.3496;197.0000
202.8665;200.4521;0.0000;315.7126;204.0000
202.8665;200.4521;0.0000;315.3051;211.0000
202.8665;200.1336;0.0000;316.5346;218.0000
202.8665;200.1336;0.0000;320.6236;225.0000
202.8665;200.1336;0.0000;318.1270;232.0000
202.8665;199.8151;0.0000;321.4456;239.0000
202.8665;199.8151;0.0000;320.8086;246.0000
202.8665;199.8151;0.0000;320.3565;253.0000
202.8665;199.4966;0.0000;323.0380;260.6815
202.8665;199.4966;0.0000;321.7195;267.6815
202.8665;199.1781;0.0000;320.9935;274.6815
202.8665;199.1781;0.0000;323.3565;281.6815
202.8665;199.1781;0.0000;322.2675;288.6815
202.8665;198.8596;0.0000;324.5414;295.6815
202.8665;198.8596;0.0000;327.6305;302.6815
202.5480;198.8596;0.0000;325.4969;309.6815
202.5480;198.5411;0.0000;327.1339;316.6815
202.5480;198.5411;0.0000;328.1784;324.0000
202.5480;198.5411;0.0000;327.7264;331.0000
202.5480;198.5411;0.0000;329.0894;338.0000
202.5480;198.2226;0.0000;330.8154;345.0000
202.5480;198.2226;0.0000;330.0449;352.0000
202.2295;198.2226;0.0000;332.7709;359.0000
202.2295;197.9041;0.0000;331.0449;366.0000
202.2295;197.9041;0.0000;331.0004;373.0000
202.2295;197.9041;0.0000;333.7264;380.0000
201.9110;197.9041;0.0000;331.9558;387.0000
201.9110;197.5856;0.0000;332.9113;394.0000
201.9110;197.5856;0.0000;334.6819;401.0000
201.5925;197.5856;0.0000;332.8223;408.0000
201.5925;197.5856;0.0000;335.6373;415.0000
201.5925;197.5856;0.0000;336.5928;422.0000
201.5925;197.2671;0.0000;334.1853;429.0000
201.2740;197.2671;0.0000;336.9113;436.0000
201.2740;197.2671;0.0000;334.8668;443.6815
201.2740;197.2671;0.0000;334.1408;450.6815
201.2740;197.2671;0.0000;335.5038;457.6815
201.2740;197.2671;0.0000;333.4147;464.6815
200.9555;196.9486;0.0000;334.7332;471.6815
200.9555;196.9486;0.0000;335.1408;478.6815
200.6370;196.9486;0.0000;334.0072;485.6815
200.6370;196.9486;0.0000;336.4148;492.6815
200.3185;196.9486;0.0000;336.7778;499.6815
200.3185;196.9486;0.0000;335.0072;506.6815
200.3185;196.9486;0.0000;337.6887;514.0000
200.0000;196.9486;0.0000;337.6887;521.0000
200.0000;196.6301;0.0000;336.9182;528.0000
199.6815;196.6301;0.0000;339.3257;535.0000
199.6815;195.9486;0.0000;338.2367;542.0000
199.6815;195.9486;0.0000;339.8737;549.0000
199.3630;195.9486;0.0000;341.9627;556.0000
199.3630;195.9486;0.0000;338.8291;563.0000
199.3630;195.6301;0.0000;341.1922;570.0000
199.0445;195.6301;0.0000;342.5997;577.0000
199.0445;195.6301;0.0000;339.4661;584.0000
198.7260;195.6301;0.0000;341.1476;591.0000
198.7260;195.6301;0.0000;341.5107;598.0000
198.4075;195.6301;0.0000;341.1031;605.0000
198.4075;195.6301;0.0000;342.5107;612.0000
198.0891;195.6301;0.0000;341.1031;619.0000
198.0891;195.6301;0.0000;344.0586;626.6815
198.0891;196.3116;0.0000;347.1922;633.6815
197.7706;196.3116;0.0000;347.1922;640.6815
197.7706;196.3116;0.0000;352.5552;647.6815
197.7706;196.3116;0.0000;354.3257;654.6815
197.4521;196.3116;0.0000;352.5552;661.6815
197.4521;196.3116;0.0000;354.3257;668.6815
197.4521;196.3116;0.0000;355.6442;675.6815
197.1336;196.3116;0.0000;356.5997;682.6815
197.1336;196.3116;0.0000;359.0963;689.6815
196.8151;196.3116;0.0000;358.3702;697.0000
196.8151;196.3116;0.0000;360.3257;704.0000
196.8151;196.3116;0.0000;362.7778;711.0000
196.4966;196.3116;0.0000;361.3702;718.0000
196.4966;196.3116;0.0000;362.0518;725.0000
196.1781;196.6301;0.0000;364.1408;732.0000
196.1781;196.6301;0.0000;363.0517;739.0000
196.1781;196.6301;0.0000;366.0963;746.0000
195.8596;196.6301;0.0000;365.4593;753.0001
195.8596;196.6301;0.0000;363.0517;760.0000
195.5411;195.9486;0.0000;367.4593;767.0001
196.2226;195.9486;0.0000;367.0963;774.0000
196.2226;195.9486;0.0000;366.6887;781.0000
195.9041;195.9486;0.0000;367.7778;788.0000
195.9041;195.9486;0.0000;366.0518;795.0000
195.9041;195.9486;0.0000;368.3257;802.0001
195.2226;195.9486;0.0000;364.3257;809.0000
195.2226;195.9486;0.0000;355.0141;816.6815
194.9041;195.9486;0.0000;349.1990;823.6815
194.9041;195.9486;0.0000;335.6134;830.6815
194.5856;195.9486;0.0000;317.1682;837.6815
194.5856;196.2671;0.0000;284.4559;844.6815
193.9041;195.5856;0.0000;255.1957;1080.6676
193.9041;195.5856;0.0000;259.1066;1087.6677
193.9041;195.5856;0.0000;263.3737;1094.6676
193.5856;195.5856;0.0000;268.4628;1101.6677
193.5856;195.9041;0.0000;269.7368;1108.9861
193.2671;195.9041;0.0000;268.7813;1115.9861
193.2671;196.2226;0.0000;282.0039;1122.9862
193.2671;196.2226;0.0000;295.6340;1129.9861
192.9486;196.2226;0.0000;307.3087;1136.9861
192.9486;196.5411;0.0000;322.5312;1143.9861
193.3116;196.5411;0.0000;326.3018;1151.6677
193.3116;196.5411;0.0000;330.3908;1158.6676
193.3116;196.5411;0.0000;332.7093;1165.6677
193.3116;196.8596;0.0000;331.7538;1172.6676
192.9931;196.8596;0.0000;336.1614;1179.6676
192.9931;196.8596;0.0000;337.4799;1186.6677
192.6747;196.8596;0.0000;337.8874;1193.6676
192.6747;197.1781;0.0000;344.2949;1200.6677
192.6747;197.1781;0.0000;343.6134;1207.6676
192.6747;197.1781;0.0000;347.0655;1214.6676
192.3562;197.1781;0.0000;351.1100;1221.6677
192.3562;197.4966;0.0000;349.7469;1228.6676
192.0377;197.4966;0.0000;354.5620;1235.6677
192.0377;197.4966;0.0000;357.2435;1242.6676
192.0377;197.8151;0.0000;355.6066;1249.6676
192.0377;197.8151;0.0000;358.9695;1256.6677
191.7192;197.8151;0.0000;359.6511;1263.6676
191.7192;198.1336;0.0000;357.9696;1270.6677
191.7192;198.8151;0.0000;361.6956;1277.6676
191.4007;198.8151;0.0000;359.9250;1284.6677
191.4007;199.1336;0.0000;359.3326;1291.6677
191.4007;199.1336;0.0000;362.6511;1298.9861
191.4007;199.1336;0.0000;359.9250;1305.9861
191.7637;199.4521;0.0000;362.0141;1312.9861
191.7637;199.4521;0.0000;364.6956;1319.9861
191.7637;199.4521;0.0000;360.6066;1326.9862
191.4452;199.7705;0.0000;364.6956;1334.6677
191.4452;199.7705;0.0000;365.3326;1341.6677
191.4452;199.7705;0.0000;364.6956;1348.6676
191.1267;200.0890;0.0000;369.4216;1355.6677
191.1267;200.0890;0.0000;367.3771;1362.6676
191.1267;200.4075;0.0000;368.1476;1369.6677
190.8082;200.4075;0.0000;374.1921;1376.6676
190.8082;200.4075;0.0000;371.1476;1383.6676
190.8082;200.7260;0.0000;372.1922;1390.6677
191.4897;200.7260;0.0000;373.8737;1397.6677
191.1712;201.0445;0.0000;369.4661;1404.6677
191.1712;201.3630;0.0000;372.8737;1411.6676
191.1712;201.3630;0.0000;374.5107;1418.6677
191.5342;201.6815;0.0000;373.5552;1425.6677
191.5342;202.0000;0.0000;377.2812;1432.6676
191.5342;201.3185;0.0000;380.3257;1439.6676
191.5342;201.6370;0.0000;382.4147;1446.6677
191.2157;200.9555;0.0000;385.7778;1453.6677
191.2157;201.2740;0.0000;384.7778;1460.6676
191.8972;200.9110;0.0000;386.5483;1467.6677
191.8972;200.9110;0.0000;389.5483;1474.6677
191.8972;200.5480;0.0000;387.1853;1481.9861
191.8972;200.5480;0.0000;391.5928;1488.9861
191.5788;200.8665;3.8219;392.5928;1495.9862
191.5788;200.1849;0.0000;389.9113;1502.9861
191.5788;200.5034;0.0000;393.6373;1509.9861
192.2603;200.5034;0.0000;392.8668;1517.6677
192.2603;199.8219;0.0000;391.2744;1524.6677
192.2603;200.1404;0.0000;393.9558;1531.6676
192.2603;199.7774;3.8219;392.2744;1538.6676
192.2603;199.0959;0.0000;391.3188;1545.6677
192.6233;199.4144;0.0000;394.5928;1552.6677
192.6233;199.0514;0.0000;391.9113;1559.6676
192.6233;199.3699;3.8219;393.6373;1566.6677
192.6233;198.6884;0.0000;394.2743;1573.6677
192.6233;199.0069;0.0000;392.5928;1580.6676
192.6233;199.0069;0.0000;394.3188;1587.6677
192.6233;198.6439;0.0000;394.5928;1594.6677
192.6233;198.6439;0.0000;392.9558;1601.6676
192.6233;198.9623;3.8219;396.3188;1608.6676
192.6233;198.9623;0.0000;394.9113;1615.6677
191.9418;198.5993;0.0000;394.6373;1622.6677
191.9418;198.5993;0.0000;398.6819;1629.6676
191.5788;198.2363;0.0000;394.9113;1636.6677
190.8972;198.2363;3.8219;399.0004;1643.6677
190.2157;197.8733;0.0000;401.3188;1650.6676
189.5342;198.1918;3.8219;402.2744;1657.6676
188.8527;197.5103;0.0000;404.8599;1664.9862
188.1712;197.1473;0.0000;415.9045;1671.9861
187.4897;196.7843;0.0000;423.8531;1678.9861
186.8082;196.7843;0.0000;435.3942;1685.9862
186.8082;196.4213;0.0000;439.4387;1692.9861
186.1267;196.4213;0.0000;442.5723;1699.9861
186.1267;196.7397;0.0000;447.2538;1707.6676
185.4452;196.7397;0.0000;443.1647;1714.6677
185.7637;197.0583;0.0000;445.8907;1721.6677
185.7637;197.0583;0.0000;448.2092;1728.6676
185.7637;197.3767;0.0000;444.1647;1735.6677
185.7637;197.6952;0.0000;448.2092;1742.6677
185.7637;197.6952;0.0000;447.8017;1749.6676
185.4007;197.6952;0.0000;446.5277;1756.6677
185.4007;198.0137;0.0000;450.2092;1763.6677
185.4007;198.0137;0.0000;447.8017;1770.6677
184.7192;198.0137;0.0000;449.2092;1777.6676
184.3562;198.3322;0.0000;453.2092;1784.6677
184.3562;198.3322;0.0000;450.5277;1791.6677
183.6747;198.6507;0.0000;452.8907;1798.6676
182.9931;198.6507;3.8219;456.5723;1805.6677
182.3116;198.9692;0.0000;453.9352;1812.6677
182.3116;199.2877;0.0000;458.2982;1819.6676
181.9486;199.2877;0.0000;461.6613;1826.6676
181.2671;199.2877;0.0000;461.0243;1833.6677
180.5856;198.9247;0.0000;465.3873;1840.6677
180.2226;198.9247;3.8219;466.0243;1847.9861
178.8596;198.9247;0.0000;468.1133;1854.9862
178.1781;199.2432;0.0000;474.5209;1861.9861
177.4966;199.2432;0.0000;474.8394;1868.9861
176.8151;199.5617;0.0000;480.3359;1875.9862
177.1336;199.5617;0.0000;487.0620;1882.9862
176.4521;199.8802;0.0000;486.1065;1890.6677
175.7706;199.8802;0.0000;489.5140;1897.6676
176.0891;200.8802;0.0000;492.1510;1904.6677
175.4075;200.8802;0.0000;489.4695;1911.6677
175.0445;201.5617;0.0000;493.8770;1918.6677
175.0445;201.8802;0.0000;493.1065;1925.6677
174.6815;202.5617;0.0000;493.1065;1932.6677
174.0000;202.8802;0.0000;497.1510;1939.6677
173.3185;203.5617;0.0000;495.7434;1946.6676
172.9555;203.8802;0.0000;495.7880;1953.6677
172.2740;204.5617;0.0000;499.1064;1960.6677
172.2740;204.8802;0.0000;497.0620;1967.6676
171.9110;205.5617;0.0000;499.1064;1974.6677
171.2295;205.5617;0.0000;499.3804;1981.6677
171.5480;206.5617;0.0000;496.7435;1988.6677
171.5480;206.5617;0.0000;499.7435;1995.6676
170.8665;207.5617;0.0000;499.0175;2002.6677
171.1849;207.5617;0.0000;497.6989;2009.6677
171.1849;208.5617;0.0000;502.7435;2016.6676
170.5034;209.2432;0.0000;498.6544;2023.6677
170.8219;209.5617;0.0000;499.6989;2030.6677
171.1404;210.2432;0.0000;502.6989;2037.9861
171.1404;211.2432;0.0000;498.9729;2044.9862
170.7774;211.2432;0.0000;501.3804;2051.9863
170.7774;211.9247;0.0000;502.3359;2058.9861
171.0959;211.9247;0.0000;499.6544;2065.9861
171.0959;212.9247;0.0000;502.6544;2073.6677
171.0959;213.6062;0.0000;502.6099;2080.6677
171.0959;213.6062;0.0000;500.9729;2087.6677
171.4144;214.6062;0.0000;504.6544;2094.6677
171.4144;215.2877;0.0000;501.8839;2101.6677
171.7329;216.2877;0.0000;501.6099;2108.6677
171.0514;216.9692;0.0000;502.7435;2115.6675
171.3699;216.9692;0.0000;501.5209;2122.6677
171.3699;217.6507;0.0000;504.6099;2129.6677
171.6884;218.3322;0.0000;505.8839;2136.6677
171.6884;218.6507;0.0000;502.2024;2143.6677
172.0069;219.3322;0.0000;504.9284;2150.6677
172.0069;220.0137;0.0000;505.1578;2157.6677
172.3254;220.0137;0.0000;503.8394;2164.6675
171.6439;220.6952;0.0000;507.2024;2171.6677
171.9623;221.3767;0.0000;505.4318;2178.6677
171.9623;222.0583;0.0000;505.5208;2185.6675
171.5993;223.0583;0.0000;508.5209;2192.6677
171.5993;223.7397;0.0000;505.7949;2199.6677
171.9178;224.4213;0.0000;507.5209;2206.6677
171.9178;225.1028;0.0000;509.8394;2213.6677
172.2363;225.7843;0.0000;506.1133;2220.9863
172.2363;225.7843;0.0000;508.1578;2227.9861
172.5548;226.4658;0.0000;509.1133;2234.9861
172.5548;227.1473;0.0000;507.1133;2241.9863
172.8733;227.8288;0.0000;510.5208;2248.9861
173.1918;227.8288;0.0000;509.7503;2255.9861
173.1918;228.5103;8.1781;509.7503;2263.6677
173.5103;229.1918;0.0000;514.5209;2270.6677
173.8288;229.1918;0.0000;507.7058;2277.6677
174.1473;229.8733;0.0000;509.7503;2284.6675
174.8288;230.5548;0.0000;512.4318;2291.6677
175.1473;230.5548;0.0000;509.7058;2298.6677
175.1473;231.5548;0.0000;512.4763;2305.6677
176.1473;232.2363;0.0000;513.7504;2312.6677
176.1473;232.9178;0.0000;511.0688;2319.6677
177.1473;233.5993;0.0000;515.4763;2326.6677
178.1473;234.2809;0.0000;513.3873;2333.6675
178.1473;234.9623;0.0000;512.7503;2340.6677
179.1473;235.6439;0.0000;518.1578;2347.6677
180.1473;235.6439;0.0000;515.4318;2354.6677
180.4658;236.3254;0.0000;516.1133;2361.6677
181.1473;237.0069;0.0000;519.4763;2368.6677
181.4658;237.6884;0.0000;517.1133;2375.6677
182.4658;238.3699;0.0000;520.8839;2382.6677
183.4658;239.0514;0.0000;523.5209;2389.6677
183.4658;239.7329;0.0000;520.8394;2396.6677
184.4658;240.4144;0.0000;524.9284;2403.9861
185.1473;241.0959;0.0000;525.2024;2410.9863
185.4658;241.0959;0.0000;523.9283;2417.9861
186.1473;241.7774;0.0000;529.2914;2424.9861
187.1473;242.4589;0.0000;525.8839;2431.9863
187.4658;242.4589;0.0000;526.6099;2438.9863
188.4658;243.1404;0.0000;530.2914;2446.6677
188.7843;242.8219;0.0000;526.2023;2453.6675
189.4658;243.5034;0.0000;529.6099;2460.6677
189.7843;244.1849;0.0000;529.6099;2467.6677
190.4658;244.1849;0.0000;527.5654;2474.6677
190.7843;244.8665;0.0000;530.6099;2481.6677
191.7843;244.8665;0.0000;530.2024;2488.6677
192.1028;245.2295;0.0000;528.5654;2495.6677
192.7843;245.9110;0.0000;532.2469;2502.6675
193.7843;245.9110;0.0000;528.8394;2509.6677
193.7843;246.5925;0.0000;528.9283;2516.6677
194.7843;246.5925;0.0000;533.5654;2523.6677
194.7843;247.2740;0.0000;528.5209;2530.6677
195.7843;246.9555;0.0000;532.2469;2537.6677
196.1028;247.6370;0.0000;532.8839;2544.6677
197.1028;247.6370;0.0000;529.8839;2551.6677
197.1028;248.3185;0.0000;531.9284;2558.6677
198.1028;248.0000;0.0000;532.1578;2565.6677
198.7843;248.0000;0.0000;530.5209;2572.6675
199.1028;248.6815;0.0000;534.2024;2579.6677
200.1028;248.6815;0.0000;529.2469;2586.6677
200.4213;249.0445;0.0000;533.1578;2593.9861
201.1028;249.0445;0.0000;536.5209;2600.9863
201.4213;249.0445;0.0000;531.7948;2607.9863
202.1028;249.4075;0.0000;532.8839;2614.9861
202.4213;249.4075;0.0000;536.1578;2621.9863
203.4213;250.0891;0.0000;531.7503;2629.6677
204.1028;249.7705;0.0000;534.7948;2636.6677
204.4213;250.4521;0.0000;535.1133;2643.6677
205.1028;250.4521;0.0000;533.4318;2650.6677
206.1028;250.8151;0.0000;537.1133;2657.6677
207.1028;250.4966;0.0000;534.0688;2664.6677
207.4213;250.4966;0.0000;534.7948;2671.6675
208.1028;251.1781;0.0000;537.7949;2678.6677
209.1028;250.8596;0.0000;534.0688;2685.6677
209.1028;250.8596;0.0000;534.7948;2692.6677
210.1028;250.5411;0.0000;537.7949;2699.6677
211.1028;251.2226;0.0000;534.0688;2706.6677
211.1028;250.9041;0.0000;537.7949;2713.6677
211.7843;250.9041;0.0000;538.4318;2720.6677
212.7843;250.9041;0.0000;535.7504;2727.6677
213.1028;250.5856;0.0000;538.4763;2734.6677
213.7843;251.2671;0.0000;536.7058;2741.6677
214.7843;251.2671;0.0000;537.0688;2748.6677
215.4658;250.9486;0.0000;540.7504;2755.6677
216.4658;250.6301;0.0000;537.9797;2762.6677
217.1473;250.6301;0.0000;539.3873;2769.6677
218.1473;250.6301;0.0000;540.7058;2776.9863
218.8288;250.3116;0.0000;537.9797;2783.9861
219.8288;250.3116;0.0000;540.3428;2790.9863
220.5103;249.9931;0.0000;541.6613;2797.9863
221.5103;249.9931;0.0000;539.2983;2804.9861
221.5103;249.6747;0.0000;543.6613;2811.9861
222.5103;248.9931;0.0000;542.2538;2819.6677
223.5103;248.6747;0.0000;540.2537;2826.6677
224.1918;248.6747;0.0000;545.2983;2833.6677
224.8733;248.3562;0.0000;542.8907;2840.6677
225.8733;248.3562;0.0000;543.9353;2847.6677
226.5548;248.0377;0.0000;547.9352;2854.6677
227.5548;248.0377;0.0000;544.5277;2861.6677
228.2363;247.7192;0.0000;548.5723;2868.6677
229.9178;247.7192;3.8219;548.8907;2875.6677
230.5993;247.4007;0.0000;546.8907;2882.6677
231.5993;247.4007;3.8219;551.5723;2889.6677
232.2809;247.4007;0.0000;550.1647;2896.6677
233.2809;247.0822;0.0000;547.5723;2903.6677
233.2809;246.0822;0.0000;552.5723;2910.6677
234.2809;246.0822;0.0000;550.1202;2917.6675
235.2808;245.7637;0.0000;548.8907;2924.6677
235.9624;245.7637;0.0000;554.2092;2931.6677
236.2809;245.4452;0.0000;550.1202;2938.6677
236.9624;244.4452;3.8219;553.8907;2945.6677
237.9623;244.1267;0.0000;555.1647;2952.6677
238.2809;244.1267;3.8219;552.4832;2959.9861
238.9623;243.1267;0.0000;555.8017;2966.9861
239.6439;242.8082;0.0000;555.7572;2973.9863
240.6439;242.8082;0.0000;553.4832;2980.9863
240.9624;241.8082;0.0000;556.5277;2987.9863
241.6439;241.4897;3.8219;553.7572;2994.9863
242.6439;240.4897;0.0000;552.5723;3002.6677
242.6439;240.4897;0.0000;561.4387;3009.6677
243.3254;239.4897;0.0000;553.5277;3016.6677
244.0069;239.4897;0.0000;558.5277;3023.6677
245.0069;238.4897;0.0000;561.5277;3030.6677
245.3253;238.1712;0.0000;557.4832;3037.6675
246.0069;237.1712;0.0000;560.8462;3044.6675
247.0069;236.8527;0.0000;562.8017;3051.6677
247.6884;235.8527;0.0000;559.4832;3058.6677
247.6884;235.8527;0.0000;564.1647;3065.6677
248.3699;234.8527;0.0000;561.4387;3072.6677
249.0514;233.8527;0.0000;563.5277;3079.6677
250.0514;233.5342;0.0000;567.8907;3086.6675
250.0514;232.5342;0.0000;565.1647;3093.6680
251.0514;232.5342;0.0000;568.2538;3100.6677
251.7329;231.5342;0.0000;570.2537;3107.6677
252.4144;231.2157;0.0000;565.5277;3114.6677
253.0959;230.5342;0.0000;570.2983;3121.6677
253.4144;230.2157;0.0000;570.8907;3128.6677
254.0959;229.2157;0.0000;569.2538;3135.6675
255.0959;228.2157;0.0000;573.6613;3142.6677
255.7774;227.2157;0.0000;571.2538;3149.9863
255.7774;226.2157;0.0000;572.9797;3156.9863
256.4589;225.8972;0.0000;576.7058;3163.9863
256.4589;225.2157;0.0000;573.9353;3170.9861
257.1404;224.2157;0.0000;575.9798;3177.9861
257.8219;223.2157;0.0000;578.0243;3185.6677
258.1404;222.2157;0.0000;573.6168;3192.6677
258.8219;221.8972;0.0000;575.7058;3199.6677
259.8219;220.8972;0.0000;578.2983;3206.6675
260.5034;219.8972;0.0000;573.6168;3213.6675
261.1849;218.8972;0.0000;578.3428;3220.6677
261.8665;218.2157;0.0000;575.9798;3227.6677
261.8665;217.8972;0.0000;575.9798;3234.6677
262.5480;216.8972;8.1781;581.7058;3241.6677
263.2295;215.8972;0.0000;576.2983;3248.6677
263.2295;214.8972;8.1781;577.9797;3255.6675
263.9109;213.8972;8.1781;581.2983;3262.6680
263.9109;212.2157;0.0000;577.2538;3269.6677
264.5925;211.2157;8.1781;579.9797;3276.6677
264.5925;210.2157;0.0000;580.6168;3283.6677
265.2740;209.5342;0.0000;576.9353;3290.6677
265.2740;208.5342;8.1781;580.2983;3297.6677
265.2740;207.5342;8.1781;580.8907;3304.6675
265.2740;206.5342;0.0000;577.2538;3311.6680
265.9555;205.8527;0.0000;582.9798;3318.6677
265.9555;204.8527;0.0000;578.8462;3325.6677
265.9555;204.8527;0.0000;573.1202;3332.9863
266.6370;203.8527;0.0000;588.0243;3339.9861
266.6370;202.8527;0.0000;583.6168;3346.9861
266.6370;201.8527;0.0000;586.0688;3353.9861
267.3185;201.1712;0.0000;587.9798;3360.9863
267.3185;200.1712;0.0000;583.9797;3368.6677
267.3185;198.4897;0.0000;587.7058;3375.6675
267.3185;197.8082;0.0000;586.6613;3382.6675
267.3185;196.8082;0.0000;585.6613;3389.6677
267.3185;196.1267;0.0000;589.0243;3396.6677
268.0000;195.1267;0.0000;586.6168;3403.6677
267.6815;194.4452;0.0000;586.9797;3410.6677
267.6815;193.4452;0.0000;589.6613;3417.6677
267.6815;192.4452;0.0000;585.9353;3424.6675
267.6815;191.7637;0.0000;588.2983;3431.6680
267.6815;190.7637;0.0000;590.6168;3438.6677
267.6815;189.7637;0.0000;585.9353;3445.6677
267.0000;189.7637;0.0000;588.6613;3452.6677
267.0000;188.7637;0.0000;589.9352;3459.6677
266.6815;187.7637;0.0000;586.9353;3466.6675
266.6815;187.0822;3.8219;589.2982;3473.6675
266.6815;186.4007;0.0000;588.5277;3480.6680
266.6815;184.7192;3.8219;587.9352;3487.6680
266.0000;184.0377;0.0000;589.0688;3494.6677
266.0000;183.0377;0.0000;588.5277;3501.6677
266.0000;182.3562;0.0000;589.2538;3508.6677
265.0000;181.6747;0.0000;592.2538;3515.9861
265.0000;180.6747;0.0000;588.8017;3522.9861
265.0000;179.9931;0.0000;591.2538;3529.9863
264.6815;178.9931;0.0000;591.5277;3536.9863
264.6815;178.3116;0.0000;588.5277;3543.9863
264.6815;177.3116;0.0000;592.6168;3550.9863
264.3630;176.6301;0.0000;591.1647;3558.6680
264.3630;175.6301;0.0000;590.5277;3565.6677
264.3630;174.9486;0.0000;592.8907;3572.6677
264.3630;174.2671;0.0000;590.4832;3579.6677
264.3630;173.2671;0.0000;591.5277;3586.6675
264.0445;171.9041;0.0000;593.2092;3593.6675
263.3630;171.2226;0.0000;589.4832;3600.6680
263.3630;170.2226;0.0000;592.2092;3607.6680
262.6815;169.5411;0.0000;592.4832;3614.6677
262.3630;168.5411;0.0000;589.4832;3621.6677
261.6815;167.8596;0.0000;593.5723;3628.6677
261.6815;167.5411;0.0000;591.1647;3635.6675
260.6815;166.8596;0.0000;590.1202;3642.6675
260.6815;165.8596;0.0000;591.3428;3649.6680
260.6815;165.1781;0.0000;591.4387;3656.6680
260.0000;164.4966;0.0000;590.1647;3663.6677
260.0000;163.4966;0.0000;594.4832;3670.6677
259.6815;163.4966;0.0000;590.4387;3677.6677
259.0000;162.4966;0.0000;592.8462;3684.6675
258.6815;161.8151;8.1781;592.4832;3691.6675
258.6815;161.8151;0.0000;589.4832;3698.6680
258.6815;160.8151;0.0000;593.1647;3705.9863
257.6815;160.1336;0.0000;591.8017;3712.9863
257.6815;159.1336;0.0000;589.8018;3719.9863
257.0000;158.4521;0.0000;594.2092;3726.9863
256.6815;157.4521;0.0000;590.4387;3733.9861
256.0000;156.7705;0.0000;589.8018;3741.6677
256.0000;155.7706;0.0000;592.8017;3748.6677
255.0000;155.0890;0.0000;589.3942;3755.6677
255.0000;154.0891;0.0000;591.8462;3762.6675
254.0000;153.4075;0.0000;592.1202;3769.6680
254.0000;153.0891;0.0000;589.4387;3776.6680
253.6815;152.4075;0.0000;592.1202;3783.6677
253.0000;151.4075;0.0000;591.7126;3790.6677
253.0000;151.4075;0.0000;589.4387;3797.6677
253.0000;150.4075;0.0000;592.4832;3804.6675
252.6815;150.4075;0.0000;588.7126;3811.6675
252.0000;149.4075;0.0000;588.4387;3818.6680
252.0000;149.4075;0.0000;592.4832;3825.6680
251.6815;148.4075;0.0000;588.3942;3832.6677
251.0000;148.4075;0.0000;590.4387;3839.6677
251.0000;147.4075;0.0000;591.7126;3846.6677
250.0000;146.7260;0.0000;587.3497;3853.6675
249.3185;146.4075;0.0000;590.7572;3860.6675
248.3185;145.7260;0.0000;590.3496;3867.6680
247.6370;144.7260;0.0000;588.3942;3874.6680
246.6370;144.7260;0.0000;591.0757;3881.6677
246.6370;144.0445;0.0000;588.3052;3888.9863
245.9555;143.7260;0.0000;588.7126;3895.9863
245.9555;143.0445;0.0000;591.7126;3902.9861
245.2740;142.7260;0.0000;587.6237;3909.9861
244.2740;142.0445;0.0000;589.0311;3916.9863
244.2740;141.7260;0.0000;591.7126;3924.6677
243.2740;141.7260;0.0000;586.9421;3931.6675
242.5925;141.0445;0.0000;590.3496;3938.6680
241.9110;141.0445;0.0000;588.9421;3945.6680
241.5925;140.0445;0.0000;587.6237;3952.6677
240.9110;139.7260;0.0000;591.0311;3959.6677
239.9110;139.0445;0.0000;587.5791;3966.6677
238.5480;138.7260;0.0000;588.3052;3973.6677
237.8665;138.0445;0.0000;592.3497;3980.6675
236.8665;137.3630;0.0000;587.5791;3987.6680
236.1850;136.3630;0.0000;589.6682;3994.6680
234.5034;135.6815;0.0000;590.9866;4001.6677
233.1404;134.6815;0.0000;586.8976;4008.6677
232.1404;134.0000;0.0000;590.3052;4015.6677
230.7774;133.0000;0.0000;589.5791;4022.6675
229.7774;132.3185;0.0000;586.5791;4029.6675
228.4144;132.3185;0.0000;590.9421;4036.6680
227.4144;131.3185;0.0000;587.5346;4043.6680
226.7329;131.3185;0.0000;586.9421;4050.6677
225.7329;130.3185;0.0000;591.3051;4057.6677
225.0514;130.3185;0.0000;587.5346;4064.6677
224.0514;130.3185;0.0000;587.2606;4071.9861
223.3699;130.0000;0.0000;590.6237;4078.9861
222.6884;129.3185;0.0000;585.8531;4085.9863
221.6884;129.3185;0.0000;589.9866;4092.9863
221.0069;129.0000;0.0000;587.8976;4099.9863
220.3254;128.3185;0.0000;585.8976;4106.9863
219.3253;128.3185;0.0000;590.3052;4114.6680
218.6439;127.3185;0.0000;587.8976;4121.6680
217.6439;127.3185;0.0000;585.8976;4128.6680
216.6439;127.0000;0.0000;590.6237;4135.6680
215.9624;126.3185;0.0000;585.5346;4142.6680
215.2808;126.3185;0.0000;586.5791;4149.6675
214.2808;125.6370;0.0000;589.5791;4156.6680
212.9178;125.3185;0.0000;586.1716;4163.6680
211.9178;124.6370;0.0000;587.5791;4170.6680
210.9178;124.3185;0.0000;587.5791;4177.6680
209.5548;123.6370;0.0000;584.8976;4184.6680
208.8733;123.6370;0.0000;587.5791;4191.6675
207.1918;123.6370;0.0000;588.2161;4198.6675
206.5103;122.6370;3.8219;585.5346;4205.6680
204.8288;122.6370;0.0000;589.2606;4212.6680
203.1473;121.9555;0.0000;586.1716;4219.6680
201.7843;121.6370;0.0000;585.5791;4226.6680
200.1028;120.9555;0.0000;588.9421;4233.6680
198.7398;120.9555;0.0000;585.8531;4240.6675
197.0583;119.9555;0.0000;588.6237;4247.6675
195.6952;119.2740;3.8219;591.3051;4254.6680
194.0137;119.2740;0.0000;587.5791;4261.9863
192.6507;118.2740;3.8219;590.9866;4268.9863
190.9692;118.2740;0.0000;592.3052;4275.9863
190.2877;117.5925;0.0000;589.6682;4282.9863
188.6062;117.5925;0.0000;593.0311;4289.9863
187.2432;117.2740;0.0000;590.3052;4297.6680
185.5617;116.5925;0.0000;592.3497;4304.6680
184.5617;116.5925;0.0000;594.3942;4311.6680
183.1987;116.5925;3.8219;591.6237;4318.6675
182.1987;116.2740;0.0000;593.3942;4325.6680
181.5172;115.5925;0.0000;595.0757;4332.6680
179.8357;115.2740;0.0000;592.2606;4339.6680
178.8357;115.2740;0.0000;594.7572;4346.6680
178.1541;115.2740;0.0000;595.3496;4353.6680
177.1541;115.2740;0.0000;593.0311;4360.6680
176.1541;114.9555;0.0000;595.7572;4367.6675
175.1541;114.9555;0.0000;593.3496;4374.6680
174.1541;114.9555;0.0000;592.8017;4381.6680
174.1541;114.9555;0.0000;596.4387;4388.6680
173.1541;114.9555;0.0000;593.3942;4395.6680
172.1541;115.6370;0.0000;593.4832;4402.6680
171.8357;115.6370;0.0000;595.8017;4409.6675
170.8357;115.6370;0.0000;591.7126;4416.6675
170.5172;116.3185;0.0000;595.1647;4423.6680
169.5172;116.0000;0.0000;595.1202;4430.6680
168.8357;116.6815;0.0000;593.1202;4437.6680
168.5172;116.6815;0.0000;597.4832;4444.9863
167.5172;116.6815;0.0000;594.7572;4451.9863
167.1987;117.3630;0.0000;594.4387;4458.9863
166.1987;117.3630;0.0000;597.8462;4465.9863
164.8802;118.0445;0.0000;594.4387;4472.9863
164.5617;118.7260;0.0000;594.2092;4480.6680
163.5617;118.7260;0.0000;596.5723;4487.6675
163.2432;119.4075;0.0000;593.5277;4494.6680
162.2432;120.0890;0.0000;595.9353;4501.6680
161.9247;120.7705;0.0000;596.5723;4508.6680
160.9247;121.1336;0.0000;594.9352;4515.6680
160.6062;121.8151;0.0000;597.6168;4522.6680
159.6062;122.4966;0.0000;594.9352;4529.6680
158.6062;123.1781;0.0000;595.6168;4536.6675
157.9247;123.8596;0.0000;597.0243;4543.6680
157.6062;124.5411;0.0000;594.9352;4550.6680
156.6062;125.2226;0.0000;594.6613;4557.6680
155.6062;125.2226;0.0000;596.7058;4564.6680
154.6062;125.9041;0.0000;594.9352;4571.6680
153.6062;126.5856;0.0000;596.7058;4578.6680
152.9247;127.5856;0.0000;596.7058;4585.6675
151.9247;128.2671;0.0000;593.7058;4592.6680
151.6062;129.6301;0.0000;597.0688;4599.6680
150.9247;129.9931;0.0000;596.0688;4606.6680
149.9247;130.6747;0.0000;594.7058;4613.6680
149.2432;131.3562;0.0000;599.4763;4620.6680
148.9247;132.0377;0.0000;596.0243;4627.9863
147.9247;132.7192;0.0000;596.1133;4634.9863
147.6062;132.7192;0.0000;599.4763;4641.9863
146.9247;133.4007;0.0000;594.3873;4648.9863
146.6062;134.0822;0.0000;598.1578;4655.9863
145.6062;134.0822;0.0000;599.1133;4662.9863
144.9247;134.7637;0.0000;595.7504;4670.6680
144.6062;135.4452;0.0000;598.4763;4677.6680
143.6062;136.1267;0.0000;598.7948;4684.6680
142.6062;136.1267;0.0000;594.7949;4691.6680
141.9247;136.8082;0.0000;599.5209;4698.6680
140.9247;137.4897;0.0000;595.7504;4705.6675
140.9247;138.1712;0.0000;596.8394;4712.6680
139.9247;139.1712;0.0000;600.2024;4719.6680
138.9247;139.8527;0.0000;595.7504;4726.6680
138.9247;140.5342;0.0000;596.8839;4733.6680
137.9247;141.2157;0.0000;599.5654;4740.6680
137.2432;141.2157;0.0000;593.8394;4747.6680
136.2432;141.8972;0.0000;597.9283;4754.6675
135.9247;142.5788;0.0000;598.2469;4761.6680
135.2432;143.2603;0.0000;596.8839;4768.6680
134.2432;144.2603;0.0000;598.2914;4775.6680
133.2432;144.2603;0.0000;596.2469;4782.6680
132.5617;144.9418;0.0000;595.6544;4789.6680
132.2432;145.6233;0.0000;599.9729;4796.6675
131.5617;146.3048;0.0000;596.2469;4803.6680
130.5617;147.6678;0.0000;597.0175;4810.6680
129.5617;148.3493;0.0000;598.3359;4817.9863
128.5617;149.3493;0.0000;595.6099;4824.9863
128.2432;150.7123;0.0000;597.3805;4831.9863
127.5617;151.7123;0.0000;598.3359;4838.9863
126.5617;153.0753;0.0000;594.6990;4845.9863
125.5617;153.7568;0.0000;597.4249;4853.6680
124.5617;154.4383;0.0000;596.0175;4860.6680
123.8802;155.1198;0.0000;595.7435;4867.6680
122.8802;156.1198;0.0000;597.7880;4874.6675
122.5617;156.8013;0.0000;596.0620;4881.6680
121.5617;157.4828;0.0000;595.4249;4888.6680
121.2432;158.1644;0.0000;597.7880;4895.6680
120.2432;159.1644;0.0000;595.0620;4902.6680
119.9247;160.5274;0.0000;597.1510;4909.6680
118.9247;161.2089;0.0000;597.7880;4916.6680
118.6062;162.2089;0.0000;594.7880;4923.6675
117.6062;162.8904;0.0000;598.1955;4930.6680
117.6062;163.5719;0.0000;597.7880;4937.6680
116.6062;164.5719;0.0000;596.1510;4944.6680
116.2877;165.2534;0.0000;599.5585;4951.6680
115.6062;166.6164;0.0000;596.1510;4958.6680
115.2877;167.2979;0.0000;596.5140;4965.6680
114.2877;168.2979;0.0000;598.8770;4972.6680
114.2877;168.9794;0.0000;596.4695;4979.6680
113.2877;169.9794;0.0000;598.2401;4986.6680
112.9692;169.9794;0.0000;598.8770;4993.6680
112.6507;170.9794;0.0000;596.1956;5000.9863
112.6507;172.3424;0.0000;598.2845;5007.9863
112.3322;173.0239;0.0000;597.5585;5014.9863
112.0137;174.0239;0.0000;595.6030;5021.9863
112.0137;174.0239;0.0000;599.3290;5028.9863
111.0137;175.7054;0.0000;595.2400;5036.6680
110.6952;175.7054;0.0000;595.6476;5043.6675
109.6952;176.7054;0.0000;598.3291;5050.6680
109.6952;177.7054;0.0000;595.5585;5057.6680
109.3767;178.3869;0.0000;596.6921;5064.6680
108.3767;179.3869;0.0000;597.6476;5071.6680
108.0582;179.7054;0.0000;594.9661;5078.6680
107.7398;180.3870;0.0000;596.7366;5085.6680
107.4213;180.7054;0.0000;597.6921;5092.6675
107.1028;181.3869;0.0000;595.3736;5099.6680
106.7843;181.7054;0.0000;599.1442;5106.6680
107.4658;182.7054;0.0000;597.3736;5113.6680
107.1473;182.7054;0.0000;597.4626;5120.6680
107.1473;183.3869;0.0000;602.5516;5127.6680
106.8288;184.3869;0.0000;600.1442;5134.6680
105.8288;185.0685;0.0000;603.2777;5141.6680
105.8288;185.3870;0.0000;605.9592;5148.6680
105.5103;186.3869;0.0000;600.9147;5155.6680
105.1918;187.0685;0.0000;604.6852;5162.6680
105.1918;188.0685;0.0000;606.5962;5169.6680
104.8733;188.7500;0.0000;604.3667;5176.6680
104.8733;189.7500;0.0000;608.4558;5183.9863
104.5548;190.0685;0.0000;608.7743;5190.9863
104.5548;190.7500;0.0000;610.1818;5197.9863
104.5548;191.4315;0.0000;615.9523;5204.9863
104.9178;192.4315;0.0000;612.8633;5211.9863
104.9178;193.1130;0.0000;612.7674;5218.9863
104.5993;194.1130;0.0000;617.3153;5226.6680
104.5993;194.7945;0.0000;610.5002;5233.6680
104.9623;195.7945;0.0000;616.9968;5240.6680
104.6439;196.7945;0.0000;614.5894;5247.6680
104.6439;197.7945;0.0000;610.9078;5254.6680
104.3254;198.4760;0.0000;615.3599;5261.6675
104.3254;198.7945;0.0000;613.3153;5268.6680
104.3254;199.7945;0.0000;613.7229;5275.6680
104.0069;200.4760;0.0000;620.1304;5282.6680
104.6884;201.4760;0.0000;618.0859;5289.6680
104.6884;202.1575;0.0000;619.8564;5296.6680
104.3699;203.1575;0.0000;622.8564;5303.6680
104.3699;203.8390;0.0000;620.1304;5310.6680
104.0514;204.8390;0.0000;623.9010;5317.6680
103.7329;205.8390;0.0000;623.9010;5324.6680
103.7329;206.5205;0.0000;621.2195;5331.6680
103.7329;207.5205;0.0000;625.2640;5338.6680
104.0959;208.5205;0.0000;623.5380;5345.6680
104.0959;209.8835;0.0000;622.5825;5352.6680
104.0959;210.8835;0.0000;626.3085;5359.6680
104.0959;211.5650;0.0000;623.2195;5366.9863
104.4589;212.5650;0.0000;622.6270;5373.9863
104.4589;213.2465;0.0000;626.3085;5380.9863
104.1404;214.2465;0.0000;623.9010;5387.9863
103.8219;215.2465;0.0000;625.6715;5394.9863
103.8219;215.9280;0.0000;628.6270;5401.9863
103.5034;216.9280;0.0000;624.3530;5409.6680
103.1849;217.9280;0.0000;628.3975;5416.6680
103.1849;218.6095;0.0000;627.9900;5423.6680
102.8664;219.6095;0.0000;626.7160;5430.6675
102.8664;220.6095;0.0000;630.7605;5437.6680
103.5480;221.2911;0.0000;628.6715;5444.6680
103.9110;222.2910;0.0000;628.0790;5451.6680
104.2740;223.2910;0.0000;631.1681;5458.6680
104.9555;224.2910;0.0000;628.7160;5465.6680
105.3185;225.6541;0.0000;631.8051;5472.6680
106.0000;226.6541;0.0000;631.1681;5479.6680
106.3630;227.6541;0.0000;630.0790;5486.6680
107.0445;228.3356;0.0000;631.4866;5493.6680
106.7260;229.3356;0.0000;633.7605;5500.6680
107.4075;230.3356;0.0000;631.8496;5507.6680
107.7705;230.6541;0.0000;637.3016;5514.6680
107.4521;231.3356;0.0000;635.8940;5521.6680
108.1336;232.3356;0.0000;637.9832;5528.6680
108.1336;233.3356;0.0000;641.7091;5535.6680
108.1336;234.3356;0.0000;637.9832;5542.6680
107.8151;235.3356;0.0000;641.0721;5549.6680
107.8151;235.6541;0.0000;642.7537;5556.9863
108.1781;237.0171;0.0000;639.3462;5563.9863
108.5411;238.0171;0.0000;644.4352;5570.9863
109.2226;239.0171;0.0000;645.0721;5577.9863
109.2226;240.0171;0.0000;642.3906;5584.9863
109.9041;240.3356;0.0000;646.1613;5592.6680
110.2671;241.0171;0.0000;642.3906;5599.6675
110.2671;241.3356;0.0000;643.4797;5606.6680
110.6301;242.3356;0.0000;647.2057;5613.6680
110.6301;242.6541;0.0000;642.7537;5620.6680
111.3116;243.6541;0.0000;646.1613;5627.6680
111.3116;243.6541;0.0000;647.5242;5634.6680
111.3116;244.6541;0.0000;642.7537;5641.6680
111.9931;244.9725;0.0000;645.2057;5648.6680
111.9931;245.6541;0.0000;646.1613;5655.6680
112.6747;245.9726;0.0000;643.1612;5662.6680
112.3562;246.9726;0.0000;646.2947;5669.6680
112.3562;247.6541;0.0000;645.2057;5676.6680
113.0377;247.9726;0.0000;644.5687;5683.6680
113.7192;248.9726;0.0000;647.2502;5690.6680
113.7192;249.9725;0.0000;645.5242;5697.6680
114.4007;249.9725;0.0000;644.9318;5704.6680
114.0822;250.9725;0.0000;647.9318;5711.6680
114.7637;251.2910;0.0000;645.2057;5718.6680
114.7637;252.2911;0.0000;646.9318;5725.6680
114.7637;252.6096;0.0000;644.7023;5732.6680
115.4452;252.9280;0.0000;644.5687;5739.9863
115.4452;253.9280;0.0000;647.2948;5746.9863
115.4452;254.2465;0.0000;645.5687;5753.9863
116.1267;255.2465;0.0000;644.6133;5760.9863
116.1267;255.5650;0.0000;648.3392;5767.9863
116.8082;256.5650;0.0000;645.5687;5774.9863
116.8082;257.5650;0.0000;645.6133;5782.6680
117.4897;257.8835;0.0000;648.2948;5789.6680
117.1712;258.8835;3.8219;644.8872;5796.6680
117.8527;259.2020;0.0000;647.6578;5803.6680
117.8527;260.2020;3.8219;647.6133;5810.6680
118.5342;260.5205;0.0000;644.9318;5817.6680
118.5342;261.5205;0.0000;647.7023;5824.6680
118.5342;261.8390;0.0000;646.6133;5831.6680
119.2157;262.8390;3.8219;645.9763;5838.6680
119.2157;263.1575;0.0000;649.7023;5845.6680
119.2157;264.1575;3.8219;645.6133;5852.6680
119.8972;264.4760;0.0000;645.0653;5859.6680
119.8972;265.4760;0.0000;648.3838;5866.6680
120.5788;265.7945;0.0000;644.9763;5873.6680
120.5788;266.7945;0.0000;647.7023;5880.6680
121.2603;267.7945;3.8219;648.0208;5887.6680
121.2603;268.1130;0.0000;645.0208;5894.6680
121.9418;269.1130;0.0000;647.7023;5901.6680
121.9418;269.4315;0.0000;647.3393;5908.6680
122.6233;270.4315;0.0000;643.7023;5915.6680
122.9418;270.7500;0.0000;649.0208;5922.9863
123.6233;271.7500;0.0000;644.9763;5929.9863
123.6233;271.7500;0.0000;645.3838;5936.9863
124.3048;272.7500;0.0000;649.7468;5943.9863
124.3048;273.0685;0.0000;644.9763;5950.9863
124.9863;273.3870;0.0000;647.0653;5957.9863
124.9863;274.3870;0.0000;648.3838;5965.6680
125.9863;275.3870;0.0000;644.9763;5972.6680
126.6678;276.3870;0.0000;648.3838;5979.6680
127.3493;276.7054;0.0000;648.3392;5986.6675
128.0308;277.7054;0.0000;644.3838;5993.6675
128.0308;278.7054;0.0000;649.7468;6000.6675
128.7123;279.7054;0.0000;646.9763;6007.6675
129.7123;280.0239;0.0000;647.0208;6014.6680
130.3938;281.0239;0.0000;650.3838;6021.6680
130.7123;282.0239;0.0000;646.2947;6028.6680
131.3938;282.3424;0.0000;648.7023;6035.6680
132.0753;283.3424;0.0000;650.3838;6042.6680
132.7568;283.6609;0.0000;646.9763;6049.6680
133.4383;284.9794;0.0000;650.7023;6056.6680
134.1198;285.2979;0.0000;651.3392;6063.6680
134.8013;285.9349;0.0000;648.9763;6070.6680
135.4828;286.9349;0.0000;652.0208;6077.6680
135.8013;287.5719;0.0000;650.2502;6084.6675
136.4828;288.5719;0.0000;650.9318;6091.6675
137.1644;289.2089;0.0000;653.6578;6098.6675
137.8459;290.2089;0.0000;651.2057;6105.6680
138.5274;290.5274;0.0000;652.6133;6112.9863
140.2089;290.8459;0.0000;653.6578;6119.9863
140.8904;291.8459;0.0000;650.5687;6126.9863
141.5719;292.1644;0.0000;654.6578;6133.9863
142.5719;292.4828;0.0000;653.9318;6140.9863
143.2534;293.8014;0.0000;652.2502;6148.6680
144.2534;294.1198;0.0000;655.2948;6155.6680
144.9349;294.4384;0.0000;653.8872;6162.6680
145.6164;294.7568;0.0000;653.2502;6169.6680
146.2979;295.7568;0.0000;657.6133;6176.6680
147.2979;296.0753;0.0000;653.5242;6183.6680
147.9794;296.3938;0.0000;654.5687;6190.6680
148.6609;296.7123;0.0000;657.2502;6197.6680
149.6609;297.7123;0.0000;653.5242;6204.6675
150.3424;298.0308;0.0000;655.2948;6211.6675
151.3424;298.3493;0.0000;657.2057;6218.6675
152.3424;299.0308;0.0000;653.5242;6225.6675
153.0239;299.3493;0.0000;656.5687;6232.6680
154.0239;299.6678;0.0000;655.8427;6239.6680
154.7054;299.6678;8.1781;654.5242;6246.6680
155.3869;299.9863;0.0000;658.6133;6253.6680
156.3869;300.9863;0.0000;654.7982;6260.6680
157.0685;300.9863;8.1781;655.2057;6267.6680
157.7500;301.3048;0.0000;658.8872;6274.6680
159.4315;301.3048;0.0000;654.1167;6281.6680
160.1130;301.9863;0.0000;656.2502;6288.6680
161.7945;302.3048;0.0000;657.2057;6295.9863
163.1575;302.9863;0.0000;654.4797;6302.9863
163.8390;303.3048;0.0000;656.5687;6309.9863
165.5205;304.3048;0.0000;657.5242;6316.9863
166.2020;304.3048;0.0000;654.8427;6323.9863
167.2020;304.3048;0.0000;658.6133;6330.9863
167.8835;305.3048;0.0000;656.1167;6338.6675
169.2465;305.3048;0.0000;655.5242;6345.6675
170.2465;305.6233;0.0000;658.5687;6352.6680
170.9280;305.6233;0.0000;651.5687;6359.6680
171.9280;306.6233;0.0000;657.2057;6366.6680
172.9280;306.6233;0.0000;658.8872;6373.6680
174.2910;306.9418;0.0000;654.4352;6380.6680
174.9726;306.9418;0.0000;657.5242;6387.6680
175.6541;307.2603;0.0000;657.8427;6394.6680
177.3356;307.2603;0.0000;655.7982;6401.6680
178.3356;307.5787;0.0000;658.8872;6408.6680
179.0171;308.5788;0.0000;656.1167;6415.6680
180.6986;307.8972;0.0000;656.8427;6422.6675
181.3801;308.2157;0.0000;659.5242;6429.6675
182.0616;308.2157;0.0000;656.1167;6436.6675
183.0616;308.5342;0.0000;657.2057;6443.6680
184.4246;308.5342;0.0000;658.8872;6450.6680
185.4246;308.5342;0.0000;656.1167;6457.6680
186.1061;308.5342;0.0000;659.2057;6464.6680
186.7876;308.8527;0.0000;658.1612;6471.6680
187.7876;308.8527;0.0000;655.7982;6478.9863
188.4691;309.1712;0.0000;660.5242;6485.9863
190.1506;309.1712;0.0000;656.7537;6492.9863
190.8322;308.8082;0.0000;654.2947;6499.9863
191.5136;308.8082;8.1781;660.5242;6506.9863
193.1951;309.1267;0.0000;656.4352;6513.9863
193.8766;309.1267;0.0000;658.1612;6521.6680
194.8767;309.1267;0.0000;659.8427;6528.6680
196.2397;309.4452;0.0000;656.7537;6535.6680
196.9212;309.4452;0.0000;658.8427;6542.6680
197.9212;309.7637;0.0000;659.1612;6549.6675
199.2842;309.0822;0.0000;656.1167;6556.6675
199.9657;309.0822;0.0000;659.5242;6563.6675
200.9657;308.7192;0.0000;657.0721;6570.6680
202.3287;308.7192;8.1781;656.1167;6577.6680
203.3287;308.7192;0.0000;661.1613;6584.6680
204.0102;308.3562;8.1781;657.0721;6591.6680
205.0102;308.3562;0.0000;656.7982;6598.6680
206.3732;308.6747;0.0000;660.4797;6605.6680
207.3732;307.9932;0.0000;655.7537;6612.6680
208.7362;307.9932;0.0000;659.1612;6619.6680
209.4177;308.3116;0.0000;659.1167;6626.6680
211.0993;308.3116;0.0000;655.4352;6633.6680
211.7808;307.6301;0.0000;659.1612;6640.6675
213.4623;307.9486;0.0000;658.7537;6647.6675
214.8253;307.9486;0.0000;656.1167;6654.6675
215.8253;308.2671;0.0000;660.8427;6661.6680
217.5068;307.5856;0.0000;656.7091;6668.9863
218.8698;307.5856;0.0000;655.4797;6675.9863
220.5513;307.2226;0.0000;661.1167;6682.9863
221.5513;307.2226;0.0000;655.7092;6689.9863
222.9143;306.8596;0.0000;658.7982;6696.9863
223.9143;306.8596;0.0000;659.1167;6704.6680
224.9143;306.4966;0.0000;656.3906;6711.6680
226.2773;306.4966;0.0000;659.7982;6718.6680
227.2773;305.8151;0.0000;658.7537;6725.6680
228.2773;306.1335;0.0000;656.1167;6732.6680
228.9588;305.4521;0.0000;660.7982;6739.6680
229.9588;305.7706;0.0000;657.7091;6746.6680
230.9588;305.0891;0.0000;656.4352;6753.6680
231.6404;304.4075;0.0000;660.7982;6760.6680
232.6404;304.7260;0.0000;656.6647;6767.6680
233.6403;304.0445;0.0000;658.4797;6774.6675
234.6403;303.6815;0.0000;660.4352;6781.6680
235.3218;303.0000;0.0000;656.6647;6788.6680
236.3218;303.3185;0.0000;659.1167;6795.6680
236.6403;302.6370;0.0000;659.3906;6802.6680
237.3219;301.9555;0.0000;657.7091;6809.6680
238.3218;301.5925;0.0000;660.4352;6816.6680
240.0034;300.9109;0.0000;658.3461;6823.6680
241.0033;301.2295;0.0000;658.4352;6830.6680
242.0034;300.5480;0.0000;661.4352;6837.6680
243.6849;300.1849;0.0000;657.9832;6844.6680
244.6848;299.5034;0.0000;659.3906;6851.9863
245.3664;298.8219;0.0000;661.0721;6858.9863
246.3664;299.1404;0.0000;656.9386;6865.9863
248.0479;298.4589;0.0000;660.3906;6872.9863
249.0479;297.7774;0.0000;662.3016;6879.9863
249.7294;297.4144;0.0000;658.6647;6887.6680
250.7294;296.7329;0.0000;661.3906;6894.6680
251.7294;296.3699;0.0000;659.3016;6901.6675
252.7294;295.6884;0.0000;659.7091;6908.6680
254.4109;295.0069;0.0000;663.0721;6915.6680
255.4109;294.3254;0.0000;660.3461;6922.6680
256.0924;293.9623;0.0000;662.1167;6929.6680
257.0924;292.5993;0.0000;665.4352;6936.6680
258.0924;291.9178;0.0000;661.3461;6943.6680
259.0924;291.5548;0.0000;664.4352;6950.6680
260.0924;290.1918;0.0000;665.6646;6957.6680
261.0924;289.8288;0.0000;662.0276;6964.6680
262.0924;289.1473;0.0000;665.4352;6971.6680
263.0924;288.1028;0.0000;663.6647;6978.6680
263.0924;287.4213;0.0000;664.4352;6985.6680
264.0924;286.3767;0.0000;671.8872;6992.6675
265.0924;285.6953;0.0000;669.7982;6999.6680
265.4109;284.3322;0.0000;673.2502;7006.6680
266.0479;283.2877;8.1781;677.9763;7013.6680
267.0479;281.9247;3.8219;677.2948;7020.6680
267.3664;281.2432;0.0000;682.7468;7027.6680
267.6849;279.8802;0.0000;684.0653;7034.9863
268.6849;278.8357;3.8219;682.7023;7041.9863
269.0034;278.1541;0.0000;686.1098;7048.9863
269.3218;276.7911;0.0000;684.3838;7055.9863
270.6404;276.4281;0.0000;681.1989;7062.9863
270.9588;275.0651;0.0000;688.1543;7069.9863
272.2773;274.3836;0.0000;684.7023;7077.6680
272.5958;274.0206;0.0000;685.4283;7084.6680
273.5958;273.3391;0.0000;688.1098;7091.6680
274.2328;271.9761;0.0000;684.3393;7098.6680
275.2328;271.2946;0.0000;687.1543;7105.6680
275.8698;270.9315;0.0000;687.3838;7112.6680
276.8698;270.2501;3.8219;685.3392;7119.6680
277.5068;268.8870;0.0000;689.1099;7126.6680
278.5068;268.2055;0.0000;688.0208;7133.6680
279.5068;267.5240;3.8219;686.7468;7140.6680
280.8253;266.8425;0.0000;691.4728;7147.6680
281.1438;266.1610;0.0000;690.0653;7154.6680
282.4623;265.4795;0.0000;691.5173;7161.6680
283.4623;264.7980;0.0000;698.2434;7168.6680
284.0992;264.1165;0.0000;696.8804;7175.6680
285.0992;262.7535;0.0000;702.0585;7182.6680
285.7362;262.0720;0.0000;705.0585;7189.6680
286.0547;261.3905;3.8219;703.6954;7196.6680
286.3732;260.7090;0.0000;706.7844;7203.6680
287.0102;260.7090;0.0000;707.7400;7210.6675
287.3287;260.0275;3.8219;705.0585;7217.6680
287.6472;259.3459;8.1781;709.8290;7224.9863
288.2842;258.6644;0.0000;707.4214;7231.9863
288.6027;257.9829;8.1781;708.4659;7238.9863
288.9212;256.9829;0.0000;712.1475;7245.9863
289.5582;256.3014;0.0000;707.6954;7252.9863
289.8766;255.6199;0.0000;709.1475;7260.6680
290.1952;255.6199;8.1781;712.4659;7267.6680
291.5136;254.9384;0.0000;709.6954;7274.6680
292.1506;253.9384;8.1781;712.1475;7281.6680
292.4691;253.2569;3.8219;711.4214;7288.6680
293.7876;252.5754;0.0000;708.0585;7295.6680
294.1061;252.5754;0.0000;713.4659;7302.6680
295.1061;251.8939;8.1781;710.6954;7309.6680
295.4246;250.8939;0.0000;710.4215;7316.6680
296.0616;250.2124;0.0000;714.4659;7323.6680
297.3801;248.8494;0.0000;711.0139;7330.6675
297.6986;248.1679;0.0000;713.7399;7337.6680
298.0171;247.4864;0.0000;707.9249;7344.6680
298.3356;246.8049;0.0000;714.7400;7351.6680
298.6541;245.1234;0.0000;717.8290;7358.6680
299.2910;244.4418;0.0000;720.5105;7365.6680
300.2910;243.4418;0.0000;717.4659;7372.6680
300.9280;242.7603;0.0000;720.9180;7379.6680
301.2465;241.3973;0.0000;719.1030;7386.6680
301.5650;240.7158;0.0000;719.8290;7393.6680
301.8835;240.0343;0.0000;724.9180;7400.6680
302.2020;238.6713;0.0000;722.1030;7407.9863
302.5205;237.6713;0.0000;721.1920;7414.9863
302.8390;236.6713;3.8219;725.2365;7421.9863
303.4760;235.3083;0.0000;722.4214;7428.9863
304.1130;234.3083;3.8219;725.5105;7435.9863
304.7500;232.6268;0.0000;725.7844;7443.6680
305.0685;231.9453;0.0000;722.7400;7450.6680
305.7054;230.2638;0.0000;726.5105;7457.6680
306.7054;228.5823;0.0000;726.0585;7464.6680
307.3424;227.9008;0.0000;724.4214;7471.6680
307.6609;226.2193;0.0000;730.8290;7478.6680
308.2979;225.5378;0.0000;725.0139;7485.6680
307.9349;223.8562;0.0000;726.7399;7492.6680
308.5719;222.8562;0.0000;732.1030;7499.6680
308.8904;221.1747;0.0000;725.9694;7506.6680
309.5274;220.1747;0.0000;726.5551;7513.6680
310.1644;218.4932;0.0000;729.6954;7520.6680
310.8013;217.4932;0.0000;726.9694;7527.6680
311.1198;216.4932;0.0000;730.7400;7534.6680
311.0753;215.8117;0.0000;729.6509;7541.6680
311.3938;214.1302;0.0000;728.0139;7548.6675
312.0308;212.8117;0.0000;732.1030;7555.6680
312.3493;211.8117;0.0000;728.2879;7562.6680
312.9863;210.8117;0.0000;727.6509;7569.6680
313.3048;209.8117;0.0000;733.0585;7576.6680
313.6233;208.4932;0.0000;727.9249;7583.6680
313.9418;207.4932;0.0000;729.6954;7590.9863
314.2603;205.8117;8.1781;731.6509;7597.9863
313.8972;204.8117;0.0000;727.9249;7604.9863
314.2158;203.8117;8.1781;730.0139;7611.9863
314.5342;202.8117;0.0000;731.6509;7618.9863
314.1712;201.8117;0.0000;727.2879;7625.9863
314.4897;200.8117;0.0000;730.9694;7633.6680
314.8082;199.8117;0.0000;729.8804;7640.6680
314.1267;198.8117;0.0000;728.2879;7647.6680
314.4452;197.1302;0.0000;733.2879;7654.6680
314.7637;196.4487;0.0000;728.5619;7661.6680
314.0822;195.4487;0.0000;731.2878;7668.6680
314.4007;194.4487;0.0000;732.1030;7675.6680
314.0377;193.4487;0.0000;729.8804;7682.6680
314.0377;192.4487;0.0000;734.0139;7689.6680
313.6747;191.4487;0.0000;732.2434;7696.6680
313.6747;190.7672;0.0000;732.6064;7703.6680
313.3116;189.7672;3.8219;735.3324;7710.6680
312.9486;188.7672;0.0000;733.2879;7717.6680
313.2671;187.7672;0.0000;735.6509;7724.6680
312.5856;186.0857;0.0000;740.3770;7731.6680
312.2226;185.0857;0.0000;736.2878;7738.6680
312.5411;184.0857;3.8219;735.8290;7745.6680
312.1781;183.0857;0.0000;742.7400;7752.6680
311.4966;182.7672;0.0000;737.9694;7759.6680
311.1335;181.4487;0.0000;742.4214;7766.6675
310.4521;180.4487;0.0000;744.0585;7773.6680
310.7706;179.7672;0.0000;740.0139;7780.9863
310.0891;177.7672;0.0000;743.7399;7787.9863
309.7260;176.7672;0.0000;740.6064;7794.9863
309.3630;175.7672;0.0000;742.0139;7801.9863
308.6815;175.0857;3.8219;748.1475;7808.9863
308.3185;173.4042;0.0000;742.9694;7816.6680
307.6370;172.4042;0.0000;742.6954;7823.6680
306.9555;171.4042;0.0000;745.0139;7830.6680
305.9109;170.7227;0.0000;741.6509;7837.6680
305.2295;169.0412;0.0000;745.0139;7844.6680
304.8665;168.0412;0.0000;743.6064;7851.6680
304.1849;167.0412;0.0000;742.2879;7858.6680
303.8219;166.0412;0.0000;745.6509;7865.6680
303.1404;164.3597;0.0000;745.6064;7872.6680
302.4589;163.6782;0.0000;740.5619;7879.6680
301.7774;162.6782;0.0000;745.6954;7886.6680
301.4144;161.6782;0.0000;742.5173;7893.6680
300.7329;160.6782;0.0000;743.6064;7900.6680
300.3699;159.6782;0.0000;743.9249;7907.6680
300.3699;158.6782;0.0000;741.8358;7914.6680
299.6884;157.9967;0.0000;744.9694;7921.6680
299.3254;156.3152;0.0000;745.2434;7928.6680
298.6439;155.3152;0.0000;741.5173;7935.6680
298.2809;153.6336;0.0000;745.2879;7942.6680
297.5993;152.6337;0.0000;744.1989;7949.6680
296.9178;151.2706;0.0000;743.1989;7956.6680
296.2363;150.2706;0.0000;745.6064;7963.9863
295.8733;148.2706;0.0000;743.7913;7970.9863
295.1918;147.2706;0.0000;742.5619;7977.9863
295.5103;146.5891;0.0000;747.8804;7984.9863
294.8288;144.9076;0.0000;742.1099;7991.9863
294.1473;143.9076;0.0000;744.5619;7999.6680
293.7843;142.2261;0.0000;746.1989;8006.6680
293.1028;141.2261;0.0000;742.1543;8013.6680
292.4213;140.2261;0.0000;744.5619;8020.6680
292.0582;139.2261;0.0000;744.1543;8027.6680
292.0582;138.2261;0.0000;741.4728;8034.6680
291.6953;137.2261;0.0000;745.1989;8041.6680
291.0137;135.5446;0.0000;742.7913;8048.6680
290.3322;134.5446;0.0000;743.5173;8055.6680
289.9692;133.2261;0.0000;746.5173;8062.6680
289.2877;131.5446;3.8219;741.7468;8069.6680
288.9247;130.5446;0.0000;745.5173;8076.6680
288.2432;129.5446;3.8219;745.8358;8083.6680
287.5617;128.5446;0.0000;742.0653;8090.6680
286.5172;127.2261;0.0000;745.5173;8097.6680
285.8357;126.2261;0.0000;745.4283;8104.6680
285.4727;125.9076;3.8219;742.7468;8111.6680
284.1096;124.5891;0.0000;746.7914;8118.6680
283.4281;123.5891;3.8219;744.0653;8125.6680
282.3836;122.5891;0.0000;743.1544;8132.6680
281.0206;121.5891;0.0000;748.7468;8139.6680
280.3391;120.5891;0.0000;743.4728;8146.9863
278.9761;119.5891;0.0000;744.7913;8153.9863
278.2946;118.5891;0.0000;747.4283;8160.9863
277.2501;117.2706;0.0000;744.3838;8167.9863
276.5685;116.9521;0.0000;745.0653;8174.9863
275.2055;115.9521;0.0000;748.7468;8181.9863
274.5240;114.9521;0.0000;745.0653;8189.6680
273.8425;114.3152;0.0000;748.7468;8196.6680
272.4795;113.9967;0.0000;745.9763;8203.6680
272.1165;112.9967;0.0000;746.0208;8210.6680
271.4350;112.6782;0.0000;749.7468;8217.6680
270.0720;112.0412;0.0000;746.2947;8224.6680
269.3905;111.0412;0.0000;746.7023;8231.6680
268.0275;110.7227;8.1781;751.7023;8238.6680
267.3459;109.7227;0.0000;746.9318;8245.6680
265.9829;108.7227;0.0000;749.0208;8252.6680
264.6199;107.7227;0.0000;750.2948;8259.6680
263.9384;107.0857;0.0000;746.6578;8266.6680
263.2569;106.0857;0.0000;745.5687;8273.6680
261.8939;104.7672;0.0000;754.7023;8280.6680
260.8494;104.4487;0.0000;743.8872;8287.6680
260.1679;103.1302;0.0000;757.4728;8294.6680
258.8049;102.8117;0.0000;752.6578;8301.6680
258.1234;102.4932;0.0000;753.0208;8308.6680
256.7603;101.4932;0.0000;758.4283;8315.6680
256.0788;100.8562;0.0000;755.0208;8322.6680
254.7158;99.8562;0.0000;754.7023;8329.6680
253.0343;98.8562;0.0000;757.0208;8336.9863
252.3528;98.5378;0.0000;756.7468;8343.9863
251.3083;97.2193;0.0000;758.1099;8350.9863
249.9453;96.9008;0.0000;757.7023;8357.9863
249.2638;95.5823;0.0000;754.7023;8364.9863
247.9008;95.2638;0.0000;759.7913;8372.6680
246.2193;94.2638;0.0000;757.0208;8379.6680
244.8562;93.9453;0.0000;756.7468;8386.6680
244.1747;92.6268;0.0000;760.4283;8393.6680
242.8117;92.3083;3.8219;754.6133;8400.6680
242.1302;91.9898;0.0000;759.0653;8407.6680
240.7672;91.3528;3.8219;759.3838;8414.6680
239.7672;90.3528;0.0000;757.9763;8421.6680
238.4042;90.0343;0.0000;759.7468;8428.6680
237.7227;89.7158;0.0000;758.3393;8435.6680
236.3597;89.0788;0.0000;757.7023;8442.6680
235.6782;88.7603;0.0000;761.1099;8449.6680
234.3152;88.1234;0.0000;757.9763;8456.6680
232.9521;87.8049;0.0000;757.0208;8463.6680
231.9521;86.4864;0.0000;761.7468;8470.6680
230.5891;86.1679;0.0000;756.6133;8477.6680
229.9076;85.8494;0.0000;759.7468;8484.6680
228.2261;85.2124;0.0000;761.3838;8491.6680
227.5446;83.8939;0.0000;756.6133;8498.6680
225.8631;83.5754;0.0000;760.0653;8505.6680
225.1816;82.9384;0.0000;760.0208;8512.6680
223.8186;82.6199;0.0000;758.3393;8519.9863
222.8186;82.3014;0.0000;761.3838;8526.9863
221.4556;81.6644;0.0000;758.9318;8533.9863
220.4556;81.3459;0.0000;758.6578;8540.9863
219.7741;80.7090;0.0000;761.7023;8547.9863
219.0926;80.3905;0.0000;757.5687;8555.6680
218.0926;79.7535;0.0000;760.0208;8562.6680
217.4111;79.4350;0.0000;762.3392;8569.6680
216.4111;79.1165;0.0000;757.2502;8576.6680
215.4111;79.1610;0.0000;761.3393;8583.6680
214.7296;78.8425;0.0000;762.3392;8590.6680
213.7296;78.2055;0.0000;757.2502;8597.6680
213.4110;78.5685;0.0000;762.0208;8604.6680
212.7296;78.2500;0.0000;758.5242;8611.6680
211.7296;77.6131;0.0000;758.6133;8618.6680
210.7296;77.2946;0.0000;762.3392;8625.6680
210.4111;77.6576;0.0000;757.2502;8632.6680
209.7296;77.3391;3.8219;759.3392;8639.6680
209.4111;77.7021;0.0000;761.9763;8646.6680
208.7296;77.0651;0.0000;757.8872;8653.6680
207.7296;76.7466;0.0000;760.6578;8660.6680
207.0480;76.4281;0.0000;760.2947;8667.6680
206.0480;76.7911;0.0000;756.8872;8674.6680
205.0480;76.4726;0.0000;760.6578;8681.6680
204.3665;76.1541;0.0000;758.5242;8688.6680
203.3665;76.5172;0.0000;758.9318;8695.6680
202.3665;76.1987;0.0000;762.3392;8702.9863
202.0480;75.8802;0.0000;757.5687;8709.9863
201.3665;76.2432;0.0000;757.5687;8716.9863
200.3665;75.6062;0.0000;763.9318;8723.9863
199.3665;76.2877;0.0000;757.5242;8730.9863
199.0480;75.9692;0.0000;760.9318;8737.9863
198.0480;75.6507;0.0000;761.2502;8745.6680
197.3665;76.0137;0.0000;755.8427;8752.6680
196.3665;76.0137;0.0000;760.6133;8759.6680
195.3665;76.3767;0.0000;760.2057;8766.6680
194.0035;76.0582;0.0000;756.2057;8773.6680
193.0035;75.7397;0.0000;762.9763;8780.6680
191.3220;75.4213;0.0000;756.4797;8787.6680
190.3220;75.7843;0.0000;757.5687;8794.6680
188.9590;75.4658;0.0000;763.6578;8801.6680
187.2775;75.8288;0.0000;756.4797;8808.6680
186.5960;75.5103;0.0000;756.5242;8815.6680
184.9145;75.8733;0.0000;751.0276;8822.6680
183.9145;75.8733;0.0000;756.4797;8829.6680
183.2330;75.5548;0.0000;752.4352;8836.6680
182.9145;75.9178;0.0000;753.0721;8843.6680
182.2330;75.5993;0.0000;747.1612;8850.6680
181.2330;76.2808;0.0000;754.7982;8857.6680
180.2330;76.6439;0.0000;748.9832;8864.6680
179.5515;76.6439;0.0000;750.0721;8871.6680
178.5515;76.3254;0.0000;752.0721;8878.6680
177.5515;76.6884;0.0000;748.9832;8885.9863
176.8700;76.3699;0.0000;751.2502;8892.9863
175.1885;76.7329;0.0000;754.7092;8899.9863
174.5070;76.7329;0.0000;750.3461;8906.9863
173.5070;77.0959;0.0000;752.7092;8913.9863
172.1440;76.7774;3.8219;752.3906;8920.9863
171.1440;77.4589;0.0000;749.3906;8928.6680
169.4624;77.8219;0.0000;753.4797;8935.6680
168.4624;77.8219;0.0000;746.4352;8942.6680
167.7809;78.1849;0.0000;751.7091;8949.6680
166.0994;78.5480;0.0000;753.1613;8956.6680
165.0994;78.9110;3.8219;748.9832;8963.6680
164.4179;79.5925;0.0000;750.0721;8970.6680
163.4179;79.2740;0.0000;753.0721;8977.6680
162.4179;79.6370;0.0000;749.3461;8984.6680
161.4179;80.0000;0.0000;752.4797;8991.6680
160.4179;80.6815;0.0000;752.0721;8998.6680
158.7364;81.0445;3.8219;751.3906;9005.6680
158.0549;81.4075;0.0000;752.1612;9012.6680
157.0549;82.0890;3.8219;750.0721;9019.6680
156.0549;82.4520;0.0000;749.3906;9026.6680
155.0549;82.8151;0.0000;753.5242;9033.6680
154.0549;83.4966;0.0000;750.7537;9040.6680
153.0549;83.8596;0.0000;750.7982;9047.6680
152.7364;83.8596;3.8219;753.8427;9054.6680
151.7364;84.2226;0.0000;750.0721;9061.6680
151.4179;84.5856;0.0000;753.8872;9068.6680
150.4179;85.2671;3.8219;752.1612;9075.9863
149.4179;85.6301;0.0000;750.7982;9082.9863
149.0994;85.3116;0.0000;753.5687;9089.9863
148.0994;85.9931;3.8219;752.1612;9096.9863
147.0994;86.3562;3.8219;749.5242;9103.9863
146.0994;86.3562;3.8219;753.5687;9111.6680
145.7809;86.7192;0.0000;751.4352;9118.6680
144.7809;86.4007;0.0000;752.5242;9125.6680
144.4624;87.0822;0.0000;753.8872;9132.6680
144.1439;86.7637;3.8219;751.4797;9139.6680
143.8254;87.4452;0.0000;754.5687;9146.6680
142.8254;87.1267;0.0000;754.5687;9153.6680
142.5070;87.4897;0.0000;751.4797;9160.6680
141.5070;88.1712;0.0000;754.5687;9167.6680
141.1885;87.8527;0.0000;753.4797;9174.6680
140.8700;88.2157;0.0000;752.5242;9181.6680
139.8700;88.2157;0.0000;756.5687;9188.6680
139.5515;88.8972;0.0000;753.4797;9195.6680
139.2330;88.5787;0.0000;754.5687;9202.6680
138.9145;89.2603;0.0000;756.2502;9209.6680
137.5960;89.6233;0.0000;749.3906;9216.6680
137.2775;89.3048;0.0000;754.5687;9223.6680
136.5960;89.6678;0.0000;755.2502;9230.6680
136.2775;89.6678;0.0000;753.1613;9237.6680
135.9590;90.0308;0.0000;755.2502;9244.6680
134.9590;90.0308;0.0000;756.8872;9251.6680
134.3220;90.3938;0.0000;752.5242;9258.9863
133.6405;90.7568;0.0000;756.6133;9265.9863
133.3220;91.0753;0.0000;753.1613;9272.9863
132.3220;91.4383;0.0000;753.6133;9279.9863
131.3220;91.8013;0.0000;756.2948;9286.9863
130.3220;91.8013;0.0000;752.5242;9293.9863
129.3220;92.1644;0.0000;754.9318;9301.6680
128.3220;92.8459;0.0000;758.9763;9308.6680
128.0035;92.8459;0.0000;752.5242;9315.6680
127.0035;93.2089;0.0000;755.9763;9322.6680
126.0035;93.8904;0.0000;755.6133;9329.6680
125.0035;93.5719;0.0000;752.2057;9336.6680
124.0035;94.2534;0.0000;754.9763;9343.6680
123.0035;94.6164;0.0000;752.2502;9350.6680
122.0035;95.2979;0.0000;754.9763;9357.6680
120.6850;95.2979;0.0000;757.7023;9364.6680
119.6850;95.3424;0.0000;754.5687;9371.6680
118.6850;96.0239;0.0000;755.3392;9378.6680
117.6850;96.7054;0.0000;757.3392;9385.6680
116.6850;97.3869;0.0000;754.2948;9392.6680
116.0035;98.0685;0.0000;755.3392;9399.6680
115.0035;98.7500;0.0000;756.7023;9406.6680
114.0035;99.4315;0.0000;754.2948;9413.6680
114.0035;99.4315;0.0000;755.3392;9420.6680
113.0035;100.1130;0.0000;754.2948;9427.6680
112.0035;100.4760;0.0000;752.9763;9434.6680
111.6850;101.1575;3.8219;759.0653;9441.9863
110.6850;101.8390;0.0000;754.2948;9448.9863
109.6850;102.2020;0.0000;752.9763;9455.9863
109.3665;102.2020;0.0000;759.0653;9462.9863
108.3665;102.8835;0.0000;755.6578;9469.9863
107.3665;103.5650;0.0000;756.7468;9476.9863
107.0480;104.2465;0.0000;754.7023;9484.6680
106.0480;104.9280;0.0000;753.7023;9491.6680
105.0480;105.6095;0.0000;758.1099;9498.6680
104.0480;106.2910;0.0000;755.3392;9505.6680
103.7296;106.6541;0.0000;754.7023;9512.6680
102.7295;107.3356;0.0000;759.7913;9519.6680
102.4110;108.0171;0.0000;755.6578;9526.6680
101.4111;108.6986;0.0000;756.0653;9533.6680
101.0926;109.3801;0.0000;759.4283;9540.6680
100.7741;110.0616;3.8219;752.6578;9547.6680
99.7741;111.4246;0.0000;759.1543;9554.6680
99.4556;112.1061;0.0000;758.7914;9561.6680
99.1371;112.7876;0.0000;753.6578;9568.6680
98.1371;113.4691;0.0000;759.1543;9575.6680
97.8186;114.8321;0.0000;757.7468;9582.6680
97.1371;115.5136;0.0000;755.1098;9589.6680
96.8186;116.1951;0.0000;760.1544;9596.6680
96.5001;116.8767;0.0000;754.7023;9603.6680
95.5001;117.5582;3.8219;756.7913;9610.6680
95.1816;118.9212;0.0000;759.5173;9617.6680
94.1816;119.6027;0.0000;754.0208;9624.6680
93.8631;120.9657;0.0000;758.5173;9631.9863
93.5446;121.6472;0.0000;759.4728;9638.9863
92.5446;123.0102;0.0000;754.3838;9645.9863
92.5446;123.6917;0.0000;757.7913;9652.9863
91.5446;125.0547;0.0000;757.7913;9659.9863
91.2261;126.4177;0.0000;756.1543;9667.6680
90.9076;127.7808;0.0000;760.5619;9674.6680
89.9076;128.7807;0.0000;757.1098;9681.6680
89.5891;130.1438;0.0000;757.5173;9688.6680
89.2706;131.5068;0.0000;758.5173;9695.6680
88.2706;132.8698;0.0000;755.1543;9702.6680
87.9521;133.5513;0.0000;757.5619;9709.6680
86.6336;134.9143;0.0000;759.1989;9716.6680
85.9521;135.5958;0.0000;755.4728;9723.6680
85.6337;136.9588;0.0000;757.8804;9730.6680
84.6336;137.6403;0.0000;759.1989;9737.6680
84.3152;139.0033;0.0000;756.4728;9744.6680
83.3152;139.6848;0.0000;758.2434;9751.6680
83.3152;141.0479;0.0000;755.7913;9758.6680
82.3152;142.4109;3.8219;754.5173;9765.6680
81.9967;143.0924;0.0000;758.2434;9772.6680
81.9967;144.7739;0.0000;756.4728;9779.6680
80.9967;146.1369;0.0000;756.8804;9786.6680
80.6782;147.1369;0.0000;758.5173;9793.6680
80.3597;148.4999;0.0000;755.5173;9800.6680
80.0412;149.8629;3.8219;758.9694;9807.6680
79.7227;151.2260;0.0000;758.5619;9814.9863
79.4042;152.5890;0.0000;756.1543;9821.9863
79.0857;153.2704;0.0000;760.5619;9828.9863
78.7672;154.6335;0.0000;757.1543;9835.9863
78.4487;155.3150;0.0000;758.2434;9842.9863
78.1302;156.6780;0.0000;762.6064;9849.9863
78.1302;157.3595;0.0000;757.5173;9857.6680
77.8117;158.0410;0.0000;757.2434;9864.6680
77.8117;159.4040;0.0000;760.6064;9871.6680
77.4932;160.4040;0.0000;755.5173;9878.6680
77.1747;161.0855;0.0000;759.6064;9885.6680
77.1747;161.7670;8.1781;758.9249;9892.6680
76.8562;163.1300;8.1781;754.1989;9899.6680
76.5377;163.8115;0.0000;759.2879;9906.6680
76.2193;165.1746;8.1781;755.8358;9913.6680
75.9008;165.8561;0.0000;748.0653;9920.6680
75.5823;166.5376;0.0000;751.4728;9927.6680
75.5823;167.2191;0.0000;749.3838;9934.6680
75.2638;167.9006;3.8219;748.1098;9941.6680
74.9453;168.5821;0.0000;751.4728;9948.6680
74.6268;169.5821;0.0000;747.7023;9955.6680
74.3083;170.2636;0.0000;750.1543;9962.6680
73.9898;170.9451;0.0000;749.1543;9969.6680
73.6713;171.6266;0.0000;747.1099;9976.6680
73.3528;172.3081;0.0000;749.4728;9983.6680
73.3528;172.9896;0.0000;750.1098;9990.6680
73.0343;172.9896;0.0000;747.4728;9997.9863
72.7158;173.6711;3.8219;750.5619;10004.9863
73.0788;174.6711;0.0000;746.1099;10011.9863
72.7603;175.6711;0.0000;745.5173;10018.9863
72.4418;176.3526;3.8219;749.9249;10025.9863
72.1234;177.0341;0.0000;744.4728;10032.9863
71.8049;177.7157;0.0000;746.2878;10040.6680
71.4864;178.7156;0.0000;748.6064;10047.6680
71.1679;179.0341;0.0000;744.8804;10054.6680
71.1679;180.0341;0.0000;746.6509;10061.6680
71.5309;180.7157;0.0000;746.9249;10068.6680
71.2124;181.7157;0.0000;743.9249;10075.6680
70.8939;181.7157;0.0000;748.9694;10082.6680
70.5754;182.0787;3.8219;744.2434;10089.6680
70.2569;182.7602;0.0000;744.9694;10096.6680
69.9384;182.7602;3.8219;741.5619;10103.6680
70.3014;183.4417;3.8219;743.6509;10110.6680
69.9829;184.1232;0.0000;745.0585;10117.6680
69.6644;184.4417;0.0000;747.4659;10124.6680
69.3459;185.4417;0.0000;742.0139;10131.6680
69.0275;186.4417;0.0000;744.0585;10138.6680
68.7090;186.4417;3.8219;744.3770;10145.6680
69.3905;187.1232;0.0000;743.1029;10152.6680
69.0720;187.8047;0.0000;747.5105;10159.6680
68.7535;188.1232;3.8219;743.3770;10166.6680
68.7535;189.1232;0.0000;741.5995;10173.6680
69.1165;189.8047;0.0000;746.9180;10180.6680
68.7980;189.8047;3.8219;742.1475;10187.9863
68.4795;190.8047;0.0000;742.1475;10194.9863
68.1610;191.8047;0.0000;746.2365;10201.9863
67.8425;192.8047;0.0000;740.1030;10208.9863
67.5240;193.1232;0.0000;743.5550;10215.9863
67.2055;193.8047;0.0000;743.5550;10223.6680
67.2055;194.4862;3.8219;740.1920;10230.6680
66.8870;195.1677;0.0000;744.9625;10237.6680
66.2500;195.4862;3.8219;741.5105;10244.6680
65.9315;196.4862;0.0000;740.2365;10251.6680
65.6131;197.4862;0.0000;745.2810;10258.6680
65.2946;197.4862;0.0000;740.5550;10265.6680
64.9761;198.1677;0.0000;738.2365;10272.6680
64.9761;199.1677;0.0000;744.3256;10279.6680
64.6576;200.1677;0.0000;740.2365;10286.6680
64.3391;200.8492;0.0000;742.0516;10293.6680
64.0206;201.5307;0.0000;740.6886;10300.6680
63.7021;202.5307;0.0000;740.2365;10307.6680
63.3836;203.5307;0.0000;741.7776;10314.6680
62.7466;204.5307;0.0000;741.6440;10321.6680
63.1096;205.2122;0.0000;739.6885;10328.6680
62.7911;206.2122;0.0000;743.0961;10335.6680
62.4726;207.2122;0.0000;740.0071;10342.6680
61.8357;208.2122;0.0000;739.4146;10349.6680
61.5172;208.8937;0.0000;742.4591;10356.6680
61.8802;209.8937;0.0000;738.0071;10363.6680
61.5617;210.8937;0.0000;741.4591;10370.9863
61.2432;211.8937;0.0000;742.4591;10377.9863
60.9247;212.5752;0.0000;737.3701;10384.9863
60.9247;213.5752;0.0000;738.7776;10391.9863
60.9692;214.5752;0.0000;738.7776;10398.9863
60.9692;215.2567;0.0000;737.0961;10406.6680
60.6507;216.2567;0.0000;741.5482;10413.6680
60.3322;217.2567;0.0000;738.0516;10420.6680
60.0137;218.2567;0.0000;737.7776;10427.6680
60.3767;218.9382;0.0000;742.8666;10434.6680
60.3767;219.9382;0.0000;736.4146;10441.6680
60.0582;220.6198;0.0000;738.1406;10448.6680
60.7398;221.6198;0.0000;741.4591;10455.6680
60.7398;222.3013;0.0000;737.3701;10462.6680
60.4213;223.3013;0.0000;740.5037;10469.6680
61.1028;223.9828;0.0000;738.7776;10476.6680
61.1028;224.6643;0.0000;737.4591;10483.6680
60.7843;225.6643;0.0000;734.6886;10490.6680
60.4658;226.3458;0.0000;736.7776;10497.6680
60.4658;226.6643;0.0000;739.8666;10504.6680
60.8288;227.6643;0.0000;742.9111;10511.6680
60.5103;228.6643;0.0000;737.4146;10518.6680
60.8733;229.6643;0.0000;739.5482;10525.6680
61.2363;229.9828;0.0000;743.9111;10532.6680
60.9178;230.6643;0.0000;735.1852;10539.6680
61.5993;231.6643;0.0000;739.2296;10546.6680
61.2808;231.6643;0.0000;739.5482;10553.9863
61.6439;232.6643;0.0000;736.5482;10560.9863
61.6439;233.3458;0.0000;740.6817;10567.9863
61.3254;233.6643;0.0000;736.8666;10574.9863
61.6884;234.3458;0.0000;737.9557;10581.9863
61.6884;235.3458;0.0000;741.3632;10588.9863
61.3699;235.6643;0.0000;735.9111;10596.6680
61.7329;236.6643;0.0000;738.3187;10603.6680
61.7329;237.3458;0.0000;739.0002;10610.6680
62.0959;238.3458;0.0000;733.9111;10617.6680
62.4589;239.3458;3.8219;738.3187;10624.6680
62.1404;239.6643;0.0000;738.0002;10631.6680
62.5034;240.6643;0.0000;734.5927;10638.6680
62.1849;241.3458;3.8219;738.7262;10645.6680
62.8664;242.3458;0.0000;734.6372;10652.6680
63.2295;243.3458;0.0000;736.3632;10659.6680
62.9110;244.0273;0.0000;737.3632;10666.6680
63.5925;245.0273;0.0000;735.2742;10673.6680
63.2740;246.0273;0.0000;735.7262;10680.6680
63.6370;246.3458;3.8219;738.7708;10687.6680
63.6370;247.0273;0.0000;736.0002;10694.6680
64.0000;248.0273;0.0000;735.7262;10701.6680
64.3630;249.0273;0.0000;734.7262;10708.6680
64.3630;250.0273;0.0000;732.3187;10715.6680
64.7260;251.0273;3.8219;736.0892;10722.6680
64.4075;251.7088;0.0000;733.6817;10729.6680
65.0890;252.7088;0.0000;732.7262;10736.6680
64.7705;253.7088;0.0000;736.1783;10743.9863
65.4520;254.7088;0.0000;732.0002;10750.9863
65.1336;255.0273;0.0000;734.0892;10757.9863
65.8151;255.7088;0.0000;736.4523;10764.9863
66.1781;256.7088;0.0000;732.0447;10771.9863
66.8596;257.7088;0.0000;734.8152;10779.6680
66.5411;258.7088;0.0000;735.4077;10786.6680
66.9041;259.3903;0.0000;732.0447;10793.6680
67.5856;260.0273;0.0000;733.7708;10800.6680
67.2671;261.0273;0.0000;732.0002;10807.6680
67.9486;262.0273;0.0000;731.4077;10814.6680
68.3116;263.0273;0.0000;736.1338;10821.6680
68.9931;264.0273;0.0000;729.3632;10828.6680
69.3562;264.3458;0.0000;732.0892;10835.6680
70.0377;265.3458;0.0000;733.8597;10842.6680
69.7192;266.3458;0.0000;729.0892;10849.6680
70.4007;267.6643;0.0000;734.1782;10856.6680
70.7637;268.6643;0.0000;735.4968;10863.6680
71.4452;268.9828;0.0000;729.0892;10870.6680
71.1267;269.9828;0.0000;732.8152;10877.6680
71.4897;271.3013;0.0000;733.1337;10884.6680
72.1712;272.3013;0.0000;729.4077;10891.6680
72.8527;273.3013;0.0000;731.1338;10898.6680
73.2157;274.3013;0.0000;728.3632;10905.6680
73.2157;275.6198;0.0000;729.0892;10912.6680
73.8972;275.9382;0.0000;732.2228;10919.6680
74.2603;276.9382;0.0000;727.6817;10926.9863
74.9418;277.9383;0.0000;729.0892;10933.9863
75.6233;278.9383;0.0000;730.0892;10940.9863
76.3048;279.9382;3.8219;726.3632;10947.9863
77.3493;281.2567;0.0000;729.0892;10954.9863
78.0308;282.2567;0.0000;729.0892;10962.6680
78.3938;283.2567;0.0000;727.0447;10969.6680
79.0753;283.5753;0.0000;729.4967;10976.6680
79.0753;284.5752;0.0000;725.0002;10983.6680
79.7568;285.5752;0.0000;726.4077;10990.6680
80.1198;286.5752;0.0000;731.1338;10997.6680
80.8013;287.5752;0.0000;727.0447;11004.6680
81.1644;287.8937;3.8219;729.1782;11011.6680
81.1644;289.2122;0.0000;729.7708;11018.6680
81.8459;290.2122;0.0000;726.3632;11025.6680
82.2089;291.2122;3.8219;728.1337;11032.6680
82.8904;292.2122;0.0000;729.0892;11039.6680
83.5719;293.2122;3.8219;725.0002;11046.6680
83.9349;293.5307;0.0000;728.1337;11053.6680
83.9349;294.5307;0.0000;729.4077;11060.6680
84.2979;295.5307;0.0000;725.7708;11067.6680
84.9794;296.1677;0.0000;730.1782;11074.6680
84.9794;297.1677;0.0000;726.4077;11081.6680
85.3424;297.8492;0.0000;727.1338;11088.6680
86.0239;298.1677;0.0000;730.1782;11095.6680
86.7054;299.1677;0.0000;725.4077;11102.6680
87.3869;300.1677;0.0000;727.1782;11109.9863
87.7500;300.4862;0.0000;727.8152;11116.9863
87.7500;301.4862;0.0000;727.0892;11123.9863
88.4315;301.8047;0.0000;729.4967;11130.9863
89.1130;302.8047;0.0000;725.0447;11137.9863
89.4760;303.1232;0.0000;725.7708;11144.9863
90.1575;304.1232;0.0000;729.7708;11152.6680
90.1575;304.4417;0.0000;727.0447;11159.6680
90.8390;304.7602;0.0000;725.4523;11166.6680
91.2020;305.7602;0.0000;729.0892;11173.6680
91.8835;306.0787;3.8219;725.0002;11180.6680
92.5650;306.7602;0.0000;726.8597;11187.6680
93.2465;307.0787;0.0000;726.4523;11194.6680
93.6095;308.0787;0.0000;724.0447;11201.6680
94.2910;308.3972;0.0000;727.1782;11208.6680
94.9725;308.7157;0.0000;725.4523;11215.6680
95.3356;309.7157;0.0000;723.4077;11222.6680
95.3356;310.0341;0.0000;727.1782;11229.6680
96.0171;310.6711;0.0000;723.4077;11236.6680
96.6986;310.9896;0.0000;724.8153;11243.6680
97.3801;311.9896;0.0000;727.8152;11250.6680
97.0616;312.3081;3.8219;723.0447;11257.6680
97.7431;312.9451;0.0000;723.1337;11264.6680
98.4246;313.9451;3.8219;725.4968;11271.6680
99.1061;314.2636;0.0000;723.7262;11278.6680
99.7876;314.9006;0.0000;722.4523;11285.6680
100.4691;315.9006;0.0000;725.7708;11292.6680
100.4691;316.2191;0.0000;723.4523;11299.9863
101.1506;317.5376;3.8219;725.1338;11306.9863
101.5136;317.8561;0.0000;723.0892;11313.9863
102.1952;318.8561;3.8219;723.4523;11320.9863
102.8767;319.4931;0.0000;726.8597;11327.9863
103.5582;319.8116;0.0000;722.0002;11335.6680
104.2397;320.1301;0.0000;723.4523;11342.6680
104.9212;321.4485;0.0000;723.7708;11349.6680
105.6027;321.7670;3.8219;717.9557;11356.6680
105.6027;322.0855;0.0000;722.7708;11363.6680
106.2842;322.4040;3.8219;722.4077;11370.6680
106.9657;323.4040;0.0000;721.4077;11377.6680
107.6472;323.7225;0.0000;722.7708;11384.6680
108.3287;324.0410;3.8219;721.0447;11391.6680
109.0102;324.3595;0.0000;720.0447;11398.6680
109.6917;325.3595;0.0000;723.7708;11405.6680
110.3732;325.6780;0.0000;718.9557;11412.6680
110.3732;325.9965;0.0000;718.7262;11419.6680
111.0547;326.3150;0.0000;724.3632;11426.6680
111.7362;327.3150;0.0000;720.0002;11433.6680
112.4177;327.6335;0.0000;721.7262;11440.6680
112.4177;327.9520;0.0000;721.6817;11447.6680
112.7808;328.2704;8.1781;719.3632;11454.6680
113.4623;328.5890;0.0000;724.0447;11461.6680
114.1438;328.9074;0.0000;720.3187;11468.6680
114.8253;329.9075;0.0000;720.0002;11475.6680
114.8253;330.2260;0.0000;724.3632;11482.9863
116.1883;330.5444;0.0000;722.2742;11489.9863
116.8698;330.5444;0.0000;722.0002;11496.9863
117.5513;331.5445;0.0000;724.3187;11503.9863
118.2328;331.8629;0.0000;719.5036;11510.9863
119.5958;332.1815;0.0000;722.6817;11518.6680
120.2773;333.1814;0.0000;722.9557;11525.6680
120.9588;333.4999;0.0000;721.5927;11532.6680
122.3218;333.8184;0.0000;724.3187;11539.6680
123.0033;334.8184;0.0000;722.2296;11546.6680
123.6849;335.1369;0.0000;720.8666;11553.6680
125.0479;335.1369;0.0000;723.5927;11560.6680
125.7294;335.4554;0.0000;719.8221;11567.6680
127.4109;336.4554;0.0000;720.1851;11574.6680
128.0924;337.0924;0.0000;715.7331;11581.6680
129.4554;338.0924;0.0000;718.7331;11588.6680
130.8184;338.4109;0.0000;720.2297;11595.6680
132.1814;339.4109;0.0000;721.4591;11602.6680
132.8629;339.7294;0.0000;716.0516;11609.6680
134.5444;340.0479;0.0000;720.1406;11616.6680
135.9075;341.0479;0.0000;719.3701;11623.6680
137.2705;341.3664;0.0000;717.7776;11630.6680
138.6335;341.6849;8.1781;721.8221;11637.6680
140.3150;342.0034;0.0000;717.3256;11644.6680
141.6780;342.3218;0.0000;717.7331;11651.6680
142.3595;342.6404;0.0000;721.4146;11658.6680
144.0410;343.2773;0.0000;717.9625;11665.9863
145.4040;343.5958;0.0000;719.0516;11672.9863
147.0855;343.9143;0.0000;718.6440;11679.9863
148.4485;344.2328;0.0000;718.2810;11686.9863
149.8116;344.5513;0.0000;719.3701;11693.9863
151.4931;344.8698;0.0000;719.5995;11700.9863
152.8561;345.1883;8.1781;717.6440;11708.6680
154.2191;345.5068;3.8219;721.0071;11715.6680
155.9006;345.8253;0.0000;719.1920;11722.6680
157.2636;346.1438;0.0000;719.2365;11729.6680
158.6266;346.4623;0.0000;719.5551;11736.6680
160.3081;346.0993;0.0000;717.5105;11743.6680
161.6711;346.4178;0.0000;718.5550;11750.6680
163.0341;346.0547;8.1781;719.9180;11757.6680
164.7157;346.3732;0.0000;714.5105;11764.6680
166.0787;346.3287;0.0000;719.2365;11771.6680
167.4417;346.6472;8.1781;717.8735;11778.6680
169.1232;346.9657;0.0000;715.8290;11785.6680
170.4862;346.6027;0.0000;718.9180;11792.6680
172.1677;346.9212;0.0000;717.8290;11799.6680
173.5307;347.2397;0.0000;716.8735;11806.6680
175.2122;346.8766;0.0000;720.8735;11813.6680
176.5752;347.1952;0.0000;718.1029;11820.6680
177.9382;347.5136;0.0000;719.5105;11827.6680
178.9382;347.1506;0.0000;720.5105;11834.6680
180.3013;347.7876;0.0000;716.4659;11841.6680
181.6643;347.4246;0.0000;719.5551;11848.6680
182.6643;347.7431;8.1781;720.5105;11855.9863
184.0273;347.3801;0.0000;718.5105;11862.9863
185.7088;347.6986;0.0000;719.9180;11869.9863
186.3903;347.3356;0.0000;716.4214;11876.9863
188.0718;347.6541;0.0000;716.7845;11883.9863
189.4348;347.6096;0.0000;719.8735;11891.6680
190.4348;347.9280;0.0000;717.7844;11898.6680
192.1163;347.5650;0.0000;717.1920;11905.6680
193.4793;348.2020;0.0000;720.8735;11912.6680
194.4793;348.5205;0.0000;717.7844;11919.6680
195.4793;348.1575;0.0000;718.8290;11926.6680
196.8423;348.7945;0.0000;719.8290;11933.6680
197.8423;349.1130;0.0000;716.7845;11940.6680
198.5238;349.0685;0.0000;719.5551;11947.6680
199.5238;349.3870;0.0000;718.1475;11954.6680
200.5239;349.7054;0.0000;715.5105;11961.6680
201.2054;350.3424;0.0000;720.8735;11968.6680
202.8869;349.9794;0.0000;716.4214;11975.6680
203.8869;350.2979;0.0000;717.8290;11982.6680
204.8869;350.9349;0.0000;719.5551;11989.6680
205.8869;351.2534;0.0000;716.1030;11996.6680
206.8869;350.8904;0.0000;718.9180;12003.6680
207.5684;351.5274;8.1781;719.5105;12010.6680
208.5684;351.8459;3.8219;716.7845;12017.6680
209.5684;352.1644;0.0000;717.8735;12024.6680
210.5684;352.1198;0.0000;717.1920;12031.6680
212.2499;352.4383;0.0000;715.8290;12038.9863
213.2499;352.7568;0.0000;718.9180;12045.9863
213.9314;353.0753;0.0000;715.7844;12052.9863
214.9314;353.7123;0.0000;718.5550;12059.9863
215.9314;354.0308;0.0000;719.5551;12066.9863
217.6129;354.3493;0.0000;716.1030;12074.6680
218.6129;354.9863;0.0000;718.5105;12081.6680
219.6129;354.6233;0.0000;719.8290;12088.6680
220.6129;354.9418;0.0000;715.7844;12095.6680
221.6129;355.2603;0.0000;719.2365;12102.6680
222.6129;354.8972;0.0000;718.1475;12109.6680
223.6129;355.5342;0.0000;715.4659;12116.6680
224.6129;355.8527;8.1781;719.5105;12123.6680
224.9314;356.1712;0.0000;715.7844;12130.6680
225.9314;355.8082;0.0000;716.5105;12137.6680
226.9314;356.1267;0.0000;718.5550;12144.6680
227.9314;355.7637;0.0000;716.4214;12151.6680
228.9314;356.0822;0.0000;714.8290;12158.6680
229.6129;356.4007;0.0000;718.8290;12165.6680
230.6129;356.0377;0.0000;714.1030;12172.6680
231.6129;356.3562;0.0000;717.1920;12179.6680
232.6129;355.9932;0.0000;717.8290;12186.6680
233.2944;355.9932;0.0000;715.1475;12193.6680
234.2944;355.6301;0.0000;718.5550;12200.6680
235.2944;355.9486;0.0000;715.1030;12207.6680
235.9759;356.2671;0.0000;714.1920;12214.6680
236.9759;355.5856;0.0000;719.9180;12221.9863
237.6574;355.9041;0.0000;715.7844;12228.9863
239.3389;355.5411;0.0000;717.8735;12235.9863
240.3389;355.8596;0.0000;719.1920;12242.9863
241.0204;355.4966;0.0000;715.7844;12249.9863
242.0204;355.8151;0.0000;718.2365;12256.9863
243.0204;355.4521;0.0000;718.5550;12264.6680
244.0204;355.7706;0.0000;715.8290;12271.6680
245.0204;355.0891;0.0000;716.8735;12278.6680
246.0204;355.7260;0.0000;714.7845;12285.6680
247.7019;355.0445;0.0000;716.2365;12292.6680
248.7019;354.6815;0.0000;718.5550;12299.6680
249.7019;354.6815;0.0000;715.1475;12306.6680
251.3834;354.3185;0.0000;716.8735;12313.6680
252.7019;353.9555;0.0000;717.8735;12320.6680
253.7019;353.5925;0.0000;715.1475;12327.6680
255.3834;353.2295;0.0000;717.5551;12334.6680
256.3834;353.2295;0.0000;717.1920;12341.6680
258.0649;352.8665;0.0000;714.1920;12348.6680
259.3834;352.5034;0.0000;718.5550;12355.6680
261.0649;351.8219;0.0000;717.1475;12362.6680
263.0649;351.4589;0.0000;715.8290;12369.6680
264.3834;351.0959;0.0000;718.5995;12376.6680
265.3834;350.4144;0.0000;715.7844;12383.6680
267.3834;349.3699;0.0000;715.1920;12390.6680
269.3834;348.6884;0.0000;719.2365;12397.6680
270.3834;348.3254;0.0000;714.1030;12404.9863
272.3834;347.9623;0.0000;717.2366;12411.9863
273.3835;347.5993;0.0000;718.1920;12418.9863
275.3834;347.2363;0.0000;715.1475;12425.9863
276.3834;345.8733;0.0000;717.1920;12432.9863
277.7019;345.5103;0.0000;717.1475;12439.9863
279.3834;345.1473;0.0000;715.1475;12447.6680
280.7019;344.1028;0.0000;719.2365;12454.6680
281.7019;343.7398;0.0000;715.4215;12461.6680
283.7019;342.3767;0.0000;716.5105;12468.6680
284.7019;342.0137;0.0000;718.2365;12475.6680
286.0204;341.6507;0.0000;714.4214;12482.6680
287.3389;340.2877;0.0000;717.1920;12489.6680
289.3389;339.9247;0.0000;718.1475;12496.6680
290.3389;338.5617;0.0000;714.4214;12503.6680
291.6574;338.1987;0.0000;717.1920;12510.6680
292.9759;336.8357;0.0000;718.7844;12517.6680
294.2944;335.7911;8.1781;716.1475;12524.6680
296.2944;335.4281;0.0000;717.8290;12531.6680
297.2944;334.0651;0.0000;716.0585;12538.6680
298.6129;333.7021;0.0000;716.1030;12545.6680
300.6129;332.3391;0.0000;719.5105;12552.6680
301.9314;331.2946;0.0000;714.1030;12559.6680
303.2499;330.6131;0.0000;717.1475;12566.6680
304.5684;329.5685;0.0000;719.5105;12573.6680
305.8869;328.2055;0.0000;714.0585;12580.6680
307.2054;327.1610;0.0000;717.8290;12587.6680
308.2054;325.7980;0.0000;716.7399;12594.9863
308.8423;325.1165;0.0000;716.1030;12601.9863
310.1608;323.7535;0.0000;718.1475;12608.9863
311.8423;322.7090;0.0000;716.3770;12615.9863
313.1609;322.0275;0.0000;716.4214;12622.9863
314.1608;320.9829;0.0000;719.5105;12630.6680
315.4793;320.3015;0.0000;717.7400;12637.6680
316.4793;319.2569;0.0000;716.7845;12644.6680
317.7978;317.8939;0.0000;718.7844;12651.6680
319.1163;317.2124;0.0000;715.6954;12658.6680
320.1163;315.8494;0.0000;717.4214;12665.6680
321.4348;314.4864;0.0000;719.4214;12672.6680
322.7533;313.4419;0.0000;717.0139;12679.6680
323.0718;312.7603;0.0000;719.7845;12686.6680
324.3903;311.3973;0.0000;717.3770;12693.6680
325.7088;310.3528;0.0000;717.0585;12700.6680
326.7088;308.9898;0.0000;720.4659;12707.6680
328.0273;308.3083;0.0000;717.6954;12714.6680
329.0273;306.9453;0.0000;716.7845;12721.6680
330.3458;306.5823;8.1781;721.1030;12728.6680
331.3458;305.2192;0.0000;717.3324;12735.6680
331.6643;303.8563;0.0000;718.7844;12742.6680
332.9828;303.1747;0.0000;719.7400;12749.6680
333.9828;302.1302;0.0000;717.0139;12756.6680
334.6198;300.7672;0.0000;717.1030;12763.6680
335.6198;300.0857;0.0000;718.7399;12770.6680
336.6198;298.7227;0.0000;718.3770;12777.9863
337.2567;297.3597;0.0000;722.1030;12784.9863
338.2567;295.9966;0.0000;718.6509;12791.9863
338.8937;295.3152;0.0000;720.0585;12798.9863
339.8937;293.9521;0.0000;722.4214;12805.9873
340.5307;292.5891;0.0000;718.6509;12812.9863
341.5307;291.9076;0.0000;721.7845;12820.6680
341.8492;290.5446;0.0000;723.0585;12827.6680
343.1677;289.1816;0.0000;720.6954;12834.6680
343.4862;288.5001;0.0000;723.4659;12841.6680
344.1232;287.1371;0.0000;724.4214;12848.6680
344.4417;285.7740;0.0000;724.1475;12855.6680
345.0786;284.4111;0.0000;726.5105;12862.6680
345.0341;283.0480;0.0000;724.1030;12869.6680
345.3527;281.6850;8.1781;724.4659;12876.6680
345.3081;280.3220;0.0000;729.8735;12883.6680
345.9451;278.9590;8.1781;724.0585;12890.6680
346.2636;278.2775;0.0000;726.8290;12897.6680
346.2191;276.9145;8.1781;730.5105;12904.6680
346.8561;276.2330;8.1781;723.7399;12911.6680
347.4931;274.5515;8.1781;727.1475;12918.6680
347.1301;273.8700;0.0000;727.4659;12925.6680
347.7670;273.1885;8.1781;724.7400;12932.6680
348.4040;271.8254;0.0000;729.8735;12939.6680
348.7225;270.8254;0.0000;725.0585;12946.6680
349.3595;270.1440;0.0000;725.7400;12953.6680
349.3150;268.4624;0.0000;721.9694;12960.9863
349.9520;267.7809;0.0000;731.4659;12967.9863
350.5889;267.0994;0.0000;732.5551;12974.9863
351.2260;266.0994;0.0000;736.5995;12981.9863
350.8629;265.4179;0.0000;732.1475;12988.9863
351.4999;263.7364;0.0000;734.9180;12995.9863
352.1369;263.7364;0.0000;736.1920;13003.6680
352.7739;262.7364;0.0000;733.4659;13010.6680
353.0924;262.0549;0.0000;736.9180;13017.6680
354.0479;261.0549;0.0000;735.8290;13024.6680
354.6849;260.7364;0.0000;736.1475;13031.6680
355.0034;260.0549;0.0000;738.2365;13038.6680
355.6404;259.0549;0.0000;736.1475;13045.6680
356.2773;258.7364;0.0000;736.1920;13052.6680
356.5958;258.0549;0.0000;739.8735;13059.6680
357.2328;257.7364;0.0000;736.7845;13066.6680
357.8698;257.4179;0.0000;737.8735;13073.6680
358.1883;257.0994;0.0000;736.1030;13080.6680
358.8253;256.7809;0.0000;724.1989;13087.6680
359.1438;256.4624;3.8219;700.7092;13094.6680
359.0992;256.1439;0.0000;666.5448;13101.6680
359.7362;255.8254;3.8219;594.3497;13108.6680
360.0547;254.8254;0.0000;307.7985;13115.6680
90.1337;117.5242;0.0000;307.3465;4106.3398
90.4522;117.2057;0.0000;306.7095;4108.5693
91.0892;116.8872;0.0000;307.3465;4110.7988
91.7262;116.2502;0.0000;307.3465;4113.0283
92.0447;115.9317;0.0000;306.7095;4115.5762
92.6817;115.6132;0.0000;307.3465;4117.8057
93.3187;115.2947;0.0000;307.6650;4120.0352
93.6372;114.9762;0.0000;307.3465;4122.2646
94.2742;114.6578;0.0000;307.9835;4124.4941
94.5926;114.3393;0.0000;307.3465;4126.7236
95.2296;114.0208;0.0000;308.3019;4128.9531
95.8666;113.7023;0.0000;308.9389;4131.1826
96.5036;113.0653;0.0000;307.6650;4133.4121
97.1406;112.7468;0.0000;308.3019;4135.6416
97.4591;112.4283;0.0000;309.2574;4137.8706
98.0961;111.7913;0.0000;307.6650;4140.1001
98.7331;111.4728;0.0000;309.2574;4142.3296
99.0516;111.1543;0.0000;309.2574;4144.5591
99.6885;110.8358;0.0000;308.3019;4146.7886
100.0070;110.1988;0.0000;309.2574;4149.0181
100.6440;110.1988;0.0000;308.3019;4151.2476
100.9625;109.5619;0.0000;307.9835;4153.4771
101.5995;109.5619;0.0000;309.8944;4155.7065
101.9180;109.2434;0.0000;308.6205;4157.9360
102.5550;108.9249;0.0000;309.2574;4160.1655
102.8735;108.6064;0.0000;309.2574;4162.3950
103.5105;107.9694;0.0000;308.6205;4164.6245
104.1475;107.6509;0.0000;309.2574;4166.8540
104.7844;107.3324;0.0000;309.2574;4169.0830
105.1029;106.6954;0.0000;309.2574;4171.3125
105.7399;106.0584;0.0000;310.2129;4173.8608
106.3769;105.7399;0.0000;309.5759;4176.0903
106.6954;105.1029;0.0000;309.8944;4178.3193
107.0139;104.7844;0.0000;311.1684;4180.5488
107.6509;104.4660;0.0000;309.2574;4182.7783
107.9694;104.1475;0.0000;310.2129;4185.0078
108.2879;103.5105;0.0000;309.8944;4187.2373
108.9249;103.1920;3.8219;309.8944;4189.4668
109.2434;102.8735;0.0000;310.5314;4191.6963
109.5619;102.5550;3.8219;310.5314;4193.9258
109.8803;101.9180;0.0000;309.8944;4196.1553
110.5173;101.5995;0.0000;310.5314;4198.3848
110.8358;100.9625;0.0000;310.2129;4200.6143
111.1543;100.6440;0.0000;310.2129;4202.8438
111.4728;100.3255;0.0000;311.1684;4205.0732
112.1098;99.6885;0.0000;309.5759;4207.3022
112.4283;99.3700;0.0000;310.5314;4209.5317
112.7468;98.7331;0.0000;311.1684;4211.7612
113.0653;98.0961;0.0000;309.8944;4213.9907
113.3838;97.4591;0.0000;311.1684;4216.2202
114.0208;96.8221;0.0000;310.8499;4218.4497
114.3393;96.1851;0.0000;309.8944;4220.6792
114.9762;95.5481;0.0000;311.1684;4222.9087
115.2947;94.9111;0.0000;310.8499;4225.1382
115.9317;94.2742;0.0000;310.5314;4227.3677
116.2502;93.9557;0.0000;311.4869;4229.5972
116.5687;93.3187;0.0000;310.8499;4232.1450
116.8872;93.0002;0.0000;311.1684;4234.3745
117.2057;92.6817;0.0000;311.4869;4236.6040
117.8427;92.0447;0.0000;310.5314;4238.8335
117.8427;91.7262;0.0000;311.1684;4241.0630
118.1612;91.4077;0.0000;311.4869;4243.2925
118.4797;90.7707;0.0000;311.1684;4245.5220
118.7982;90.4522;0.0000;312.1239;4247.7510
119.1167;89.8152;0.0000;311.8054;4249.9805
119.4352;89.1783;0.0000;311.4869;4252.2100
119.7537;88.8598;3.8219;312.1239;4254.4395
119.7537;88.2228;0.0000;312.1239;4256.6689
120.0721;87.5858;3.8219;312.1239;4258.8984
120.3906;87.2673;0.0000;312.7609;4261.1279
120.7091;86.6303;0.0000;312.1239;4263.3574
120.7091;85.9933;0.0000;312.7609;4265.5869
121.3461;85.6748;0.0000;312.7609;4267.8164
121.3461;85.0378;0.0000;309.8944;4270.0459
121.6646;84.4008;0.0000;313.0793;4272.2754
121.9831;83.7639;0.0000;313.3979;4274.5049
122.3016;83.4454;0.0000;313.0793;4276.7339
122.3016;82.8084;0.0000;313.7163;4278.9634
122.6201;82.1714;0.0000;313.0793;4281.1929
122.9386;81.5344;0.0000;313.3979;4283.4224
123.2571;81.2159;0.0000;314.0349;4285.6519
123.2571;80.5789;0.0000;313.0793;4287.8813
123.5756;80.2604;0.0000;312.7609;4290.1108
123.8941;79.9419;0.0000;313.7163;4292.6587
124.2126;79.3049;0.0000;313.0793;4294.8882
124.2126;78.9865;0.0000;312.7609;4297.1177
124.5311;78.6680;0.0000;313.3979;4299.3472
124.8495;78.0310;0.0000;313.0793;4301.5767
124.8495;77.7125;0.0000;313.3979;4303.8062
125.1680;77.0755;0.0000;313.0793;4306.0356
125.4865;76.7570;0.0000;314.0349;4308.2651
125.4865;76.1200;0.0000;314.6718;4310.4946
125.4865;75.4830;0.0000;313.0793;4312.7241
125.4865;75.1645;0.0000;313.3979;4314.9536
125.8050;74.5275;0.0000;314.0349;4317.1826
125.8050;74.2090;0.0000;313.0793;4319.4121
125.8050;73.5721;0.0000;313.0793;4321.6416
126.1235;72.9351;3.8219;313.7163;4323.8711
126.1235;72.6166;0.0000;313.3979;4326.1006
126.4420;71.9796;3.8219;313.0793;4328.3301
126.4420;71.6611;0.0000;312.4424;4330.5596
126.4420;71.3426;0.0000;312.4424;4332.7891
126.7605;71.0241;0.0000;312.1239;4335.0186
126.7605;71.0241;3.8219;312.4424;4337.2480
126.7605;70.7056;0.0000;313.0793;4339.4775
126.7605;70.3871;3.8219;313.0793;4341.7070
126.7605;70.3871;0.0000;312.1239;4343.9365
126.7605;70.0686;0.0000;312.4424;4346.1655
126.7605;69.7501;0.0000;311.1684;4348.3950
126.7605;69.1131;0.0000;308.9389;4350.9434
126.7605;68.7946;0.0000;312.7609;4353.1729
127.0790;68.4762;0.0000;307.9835;4355.4019
127.0790;67.8392;0.0000;310.2129;4357.6313
127.0790;67.5207;0.0000;310.2129;4359.8608
127.0790;67.2022;0.0000;308.9389;4362.0903
127.3975;66.8837;0.0000;309.2574;4364.3198
127.3975;66.5652;0.0000;309.8944;4366.5493
127.3975;66.2467;0.0000;308.6205;4368.7788
127.3975;65.9282;0.0000;309.2574;4371.0083
127.3975;65.6097;0.0000;309.2574;4373.2378
127.3975;65.2912;0.0000;307.6650;4375.4673
127.3975;64.9727;0.0000;308.3019;4377.6968
127.7160;64.6542;0.0000;307.6650;4379.9263
127.7160;64.3357;0.0000;307.0280;4382.1558
127.7160;64.0172;0.0000;306.7095;4384.3853
127.7160;64.0172;0.0000;306.7095;4386.6143
127.7160;64.0172;0.0000;307.3465;4388.8438
127.7160;64.0172;0.0000;307.9835;4391.0732
127.7160;64.0172;0.0000;306.7095;4393.3027
127.7160;63.6987;0.0000;307.0280;4395.5322
127.7160;63.6987;0.0000;306.3910;4397.7617
127.7160;63.6987;0.0000;304.7985;4399.9912
127.7160;63.6987;0.0000;302.5691;4402.2207
127.3975;63.6987;0.0000;298.7471;4404.4502
127.3975;63.6987;0.0000;293.6512;4406.6797
127.3975;63.6987;0.0000;289.8293;4409.2275
127.3975;63.6987;0.0000;280.9115;4411.4570
127.3975;63.6987;0.0000;267.2162;4413.6865
127.3975;63.6987;0.0000;247.1512;4415.9160
127.3975;63.6987;3.8219;205.4285;4418.1455
127.0790;63.6987;7.6439;126.1235;4420.3750
127.0790;63.6987;11.4658;60.1953;4422.6045
195.5552;-5.0959;0.0000;126.7605;4729.3140
195.5552;-5.4144;0.0000;127.7160;4731.5430
195.5552;-5.4144;0.0000;128.0345;4733.7725
195.5552;-5.4144;0.0000;135.0414;4736.0020
195.5552;-5.4144;0.0000;144.2777;4738.2314
195.5552;-5.4144;0.0000;148.0996;4740.4609
195.5552;-5.4144;0.0000;147.1441;4742.6904
195.5552;-5.4144;0.0000;141.7297;4744.9199
195.5552;-5.0959;0.0000;126.1235;4747.1494
195.5552;-5.0959;0.0000;47.7741;4749.3789
