199.0000;203.0000;0.0000;6.0000;16360374.0000
199.0000;203.0000;0.0000;6.0000;16360382.0000
199.0000;203.0000;0.0000;9.0000;16360388.0000
199.0000;202.0000;0.0000;9.0000;16360396.0000
199.0000;202.0000;0.0000;6.0000;16360402.0000
199.0000;202.0000;0.0000;10.0000;16360410.0000
199.0000;202.0000;0.0000;9.0000;16360416.0000
199.0000;202.0000;0.0000;14.0000;16360424.0000
199.0000;202.0000;0.0000;29.0000;16360431.0000
199.0000;202.0000;0.0000;33.0000;16360438.0000
199.0000;202.0000;0.0000;37.0000;16360446.0000
199.0000;202.0000;0.0000;39.0000;16360452.0000
199.0000;202.0000;0.0000;35.0000;16360460.0000
199.0000;202.0000;0.0000;38.0000;16360466.0000
199.0000;202.0000;0.0000;38.0000;16360474.0000
199.0000;202.0000;0.0000;38.0000;16360480.0000
199.0000;202.0000;0.0000;50.0000;16360488.0000
199.0000;202.0000;0.0000;68.0000;16360494.0000
199.0000;202.0000;0.0000;91.0000;16360502.0000
199.0000;202.0000;0.0000;115.0000;16360508.0000
199.0000;202.0000;0.0000;127.0000;16360516.0000
199.0000;202.0000;0.0000;144.0000;16360522.0000
199.0000;202.0000;0.0000;165.0000;16360530.0000
199.0000;202.0000;0.0000;168.0000;16360536.0000
199.0000;202.0000;0.0000;184.0000;16360544.0000
199.0000;202.0000;0.0000;200.0000;16360551.0000
199.0000;202.0000;0.0000;206.0000;16360558.0000
199.0000;202.0000;0.0000;214.0000;16360565.0000
198.0000;202.0000;0.0000;217.0000;16360572.0000
198.0000;202.0000;0.0000;217.0000;16360579.0000
198.0000;202.0000;0.0000;223.0000;16360586.0000
198.0000;202.0000;0.0000;223.0000;16360593.0000
198.0000;202.0000;0.0000;227.0000;16360599.0000
198.0000;202.0000;0.0000;232.0000;16360606.0000
198.0000;203.0000;0.0000;228.0000;16360613.0000
198.0000;203.0000;0.0000;231.0000;16360622.0000
198.0000;203.0000;0.0000;235.0000;16360628.0000
198.0000;203.0000;0.0000;232.0000;16360636.0000
198.0000;203.0000;0.0000;241.0000;16360642.0000
199.0000;204.0000;0.0000;244.0000;16360650.0000
199.0000;204.0000;0.0000;244.0000;16360656.0000
199.0000;204.0000;0.0000;264.0000;16360664.0000
199.0000;204.0000;0.0000;270.0000;16360671.0000
199.0000;204.0000;0.0000;270.0000;16360678.0000
199.0000;204.0000;0.0000;297.0000;16360685.0000
199.0000;204.0000;0.0000;304.0000;16360692.0000
199.0000;204.0000;0.0000;314.0000;16360699.0000
199.0000;204.0000;0.0000;319.0000;16360706.0000
199.0000;204.0000;0.0000;315.0000;16360713.0000
199.0000;204.0000;0.0000;321.0000;16360719.0000
199.0000;204.0000;0.0000;320.0000;16360726.0000
199.0000;204.0000;0.0000;318.0000;16360733.0000
199.0000;204.0000;0.0000;324.0000;16360740.0000
199.0000;204.0000;0.0000;321.0000;16360747.0000
199.0000;204.0000;0.0000;328.0000;16360754.0000
199.0000;204.0000;0.0000;344.0000;16360761.0000
200.0000;204.0000;0.0000;345.0000;16360768.0000
200.0000;204.0000;0.0000;350.0000;16360776.0000
200.0000;204.0000;0.0000;358.0000;16360782.0000
200.0000;204.0000;0.0000;359.0000;16360790.0000
200.0000;204.0000;0.0000;368.0000;16360796.0000
201.0000;204.0000;0.0000;370.0000;16360804.0000
201.0000;204.0000;0.0000;370.0000;16360812.0000
201.0000;204.0000;0.0000;377.0000;16360819.0000
201.0000;204.0000;0.0000;376.0000;16360826.0000
201.0000;204.0000;0.0000;376.0000;16360833.0000
201.0000;203.0000;0.0000;382.0000;16360839.0000
201.0000;203.0000;0.0000;378.0000;16360846.0000
201.0000;203.0000;0.0000;379.0000;16360853.0000
202.0000;203.0000;0.0000;382.0000;16360860.0000
202.0000;202.0000;0.0000;377.0000;16360867.0000
202.0000;202.0000;0.0000;381.0000;16360874.0000
203.0000;201.0000;0.0000;381.0000;16360881.0000
203.0000;200.0000;0.0000;378.0000;16360888.0000
203.0000;200.0000;0.0000;382.0000;16360896.0000
204.0000;200.0000;0.0000;381.0000;16360902.0000
204.0000;199.0000;0.0000;379.0000;16360910.0000
205.0000;199.0000;0.0000;385.0000;16360916.0000
205.0000;198.0000;0.0000;379.0000;16360924.0000
205.0000;198.0000;0.0000;381.0000;16360930.0000
206.0000;197.0000;0.0000;386.0000;16360938.0000
206.0000;197.0000;0.0000;379.0000;16360944.0000
206.0000;196.0000;0.0000;384.0000;16360952.0000
206.0000;196.0000;0.0000;385.0000;16360958.0000
206.0000;195.0000;0.0000;381.0000;16360966.0000
205.0000;194.0000;0.0000;386.0000;16360972.0000
205.0000;194.0000;0.0000;385.0000;16360980.0000
205.0000;193.0000;0.0000;381.0000;16360986.0000
205.0000;193.0000;0.0000;387.0000;16360994.0000
204.0000;192.0000;0.0000;381.0000;16361001.0000
204.0000;192.0000;0.0000;382.0000;16361008.0000
203.0000;191.0000;0.0000;386.0000;16361016.0000
203.0000;191.0000;0.0000;379.0000;16361022.0000
202.0000;191.0000;0.0000;384.0000;16361030.0000
201.0000;190.0000;0.0000;386.0000;16361036.0000
201.0000;190.0000;0.0000;379.0000;16361044.0000
200.0000;190.0000;0.0000;386.0000;16361050.0000
200.0000;189.0000;0.0000;385.0000;16361058.0000
199.0000;189.0000;0.0000;382.0000;16361064.0000
198.0000;189.0000;0.0000;386.0000;16361072.0000
198.0000;188.0000;0.0000;382.0000;16361078.0000
197.0000;188.0000;0.0000;384.0000;16361086.0000
196.0000;188.0000;0.0000;386.0000;16361092.0000
195.0000;188.0000;0.0000;381.0000;16361100.0000
195.0000;187.0000;0.0000;384.0000;16361106.0000
194.0000;187.0000;0.0000;386.0000;16361114.0000
193.0000;187.0000;0.0000;380.0000;16361121.0000
192.0000;187.0000;0.0000;385.0000;16361128.0000
192.0000;187.0000;0.0000;386.0000;16361135.0000
191.0000;187.0000;0.0000;382.0000;16361142.0000
190.0000;187.0000;0.0000;387.0000;16361149.0000
190.0000;187.0000;0.0000;382.0000;16361156.0000
189.0000;187.0000;0.0000;384.0000;16361163.0000
188.0000;187.0000;0.0000;388.0000;16361169.0000
187.0000;187.0000;0.0000;382.0000;16361178.0000
186.0000;187.0000;0.0000;385.0000;16361184.0000
184.0000;186.0000;0.0000;388.0000;16361192.0000
183.0000;186.0000;0.0000;382.0000;16361198.0000
182.0000;186.0000;0.0000;387.0000;16361206.0000
181.0000;186.0000;0.0000;386.0000;16361212.0000
180.0000;186.0000;0.0000;382.0000;16361220.0000
179.0000;186.0000;0.0000;389.0000;16361226.0000
179.0000;186.0000;0.0000;385.0000;16361234.0000
178.0000;186.0000;0.0000;385.0000;16361241.0000
178.0000;187.0000;0.0000;389.0000;16361248.0000
177.0000;187.0000;0.0000;385.0000;16361255.0000
177.0000;187.0000;0.0000;386.0000;16361262.0000
176.0000;188.0000;0.0000;389.0000;16361269.0000
175.0000;188.0000;0.0000;384.0000;16361276.0000
175.0000;188.0000;0.0000;389.0000;16361283.0000
174.0000;189.0000;0.0000;389.0000;16361289.0000
173.0000;189.0000;0.0000;386.0000;16361296.0000
172.0000;189.0000;0.0000;390.0000;16361303.0000
172.0000;189.0000;0.0000;389.0000;16361310.0000
171.0000;189.0000;0.0000;387.0000;16361317.0000
170.0000;189.0000;0.0000;393.0000;16361324.0000
170.0000;190.0000;0.0000;388.0000;16361331.0000
170.0000;190.0000;0.0000;390.0000;16361338.0000
169.0000;190.0000;0.0000;394.0000;16361346.0000
169.0000;191.0000;0.0000;389.0000;16361352.0000
169.0000;191.0000;0.0000;396.0000;16361360.0000
169.0000;192.0000;0.0000;397.0000;16361368.0000
169.0000;192.0000;0.0000;394.0000;16361375.0000
169.0000;193.0000;0.0000;398.0000;16361382.0000
169.0000;193.0000;0.0000;398.0000;16361389.0000
169.0000;194.0000;0.0000;397.0000;16361396.0000
169.0000;194.0000;0.0000;402.0000;16361403.0000
169.0000;195.0000;0.0000;397.0000;16361409.0000
169.0000;195.0000;0.0000;399.0000;16361416.0000
169.0000;196.0000;0.0000;403.0000;16361423.0000
169.0000;196.0000;0.0000;397.0000;16361430.0000
169.0000;197.0000;0.0000;402.0000;16361437.0000
169.0000;197.0000;0.0000;405.0000;16361444.0000
169.0000;197.0000;0.0000;402.0000;16361451.0000
169.0000;198.0000;0.0000;412.0000;16361458.0000
169.0000;198.0000;0.0000;416.0000;16361466.0000
169.0000;199.0000;0.0000;418.0000;16361472.0000
169.0000;199.0000;0.0000;424.0000;16361480.0000
169.0000;200.0000;0.0000;421.0000;16361486.0000
169.0000;201.0000;0.0000;423.0000;16361494.0000
169.0000;201.0000;0.0000;429.0000;16361500.0000
169.0000;202.0000;0.0000;424.0000;16361508.0000
169.0000;202.0000;0.0000;427.0000;16361514.0000
169.0000;203.0000;0.0000;430.0000;16361522.0000
169.0000;204.0000;0.0000;424.0000;16361528.0000
169.0000;204.0000;0.0000;430.0000;16361536.0000
169.0000;205.0000;0.0000;430.0000;16361542.0000
169.0000;206.0000;0.0000;429.0000;16361550.0000
169.0000;206.0000;0.0000;434.0000;16361557.0000
168.0000;207.0000;0.0000;431.0000;16361564.0000
168.0000;208.0000;0.0000;433.0000;16361571.0000
168.0000;208.0000;0.0000;440.0000;16361578.0000
168.0000;209.0000;0.0000;437.0000;16361586.0000
168.0000;210.0000;0.0000;440.0000;16361592.0000
168.0000;211.0000;0.0000;443.0000;16361600.0000
168.0000;211.0000;0.0000;440.0000;16361606.0000
168.0000;212.0000;0.0000;445.0000;16361614.0000
167.0000;213.0000;0.0000;446.0000;16361620.0000
167.0000;214.0000;0.0000;444.0000;16361628.0000
167.0000;215.0000;0.0000;450.0000;16361634.0000
167.0000;215.0000;0.0000;447.0000;16361642.0000
167.0000;216.0000;0.0000;447.0000;16361648.0000
166.0000;217.0000;12.0000;452.0000;16361656.0000
166.0000;217.0000;0.0000;447.0000;16361662.0000
166.0000;218.0000;12.0000;450.0000;16361670.0000
166.0000;219.0000;0.0000;449.0000;16361676.0000
165.0000;220.0000;0.0000;442.0000;16361684.0000
165.0000;220.0000;0.0000;446.0000;16361691.0000
165.0000;221.0000;0.0000;446.0000;16361698.0000
165.0000;221.0000;0.0000;443.0000;16361705.0000
165.0000;222.0000;0.0000;449.0000;16361712.0000
164.0000;223.0000;0.0000;448.0000;16361719.0000
164.0000;223.0000;0.0000;446.0000;16361726.0000
164.0000;224.0000;0.0000;453.0000;16361734.0000
164.0000;224.0000;0.0000;448.0000;16361740.0000
164.0000;225.0000;0.0000;449.0000;16361748.0000
163.0000;226.0000;0.0000;453.0000;16361754.0000
163.0000;226.0000;0.0000;447.0000;16361762.0000
163.0000;227.0000;0.0000;452.0000;16361768.0000
163.0000;227.0000;0.0000;453.0000;16361776.0000
163.0000;228.0000;0.0000;450.0000;16361782.0000
163.0000;229.0000;0.0000;456.0000;16361790.0000
164.0000;230.0000;0.0000;456.0000;16361796.0000
164.0000;230.0000;0.0000;455.0000;16361804.0000
164.0000;231.0000;0.0000;462.0000;16361810.0000
165.0000;232.0000;0.0000;456.0000;16361818.0000
165.0000;232.0000;0.0000;459.0000;16361825.0000
165.0000;233.0000;0.0000;464.0000;16361832.0000
165.0000;234.0000;0.0000;457.0000;16361839.0000
165.0000;234.0000;0.0000;462.0000;16361846.0000
166.0000;235.0000;0.0000;463.0000;16361853.0000
166.0000;236.0000;0.0000;457.0000;16361860.0000
166.0000;237.0000;0.0000;464.0000;16361866.0000
167.0000;237.0000;0.0000;463.0000;16361873.0000
167.0000;238.0000;0.0000;462.0000;16361880.0000
167.0000;239.0000;0.0000;466.0000;16361887.0000
168.0000;240.0000;0.0000;462.0000;16361894.0000
168.0000;241.0000;0.0000;464.0000;16361901.0000
169.0000;241.0000;0.0000;468.0000;16361908.0000
170.0000;242.0000;0.0000;462.0000;16361915.0000
170.0000;243.0000;0.0000;465.0000;16361924.0000
171.0000;243.0000;0.0000;468.0000;16361930.0000
171.0000;244.0000;0.0000;462.0000;16361938.0000
171.0000;244.0000;0.0000;468.0000;16361945.0000
172.0000;245.0000;0.0000;467.0000;16361952.0000
172.0000;245.0000;0.0000;465.0000;16361959.0000
173.0000;246.0000;0.0000;469.0000;16361966.0000
173.0000;246.0000;0.0000;465.0000;16361973.0000
174.0000;247.0000;0.0000;466.0000;16361980.0000
175.0000;247.0000;0.0000;471.0000;16361986.0000
175.0000;248.0000;0.0000;465.0000;16361993.0000
176.0000;249.0000;0.0000;467.0000;16362000.0000
177.0000;249.0000;0.0000;471.0000;16362007.0000
178.0000;250.0000;0.0000;465.0000;16362014.0000
179.0000;250.0000;0.0000;470.0000;16362021.0000
179.0000;251.0000;0.0000;470.0000;16362028.0000
180.0000;251.0000;0.0000;467.0000;16362035.0000
181.0000;252.0000;0.0000;471.0000;16362042.0000
182.0000;252.0000;0.0000;468.0000;16362050.0000
183.0000;253.0000;0.0000;468.0000;16362056.0000
184.0000;254.0000;0.0000;473.0000;16362064.0000
184.0000;254.0000;0.0000;468.0000;16362070.0000
185.0000;255.0000;0.0000;469.0000;16362078.0000
186.0000;255.0000;0.0000;473.0000;16362084.0000
187.0000;256.0000;0.0000;468.0000;16362092.0000
188.0000;256.0000;0.0000;472.0000;16362098.0000
189.0000;257.0000;0.0000;471.0000;16362106.0000
190.0000;257.0000;0.0000;468.0000;16362113.0000
191.0000;257.0000;0.0000;473.0000;16362120.0000
192.0000;258.0000;0.0000;471.0000;16362127.0000
192.0000;258.0000;0.0000;469.0000;16362134.0000
193.0000;258.0000;0.0000;476.0000;16362141.0000
194.0000;258.0000;0.0000;469.0000;16362148.0000
195.0000;259.0000;0.0000;471.0000;16362155.0000
195.0000;259.0000;0.0000;474.0000;16362162.0000
196.0000;259.0000;0.0000;468.0000;16362170.0000
196.0000;259.0000;0.0000;474.0000;16362176.0000
197.0000;259.0000;0.0000;474.0000;16362184.0000
197.0000;259.0000;0.0000;471.0000;16362190.0000
198.0000;259.0000;0.0000;474.0000;16362198.0000
198.0000;259.0000;0.0000;474.0000;16362204.0000
199.0000;259.0000;0.0000;472.0000;16362212.0000
199.0000;259.0000;0.0000;478.0000;16362218.0000
200.0000;259.0000;0.0000;471.0000;16362226.0000
200.0000;259.0000;0.0000;473.0000;16362232.0000
201.0000;259.0000;0.0000;478.0000;16362240.0000
202.0000;259.0000;0.0000;471.0000;16362246.0000
202.0000;259.0000;0.0000;474.0000;16362254.0000
203.0000;259.0000;0.0000;478.0000;16362260.0000
204.0000;259.0000;0.0000;471.0000;16362268.0000
205.0000;259.0000;0.0000;477.0000;16362275.0000
205.0000;259.0000;0.0000;476.0000;16362282.0000
206.0000;259.0000;0.0000;473.0000;16362290.0000
207.0000;259.0000;0.0000;478.0000;16362296.0000
208.0000;259.0000;0.0000;473.0000;16362304.0000
210.0000;259.0000;0.0000;474.0000;16362310.0000
211.0000;259.0000;0.0000;479.0000;16362318.0000
212.0000;259.0000;0.0000;472.0000;16362324.0000
213.0000;258.0000;0.0000;477.0000;16362332.0000
215.0000;258.0000;0.0000;479.0000;16362338.0000
216.0000;258.0000;0.0000;471.0000;16362346.0000
218.0000;258.0000;0.0000;478.0000;16362352.0000
219.0000;257.0000;0.0000;478.0000;16362360.0000
221.0000;257.0000;0.0000;473.0000;16362366.0000
222.0000;256.0000;0.0000;479.0000;16362374.0000
224.0000;256.0000;0.0000;474.0000;16362380.0000
226.0000;256.0000;0.0000;474.0000;16362388.0000
227.0000;256.0000;0.0000;481.0000;16362395.0000
229.0000;255.0000;0.0000;474.0000;16362402.0000
231.0000;255.0000;0.0000;477.0000;16362409.0000
232.0000;255.0000;0.0000;479.0000;16362416.0000
234.0000;254.0000;0.0000;473.0000;16362423.0000
235.0000;254.0000;0.0000;478.0000;16362430.0000
236.0000;253.0000;0.0000;478.0000;16362436.0000
238.0000;253.0000;0.0000;474.0000;16362443.0000
239.0000;252.0000;0.0000;480.0000;16362450.0000
240.0000;252.0000;0.0000;476.0000;16362457.0000
240.0000;251.0000;0.0000;474.0000;16362464.0000
241.0000;251.0000;0.0000;481.0000;16362471.0000
242.0000;250.0000;0.0000;476.0000;16362480.0000
243.0000;249.0000;0.0000;478.0000;16362486.0000
244.0000;248.0000;0.0000;481.0000;16362494.0000
245.0000;248.0000;0.0000;474.0000;16362500.0000
245.0000;247.0000;0.0000;480.0000;16362508.0000
246.0000;246.0000;0.0000;479.0000;16362515.0000
247.0000;246.0000;0.0000;474.0000;16362522.0000
248.0000;245.0000;0.0000;480.0000;16362529.0000
249.0000;244.0000;0.0000;477.0000;16362536.0000
249.0000;243.0000;0.0000;476.0000;16362543.0000
250.0000;243.0000;0.0000;482.0000;16362550.0000
250.0000;242.0000;0.0000;474.0000;16362556.0000
250.0000;241.0000;0.0000;477.0000;16362563.0000
251.0000;240.0000;0.0000;481.0000;16362570.0000
251.0000;239.0000;0.0000;474.0000;16362577.0000
252.0000;238.0000;0.0000;481.0000;16362584.0000
252.0000;237.0000;0.0000;480.0000;16362591.0000
252.0000;236.0000;0.0000;474.0000;16362598.0000
253.0000;235.0000;0.0000;480.0000;16362605.0000
253.0000;234.0000;0.0000;478.0000;16362612.0000
254.0000;233.0000;0.0000;477.0000;16362620.0000
254.0000;232.0000;0.0000;481.0000;16362626.0000
255.0000;231.0000;0.0000;474.0000;16362634.0000
256.0000;230.0000;0.0000;478.0000;16362640.0000
256.0000;229.0000;0.0000;482.0000;16362648.0000
257.0000;228.0000;0.0000;473.0000;16362654.0000
258.0000;227.0000;0.0000;479.0000;16362663.0000
258.0000;226.0000;12.0000;481.0000;16362670.0000
259.0000;224.0000;12.0000;474.0000;16362676.0000
260.0000;223.0000;12.0000;479.0000;16362683.0000
260.0000;222.0000;0.0000;478.0000;16362690.0000
261.0000;221.0000;12.0000;476.0000;16362697.0000
261.0000;220.0000;12.0000;481.0000;16362704.0000
262.0000;218.0000;0.0000;474.0000;16362711.0000
263.0000;217.0000;0.0000;477.0000;16362718.0000
263.0000;215.0000;0.0000;470.0000;16362725.0000
264.0000;214.0000;0.0000;481.0000;16362732.0000
264.0000;212.0000;0.0000;487.0000;16362740.0000
264.0000;211.0000;0.0000;490.0000;16362746.0000
265.0000;209.0000;0.0000;484.0000;16362754.0000
265.0000;208.0000;0.0000;490.0000;16362760.0000
265.0000;207.0000;0.0000;490.0000;16362768.0000
266.0000;205.0000;0.0000;487.0000;16362774.0000
266.0000;203.0000;0.0000;493.0000;16362782.0000
266.0000;202.0000;0.0000;488.0000;16362788.0000
266.0000;200.0000;0.0000;490.0000;16362796.0000
266.0000;199.0000;0.0000;495.0000;16362802.0000
266.0000;197.0000;0.0000;490.0000;16362810.0000
267.0000;195.0000;0.0000;493.0000;16362816.0000
267.0000;194.0000;0.0000;496.0000;16362824.0000
267.0000;192.0000;0.0000;493.0000;16362830.0000
267.0000;190.0000;0.0000;499.0000;16362838.0000
267.0000;189.0000;0.0000;500.0000;16362845.0000
267.0000;187.0000;0.0000;496.0000;16362852.0000
267.0000;185.0000;0.0000;503.0000;16362860.0000
267.0000;184.0000;0.0000;499.0000;16362866.0000
267.0000;182.0000;0.0000;499.0000;16362874.0000
267.0000;180.0000;0.0000;505.0000;16362880.0000
267.0000;179.0000;0.0000;500.0000;16362888.0000
267.0000;177.0000;0.0000;500.0000;16362894.0000
267.0000;175.0000;0.0000;503.0000;16362902.0000
267.0000;174.0000;0.0000;499.0000;16362908.0000
268.0000;172.0000;0.0000;503.0000;16362916.0000
268.0000;171.0000;0.0000;503.0000;16362922.0000
267.0000;169.0000;0.0000;499.0000;16362930.0000
267.0000;167.0000;0.0000;503.0000;16362936.0000
266.0000;166.0000;0.0000;501.0000;16362944.0000
266.0000;164.0000;0.0000;501.0000;16362950.0000
265.0000;162.0000;0.0000;509.0000;16362958.0000
265.0000;160.0000;0.0000;505.0000;16362965.0000
264.0000;159.0000;0.0000;509.0000;16362972.0000
263.0000;157.0000;0.0000;515.0000;16362979.0000
263.0000;156.0000;0.0000;511.0000;16362986.0000
262.0000;154.0000;0.0000;517.0000;16362993.0000
260.0000;153.0000;0.0000;518.0000;16363000.0000
259.0000;152.0000;0.0000;515.0000;16363007.0000
258.0000;150.0000;0.0000;519.0000;16363013.0000
256.0000;149.0000;0.0000;518.0000;16363020.0000
255.0000;148.0000;0.0000;517.0000;16363028.0000
253.0000;146.0000;0.0000;521.0000;16363036.0000
251.0000;145.0000;0.0000;516.0000;16363042.0000
250.0000;144.0000;0.0000;518.0000;16363050.0000
248.0000;143.0000;0.0000;521.0000;16363056.0000
246.0000;142.0000;0.0000;515.0000;16363064.0000
244.0000;141.0000;0.0000;520.0000;16363070.0000
242.0000;140.0000;0.0000;521.0000;16363078.0000
241.0000;139.0000;0.0000;515.0000;16363085.0000
239.0000;137.0000;0.0000;520.0000;16363092.0000
237.0000;136.0000;0.0000;519.0000;16363099.0000
235.0000;135.0000;0.0000;516.0000;16363106.0000
233.0000;134.0000;0.0000;521.0000;16363113.0000
231.0000;133.0000;0.0000;517.0000;16363120.0000
229.0000;132.0000;0.0000;520.0000;16363127.0000
228.0000;131.0000;0.0000;528.0000;16363133.0000
226.0000;131.0000;0.0000;521.0000;16363140.0000
224.0000;130.0000;0.0000;528.0000;16363147.0000
223.0000;129.0000;0.0000;531.0000;16363154.0000
221.0000;129.0000;0.0000;525.0000;16363161.0000
220.0000;128.0000;0.0000;531.0000;16363168.0000
218.0000;128.0000;0.0000;531.0000;16363175.0000
216.0000;128.0000;0.0000;528.0000;16363182.0000
215.0000;127.0000;0.0000;534.0000;16363190.0000
213.0000;127.0000;0.0000;529.0000;16363196.0000
211.0000;126.0000;0.0000;531.0000;16363204.0000
209.0000;126.0000;0.0000;536.0000;16363210.0000
207.0000;125.0000;0.0000;529.0000;16363219.0000
205.0000;125.0000;0.0000;532.0000;16363226.0000
203.0000;125.0000;0.0000;534.0000;16363233.0000
201.0000;124.0000;0.0000;530.0000;16363240.0000
199.0000;124.0000;0.0000;537.0000;16363247.0000
197.0000;124.0000;0.0000;538.0000;16363253.0000
195.0000;124.0000;0.0000;536.0000;16363260.0000
194.0000;124.0000;0.0000;542.0000;16363267.0000
192.0000;124.0000;0.0000;537.0000;16363274.0000
190.0000;124.0000;0.0000;538.0000;16363281.0000
188.0000;124.0000;0.0000;544.0000;16363288.0000
186.0000;124.0000;0.0000;540.0000;16363295.0000
184.0000;124.0000;0.0000;540.0000;16363302.0000
181.0000;124.0000;0.0000;544.0000;16363310.0000
179.0000;124.0000;0.0000;538.0000;16363316.0000
177.0000;124.0000;0.0000;543.0000;16363324.0000
174.0000;124.0000;0.0000;543.0000;16363330.0000
172.0000;124.0000;0.0000;540.0000;16363338.0000
170.0000;125.0000;0.0000;544.0000;16363344.0000
167.0000;125.0000;0.0000;542.0000;16363352.0000
165.0000;126.0000;0.0000;541.0000;16363358.0000
163.0000;126.0000;0.0000;546.0000;16363366.0000
161.0000;127.0000;0.0000;540.0000;16363372.0000
159.0000;127.0000;0.0000;542.0000;16363380.0000
157.0000;128.0000;0.0000;546.0000;16363386.0000
156.0000;128.0000;0.0000;540.0000;16363394.0000
154.0000;129.0000;0.0000;545.0000;16363401.0000
152.0000;129.0000;0.0000;545.0000;16363408.0000
150.0000;130.0000;0.0000;541.0000;16363415.0000
149.0000;131.0000;0.0000;546.0000;16363422.0000
147.0000;131.0000;0.0000;544.0000;16363430.0000
145.0000;132.0000;0.0000;542.0000;16363436.0000
144.0000;132.0000;0.0000;548.0000;16363444.0000
142.0000;133.0000;0.0000;541.0000;16363450.0000
141.0000;133.0000;0.0000;544.0000;16363458.0000
140.0000;134.0000;0.0000;549.0000;16363464.0000
139.0000;135.0000;0.0000;543.0000;16363472.0000
138.0000;135.0000;0.0000;549.0000;16363478.0000
137.0000;136.0000;0.0000;549.0000;16363486.0000
137.0000;137.0000;0.0000;546.0000;16363492.0000
136.0000;138.0000;0.0000;550.0000;16363500.0000
135.0000;138.0000;0.0000;549.0000;16363506.0000
135.0000;139.0000;0.0000;547.0000;16363514.0000
134.0000;140.0000;0.0000;552.0000;16363520.0000
134.0000;141.0000;0.0000;547.0000;16363528.0000
134.0000;141.0000;0.0000;549.0000;16363535.0000
133.0000;142.0000;0.0000;555.0000;16363542.0000
133.0000;143.0000;0.0000;548.0000;16363549.0000
133.0000;143.0000;0.0000;552.0000;16363556.0000
133.0000;144.0000;0.0000;555.0000;16363563.0000
132.0000;144.0000;0.0000;548.0000;16363570.0000
132.0000;145.0000;0.0000;556.0000;16363577.0000
132.0000;145.0000;0.0000;556.0000;16363584.0000
132.0000;146.0000;0.0000;555.0000;16363592.0000
132.0000;147.0000;0.0000;562.0000;16363598.0000
131.0000;147.0000;0.0000;558.0000;16363606.0000
131.0000;148.0000;0.0000;561.0000;16363612.0000
131.0000;149.0000;0.0000;565.0000;16363620.0000
131.0000;149.0000;0.0000;561.0000;16363626.0000
131.0000;150.0000;0.0000;563.0000;16363634.0000
130.0000;151.0000;0.0000;566.0000;16363640.0000
130.0000;152.0000;0.0000;561.0000;16363648.0000
130.0000;152.0000;0.0000;567.0000;16363655.0000
129.0000;153.0000;0.0000;567.0000;16363662.0000
129.0000;154.0000;0.0000;564.0000;16363669.0000
129.0000;155.0000;0.0000;569.0000;16363676.0000
128.0000;156.0000;0.0000;565.0000;16363683.0000
128.0000;157.0000;0.0000;565.0000;16363690.0000
128.0000;158.0000;0.0000;571.0000;16363697.0000
127.0000;159.0000;0.0000;566.0000;16363703.0000
127.0000;160.0000;0.0000;568.0000;16363710.0000
126.0000;161.0000;0.0000;573.0000;16363717.0000
126.0000;162.0000;0.0000;568.0000;16363724.0000
125.0000;163.0000;0.0000;574.0000;16363731.0000
125.0000;165.0000;0.0000;574.0000;16363738.0000
124.0000;166.0000;0.0000;571.0000;16363745.0000
124.0000;167.0000;0.0000;577.0000;16363752.0000
123.0000;168.0000;0.0000;573.0000;16363760.0000
123.0000;170.0000;0.0000;574.0000;16363766.0000
122.0000;171.0000;0.0000;580.0000;16363775.0000
121.0000;172.0000;0.0000;574.0000;16363782.0000
121.0000;173.0000;0.0000;577.0000;16363789.0000
120.0000;174.0000;0.0000;580.0000;16363796.0000
119.0000;175.0000;0.0000;574.0000;16363803.0000
119.0000;176.0000;0.0000;579.0000;16363810.0000
118.0000;178.0000;0.0000;579.0000;16363817.0000
118.0000;179.0000;0.0000;575.0000;16363824.0000
117.0000;180.0000;0.0000;580.0000;16363830.0000
117.0000;182.0000;0.0000;578.0000;16363837.0000
116.0000;183.0000;0.0000;577.0000;16363844.0000
115.0000;184.0000;0.0000;582.0000;16363851.0000
114.0000;186.0000;0.0000;577.0000;16363858.0000
114.0000;187.0000;0.0000;577.0000;16363865.0000
113.0000;188.0000;0.0000;583.0000;16363872.0000
113.0000;190.0000;0.0000;576.0000;16363880.0000
112.0000;191.0000;0.0000;581.0000;16363886.0000
112.0000;192.0000;0.0000;581.0000;16363894.0000
111.0000;193.0000;0.0000;577.0000;16363900.0000
111.0000;195.0000;0.0000;582.0000;16363908.0000
110.0000;196.0000;0.0000;580.0000;16363914.0000
110.0000;197.0000;0.0000;578.0000;16363922.0000
109.0000;199.0000;0.0000;583.0000;16363928.0000
109.0000;200.0000;0.0000;577.0000;16363936.0000
109.0000;202.0000;0.0000;580.0000;16363942.0000
109.0000;203.0000;0.0000;585.0000;16363950.0000
110.0000;205.0000;0.0000;578.0000;16363957.0000
110.0000;206.0000;0.0000;583.0000;16363964.0000
110.0000;208.0000;0.0000;584.0000;16363971.0000
110.0000;209.0000;0.0000;578.0000;16363978.0000
110.0000;211.0000;0.0000;583.0000;16363985.0000
110.0000;212.0000;0.0000;583.0000;16363992.0000
110.0000;214.0000;0.0000;580.0000;16363999.0000
110.0000;215.0000;0.0000;585.0000;16364006.0000
110.0000;217.0000;0.0000;580.0000;16364014.0000
109.0000;218.0000;0.0000;581.0000;16364020.0000
109.0000;219.0000;0.0000;579.0000;16364028.0000
109.0000;220.0000;0.0000;579.0000;16364034.0000
109.0000;221.0000;0.0000;576.0000;16364042.0000
109.0000;222.0000;0.0000;577.0000;16364048.0000
109.0000;223.0000;0.0000;569.0000;16364056.0000
109.0000;224.0000;0.0000;575.0000;16364062.0000
109.0000;225.0000;0.0000;575.0000;16364070.0000
109.0000;227.0000;0.0000;571.0000;16364076.0000
109.0000;228.0000;0.0000;577.0000;16364084.0000
109.0000;229.0000;0.0000;571.0000;16364090.0000
109.0000;230.0000;0.0000;574.0000;16364098.0000
109.0000;232.0000;0.0000;578.0000;16364104.0000
108.0000;233.0000;0.0000;571.0000;16364112.0000
108.0000;234.0000;0.0000;574.0000;16364119.0000
108.0000;236.0000;0.0000;577.0000;16364126.0000
107.0000;237.0000;0.0000;571.0000;16364133.0000
107.0000;239.0000;0.0000;576.0000;16364140.0000
107.0000;240.0000;0.0000;575.0000;16364148.0000
107.0000;242.0000;0.0000;571.0000;16364154.0000
107.0000;243.0000;0.0000;577.0000;16364162.0000
107.0000;245.0000;0.0000;572.0000;16364168.0000
107.0000;247.0000;0.0000;574.0000;16364176.0000
107.0000;248.0000;0.0000;579.0000;16364182.0000
107.0000;250.0000;0.0000;572.0000;16364190.0000
107.0000;251.0000;0.0000;574.0000;16364196.0000
108.0000;253.0000;0.0000;577.0000;16364204.0000
108.0000;255.0000;0.0000;572.0000;16364210.0000
108.0000;256.0000;0.0000;577.0000;16364218.0000
109.0000;258.0000;0.0000;576.0000;16364224.0000
109.0000;259.0000;0.0000;572.0000;16364232.0000
109.0000;261.0000;0.0000;577.0000;16364239.0000
109.0000;262.0000;0.0000;575.0000;16364246.0000
110.0000;264.0000;0.0000;574.0000;16364253.0000
110.0000;266.0000;0.0000;579.0000;16364260.0000
111.0000;267.0000;0.0000;573.0000;16364267.0000
112.0000;268.0000;0.0000;574.0000;16364274.0000
113.0000;270.0000;0.0000;578.0000;16364280.0000
114.0000;271.0000;0.0000;572.0000;16364287.0000
115.0000;272.0000;0.0000;578.0000;16364294.0000
116.0000;274.0000;0.0000;578.0000;16364301.0000
117.0000;275.0000;0.0000;574.0000;16364308.0000
118.0000;276.0000;0.0000;579.0000;16364315.0000
119.0000;277.0000;0.0000;577.0000;16364322.0000
119.0000;278.0000;0.0000;575.0000;16364330.0000
120.0000;279.0000;0.0000;580.0000;16364338.0000
121.0000;280.0000;0.0000;575.0000;16364344.0000
122.0000;281.0000;0.0000;576.0000;16364352.0000
123.0000;282.0000;0.0000;581.0000;16364359.0000
124.0000;284.0000;0.0000;574.0000;16364366.0000
124.0000;285.0000;0.0000;580.0000;16364373.0000
125.0000;286.0000;0.0000;580.0000;16364380.0000
127.0000;287.0000;0.0000;575.0000;16364387.0000
128.0000;288.0000;0.0000;580.0000;16364394.0000
129.0000;289.0000;0.0000;579.0000;16364400.0000
129.0000;291.0000;0.0000;577.0000;16364407.0000
130.0000;292.0000;0.0000;582.0000;16364414.0000
131.0000;292.0000;0.0000;577.0000;16364421.0000
132.0000;293.0000;0.0000;579.0000;16364428.0000
133.0000;294.0000;0.0000;583.0000;16364435.0000
134.0000;295.0000;0.0000;577.0000;16364442.0000
136.0000;296.0000;0.0000;580.0000;16364449.0000
137.0000;297.0000;0.0000;583.0000;16364456.0000
138.0000;297.0000;0.0000;576.0000;16364464.0000
140.0000;298.0000;0.0000;583.0000;16364470.0000
141.0000;299.0000;0.0000;582.0000;16364478.0000
142.0000;300.0000;0.0000;579.0000;16364484.0000
144.0000;300.0000;0.0000;584.0000;16364492.0000
145.0000;301.0000;0.0000;579.0000;16364498.0000
147.0000;302.0000;0.0000;580.0000;16364506.0000
148.0000;303.0000;0.0000;586.0000;16364514.0000
150.0000;303.0000;0.0000;579.0000;16364520.0000
151.0000;304.0000;0.0000;582.0000;16364527.0000
152.0000;305.0000;0.0000;585.0000;16364534.0000
154.0000;306.0000;0.0000;578.0000;16364541.0000
155.0000;307.0000;0.0000;584.0000;16364548.0000
156.0000;307.0000;0.0000;583.0000;16364555.0000
158.0000;308.0000;0.0000;580.0000;16364562.0000
159.0000;308.0000;0.0000;584.0000;16364569.0000
160.0000;309.0000;0.0000;580.0000;16364576.0000
162.0000;310.0000;0.0000;580.0000;16364584.0000
163.0000;310.0000;0.0000;586.0000;16364590.0000
164.0000;311.0000;0.0000;580.0000;16364598.0000
166.0000;312.0000;0.0000;581.0000;16364604.0000
167.0000;312.0000;0.0000;584.0000;16364612.0000
169.0000;313.0000;0.0000;578.0000;16364618.0000
170.0000;314.0000;0.0000;583.0000;16364626.0000
172.0000;314.0000;0.0000;583.0000;16364632.0000
173.0000;315.0000;0.0000;579.0000;16364640.0000
175.0000;316.0000;0.0000;584.0000;16364646.0000
176.0000;316.0000;0.0000;580.0000;16364654.0000
178.0000;317.0000;0.0000;580.0000;16364660.0000
179.0000;317.0000;0.0000;586.0000;16364668.0000
181.0000;318.0000;0.0000;580.0000;16364674.0000
183.0000;319.0000;0.0000;580.0000;16364682.0000
184.0000;319.0000;0.0000;585.0000;16364689.0000
186.0000;320.0000;0.0000;579.0000;16364696.0000
188.0000;320.0000;0.0000;583.0000;16364704.0000
190.0000;321.0000;0.0000;583.0000;16364710.0000
192.0000;321.0000;0.0000;579.0000;16364718.0000
193.0000;321.0000;0.0000;584.0000;16364724.0000
195.0000;322.0000;0.0000;582.0000;16364732.0000
197.0000;322.0000;0.0000;580.0000;16364738.0000
198.0000;322.0000;0.0000;586.0000;16364746.0000
200.0000;322.0000;0.0000;580.0000;16364752.0000
202.0000;323.0000;0.0000;581.0000;16364760.0000
204.0000;323.0000;0.0000;586.0000;16364766.0000
206.0000;323.0000;0.0000;579.0000;16364774.0000
208.0000;323.0000;0.0000;584.0000;16364780.0000
210.0000;323.0000;0.0000;584.0000;16364788.0000
212.0000;323.0000;0.0000;580.0000;16364794.0000
215.0000;323.0000;0.0000;584.0000;16364802.0000
217.0000;323.0000;0.0000;583.0000;16364809.0000
219.0000;323.0000;0.0000;580.0000;16364816.0000
221.0000;323.0000;0.0000;586.0000;16364823.0000
222.0000;323.0000;0.0000;580.0000;16364830.0000
224.0000;323.0000;0.0000;582.0000;16364837.0000
226.0000;323.0000;0.0000;586.0000;16364844.0000
227.0000;323.0000;0.0000;579.0000;16364850.0000
229.0000;322.0000;0.0000;583.0000;16364857.0000
230.0000;322.0000;0.0000;586.0000;16364864.0000
232.0000;322.0000;0.0000;579.0000;16364871.0000
234.0000;322.0000;0.0000;584.0000;16364878.0000
235.0000;321.0000;0.0000;584.0000;16364886.0000
236.0000;321.0000;0.0000;581.0000;16364894.0000
238.0000;320.0000;0.0000;586.0000;16364900.0000
239.0000;320.0000;0.0000;582.0000;16364908.0000
240.0000;320.0000;0.0000;583.0000;16364914.0000
242.0000;319.0000;0.0000;587.0000;16364922.0000
243.0000;319.0000;0.0000;581.0000;16364929.0000
244.0000;318.0000;0.0000;584.0000;16364936.0000
246.0000;318.0000;0.0000;587.0000;16364943.0000
247.0000;317.0000;0.0000;581.0000;16364950.0000
248.0000;316.0000;0.0000;586.0000;16364957.0000
249.0000;315.0000;0.0000;586.0000;16364964.0000
250.0000;315.0000;0.0000;583.0000;16364971.0000
251.0000;314.0000;0.0000;588.0000;16364977.0000
252.0000;313.0000;0.0000;583.0000;16364984.0000
253.0000;312.0000;0.0000;584.0000;16364991.0000
254.0000;312.0000;0.0000;589.0000;16364998.0000
255.0000;311.0000;0.0000;583.0000;16365005.0000
257.0000;310.0000;0.0000;586.0000;16365012.0000
258.0000;309.0000;0.0000;589.0000;16365019.0000
259.0000;309.0000;0.0000;583.0000;16365026.0000
261.0000;308.0000;0.0000;587.0000;16365034.0000
262.0000;307.0000;0.0000;586.0000;16365040.0000
264.0000;307.0000;0.0000;583.0000;16365048.0000
265.0000;306.0000;0.0000;589.0000;16365054.0000
266.0000;305.0000;0.0000;584.0000;16365062.0000
268.0000;304.0000;0.0000;583.0000;16365070.0000
269.0000;304.0000;0.0000;589.0000;16365077.0000
270.0000;303.0000;0.0000;583.0000;16365084.0000
272.0000;302.0000;0.0000;586.0000;16365091.0000
273.0000;301.0000;0.0000;589.0000;16365097.0000
274.0000;300.0000;0.0000;583.0000;16365104.0000
276.0000;299.0000;0.0000;588.0000;16365111.0000
277.0000;298.0000;0.0000;587.0000;16365118.0000
279.0000;297.0000;0.0000;583.0000;16365125.0000
280.0000;296.0000;0.0000;589.0000;16365132.0000
282.0000;295.0000;0.0000;586.0000;16365139.0000
284.0000;294.0000;0.0000;584.0000;16365146.0000
286.0000;293.0000;0.0000;589.0000;16365154.0000
287.0000;292.0000;0.0000;583.0000;16365160.0000
289.0000;291.0000;0.0000;586.0000;16365168.0000
290.0000;290.0000;0.0000;589.0000;16365174.0000
292.0000;289.0000;0.0000;583.0000;16365182.0000
293.0000;287.0000;0.0000;588.0000;16365188.0000
295.0000;286.0000;0.0000;588.0000;16365196.0000
297.0000;285.0000;0.0000;583.0000;16365202.0000
298.0000;283.0000;0.0000;588.0000;16365210.0000
300.0000;282.0000;0.0000;586.0000;16365216.0000
302.0000;281.0000;0.0000;584.0000;16365224.0000
304.0000;279.0000;0.0000;589.0000;16365230.0000
305.0000;278.0000;0.0000;583.0000;16365238.0000
307.0000;276.0000;0.0000;586.0000;16365244.0000
309.0000;275.0000;0.0000;590.0000;16365252.0000
311.0000;274.0000;0.0000;583.0000;16365259.0000
313.0000;272.0000;0.0000;587.0000;16365266.0000
314.0000;271.0000;0.0000;589.0000;16365274.0000
316.0000;270.0000;0.0000;582.0000;16365280.0000
317.0000;269.0000;0.0000;587.0000;16365288.0000
318.0000;267.0000;0.0000;587.0000;16365294.0000
320.0000;266.0000;0.0000;584.0000;16365302.0000
321.0000;264.0000;0.0000;589.0000;16365308.0000
322.0000;262.0000;0.0000;583.0000;16365316.0000
323.0000;260.0000;0.0000;586.0000;16365322.0000
324.0000;258.0000;0.0000;589.0000;16365330.0000
324.0000;256.0000;0.0000;583.0000;16365336.0000
325.0000;254.0000;0.0000;586.0000;16365344.0000
326.0000;252.0000;0.0000;589.0000;16365350.0000
326.0000;250.0000;0.0000;582.0000;16365358.0000
327.0000;248.0000;0.0000;588.0000;16365364.0000
328.0000;247.0000;0.0000;587.0000;16365372.0000
328.0000;245.0000;0.0000;584.0000;16365379.0000
328.0000;242.0000;0.0000;589.0000;16365386.0000
328.0000;240.0000;0.0000;583.0000;16365393.0000
329.0000;238.0000;0.0000;585.0000;16365400.0000
329.0000;235.0000;0.0000;589.0000;16365407.0000
329.0000;233.0000;0.0000;583.0000;16365414.0000
329.0000;231.0000;0.0000;585.0000;16365421.0000
329.0000;228.0000;12.0000;589.0000;16365427.0000
328.0000;226.0000;12.0000;581.0000;16365434.0000
328.0000;224.0000;12.0000;587.0000;16365442.0000
328.0000;222.0000;12.0000;587.0000;16365450.0000
327.0000;220.0000;0.0000;583.0000;16365456.0000
327.0000;217.0000;0.0000;590.0000;16365464.0000
327.0000;215.0000;0.0000;585.0000;16365470.0000
327.0000;213.0000;0.0000;571.0000;16365478.0000
327.0000;210.0000;0.0000;602.0000;16365484.0000
327.0000;208.0000;0.0000;596.0000;16365492.0000
327.0000;206.0000;0.0000;599.0000;16365499.0000
327.0000;204.0000;0.0000;603.0000;16365506.0000
327.0000;202.0000;0.0000;597.0000;16365513.0000
327.0000;200.0000;0.0000;603.0000;16365520.0000
327.0000;198.0000;0.0000;602.0000;16365527.0000
327.0000;197.0000;0.0000;599.0000;16365534.0000
327.0000;195.0000;0.0000;604.0000;16365541.0000
326.0000;193.0000;0.0000;602.0000;16365547.0000
326.0000;191.0000;0.0000;601.0000;16365554.0000
326.0000;189.0000;0.0000;607.0000;16365561.0000
325.0000;187.0000;0.0000;601.0000;16365568.0000
325.0000;186.0000;0.0000;602.0000;16365575.0000
325.0000;184.0000;0.0000;606.0000;16365582.0000
325.0000;182.0000;0.0000;599.0000;16365589.0000
325.0000;181.0000;0.0000;605.0000;16365596.0000
325.0000;179.0000;0.0000;605.0000;16365604.0000
325.0000;178.0000;0.0000;601.0000;16365610.0000
325.0000;177.0000;0.0000;605.0000;16365618.0000
326.0000;176.0000;0.0000;604.0000;16365626.0000
326.0000;175.0000;0.0000;602.0000;16365633.0000
326.0000;173.0000;0.0000;607.0000;16365640.0000
326.0000;172.0000;0.0000;601.0000;16365647.0000
326.0000;171.0000;0.0000;603.0000;16365654.0000
327.0000;170.0000;0.0000;608.0000;16365661.0000
327.0000;168.0000;0.0000;601.0000;16365667.0000
327.0000;167.0000;0.0000;605.0000;16365674.0000
327.0000;165.0000;0.0000;606.0000;16365681.0000
327.0000;164.0000;0.0000;601.0000;16365688.0000
327.0000;162.0000;0.0000;605.0000;16365695.0000
327.0000;161.0000;0.0000;604.0000;16365702.0000
327.0000;159.0000;0.0000;602.0000;16365709.0000
327.0000;158.0000;0.0000;606.0000;16365716.0000
327.0000;156.0000;0.0000;601.0000;16365724.0000
327.0000;155.0000;0.0000;602.0000;16365730.0000
327.0000;154.0000;0.0000;608.0000;16365738.0000
326.0000;152.0000;0.0000;599.0000;16365744.0000
326.0000;151.0000;0.0000;604.0000;16365752.0000
326.0000;149.0000;0.0000;606.0000;16365758.0000
325.0000;148.0000;0.0000;599.0000;16365766.0000
325.0000;146.0000;0.0000;605.0000;16365772.0000
324.0000;144.0000;0.0000;604.0000;16365780.0000
324.0000;142.0000;0.0000;600.0000;16365786.0000
323.0000;140.0000;0.0000;605.0000;16365794.0000
322.0000;138.0000;0.0000;599.0000;16365800.0000
321.0000;136.0000;0.0000;600.0000;16365808.0000
321.0000;134.0000;0.0000;605.0000;16365815.0000
320.0000;132.0000;0.0000;598.0000;16365822.0000
319.0000;131.0000;0.0000;600.0000;16365829.0000
318.0000;129.0000;0.0000;602.0000;16365836.0000
317.0000;127.0000;0.0000;596.0000;16365844.0000
316.0000;125.0000;0.0000;601.0000;16365850.0000
316.0000;123.0000;0.0000;599.0000;16365858.0000
315.0000;122.0000;0.0000;596.0000;16365864.0000
314.0000;120.0000;0.0000;601.0000;16365872.0000
313.0000;118.0000;0.0000;596.0000;16365878.0000
312.0000;116.0000;0.0000;596.0000;16365886.0000
310.0000;114.0000;0.0000;601.0000;16365892.0000
309.0000;113.0000;0.0000;594.0000;16365900.0000
308.0000;111.0000;0.0000;594.0000;16365906.0000
306.0000;109.0000;0.0000;598.0000;16365914.0000
305.0000;108.0000;0.0000;594.0000;16365920.0000
303.0000;106.0000;0.0000;596.0000;16365928.0000
301.0000;104.0000;0.0000;596.0000;16365934.0000
300.0000;103.0000;0.0000;592.0000;16365942.0000
298.0000;101.0000;0.0000;596.0000;16365949.0000
296.0000;99.0000;0.0000;594.0000;16365956.0000
294.0000;98.0000;0.0000;592.0000;16365963.0000
293.0000;96.0000;0.0000;596.0000;16365970.0000
291.0000;95.0000;0.0000;590.0000;16365977.0000
289.0000;93.0000;0.0000;592.0000;16365984.0000
287.0000;91.0000;0.0000;596.0000;16365991.0000
285.0000;89.0000;0.0000;588.0000;16365998.0000
282.0000;87.0000;0.0000;594.0000;16366006.0000
280.0000;86.0000;0.0000;594.0000;16366012.0000
278.0000;84.0000;0.0000;589.0000;16366020.0000
276.0000;83.0000;0.0000;594.0000;16366026.0000
273.0000;81.0000;0.0000;592.0000;16366034.0000
271.0000;80.0000;0.0000;589.0000;16366040.0000
269.0000;79.0000;0.0000;595.0000;16366048.0000
267.0000;77.0000;0.0000;588.0000;16366054.0000
264.0000;76.0000;0.0000;589.0000;16366062.0000
262.0000;75.0000;0.0000;595.0000;16366069.0000
259.0000;74.0000;0.0000;586.0000;16366076.0000
256.0000;73.0000;0.0000;594.0000;16366083.0000
254.0000;72.0000;0.0000;594.0000;16366090.0000
251.0000;71.0000;0.0000;586.0000;16366097.0000
249.0000;70.0000;0.0000;594.0000;16366104.0000
247.0000;69.0000;12.0000;592.0000;16366111.0000
245.0000;68.0000;0.0000;588.0000;16366118.0000
243.0000;67.0000;0.0000;594.0000;16366124.0000
240.0000;65.0000;0.0000;588.0000;16366131.0000
238.0000;64.0000;0.0000;590.0000;16366138.0000
236.0000;63.0000;0.0000;587.0000;16366145.0000
233.0000;61.0000;0.0000;596.0000;16366152.0000
231.0000;61.0000;0.0000;601.0000;16366159.0000
229.0000;60.0000;0.0000;604.0000;16366166.0000
226.0000;59.0000;0.0000;597.0000;16366173.0000
224.0000;59.0000;0.0000;602.0000;16366182.0000
222.0000;58.0000;0.0000;602.0000;16366188.0000
220.0000;57.0000;0.0000;599.0000;16366196.0000
219.0000;57.0000;0.0000;605.0000;16366203.0000
217.0000;56.0000;0.0000;599.0000;16366210.0000
215.0000;56.0000;0.0000;601.0000;16366217.0000
213.0000;55.0000;0.0000;606.0000;16366224.0000
210.0000;55.0000;0.0000;600.0000;16366231.0000
208.0000;54.0000;0.0000;602.0000;16366238.0000
206.0000;54.0000;0.0000;605.0000;16366244.0000
204.0000;53.0000;0.0000;599.0000;16366251.0000
201.0000;53.0000;0.0000;605.0000;16366258.0000
199.0000;53.0000;0.0000;605.0000;16366265.0000
197.0000;52.0000;0.0000;601.0000;16366272.0000
195.0000;52.0000;0.0000;606.0000;16366279.0000
192.0000;51.0000;0.0000;602.0000;16366286.0000
190.0000;51.0000;0.0000;602.0000;16366293.0000
188.0000;51.0000;0.0000;608.0000;16366300.0000
186.0000;50.0000;0.0000;602.0000;16366308.0000
185.0000;50.0000;0.0000;603.0000;16366314.0000
183.0000;49.0000;0.0000;607.0000;16366322.0000
182.0000;49.0000;0.0000;601.0000;16366328.0000
180.0000;49.0000;0.0000;606.0000;16366336.0000
179.0000;49.0000;0.0000;606.0000;16366342.0000
177.0000;49.0000;0.0000;602.0000;16366350.0000
175.0000;49.0000;0.0000;608.0000;16366356.0000
174.0000;49.0000;0.0000;605.0000;16366364.0000
172.0000;49.0000;0.0000;604.0000;16366371.0000
170.0000;49.0000;0.0000;611.0000;16366378.0000
168.0000;49.0000;0.0000;604.0000;16366385.0000
166.0000;49.0000;0.0000;606.0000;16366392.0000
164.0000;49.0000;0.0000;611.0000;16366399.0000
163.0000;49.0000;0.0000;603.0000;16366406.0000
161.0000;50.0000;0.0000;608.0000;16366413.0000
159.0000;50.0000;0.0000;608.0000;16366420.0000
157.0000;51.0000;0.0000;604.0000;16366428.0000
156.0000;51.0000;0.0000;609.0000;16366434.0000
154.0000;51.0000;0.0000;607.0000;16366442.0000
153.0000;51.0000;0.0000;605.0000;16366448.0000
151.0000;52.0000;0.0000;610.0000;16366456.0000
150.0000;52.0000;0.0000;603.0000;16366462.0000
148.0000;53.0000;0.0000;605.0000;16366470.0000
147.0000;53.0000;0.0000;610.0000;16366476.0000
146.0000;53.0000;0.0000;603.0000;16366484.0000
144.0000;54.0000;0.0000;607.0000;16366490.0000
143.0000;55.0000;0.0000;608.0000;16366498.0000
142.0000;55.0000;0.0000;602.0000;16366504.0000
141.0000;55.0000;0.0000;608.0000;16366512.0000
140.0000;56.0000;0.0000;606.0000;16366518.0000
139.0000;56.0000;0.0000;603.0000;16366526.0000
137.0000;57.0000;0.0000;608.0000;16366533.0000
136.0000;58.0000;0.0000;602.0000;16366540.0000
135.0000;58.0000;0.0000;604.0000;16366548.0000
133.0000;59.0000;0.0000;609.0000;16366554.0000
132.0000;59.0000;0.0000;601.0000;16366562.0000
131.0000;60.0000;0.0000;605.0000;16366568.0000
131.0000;60.0000;0.0000;608.0000;16366576.0000
130.0000;61.0000;0.0000;599.0000;16366582.0000
129.0000;62.0000;0.0000;605.0000;16366590.0000
128.0000;63.0000;0.0000;605.0000;16366596.0000
127.0000;64.0000;0.0000;601.0000;16366604.0000
127.0000;64.0000;0.0000;605.0000;16366610.0000
126.0000;66.0000;0.0000;599.0000;16366618.0000
125.0000;66.0000;0.0000;587.0000;16366624.0000
125.0000;67.0000;0.0000;604.0000;16366632.0000
124.0000;68.0000;0.0000;592.0000;16366638.0000
123.0000;68.0000;0.0000;594.0000;16366646.0000
122.0000;68.0000;0.0000;597.0000;16366653.0000
121.0000;69.0000;0.0000;590.0000;16366660.0000
120.0000;69.0000;0.0000;596.0000;16366667.0000
119.0000;69.0000;0.0000;596.0000;16366674.0000
118.0000;70.0000;0.0000;592.0000;16366681.0000
116.0000;70.0000;0.0000;598.0000;16366688.0000
115.0000;70.0000;0.0000;594.0000;16366694.0000
114.0000;71.0000;0.0000;594.0000;16366701.0000
113.0000;72.0000;0.0000;600.0000;16366708.0000
112.0000;72.0000;0.0000;595.0000;16366715.0000
110.0000;73.0000;0.0000;596.0000;16366722.0000
109.0000;74.0000;0.0000;600.0000;16366729.0000
108.0000;75.0000;0.0000;594.0000;16366738.0000
107.0000;75.0000;0.0000;599.0000;16366744.0000
106.0000;76.0000;0.0000;599.0000;16366752.0000
105.0000;77.0000;0.0000;595.0000;16366758.0000
104.0000;78.0000;0.0000;599.0000;16366766.0000
103.0000;78.0000;0.0000;598.0000;16366773.0000
102.0000;79.0000;0.0000;596.0000;16366780.0000
101.0000;80.0000;0.0000;602.0000;16366787.0000
100.0000;81.0000;0.0000;596.0000;16366794.0000
99.0000;81.0000;0.0000;598.0000;16366801.0000
99.0000;82.0000;0.0000;602.0000;16366808.0000
98.0000;83.0000;0.0000;597.0000;16366814.0000
98.0000;83.0000;0.0000;602.0000;16366821.0000
97.0000;84.0000;0.0000;605.0000;16366828.0000
96.0000;85.0000;0.0000;602.0000;16366835.0000
96.0000;86.0000;0.0000;608.0000;16366842.0000
95.0000;87.0000;0.0000;605.0000;16366849.0000
94.0000;88.0000;0.0000;604.0000;16366856.0000
94.0000;89.0000;0.0000;608.0000;16366863.0000
94.0000;89.0000;0.0000;604.0000;16366870.0000
93.0000;90.0000;0.0000;607.0000;16366878.0000
93.0000;91.0000;0.0000;611.0000;16366884.0000
92.0000;92.0000;0.0000;604.0000;16366892.0000
91.0000;92.0000;0.0000;608.0000;16366898.0000
91.0000;93.0000;0.0000;611.0000;16366906.0000
90.0000;93.0000;0.0000;605.0000;16366912.0000
89.0000;94.0000;0.0000;613.0000;16366921.0000
89.0000;94.0000;0.0000;610.0000;16366928.0000
88.0000;95.0000;0.0000;608.0000;16366934.0000
87.0000;96.0000;0.0000;611.0000;16366941.0000
86.0000;97.0000;0.0000;610.0000;16366948.0000
86.0000;99.0000;0.0000;612.0000;16366955.0000
85.0000;100.0000;0.0000;616.0000;16366962.0000
85.0000;101.0000;0.0000;611.0000;16366969.0000
84.0000;102.0000;0.0000;617.0000;16366976.0000
84.0000;103.0000;0.0000;620.0000;16366983.0000
83.0000;105.0000;0.0000;613.0000;16366990.0000
82.0000;106.0000;0.0000;620.0000;16366998.0000
82.0000;107.0000;0.0000;620.0000;16367004.0000
81.0000;109.0000;0.0000;621.0000;16367012.0000
80.0000;110.0000;0.0000;624.0000;16367018.0000
79.0000;112.0000;0.0000;617.0000;16367026.0000
78.0000;113.0000;0.0000;623.0000;16367032.0000
77.0000;114.0000;0.0000;628.0000;16367040.0000
76.0000;115.0000;0.0000;622.0000;16367046.0000
75.0000;116.0000;0.0000;627.0000;16367054.0000
74.0000;117.0000;0.0000;629.0000;16367060.0000
73.0000;118.0000;0.0000;623.0000;16367068.0000
73.0000;119.0000;0.0000;627.0000;16367074.0000
72.0000;120.0000;0.0000;627.0000;16367082.0000
71.0000;121.0000;0.0000;623.0000;16367088.0000
71.0000;122.0000;0.0000;630.0000;16367096.0000
70.0000;124.0000;0.0000;622.0000;16367103.0000
70.0000;125.0000;0.0000;623.0000;16367110.0000
70.0000;126.0000;0.0000;631.0000;16367118.0000
69.0000;127.0000;0.0000;624.0000;16367124.0000
69.0000;129.0000;0.0000;627.0000;16367132.0000
68.0000;130.0000;0.0000;629.0000;16367138.0000
68.0000;132.0000;0.0000;625.0000;16367146.0000
67.0000;133.0000;0.0000;629.0000;16367152.0000
66.0000;134.0000;0.0000;630.0000;16367160.0000
65.0000;135.0000;0.0000;627.0000;16367166.0000
64.0000;137.0000;0.0000;631.0000;16367174.0000
64.0000;138.0000;0.0000;630.0000;16367180.0000
63.0000;139.0000;0.0000;627.0000;16367188.0000
63.0000;140.0000;0.0000;634.0000;16367194.0000
62.0000;141.0000;0.0000;627.0000;16367202.0000
61.0000;142.0000;0.0000;629.0000;16367208.0000
61.0000;142.0000;0.0000;635.0000;16367216.0000
60.0000;143.0000;0.0000;627.0000;16367223.0000
59.0000;144.0000;0.0000;634.0000;16367230.0000
59.0000;145.0000;0.0000;629.0000;16367237.0000
58.0000;146.0000;0.0000;627.0000;16367244.0000
58.0000;146.0000;0.0000;633.0000;16367251.0000
58.0000;147.0000;0.0000;631.0000;16367258.0000
57.0000;148.0000;0.0000;631.0000;16367265.0000
56.0000;149.0000;0.0000;635.0000;16367271.0000
56.0000;150.0000;0.0000;627.0000;16367278.0000
55.0000;150.0000;0.0000;629.0000;16367285.0000
54.0000;151.0000;0.0000;636.0000;16367294.0000
54.0000;152.0000;0.0000;629.0000;16367300.0000
53.0000;152.0000;0.0000;635.0000;16367308.0000
52.0000;153.0000;0.0000;637.0000;16367314.0000
52.0000;154.0000;0.0000;629.0000;16367322.0000
51.0000;154.0000;0.0000;635.0000;16367328.0000
51.0000;155.0000;0.0000;635.0000;16367336.0000
51.0000;156.0000;0.0000;629.0000;16367343.0000
50.0000;156.0000;0.0000;638.0000;16367350.0000
50.0000;157.0000;0.0000;632.0000;16367357.0000
49.0000;157.0000;0.0000;632.0000;16367364.0000
49.0000;158.0000;0.0000;636.0000;16367371.0000
48.0000;158.0000;0.0000;631.0000;16367378.0000
48.0000;159.0000;0.0000;632.0000;16367385.0000
47.0000;159.0000;0.0000;636.0000;16367391.0000
47.0000;160.0000;0.0000;629.0000;16367398.0000
46.0000;161.0000;0.0000;634.0000;16367405.0000
46.0000;161.0000;0.0000;635.0000;16367412.0000
45.0000;162.0000;0.0000;630.0000;16367419.0000
45.0000;162.0000;0.0000;636.0000;16367426.0000
45.0000;163.0000;0.0000;631.0000;16367433.0000
44.0000;164.0000;0.0000;632.0000;16367440.0000
44.0000;165.0000;0.0000;638.0000;16367448.0000
44.0000;165.0000;0.0000;632.0000;16367454.0000
43.0000;166.0000;0.0000;636.0000;16367462.0000
43.0000;167.0000;0.0000;638.0000;16367468.0000
43.0000;168.0000;0.0000;632.0000;16367477.0000
43.0000;168.0000;0.0000;635.0000;16367484.0000
42.0000;169.0000;0.0000;636.0000;16367491.0000
42.0000;170.0000;0.0000;632.0000;16367498.0000
41.0000;170.0000;0.0000;636.0000;16367505.0000
41.0000;171.0000;0.0000;632.0000;16367511.0000
40.0000;172.0000;0.0000;632.0000;16367518.0000
40.0000;172.0000;0.0000;637.0000;16367525.0000
39.0000;173.0000;0.0000;632.0000;16367532.0000
39.0000;174.0000;0.0000;635.0000;16367539.0000
39.0000;175.0000;0.0000;638.0000;16367546.0000
38.0000;176.0000;0.0000;632.0000;16367553.0000
38.0000;176.0000;0.0000;638.0000;16367560.0000
37.0000;177.0000;0.0000;636.0000;16367568.0000
37.0000;178.0000;0.0000;632.0000;16367574.0000
36.0000;179.0000;0.0000;639.0000;16367582.0000
36.0000;180.0000;0.0000;635.0000;16367588.0000
35.0000;181.0000;0.0000;633.0000;16367596.0000
35.0000;182.0000;0.0000;639.0000;16367602.0000
35.0000;183.0000;0.0000;634.0000;16367610.0000
34.0000;185.0000;0.0000;635.0000;16367616.0000
34.0000;186.0000;0.0000;638.0000;16367624.0000
34.0000;187.0000;0.0000;632.0000;16367630.0000
34.0000;188.0000;0.0000;637.0000;16367638.0000
34.0000;190.0000;0.0000;640.0000;16367644.0000
34.0000;191.0000;0.0000;635.0000;16367652.0000
34.0000;192.0000;0.0000;638.0000;16367659.0000
33.0000;193.0000;0.0000;633.0000;16367666.0000
33.0000;194.0000;0.0000;632.0000;16367673.0000
33.0000;195.0000;0.0000;641.0000;16367680.0000
32.0000;196.0000;0.0000;632.0000;16367688.0000
32.0000;198.0000;0.0000;636.0000;16367694.0000
32.0000;199.0000;0.0000;639.0000;16367702.0000
31.0000;200.0000;0.0000;631.0000;16367708.0000
31.0000;201.0000;0.0000;636.0000;16367716.0000
31.0000;202.0000;0.0000;637.0000;16367722.0000
31.0000;204.0000;0.0000;634.0000;16367730.0000
31.0000;205.0000;0.0000;636.0000;16367736.0000
31.0000;206.0000;0.0000;636.0000;16367744.0000
32.0000;208.0000;0.0000;630.0000;16367750.0000
32.0000;209.0000;0.0000;638.0000;16367758.0000
32.0000;210.0000;0.0000;633.0000;16367764.0000
32.0000;212.0000;0.0000;632.0000;16367772.0000
32.0000;213.0000;0.0000;635.0000;16367778.0000
32.0000;214.0000;0.0000;632.0000;16367786.0000
32.0000;215.0000;12.0000;633.0000;16367793.0000
32.0000;216.0000;24.0000;636.0000;16367800.0000
32.0000;218.0000;12.0000;629.0000;16367807.0000
32.0000;219.0000;12.0000;627.0000;16367814.0000
32.0000;220.0000;0.0000;627.0000;16367821.0000
32.0000;221.0000;0.0000;622.0000;16367828.0000
32.0000;222.0000;0.0000;628.0000;16367835.0000
32.0000;223.0000;0.0000;622.0000;16367841.0000
32.0000;225.0000;0.0000;620.0000;16367850.0000
32.0000;226.0000;0.0000;629.0000;16367856.0000
32.0000;227.0000;0.0000;621.0000;16367864.0000
32.0000;228.0000;0.0000;625.0000;16367870.0000
32.0000;230.0000;0.0000;627.0000;16367878.0000
32.0000;231.0000;0.0000;621.0000;16367884.0000
32.0000;232.0000;0.0000;627.0000;16367892.0000
33.0000;234.0000;0.0000;622.0000;16367898.0000
33.0000;235.0000;0.0000;618.0000;16367906.0000
33.0000;237.0000;0.0000;623.0000;16367913.0000
33.0000;238.0000;0.0000;621.0000;16367920.0000
33.0000;240.0000;0.0000;624.0000;16367927.0000
33.0000;241.0000;0.0000;629.0000;16367934.0000
33.0000;243.0000;0.0000;619.0000;16367941.0000
33.0000;245.0000;0.0000;625.0000;16367948.0000
33.0000;246.0000;0.0000;627.0000;16367955.0000
33.0000;248.0000;0.0000;621.0000;16367961.0000
33.0000;250.0000;0.0000;627.0000;16367968.0000
33.0000;251.0000;0.0000;627.0000;16367975.0000
33.0000;253.0000;0.0000;623.0000;16367982.0000
32.0000;254.0000;0.0000;627.0000;16367989.0000
32.0000;256.0000;0.0000;624.0000;16367996.0000
32.0000;257.0000;0.0000;620.0000;16368003.0000
32.0000;259.0000;0.0000;628.0000;16368010.0000
32.0000;260.0000;0.0000;623.0000;16368018.0000
32.0000;262.0000;0.0000;623.0000;16368024.0000
32.0000;264.0000;0.0000;627.0000;16368033.0000
32.0000;265.0000;0.0000;623.0000;16368040.0000
33.0000;267.0000;0.0000;629.0000;16368047.0000
33.0000;268.0000;0.0000;627.0000;16368054.0000
33.0000;270.0000;0.0000;622.0000;16368061.0000
34.0000;271.0000;0.0000;629.0000;16368068.0000
34.0000;272.0000;0.0000;627.0000;16368075.0000
34.0000;274.0000;0.0000;623.0000;16368081.0000
35.0000;275.0000;0.0000;629.0000;16368088.0000
35.0000;277.0000;0.0000;622.0000;16368095.0000
35.0000;278.0000;0.0000;625.0000;16368102.0000
35.0000;279.0000;0.0000;627.0000;16368109.0000
35.0000;281.0000;0.0000;621.0000;16368116.0000
35.0000;282.0000;0.0000;627.0000;16368123.0000
35.0000;283.0000;0.0000;630.0000;16368130.0000
36.0000;285.0000;0.0000;622.0000;16368138.0000
36.0000;286.0000;0.0000;627.0000;16368144.0000
36.0000;288.0000;0.0000;627.0000;16368152.0000
36.0000;289.0000;0.0000;624.0000;16368158.0000
36.0000;290.0000;0.0000;629.0000;16368166.0000
37.0000;292.0000;0.0000;627.0000;16368172.0000
37.0000;293.0000;0.0000;627.0000;16368180.0000
37.0000;295.0000;0.0000;631.0000;16368186.0000
37.0000;296.0000;0.0000;624.0000;16368194.0000
38.0000;297.0000;0.0000;627.0000;16368200.0000
38.0000;299.0000;0.0000;632.0000;16368208.0000
38.0000;300.0000;0.0000;625.0000;16368215.0000
38.0000;301.0000;0.0000;629.0000;16368222.0000
39.0000;302.0000;0.0000;631.0000;16368229.0000
39.0000;303.0000;0.0000;627.0000;16368236.0000
39.0000;304.0000;0.0000;634.0000;16368243.0000
40.0000;305.0000;0.0000;627.0000;16368250.0000
40.0000;307.0000;0.0000;627.0000;16368258.0000
41.0000;308.0000;0.0000;635.0000;16368264.0000
42.0000;309.0000;0.0000;624.0000;16368272.0000
43.0000;310.0000;0.0000;628.0000;16368278.0000
43.0000;312.0000;0.0000;632.0000;16368286.0000
44.0000;313.0000;0.0000;627.0000;16368292.0000
45.0000;314.0000;0.0000;628.0000;16368300.0000
46.0000;315.0000;0.0000;628.0000;16368306.0000
47.0000;316.0000;0.0000;624.0000;16368314.0000
48.0000;317.0000;0.0000;629.0000;16368320.0000
49.0000;318.0000;0.0000;625.0000;16368328.0000
50.0000;319.0000;0.0000;623.0000;16368334.0000
51.0000;319.0000;0.0000;629.0000;16368342.0000
52.0000;320.0000;0.0000;624.0000;16368348.0000
53.0000;321.0000;0.0000;627.0000;16368356.0000
54.0000;322.0000;0.0000;629.0000;16368363.0000
56.0000;323.0000;0.0000;624.0000;16368370.0000
57.0000;323.0000;0.0000;629.0000;16368377.0000
58.0000;324.0000;0.0000;629.0000;16368384.0000
59.0000;325.0000;0.0000;624.0000;16368391.0000
61.0000;326.0000;0.0000;620.0000;16368398.0000
62.0000;326.0000;0.0000;627.0000;16368406.0000
63.0000;327.0000;0.0000;627.0000;16368412.0000
65.0000;328.0000;0.0000;632.0000;16368420.0000
66.0000;329.0000;0.0000;625.0000;16368426.0000
68.0000;330.0000;0.0000;627.0000;16368434.0000
69.0000;331.0000;0.0000;629.0000;16368440.0000
71.0000;332.0000;0.0000;627.0000;16368448.0000
72.0000;333.0000;0.0000;627.0000;16368454.0000
74.0000;333.0000;0.0000;627.0000;16368462.0000
76.0000;334.0000;0.0000;623.0000;16368468.0000
77.0000;335.0000;0.0000;627.0000;16368476.0000
79.0000;336.0000;0.0000;627.0000;16368482.0000
80.0000;337.0000;0.0000;621.0000;16368490.0000
82.0000;338.0000;0.0000;629.0000;16368497.0000
83.0000;338.0000;0.0000;621.0000;16368504.0000
85.0000;339.0000;0.0000;621.0000;16368511.0000
86.0000;340.0000;0.0000;627.0000;16368518.0000
88.0000;341.0000;0.0000;620.0000;16368525.0000
90.0000;343.0000;0.0000;623.0000;16368532.0000
92.0000;344.0000;0.0000;623.0000;16368538.0000
94.0000;345.0000;0.0000;618.0000;16368545.0000
96.0000;346.0000;0.0000;625.0000;16368552.0000
97.0000;347.0000;0.0000;623.0000;16368559.0000
99.0000;348.0000;0.0000;621.0000;16368566.0000
100.0000;349.0000;0.0000;623.0000;16368573.0000
101.0000;350.0000;0.0000;621.0000;16368580.0000
102.0000;350.0000;0.0000;623.0000;16368588.0000
103.0000;351.0000;0.0000;627.0000;16368596.0000
104.0000;352.0000;0.0000;619.0000;16368602.0000
106.0000;353.0000;0.0000;621.0000;16368610.0000
107.0000;354.0000;0.0000;627.0000;16368617.0000
108.0000;355.0000;0.0000;618.0000;16368624.0000
110.0000;356.0000;0.0000;625.0000;16368631.0000
111.0000;357.0000;0.0000;623.0000;16368638.0000
113.0000;358.0000;0.0000;620.0000;16368645.0000
114.0000;358.0000;0.0000;624.0000;16368652.0000
116.0000;359.0000;0.0000;621.0000;16368658.0000
117.0000;360.0000;0.0000;623.0000;16368665.0000
118.0000;361.0000;0.0000;627.0000;16368672.0000
119.0000;362.0000;0.0000;620.0000;16368679.0000
120.0000;362.0000;0.0000;622.0000;16368686.0000
121.0000;363.0000;0.0000;625.0000;16368693.0000
122.0000;364.0000;0.0000;621.0000;16368700.0000
123.0000;365.0000;0.0000;625.0000;16368707.0000
124.0000;366.0000;0.0000;625.0000;16368714.0000
125.0000;367.0000;0.0000;622.0000;16368722.0000
126.0000;367.0000;0.0000;627.0000;16368728.0000
128.0000;368.0000;0.0000;623.0000;16368736.0000
129.0000;369.0000;0.0000;623.0000;16368742.0000
130.0000;370.0000;0.0000;627.0000;16368750.0000
131.0000;371.0000;0.0000;621.0000;16368756.0000
132.0000;372.0000;0.0000;625.0000;16368764.0000
133.0000;373.0000;0.0000;627.0000;16368772.0000
134.0000;374.0000;0.0000;622.0000;16368778.0000
136.0000;374.0000;0.0000;627.0000;16368785.0000
137.0000;375.0000;0.0000;624.0000;16368792.0000
139.0000;376.0000;0.0000;622.0000;16368799.0000
140.0000;377.0000;0.0000;627.0000;16368806.0000
141.0000;377.0000;0.0000;622.0000;16368813.0000
142.0000;378.0000;0.0000;624.0000;16368820.0000
144.0000;379.0000;0.0000;629.0000;16368827.0000
145.0000;379.0000;0.0000;623.0000;16368834.0000
146.0000;380.0000;0.0000;624.0000;16368842.0000
147.0000;380.0000;0.0000;629.0000;16368848.0000
149.0000;381.0000;0.0000;623.0000;16368856.0000
150.0000;381.0000;0.0000;627.0000;16368862.0000
151.0000;382.0000;0.0000;627.0000;16368870.0000
153.0000;382.0000;0.0000;623.0000;16368876.0000
155.0000;383.0000;0.0000;628.0000;16368884.0000
157.0000;383.0000;0.0000;627.0000;16368890.0000
159.0000;384.0000;0.0000;625.0000;16368898.0000
161.0000;384.0000;0.0000;630.0000;16368904.0000
164.0000;384.0000;0.0000;623.0000;16368912.0000
165.0000;385.0000;0.0000;627.0000;16368918.0000
167.0000;385.0000;0.0000;630.0000;16368926.0000
169.0000;385.0000;0.0000;623.0000;16368932.0000
170.0000;386.0000;0.0000;629.0000;16368940.0000
171.0000;386.0000;0.0000;629.0000;16368947.0000
172.0000;386.0000;0.0000;624.0000;16368954.0000
173.0000;386.0000;0.0000;628.0000;16368962.0000
174.0000;386.0000;0.0000;628.0000;16368968.0000
175.0000;386.0000;0.0000;624.0000;16368976.0000
177.0000;386.0000;0.0000;630.0000;16368982.0000
178.0000;386.0000;0.0000;625.0000;16368990.0000
179.0000;386.0000;0.0000;627.0000;16368996.0000
181.0000;386.0000;0.0000;629.0000;16369004.0000
182.0000;386.0000;0.0000;623.0000;16369010.0000
184.0000;386.0000;0.0000;627.0000;16369018.0000
185.0000;386.0000;0.0000;630.0000;16369024.0000
187.0000;386.0000;0.0000;623.0000;16369032.0000
188.0000;386.0000;0.0000;628.0000;16369038.0000
189.0000;386.0000;0.0000;629.0000;16369046.0000
190.0000;386.0000;0.0000;625.0000;16369052.0000
192.0000;386.0000;0.0000;630.0000;16369060.0000
193.0000;386.0000;0.0000;624.0000;16369067.0000
194.0000;386.0000;0.0000;627.0000;16369074.0000
195.0000;385.0000;0.0000;632.0000;16369081.0000
197.0000;385.0000;0.0000;627.0000;16369088.0000
198.0000;385.0000;0.0000;625.0000;16369095.0000
200.0000;385.0000;0.0000;629.0000;16369102.0000
202.0000;384.0000;0.0000;623.0000;16369108.0000
203.0000;384.0000;0.0000;632.0000;16369115.0000
205.0000;384.0000;0.0000;628.0000;16369122.0000
207.0000;384.0000;0.0000;623.0000;16369129.0000
209.0000;383.0000;0.0000;632.0000;16369136.0000
211.0000;383.0000;0.0000;623.0000;16369144.0000
213.0000;383.0000;0.0000;627.0000;16369152.0000
214.0000;383.0000;0.0000;630.0000;16369158.0000
216.0000;382.0000;0.0000;624.0000;16369166.0000
218.0000;382.0000;0.0000;627.0000;16369172.0000
220.0000;382.0000;0.0000;629.0000;16369180.0000
221.0000;382.0000;0.0000;625.0000;16369187.0000
223.0000;382.0000;0.0000;628.0000;16369194.0000
225.0000;381.0000;0.0000;628.0000;16369201.0000
226.0000;381.0000;0.0000;625.0000;16369208.0000
228.0000;381.0000;0.0000;629.0000;16369215.0000
229.0000;381.0000;0.0000;627.0000;16369222.0000
231.0000;380.0000;0.0000;622.0000;16369228.0000
233.0000;380.0000;0.0000;630.0000;16369235.0000
235.0000;380.0000;0.0000;625.0000;16369242.0000
237.0000;380.0000;0.0000;627.0000;16369249.0000
239.0000;380.0000;0.0000;629.0000;16369256.0000
241.0000;380.0000;0.0000;622.0000;16369263.0000
243.0000;380.0000;0.0000;628.0000;16369270.0000
245.0000;380.0000;0.0000;629.0000;16369277.0000
247.0000;380.0000;0.0000;624.0000;16369284.0000
249.0000;379.0000;0.0000;629.0000;16369292.0000
251.0000;379.0000;0.0000;627.0000;16369298.0000
253.0000;379.0000;0.0000;623.0000;16369306.0000
255.0000;379.0000;0.0000;629.0000;16369312.0000
257.0000;379.0000;0.0000;624.0000;16369320.0000
259.0000;379.0000;0.0000;625.0000;16369328.0000
261.0000;379.0000;0.0000;629.0000;16369335.0000
263.0000;379.0000;0.0000;622.0000;16369342.0000
265.0000;379.0000;0.0000;627.0000;16369349.0000
267.0000;379.0000;0.0000;629.0000;16369355.0000
269.0000;379.0000;0.0000;623.0000;16369362.0000
271.0000;379.0000;0.0000;627.0000;16369369.0000
272.0000;378.0000;0.0000;627.0000;16369376.0000
274.0000;378.0000;0.0000;623.0000;16369383.0000
276.0000;378.0000;0.0000;629.0000;16369390.0000
277.0000;377.0000;0.0000;623.0000;16369397.0000
279.0000;377.0000;0.0000;624.0000;16369404.0000
281.0000;376.0000;0.0000;629.0000;16369412.0000
283.0000;376.0000;0.0000;621.0000;16369418.0000
284.0000;375.0000;0.0000;627.0000;16369426.0000
286.0000;375.0000;0.0000;628.0000;16369432.0000
288.0000;374.0000;0.0000;621.0000;16369440.0000
290.0000;374.0000;0.0000;627.0000;16369446.0000
291.0000;373.0000;0.0000;627.0000;16369454.0000
293.0000;373.0000;12.0000;623.0000;16369460.0000
295.0000;372.0000;0.0000;628.0000;16369468.0000
296.0000;372.0000;0.0000;623.0000;16369474.0000
298.0000;371.0000;0.0000;622.0000;16369482.0000
300.0000;371.0000;0.0000;627.0000;16369488.0000
302.0000;370.0000;0.0000;622.0000;16369496.0000
304.0000;370.0000;0.0000;627.0000;16369502.0000
306.0000;369.0000;0.0000;628.0000;16369510.0000
308.0000;368.0000;12.0000;621.0000;16369517.0000
310.0000;368.0000;0.0000;627.0000;16369524.0000
312.0000;367.0000;0.0000;627.0000;16369532.0000
314.0000;366.0000;0.0000;622.0000;16369538.0000
315.0000;364.0000;0.0000;627.0000;16369546.0000
317.0000;363.0000;0.0000;622.0000;16369552.0000
319.0000;362.0000;0.0000;623.0000;16369560.0000
320.0000;361.0000;0.0000;629.0000;16369566.0000
322.0000;359.0000;0.0000;622.0000;16369574.0000
324.0000;358.0000;0.0000;624.0000;16369580.0000
326.0000;357.0000;0.0000;627.0000;16369588.0000
328.0000;355.0000;0.0000;622.0000;16369594.0000
329.0000;354.0000;0.0000;627.0000;16369602.0000
331.0000;352.0000;0.0000;625.0000;16369608.0000
333.0000;351.0000;0.0000;621.0000;16369616.0000
335.0000;349.0000;0.0000;627.0000;16369622.0000
336.0000;348.0000;0.0000;623.0000;16369630.0000
338.0000;346.0000;0.0000;623.0000;16369637.0000
340.0000;345.0000;0.0000;627.0000;16369644.0000
341.0000;343.0000;0.0000;621.0000;16369651.0000
343.0000;342.0000;0.0000;624.0000;16369658.0000
344.0000;340.0000;0.0000;629.0000;16369665.0000
346.0000;339.0000;0.0000;623.0000;16369672.0000
347.0000;337.0000;0.0000;627.0000;16369679.0000
349.0000;335.0000;0.0000;627.0000;16369685.0000
351.0000;334.0000;0.0000;621.0000;16369692.0000
352.0000;332.0000;0.0000;629.0000;16369700.0000
354.0000;330.0000;0.0000;625.0000;16369708.0000
355.0000;328.0000;0.0000;622.0000;16369714.0000
356.0000;326.0000;0.0000;631.0000;16369722.0000
358.0000;324.0000;0.0000;622.0000;16369728.0000
359.0000;323.0000;0.0000;623.0000;16369736.0000
360.0000;321.0000;0.0000;629.0000;16369742.0000
362.0000;319.0000;0.0000;621.0000;16369750.0000
363.0000;316.0000;0.0000;628.0000;16369757.0000
365.0000;314.0000;0.0000;627.0000;16369764.0000
367.0000;312.0000;0.0000;624.0000;16369771.0000
368.0000;310.0000;0.0000;629.0000;16369778.0000
370.0000;307.0000;0.0000;622.0000;16369785.0000
371.0000;305.0000;0.0000;622.0000;16369792.0000
372.0000;303.0000;0.0000;628.0000;16369799.0000
374.0000;301.0000;0.0000;622.0000;16369805.0000
375.0000;299.0000;0.0000;623.0000;16369812.0000
376.0000;296.0000;0.0000;629.0000;16369819.0000
377.0000;294.0000;0.0000;621.0000;16369826.0000
379.0000;292.0000;0.0000;627.0000;16369833.0000
380.0000;290.0000;0.0000;627.0000;16369840.0000
381.0000;287.0000;0.0000;620.0000;16369847.0000
382.0000;285.0000;0.0000;627.0000;16369854.0000
383.0000;282.0000;0.0000;627.0000;16369862.0000
385.0000;280.0000;0.0000;622.0000;16369868.0000
386.0000;277.0000;0.0000;627.0000;16369876.0000
387.0000;275.0000;0.0000;622.0000;16369884.0000
388.0000;273.0000;0.0000;623.0000;16369891.0000
389.0000;270.0000;0.0000;629.0000;16369898.0000
390.0000;268.0000;0.0000;621.0000;16369905.0000
391.0000;265.0000;0.0000;624.0000;16369912.0000
391.0000;262.0000;0.0000;628.0000;16369919.0000
392.0000;260.0000;0.0000;620.0000;16369925.0000
393.0000;257.0000;0.0000;625.0000;16369932.0000
393.0000;254.0000;0.0000;627.0000;16369939.0000
394.0000;251.0000;0.0000;620.0000;16369946.0000
395.0000;249.0000;0.0000;628.0000;16369953.0000
396.0000;246.0000;0.0000;621.0000;16369960.0000
397.0000;244.0000;0.0000;623.0000;16369967.0000
398.0000;241.0000;0.0000;628.0000;16369974.0000
398.0000;239.0000;0.0000;621.0000;16369982.0000
399.0000;236.0000;0.0000;624.0000;16369988.0000
400.0000;233.0000;0.0000;628.0000;16369996.0000
401.0000;230.0000;12.0000;621.0000;16370002.0000
402.0000;228.0000;12.0000;627.0000;16370010.0000
403.0000;225.0000;12.0000;627.0000;16370016.0000
404.0000;223.0000;12.0000;622.0000;16370024.0000
404.0000;220.0000;0.0000;628.0000;16370030.0000
405.0000;217.0000;0.0000;623.0000;16370038.0000
406.0000;214.0000;0.0000;623.0000;16370044.0000
406.0000;211.0000;0.0000;612.0000;16370052.0000
407.0000;209.0000;0.0000;634.0000;16370058.0000
407.0000;207.0000;0.0000;635.0000;16370066.0000
408.0000;205.0000;0.0000;641.0000;16370073.0000
409.0000;203.0000;0.0000;638.0000;16370080.0000
409.0000;201.0000;0.0000;641.0000;16370087.0000
410.0000;199.0000;0.0000;638.0000;16370094.0000
410.0000;198.0000;0.0000;635.0000;16370102.0000
410.0000;196.0000;0.0000;630.0000;16370108.0000
410.0000;194.0000;0.0000;575.0000;16370116.0000
410.0000;189.0000;12.0000;363.0000;16370122.0000
