217.8893;200.1107;0.0000;140.9939;0.0000
218.2654;199.3585;0.0000;157.5737;9.0000
218.6415;198.9824;0.0000;171.8039;18.0000
218.6415;198.9824;0.0000;185.9234;27.0000
219.6415;198.6063;0.0000;188.0429;36.0000
220.0176;198.6063;0.0000;193.2819;45.0000
220.3937;198.2302;0.0000;208.3750;54.0000
221.1459;197.6063;0.0000;217.2026;63.0000
221.8981;197.2302;0.0000;211.8579;72.0000
222.6503;197.2302;0.0000;177.6641;81.0000
212.4956;205.1283;0.0000;152.8817;367.5627
212.4956;204.7522;0.0000;190.0099;376.5627
212.1195;204.7522;0.0000;219.0011;385.5627
212.1195;204.7522;0.0000;239.3684;394.5627
212.1195;204.7522;0.0000;263.2313;403.5627
211.7434;204.7522;0.0000;290.3596;412.5627
211.7434;204.3761;0.0000;313.6074;421.5627
211.3673;204.3761;0.0000;338.3596;430.5627
211.3673;204.3761;4.5132;354.9835;439.5627
210.9912;204.3761;0.0000;372.1030;448.5627
210.9912;204.3761;0.0000;385.7181;457.5627
210.9912;204.3761;4.5132;391.3420;466.5627
210.6151;204.0000;0.0000;406.0854;475.5627
210.6151;204.0000;0.0000;414.7005;484.5627
210.6151;204.0000;0.0000;421.5722;493.5627
210.6151;203.6239;0.0000;432.5546;502.5627
210.6151;203.6239;0.0000;440.1697;511.5627
210.6151;203.0000;0.0000;445.5370;520.5626
210.6151;203.0000;0.0000;458.1432;529.5627
211.2390;203.0000;4.5132;465.5106;538.5627
211.2390;203.0000;0.0000;476.0061;547.5627
211.2390;203.0000;0.0000;484.0061;556.5626
211.2390;203.0000;0.0000;489.5193;565.5627
211.2390;203.0000;0.0000;498.8954;574.5627
211.2390;203.0000;0.0000;505.6565;583.5627
210.8629;203.0000;0.0000;507.1697;592.5626
210.8629;203.0000;4.5132;515.5546;601.5627
210.2390;203.0000;0.0000;523.0766;610.5627
210.2390;203.0000;0.0000;526.3508;619.5627
210.2390;203.6239;0.0000;534.2401;628.5626
209.6151;203.6239;4.5132;542.3861;637.5627
209.6151;203.6239;0.0000;548.1559;646.5627
209.6151;204.2478;0.0000;556.4125;655.5627
208.9912;204.2478;0.0000;560.0540;664.5627
208.9912;203.8717;0.0000;566.1911;673.5627
208.9912;204.4956;0.0000;572.1912;682.5627
208.9912;204.4956;0.0000;574.0804;691.5627
208.9912;204.4956;0.0000;581.9609;700.5626
208.3673;204.4956;0.0000;588.3458;709.5627
208.3673;205.1195;0.0000;591.3635;718.5627
208.3673;205.1195;0.0000;597.8767;727.5627
208.3673;205.7434;7.4868;603.2528;736.5626
208.3673;205.7434;12.0000;612.1245;745.5627
208.3673;205.7434;0.0000;612.2616;754.5627
208.3673;206.3673;7.4868;613.7748;763.5627
208.3673;206.3673;0.0000;619.1597;772.5626
208.3673;206.3673;0.0000;625.0402;781.5627
208.3673;206.9912;7.4868;624.8101;790.5627
208.3673;206.9912;0.0000;634.3232;799.5627
208.3673;206.9912;0.0000;641.0843;808.5626
208.3673;206.6151;0.0000;644.3497;817.5627
207.9912;207.2390;0.0000;650.0931;826.5627
207.9912;207.2390;0.0000;659.8629;835.5627
207.9912;207.2390;0.0000;663.8717;844.5626
207.9912;207.8629;4.5132;668.6151;853.5627
207.9912;207.8629;0.0000;672.5044;862.5627
207.9912;207.8629;0.0000;674.2567;871.5627
207.9912;207.8629;4.5132;680.0000;880.5627
207.9912;208.4868;0.0000;674.2567;889.5627
207.9912;208.4868;4.5132;678.8717;898.5627
207.9912;208.4868;0.0000;681.3673;907.5627
207.9912;209.1107;0.0000;679.7434;916.5627
207.9912;209.1107;0.0000;684.3585;925.5627
208.6151;209.1107;0.0000;686.6063;934.5627
208.6151;209.7346;0.0000;685.9736;943.5626
208.6151;209.7346;0.0000;689.5887;952.5627
208.9912;209.7346;0.0000;689.5887;961.5627
208.9912;209.7346;0.0000;691.4604;970.5626
209.6151;210.3585;0.0000;695.2038;979.5627
209.9912;210.3585;0.0000;689.5798;988.5627
209.9912;210.9824;0.0000;695.9560;997.5627
210.6151;210.9824;4.5132;699.9559;1006.5627
210.9912;210.9824;4.5132;695.9560;1015.5626
211.6151;211.6063;0.0000;696.4427;1024.5627
211.9912;211.6063;0.0000;700.0754;1033.5627
212.6151;211.6063;0.0000;699.4515;1042.5626
212.9912;212.2302;0.0000;703.8188;1051.5627
213.6151;212.2302;0.0000;701.5623;1060.5627
213.9912;212.2302;0.0000;705.6906;1069.5627
214.9912;212.8541;0.0000;709.8101;1078.5627
216.3673;212.8541;0.0000;708.8101;1087.5627
216.7434;212.8541;0.0000;713.8013;1096.5627
217.7434;212.8541;0.0000;714.1597;1105.5627
218.7434;213.4780;0.0000;717.1774;1114.5627
219.7434;213.1019;0.0000;720.2969;1123.5627
221.1195;213.1019;0.0000;721.9208;1132.5627
222.1195;213.1019;0.0000;723.1774;1141.5627
223.1195;213.1019;0.0000;722.6641;1150.5627
223.4956;212.7258;0.0000;724.0491;1159.5627
224.4956;213.3497;0.0000;726.2969;1168.5627
225.4956;212.9736;0.0000;728.7925;1177.5627
226.4956;212.9736;0.0000;727.0491;1186.5627
227.4956;212.9736;0.0000;733.0491;1195.5627
228.1195;212.5975;0.0000;732.0403;1204.5627
229.1195;212.5975;0.0000;730.0491;1213.5627
229.4956;212.5975;0.0000;732.6730;1222.5627
230.1195;212.2214;0.0000;733.0491;1231.5627
231.1195;211.8453;0.0000;732.9296;1240.5627
231.4956;211.4692;0.0000;735.4252;1249.5627
232.4956;211.4692;0.0000;734.1774;1258.5627
233.1195;211.7170;0.0000;735.5535;1267.5627
233.4956;211.3409;0.0000;737.4252;1276.5627
234.4956;210.9648;0.0000;735.9296;1285.5627
235.4956;210.5887;0.0000;740.1774;1294.5627
235.4956;210.5887;0.0000;744.4252;1303.5627
236.1195;210.2126;0.0000;739.8101;1312.5627
236.4956;209.8365;0.0000;744.5535;1321.5627
237.1195;209.4604;0.0000;746.4252;1330.5627
237.1195;209.4604;0.0000;745.3057;1339.5627
237.7434;209.0843;0.0000;749.6730;1348.5627
238.7434;208.7082;0.0000;751.5535;1357.5627
238.7434;208.7082;0.0000;749.8013;1367.1865
239.3673;208.3321;0.0000;753.5447;1376.1865
239.3673;207.9560;0.0000;753.8013;1385.1866
239.9912;207.3321;0.0000;755.9208;1394.1865
240.6151;206.9560;0.0000;760.7924;1403.1865
241.2390;206.5799;0.0000;757.1774;1412.1865
241.2390;206.2038;0.0000;761.6730;1421.1865
241.8629;205.5799;0.0000;764.1686;1430.1865
242.4868;205.2038;0.0000;761.1774;1439.1865
242.4868;204.8277;0.0000;766.4252;1448.1865
243.1107;204.8277;0.0000;762.0579;1457.1866
243.7346;203.8277;0.0000;768.3057;1466.1865
243.7346;203.4516;0.0000;772.1685;1475.1865
243.7346;203.0755;0.0000;771.9207;1484.5627
244.3585;202.6994;0.0000;773.9208;1493.5627
244.3585;202.3232;0.0000;778.9120;1502.5627
244.9824;201.6993;0.0000;775.2969;1511.5627
245.6063;201.3232;0.0000;778.7925;1520.5627
245.2302;200.3232;0.0000;782.6641;1529.5627
245.8541;200.3232;0.0000;780.9208;1538.5627
246.4780;199.9471;0.0000;783.4163;1547.5627
246.1019;198.9471;0.0000;784.9207;1556.5627
246.7258;198.5710;0.0000;784.7924;1565.5627
246.3497;197.5711;0.0000;789.7925;1574.5627
246.5975;197.1949;0.0000;790.9119;1583.5627
246.2214;196.5710;0.0000;793.7836;1592.5627
246.4692;196.1949;0.0000;799.1509;1601.5627
246.0931;195.8188;0.0000;796.1597;1610.5627
245.7170;194.8188;0.0000;801.9031;1619.5627
245.9648;194.8188;0.0000;806.7748;1628.5627
245.5887;193.8188;0.0000;802.7836;1637.5627
245.8365;193.4427;7.4868;806.6554;1646.5627
245.4604;192.8188;0.0000;808.1598;1655.5627
245.7082;192.4427;0.0000;806.5359;1664.5627
245.9560;191.8188;7.4868;809.5270;1673.5627
245.5799;191.4427;0.0000;809.6553;1682.5627
245.8277;190.4427;0.0000;809.6553;1691.5627
245.4516;189.8188;7.4868;814.0226;1700.5627
245.6994;189.4427;0.0000;813.0314;1709.5627
245.3233;188.8188;4.5132;817.5182;1718.5627
244.5710;187.8188;0.0000;808.7837;1727.5627
244.8188;187.1949;0.0000;830.2528;1736.5627
244.0667;186.8188;4.5132;833.7396;1745.5627
244.3145;186.1949;0.0000;834.9874;1754.5627
243.5623;185.1949;0.0000;836.2352;1763.5627
243.1862;184.5710;0.0000;838.1069;1772.5627
243.0578;183.9471;0.0000;840.6024;1781.5627
242.3056;183.5710;0.0000;841.9785;1790.5627
241.9295;182.9471;0.0000;845.0980;1799.5627
241.8012;182.3232;0.0000;844.4741;1808.5627
241.4251;181.3233;0.0000;848.8414;1817.5627
241.0490;180.6994;0.0000;851.9609;1826.5627
240.2968;180.0755;0.0000;847.9697;1835.5627
239.9207;179.6993;0.0000;852.9609;1844.5627
239.5446;179.0755;0.0000;855.4565;1853.5627
238.7924;178.4516;0.0000;850.7131;1862.5627
239.0402;177.4516;0.0000;856.0804;1871.5627
238.2880;176.8277;4.5132;855.4565;1880.5627
237.9119;176.8277;0.0000;854.8326;1889.5627
237.1597;176.2038;4.5132;857.9521;1898.5627
236.7836;175.5799;0.0000;856.5848;1907.5627
236.0314;174.9560;0.0000;859.2087;1916.5627
235.6553;174.3321;0.0000;861.4478;1925.5627
234.9031;173.7082;0.0000;856.4565;1934.5627
233.9031;172.7082;0.0000;860.2000;1943.5627
233.1509;172.7082;0.0000;861.0717;1952.5627
232.7748;172.0843;0.0000;860.2000;1961.5627
232.3987;171.4604;0.0000;863.0717;1970.5627
231.6465;170.8365;0.0000;860.8239;1979.5627
231.2704;170.5887;0.0000;859.2000;1988.5627
230.5182;169.9648;0.0000;862.3195;1997.5627
230.1421;169.3409;0.0000;859.8239;2006.5627
229.7660;169.3409;0.0000;862.3195;2015.5627
229.3899;169.0931;0.0000;867.3107;2024.5627
229.0138;168.4692;0.0000;862.3195;2033.5627
228.0138;167.8453;0.0000;865.4390;2042.5627
227.6377;167.2214;0.0000;867.3107;2051.5627
226.8855;166.9736;0.0000;862.4390;2060.5627
226.5094;166.9736;0.0000;869.4302;2069.5627
225.5094;166.7258;0.0000;866.9346;2078.5627
225.1333;166.4780;0.0000;866.1824;2087.5627
224.3811;165.8541;0.0000;869.3019;2096.5627
224.0050;165.6063;0.0000;868.3019;2105.5627
223.2528;165.9824;0.0000;871.4302;2114.5627
222.2528;165.7346;0.0000;870.1735;2123.5627
221.8767;165.4868;0.0000;866.4302;2132.5627
221.1245;165.2390;0.0000;871.1735;2141.5627
220.1245;165.6151;0.0000;873.6691;2150.5627
219.7484;165.3673;0.0000;869.3019;2159.5627
219.3723;164.7434;0.0000;871.4213;2168.5627
219.3723;164.4956;0.0000;871.0452;2177.5627
218.3723;164.8717;0.0000;871.0452;2186.5627
217.9962;164.6239;0.0000;875.0452;2195.5627
217.6201;164.3761;0.0000;872.4213;2204.5627
216.9962;164.5044;0.0000;873.1647;2213.5627
216.6201;164.8805;0.0000;875.1647;2222.5627
215.9962;164.6327;0.0000;870.2930;2231.5627
215.6201;164.3849;0.0000;874.4125;2240.5627
214.9962;165.1371;0.0000;877.0364;2249.5627
214.6201;164.8893;0.0000;873.0452;2258.5627
213.6201;164.6415;0.0000;874.2842;2267.5627
213.6201;165.0176;0.0000;875.0364;2276.5627
212.6201;165.1459;0.0000;872.4213;2285.5627
212.6201;164.8981;7.4868;876.2842;2294.5627
211.6201;165.6503;0.0000;875.2842;2303.5625
211.6201;165.4025;0.0000;876.5320;2312.5627
210.6201;166.1547;0.0000;877.4037;2321.5627
210.6201;165.9069;0.0000;872.5408;2330.5627
209.9962;166.2830;0.0000;877.0364;2339.5627
209.3723;166.4113;0.0000;879.8993;2348.5627
209.3723;166.7874;0.0000;873.6603;2357.5625
208.3723;167.1635;0.0000;877.7798;2366.5627
207.7484;167.2918;0.0000;879.2842;2375.5627
207.7484;167.6680;0.0000;874.6603;2384.5627
207.1245;168.0441;0.0000;878.7798;2393.5627
206.5006;168.1724;0.0000;875.9081;2402.5625
206.5006;168.5485;0.0000;878.1559;2411.5627
205.8767;169.3007;0.0000;878.0276;2420.5627
205.2528;169.0529;0.0000;873.0364;2429.5627
205.2528;169.8051;4.5132;875.5320;2438.5627
204.6289;170.1812;0.0000;878.7798;2447.5625
204.0050;169.9334;4.5132;872.1559;2456.5627
203.3811;170.3095;0.0000;874.2754;2465.5627
203.1333;171.0617;0.0000;871.8905;2474.5627
202.5094;171.4378;0.0000;873.2842;2483.5627
201.8855;171.5661;0.0000;875.1471;2492.5627
201.8855;171.9422;0.0000;872.8993;2501.5625
201.6377;172.3183;0.0000;869.1471;2510.5627
201.0138;173.0705;0.0000;875.2754;2519.5627
200.3899;173.4466;0.0000;872.4037;2528.5627
199.7660;173.5749;0.0000;874.0276;2537.5627
199.1421;173.9510;0.0000;875.8993;2546.5625
198.5182;174.7032;0.0000;872.5320;2555.5627
198.8943;175.4554;0.0000;873.4037;2564.5627
198.2704;175.8315;0.0000;875.7798;2573.5627
197.6465;175.9598;0.0000;872.1559;2582.5627
197.3987;176.7120;0.0000;876.0276;2591.5627
197.3987;177.0881;0.0000;875.1559;2600.5627
197.1509;177.8403;0.0000;873.5320;2609.5627
196.5270;178.2164;0.0000;875.7798;2618.5627
196.9031;178.9686;0.0000;874.0364;2627.5627
196.2792;178.7208;0.0000;874.7798;2636.5627
196.0314;179.0969;0.0000;878.2754;2646.1865
195.7836;179.8491;4.5132;873.1647;2655.1865
195.1597;180.2252;0.0000;875.1559;2664.1865
194.9119;180.3535;4.5132;877.7798;2673.1865
194.0402;181.1057;0.0000;872.6691;2682.1865
193.4163;181.4818;4.5132;876.5320;2691.1865
192.5446;181.6101;0.0000;874.4125;2700.1865
192.2968;181.9862;4.5132;874.7886;2709.1865
191.0490;182.7384;0.0000;877.5320;2718.1865
190.8012;183.4906;0.0000;876.0364;2727.1865
190.5534;183.8667;0.0000;874.5408;2736.1865
189.6817;184.6189;0.0000;881.7798;2745.1865
189.4339;184.9950;0.0000;875.7974;2754.1865
189.1861;185.7472;0.0000;878.7886;2763.1865
188.9384;186.1233;0.0000;881.2842;2772.5627
188.6906;186.8755;0.0000;876.2930;2781.5627
188.4427;187.2516;0.0000;880.0364;2790.5625
188.1949;187.6277;0.0000;878.1647;2799.5627
187.9471;188.3799;0.0000;878.5408;2808.5627
187.6994;188.7560;0.0000;880.4125;2817.5627
187.4516;189.5082;0.0000;879.1647;2826.5627
186.5799;189.8843;0.0000;879.1647;2835.5627
186.3321;190.6366;0.0000;880.7886;2844.5627
185.8365;191.0126;0.0000;879.3018;2853.5627
185.5887;191.3888;0.0000;880.2930;2862.5627
184.7170;192.3887;0.0000;882.7886;2871.5627
184.4692;192.7648;4.5132;878.7974;2880.5627
184.5975;193.1410;0.0000;882.9257;2889.5627
184.3497;194.1410;0.0000;882.4213;2898.5627
183.8541;194.5171;0.0000;883.4301;2907.5627
184.2302;194.8932;0.0000;885.9257;2916.5627
184.3585;195.2693;0.0000;883.5496;2925.5627
184.1107;195.2693;0.0000;882.3018;2934.5627
184.2390;195.6454;0.0000;885.9257;2943.5627
183.9912;196.2693;0.0000;882.1823;2952.5627
184.1195;196.6454;4.5132;884.0540;2961.5627
184.2478;196.6454;0.0000;886.3018;2970.5627
184.3761;196.6454;0.0000;882.6867;2979.5627
184.5044;197.2693;0.0000;887.3107;2988.5627
184.6327;197.6454;0.0000;886.4301;2997.5627
184.7610;197.6454;0.0000;884.6868;3006.5627
185.1371;198.2693;0.0000;888.6868;3015.5627
185.2654;198.2693;0.0000;887.8151;3024.5627
185.3937;198.2693;0.0000;885.6868;3033.5627
185.1459;198.8932;0.0000;889.0629;3042.5627
185.8981;198.8932;0.0000;884.8151;3051.5627
186.0264;198.8932;0.0000;888.3107;3060.5627
186.1547;198.8932;0.0000;888.6868;3069.5627
186.2831;199.8932;0.0000;884.5673;3078.5627
186.7874;199.8932;0.0000;886.8151;3087.5627
186.9157;200.5171;0.0000;888.3107;3096.5627
187.0441;200.5171;4.5132;886.8151;3105.5627
187.1724;200.5171;0.0000;889.3107;3114.5627
186.6768;201.1410;0.0000;887.5673;3123.5627
186.8051;201.1410;0.0000;887.1912;3132.5627
186.9334;201.7648;0.0000;889.8151;3141.5627
187.0617;201.7648;0.0000;887.8239;3150.5627
187.1900;202.3887;0.0000;888.5673;3159.5627
187.3183;202.3887;0.0000;892.3107;3168.5627
187.4466;203.0126;0.0000;886.0717;3177.5627
187.1988;203.0126;0.0000;888.9434;3186.5627
187.3271;203.6365;0.0000;889.9434;3195.5627
187.8315;203.6365;0.0000;887.2000;3204.5627
187.9598;203.8843;0.0000;890.9434;3213.5627
188.0881;203.8843;0.0000;887.4478;3222.5627
188.4642;204.5082;0.0000;888.7043;3231.5627
188.5925;204.1321;0.0000;890.3195;3240.5627
188.3447;204.7560;0.0000;888.7043;3249.5627
188.4730;205.3799;0.0000;889.3282;3258.5627
188.2252;205.3799;0.0000;892.5760;3267.5627
187.9774;206.0038;0.0000;886.8326;3276.5627
188.3535;205.6277;0.0000;892.7043;3285.5627
188.1057;206.2516;0.0000;893.8239;3294.5627
187.8579;205.8755;0.0000;891.8326;3303.5627
188.6101;206.4994;0.0000;894.0804;3312.5627
188.3623;206.1233;0.0000;893.2087;3321.5627
189.1145;206.7472;0.0000;893.3370;3330.5627
188.8667;206.3711;0.0000;895.8414;3339.5627
189.2428;206.6189;0.0000;894.7131;3348.5627
189.3711;206.6189;0.0000;895.4653;3357.5627
189.7472;206.8667;0.0000;898.3370;3366.5627
189.4994;207.1145;0.0000;892.2263;3375.5627
189.8755;206.7384;0.0000;896.3458;3384.5627
190.0038;206.9862;0.0000;899.4653;3393.5627
190.3799;207.2340;0.0000;895.8502;3402.5627
190.1321;206.8579;0.0000;898.0980;3411.5627
190.5082;206.7296;0.0000;898.0980;3420.5630
190.2605;206.9774;0.0000;897.8502;3429.5627
190.6366;207.2252;0.0000;901.0981;3438.5627
190.3887;207.4730;0.0000;899.9786;3447.5627
190.1410;207.7208;0.0000;900.3547;3456.5627
190.5171;207.9686;0.0000;903.3547;3465.5627
190.2693;208.2164;4.5132;899.6113;3474.5627
190.2693;208.7120;0.0000;903.7308;3483.5627
190.6454;208.9598;0.0000;903.3547;3492.5627
190.3976;208.5837;4.5132;899.9874;3501.5627
190.7737;208.8315;0.0000;903.9786;3510.5627
190.5259;209.0793;0.0000;901.8591;3519.5630
190.9020;209.3271;0.0000;898.7396;3528.5627
190.9020;209.5749;4.5132;904.2352;3537.5627
190.6542;209.8227;0.0000;903.6113;3546.5627
191.0303;210.0705;0.0000;903.7396;3555.5627
190.4064;209.9422;0.0000;904.7396;3564.5630
190.7825;210.1900;0.0000;903.4918;3573.5627
190.7825;210.4378;0.0000;904.7396;3582.5630
191.1586;211.3095;0.0000;906.3635;3591.5627
191.5347;211.1812;0.0000;901.9962;3600.5625
191.5347;211.4290;0.0000;904.1157;3609.5627
191.2869;211.6768;0.0000;905.7396;3618.5627
191.6630;211.5485;0.0000;902.6201;3627.5630
192.0391;212.4202;0.0000;906.3635;3636.5627
192.4152;212.6680;0.0000;903.2440;3645.5625
192.7913;212.5396;0.0000;902.2440;3654.5627
193.1674;213.4113;0.0000;905.4918;3663.5627
192.5435;213.2831;0.0000;902.3723;3672.5630
192.9196;214.1547;0.0000;904.8679;3681.5627
193.2957;214.0264;0.0000;906.1157;3690.5630
193.6718;214.2742;0.0000;901.5006;3699.5627
194.0479;214.7698;7.4868;903.7484;3708.5627
194.0479;215.0176;0.0000;904.7484;3717.5630
194.4240;214.8893;0.0000;894.7660;3726.5627
194.4240;215.1371;0.0000;896.6377;3735.5630
194.8001;215.0088;0.0000;894.1421;3744.5627
194.8001;215.2566;0.0000;895.5182;3753.5625
195.1762;215.7522;0.0000;897.6465;3762.5630
195.1762;216.0000;0.0000;893.5182;3771.5627
195.5523;215.8717;0.0000;896.6465;3780.5630
196.1762;216.1195;0.0000;898.8855;3789.5627
196.5523;215.9912;0.0000;893.3987;3798.5625
196.5523;216.8629;0.0000;897.5182;3807.5630
196.9284;216.7346;0.0000;899.7661;3816.5627
197.5523;216.9824;0.0000;897.0226;3825.5630
197.5523;217.8541;0.0000;899.2704;3834.5627
198.1762;218.1019;4.5132;898.2704;3843.5625
198.5523;218.5975;4.5132;897.1509;3852.5630
198.5523;218.8453;0.0000;900.2704;3861.5627
199.1762;219.7170;0.0000;901.8943;3870.5630
199.1762;219.5887;0.0000;894.3811;3879.5627
199.8001;219.8365;0.0000;908.4075;3888.5625
199.8001;220.7082;0.0000;901.6642;3897.5627
200.4240;220.5799;0.0000;905.1598;3906.5627
200.4240;221.4516;0.0000;908.4075;3915.5630
201.0479;221.6994;0.0000;904.5447;3924.5627
201.6718;221.5710;0.0000;908.6642;3934.1865
201.2957;222.4427;0.0000;907.4164;3943.1865
201.9196;222.3144;0.0000;907.5447;3952.1868
201.9196;222.5622;0.0000;909.7925;3961.1865
202.1674;223.4339;0.0000;909.5447;3970.1868
202.1674;223.3056;0.0000;912.4252;3979.1865
202.1674;223.5534;0.0000;912.7924;3988.1865
202.4152;223.4251;0.0000;910.1774;3997.1865
202.4152;223.6729;0.0000;914.1773;4006.1865
202.6630;223.5446;0.0000;913.9207;4015.1868
202.6630;223.7924;0.0000;912.0579;4024.1865
202.9108;223.6641;0.0000;916.1774;4033.1865
202.5347;223.9119;0.0000;914.4251;4042.1865
202.7825;224.1597;0.0000;913.5535;4051.5627
202.7825;224.0314;0.0000;917.6730;4060.5630
203.0303;224.2792;0.0000;914.3057;4069.5627
202.2781;224.1509;0.0000;914.9296;4078.5630
202.5259;224.3987;0.0000;917.6818;4087.5627
202.7737;224.2704;0.0000;913.8101;4096.5625
202.3976;223.8943;0.0000;917.3057;4105.5630
202.2693;223.7660;0.0000;921.0579;4114.5625
202.5171;224.0138;0.0000;918.3145;4123.5630
202.3887;223.2616;0.0000;920.3057;4132.5625
202.6366;223.5094;0.0000;921.5535;4141.5625
202.8843;223.1333;4.5132;920.3057;4150.5630
202.7560;223.0050;0.0000;922.1774;4159.5625
203.0038;223.2528;4.5132;919.6818;4168.5630
203.2516;222.8767;0.0000;920.6818;4177.5625
203.1233;222.7484;4.5132;922.1774;4186.5625
203.3711;222.9962;0.0000;921.0579;4195.5630
203.2428;222.6201;4.5132;921.0579;4204.5625
203.1145;222.4918;0.0000;926.3057;4213.5630
203.3623;222.1157;0.0000;920.4340;4222.5625
203.2340;222.3635;0.0000;925.6818;4231.5625
203.7296;221.9874;0.0000;924.5535;4240.5630
203.6013;221.2352;0.0000;922.0579;4249.5625
203.8491;221.4830;0.0000;925.5535;4258.5630
204.3447;221.1069;0.0000;924.0579;4267.5625
204.2164;220.3547;0.0000;926.3057;4276.5625
204.7120;219.9786;0.0000;927.5535;4285.5625
204.9598;220.2263;0.0000;925.4340;4294.5625
204.8315;219.8503;0.0000;926.3057;4303.5630
205.3271;219.4742;0.0000;931.4252;4312.5625
205.5749;219.0981;0.0000;925.1862;4321.5630
205.4466;219.3458;0.0000;927.5535;4330.5625
205.3183;218.9697;0.0000;931.4252;4339.5625
205.5661;218.5936;0.0000;928.4340;4348.5630
205.4378;218.8414;0.0000;929.4252;4357.5625
205.3095;218.4653;0.0000;927.6818;4366.5630
205.1812;218.0892;0.0000;926.6818;4375.5625
205.0529;218.3370;0.0000;929.1774;4384.5625
204.9246;217.9609;0.0000;930.4340;4393.5630
204.7963;217.5848;0.0000;927.6818;4402.5625
204.6680;217.8326;0.0000;932.8013;4411.5630
204.9157;217.4565;0.0000;927.0579;4420.5625
204.1635;217.0804;4.5132;931.4252;4429.5625
204.0352;217.3282;0.0000;932.8013;4438.5630
203.9070;216.9521;0.0000;929.6818;4447.5625
203.1547;216.9521;0.0000;932.1774;4456.5630
203.4025;216.5760;0.0000;932.9296;4465.5625
203.2742;216.8238;0.0000;930.6818;4474.5625
203.1459;216.4477;0.0000;932.9296;4483.5630
203.3937;216.4477;0.0000;930.9296;4492.5625
203.2654;216.6955;0.0000;933.5535;4501.5630
203.1371;216.3194;0.0000;935.6730;4510.5625
203.0088;216.3194;0.0000;931.6818;4519.5630
202.8805;215.9433;0.0000;935.0491;4528.5630
202.7522;216.1911;0.0000;936.5446;4537.5625
202.3761;215.8150;0.0000;934.1774;4546.5630
202.2478;215.8150;0.0000;937.2968;4555.5625
202.1195;215.4389;0.0000;938.5446;4564.5630
201.9912;215.0628;0.0000;937.5446;4573.5625
202.4868;215.0628;0.0000;940.2880;4582.5625
202.3585;215.3106;0.0000;938.7924;4591.5630
202.2302;214.9345;0.0000;936.7836;4600.5625
202.1019;214.9345;4.5132;940.6641;4609.5630
201.9736;214.9345;0.0000;937.5446;4618.5625
201.4692;214.5584;0.0000;939.0402;4627.5625
201.3409;214.5584;0.0000;942.1597;4636.5630
201.2126;214.8062;0.0000;937.7924;4645.5625
200.7082;214.8062;0.0000;942.5358;4654.5630
200.5799;214.8062;4.5132;943.1597;4663.5625
200.4515;214.4301;0.0000;941.9119;4672.5625
200.3232;214.4301;0.0000;945.0314;4681.5630
199.8188;214.4301;0.0000;944.4075;4690.5625
199.6906;214.4301;0.0000;944.0314;4699.5630
199.1861;214.4301;0.0000;946.5270;4708.5625
199.6817;214.4301;4.5132;943.4075;4717.5625
199.5534;214.0540;0.0000;947.1509;4726.5630
199.0490;214.6779;0.0000;949.6465;4735.5625
198.9207;214.6779;0.0000;946.9031;4744.5630
198.7924;214.6779;0.0000;948.7748;4753.5625
198.6641;214.6779;0.0000;949.1509;4762.5630
198.5358;214.6779;4.5132;946.9031;4771.5630
198.4075;214.6779;0.0000;950.2704;4780.5625
197.9031;214.6779;0.0000;948.7748;4789.5630
197.7748;215.0540;0.0000;949.1509;4798.5625
197.6465;215.0540;0.0000;949.6465;4807.5630
197.7660;214.4301;0.0000;949.3987;4816.5630
197.0138;214.4301;0.0000;950.6465;4825.5625
197.1333;214.8062;0.0000;950.8943;4834.5630
197.0050;214.8062;0.0000;947.7748;4843.5625
196.5006;214.8062;0.0000;950.6465;4852.5630
196.3723;214.5584;0.0000;953.1421;4861.5625
196.2440;214.5584;0.0000;949.7748;4870.5625
195.7396;214.9345;0.0000;952.7660;4879.5630
195.6113;214.3106;0.0000;952.7660;4888.5625
195.4830;214.6867;0.0000;952.2704;4897.5630
195.6024;215.0628;0.0000;954.3899;4906.5625
195.4741;214.4389;0.0000;953.1421;4915.5625
195.3458;214.8150;0.0000;956.7660;4924.5630
195.4653;214.5672;0.0000;956.6377;4933.5625
195.3370;214.9433;0.0000;952.2704;4942.5630
195.8326;214.6955;0.0000;955.1421;4951.5625
195.7043;215.0716;0.0000;958.0138;4960.5625
195.5760;214.8238;0.0000;954.1421;4969.5630
196.4477;215.1999;0.0000;956.3899;4978.5625
196.3194;214.9521;0.0000;956.5182;4987.5630
196.1911;215.3282;0.0000;955.7748;4996.5625
196.6867;215.0804;0.0000;956.7660;5005.5630
196.5584;215.4565;0.0000;957.0226;5014.5625
196.4301;215.2087;0.0000;954.8943;5023.5625
197.3018;214.9609;0.0000;959.6377;5032.5625
197.1735;215.3370;0.0000;952.1509;5041.5625
197.0452;215.0892;0.0000;957.1421;5050.5630
197.9169;215.4653;0.0000;957.6377;5059.5625
197.7886;215.2175;0.0000;955.8943;5068.5625
198.0364;215.5936;0.0000;958.3899;5077.5625
198.9081;215.3458;0.0000;956.7660;5086.5625
199.1559;215.7220;0.0000;957.3899;5095.5630
199.0276;215.4742;0.0000;960.2616;5104.5625
199.8993;215.8503;0.0000;956.7660;5113.5625
200.1471;215.9785;0.0000;958.8855;5122.5625
201.3949;216.3546;0.0000;959.1333;5131.5625
201.6427;216.4830;0.0000;955.5182;5140.5630
201.8905;216.8591;0.0000;957.3899;5149.5625
202.1383;216.9874;0.0000;959.8855;5158.5625
202.3860;217.7396;4.5132;956.7660;5167.5625
202.6339;217.8679;0.0000;959.5094;5176.5625
202.8817;218.6201;0.0000;958.6377;5185.5630
204.1295;218.7484;0.0000;958.3899;5194.5625
204.3773;219.5006;0.0000;959.8855;5203.5625
204.6250;219.6289;0.0000;958.6377;5212.5625
205.2489;219.7572;0.0000;960.2616;5222.1865
205.4967;220.1333;0.0000;960.7572;5231.1865
205.7445;220.2616;0.0000;956.1421;5240.1865
205.9923;220.3899;0.0000;959.6377;5249.1865
206.2401;221.1421;0.0000;963.3811;5258.1865
206.8640;220.8943;0.0000;960.2616;5267.1865
207.1118;221.0226;0.0000;961.5094;5276.1865
206.7357;221.1509;0.0000;964.8855;5285.1865
206.9835;221.2792;0.0000;961.1333;5294.1865
207.2313;221.7836;0.0000;964.0050;5303.1865
207.4791;221.9119;0.0000;962.3811;5312.1865
208.3508;222.0402;0.0000;964.0050;5321.1865
208.9747;221.5446;0.0000;962.6289;5330.1865
209.2225;222.0490;0.0000;960.7572;5339.5625
209.4703;222.1773;0.0000;962.6289;5348.5630
209.7181;222.3056;0.0000;963.8767;5357.5625
210.3420;222.8100;0.0000;959.7572;5366.5625
210.5898;222.9383;0.0000;962.2528;5375.5630
210.8376;223.0667;0.0000;962.7484;5384.5625
211.4615;222.5710;0.0000;959.6289;5393.5630
211.4615;223.0755;0.0000;963.3723;5402.5625
211.7093;223.2038;0.0000;961.3723;5411.5625
212.9571;223.0843;0.0000;958.3723;5420.5630
213.5810;223.2126;0.0000;962.1245;5429.5625
214.2049;222.7170;0.0000;957.1245;5438.5630
215.0766;222.2214;0.0000;956.1157;5447.5625
215.7005;222.1019;0.0000;957.6113;5456.5625
216.3244;222.2302;0.0000;952.2440;5465.5625
216.9483;222.1107;0.0000;956.6113;5474.5625
217.5722;222.2390;0.0000;956.8591;5483.5630
217.9483;222.1195;0.0000;952.4918;5492.5625
218.5722;222.2478;0.0000;955.8591;5501.5625
219.1961;222.1283;0.0000;953.9874;5510.5625
220.1961;221.6327;0.0000;954.3635;5519.5625
221.4439;221.1371;0.0000;953.9874;5528.5630
222.4439;221.0176;0.0000;950.4918;5537.5625
223.6917;220.5220;7.4868;953.1157;5546.5625
224.6917;221.0264;0.0000;955.2352;5555.5625
225.6917;220.5309;4.5132;949.8679;5564.5625
226.6917;220.0352;4.5132;952.1157;5573.5630
227.3156;219.9157;4.5132;936.7660;5582.5625
228.3156;219.4202;0.0000;960.8502;5591.5630
228.6917;219.5485;0.0000;963.7219;5600.5625
229.6917;219.4290;0.0000;962.9697;5609.5625
230.0678;218.9334;0.0000;962.9697;5618.5630
231.0678;218.4378;0.0000;964.8414;5627.5625
232.0678;217.9422;0.0000;962.9697;5636.5630
232.6917;217.4466;0.0000;963.3458;5645.5625
233.6917;216.9510;0.0000;967.7131;5654.5625
234.6917;215.8315;0.0000;961.4741;5663.5630
235.6917;215.7120;0.0000;964.2175;5672.5625
236.0678;215.2164;0.0000;967.7131;5681.5630
236.6917;214.7208;0.0000;962.3458;5690.5625
237.0678;213.6013;0.0000;964.5936;5699.5625
237.4439;213.1057;0.0000;964.8414;5708.5630
237.8200;212.6101;0.0000;962.3458;5717.5625
238.1961;212.1145;0.0000;965.2175;5726.5630
238.5722;211.6189;0.0000;963.3458;5735.5625
238.3244;211.1233;4.5132;964.2175;5744.5625
238.7005;210.2516;0.0000;966.7219;5753.5625
238.4527;209.7560;0.0000;959.8503;5762.5625
238.8288;208.6366;4.5132;962.7219;5771.5630
238.5810;208.1410;0.0000;963.3458;5780.5625
238.3332;207.6454;0.0000;958.9786;5789.5625
238.4615;207.1498;0.0000;961.4741;5798.5625
238.2137;206.2781;0.0000;962.0980;5807.5625
237.9659;205.1586;4.5132;959.2264;5816.5630
238.0942;204.2869;0.0000;962.7219;5825.5625
237.8464;203.7913;0.0000;962.3546;5834.5630
237.3508;202.9196;0.0000;959.3547;5843.5625
237.1030;202.4240;0.0000;960.4830;5852.5625
236.6074;201.5523;0.0000;956.4830;5861.5630
236.1118;201.3045;0.0000;956.4830;5870.5625
235.2401;200.4328;0.0000;958.7308;5879.5630
234.7445;200.1850;0.0000;955.2352;5888.5625
233.8728;199.6894;0.0000;957.7308;5897.5625
234.0012;199.4416;0.0000;958.7308;5906.5630
233.1295;199.1938;0.0000;955.2352;5915.5625
232.6339;198.6982;0.0000;959.1069;5924.5630
231.7622;198.4504;0.0000;958.1069;5933.5625
231.8905;198.5787;0.0000;956.8591;5942.5625
231.0188;197.7070;0.0000;958.6025;5951.5630
230.7710;197.4592;0.0000;954.3635;5960.5625
230.2754;197.5875;0.0000;958.1069;5969.5630
229.4037;196.7158;0.0000;960.3547;5978.5625
228.9081;196.4680;4.5132;952.7308;5987.5625
228.6603;196.2202;0.0000;958.4830;5996.5625
228.1647;195.9724;0.0000;958.7308;6005.5625
227.2930;195.7246;0.0000;958.1157;6014.5630
226.7974;195.1007;0.0000;959.1069;6023.5625
226.5496;194.8530;0.0000;958.4830;6032.5625
226.6779;194.9812;0.0000;955.8503;6041.5625
225.8062;194.7335;0.0000;960.3547;6050.5625
225.9345;194.4857;4.5132;958.4830;6059.5630
225.4389;194.2379;0.0000;960.3547;6068.5625
225.1911;193.9901;0.0000;962.2263;6077.5630
224.6955;193.7423;0.0000;956.6113;6086.5625
224.1999;193.1184;0.0000;959.8591;6095.5625
223.3282;192.2467;0.0000;962.2263;6104.5630
223.4565;191.9989;0.0000;957.6113;6113.5625
222.3370;191.7511;4.5132;959.7308;6122.5630
222.4653;191.5033;0.0000;958.4830;6131.5625
221.9697;190.8794;0.0000;957.2352;6140.5625
221.4742;190.6316;0.0000;960.7308;6149.5630
220.9786;190.3838;0.0000;960.7396;6158.5625
220.4830;189.5121;4.5132;958.4830;6167.5630
220.6113;188.8882;0.0000;962.6024;6176.5625
220.1157;188.6404;0.0000;955.4918;6185.5625
220.2440;188.0165;0.0000;957.6113;6194.5630
220.7484;187.7687;0.0000;960.4830;6203.5625
220.2528;187.5209;0.0000;956.7396;6212.5630
220.3811;186.8970;0.0000;958.8591;6221.5625
219.8855;186.6492;4.5132;956.9874;6230.5625
220.0138;187.0253;0.0000;955.4918;6239.5630
219.5182;186.7775;4.5132;958.3635;6248.5625
219.3987;186.1536;0.0000;956.7396;6257.5630
219.5270;186.5297;0.0000;956.7396;6266.5625
219.0314;186.2819;4.5132;960.2352;6275.5625
218.5358;185.6580;0.0000;953.6201;6284.5625
218.0402;185.4102;0.0000;956.4918;6293.5625
217.9207;185.4102;0.0000;957.7396;6302.5630
217.4251;185.1624;0.0000;954.3723;6311.5625
216.9295;185.1624;0.0000;955.6201;6320.5630
216.8100;185.1624;0.0000;955.3723;6329.5625
215.6905;185.1624;0.0000;952.8767;6338.5625
215.1949;184.5385;0.0000;954.9962;6347.5630
214.0755;184.5385;0.0000;954.3723;6356.5625
212.9560;184.5385;0.0000;952.6289;6365.5630
211.2126;184.5385;0.0000;954.9962;6374.5625
210.0931;184.5385;0.0000;951.6289;6383.5625
208.9736;184.5385;0.0000;953.1245;6392.5630
208.4780;184.5385;0.0000;955.1245;6401.5625
207.3585;184.5385;0.0000;952.0050;6410.5630
206.8629;185.1624;0.0000;954.7484;6419.5625
206.3673;185.1624;0.0000;954.7484;6428.5625
205.2478;185.1624;0.0000;952.6289;6437.5630
204.7522;185.1624;0.0000;955.7484;6446.5625
203.6327;185.1624;0.0000;953.2528;6455.5630
203.1371;185.1624;0.0000;953.0050;6464.5625
201.6415;185.1624;0.0000;955.5006;6473.5625
201.1459;184.7863;0.0000;949.7484;6482.5630
200.0264;184.7863;0.0000;953.6289;6491.5625
199.5308;184.7863;0.0000;955.8767;6500.5630
198.4113;185.4102;0.0000;951.1333;6510.1865
197.9157;185.0341;0.0000;951.6201;6519.1865
197.0441;185.0341;0.0000;955.6289;6528.1865
196.5485;185.0341;0.0000;952.5094;6537.1865
195.6768;185.2819;0.0000;956.2528;6546.1865
195.1812;185.2819;0.0000;955.0138;6555.1865
194.6856;185.2819;0.0000;952.8855;6564.1865
194.1900;184.9058;0.0000;956.6289;6573.1865
193.6944;184.9058;0.0000;953.1333;6582.1865
192.8227;184.5297;0.0000;954.3811;6591.1865
192.3271;185.1536;0.0000;956.2528;6600.1865
191.8315;185.1536;0.0000;951.6377;6609.1865
190.9598;185.4014;0.0000;954.0138;6618.1865
190.4642;185.4014;0.0000;957.0050;6627.5630
188.9686;185.6492;0.0000;952.7660;6636.5625
188.4730;185.6492;0.0000;955.7572;6645.5630
187.6013;185.8970;0.0000;955.2616;6654.5625
186.4818;186.5209;0.0000;954.6377;6663.5630
185.6101;186.7687;0.0000;955.8855;6672.5630
185.1145;187.0165;0.0000;957.1333;6681.5625
183.9950;187.0165;0.0000;955.2616;6690.5630
183.1233;187.2643;0.0000;959.0050;6699.5625
182.6277;187.8882;0.0000;954.0138;6708.5630
182.1321;188.1360;0.0000;956.5094;6717.5625
180.6366;188.3838;0.0000;958.3811;6726.5625
180.1410;189.0077;0.0000;956.2616;6735.5630
179.0215;189.2555;0.0000;958.1333;6744.5625
178.5259;189.5033;0.0000;957.1333;6753.5630
177.4064;190.1272;0.0000;955.2616;6762.5625
176.5347;190.3750;0.0000;959.0050;6771.5625
175.4152;190.6228;0.0000;959.2616;6780.5630
174.9196;191.8706;0.0000;960.2616;6789.5625
174.0479;192.1184;0.0000;960.6289;6798.5630
173.5523;192.3661;0.0000;957.2616;6807.5625
172.6806;193.2379;0.0000;958.7572;6816.5625
171.5611;193.4857;0.0000;961.6289;6825.5630
171.0655;194.3573;0.0000;959.2616;6834.5625
170.1938;194.6051;0.0000;961.7572;6843.5630
170.6982;194.8530;0.0000;962.3811;6852.5630
170.4504;195.1007;0.0000;960.5094;6861.5625
170.5787;195.3485;0.0000;964.8855;6870.5630
171.3309;195.5963;0.0000;959.5006;6879.5630
171.0831;195.8441;0.0000;962.5094;6888.5625
171.2114;195.7158;0.0000;964.6289;6897.5625
170.9636;195.9636;4.5132;961.5094;6906.5630
171.0919;196.8353;0.0000;963.3811;6915.5625
170.8441;197.7070;4.5132;965.6289;6924.5625
170.9724;198.5787;0.0000;962.1333;6933.5630
170.1007;198.8265;0.0000;965.8855;6942.5630
169.8529;200.3221;4.5132;965.7572;6951.5625
169.3573;201.1938;0.0000;963.1333;6960.5630
169.1096;202.0655;0.0000;965.6289;6969.5630
168.8618;202.9372;0.0000;964.8855;6978.5625
167.9901;203.8089;0.0000;963.8855;6987.5625
167.7422;204.6806;0.0000;966.7572;6996.5630
167.4945;206.1762;0.0000;965.0138;7005.5630
167.2467;207.0479;0.0000;967.8855;7014.5625
166.9989;207.5435;0.0000;968.5094;7023.5630
166.1272;209.0391;0.0000;966.7660;7032.5630
165.8794;209.9108;4.5132;967.2616;7041.5625
165.0077;210.7825;0.0000;968.6377;7050.5625
164.7599;211.6542;0.0000;966.7660;7059.5630
164.1360;212.1498;0.0000;968.8855;7068.5625
163.8882;212.3976;0.0000;966.6377;7077.5625
164.2643;213.2693;0.0000;965.7660;7086.5630
164.0165;214.1410;0.0000;968.2616;7095.5630
163.7687;215.0126;0.0000;967.2704;7104.5625
164.1448;215.5082;0.0000;965.1421;7113.5630
164.5209;216.3799;0.0000;968.0138;7122.5630
164.2731;217.2516;0.0000;964.8943;7131.5625
164.6492;218.7472;0.0000;967.6377;7140.5625
164.4014;219.2428;0.0000;966.0138;7149.5630
164.1536;220.7384;0.0000;965.5182;7158.5625
163.9058;221.6101;0.0000;967.8855;7167.5625
164.2819;222.7296;0.0000;967.0138;7176.5630
164.6580;223.6013;0.0000;964.8943;7185.5630
164.4102;225.0969;0.0000;969.6465;7194.5625
164.1624;225.5925;0.0000;964.1509;7203.5630
164.5385;226.4642;0.0000;965.1509;7212.5630
163.9146;227.9598;0.0000;969.0226;7221.5625
164.2907;228.8315;7.4868;963.4075;7230.5625
164.0429;229.3271;7.4868;968.2792;7239.5630
164.0429;230.8227;0.0000;967.1509;7248.5630
164.4190;231.6944;7.4868;955.2969;7257.5625
164.7951;232.5661;0.0000;955.7925;7266.5630
164.7951;233.6856;0.0000;953.6730;7275.5630
165.1712;234.5573;0.0000;953.2969;7284.5625
165.5473;235.4290;0.0000;957.4164;7293.5625
165.9234;236.9246;0.0000;956.2969;7302.5630
165.9234;237.7963;0.0000;955.1686;7311.5625
166.2995;238.9157;0.0000;957.7925;7320.5625
166.6756;239.7874;0.0000;951.0491;7329.5630
167.0517;241.2830;0.0000;952.9208;7338.5630
167.6756;242.1547;0.0000;958.7925;7347.5625
168.0517;243.6503;0.0000;954.0491;7356.5630
169.0517;245.1459;0.0000;953.5447;7365.5630
169.4278;246.0176;0.0000;952.9208;7374.5625
170.4278;247.1371;4.5132;953.3057;7383.5625
171.0517;248.6327;4.5132;954.2969;7392.5630
171.4278;249.5044;4.5132;954.6730;7401.5625
172.0517;251.0000;0.0000;954.0491;7410.5625
173.0517;252.4956;0.0000;955.5447;7419.5630
174.0517;253.3673;0.0000;952.4252;7428.5630
174.0517;254.8629;0.0000;953.6730;7437.5625
175.0517;255.3585;0.0000;957.2969;7446.5630
176.0517;256.2302;0.0000;951.0491;7455.5630
177.6756;257.1019;0.0000;953.5447;7464.5625
178.6756;257.9736;0.0000;954.2969;7473.5625
179.9234;258.8453;0.0000;951.6730;7482.5630
181.5473;259.3409;0.0000;955.9208;7491.5635
182.5473;260.8365;0.0000;953.2969;7500.5625
184.1712;261.7082;0.0000;953.9208;7509.5630
185.7951;262.2037;0.0000;954.7925;7518.5630
187.7951;263.0754;0.0000;952.0491;7527.5625
189.4190;264.5710;0.0000;953.9208;7536.5625
190.4190;265.4427;0.0000;956.4164;7545.5630
192.0429;266.3145;0.0000;953.5535;7554.5625
193.6668;266.8101;0.0000;954.5447;7563.5625
194.6668;267.6817;0.0000;956.5447;7572.5630
195.6668;268.5534;0.0000;954.5447;7581.5630
196.6668;269.4251;0.0000;955.4164;7590.5625
197.2907;270.2968;0.0000;954.7925;7599.5630
198.2907;271.1685;0.0000;954.7925;7608.5630
199.2907;272.0402;0.0000;956.6642;7617.5625
200.2907;272.9119;0.0000;953.2969;7626.5625
201.2907;273.7836;0.0000;950.4252;7635.5630
202.9146;274.6553;0.0000;959.1597;7644.5625
203.5385;275.2792;0.0000;956.0403;7653.5625
204.5385;276.1509;0.0000;956.6642;7662.5630
206.1624;276.3987;0.0000;958.4164;7671.5630
207.1624;276.6465;0.0000;955.2969;7680.5625
208.4102;277.8943;0.0000;957.2881;7689.5630
209.4102;278.1421;0.0000;957.2881;7698.5630
211.0341;279.3899;0.0000;955.4164;7707.5625
211.6580;279.6377;0.0000;959.1597;7716.5625
213.2819;280.2616;0.0000;957.0403;7725.5630
214.5297;281.1333;0.0000;958.2880;7734.5635
215.5297;281.7572;0.0000;958.7748;7743.5625
216.7775;282.6289;0.0000;956.7925;7752.5630
218.4014;283.2528;0.0000;959.5358;7761.5630
220.0253;283.5006;0.0000;958.5270;7770.5625
221.2731;283.7484;0.0000;959.0402;7779.5625
222.8970;284.9962;0.0000;961.5358;7788.5630
224.1448;285.2440;0.0000;962.7836;7798.1865
225.7687;285.8679;0.0000;963.7836;7807.1865
227.0165;285.4918;0.0000;963.4075;7816.1870
228.6404;286.1157;0.0000;963.1597;7825.1865
230.2643;286.7396;0.0000;964.1597;7834.1865
230.8882;286.3635;0.0000;965.2792;7843.1870
232.5121;286.9874;0.0000;961.9119;7852.1865
233.7599;287.2352;0.0000;967.5358;7861.1865
236.0077;287.2352;0.0000;968.7836;7870.1865
237.6316;286.8591;0.0000;966.0402;7879.1870
239.5033;287.4830;0.0000;968.6553;7888.1865
241.3750;287.4830;0.0000;966.9119;7897.1865
242.9989;287.4830;0.0000;970.7925;7906.1870
244.8706;287.7308;0.0000;970.0403;7915.5625
246.7423;287.7308;4.5132;970.7925;7924.5630
248.6140;287.7308;0.0000;972.1686;7933.5630
250.4857;288.3547;0.0000;974.6642;7942.5625
252.9813;288.3547;0.0000;968.0491;7951.5625
255.2290;288.9785;0.0000;973.9120;7960.5630
257.1007;288.9785;4.5132;977.4164;7969.5630
259.3485;288.6024;0.0000;970.9208;7978.5625
261.2202;288.6024;4.5132;978.1686;7987.5630
264.0919;288.2263;0.0000;977.2969;7996.5630
265.9636;288.8503;0.0000;972.6730;8005.5625
268.8353;288.8503;0.0000;978.6730;8014.5625
270.7070;288.4742;0.0000;976.9208;8023.5630
273.5787;288.4742;7.4868;974.6642;8032.5625
275.4504;288.4742;0.0000;980.2969;8041.5625
277.9460;288.4742;0.0000;978.8013;8050.5630
279.8177;288.4742;12.0000;979.6730;8059.5630
282.3133;288.4742;0.0000;980.5447;8068.5625
284.8089;288.4742;4.5132;976.2881;8077.5630
287.6806;288.4742;0.0000;966.5006;8086.5630
290.1762;288.4742;0.0000;952.0892;8095.5625
292.6718;288.8503;0.0000;930.6515;8104.5625
295.5435;289.6024;0.0000;898.2980;8113.5630
297.4152;289.9785;4.5132;813.8124;8122.5635
152.8552;212.1256;0.0000;628.2662;4900.1016
154.7269;212.1256;0.0000;629.5140;4905.7168
157.2225;212.1256;0.0000;627.6423;4911.3320
159.0942;212.1256;0.0000;630.1379;4916.9468
160.9659;211.5017;0.0000;631.3856;4922.5620
163.4615;211.5017;0.0000;628.2662;4928.1772
165.3332;211.5017;0.0000;630.7618;4933.7920
167.8288;210.8778;0.0000;632.6334;4939.4072
170.3244;210.8778;0.0000;629.5140;4945.0225
172.1961;210.8778;0.0000;633.2573;4950.6377
174.6917;210.2539;0.0000;631.3856;4956.2524
177.1873;210.2539;0.0000;630.7618;4961.8677
179.0590;209.6300;0.0000;633.2573;4967.4829
180.9307;209.6300;0.0000;630.1379;4973.0977
183.4263;209.0061;0.0000;633.8812;4978.7129
185.2980;209.0061;0.0000;635.1290;4984.3281
187.1697;208.3822;0.0000;630.1379;4989.9429
188.4174;207.7583;0.0000;633.8812;4995.5581
190.2892;207.1344;0.0000;635.7529;5001.1733
192.1608;206.5105;0.0000;635.7529;5006.7886
193.4086;206.5105;0.0000;638.2485;5012.4033
194.6564;205.8866;0.0000;638.2485;5018.0186
195.9042;204.6388;0.0000;638.2485;5023.6338
197.1520;204.0149;0.0000;638.2485;5029.2485
198.3998;203.3910;0.0000;638.2485;5034.8638
199.6476;202.7671;0.0000;638.2485;5040.4790
201.5193;202.1432;0.0000;638.2485;5046.0942
202.7671;201.5193;0.0000;638.2485;5051.7090
204.0149;200.2715;0.0000;638.2485;5057.3242
205.2627;199.6476;0.0000;638.2485;5062.9395
206.5105;198.3998;0.0000;638.2485;5068.5542
208.3822;197.1520;0.0000;638.2485;5074.1694
209.6300;196.5281;0.0000;638.2485;5079.7847
210.2539;195.2803;0.0000;638.2485;5085.3994
211.5017;194.0325;0.0000;638.2485;5091.0146
212.7495;192.7847;0.0000;638.2485;5096.6299
214.6212;191.5370;0.0000;638.2485;5102.2451
215.8690;190.2892;7.4868;638.2485;5107.8599
217.1168;189.0414;0.0000;638.2485;5113.4751
218.3646;187.7936;0.0000;638.2485;5119.0903
218.9885;186.5458;0.0000;638.2485;5124.7051
220.2363;185.2980;0.0000;638.2485;5130.3203
220.8602;184.0502;0.0000;638.2485;5135.9355
222.1080;182.8024;0.0000;638.2485;5141.5503
222.7319;181.5546;0.0000;638.2485;5147.1655
223.9797;180.3068;0.0000;638.2485;5152.7808
224.6036;179.0590;0.0000;638.2485;5158.3960
225.8514;177.8112;0.0000;638.2485;5164.0107
226.4753;175.9395;0.0000;638.2485;5169.6260
227.7231;174.6917;0.0000;638.2485;5175.2412
228.3470;173.4439;0.0000;638.2485;5180.8560
228.9709;172.1961;0.0000;638.2485;5186.4712
229.5948;170.9483;0.0000;638.2485;5192.0864
230.2187;169.7005;0.0000;638.2485;5197.7017
230.8426;168.4527;0.0000;638.2485;5203.3164
231.4665;167.2049;0.0000;638.2485;5208.9316
232.0904;165.3332;0.0000;638.2485;5214.5469
233.3382;164.0854;0.0000;638.2485;5220.1616
234.5860;162.2137;0.0000;638.2485;5225.7769
235.2099;160.3420;0.0000;638.2485;5231.3921
236.4577;159.0942;0.0000;638.2485;5237.0068
237.7055;157.2225;0.0000;638.2485;5242.6221
238.3294;155.9747;0.0000;638.2485;5248.2373
239.5772;154.1030;0.0000;638.2485;5253.8525
240.2011;152.8552;0.0000;638.2485;5259.4673
240.8250;151.6074;0.0000;638.2485;5265.0825
241.4489;150.3596;0.0000;638.2485;5270.6978
242.0728;149.1118;0.0000;638.2485;5276.3125
242.6967;147.8640;0.0000;638.2485;5281.9277
243.9445;145.9923;0.0000;638.2485;5287.5430
244.5684;144.7445;0.0000;638.2485;5293.1582
245.1923;143.4967;0.0000;638.2485;5298.7729
246.4400;141.6250;0.0000;638.2485;5304.3882
247.0639;140.3772;0.0000;638.2485;5310.0034
248.3118;138.5056;0.0000;638.2485;5315.6182
248.9357;137.2578;0.0000;638.2485;5321.2334
250.1834;136.0099;0.0000;638.2485;5326.8486
250.8073;134.7622;0.0000;638.2485;5332.4634
251.4312;134.1383;0.0000;638.2485;5338.0786
252.0551;133.5144;0.0000;638.2485;5343.6938
252.6790;132.8905;0.0000;638.2485;5349.3091
253.3029;132.2666;0.0000;638.2485;5354.9238
253.9268;131.6427;7.4868;638.2485;5360.5391
253.9268;131.0188;0.0000;638.2485;5366.1543
254.5507;130.3949;7.4868;638.2485;5371.7690
254.5507;129.7710;0.0000;638.2485;5377.3843
254.5507;129.7710;0.0000;638.2485;5382.9995
255.1746;129.1471;0.0000;638.2485;5388.6143
255.1746;128.5232;0.0000;638.2485;5394.2295
255.7985;127.8993;0.0000;638.2485;5399.8447
256.4224;127.8993;0.0000;638.2485;5405.4600
256.4224;127.2754;0.0000;638.2485;5411.0747
257.0463;126.6515;0.0000;638.2485;5416.6899
257.0463;126.0276;0.0000;638.2485;5422.3052
257.6702;126.0276;0.0000;638.2485;5427.9199
257.6702;125.4037;0.0000;638.2485;5433.5352
257.6702;125.4037;0.0000;638.2485;5439.1504
258.2941;124.7798;0.0000;638.2485;5444.7656
258.2941;124.7798;0.0000;638.2485;5450.3804
258.2941;124.7798;0.0000;638.2485;5455.9956
258.9180;124.1559;0.0000;638.2485;5461.6108
258.9180;124.1559;0.0000;638.2485;5467.2256
258.9180;124.1559;0.0000;638.2485;5472.8408
258.9180;124.1559;0.0000;638.2485;5478.4561
258.9180;124.1559;0.0000;638.2485;5484.0708
258.9180;124.1559;0.0000;638.2485;5489.6860
258.9180;124.1559;0.0000;638.2485;5495.9253
258.9180;124.7798;0.0000;603.9341;5501.5400
258.9180;126.0276;0.0000;544.6637;5507.1553
258.2941;127.2754;0.0000;438.6009;5512.7705
257.0463;127.8993;7.4868;172.1961;5518.3853
