200.9751;202.0249;0.0000;107.2868;0.0000
200.9751;202.0249;0.0000;260.7024;7.0000
200.9751;202.0249;0.0000;266.8517;14.0000
200.9751;202.0249;0.0000;290.5530;21.0000
200.9751;202.0249;0.0000;346.6569;28.0000
200.9751;202.0249;0.0000;395.7857;35.0000
200.9751;202.0249;0.0000;424.3127;42.0000
200.9751;202.0249;0.0000;447.0389;49.0000
200.9751;202.0249;0.0000;471.4913;56.0000
201.9502;202.0249;0.0000;495.0184;63.0000
201.9502;202.0249;0.0000;514.7694;70.0249
201.9502;202.0249;0.0000;533.3463;77.0249
202.9253;202.0249;0.0000;551.1223;84.0249
202.9253;202.0249;0.0000;562.9232;91.0249
203.9004;201.0498;0.0000;577.5248;98.0249
203.9004;201.0498;0.0000;589.3506;105.0249
204.8755;201.0498;0.0000;598.2013;112.0249
204.8755;200.0747;0.0000;610.8777;119.0249
204.8755;200.0747;0.0000;616.8777;126.0249
205.8507;200.0747;0.0000;625.5790;133.0249
205.8507;200.0747;0.0000;635.3798;141.0000
206.8258;199.0996;0.0000;639.3300;148.0000
206.8258;199.0996;0.0000;648.0065;155.0000
207.8009;198.1245;0.0000;652.9567;162.0000
207.8009;198.1245;0.0000;654.9567;169.0000
207.8009;198.1245;0.0000;659.7327;176.0000
208.7760;197.1494;0.0000;661.8073;183.0000
208.7760;196.1743;0.0000;662.7824;190.0000
208.7760;196.1743;0.0000;667.6082;197.0000
208.7760;195.1991;0.0000;667.6580;204.0000
208.7760;195.1991;0.0000;670.5335;211.0000
208.7760;194.2240;0.0000;676.3593;218.0000
208.7760;194.2240;0.0000;676.5087;225.0000
208.7760;194.2240;0.0000;681.2348;232.0000
208.7760;193.2489;0.0000;685.2099;239.0000
208.7760;193.2489;0.0000;683.2597;246.0000
208.7760;193.2489;0.0000;688.0606;253.0000
208.7760;192.2738;0.0000;690.0854;260.0249
208.7760;192.2738;0.0000;688.1104;267.0249
208.7760;191.2987;0.0000;690.0108;274.0249
208.7760;191.2987;0.0000;691.0605;281.0249
208.7760;191.2987;0.0000;693.9113;288.0249
208.7760;190.3236;0.0000;698.8116;295.0249
208.7760;190.3236;0.0000;697.9610;302.0249
207.8009;190.3236;0.0000;701.7369;309.0249
207.8009;189.3485;0.0000;704.6872;316.0249
207.8009;189.3485;0.0000;703.7618;324.0000
207.8009;189.3485;0.0000;708.5627;331.0000
207.8009;189.3485;0.0000;708.6125;338.0000
207.8009;188.3734;0.0000;707.7121;345.0000
207.8009;188.3734;0.0000;711.5378;352.0000
206.8258;188.3734;0.0000;711.6374;359.0000
206.8258;187.3983;0.0000;712.5378;366.0000
206.8258;187.3983;0.0000;714.4631;373.0000
206.8258;187.3983;0.0000;714.5627;380.0000
205.8507;187.3983;0.0000;717.3885;387.0000
205.8507;186.4232;0.0000;720.3138;394.0000
205.8507;186.4232;0.0000;717.4880;401.0000
204.8755;186.4232;0.0000;724.1644;408.0000
204.8755;186.4232;0.0000;720.4133;415.0000
204.8755;186.4232;0.0000;723.3387;422.0000
204.8755;185.4481;0.0000;724.2142;429.0000
203.9004;185.4481;0.0000;724.3138;436.0000
203.9004;185.4481;0.0000;724.2391;443.0249
203.9004;185.4481;0.0000;726.1395;450.0249
203.9004;185.4481;0.0000;726.1893;457.0249
203.9004;185.4481;0.0000;728.0400;464.0249
202.9253;184.4729;0.0000;730.0151;471.0249
202.9253;184.4729;0.0000;727.1396;478.0249
201.9502;184.4729;0.0000;731.9155;485.0249
201.9502;184.4729;0.0000;731.0400;492.0249
200.9751;184.4729;0.0000;730.0898;499.0249
200.9751;184.4729;0.0000;732.9156;506.0249
200.9751;184.4729;0.0000;734.9404;514.0000
200.0000;184.4729;0.0000;734.9404;521.0000
200.0000;183.4978;0.0000;738.7662;528.0000
199.0249;183.4978;0.0000;737.8906;535.0000
199.0249;183.4729;0.0000;740.7413;542.0000
199.0249;183.4729;0.0000;743.6915;549.0000
198.0498;183.4729;0.0000;741.8409;556.0001
198.0498;183.4729;0.0000;744.6169;563.0000
198.0498;182.4978;0.0000;745.6666;570.0000
197.0747;182.4978;0.0000;743.7911;577.0000
197.0747;182.4978;0.0000;746.5671;584.0000
196.0996;182.4978;0.0000;747.5919;591.0001
196.0996;182.4978;0.0000;746.6417;598.0000
195.1245;182.4978;0.0000;749.5172;605.0000
195.1245;182.4978;0.0000;747.6417;612.0000
194.1494;182.4978;0.0000;749.5172;619.0000
194.1494;182.4978;0.0000;754.4426;626.0249
194.1494;182.5227;0.0000;751.6666;633.0249
193.1743;182.5227;0.0000;751.6666;640.0249
193.1743;182.5227;0.0000;755.7164;647.0249
193.1743;182.5227;0.0000;752.8906;654.0249
192.1991;182.5227;0.0000;755.7164;661.0249
192.1991;182.5227;0.0000;752.8906;668.0249
192.1991;182.5227;0.0000;754.8657;675.0249
191.2240;182.5227;0.0000;757.7911;682.0249
191.2240;182.5227;0.0000;753.0649;689.0249
190.2489;182.5227;0.0000;754.9653;697.0000
190.2489;182.5227;0.0000;758.8906;704.0000
190.2489;182.5227;0.0000;756.0898;711.0000
189.2738;182.5227;0.0000;757.9653;718.0000
189.2738;182.5227;0.0000;757.9902;725.0001
188.2987;183.4978;0.0000;756.1396;732.0000
188.2987;183.4978;0.0000;758.9902;739.0000
188.2987;183.4978;0.0000;760.0649;746.0000
187.3236;183.4978;0.0000;758.1147;753.0000
187.3236;183.4978;0.0000;758.9902;760.0001
186.3485;183.4729;0.0000;760.1147;767.0000
186.3734;183.4729;0.0000;761.0649;774.0000
186.3734;183.4729;0.0000;763.9404;781.0000
185.3983;183.4729;0.0000;761.0898;788.0000
185.3983;183.4729;0.0000;761.9902;795.0001
185.3983;183.4729;0.0000;766.8906;802.0000
185.3734;183.4729;0.0000;762.8907;809.0000
185.3734;183.4729;0.0000;767.3679;816.0249
184.3983;183.4729;0.0000;768.1190;823.0249
184.3983;183.4729;0.0000;765.6958;830.0249
183.4232;183.4729;0.0000;766.9491;837.0249
183.4232;184.4480;0.0000;765.7543;844.0249
183.3983;184.4232;0.0000;762.7585;859.3885
183.3983;184.4232;0.0000;770.6093;866.3885
183.3983;184.4232;0.0000;763.0573;873.3886
182.4232;184.4232;0.0000;764.2067;880.3886
182.4232;185.3983;0.0000;768.1071;888.3636
181.4480;185.3983;0.0000;765.1818;895.3636
181.4480;186.3734;0.0000;768.5551;902.3637
181.4480;186.3734;0.0000;769.0530;909.3637
180.4729;186.3734;0.0000;765.6255;916.3637
180.4729;187.3485;0.0000;770.9988;923.3636
179.5227;187.3485;0.0000;770.1731;930.3885
179.5227;187.3485;0.0000;770.3224;937.3886
179.5227;187.3485;0.0000;773.2976;944.3886
179.5227;188.3236;0.0000;770.3723;951.3885
178.5476;188.3236;0.0000;771.4967;958.3885
178.5476;188.3236;0.0000;773.4718;965.3885
177.5725;188.3236;0.0000;770.5963;972.3886
177.5725;189.2987;0.0000;773.7208;979.3886
177.5725;189.2987;0.0000;773.6959;986.3885
177.5725;189.2987;0.0000;771.8950;993.3885
176.5974;189.2987;0.0000;773.9697;1000.3885
176.5974;190.2738;0.0000;773.9199;1007.3886
175.6223;190.2738;0.0000;772.1688;1014.3886
175.6223;190.2738;0.0000;774.1937;1021.3885
175.6223;191.2489;0.0000;771.2435;1028.3885
175.6223;191.2489;0.0000;773.2933;1035.3887
174.6472;191.2489;0.0000;773.3182;1042.3885
174.6472;192.2240;0.0000;772.2932;1049.3885
174.6472;192.2489;0.0000;773.3928;1056.3885
173.6721;192.2489;0.0000;776.2186;1063.3887
173.6721;193.2240;0.0000;772.3430;1070.3885
173.6721;193.2240;0.0000;776.3181;1078.3636
173.6721;193.2240;0.0000;776.2186;1085.3638
172.7219;194.1991;0.0000;774.3679;1092.3636
172.7219;194.1991;0.0000;776.3928;1099.3638
172.7219;194.1991;0.0000;776.2435;1106.3636
171.7468;195.1742;0.0000;776.3928;1113.3885
171.7468;195.1742;0.0000;778.3430;1120.3887
171.7468;195.1742;0.0000;776.3928;1127.3885
170.7717;196.1494;0.0000;778.4924;1134.3887
170.7717;196.1494;0.0000;778.4177;1141.3885
170.7717;197.1245;0.0000;774.5920;1148.3885
169.7965;197.1245;0.0000;778.6666;1155.3887
169.7965;197.1245;0.0000;777.5919;1162.3885
169.7965;198.0996;0.0000;776.6666;1169.3887
169.8214;198.0996;0.0000;777.6915;1176.3885
168.8463;199.0747;0.0000;776.5670;1183.3885
168.8463;200.0498;0.0000;776.6915;1190.3887
168.8463;200.0498;0.0000;779.6417;1197.3885
167.8961;201.0249;0.0000;776.7164;1204.3887
167.8961;202.0000;0.0000;777.8160;1211.3885
167.8961;201.9751;0.0000;778.8906;1218.3885
167.8961;202.9502;0.0000;777.0400;1225.3887
166.9210;202.9253;0.0000;779.0898;1232.3885
166.9210;203.9004;0.0000;778.0898;1239.3887
166.9459;204.8506;0.0000;775.2640;1246.3885
166.9459;204.8506;0.0000;778.2640;1253.3885
166.9459;205.8009;0.0000;777.2142;1261.3638
166.9459;205.8009;0.0000;778.3387;1268.3636
165.9708;206.7760;11.7013;779.3387;1275.3638
165.9708;206.7511;0.0000;777.3138;1282.3636
165.9708;207.7262;0.0000;778.4133;1289.3636
165.9957;207.7262;0.0000;782.2391;1296.3887
165.9957;207.7013;0.0000;777.3636;1303.3885
165.9957;208.6764;0.0000;779.3884;1310.3885
165.9957;209.6266;11.7013;778.3636;1317.3885
165.9957;209.6017;0.0000;775.4383;1324.3885
165.0455;210.5768;0.0000;781.3387;1331.3887
165.0455;211.5271;0.0000;779.3138;1338.3885
165.0455;212.5022;11.7013;778.4133;1345.3885
165.0455;212.4773;0.0000;780.3636;1352.3887
165.0455;213.4524;0.0000;779.3387;1359.3885
165.0455;213.4524;0.0000;778.4382;1366.3887
165.0455;214.4026;0.0000;781.3387;1373.3885
165.0455;214.4026;0.0000;778.3885;1380.3885
165.0455;215.3777;11.7013;780.4383;1387.3887
165.0455;215.3777;0.0000;782.3138;1394.3885
165.0206;216.3279;0.0000;779.4133;1401.3887
165.0206;216.3279;0.0000;781.4880;1408.3885
165.9708;217.2781;0.0000;782.3138;1415.3885
165.9459;217.2781;11.7013;782.4631;1422.3887
165.9210;218.2284;0.0000;785.4383;1429.3885
165.8961;219.2035;11.7013;788.3636;1436.3887
165.8712;219.1786;0.0000;779.7867;1444.3636
165.8463;220.1288;0.0000;788.8615;1451.3636
165.8214;221.0790;0.0000;784.3344;1458.3638
165.7965;221.0790;0.0000;786.6829;1465.3636
165.7965;222.0292;0.0000;788.7576;1472.3638
165.7716;222.0292;0.0000;785.9816;1479.3636
165.7716;223.0043;0.0000;790.0065;1486.3885
165.7467;223.0043;0.0000;789.8571;1493.3887
166.7219;223.9794;0.0000;789.9567;1500.3885
166.7219;223.9794;0.0000;792.9318;1507.3887
166.7219;224.9545;0.0000;790.8571;1514.3885
166.7219;225.9297;0.0000;792.9318;1521.3885
166.7219;225.9297;0.0000;795.8073;1528.3887
167.6721;225.9297;0.0000;791.9069;1535.3885
167.6721;226.9048;0.0000;794.9318;1542.3887
167.6721;226.9048;0.0000;795.8073;1549.3885
167.6472;226.9048;0.0000;793.9318;1556.3885
168.5974;227.8799;0.0000;797.9318;1563.3887
168.5974;227.8799;0.0000;795.9069;1570.3885
168.5725;228.8550;0.0000;796.9567;1577.3887
168.5476;228.8550;11.7013;799.9816;1584.3885
168.5227;229.8301;0.0000;796.0314;1591.3885
168.5227;230.8052;0.0000;799.0812;1598.3887
169.4729;230.8052;0.0000;801.1309;1605.3885
169.4481;230.8052;0.0000;799.1807;1612.3887
169.4232;231.7554;0.0000;802.2305;1619.3885
170.3734;231.7554;11.7013;804.1807;1627.3636
170.3236;231.7554;0.0000;802.3301;1634.3638
170.2987;232.7305;0.0000;805.4545;1641.3636
170.2738;232.7305;0.0000;806.4296;1648.3638
170.2489;233.7056;0.0000;804.7034;1655.3638
171.2240;233.7056;0.0000;808.8030;1662.3636
171.1991;234.6807;0.0000;805.8777;1669.3887
171.1743;234.6807;0.0000;806.0021;1676.3885
172.1494;235.6807;0.0000;809.9523;1683.3885
172.1245;235.6807;0.0000;807.9275;1690.3887
173.0747;235.7056;0.0000;809.0519;1697.3885
173.0747;236.6807;0.0000;812.8777;1704.3887
174.0249;236.7056;0.0000;812.8777;1711.3885
174.0000;237.6807;0.0000;814.9523;1718.3885
173.9751;237.7056;0.0000;816.8279;1725.3887
174.9253;238.6807;0.0000;814.9026;1732.3885
174.9004;238.7056;0.0000;818.8777;1739.3887
174.9004;239.6807;0.0000;818.8030;1746.3885
175.8506;239.7056;0.0000;818.8777;1753.3885
175.8258;239.7056;0.0000;821.7781;1760.3887
176.8009;240.7056;0.0000;817.8279;1767.3885
176.8009;240.7056;0.0000;820.8279;1774.3887
176.7760;241.7056;0.0000;822.7283;1781.3885
177.7511;241.7056;0.0000;820.7532;1788.3885
177.7511;242.7056;0.0000;823.8279;1795.3887
177.7262;242.7305;0.0000;823.6786;1802.3885
178.7013;243.7056;0.0000;822.7532;1809.3887
179.6764;243.7305;0.0000;825.7532;1817.3636
179.6764;244.7305;0.0000;824.6537;1824.3636
180.6266;244.7305;0.0000;823.7781;1831.3638
180.6266;244.7554;0.0000;826.7034;1838.3636
181.6017;244.7554;0.0000;824.6785;1845.3638
181.6017;245.7554;0.0000;827.6785;1852.3885
181.6017;245.7803;0.0000;829.6039;1859.3885
181.6017;245.7803;0.0000;826.6536;1866.3887
182.5768;246.7803;0.0000;829.6785;1873.3885
182.5768;246.8052;0.0000;831.5043;1880.3887
183.5519;247.8052;0.0000;828.6039;1887.3885
183.5271;247.8301;0.0000;823.8279;1894.3885
184.5022;247.8301;0.0000;832.4545;1901.3887
184.5022;247.8550;0.0000;831.6039;1908.3885
185.4773;247.8799;0.0000;835.5043;1915.3887
185.4773;248.8550;0.0000;832.4794;1922.3885
186.4524;248.8799;0.0000;832.5790;1929.3885
186.4524;248.9048;0.0000;837.4047;1936.3887
187.4275;248.9048;0.0000;835.4296;1943.3885
187.4026;248.9297;0.0000;837.4794;1950.3887
188.3777;248.9545;0.0000;840.3052;1957.3885
188.3777;248.9794;0.0000;836.4545;1964.3885
189.3279;249.9794;0.0000;839.4545;1971.3887
189.3279;250.0043;0.0000;839.3549;1978.3885
190.3030;250.0292;0.0000;838.4545;1985.3887
190.3030;250.0541;0.0000;841.4296;1992.3885
191.2781;250.0790;0.0000;840.3301;2000.3636
191.2781;250.0790;0.0000;840.4047;2007.3638
192.2533;250.1039;0.0000;843.3300;2014.3636
192.2533;250.1288;0.0000;841.3301;2021.3638
193.2283;250.1537;0.0000;841.4545;2028.3638
194.2035;250.1537;0.0000;845.2802;2035.3636
194.2035;250.1786;0.2987;845.2802;2042.3887
195.1786;250.2035;0.0000;845.4545;2049.3887
196.1537;250.2035;0.0000;845.2056;2056.3887
197.1288;250.2284;0.0000;845.2802;2063.3887
197.1537;250.2533;0.0000;847.3052;2070.3887
198.1288;250.2533;0.0000;847.2056;2077.3887
198.1288;251.2533;0.0000;845.3798;2084.3887
199.1288;251.2781;0.0000;849.2803;2091.3887
199.1288;251.3030;0.0000;847.2554;2098.3887
200.1288;251.3279;0.0000;848.3798;2105.3887
201.1288;251.3528;0.0000;850.2305;2112.3884
201.1288;251.3777;0.0000;848.2803;2119.3887
202.1288;251.4026;0.0000;850.4047;2126.3887
203.1288;251.4026;0.0000;850.3051;2133.3884
204.1039;251.4275;0.0000;850.3300;2140.3887
204.1288;251.4524;0.0000;852.3799;2147.3887
205.1039;251.4773;0.0000;851.3300;2154.3887
206.1039;251.5022;0.0000;850.5043;2161.3887
207.1039;251.5271;0.0000;854.4545;2168.3887
207.1039;251.5519;0.0000;852.4296;2175.3887
208.1039;251.5768;0.0000;852.5790;2183.3635
208.1288;251.6017;0.0000;855.4794;2190.3638
209.1039;251.6017;0.0000;851.5789;2197.3638
209.1288;251.6266;0.0000;855.6287;2204.3635
210.1288;251.6515;0.0000;855.5043;2211.3638
211.1039;251.6515;0.0000;853.6039;2218.3638
212.1039;251.6764;0.0000;856.6287;2225.3884
213.0790;250.7013;0.0000;856.4794;2232.3887
213.1039;250.7262;0.0000;856.6038;2239.3887
214.0790;250.7511;0.0000;856.6038;2246.3887
214.1039;250.7511;0.0000;856.5292;2253.3884
215.0790;250.7760;0.0000;857.6039;2260.3887
216.0790;250.7760;0.0000;860.4794;2267.3887
217.0541;249.8258;0.0000;857.5292;2274.3884
217.0790;249.8507;0.0000;860.5541;2281.3887
218.0790;249.8507;0.0000;860.4296;2288.3887
218.0790;249.8755;0.0000;856.5790;2295.3884
219.0790;249.8755;0.0000;862.5292;2302.3887
219.0790;249.9004;0.0000;859.4545;2309.3887
220.0790;248.9253;0.0000;860.5541;2316.3887
221.0541;248.9502;0.0000;862.5043;2323.3884
222.0541;248.9502;0.0000;859.5043;2330.3887
222.0541;248.9751;0.0000;859.5790;2337.3887
223.0541;248.0000;0.0000;864.4047;2344.3884
223.0790;248.0000;0.0000;861.4545;2351.3887
224.0541;248.0249;0.0000;864.4794;2358.3887
225.0541;248.0249;0.0000;857.5541;2365.3884
226.0292;247.0747;0.0000;865.4047;2373.3638
226.0541;247.0747;0.0000;867.4545;2380.3638
227.0292;247.0747;0.0000;865.3550;2387.3638
227.0541;246.1245;0.0000;862.5043;2394.3638
228.0292;246.1245;0.0000;868.4047;2401.3638
229.0292;246.1494;0.0000;867.2803;2408.3887
229.0541;245.1742;0.0000;868.3549;2415.3884
230.0292;245.1991;0.0000;869.3301;2422.3887
230.0541;245.1991;0.0000;868.3051;2429.3887
231.0541;244.2489;0.0000;871.3301;2436.3884
232.0541;243.2738;0.0000;870.2554;2443.3887
233.0292;243.2738;0.0000;868.3549;2450.3887
233.0541;243.2987;0.0000;871.3550;2457.3887
234.0541;242.3236;0.0000;870.2554;2464.3887
234.0541;242.3236;0.0000;868.3549;2471.3887
235.0541;241.3485;0.0000;871.3550;2478.3887
236.0541;241.3734;0.0000;870.2554;2485.3884
236.0541;240.3983;0.0000;871.3550;2492.3887
236.0790;240.3983;0.0000;873.3052;2499.3887
237.0790;240.3983;0.0000;871.2803;2506.3884
238.0541;239.4232;0.0000;871.3798;2513.3887
238.0790;239.4481;0.0000;874.2056;2520.3887
239.0790;239.4481;0.0000;873.2554;2527.3887
239.1039;238.4730;0.0000;876.2803;2534.3887
240.1039;237.4978;0.0000;878.1060;2541.3887
240.1288;237.4978;0.0000;876.2305;2548.3887
241.1288;237.4978;0.0000;878.2056;2556.3635
241.1537;236.5227;0.0000;878.1060;2563.3638
242.1537;236.5227;0.0000;879.1558;2570.3638
242.1786;235.5476;0.0000;881.1309;2577.3635
243.1786;235.5476;0.0000;880.0811;2584.3638
243.1786;234.5725;0.0000;883.1309;2591.3638
244.1786;234.5476;0.0000;885.0065;2598.3884
245.1786;233.5725;0.0000;883.0065;2605.3887
245.2035;233.5725;0.0000;886.0812;2612.3887
245.2283;232.5974;0.0000;886.9567;2619.3887
246.2284;232.5974;0.0000;886.0314;2626.3884
246.2533;231.6223;0.0000;890.0313;2633.3887
247.2532;231.6223;0.0000;889.9069;2640.3887
247.2781;230.6472;0.0000;891.9816;2647.3884
248.3030;230.6472;11.7013;892.9567;2654.3887
248.3279;229.6721;0.0000;890.9567;2661.3887
249.3279;229.6721;11.7013;894.9816;2668.3884
249.3528;229.6721;0.0000;896.8571;2675.3887
250.3528;228.6970;0.0000;890.9816;2682.3887
250.3528;227.6970;0.0000;895.9816;2689.3887
251.3528;227.6970;0.0000;898.7825;2696.3887
252.3528;226.7219;0.0000;892.9567;2703.3887
252.3777;226.7219;0.0000;898.9318;2710.3887
253.3528;225.7468;0.0000;898.7825;2717.3884
253.3777;224.7468;11.7013;897.9567;2724.3887
254.3777;223.7717;0.0000;901.8571;2731.3887
255.3528;223.7717;11.7013;899.8322;2739.3635
255.3777;222.7717;0.0000;903.8074;2746.3638
255.4026;221.7965;0.0000;905.7327;2753.3638
256.4026;221.7965;0.0000;900.8322;2760.3638
257.3777;220.7965;0.0000;901.9069;2767.3638
257.4026;219.8214;11.7013;903.7327;2774.3638
258.4026;218.8214;0.0000;895.9816;2781.3887
258.4026;218.8214;0.0000;910.7576;2788.3884
258.4275;217.8214;0.0000;898.9069;2795.3887
258.4524;217.8214;0.0000;903.9069;2802.3887
259.4524;216.8214;0.0000;906.9069;2809.3884
260.4275;215.8463;0.0000;904.8322;2816.3887
260.4524;214.8463;0.0000;906.8820;2823.3887
261.4524;213.8712;0.0000;910.8073;2830.3887
261.4773;212.8712;0.0000;906.8322;2837.3887
261.4773;212.8712;0.0000;910.8571;2844.3887
261.5022;211.8712;0.0000;910.7576;2851.3887
261.5271;210.8712;0.0000;908.9069;2858.3884
262.5270;209.8961;0.0000;911.9567;2865.3887
262.5270;208.8961;0.0000;911.8571;2872.3887
263.5271;208.8961;0.0000;911.0065;2879.3884
263.5520;207.8961;0.0000;913.0065;2886.3887
263.5768;206.9210;0.0000;910.9069;2893.3887
263.6017;206.8961;0.0000;911.0812;2900.3887
264.5768;205.9210;0.0000;914.9567;2907.3887
264.6017;204.9210;0.0000;912.0065;2914.3887
265.6017;203.9210;0.0000;913.1309;2921.3887
265.6266;202.9210;0.0000;914.0065;2929.3638
265.6266;201.9210;0.0000;913.1060;2936.3638
265.6515;200.9459;0.0000;914.2056;2943.3638
265.6515;200.9210;0.0000;916.0314;2950.3635
265.6764;199.9210;0.0000;916.1061;2957.3638
265.7013;198.9210;0.0000;916.1807;2964.3887
266.6764;197.9210;0.0000;915.0563;2971.3884
266.7013;196.9459;0.0000;913.2056;2978.3887
267.7013;195.9459;0.0000;919.0811;2985.3887
267.7262;194.9459;0.0000;915.0563;2992.3887
267.7511;193.9459;0.0000;917.1558;2999.3887
267.7760;193.9210;0.0000;916.1061;3006.3887
267.7760;192.9459;0.0000;916.1061;3013.3887
267.8009;191.9459;0.2987;919.2056;3020.3884
267.8257;190.9459;0.0000;917.0812;3027.3887
267.8257;189.9459;0.2987;918.1060;3034.3887
267.8506;188.9459;0.2987;922.0812;3041.3884
267.8506;187.9210;0.0000;920.0065;3048.3887
267.8755;186.9210;0.2987;920.1060;3055.3887
267.8755;185.9210;0.0000;922.0563;3062.3887
267.9004;185.8961;0.0000;919.0314;3069.3887
267.9004;184.8961;0.2987;921.0812;3076.3887
267.9004;183.8961;0.2987;924.9567;3083.3887
267.9004;182.8961;0.0000;920.0065;3090.3884
267.9253;182.8712;0.0000;923.1060;3097.3887
267.9253;181.8712;0.0000;924.8820;3104.3887
267.9253;181.8712;0.0000;921.7825;3112.3635
267.9502;180.8712;0.0000;926.1807;3119.3638
267.9502;179.8712;0.0000;925.0562;3126.3638
267.9502;178.8712;0.0000;922.2554;3133.3638
267.9751;178.8463;0.0000;928.1060;3140.3638
267.9751;177.8463;0.0000;924.1060;3147.3887
267.9751;176.8214;0.0000;925.2056;3154.3887
267.9751;176.7965;0.0000;926.1309;3161.3884
267.9751;175.7965;0.0000;925.1309;3168.3887
267.9751;175.7717;0.0000;927.1807;3175.3887
268.0000;174.7717;0.0000;928.0563;3182.3884
267.0249;174.7468;0.0000;927.1061;3189.3887
267.0249;173.7468;0.0000;929.1309;3196.3887
267.0249;172.7467;0.0000;928.0314;3203.3887
267.0249;172.7219;0.0000;929.0811;3210.3887
267.0249;171.7219;0.0000;932.0562;3217.3887
267.0249;170.7219;0.0000;928.0314;3224.3887
267.0000;170.7219;0.0000;928.1309;3231.3884
267.0000;169.7219;0.0000;932.0313;3238.3887
266.0249;168.7219;0.0000;929.0314;3245.3887
266.0249;168.6970;11.7013;930.0811;3252.3884
266.0249;168.6721;0.0000;933.9069;3259.3887
266.0249;167.6472;11.7013;930.0314;3266.3887
266.0000;167.6223;0.0000;925.2554;3273.3887
266.0000;166.6223;0.0000;933.9069;3280.3887
266.0000;166.5974;0.0000;932.0064;3287.3887
265.0000;166.5725;0.0000;935.0065;3295.3638
265.0000;165.5725;0.0000;936.8073;3302.3638
265.0000;165.5476;0.0000;934.0065;3309.3638
264.0249;164.5476;0.0000;936.9069;3316.3638
264.0249;164.5227;0.0000;933.9069;3323.3635
264.0249;163.5227;0.0000;934.0563;3330.3638
263.0498;163.4978;0.0000;937.8571;3337.3887
263.0498;162.4978;0.0000;935.9069;3344.3884
263.0498;162.4729;0.0000;936.9567;3351.3887
263.0498;162.4481;0.0000;937.8322;3358.3887
263.0498;161.4481;0.0000;936.9069;3365.3887
262.0747;161.3983;0.0000;937.9318;3372.3887
262.0498;161.3734;0.0000;936.8322;3379.3887
262.0498;160.3734;0.0000;936.9318;3386.3887
262.0249;160.3485;0.0000;939.8322;3393.3884
261.0498;159.3485;0.0000;936.8322;3400.3887
261.0249;159.3236;0.0000;936.9816;3407.3887
261.0249;158.3485;0.0000;937.8571;3414.3884
260.0249;158.3236;0.0000;938.7825;3421.3887
260.0249;157.3236;0.0000;930.1558;3428.3887
260.0249;157.2987;0.0000;940.7576;3435.3887
260.0000;157.2738;0.0000;936.8571;3442.3887
260.0000;156.2738;0.0000;941.8322;3449.3887
259.0249;156.2738;0.0000;939.7576;3456.3887
259.0000;155.2738;0.0000;938.8820;3463.3884
258.0249;155.2489;0.2987;939.8322;3470.3887
258.0249;155.2489;0.0000;936.8322;3477.3887
258.0249;154.2489;0.0000;939.8571;3485.3635
257.0249;154.2240;0.0000;939.8073;3492.3638
257.0249;153.2240;0.0000;937.8073;3499.3638
257.0000;153.1991;0.0000;938.9318;3506.3638
256.0249;152.1991;0.0000;939.7576;3513.3638
256.0000;152.1742;0.0000;937.8073;3520.3887
256.0000;151.1743;0.0000;940.8073;3527.3887
255.0000;151.1494;0.0000;940.6829;3534.3887
255.0000;150.1494;0.0000;937.8820;3541.3887
254.0000;150.1245;0.0000;940.7824;3548.3887
254.0000;149.1494;0.0000;938.7576;3555.3884
253.0249;149.1245;0.0000;940.7824;3562.3887
253.0000;148.1245;0.0000;943.6580;3569.3887
253.0000;148.1245;0.0000;938.7576;3576.3887
253.0000;147.1245;0.0000;939.8322;3583.3887
252.0249;147.1245;0.0000;940.6580;3590.3887
252.0000;146.1245;0.0000;937.7575;3597.3887
252.0000;146.1245;0.0000;939.8322;3604.3887
251.0249;145.1245;0.0000;939.6829;3611.3887
251.0000;145.1245;0.0000;939.7576;3618.3887
251.0000;144.1245;0.0000;943.6580;3625.3884
250.0000;144.0996;0.0000;940.6082;3632.3887
249.9751;143.1245;0.0000;940.7327;3639.3887
248.9751;143.0996;0.0000;943.6082;3646.3887
248.9502;142.0996;0.0000;939.6829;3653.3887
247.9502;142.0996;0.0000;941.7078;3660.3887
247.9502;142.0747;0.0000;943.5335;3668.3638
247.9253;141.0996;0.0000;940.6580;3675.3638
247.9253;141.0747;0.0000;943.6580;3682.3638
247.9004;140.0996;0.0000;943.5086;3689.3638
246.9004;140.0747;0.0000;941.6331;3696.3635
246.9004;139.0996;0.0000;943.6580;3703.3887
245.9004;139.0996;0.0000;943.4837;3710.3887
245.8755;139.0747;0.0000;943.6082;3717.3887
245.8506;139.0747;0.0000;945.4838;3724.3887
244.8755;138.0747;0.0000;943.5086;3731.3887
244.8506;137.0996;0.0000;943.6331;3738.3887
243.8507;137.0747;0.0000;945.4340;3745.3887
243.8009;136.0996;0.0000;943.5335;3752.3887
243.7760;136.0747;0.0000;945.6082;3759.3887
242.7760;136.0498;0.0000;945.4340;3766.3884
242.7511;135.0498;0.0000;943.5833;3773.3887
241.7262;135.0249;0.0000;945.5584;3780.3887
241.6764;134.0249;0.0000;945.4091;3787.3887
240.6764;134.0000;0.0000;945.5335;3794.3887
240.6266;133.0000;0.0000;947.4340;3801.3887
239.6266;132.9751;0.0000;944.4340;3808.3887
239.5768;132.9751;0.0000;947.4837;3815.3887
238.5768;131.9751;0.0000;947.3593;3822.3887
238.5519;131.9751;0.0000;943.4837;3829.3887
237.5520;130.9751;0.0000;946.5335;3836.3884
237.5271;130.9751;0.0000;947.3593;3843.3887
236.5271;130.9751;0.0000;944.4589;3851.3638
236.5022;130.0000;0.0000;946.5086;3858.3635
236.4773;129.9751;0.0000;946.3344;3865.3638
235.4773;129.9751;0.0000;944.5584;3872.3638
235.4524;129.0000;0.0000;946.4091;3879.3638
235.4275;128.9751;0.0000;944.4091;3886.3638
234.4275;128.9751;0.0000;945.5335;3893.3887
234.4026;127.9751;0.0000;946.4091;3900.3887
233.4026;127.9751;0.0000;944.4091;3907.3887
232.4026;127.0000;0.0000;946.5086;3914.3887
232.3777;126.9751;0.0000;945.3593;3921.3887
232.3528;126.9751;0.0000;944.4340;3928.3884
231.3528;126.9502;0.0000;947.4340;3935.3887
231.3030;125.9751;0.0000;947.3094;3942.3887
230.3030;125.9502;0.0000;945.4340;3949.3887
229.3030;124.9751;0.0000;945.4340;3956.3887
229.2533;124.9502;0.0000;943.4091;3963.3887
229.2283;124.9502;0.0000;945.4340;3970.3887
228.2035;124.9502;0.0000;947.3842;3977.3887
228.1786;123.9502;11.7013;945.3593;3984.3887
227.1537;123.9502;0.0000;946.4589;3991.3887
226.1288;123.9253;0.0000;947.3094;3998.3884
226.0790;122.9502;0.0000;943.4339;4005.3887
225.0541;122.9253;0.0000;945.4838;4012.3887
225.0043;122.9253;0.0000;946.3344;4019.3887
223.9794;121.9253;0.0000;944.5087;4026.3887
223.9297;121.9004;11.7013;946.5335;4033.3887
222.9048;121.9004;0.0000;945.4340;4041.3638
222.8550;120.9004;11.7013;945.5584;4048.3638
221.8301;120.9004;0.0000;947.5335;4055.3638
221.8052;120.8755;0.0000;943.5833;4062.3638
220.7803;120.8755;0.0000;945.6331;4069.3635
220.7305;119.9004;0.0000;945.5335;4076.3887
219.7056;119.8755;0.0000;945.6082;4083.3887
218.7056;119.8755;0.0000;945.6829;4090.3887
218.6558;119.8755;11.7013;947.5086;4097.3887
217.6559;118.9004;0.0000;944.6829;4104.3887
217.6310;118.8755;0.0000;945.7078;4111.3887
216.6061;117.9004;0.0000;949.4589;4118.3887
215.6061;117.9004;0.0000;944.7327;4125.3887
215.5812;117.9004;0.0000;948.6082;4132.3887
214.5812;117.9004;0.0000;945.6331;4139.3887
213.5812;116.9253;0.0000;945.7327;4146.3887
212.5812;116.9253;0.0000;946.6082;4153.3887
211.5812;116.9253;0.0000;940.8073;4160.3887
211.5812;116.9253;0.0000;945.7576;4167.3887
210.5812;116.9253;0.0000;944.6829;4174.3887
209.5812;116.9502;0.0000;940.8322;4181.3887
208.6060;116.9502;0.0000;943.8073;4188.3887
207.6061;116.9502;0.0000;943.6580;4195.3887
206.6310;116.9751;0.0000;941.8571;4202.3887
205.6310;116.0000;0.0000;943.7824;4209.3887
205.6060;116.0249;0.0000;941.7824;4216.3887
204.6310;116.0249;0.0000;944.8322;4224.3638
203.6310;116.0249;0.0000;944.7327;4231.3638
202.6558;116.0498;0.0000;943.7575;4238.3638
201.6559;116.0498;0.0000;943.8820;4245.3638
199.6807;116.0747;0.0000;943.7575;4252.3638
198.7056;116.0996;0.0000;938.9318;4259.3887
197.7056;116.0996;0.0000;939.9816;4266.3882
196.7305;116.1245;0.0000;938.9069;4273.3887
195.7305;116.1494;0.0000;938.0313;4280.3887
194.7554;116.1742;0.0000;939.9816;4287.3887
193.7554;115.2240;0.0000;937.0313;4294.3887
192.7803;115.2489;0.0000;939.0563;4301.3887
191.7803;115.2738;0.0000;937.0313;4308.3887
190.7803;115.2987;0.0000;937.0562;4315.3887
190.7554;115.3236;0.0000;935.1807;4322.3887
189.7803;115.3485;0.0000;937.0313;4329.3887
188.7803;115.3734;0.0000;934.1309;4336.3887
187.7803;115.3734;0.0000;934.2056;4343.3887
186.7803;115.3983;0.0000;937.0313;4350.3887
185.7803;115.4232;0.0000;934.2056;4357.3887
185.7554;116.4232;0.0000;934.2056;4364.3887
184.7554;116.4481;0.0000;931.2056;4371.3887
183.7803;116.4978;0.0000;933.2554;4378.3887
183.7554;115.5476;0.0000;932.2554;4385.3887
182.7554;115.5725;0.0000;932.2056;4392.3887
182.7305;115.5974;0.0000;932.3798;4399.3887
181.7554;115.6223;0.0000;934.1807;4407.3638
180.7554;115.6472;0.0000;930.3301;4414.3638
179.7803;115.6472;0.0000;932.3798;4421.3638
179.7554;115.6721;0.0000;931.2305;4428.3638
178.7803;115.6970;0.0000;930.4047;4435.3638
177.7803;115.6970;0.0000;933.3301;4442.3638
177.7554;115.7219;0.0000;931.2803;4449.3887
176.7803;115.7468;0.0000;931.3798;4456.3887
175.7803;115.7717;0.0000;932.3549;4463.3887
174.7803;115.7717;0.0000;928.3550;4470.3887
174.7554;115.7965;0.0000;930.4545;4477.3887
173.7554;115.8214;0.0000;931.2803;4484.3887
173.7554;115.8463;0.0000;928.4296;4491.3887
172.7554;116.8463;0.0000;930.4794;4498.3887
171.7554;116.8712;0.0000;931.2803;4505.3887
171.7554;116.8961;0.0000;926.5043;4512.3887
170.7554;116.9210;0.0000;928.5292;4519.3887
170.7305;116.9210;0.0000;925.4296;4526.3887
169.7305;116.9459;0.0000;925.5790;4533.3887
168.7554;116.9708;0.0000;926.5541;4540.3887
168.7305;116.9957;0.0000;926.5043;4547.3887
167.7305;117.9957;0.0000;924.6288;4554.3887
166.7305;117.9957;0.0000;924.5541;4561.3887
166.7056;118.0206;0.0000;920.6785;4568.3887
165.7305;118.0455;0.0000;925.6536;4575.3887
165.7056;118.0704;0.0000;924.5541;4582.3887
164.7056;118.1201;0.0000;920.7283;4589.3887
163.7056;118.1450;0.0000;922.7034;4597.3638
162.7056;119.1450;0.0000;922.6039;4604.3638
161.7305;119.1948;0.0000;919.7781;4611.3638
161.7056;120.1948;0.0000;922.7034;4618.3638
160.7056;120.2446;0.0000;917.7532;4625.3638
159.7056;120.2695;0.0000;917.8528;4632.3887
158.7056;120.2944;0.0000;919.7283;4639.3882
158.6807;120.3193;0.0000;916.8279;4646.3887
157.6807;121.3193;0.0000;916.9026;4653.3887
156.7056;121.3442;0.0000;917.8030;4660.3887
155.7056;121.3691;0.0000;915.8528;4667.3887
154.7305;121.3940;0.0000;916.9026;4674.3887
153.7305;122.3939;0.0000;916.8030;4681.3887
152.7554;122.4437;0.0000;914.9523;4688.3887
151.7554;122.4686;0.0000;916.9026;4695.3887
150.7803;123.4686;0.0000;913.9026;4702.3887
149.7803;123.4935;0.0000;914.0270;4709.3887
149.7803;123.5184;0.0000;916.9026;4716.3887
148.7803;124.5184;0.0000;913.9523;4723.3887
147.8052;124.5433;0.0000;914.0768;4730.3887
147.7803;124.5931;0.0000;913.9523;4737.3887
146.8052;124.6180;0.0000;913.0021;4744.3887
145.8052;125.6180;0.0000;914.0519;4751.3887
145.8052;125.6429;0.0000;914.9274;4758.3887
144.8052;126.6429;0.0000;912.1017;4765.3887
143.8301;126.6429;0.0000;914.0519;4772.3887
142.8550;127.6429;0.0000;912.0270;4780.3638
142.8550;127.6926;0.0000;910.1763;4787.3638
141.8799;127.7175;0.0000;912.0768;4794.3638
140.9048;128.7175;0.0000;908.1515;4801.3638
140.9048;128.7175;0.0000;909.2510;4808.3638
139.9048;129.7424;0.0000;909.1017;4815.3887
138.9296;129.7424;0.0000;906.2262;4822.3887
137.9297;130.7424;0.0000;908.2510;4829.3887
137.9297;131.7424;0.0000;910.0768;4836.3887
136.9545;131.7673;0.0000;905.3008;4843.3887
135.9545;132.7673;0.0000;908.2261;4850.3887
134.9794;133.7424;0.0000;906.2013;4857.3887
134.0043;133.7673;0.0000;903.3755;4864.3887
133.0292;134.7424;0.0000;906.3008;4871.3887
132.0541;134.7673;0.0000;903.3257;4878.3887
131.0790;135.7424;0.0000;902.4999;4885.3887
131.1039;136.7424;0.0000;905.3257;4892.3887
130.1288;136.7424;0.0000;901.4751;4899.3887
130.1288;136.7673;0.0000;902.6245;4906.3887
129.1537;137.7673;0.0000;903.4999;4913.3887
128.1537;137.7922;0.0000;900.7240;4920.3887
128.1537;138.7673;0.0000;902.7489;4927.3887
127.1786;139.7673;0.0000;899.6743;4934.3887
126.2035;139.7922;0.0000;898.8484;4941.3887
126.2035;140.7922;0.0000;904.6991;4948.3887
125.2284;140.8171;0.0000;897.8734;4955.3887
125.2284;141.8171;0.0000;898.0227;4963.3638
124.2533;142.7922;0.0000;898.9978;4970.3638
124.2533;142.8171;0.0000;897.1223;4977.3638
124.2533;142.8420;0.0000;898.2965;4984.3638
123.3030;143.8420;0.0000;899.1472;4991.3638
123.3030;143.8669;0.0000;888.5455;4998.3638
122.3279;144.8669;0.0000;898.3463;5005.3887
122.3279;144.8918;0.0000;898.0974;5012.3887
121.3777;145.8918;0.0000;897.3712;5019.3887
120.4026;146.8918;0.0000;898.2467;5026.3887
120.4026;147.8918;0.0000;895.2219;5033.3887
119.4275;147.9167;0.0000;894.4210;5040.3887
119.4275;148.8918;0.0000;894.3463;5047.3887
119.4275;149.8918;0.0000;891.4708;5054.3887
118.4524;149.9167;0.0000;894.5952;5061.3887
118.4773;150.9167;0.0000;894.5206;5068.3887
118.4773;150.9416;0.0000;891.6948;5075.3887
117.5022;151.9416;0.0000;894.6948;5082.3887
117.5022;151.9665;0.0000;894.5952;5089.3887
116.5271;152.9665;0.0000;893.7694;5096.3887
115.5520;153.9665;0.0000;893.7694;5103.3887
115.5520;153.9913;0.0000;891.7446;5110.3887
115.5520;154.9913;0.0000;893.8192;5117.3887
114.6017;155.9913;0.0000;894.7197;5124.3887
114.6017;156.0411;0.0000;891.7944;5131.3887
114.6017;157.0411;0.0000;892.8939;5138.3887
114.6017;157.0660;0.0000;893.7446;5146.3638
113.6515;158.0660;0.0000;889.8690;5153.3638
113.6515;158.0909;0.0000;892.8939;5160.3638
112.6764;159.0909;0.0000;893.7694;5167.3638
111.7013;160.0909;0.0000;890.9437;5174.3638
111.7013;160.1158;0.0000;895.8690;5181.3638
110.7262;161.1158;0.0000;888.9686;5188.3887
109.7511;162.1158;0.0000;891.0433;5195.3887
109.7511;162.1407;0.0000;893.9188;5202.3887
108.7760;163.1407;0.0000;890.0184;5209.3887
108.7760;164.1407;0.0000;892.0931;5216.3887
108.8009;164.1656;0.0000;893.9437;5223.3887
107.8506;165.1656;0.0000;890.0682;5230.3887
106.9004;166.1656;0.0000;889.2175;5237.3887
106.9253;167.1656;0.0000;892.0184;5244.3887
105.9751;167.2154;0.0000;891.1677;5251.3887
106.0000;168.2154;0.0000;889.2175;5258.3887
105.0498;169.2154;0.0000;892.0682;5265.3887
105.0747;169.2403;0.0000;890.1926;5272.3887
104.0996;170.2403;0.0000;895.0931;5279.3887
104.1245;171.2403;0.0000;889.2424;5286.3887
103.1742;172.2154;0.0000;889.4416;5293.3887
102.1991;172.2403;0.0000;891.3171;5300.3887
102.2240;173.2403;0.0000;889.4664;5307.3887
102.2240;174.2403;0.0000;890.5660;5314.3887
102.2240;175.2403;0.0000;889.4664;5321.3887
101.2489;176.2403;0.0000;888.6158;5328.3887
101.2489;177.2154;0.0000;889.6407;5336.3638
100.2987;177.2652;0.0000;889.5162;5343.3638
99.3485;178.2652;0.0000;890.6656;5350.3638
99.3734;179.2652;0.0000;892.6158;5357.3638
99.3734;180.2652;0.0000;890.5909;5364.3638
99.3983;181.2403;0.0000;889.7651;5371.3887
98.4481;181.2652;0.0000;890.5909;5378.3887
98.4481;182.2403;0.0000;887.7402;5385.3887
97.4978;183.2403;0.0000;888.8398;5392.3887
97.4978;184.2154;0.0000;889.6407;5399.3887
97.5227;185.2154;0.0000;889.7651;5406.3887
97.5227;185.2154;0.0000;889.8149;5413.3887
97.5227;186.2154;0.0000;889.6407;5420.3887
97.5476;187.1905;0.0000;886.8398;5427.3887
97.5476;187.2154;0.0000;889.7651;5434.3887
97.5725;188.1905;0.0000;886.7651;5441.3887
96.5974;189.1905;0.0000;883.9891;5448.3887
96.5974;189.2154;0.0000;886.8398;5455.3887
96.6223;190.1905;0.0000;884.8896;5462.3887
96.6472;191.1905;0.0000;886.9145;5469.3887
96.6472;192.1905;0.0000;887.8149;5476.3887
96.6721;192.1905;0.0000;883.9393;5483.3887
95.6970;193.1905;0.0000;886.9394;5490.3887
95.7219;194.1656;0.0000;886.8398;5497.3887
95.7219;195.1656;0.0000;885.9394;5504.3887
95.7219;196.1407;0.0000;879.1136;5511.3887
95.7468;197.1158;0.0000;884.8896;5519.3638
95.7468;198.1158;0.0000;884.9892;5526.3638
95.7468;199.0909;0.0000;885.8896;5533.3638
95.7717;200.0909;0.0000;882.9642;5540.3638
95.7717;201.0660;0.0000;884.0638;5547.3638
95.7965;202.0660;0.0000;885.8896;5554.3638
95.7965;203.0660;0.0000;883.9642;5561.3887
95.8214;204.0411;0.0000;885.9892;5568.3887
94.8463;205.0411;11.7013;885.8647;5575.3887
94.8712;206.0162;0.0000;884.0389;5582.3887
94.8712;207.0163;11.7013;885.9643;5589.3887
94.8961;207.9914;0.0000;883.9393;5596.3887
94.8961;208.9913;0.0000;882.1136;5603.3887
94.8961;209.9665;0.0000;884.9643;5610.3887
94.9210;210.9665;11.7013;883.0140;5617.3887
94.9210;211.9416;0.0000;884.1136;5624.3887
94.9210;212.9416;11.7013;883.9642;5631.3887
94.9459;213.9167;0.0000;878.1634;5638.3887
94.9459;214.9167;0.0000;882.1385;5645.3887
94.9708;215.8918;0.0000;882.0140;5652.3887
94.9708;216.8918;0.0000;882.1136;5659.3887
94.9957;217.8918;11.7013;883.0887;5666.3887
94.9957;218.8669;0.0000;880.0887;5673.3887
95.0206;219.8669;0.0000;882.1136;5680.3887
95.0206;220.8420;0.0000;883.0638;5687.3887
95.0455;221.8420;0.0000;878.1136;5694.3887
96.0206;222.8171;0.0000;884.0887;5702.3638
96.0455;223.8171;0.0000;882.0140;5709.3638
96.0455;223.8171;0.0000;879.1385;5716.3638
96.0704;224.8171;0.0000;882.1883;5723.3638
96.0704;225.7922;0.0000;882.0140;5730.3638
96.0952;226.7673;0.0000;880.1634;5737.3638
96.0952;227.7673;0.0000;882.1385;5744.3887
97.0952;228.7673;0.0000;882.0140;5751.3887
97.1201;229.7673;0.0000;882.1385;5758.3887
97.1450;230.7424;0.0000;884.0638;5765.3887
97.1699;231.7424;0.0000;878.1385;5772.3887
97.1699;232.7424;0.0000;882.1883;5779.3887
97.1948;233.7424;0.0000;884.0140;5786.3887
98.1948;234.7175;0.0000;882.0887;5793.3887
98.2197;235.7175;0.0000;884.1385;5800.3887
99.1948;236.7175;0.0000;883.9891;5807.3887
99.2197;237.6926;0.0000;883.1136;5814.3887
99.2446;238.6927;0.0000;884.1385;5821.3887
99.2695;239.6678;0.0000;884.0140;5828.3887
99.2944;241.6429;0.0000;885.1136;5835.3887
99.3193;242.6180;0.0000;887.0638;5842.3887
99.3442;244.5682;0.0000;886.0140;5849.3887
99.3691;245.5682;0.0000;887.0887;5856.3887
100.3442;247.5184;0.0000;889.9145;5863.3887
100.3691;248.5184;0.0000;889.9394;5870.3887
100.3939;250.4686;0.0000;890.0390;5877.3887
100.4188;251.4686;0.0000;892.8398;5884.3887
100.4437;252.4437;0.0000;890.9643;5892.3638
101.4686;253.4188;0.0000;890.0390;5899.3638
101.4935;254.4188;0.0000;890.8896;5906.3638
101.5184;255.3940;0.0000;891.0389;5913.3638
102.5184;256.3690;0.0000;892.9394;5920.3638
102.5433;258.3442;0.0000;891.9145;5927.3887
103.5433;259.3193;0.0000;892.9891;5934.3887
103.5682;260.2944;0.0000;894.8647;5941.3887
103.5931;261.2695;0.0000;892.9145;5948.3887
103.6180;262.2695;0.0000;895.9643;5955.3887
104.6180;263.2446;0.0000;895.8149;5962.3887
104.6429;264.2197;0.0000;894.8896;5969.3887
104.6678;265.1948;0.0000;896.9145;5976.3887
105.6678;266.1948;0.0000;895.8149;5983.3887
105.6926;267.1699;0.0000;892.9891;5990.3887
106.6926;268.1451;0.0000;898.8398;5997.3887
107.6926;268.1699;0.0000;895.8149;6004.3887
107.7175;269.1450;0.0000;896.8896;6011.3887
108.7175;270.1201;0.0000;898.7900;6018.3887
108.7424;270.1201;0.2987;896.8149;6025.3887
108.7673;271.0952;0.0000;896.9643;6032.3887
109.7673;272.0952;0.0000;899.7153;6039.3887
109.7922;272.0952;0.2987;896.8398;6046.3887
109.8171;273.0704;0.0000;899.8647;6053.3887
110.8420;273.0704;0.0000;899.6904;6060.3887
110.8669;273.0953;0.0000;895.9145;6067.3887
111.8918;274.0704;0.0000;898.8398;6075.3638
111.9416;274.0952;0.0000;898.7402;6082.3638
111.9665;275.0703;0.0000;896.8896;6089.3638
112.9914;276.0704;0.0000;899.8149;6096.3638
113.0163;276.0704;0.0000;897.7900;6103.3638
114.0162;276.0704;0.0000;896.9643;6110.3638
114.0411;277.0704;0.0000;901.6905;6117.3887
114.0909;277.0704;0.0000;897.8149;6124.3887
115.0909;278.0455;0.0000;898.8896;6131.3887
115.1158;278.0455;0.0000;891.8896;6138.3887
116.1158;279.0455;0.0000;898.8398;6145.3887
117.1158;279.0455;0.0000;899.8647;6152.3887
117.1656;280.0206;0.0000;900.6655;6159.3887
117.1905;280.0206;0.0000;899.8149;6166.3887
117.2154;280.9957;0.0000;900.7900;6173.3887
118.2403;280.9957;0.0000;900.7153;6180.3887
119.2403;281.9708;0.0000;899.8647;6187.3887
119.2652;282.9708;0.0000;901.6905;6194.3887
120.2901;282.9459;0.0000;899.7900;6201.3887
120.3149;283.9210;0.0000;901.8149;6208.3887
120.3398;283.9210;0.0000;901.6905;6215.3887
121.3398;284.8961;0.0000;898.8398;6222.3892
121.3896;284.8961;0.0000;899.8647;6229.3887
122.3896;284.8961;0.0000;901.6905;6236.3887
122.4145;284.8961;0.0000;900.8398;6243.3887
122.4394;285.8712;0.0000;901.7651;6250.3887
123.4394;285.8712;0.0000;900.7153;6258.3638
123.4643;286.8463;0.0000;902.8149;6265.3638
124.4892;286.8463;0.0000;903.6407;6272.3638
124.5141;287.7966;0.0000;891.9892;6279.3638
124.5390;287.7966;0.2987;902.8149;6286.3638
125.5639;288.7717;0.0000;902.6656;6293.3638
125.5888;288.7717;0.0000;901.7651;6300.3887
126.5888;288.7717;0.0000;902.7900;6307.3887
126.6385;289.7468;0.0000;903.6407;6314.3887
126.6634;289.7468;0.0000;901.7900;6321.3887
127.6634;290.7219;0.0000;902.7651;6328.3887
127.7132;290.6970;0.0000;901.6905;6335.3887
127.7381;290.6970;0.0000;901.8149;6342.3887
128.7381;291.6472;0.0000;904.6158;6349.3887
128.7879;291.6472;0.2987;901.6905;6356.3887
129.7879;291.6472;0.0000;904.7651;6363.3887
129.8128;292.5974;0.2987;904.6158;6370.3887
130.8128;292.5974;0.0000;901.7154;6377.3887
130.8626;293.5725;0.0000;904.7402;6384.3887
131.8626;293.5476;0.0000;902.6407;6391.3887
131.9124;293.5476;0.0000;902.7651;6398.3887
131.9372;294.5227;0.0000;904.6904;6405.3887
132.9621;294.5227;0.0000;901.6656;6412.3887
132.9870;294.4978;0.0000;902.7651;6419.3887
134.0119;295.4729;0.0000;905.6407;6426.3887
134.0617;295.4729;0.0000;901.6905;6433.3887
135.0617;296.4481;0.0000;903.7900;6440.3887
136.0866;296.4232;0.0000;905.5660;6448.3638
136.1364;296.4232;0.0000;899.7402;6455.3643
137.1613;297.3734;0.0000;906.6904;6462.3638
138.1613;297.3734;0.0000;904.5660;6469.3638
138.2111;298.3236;0.0000;903.7153;6476.3638
139.2111;298.3236;0.0000;904.6904;6483.3887
140.2110;299.2738;0.0000;904.5909;6490.3887
140.2608;299.2738;0.0000;904.7153;6497.3887
141.2608;299.2489;0.0000;905.6407;6504.3887
142.2608;300.2240;0.0000;901.6905;6511.3887
142.2857;300.1991;0.0000;905.7153;6518.3887
143.2857;301.1742;0.0000;906.5660;6525.3887
144.2857;301.1494;0.0000;902.6656;6532.3887
144.3106;301.1245;0.0000;905.7153;6539.3887
145.3106;302.0996;0.0000;907.4913;6546.3887
146.3106;302.0747;0.0000;902.7402;6553.3887
147.3106;303.0249;0.0000;906.6655;6560.3887
147.3355;303.0000;0.0000;907.4913;6567.3887
148.3355;303.9751;0.0000;904.6904;6574.3887
149.3106;303.9502;0.0000;907.5909;6581.3887
149.3355;303.9253;0.0000;906.5660;6588.3887
150.3355;304.8755;0.0000;906.6655;6595.3892
151.3604;304.8506;0.0000;908.5162;6602.3887
152.3604;305.8257;0.0000;904.6656;6609.3887
153.3604;305.8009;0.0000;907.6656;6616.3887
154.3853;306.7511;0.0000;909.4664;6623.3887
155.3853;306.7262;0.0000;907.5909;6631.3638
155.4102;306.7013;0.0000;908.6158;6638.3638
156.4102;307.6764;0.0000;910.3917;6645.3638
157.4351;307.6515;0.0000;908.5909;6652.3638
158.4351;307.6266;0.0000;914.4415;6659.3638
158.4600;308.5768;0.0000;909.4913;6666.3887
159.4600;308.5519;0.0000;909.5909;6673.3887
160.4600;309.5022;0.0000;911.4415;6680.3887
161.4600;309.4773;0.0000;908.5660;6687.3887
162.4849;309.4524;0.0000;910.6158;6694.3887
163.4849;309.4275;0.0000;910.5162;6701.3887
163.5098;310.3777;0.0000;907.6905;6708.3887
164.5098;310.3279;0.0000;911.6655;6715.3887
165.5098;310.3030;0.0000;911.5162;6722.3887
166.5098;311.2532;0.0000;910.6656;6729.3887
167.5098;311.2035;0.0000;916.4913;6736.3887
168.5098;312.1537;0.0000;911.5411;6743.3887
169.5098;312.1288;0.0000;911.6655;6750.3887
170.5098;313.0541;0.0000;914.4913;6757.3887
170.5098;313.0292;0.0000;910.6656;6764.3887
171.5098;313.9545;0.0000;912.8647;6771.3887
172.5098;313.9297;0.0000;914.7153;6778.3887
173.4849;313.8799;0.0000;912.9144;6785.3887
175.4351;314.8052;0.2987;915.0140;6792.3887
176.4351;314.7554;11.7013;914.9892;6799.3887
177.4102;314.7305;0.0000;915.1883;6806.3887
178.3853;314.6808;0.0000;917.1634;6814.3638
179.3853;315.6060;11.7013;917.1136;6821.3638
180.3604;315.5812;0.0000;917.2381;6828.3643
181.3355;315.5314;0.0000;918.1385;6835.3638
183.3106;316.4816;0.0000;908.3875;6842.3638
184.2857;316.4318;0.0000;917.3127;6849.3638
186.2608;316.4069;0.0000;919.1136;6856.3887
187.2359;317.3571;0.0000;917.2132;6863.3887
188.2359;317.3323;0.0000;919.2381;6870.3887
190.1862;317.2825;0.0000;920.0638;6877.3887
191.1862;317.2576;0.0000;916.3127;6884.3887
193.1364;318.2078;0.0000;921.1385;6891.3887
194.1364;318.1829;11.7013;921.0638;6898.3887
196.0866;318.1331;0.0000;920.2381;6905.3887
197.0866;318.1082;0.0000;923.0887;6912.3887
198.0866;318.0833;11.7013;919.1884;6919.3887
200.0617;318.0584;0.0000;921.2878;6926.3887
201.0368;318.0335;0.0000;923.1634;6933.3887
203.0119;318.0087;0.0000;919.3625;6940.3887
204.0119;317.9838;0.0000;923.4621;6947.3887
205.9621;317.9589;0.0000;923.4123;6954.3887
206.9621;317.9091;0.0000;920.7111;6961.3887
208.9124;317.8842;0.0000;923.7110;6968.3892
209.8875;317.8593;11.7013;923.6613;6975.3887
210.8626;317.8344;0.0000;922.8106;6982.3887
212.8128;317.8344;0.0000;925.7360;6989.3887
213.7879;317.8095;11.7013;923.7110;6996.3887
214.7630;317.7846;0.2987;923.8853;7004.3638
216.7132;317.7597;0.0000;924.7608;7011.3638
217.6883;317.7348;0.2987;923.8354;7018.3638
218.6634;316.7349;0.0000;926.8604;7025.3638
220.6136;316.7100;0.0000;927.6613;7032.3638
221.5888;316.6851;0.0000;923.8604;7039.3887
222.5639;316.6851;0.2987;927.8355;7046.3887
224.5390;316.6602;0.0000;929.6613;7053.3887
226.4892;315.6602;0.2987;926.8604;7060.3892
227.4643;315.6353;11.7013;928.7608;7067.3887
229.4394;315.6104;0.0000;926.7111;7074.3887
230.4145;315.6104;0.0000;928.8355;7081.3887
231.4145;315.5855;0.2987;930.6612;7088.3887
232.3896;314.5855;0.0000;927.7608;7095.3887
234.3398;314.5606;0.0000;929.8354;7102.3887
236.3150;314.5108;0.0000;931.6364;7109.3887
237.2901;314.4859;0.0000;931.7360;7116.3887
238.2652;314.4610;0.0000;932.4870;7123.3887
239.2403;314.4362;0.0000;932.7360;7130.3887
240.2154;313.4113;0.0000;931.8853;7137.3887
242.1656;313.3864;0.0000;933.9102;7144.3887
243.1656;312.3864;0.0000;932.8355;7151.3887
245.1158;312.3615;0.0000;931.0346;7158.3887
246.0909;312.3117;0.0000;935.7857;7165.3887
247.0660;312.2868;0.0000;933.8853;7172.3887
248.0411;312.2619;0.0000;935.0346;7179.3887
249.0163;312.2121;0.0000;938.7857;7187.3638
249.9913;311.2121;0.0000;933.9351;7194.3638
250.9665;310.2121;11.7013;936.0097;7201.3643
252.9167;310.1624;0.0000;939.7608;7208.3638
254.8669;309.1623;11.7013;938.9102;7215.3638
256.8171;308.1375;0.0000;941.8105;7222.3887
257.7922;308.1125;0.0000;940.7359;7229.3887
259.7424;307.0877;0.0000;939.9102;7236.3887
260.7424;306.0627;0.0000;944.7111;7243.3887
262.6927;306.0379;0.0000;941.7608;7250.3887
263.6678;305.0130;0.0000;944.8853;7257.3887
265.6180;304.9881;0.0000;945.6364;7264.3887
266.5682;303.9632;0.0000;944.7359;7271.3887
268.5184;302.9632;0.0000;948.7856;7278.3887
269.4935;301.9383;0.0000;948.5616;7285.3887
271.4437;300.9383;0.0000;937.9849;7292.3887
273.3940;299.9134;0.0000;949.6613;7299.3887
275.3441;298.9134;0.0000;949.5617;7306.3887
276.3193;297.9134;0.0000;948.7359;7313.3887
278.2446;297.8885;0.0000;951.5865;7320.3887
279.2197;296.8636;0.0000;948.6363;7327.3887
281.1699;294.8885;0.0000;948.7856;7334.3887
282.1451;293.8885;0.0000;951.5368;7341.3892
284.0952;292.8885;0.0000;949.5866;7348.3887
285.0704;291.8885;0.0000;951.7110;7355.3887
286.0455;289.9134;0.0000;952.4870;7362.3887
287.0206;288.9134;0.0000;949.6613;7370.3638
287.9957;287.8885;0.2987;953.5865;7377.3638
288.9459;286.8885;0.0000;952.4870;7384.3638
289.9210;285.8885;0.2987;950.6364;7391.3643
290.8961;284.8885;0.0000;953.5865;7398.3638
291.8463;283.8885;0.0000;950.5368;7405.3638
292.8214;282.8885;0.0000;953.5616;7412.3887
293.7966;281.8885;0.0000;956.4124;7419.3887
293.7717;280.8885;0.0000;951.5368;7426.3887
294.7468;279.8636;0.0000;956.5368;7433.3892
295.7219;279.8387;0.0000;954.4373;7440.3887
295.6970;278.8387;0.0000;954.5368;7447.3887
296.6721;277.8387;0.0000;948.7856;7454.3887
297.6223;276.8387;0.0000;956.4124;7461.3887
297.6223;275.8387;0.0000;954.6364;7468.3887
298.5725;274.8387;0.0000;957.4621;7475.3887
298.5725;274.8139;0.0000;956.5119;7482.3887
299.5227;273.8138;11.7013;956.6115;7489.3887
300.4730;272.8138;0.0000;956.5368;7496.3887
301.4481;271.8139;0.0000;957.5865;7503.3887
301.4232;270.7889;0.0000;959.6861;7510.3887
302.3734;269.7890;0.0000;959.5367;7517.3887
303.3485;268.7890;11.7013;949.8853;7524.3887
304.2987;267.7889;0.0000;960.7360;7531.3887
304.2738;266.8138;0.0000;960.5617;7538.3887
305.2240;264.8387;0.0000;959.7608;7545.3887
305.1992;263.8387;0.0000;962.7111;7552.3887
306.1743;263.8138;0.0000;960.6364;7560.3638
306.1494;261.8138;0.0000;961.7360;7567.3638
307.0996;260.8138;0.0000;964.5119;7574.3643
308.0498;259.8138;0.0000;962.6364;7581.3638
308.0249;259.7889;11.7013;962.8604;7588.3638
308.9751;258.7641;0.0000;965.5616;7595.3887
308.9502;257.7641;0.0000;962.6613;7602.3887
308.9253;256.7641;0.0000;965.6364;7609.3887
309.8507;256.7392;0.0000;963.5865;7616.3887
309.8258;255.7143;0.0000;965.6364;7623.3887
310.7760;254.7143;0.0000;967.5119;7630.3887
310.7511;253.7143;0.0000;965.5367;7637.3887
311.7013;252.7143;0.0000;967.5866;7644.3887
311.6764;251.6894;0.0000;969.5119;7651.3887
311.6515;251.6645;0.0000;966.4373;7658.3887
311.6266;250.6645;0.0000;965.6612;7665.3892
312.5768;249.6645;0.0000;970.3625;7672.3887
312.5520;248.6645;0.0000;967.5119;7679.3887
313.5022;247.6645;0.0000;968.4870;7686.3887
313.5022;246.6645;0.0000;970.3376;7693.3887
313.4773;246.6396;0.0000;967.5617;7700.3887
314.4275;245.6147;0.0000;970.4621;7707.3887
314.4026;244.6147;0.0000;969.3625;7714.3892
315.3528;243.5898;0.0000;968.5368;7721.3887
315.3279;242.5898;0.0000;971.3874;7728.3887
315.3030;242.5400;0.0000;970.3874;7735.3887
315.2782;241.5400;0.0000;969.5119;7743.3638
316.2284;239.5400;0.0000;974.2630;7750.3638
316.2035;238.5400;0.0000;968.4372;7757.3638
317.1786;238.5151;0.0000;974.4124;7764.3643
317.1537;237.4902;0.0000;973.2381;7771.3638
317.1288;236.4902;0.0000;970.4372;7778.3887
318.0790;235.4653;0.0000;973.3875;7785.3887
318.0541;234.4654;0.0000;971.3127;7792.3887
318.0292;233.4654;0.0000;970.4372;7799.3887
318.9794;232.4654;0.0000;973.3127;7806.3892
318.9794;231.4654;0.0000;971.2878;7813.3887
319.9297;230.4654;0.0000;972.3875;7820.3887
319.9048;229.4405;0.0000;973.2630;7827.3887
319.8799;228.4405;0.0000;971.3625;7834.3887
320.8301;226.4654;0.0000;974.3625;7841.3887
320.8052;225.4405;11.7013;974.1883;7848.3887
321.7554;224.4405;0.0000;973.3625;7855.3887
321.7305;223.4405;11.7013;974.3376;7862.3887
321.7056;222.4405;0.0000;975.1634;7869.3887
322.6310;220.4654;0.0000;973.3625;7876.3887
322.6060;219.4653;0.0000;977.2131;7883.3887
323.5563;218.4902;11.7013;975.1883;7890.3887
323.5065;216.5151;0.0000;977.2629;7897.3887
323.4816;215.5152;11.7013;977.1634;7904.3887
324.4069;214.5151;0.0000;972.3128;7911.3887
324.3571;213.5151;0.0000;981.1883;7918.3887
324.3322;212.5151;0.0000;973.2879;7926.3638
324.2825;211.5152;0.0000;975.2629;7933.3638
324.2576;210.5151;0.0000;979.2132;7940.3638
325.1829;208.5400;0.0000;978.1385;7947.3643
325.1580;207.5649;0.0000;978.1635;7954.3638
325.1082;206.5649;0.0000;981.1883;7961.3638
325.0833;205.5649;0.0000;978.1635;7968.3887
325.0584;203.6147;0.0000;981.1883;7975.3887
325.0086;202.6396;0.0000;983.0140;7982.3887
325.9589;201.6396;0.0000;981.0887;7989.3887
325.9340;200.6645;0.0000;982.1883;7996.3887
325.8842;198.7143;0.0000;983.9892;8003.3887
325.8593;197.7143;0.0000;981.1136;8010.3887
325.8095;196.7392;0.2987;986.1136;8017.3887
325.7846;195.7392;0.0000;985.9394;8024.3887
325.7349;194.7392;0.0000;984.0887;8031.3887
325.6851;193.7392;0.0000;987.9891;8038.3892
325.6602;191.7890;0.0000;983.0389;8045.3887
325.6353;190.7889;0.0000;985.8896;8052.3887
325.5855;188.8138;0.0000;989.1136;8059.3887
326.5108;187.8387;0.0000;984.8647;8066.3887
326.4859;185.8636;0.0000;987.2878;8073.3887
326.4361;184.8885;0.0000;989.0390;8080.3887
326.4113;183.9134;0.0000;988.0887;8087.3892
326.3615;182.9134;0.0000;990.2132;8094.3887
326.3366;180.9632;0.0000;990.0887;8101.3887
326.2868;179.9632;0.0000;989.1136;8108.3887
325.2619;178.9632;0.0000;992.0887;8116.3638
325.2370;177.9881;0.0000;989.1884;8123.3638
326.1623;176.0130;0.0000;989.2381;8130.3638
326.1125;175.0379;0.0000;992.1136;8137.3643
326.0876;173.0628;0.0000;989.1136;8144.3638
326.0379;172.0876;0.0000;990.2630;8151.3887
325.0130;171.0877;0.0000;992.0887;8158.3887
324.9632;170.1125;0.0000;989.1884;8165.3887
324.9383;168.1375;0.0000;992.2132;8172.3887
324.8885;167.1623;11.7013;992.9642;8179.3892
324.8636;166.1872;0.0000;992.1634;8186.3887
324.8138;164.2370;11.7013;993.1385;8193.3887
323.8138;163.2370;0.0000;995.0141;8200.3887
323.7640;162.2619;0.0000;992.1883;8207.3887
323.7392;161.2868;0.0000;994.0638;8214.3887
323.6894;159.3366;0.0000;992.1136;8221.3887
323.6645;158.3615;0.0000;992.2381;8228.3887
323.6147;156.4112;0.0000;995.0141;8235.3887
323.5649;155.4361;0.0000;992.0887;8242.3887
322.5649;153.4610;0.0000;994.1883;8249.3887
322.5151;152.4859;0.0000;994.9643;8256.3887
322.4903;151.5108;0.0000;992.1883;8263.3887
321.4654;149.5606;0.0000;995.1385;8270.3887
321.4405;147.5855;0.0000;994.9643;8277.3887
320.4156;146.6104;0.0000;993.1634;8284.3887
320.3907;144.6602;0.0000;995.0887;8291.3887
320.3409;143.6851;0.0000;994.0638;8299.3643
319.3409;142.7100;0.0000;995.1385;8306.3633
319.2911;140.7597;0.0000;997.9394;8313.3633
318.2911;139.7846;0.0000;995.0390;8320.3643
318.2662;137.8344;0.0000;996.1136;8327.3643
318.2413;136.8593;0.0000;997.8896;8334.3887
317.2413;134.9091;0.0000;995.0887;8341.3887
317.2164;133.9340;0.0000;998.0638;8348.3887
316.2164;132.9589;0.0000;996.9145;8355.3887
315.2165;131.0335;0.0000;997.0638;8362.3887
315.1916;130.0584;0.0000;998.0638;8369.3887
314.1915;128.1082;0.0000;996.9145;8376.3887
313.2164;127.1580;0.0000;997.0887;8383.3887
313.1916;126.1829;0.0000;1000.8149;8390.3887
312.1916;124.2327;0.0000;996.9643;8397.3887
311.1915;123.2576;0.0000;998.0638;8404.3887
310.2164;122.3074;0.0000;996.9145;8411.3887
310.1916;121.3322;11.7013;995.0638;8418.3887
309.2165;120.3820;0.0000;999.0140;8425.3887
309.1916;118.4318;0.0000;998.8647;8432.3887
308.1915;117.4567;0.0000;997.0389;8439.3887
308.1667;116.4816;0.0000;997.9891;8446.3887
307.1667;115.5314;0.0000;997.8647;8453.3887
306.1667;114.5563;0.0000;997.0389;8460.3887
306.1418;113.5812;0.0000;1000.8149;8467.3887
305.1418;112.6310;0.0000;997.9394;8474.3887
304.1418;111.6558;0.0000;998.0638;8482.3643
303.1667;110.6807;0.0000;997.8896;8489.3643
303.1418;109.7305;0.0000;997.8896;8496.3633
302.1418;107.7803;0.0000;1002.9394;8503.3643
301.1418;107.8052;0.0000;999.8149;8510.3633
300.1667;106.8301;0.0000;999.9393;8517.3643
299.1667;105.8550;0.0000;1000.9145;8524.3887
299.1418;104.9048;0.0000;998.7900;8531.3887
298.1418;104.9048;0.0000;998.9642;8538.3887
297.1418;103.9545;0.0000;1001.8398;8545.3887
297.0920;102.9794;0.0000;997.8398;8552.3887
296.0920;102.0043;0.0000;1000.0140;8559.3887
295.0671;101.0292;0.0000;1000.7403;8566.3887
294.0671;100.0790;0.0000;997.8896;8573.3896
294.0173;99.1039;0.0000;1000.0389;8580.3887
292.9924;98.1537;0.0000;1000.7403;8587.3887
292.9675;97.1786;0.0000;998.8149;8594.3887
291.9426;96.2283;0.0000;1000.5411;8601.3887
290.9426;96.2283;0.0000;1000.7403;8608.3887
290.9177;95.2532;0.0000;998.6655;8615.3887
289.9426;94.3030;0.0000;1000.6158;8622.3896
289.9177;93.3279;0.0000;990.7651;8629.3887
288.9178;93.3528;0.0000;999.7153;8636.3887
287.9177;92.4026;0.0000;1000.4664;8643.3887
287.8928;92.4026;0.0000;997.6158;8650.3887
286.8929;91.4275;0.0000;999.6158;8657.3887
285.8929;90.4773;0.0000;1000.4664;8665.3633
285.8680;89.5022;0.0000;990.9145;8672.3643
284.8430;88.5519;0.0000;1003.5660;8679.3643
284.8181;88.5519;0.0000;1000.5162;8686.3633
283.8182;87.6017;0.0000;1001.5660;8693.3643
283.7684;86.6266;11.7013;1000.5909;8700.3633
282.7684;86.6515;0.0000;997.5909;8707.3887
281.7435;85.7013;0.0000;997.7402;8714.3896
280.7435;85.7013;0.0000;992.6655;8721.3887
280.7186;84.7511;0.0000;1000.5660;8728.3887
279.6937;83.8009;0.0000;996.7651;8735.3887
278.6937;82.8506;11.7013;1000.4664;8742.3887
278.6688;82.8755;0.0000;997.6158;8749.3887
277.6688;81.9004;0.0000;1000.6158;8756.3887
276.6688;80.9502;0.0000;999.5162;8763.3896
275.6688;80.0000;0.0000;996.7402;8770.3887
274.6688;80.0249;0.0000;999.6158;8777.3887
273.6440;79.0747;11.7013;999.5909;8784.3887
273.6190;78.1245;0.0000;995.7651;8791.3887
272.6190;78.1494;11.7013;997.6158;8798.3887
271.6190;77.1991;0.0000;997.5909;8805.3887
270.6190;76.2489;0.0000;995.8149;8812.3887
269.6190;76.2738;0.0000;997.6407;8819.3887
268.6190;75.3236;0.0000;995.7154;8826.3887
267.6440;75.3236;11.7013;996.7900;8833.3887
266.6439;74.3734;0.0000;997.6158;8840.3887
265.6688;73.4232;0.0000;994.8647;8847.3887
264.6688;73.4481;11.7013;995.7651;8855.3643
263.6688;72.4978;0.0000;995.7154;8862.3633
262.6937;71.5227;0.0000;993.8896;8869.3643
261.6937;71.5476;11.7013;995.7651;8876.3633
260.6937;70.5974;11.7013;991.8149;8883.3643
259.6937;70.5974;11.7013;993.8896;8890.3887
258.7186;69.6472;0.0000;997.6656;8897.3887
257.7186;68.6721;0.0000;994.8149;8904.3896
256.7435;68.6970;0.0000;994.8647;8911.3887
255.7684;67.7219;11.7013;995.7402;8918.3887
254.7933;67.7468;0.0000;994.8896;8925.3887
253.7933;66.7717;0.0000;994.8896;8932.3887
252.8182;65.8214;0.0000;995.7402;8939.3887
251.8182;65.8463;0.0000;994.8896;8946.3887
250.8431;64.8712;0.0000;997.7402;8953.3887
249.8680;63.9210;0.0000;994.8149;8960.3887
248.8680;63.9210;0.0000;996.8896;8967.3887
247.8928;63.9459;0.0000;997.7402;8974.3887
246.9177;62.9708;0.0000;994.8896;8981.3887
245.9426;62.9957;0.0000;995.9145;8988.3887
243.9675;62.0455;0.0000;997.5909;8995.3887
242.9924;61.0704;0.0000;994.8896;9002.3887
242.9675;60.1201;0.0000;994.9145;9009.3887
241.9924;60.1201;0.0000;996.7651;9016.3887
241.0173;59.1699;0.0000;994.9145;9023.3887
240.0173;59.1699;0.0000;997.8647;9030.3887
238.0671;58.2197;0.0000;994.8149;9038.3643
238.0422;57.2695;0.0000;994.9643;9045.3643
237.0671;58.2446;0.0000;996.7651;9052.3633
236.0671;57.2944;0.0000;991.9643;9059.3643
235.0671;56.3442;0.0000;993.9891;9066.3633
234.0671;56.3442;0.0000;994.8149;9073.3643
233.0671;55.3939;0.0000;993.9393;9080.3887
232.0671;55.4188;0.0000;996.0141;9087.3887
231.0920;55.4188;0.0000;994.8149;9094.3887
230.0920;54.4686;0.0000;993.0140;9101.3887
229.0920;54.4935;0.0000;993.9642;9108.3887
228.0920;53.5184;0.0000;993.8398;9115.3887
227.0920;53.5433;0.0000;992.0140;9122.3887
226.0920;52.5931;0.0000;991.9145;9129.3887
225.0920;52.6180;0.0000;992.0140;9136.3887
223.1169;52.6180;0.0000;992.1136;9143.3887
222.1169;50.6926;0.0000;994.8896;9150.3887
221.1169;50.7175;0.0000;991.0638;9157.3887
220.1169;50.7424;0.0000;993.0638;9164.3887
219.1169;50.7673;0.0000;991.9891;9171.3887
219.0920;50.7922;0.0000;991.0638;9178.3896
218.0920;50.8171;0.0000;991.1136;9185.3887
217.0920;50.8420;0.0000;991.9891;9192.3887
217.0920;50.8420;0.0000;991.0638;9199.3887
216.0920;50.8669;0.0000;991.9891;9206.3887
215.0920;49.9167;0.0000;990.0141;9213.3887
214.1169;49.9416;11.7013;992.1634;9221.3633
213.1169;49.9665;0.0000;991.9891;9228.3643
212.1169;49.0162;0.0000;990.0141;9235.3643
211.1418;49.0162;0.0000;992.1634;9242.3633
210.1418;49.0411;0.0000;992.0389;9249.3643
209.1418;49.0660;0.0000;989.1884;9256.3633
208.1667;49.0909;0.0000;989.1136;9263.3887
207.1667;49.1158;0.0000;988.1136;9270.3887
206.1667;49.1407;0.0000;989.2381;9277.3887
205.1667;49.1656;0.0000;991.0638;9284.3887
204.1915;48.2154;0.0000;989.1136;9291.3887
203.1915;48.2403;0.0000;990.2630;9298.3887
202.2164;48.2652;0.0000;992.0389;9305.3887
201.2164;48.2901;0.0000;989.1635;9312.3887
200.2413;48.3149;0.0000;991.2132;9319.3896
199.2662;48.3398;11.7013;989.0390;9326.3887
198.2662;48.3896;0.0000;988.3127;9333.3887
197.2911;48.4145;0.0000;989.2630;9340.3887
196.3160;48.4394;0.0000;990.0389;9347.3887
195.3160;48.4643;0.0000;988.3127;9354.3887
194.3409;48.5141;0.0000;990.1883;9361.3887
194.3160;48.5390;0.0000;986.2381;9368.3896
193.3409;48.5639;0.0000;989.3128;9375.3887
192.3658;48.5888;0.0000;989.1136;9382.3887
191.3658;48.6136;11.7013;987.2629;9389.3887
190.3907;48.6634;0.0000;987.3625;9396.3887
189.3907;48.6883;0.0000;989.0887;9403.3887
188.4156;48.7381;0.0000;986.3625;9411.3643
187.4405;48.7630;0.0000;989.2879;9418.3643
186.4405;48.8128;0.0000;988.1385;9425.3643
186.4405;48.8377;0.0000;988.2629;9432.3633
185.4405;48.8875;0.0000;988.2629;9439.3643
184.4653;48.9372;0.0000;985.3127;9446.3887
183.4902;48.9870;0.0000;986.4372;9453.3887
182.4902;49.9870;0.0000;988.2380;9460.3896
181.5151;50.0368;0.0000;985.3625;9467.3887
180.5400;50.0866;0.0000;986.3625;9474.3887
179.5400;50.1364;0.0000;984.3128;9481.3887
178.5649;50.1613;0.0000;983.4372;9488.3887
176.5898;50.2111;0.0000;986.3875;9495.3887
176.5649;50.2359;0.0000;985.2879;9502.3887
175.5898;50.2857;0.0000;984.4124;9509.3896
174.5898;50.3106;0.0000;986.3875;9516.3887
173.6147;50.3604;0.0000;986.2878;9523.3887
172.6147;50.3853;0.0000;983.4621;9530.3887
172.6147;50.4351;0.0000;986.2630;9537.3887
171.6147;50.4849;11.7013;982.3625;9544.3887
170.6396;50.5098;0.0000;983.4621;9551.3887
170.6396;51.5346;0.0000;986.2878;9558.3887
169.6396;51.5844;0.0000;983.4123;9565.3887
168.6645;52.5844;0.0000;986.3625;9572.3887
167.6894;52.6342;0.0000;983.3625;9579.3887
166.7143;52.6840;11.7013;981.5616;9586.3887
165.7392;52.7338;0.0000;984.4373;9594.3643
164.7641;52.7836;0.0000;985.3127;9601.3643
163.7890;52.8085;0.0000;986.4372;9608.3633
162.8138;52.8582;0.0000;986.3127;9615.3643
161.8387;52.8831;0.0000;983.4621;9622.3633
160.8636;52.9329;0.0000;986.5119;9629.3643
160.8636;52.9578;0.0000;985.3625;9636.3887
159.8885;52.9827;0.0000;982.4621;9643.3887
159.8885;53.0325;0.0000;984.5119;9650.3896
158.9134;54.0325;0.0000;983.3625;9657.3887
157.9383;54.0574;0.0000;983.5118;9664.3887
157.9383;54.0823;0.2987;983.4869;9671.3887
156.9632;54.1321;0.2987;981.3875;9678.3887
155.9881;54.1569;0.0000;982.5367;9685.3887
155.0130;54.2067;0.2987;984.3376;9692.3887
154.0379;54.2316;0.0000;981.1634;9699.3887
153.0628;54.2565;0.0000;981.2878;9706.3887
153.0628;54.2814;0.0000;983.1385;9713.3887
152.0877;54.3063;11.7013;979.2381;9720.3887
151.1125;54.3312;0.0000;981.2878;9727.3887
150.1374;55.3312;0.0000;982.1136;9734.3887
149.1623;55.3561;0.0000;979.3127;9741.3887
148.1872;55.3810;0.0000;978.3128;9748.3887
147.2121;55.4059;0.0000;978.2381;9755.3887
146.2370;55.4308;0.0000;979.2879;9762.3887
146.2370;55.4556;0.0000;981.2381;9769.3887
145.2619;55.4556;0.0000;977.2878;9777.3633
144.2868;55.4805;11.7013;976.4372;9784.3643
143.3366;56.4805;0.0000;977.2380;9791.3643
142.3615;57.4805;0.0000;973.3625;9798.3633
141.3864;57.5054;11.7013;974.4870;9805.3643
140.4112;57.5303;0.0000;974.2878;9812.3633
139.4361;57.5552;0.0000;969.5368;9819.3887
138.4610;58.5552;0.0000;972.5119;9826.3887
137.4859;59.5303;0.0000;971.4123;9833.3887
137.4859;60.5303;0.0000;968.5865;9840.3887
136.5357;60.5552;0.0000;971.4870;9847.3887
135.5606;61.5552;0.0000;968.4870;9854.3887
134.5855;61.5552;0.0000;971.5616;9861.3887
133.6104;60.6050;11.7013;969.4621;9868.3887
132.6353;60.6299;0.0000;967.5617;9875.3887
131.6602;60.6299;11.7013;967.4373;9882.3887
130.7099;60.6548;11.7013;965.5865;9889.3887
129.7348;60.6797;0.0000;963.7110;9896.3887
128.7597;61.6548;0.0000;962.8355;9903.3887
127.7846;62.6548;0.0000;962.6364;9910.3887
126.8095;63.6548;0.0000;962.7111;9917.3887
125.8344;63.6548;11.7013;963.6862;9924.3896
125.8593;63.6797;0.0000;959.7857;9931.3887
124.8842;63.7046;0.0000;960.9102;9938.3887
123.9091;64.6797;11.7013;962.6862;9945.3887
123.9091;65.6797;0.0000;951.0595;9952.3887
122.9589;65.7046;0.0000;957.0346;9959.3887
121.9838;65.7046;11.7013;956.8604;9967.3633
121.0087;66.7046;0.0000;956.8604;9974.3643
120.0335;67.7046;0.0000;957.0098;9981.3643
119.0584;68.7046;0.0000;956.7857;9988.3633
118.0833;69.6797;0.0000;954.9849;9995.3643
117.1082;69.7046;0.0000;954.9849;10002.3887
117.1082;69.7295;11.7013;952.9351;10009.3887
116.1331;69.7543;0.0000;953.1093;10016.3896
114.1829;70.7295;11.7013;954.9102;10023.3887
113.2078;71.7295;0.0000;951.0098;10030.3887
112.2327;72.7295;0.0000;954.0844;10037.3887
111.2576;72.7295;0.0000;951.9849;10044.3887
110.2825;72.7544;0.0000;949.0097;10051.3887
110.2825;73.7543;0.0000;951.1591;10058.3887
109.3074;74.7543;0.0000;951.0098;10065.3896
108.3322;74.7792;0.0000;946.2587;10072.3887
107.3571;74.8041;0.0000;946.2089;10079.3887
106.3820;75.8041;0.0000;951.0098;10086.3887
105.4069;76.8041;0.0000;943.3582;10093.3887
103.4567;77.8041;0.0000;949.1342;10100.3887
102.5065;77.8290;0.0000;945.2089;10107.3887
101.5314;78.8290;0.0000;945.3333;10114.3896
100.5563;79.8290;0.0000;946.1840;10121.3887
98.6061;80.8290;0.0000;942.3084;10128.3887
97.6310;80.8539;0.0000;943.3831;10135.3887
96.6807;81.8539;0.0000;944.1840;10142.3887
95.7056;82.8539;0.0000;942.3831;10150.3643
94.7305;83.8539;0.0000;943.3831;10157.3643
93.7554;83.8788;0.0000;942.2338;10164.3633
93.7554;84.8788;0.0000;940.3582;10171.3643
91.8301;85.8788;0.0000;940.3582;10178.3633
91.8301;85.9037;0.0000;939.3333;10185.3887
90.8550;86.9037;0.0000;938.5325;10192.3887
89.8799;87.9037;0.0000;942.2586;10199.3887
88.9048;88.9037;0.0000;939.3582;10206.3896
87.9545;88.9286;0.0000;940.5076;10213.3887
87.9545;89.9286;0.0000;939.3085;10220.3887
86.9794;89.9535;0.0000;938.4080;10227.3887
87.0043;90.9535;0.0000;942.3831;10234.3887
87.0043;90.9784;0.0000;942.2338;10241.3887
86.0292;91.9784;0.0000;939.4578;10248.3887
86.0541;92.0033;0.0000;940.3582;10255.3896
86.0541;92.0282;0.0000;938.3831;10262.3887
85.0790;93.0282;0.0000;940.2089;10269.3887
84.1039;93.0531;0.0000;938.3582;10276.3887
84.1039;94.0282;0.0000;937.5076;10283.3887
83.1537;95.0282;0.0000;938.5823;10290.3887
82.1786;96.0282;0.0000;940.3084;10297.3887
81.2284;97.0282;0.0000;936.5325;10304.3887
80.2781;98.0033;0.0000;939.5823;10311.3887
79.3030;98.0282;0.0000;933.4827;10318.3887
79.3279;99.0282;0.0000;935.5574;10325.3887
78.3528;99.0282;0.0000;936.5325;10333.3633
77.4026;100.0282;0.0000;933.5325;10340.3643
77.4026;100.0531;0.0000;931.7565;10347.3643
76.4275;101.0282;0.0000;934.5076;10354.3633
75.4773;101.0531;0.0000;931.6569;10361.3643
75.4773;102.0530;0.0000;931.7814;10368.3633
74.5022;103.0282;0.0000;931.5822;10375.3887
73.5519;104.0282;0.0000;930.7067;10382.3887
73.5519;104.0531;0.0000;930.7316;10389.3887
72.6017;105.0531;0.0000;929.5822;10396.3887
71.6515;106.0531;11.7013;930.7067;10403.3887
70.6764;107.0282;0.0000;929.7316;10410.3887
69.7262;108.0282;0.0000;929.6071;10417.3887
68.7511;108.0531;11.7013;927.8312;10424.3887
68.7760;109.0531;0.0000;927.6818;10431.3887
67.8258;110.0530;0.0000;926.7814;10438.3887
66.8506;110.0779;0.0000;927.7814;10445.3887
66.8755;111.0779;0.0000;929.6320;10452.3887
65.9004;112.0779;0.0000;924.8312;10459.3887
64.9502;113.0530;11.7013;925.9058;10466.3887
64.9502;113.0779;0.0000;927.7316;10473.3887
64.0000;114.0779;0.0000;924.8312;10480.3887
63.0498;115.0779;0.0000;923.8312;10487.3887
63.0498;116.0779;0.0000;924.7067;10494.3887
62.0996;117.0779;11.7013;923.8809;10501.3887
61.1245;117.1028;0.0000;924.7565;10508.3887
61.1494;118.1028;0.0000;921.8312;10515.3887
60.1742;119.1028;0.0000;920.0303;10523.3633
60.1991;120.1028;0.0000;923.7316;10530.3643
59.2240;121.0779;0.0000;921.8810;10537.3643
59.2489;121.1028;0.0000;922.9307;10544.3633
58.2987;122.1028;0.0000;921.8063;10551.3643
58.3236;123.1028;0.0000;919.9805;10558.3887
57.3485;124.1028;0.0000;923.8561;10565.3887
56.3983;124.1277;0.0000;921.8063;10572.3887
56.4232;126.0779;0.0000;920.9059;10579.3887
55.4481;127.0779;0.0000;923.7316;10586.3887
55.4729;128.0779;0.0000;919.8560;10593.3887
54.5227;129.0779;0.0000;921.9556;10600.3887
54.5476;130.0779;0.0000;919.7814;10607.3887
53.5974;131.0531;0.0000;919.8809;10614.3887
53.6223;132.0531;0.0000;917.0552;10621.3896
52.6472;133.0531;0.0000;916.8810;10628.3887
52.6721;135.0282;0.0000;918.0303;10635.3887
51.7219;136.0282;0.0000;920.0054;10642.3887
51.7468;137.0033;0.0000;916.8810;10649.3887
50.7717;138.0033;0.0000;917.9805;10656.3887
49.8214;139.9784;0.0000;918.9556;10663.3887
49.8463;140.9784;0.0000;917.8561;10670.3896
49.8712;141.9784;0.0000;916.9556;10677.3887
48.9210;142.9784;0.0000;918.7814;10684.3887
48.9210;144.9535;0.0000;916.8810;10691.3887
48.9459;145.9286;0.0000;914.1050;10698.3887
47.9957;146.9286;0.0000;918.7565;10706.3643
48.0206;147.9286;0.0000;916.8810;10713.3633
48.0455;148.9286;0.0000;917.8809;10720.3643
48.0704;149.9286;11.7013;916.7814;10727.3643
47.1450;151.9037;0.0000;916.8810;10734.3633
47.1699;152.9037;0.0000;916.8810;10741.3887
46.2197;153.9037;0.0000;916.8063;10748.3887
46.2446;154.8788;0.0000;914.0054;10755.3887
46.2446;155.8788;0.0000;916.7316;10762.3896
46.2695;156.8788;0.0000;914.8560;10769.3887
45.3193;157.8788;0.0000;916.9556;10776.3887
45.3442;158.8788;0.0000;916.8063;10783.3887
44.3939;159.8539;11.7013;913.0303;10790.3887
44.3939;161.8290;0.0000;916.9058;10797.3887
44.4188;162.8290;0.0000;916.7814;10804.3887
43.4686;163.8290;11.7013;913.9556;10811.3896
43.4935;164.8290;0.0000;916.8810;10818.3887
43.5184;165.8290;11.7013;916.7316;10825.3887
42.5682;166.8041;0.0000;913.9556;10832.3887
42.5682;167.8041;0.0000;917.8561;10839.3887
41.6180;168.8041;0.0000;912.9058;10846.3887
41.6429;170.7543;0.0000;914.0303;10853.3887
41.6429;171.7543;0.0000;914.8560;10860.3896
40.6926;171.7793;0.0000;912.9556;10867.3887
40.7175;172.7544;0.0000;914.0303;10874.3887
40.7424;173.7543;0.0000;913.8560;10881.3887
40.7673;174.7543;0.0000;911.0303;10889.3633
39.8171;175.7295;0.0000;912.9805;10896.3643
39.8171;176.7295;0.0000;914.8809;10903.3643
39.8420;177.7046;0.0000;914.0054;10910.3633
39.8669;178.7046;0.0000;914.8062;10917.3643
38.9167;179.6797;0.0000;912.9058;10924.3633
38.9416;180.6797;0.0000;916.9058;10931.3887
38.9416;181.6548;0.0000;916.8063;10938.3887
38.9665;182.6299;0.0000;911.9307;10945.3887
38.0162;183.6299;0.0000;916.8810;10952.3896
38.0411;184.6050;11.7013;916.7316;10959.3887
38.0660;184.6299;0.0000;910.0552;10966.3887
38.0909;185.6050;0.0000;912.9307;10973.3887
37.1407;186.6050;0.0000;913.8063;10980.3887
37.1656;187.5801;0.0000;911.0303;10987.3887
37.1905;188.5552;0.0000;911.9307;10994.3887
36.2403;189.5552;0.0000;911.8561;11001.3896
36.2403;190.5303;0.0000;911.0303;11008.3887
36.2652;192.4805;0.0000;911.8561;11015.3887
36.2901;193.4557;0.0000;909.9805;11022.3887
36.3149;194.4557;0.0000;912.9805;11029.3887
35.3398;195.4308;11.7013;912.8063;11036.3887
35.3647;197.3810;0.0000;908.9556;11043.3887
35.3896;198.3810;11.7013;910.0054;11050.3887
35.4145;199.3561;0.0000;912.8312;11057.3887
35.4394;201.3063;0.0000;908.9307;11064.3887
35.4643;202.3063;0.0000;912.9058;11071.3887
35.4643;203.2814;0.0000;909.9307;11079.3633
35.4892;205.2565;11.7013;910.9556;11086.3643
34.5390;206.2316;0.0000;910.8810;11093.3643
34.5639;207.2316;11.7013;909.9307;11100.3633
34.5888;209.1818;0.0000;910.0552;11107.3643
34.6136;210.1570;0.0000;913.7316;11114.3887
34.6385;211.1320;0.0000;909.9307;11121.3887
34.6634;213.1072;0.0000;910.9058;11128.3887
34.6883;214.0823;11.7013;911.6569;11135.3887
34.6883;215.0574;0.0000;909.9059;11142.3896
34.7132;216.0325;11.7013;910.8561;11149.3887
34.7381;217.0325;0.0000;909.8561;11156.3887
34.7630;218.0076;0.0000;909.9059;11163.3887
34.7879;218.9827;11.7013;910.8063;11170.3887
34.8128;219.9578;0.0000;909.8063;11177.3887
34.8377;220.9578;0.0000;910.9058;11184.3887
34.8626;221.9329;0.0000;912.6569;11191.3887
34.8626;222.9080;0.0000;907.8311;11198.3887
34.8875;223.8831;0.0000;914.7814;11205.3887
34.9123;224.8831;0.0000;911.7316;11212.3887
34.9372;225.8582;0.0000;910.8312;11219.3887
34.9372;226.8333;0.0000;912.7565;11226.3896
33.9870;227.8085;0.2987;909.7814;11233.3887
34.0119;228.7836;0.0000;913.8063;11240.3887
34.0368;229.7587;0.0000;912.7067;11247.3887
34.0617;230.7587;0.0000;911.7316;11254.3887
34.0617;231.7338;0.0000;914.7814;11262.3643
34.1115;232.7089;0.0000;916.6320;11269.3633
34.1364;232.7089;0.0000;913.7316;11276.3643
34.1613;233.7089;0.0000;916.7067;11283.3643
34.1862;234.6840;0.0000;918.4578;11290.3633
34.2359;235.6591;0.0000;913.7565;11297.3887
34.2608;236.6591;0.0000;916.6569;11304.3887
34.2857;237.6342;0.0000;916.6071;11311.3887
34.3355;238.6093;0.0000;916.7067;11318.3887
34.3604;239.6093;0.0000;918.5573;11325.3887
34.3853;240.5844;0.0000;918.5076;11332.3887
34.4351;240.5844;0.0000;918.6071;11339.3887
34.4600;241.5596;0.0000;919.4329;11346.3887
35.4849;242.5595;0.0000;918.4827;11353.3887
35.5098;244.5098;0.0000;919.2835;11360.3887
35.5595;245.5098;0.0000;922.2836;11367.3896
35.6093;246.4849;0.0000;916.5574;11374.3887
35.6591;247.4849;0.0000;922.3831;11381.3887
35.6840;248.4600;0.0000;920.2587;11388.3887
36.7089;249.4351;0.0000;920.4080;11395.3887
36.7587;250.4351;0.0000;924.2338;11402.3887
36.8085;251.4102;0.0000;919.3582;11409.3887
36.8582;252.3853;0.2987;921.4329;11416.3896
37.8831;253.3604;0.0000;924.1591;11423.3887
37.9329;254.3355;0.0000;921.2836;11430.3887
37.9578;255.3106;0.0000;924.3084;11437.3887
38.9827;257.2608;0.0000;926.1093;11445.3633
39.0325;258.2359;0.0000;923.2587;11452.3643
40.0574;259.2111;0.0000;926.1342;11459.3643
40.1072;260.1862;0.0000;927.0844;11466.3643
40.1569;261.1613;0.0000;924.2338;11473.3643
41.1818;262.1364;0.0000;929.0595;11480.3633
41.2316;263.1115;0.2987;925.1342;11487.3887
41.2814;264.0866;11.7013;927.1840;11494.3887
42.3063;265.0617;0.0000;931.9351;11501.3887
42.3561;266.0368;0.0000;930.0097;11508.3896
42.4059;267.0119;0.0000;930.9848;11515.3887
43.4308;267.9621;0.0000;930.9102;11522.3887
43.4805;268.9372;0.0000;929.9848;11529.3887
43.5303;269.8875;0.2987;930.0346;11536.3887
44.5552;270.8626;0.0000;927.9102;11543.3887
44.6050;272.7879;0.0000;930.0097;11550.3887
44.6548;273.7630;0.2987;929.9600;11557.3896
45.6797;274.7381;0.0000;929.8853;11564.3887
45.7295;275.6883;0.0000;929.0346;11571.3887
46.7543;276.6634;0.0000;931.8853;11578.3887
46.8041;277.6385;0.0000;928.9600;11585.3887
47.8290;278.5888;0.0000;932.9600;11592.3887
47.8788;279.5639;0.0000;934.7857;11599.3887
47.9286;280.5390;0.0000;932.9102;11606.3896
48.9286;281.4892;0.0000;933.9102;11613.3887
48.9784;283.4394;0.0000;931.8355;11620.3887
49.0282;284.3896;0.0000;930.9848;11627.3887
50.0282;285.3647;0.2987;933.9102;11635.3633
50.0779;286.3150;0.0000;931.9102;11642.3643
51.1028;287.2901;0.0000;930.0346;11649.3643
51.1277;288.2403;0.0000;933.7608;11656.3643
52.1526;289.2154;0.0000;932.8106;11663.3643
52.2024;291.1407;0.0000;931.9600;11670.3887
53.2024;292.1158;0.0000;933.8106;11677.3887
54.2273;293.0660;0.0000;929.9351;11684.3887
54.2771;295.0163;0.0000;932.9600;11691.3887
55.2771;295.9914;0.0000;933.8106;11698.3896
56.2771;296.9416;0.0000;932.8853;11705.3887
56.3269;298.8918;0.0000;933.8853;11712.3887
57.3269;299.8669;0.0000;932.8106;11719.3887
57.3518;301.7922;0.0000;930.9848;11726.3887
58.3518;302.7673;0.0000;932.8604;11733.3887
59.3518;303.7424;0.0000;928.9102;11740.3887
59.3766;305.6926;0.0000;932.9600;11747.3896
60.4015;306.6429;0.0000;933.7608;11754.3887
61.4015;307.6180;0.0000;931.8853;11761.3887
62.4015;309.5682;0.0000;930.9848;11768.3887
63.4015;310.5433;0.0000;932.7857;11775.3887
64.4015;311.4935;0.0000;929.0346;11782.3887
64.4264;313.4437;0.2987;932.9102;11789.3887
65.4264;314.4189;11.7013;932.8106;11796.3887
66.4264;315.3940;0.0000;929.9600;11803.3887
67.4264;317.3193;0.0000;929.9351;11810.3887
68.4513;318.2944;0.0000;929.8853;11818.3643
69.4513;319.2695;0.0000;929.0346;11825.3633
69.4762;320.2446;0.0000;931.8106;11832.3643
70.4762;322.1948;0.0000;929.9848;11839.3643
71.4762;323.1699;0.0000;930.9848;11846.3633
72.5011;324.1450;0.0000;932.7857;11853.3887
73.5011;326.0952;0.0000;931.9102;11860.3887
74.5011;327.0455;0.0000;933.8853;11867.3887
75.5011;328.0206;0.0000;931.8106;11874.3887
76.5011;328.9957;0.0000;930.0097;11881.3887
77.5011;329.9459;0.0000;932.8604;11888.3896
78.5011;331.8961;0.0000;930.8354;11895.3887
79.5011;332.8712;0.2987;932.9102;11902.3887
80.4762;333.8463;0.0000;931.8106;11909.3887
81.4762;334.7965;0.0000;929.9102;11916.3887
82.4762;335.7716;0.0000;929.9848;11923.3887
83.4762;336.7219;0.0000;933.7608;11930.3887
84.4762;337.6970;0.0000;928.8853;11937.3887
84.5011;338.6721;0.0000;932.8853;11944.3887
85.5011;339.6223;0.0000;930.7857;11951.3887
86.5011;340.5974;0.0000;929.9351;11958.3887
87.5011;341.5476;0.0000;931.8853;11965.3887
87.5260;341.5476;0.0000;929.8604;11972.3896
88.5260;342.4979;0.0000;929.9848;11979.3887
89.5260;343.4730;0.0000;931.7857;11986.3887
89.5509;344.4481;0.0000;926.9351;11993.3887
90.5509;344.4232;0.0000;930.0346;12001.3633
90.5758;345.3983;0.0000;931.8106;12008.3643
91.6007;346.3485;0.0000;929.9600;12015.3633
92.6007;347.3236;0.0000;931.9351;12022.3643
92.6256;348.2738;0.0000;931.8106;12029.3643
93.6256;349.2489;0.0000;929.0097;12036.3633
94.6256;350.1991;0.0000;929.9848;12043.3887
95.6256;351.1743;0.0000;929.8853;12050.3887
96.6256;351.1494;0.0000;928.9600;12057.3887
97.6256;353.0996;0.0000;930.8105;12064.3896
98.6505;353.0747;0.0000;927.0098;12071.3887
99.6505;354.0249;0.0000;929.9848;12078.3887
100.6505;354.0249;0.0000;929.8604;12085.3887
101.6753;354.9751;0.0000;928.9600;12092.3887
103.6505;355.9253;0.0000;929.9600;12099.3887
104.6505;356.8755;0.0000;929.8604;12106.3887
105.6754;357.8258;0.0000;928.9849;12113.3896
106.6754;357.8258;0.0000;929.9351;12120.3887
107.7002;358.7760;0.0000;926.9351;12127.3887
109.6753;359.7262;0.0000;929.9848;12134.3887
110.7002;359.7013;0.0000;931.8604;12141.3887
112.7002;360.6515;0.0000;929.8853;12148.3887
114.6754;361.6017;0.0000;928.0595;12155.3887
115.6753;361.5768;0.0000;931.8106;12162.3896
117.6753;362.5022;0.0000;927.9351;12169.3887
119.6754;362.4773;0.0000;930.0097;12176.3887
120.6753;363.4275;0.0000;930.7857;12184.3643
122.6754;364.3777;0.0000;928.0098;12191.3633
123.6753;365.3279;0.0000;930.9351;12198.3643
125.6753;366.2781;0.0000;929.8604;12205.3643
126.6753;366.2284;0.0000;929.9351;12212.3643
128.6505;367.1786;0.0000;931.8604;12219.3643
129.6754;368.1288;0.0000;929.8604;12226.3887
131.6505;369.0541;0.0000;930.0097;12233.3887
132.6505;370.0043;0.0000;932.7608;12240.3887
134.6505;369.9546;0.0000;929.9102;12247.3887
135.6505;370.9048;0.0000;929.0097;12254.3896
137.6256;371.8550;0.0000;931.7609;12261.3887
139.6007;371.8052;0.0000;929.9351;12268.3887
141.6007;372.7554;0.0000;932.8604;12275.3887
142.6007;372.7057;0.0000;931.7609;12282.3887
144.5758;373.6559;0.0000;929.9351;12289.3887
146.5509;373.6061;0.0000;934.8106;12296.3887
148.5260;374.5314;0.2987;930.8604;12303.3896
150.5260;375.4816;0.0000;931.8853;12310.3887
151.5260;375.4318;0.0000;934.7110;12317.3887
153.5011;376.3820;0.0000;932.7857;12324.3887
155.5011;376.3322;0.0000;932.9102;12331.3887
157.4762;377.2576;0.0000;930.7857;12338.3887
159.4513;377.2327;0.0000;931.8604;12345.3887
161.4264;378.1580;0.0000;932.9102;12352.3896
163.4016;378.1082;0.0000;932.7111;12359.3887
165.3766;379.0335;0.0000;931.8853;12366.3887
166.3766;378.9838;0.0000;934.7359;12374.3643
168.3269;378.9589;0.0000;932.7857;12381.3633
170.3020;378.9091;0.0000;932.8604;12388.3643
171.3269;379.8344;0.0000;935.6861;12395.3643
173.3020;379.8095;0.0000;933.7608;12402.3643
174.3020;380.7349;0.0000;932.9102;12409.3887
176.2771;380.7100;0.0000;935.7359;12416.3887
177.2771;381.6353;0.0000;932.8106;12423.3887
179.2522;381.5855;0.0000;934.8106;12430.3887
181.2273;381.5606;0.0000;935.6613;12437.3887
182.2273;381.5108;0.0000;934.7608;12444.3896
184.2024;381.4610;0.0000;936.7608;12451.3887
186.1775;382.3864;0.0000;937.6364;12458.3887
187.1526;382.3615;0.0000;935.8105;12465.3887
189.1277;382.3117;0.0000;936.6861;12472.3887
191.1028;383.2370;0.0000;935.7110;12479.3887
192.1028;383.1872;0.0000;935.8354;12486.3887
194.0779;383.1624;0.0000;937.6613;12493.3896
195.0780;383.1125;0.0000;932.8106;12500.3887
197.0531;384.0628;0.2987;937.7857;12507.3887
198.0531;384.0130;0.0000;938.6115;12514.3887
199.0282;383.9632;0.0000;934.8106;12521.3887
201.0033;383.9383;0.0000;937.7360;12528.3887
202.0033;384.8636;0.0000;937.6364;12535.3887
203.9535;384.8138;0.0000;933.7857;12542.3887
204.9535;384.7889;0.0000;936.7359;12549.3887
205.9535;384.7392;0.0000;937.6862;12557.3633
207.9037;384.6894;0.0000;938.7857;12564.3643
208.9037;384.6396;0.0000;940.5865;12571.3633
210.8539;384.6147;0.0000;938.7111;12578.3643
211.8539;384.5649;0.0000;939.7608;12585.3643
213.8041;384.5151;0.0000;940.5865;12592.3633
214.8041;384.4902;0.0000;937.8106;12599.3887
215.7792;384.4405;0.0000;941.7110;12606.3887
217.7543;384.3907;0.0000;940.6613;12613.3887
218.7295;384.3658;0.0000;938.8355;12620.3887
220.6797;384.3160;0.0000;941.7608;12627.3887
221.6548;384.2662;0.0000;938.8604;12634.3896
223.6050;384.2164;0.0000;939.9102;12641.3887
225.5303;384.1667;0.0000;940.7857;12648.3887
226.5054;384.1169;0.2987;939.8355;12655.3887
228.4308;384.0671;0.0000;941.9599;12662.3887
230.3810;384.0173;0.2987;942.7110;12669.3896
231.3561;383.9924;0.0000;940.8853;12676.3887
233.2814;383.9426;0.2987;943.9102;12683.3887
235.2316;383.9177;0.2987;941.7359;12690.3887
237.1818;382.8929;0.2987;941.8604;12697.3887
238.1321;382.8680;0.0000;942.8354;12704.3887
240.0823;382.8431;0.2987;942.7359;12711.3887
242.0325;382.7933;0.0000;941.9599;12718.3896
243.0076;381.7933;0.0000;943.7111;12725.3887
244.9578;381.7684;0.0000;943.7360;12732.3887
246.8831;380.7435;0.0000;944.5617;12740.3643
248.8333;380.7186;0.0000;946.8354;12747.3633
250.7836;380.6937;0.0000;943.9849;12754.3643
252.7338;379.6937;0.0000;946.0595;12761.3633
253.6840;379.6688;0.0000;946.8604;12768.3643
255.6342;378.6440;0.0000;945.0346;12775.3643
257.5844;378.6440;0.0000;948.9350;12782.3887
259.5346;377.6439;0.0000;948.8354;12789.3887
260.5098;377.6190;0.0000;947.0346;12796.3887
263.4351;376.6190;0.0000;949.8853;12803.3887
265.3853;375.6440;0.0000;950.8604;12810.3896
266.3604;375.6190;0.0000;949.0097;12817.3887
268.3106;374.6190;0.0000;950.8604;12824.3887
270.2608;373.6439;0.0000;948.9350;12831.3887
271.2359;373.6190;0.0000;951.9600;12838.3887
273.1862;372.6440;0.0000;952.8106;12845.3887
275.1364;371.6688;0.0000;949.9600;12852.3887
276.1115;370.6937;0.0000;952.7857;12859.3896
278.0617;369.7186;0.0000;951.3875;12866.3887
279.0368;368.7435;11.7013;949.5660;12873.3887
280.9622;367.7684;0.0000;952.1721;12880.3887
282.9124;366.7933;11.7013;947.6082;12887.3887
283.8875;365.7933;0.0000;936.1785;12894.3887
275.9556;359.8149;0.0000;940.9794;12572.0693
276.9307;358.8398;0.0000;939.0292;12578.8955
278.8809;357.8647;0.0000;940.9794;12585.7207
280.8311;355.9145;0.0000;940.9794;12592.5469
281.8062;354.9394;0.0000;939.0292;12600.3477
283.7565;353.9643;0.0000;940.9794;12607.1729
285.7067;352.9891;0.0000;941.9545;12613.9990
286.6818;352.0140;0.0000;940.9794;12620.8252
288.6320;351.0389;0.0000;942.9296;12627.6504
289.6071;350.0638;0.0000;940.9794;12634.4766
291.5573;349.0887;0.0000;943.9047;12641.3018
293.5075;348.1136;0.0000;945.8549;12648.1279
295.4578;346.1634;0.0000;941.9545;12654.9531
297.4080;345.1883;0.0000;943.9047;12661.7793
298.3831;344.2132;0.0000;946.8300;12668.6055
300.3333;342.2630;0.0000;941.9545;12675.4307
302.2835;341.2878;0.0000;946.8300;12682.2568
303.2586;340.3127;0.0000;946.8300;12689.0820
305.2089;339.3376;0.0000;943.9047;12695.9082
306.1840;337.3874;0.0000;946.8300;12702.7334
308.1342;337.3874;0.0000;943.9047;12709.5596
309.1093;335.4372;0.0000;942.9296;12716.3857
311.0595;335.4372;0.0000;948.7802;12723.2109
312.0346;334.4621;0.0000;944.8798;12730.0371
313.9848;333.4870;0.0000;946.8300;12736.8623
314.9599;332.5119;0.0000;946.8300;12743.6885
316.9102;330.5617;0.0000;944.8798;12750.5137
318.8604;329.5865;0.0000;946.8300;12757.3398
320.8106;328.6115;0.0000;946.8300;12764.1660
321.7857;326.6612;0.0000;946.8300;12770.9912
323.7359;324.7110;0.0000;949.7553;12778.7920
325.6861;323.7359;0.0000;947.8051;12785.6182
326.6612;321.7857;0.0000;948.7802;12792.4434
327.6364;320.8106;0.0000;952.6807;12799.2695
329.5865;319.8355;0.0000;946.8300;12806.0957
330.5617;318.8604;0.0000;949.7553;12812.9209
331.5368;316.9102;0.0000;948.7802;12819.7471
333.4870;315.9350;11.7013;948.7802;12826.5723
334.4621;314.9599;0.0000;950.7305;12833.3984
335.4372;313.9848;11.7013;950.7305;12840.2236
336.4123;312.0346;0.0000;948.7802;12847.0498
338.3625;311.0595;0.0000;950.7305;12853.8760
339.3376;309.1093;0.0000;949.7553;12860.7012
340.3127;308.1342;0.0000;949.7553;12867.5273
341.2878;307.1591;0.0000;952.6807;12874.3525
343.2381;305.2089;0.0000;947.8051;12881.1787
344.2132;304.2337;0.0000;950.7305;12888.0039
345.1883;302.2835;0.0000;952.6807;12894.8301
346.1634;300.3333;0.0000;948.7802;12901.6562
347.1385;298.3831;0.0000;952.6807;12908.4814
349.0887;296.4329;0.0000;951.7056;12915.3076
350.0638;294.4827;0.0000;948.7802;12922.1328
352.0140;292.5324;0.0000;952.6807;12928.9590
352.9891;290.5822;0.0000;951.7056;12935.7852
354.9394;288.6320;0.0000;950.7305;12942.6104
355.9145;287.6569;0.0000;953.6558;12949.4365
356.8896;285.7067;0.0000;951.7056;12957.2373
357.8647;284.7316;0.0000;952.6807;12964.0625
358.8398;283.7565;0.0000;953.6558;12970.8887
360.7900;281.8062;0.0000;950.7305;12977.7139
360.7900;280.8311;0.0000;952.6807;12984.5400
361.7651;279.8560;0.0000;953.6558;12991.3662
362.7402;277.9058;0.0000;952.6807;12998.1914
363.7153;276.9307;0.0000;955.6060;13005.0176
364.6905;274.9805;0.0000;954.6309;13011.8428
365.6656;273.0303;0.0000;953.6558;13018.6689
366.6407;272.0552;11.7013;955.6060;13025.4941
366.6407;270.1049;0.0000;955.6060;13032.3203
367.6158;268.1548;11.7013;955.6060;13039.1465
368.5909;267.1796;0.0000;957.5562;13045.9717
369.5660;265.2294;0.0000;955.6060;13052.7979
369.5660;263.2792;0.0000;957.5562;13059.6230
371.5162;262.3041;0.0000;957.5562;13066.4492
371.5162;260.3539;0.0000;948.7802;13073.2754
372.4913;258.4037;0.0000;958.5313;13080.1006
373.4664;256.4534;0.0000;959.5064;13086.9268
374.4415;255.4783;0.0000;958.5313;13093.7520
374.4415;253.5281;0.0000;960.4815;13100.5781
375.4166;251.5779;0.0000;958.5313;13107.4033
376.3918;249.6277;0.0000;959.5064;13114.2295
377.3669;248.6526;0.0000;961.4566;13121.0557
377.3669;246.7024;0.0000;958.5313;13127.8809
378.3419;245.7272;0.0000;957.5562;13134.7070
379.3171;244.7522;0.0000;960.4815;13142.5078
380.2922;242.8019;0.0000;958.5313;13149.3330
380.2922;241.8268;0.0000;957.5562;13156.1592
381.2673;240.8517;0.0000;959.5064;13162.9854
382.2424;238.9015;0.0000;958.5313;13169.8105
382.2424;237.9264;0.0000;959.5064;13176.6367
383.2175;235.9762;0.0000;958.5313;13183.4619
384.1926;235.0011;0.0000;961.4566;13190.2881
384.1926;233.0508;0.0000;963.4069;13197.1133
384.1926;231.1006;0.0000;958.5313;13203.9395
384.1926;230.1255;0.0000;959.5064;13210.7656
385.1677;228.1753;0.0000;961.4566;13217.5908
385.1677;227.2002;0.0000;958.5313;13224.4170
385.1677;225.2500;0.0000;958.5313;13231.2422
386.1428;223.2998;11.7013;960.4815;13238.0684
386.1428;222.3247;0.0000;959.5064;13244.8936
387.1179;220.3744;11.7013;958.5313;13251.7197
387.1179;219.3993;0.0000;956.5811;13258.5459
387.1179;218.4242;0.0000;956.5811;13265.3711
388.0930;217.4491;0.0000;955.6060;13272.1973
388.0930;217.4491;11.7013;956.5811;13279.0225
388.0930;216.4740;0.0000;958.5313;13285.8486
388.0930;215.4989;11.7013;958.5313;13292.6738
388.0930;215.4989;0.0000;955.6060;13299.5000
388.0930;214.5238;0.0000;956.5811;13306.3262
388.0930;213.5487;0.0000;952.6807;13313.1514
388.0930;211.5985;0.0000;945.8549;13320.9521
388.0930;210.6234;0.0000;957.5562;13327.7783
389.0681;209.6483;0.0000;942.9296;13334.6035
389.0681;207.6980;0.0000;949.7553;13341.4297
389.0681;206.7229;0.0000;949.7553;13348.2559
389.0681;205.7478;0.0000;945.8549;13355.0811
390.0433;204.7727;0.0000;946.8300;13361.9072
390.0433;203.7976;0.0000;948.7802;13368.7324
390.0433;202.8225;0.0000;944.8798;13375.5586
390.0433;201.8474;0.0000;946.8300;13382.3838
390.0433;200.8723;0.0000;946.8300;13389.2100
390.0433;199.8972;0.0000;941.9545;13396.0361
390.0433;198.9221;0.0000;943.9047;13402.8613
391.0184;197.9470;0.0000;941.9545;13409.6875
391.0184;196.9718;0.0000;940.0043;13416.5127
391.0184;195.9967;0.0000;939.0292;13423.3389
391.0184;195.9967;0.0000;939.0292;13430.1641
391.0184;195.9967;0.0000;940.9794;13436.9902
391.0184;195.9967;0.0000;942.9296;13443.8164
391.0184;195.9967;0.0000;939.0292;13450.6416
391.0184;195.0216;0.0000;940.0043;13457.4678
391.0184;195.0216;0.0000;938.0540;13464.2930
391.0184;195.0216;0.0000;933.1785;13471.1191
391.0184;195.0216;0.0000;926.3527;13477.9443
390.0433;195.0216;0.0000;914.6514;13484.7705
390.0433;195.0216;0.0000;899.0497;13491.5967
390.0433;195.0216;0.0000;887.3484;13499.3975
390.0433;195.0216;0.0000;860.0454;13506.2227
390.0433;195.0216;0.0000;818.1157;13513.0488
390.0433;195.0216;0.0000;756.6839;13519.8740
390.0433;195.0216;11.7013;628.9448;13526.7002
389.0681;195.0216;23.4026;386.1428;13533.5264
389.0681;195.0216;35.1039;184.2954;13540.3516
598.7164;-15.6017;0.0000;388.0930;14479.3809
598.7164;-16.5768;0.0000;391.0184;14486.2070
598.7164;-16.5768;0.0000;391.9935;14493.0322
598.7164;-16.5768;0.0000;413.4459;14499.8584
598.7164;-16.5768;0.0000;441.7240;14506.6836
598.7164;-16.5768;0.0000;453.4253;14513.5098
598.7164;-16.5768;0.0000;450.5000;14520.3350
598.7164;-16.5768;0.0000;433.9231;14527.1611
598.7164;-15.6017;0.0000;386.1428;14533.9873
598.7164;-15.6017;0.0000;146.2662;14540.8125
