213.0000;205.0000;0.0000;15.0000;1351716.0000
213.0000;205.0000;0.0000;47.0000;1351725.0000
213.0000;205.0000;0.0000;68.0000;1351734.0000
213.0000;205.0000;0.0000;84.0000;1351743.1250
214.0000;205.0000;0.0000;88.0000;1351752.0000
214.0000;205.0000;0.0000;97.0000;1351761.0000
214.0000;205.0000;0.0000;123.0000;1351770.0000
214.0000;204.0000;0.0000;148.0000;1351779.0000
214.0000;204.0000;0.0000;175.0000;1351788.0000
214.0000;204.0000;0.0000;207.0000;1351797.1250
214.0000;204.0000;0.0000;236.0000;1351806.0000
214.0000;204.0000;0.0000;272.0000;1351815.0000
214.0000;204.0000;0.0000;304.0000;1351824.0000
214.0000;204.0000;0.0000;327.0000;1351833.0000
214.0000;204.0000;0.0000;355.0000;1351842.0000
214.0000;204.0000;0.0000;381.0000;1351851.0000
214.0000;204.0000;0.0000;405.0000;1351860.1250
214.0000;204.0000;0.0000;429.0000;1351869.0000
214.0000;204.0000;0.0000;446.0000;1351878.0000
214.0000;204.0000;0.0000;465.0000;1351887.0000
214.0000;204.0000;0.0000;482.0000;1351896.0000
214.0000;204.0000;0.0000;488.0000;1351905.0000
214.0000;204.0000;0.0000;505.0000;1351914.1250
214.0000;204.0000;0.0000;517.0000;1351923.0000
214.0000;204.0000;0.0000;525.0000;1351932.0000
214.0000;204.0000;0.0000;542.0000;1351941.0000
214.0000;204.0000;0.0000;553.0000;1351950.0000
214.0000;203.0000;0.0000;561.0000;1351959.0000
214.0000;203.0000;0.0000;580.0000;1351968.1250
215.0000;203.0000;0.0000;590.0000;1351977.1250
215.0000;203.0000;0.0000;602.0000;1351986.0000
215.0000;203.0000;0.0000;610.0000;1351995.0000
215.0000;203.0000;0.0000;611.0000;1352004.0000
215.0000;203.0000;0.0000;620.0000;1352013.0000
215.0000;203.0000;0.0000;623.0000;1352022.0000
215.0000;203.0000;0.0000;620.0000;1352031.1250
215.0000;203.0000;0.0000;625.0000;1352040.0000
214.0000;203.0000;0.0000;625.0000;1352049.0000
214.0000;203.0000;0.0000;620.0000;1352058.0000
214.0000;204.0000;0.0000;623.0000;1352067.0000
213.0000;204.0000;0.0000;624.0000;1352076.0000
213.0000;204.0000;0.0000;623.0000;1352085.1250
213.0000;205.0000;0.0000;629.0000;1352094.0000
212.0000;205.0000;0.0000;627.0000;1352103.0000
212.0000;205.0000;0.0000;629.0000;1352112.0000
212.0000;206.0000;0.0000;635.0000;1352121.0000
212.0000;206.0000;0.0000;632.0000;1352130.0000
212.0000;206.0000;0.0000;638.0000;1352139.1250
211.0000;206.0000;0.0000;641.0000;1352148.1250
211.0000;207.0000;0.0000;638.0000;1352157.0000
211.0000;207.0000;0.0000;640.0000;1352166.0000
211.0000;208.0000;12.0000;645.0000;1352175.0000
211.0000;208.0000;12.0000;655.0000;1352184.0000
211.0000;208.0000;0.0000;651.0001;1352193.0000
211.0000;209.0000;12.0000;648.0000;1352202.1250
211.0000;209.0000;0.0000;650.0000;1352211.0000
211.0000;209.0000;0.0000;654.0000;1352220.0000
211.0000;210.0000;12.0000;647.0001;1352229.0000
211.0000;210.0000;0.0000;652.0000;1352238.0000
211.0000;210.0000;0.0000;655.0000;1352247.0000
211.0000;210.0000;0.0000;653.0000;1352256.1250
211.0000;211.0000;0.0000;661.0000;1352265.0000
211.0000;211.0000;0.0000;664.0001;1352274.0000
211.0000;211.0000;0.0000;665.0000;1352283.0000
211.0000;212.0000;0.0000;672.0000;1352292.0000
211.0000;212.0000;0.0000;671.0000;1352301.0000
211.0000;212.0000;0.0000;672.0000;1352310.1250
211.0000;212.0000;0.0000;680.0000;1352319.1250
211.0000;213.0000;0.0000;672.0000;1352328.0000
211.0000;213.0000;0.0000;680.0000;1352337.0000
211.0000;213.0000;0.0000;684.0000;1352346.0000
211.0000;214.0000;0.0000;682.0000;1352355.0000
211.0000;214.0000;0.0000;690.0001;1352364.0000
212.0000;214.0000;0.0000;693.0000;1352373.1250
212.0000;215.0000;0.0000;695.0000;1352382.0000
212.0000;215.0000;0.0000;702.0000;1352391.0000
212.0000;215.0000;0.0000;702.0000;1352400.0000
212.0000;215.0000;0.0000;705.0001;1352409.0000
213.0000;216.0000;0.0000;711.0000;1352418.0000
213.0000;216.0000;0.0000;705.0001;1352427.1250
213.0000;217.0000;0.0000;711.0000;1352436.0000
214.0000;217.0000;0.0000;715.0000;1352445.0000
214.0000;217.0000;0.0000;711.0000;1352454.0000
215.0000;218.0000;0.0000;716.0001;1352463.0000
215.0000;218.0000;0.0000;717.0000;1352472.0000
216.0000;218.0000;0.0000;716.0001;1352481.1250
216.0000;219.0000;0.0000;723.0000;1352490.1250
217.0000;219.0000;0.0000;723.0000;1352499.0000
217.0000;219.0000;0.0000;726.0000;1352508.0000
218.0000;220.0000;0.0000;732.0000;1352517.0000
219.0000;220.0000;0.0000;731.0001;1352526.0000
219.0000;220.0000;0.0000;739.0000;1352535.0000
220.0000;220.0000;0.0000;745.0000;1352544.1250
221.0000;221.0000;0.0000;742.0001;1352553.0000
222.0000;221.0000;0.0000;747.0000;1352562.0000
223.0000;221.0000;0.0000;749.0000;1352571.0000
224.0000;221.0000;0.0000;748.0000;1352580.0000
225.0000;221.0000;0.0000;752.0000;1352589.0000
225.0000;221.0000;0.0000;750.0000;1352598.1250
226.0000;222.0000;0.0000;753.0000;1352607.0000
227.0000;222.0000;0.0000;757.0001;1352616.0000
228.0000;222.0000;0.0000;753.0000;1352625.0000
229.0000;222.0000;0.0000;759.0001;1352634.0000
230.0000;222.0000;0.0000;761.0001;1352643.0000
231.0000;222.0000;0.0000;756.0000;1352652.1250
231.0000;222.0000;0.0000;759.0001;1352661.1250
232.0000;222.0000;0.0000;759.0001;1352670.0000
233.0000;222.0000;0.0000;757.0001;1352679.0000
233.0000;222.0000;0.0000;761.0001;1352688.0000
234.0000;222.0000;0.0000;759.0001;1352697.0000
235.0000;223.0000;0.0000;760.0000;1352706.0000
235.0000;223.0000;0.0000;763.0000;1352715.1250
236.0000;223.0000;0.0000;760.0000;1352724.0000
237.0000;223.0000;0.0000;765.0000;1352733.0000
237.0000;223.0000;0.0000;770.0001;1352742.0000
238.0000;223.0000;0.0000;762.0000;1352751.0000
238.0000;223.0000;0.0000;769.0000;1352760.0000
239.0000;223.0000;0.0000;772.0001;1352769.1250
239.0000;223.0000;0.0000;769.0000;1352778.0000
240.0000;223.0000;0.0000;776.0000;1352787.0000
241.0000;223.0000;0.0000;776.0000;1352796.0000
241.0000;223.0000;0.0000;775.0000;1352806.1250
242.0000;223.0000;0.0000;781.0000;1352815.0000
242.0000;223.0000;0.0000;779.0000;1352824.0000
243.0000;222.0000;0.0000;783.0001;1352833.0000
244.0000;222.0000;0.0000;789.0000;1352842.0000
245.0000;222.0000;0.0000;782.0000;1352851.0000
245.0000;222.0000;0.0000;788.0000;1352860.0000
246.0000;221.0000;0.0000;792.0000;1352869.1250
247.0000;221.0000;0.0000;786.0000;1352878.0000
247.0000;221.0000;0.0000;792.0000;1352887.0000
248.0000;221.0000;0.0000;785.0001;1352896.0000
249.0000;220.0000;0.0000;792.0000;1352905.0000
249.0000;220.0000;0.0000;800.0001;1352914.0000
249.0000;220.0000;0.0000;799.0000;1352923.1250
250.0000;220.0000;0.0000;801.0000;1352932.0000
250.0000;220.0000;0.0000;809.0001;1352941.0000
251.0000;219.0000;0.0000;802.0001;1352950.0000
252.0000;219.0000;0.0000;807.0000;1352959.0000
252.0000;218.0000;0.0000;812.0000;1352968.0000
253.0000;218.0000;0.0000;808.0000;1352977.1250
254.0000;218.0000;0.0000;812.0000;1352986.0000
254.0000;217.0000;0.0000;812.0000;1352995.0000
255.0000;217.0000;0.0000;813.0001;1353004.0000
255.0000;216.0000;0.0000;818.0000;1353013.0000
256.0000;216.0000;0.0000;821.0000;1353022.0000
256.0000;215.0000;0.0000;825.0000;1353031.0000
257.0000;215.0000;0.0000;833.0000;1353040.1250
257.0000;215.0000;0.0000;827.0000;1353049.0000
257.0000;214.0000;0.0000;835.0000;1353058.0000
258.0000;214.0000;0.0000;841.0001;1353067.0000
258.0000;213.0000;0.0000;834.0000;1353076.0000
259.0000;213.0000;12.0000;839.0001;1353085.0000
259.0000;212.0000;0.0000;839.0001;1353094.1250
260.0000;212.0000;0.0000;837.0001;1353103.0000
261.0000;211.0000;12.0000;843.0001;1353112.0000
261.0000;211.0000;0.0000;842.0000;1353121.0000
262.0000;210.0000;0.0000;842.0000;1353130.0000
262.0000;209.0000;12.0000;849.0000;1353139.0000
263.0000;209.0000;0.0000;845.0000;1353148.1250
263.0000;208.0000;0.0000;854.0001;1353157.1250
263.0000;207.0000;0.0000;840.0000;1353166.0000
264.0000;206.0000;0.0000;872.0000;1353175.0000
264.0000;206.0000;0.0000;880.0001;1353184.0000
265.0000;205.0000;0.0000;882.0001;1353193.0000
265.0000;204.0000;0.0000;884.0001;1353202.0000
265.0000;203.0000;0.0000;887.0000;1353211.1250
266.0000;202.0000;0.0000;891.0001;1353220.0000
266.0000;202.0000;0.0000;892.0000;1353229.0000
266.0000;201.0000;0.0000;897.0001;1353238.0000
267.0000;200.0000;0.0000;896.0000;1353247.0000
267.0000;199.0000;0.0000;903.0000;1353256.0000
267.0000;198.0000;0.0000;908.0001;1353265.1250
267.0000;197.0000;0.0000;901.0000;1353274.0000
267.0000;197.0000;0.0000;909.0000;1353283.0000
267.0000;196.0000;0.0000;913.0000;1353292.0000
267.0000;195.0000;0.0000;906.0001;1353301.0000
268.0000;194.0000;0.0000;914.0000;1353310.0000
268.0000;193.0000;0.0000;913.0000;1353319.1250
268.0000;193.0000;0.0000;912.0000;1353328.1250
268.0000;192.0000;0.0000;917.0001;1353337.0000
268.0000;191.0000;0.0000;913.0000;1353346.0000
268.0000;190.0000;0.0000;916.0000;1353355.0000
268.0000;189.0000;0.0000;922.0000;1353364.0000
268.0000;188.0000;0.0000;914.0000;1353373.0000
267.0000;187.0000;0.0000;920.0000;1353382.1250
267.0000;187.0000;0.0000;922.0000;1353391.0000
267.0000;186.0000;0.0000;920.0000;1353400.0000
267.0000;185.0000;0.0000;924.0000;1353409.0000
267.0000;184.0000;0.0000;921.0001;1353418.0000
267.0000;183.0000;0.0000;919.0001;1353427.0000
267.0000;182.0000;0.0000;924.0000;1353436.1250
267.0000;181.0000;0.0000;920.0000;1353445.0000
267.0000;181.0000;0.0000;924.0000;1353454.0000
267.0000;180.0000;0.0000;932.0001;1353463.0000
267.0000;179.0000;0.0000;924.0000;1353472.0000
266.0000;178.0000;0.0000;929.0000;1353481.0000
266.0000;177.0000;0.0000;932.0001;1353490.1250
266.0000;176.0000;0.0000;926.0000;1353499.1250
266.0000;176.0000;0.0000;936.0001;1353508.0000
265.0000;175.0000;0.0000;932.0001;1353517.0000
265.0000;174.0000;0.0000;932.0001;1353526.0000
265.0000;173.0000;0.0000;937.0000;1353535.0000
265.0000;172.0000;0.0000;936.0001;1353544.0000
265.0000;172.0000;0.0000;938.0001;1353553.1250
264.0000;171.0000;0.0000;939.0000;1353562.0000
264.0000;170.0000;0.0000;933.0000;1353571.0000
264.0000;169.0000;0.0000;940.0000;1353580.0000
263.0000;169.0000;0.0000;944.0000;1353589.0000
263.0000;168.0000;0.0000;937.0000;1353598.0000
263.0000;167.0000;0.0000;941.0000;1353607.1250
263.0000;166.0000;0.0000;941.0000;1353616.0000
262.0000;166.0000;0.0000;941.0000;1353625.0000
262.0000;165.0000;0.0000;945.0001;1353634.0000
262.0000;164.0000;0.0000;942.0000;1353643.0000
261.0000;163.0000;0.0000;945.0001;1353652.0000
261.0000;163.0000;0.0000;947.0001;1353661.1250
260.0000;162.0000;0.0000;941.0000;1353670.1250
260.0000;161.0000;0.0000;947.0001;1353679.0000
259.0000;161.0000;0.0000;950.0000;1353688.0000
259.0000;160.0000;0.0000;943.0000;1353697.0000
258.0000;159.0000;0.0000;948.0000;1353706.0000
258.0000;159.0000;0.0000;948.0000;1353715.0000
257.0000;158.0000;0.0000;942.0000;1353724.1250
257.0000;157.0000;12.0000;950.0000;1353733.0000
256.0000;157.0000;0.0000;949.0001;1353742.0000
256.0000;156.0000;0.0000;951.0001;1353751.0000
255.0000;156.0000;0.0000;953.0000;1353760.0000
255.0000;155.0000;0.0000;944.0000;1353769.0000
254.0000;155.0000;0.0000;950.0000;1353778.1250
253.0000;154.0000;0.0000;957.0000;1353787.0000
253.0000;154.0000;0.0000;947.0001;1353796.0000
252.0000;154.0000;0.0000;953.0000;1353805.0000
251.0000;153.0000;0.0000;953.0000;1353814.0000
251.0000;153.0000;0.0000;948.0000;1353823.0000
250.0000;153.0000;0.0000;954.0000;1353832.1250
249.0000;152.0000;0.0000;950.0000;1353841.1250
249.0000;152.0000;0.0000;953.0000;1353850.0000
248.0000;152.0000;0.0000;954.0000;1353859.0000
247.0000;151.0000;0.0000;946.0000;1353868.0000
247.0000;151.0000;0.0000;950.0000;1353877.0000
246.0000;151.0000;0.0000;954.0000;1353886.0000
245.0000;150.0000;0.0000;947.0001;1353895.1250
244.0000;150.0000;0.0000;951.0001;1353904.0000
243.0000;150.0000;0.0000;952.0000;1353913.0000
242.0000;150.0000;0.0000;947.0001;1353922.0000
241.0000;149.0000;0.0000;953.0000;1353931.0000
241.0000;149.0000;0.0000;950.0000;1353940.0000
240.0000;149.0000;0.0000;947.0001;1353949.1250
239.0000;149.0000;0.0000;952.0000;1353958.0000
238.0000;149.0000;0.0000;948.0000;1353967.0000
237.0000;148.0000;0.0000;950.0000;1353976.0000
236.0000;148.0000;0.0000;953.0000;1353985.0000
235.0000;148.0000;0.0000;947.0001;1353994.0000
235.0000;148.0000;0.0000;949.0001;1354003.1250
234.0000;148.0000;0.0000;951.0001;1354012.1250
233.0000;147.0000;0.0000;947.0001;1354021.0000
232.0000;147.0000;0.0000;952.0000;1354030.0000
232.0000;147.0000;0.0000;950.0000;1354039.0000
231.0000;147.0000;0.0000;948.0000;1354048.0000
230.0000;147.0000;0.0000;951.0001;1354057.0000
230.0000;147.0000;0.0000;947.0001;1354066.1250
229.0000;146.0000;0.0000;950.0000;1354075.0000
228.0000;146.0000;0.0000;955.0000;1354085.0000
227.0000;146.0000;0.0000;945.0001;1354094.0000
226.0000;146.0000;0.0000;950.0000;1354103.1250
225.0000;145.0000;0.0000;953.0000;1354112.0000
223.0000;145.0000;0.0000;943.0000;1354121.0000
222.0000;145.0000;0.0000;951.0001;1354130.0000
220.0000;144.0000;0.0000;947.0001;1354139.0000
219.0000;144.0000;0.0000;947.0001;1354148.0000
217.0000;144.0000;0.0000;952.0000;1354157.1250
216.0000;144.0000;0.0000;949.0001;1354166.0000
215.0000;144.0000;0.0000;946.0000;1354175.0000
213.0000;144.0000;0.0000;957.0000;1354184.0000
212.0000;144.0000;0.0000;945.0001;1354193.0000
211.0000;144.0000;0.0000;951.0001;1354202.0000
210.0000;144.0000;0.0000;955.0000;1354211.0000
209.0000;144.0000;0.0000;947.0001;1354220.1250
208.0000;144.0000;0.0000;953.0000;1354229.0000
207.0000;144.0000;0.0000;950.0000;1354238.0000
206.0000;144.0000;0.0000;950.0000;1354247.0000
205.0000;144.0000;0.0000;953.0000;1354256.0000
204.0000;144.0000;0.0000;951.0001;1354265.0000
202.0000;144.0000;0.0000;951.0001;1354274.1250
201.0000;144.0000;0.0000;953.0000;1354283.0000
199.0000;144.0000;0.0000;947.0001;1354292.0000
198.0000;144.0000;0.0000;951.0001;1354301.0000
196.0000;145.0000;0.0000;955.0000;1354310.0000
195.0000;145.0000;0.0000;948.0000;1354319.0000
194.0000;145.0000;0.0000;951.0001;1354328.1250
193.0000;146.0000;0.0000;952.0000;1354337.1250
191.0000;146.0000;0.0000;950.0000;1354346.0000
191.0000;146.0000;0.0000;954.0000;1354355.0000
190.0000;146.0000;0.0000;952.0000;1354364.0000
189.0000;146.0000;0.0000;950.0000;1354373.0000
188.0000;146.0000;0.0000;954.0000;1354382.0000
187.0000;147.0000;0.0000;948.0000;1354391.1250
186.0000;147.0000;0.0000;951.0001;1354400.0000
185.0000;147.0000;0.0000;954.0000;1354409.0000
184.0000;147.0000;0.0000;947.0001;1354418.0000
183.0000;148.0000;0.0000;952.0000;1354427.0000
182.0000;148.0000;0.0000;953.0000;1354436.0000
181.0000;148.0000;0.0000;949.0001;1354445.1250
181.0000;149.0000;0.0000;953.0000;1354454.0000
180.0000;149.0000;0.0000;951.0001;1354463.0000
179.0000;149.0000;0.0000;950.0000;1354472.0000
178.0000;150.0000;0.0000;953.0000;1354481.0000
178.0000;150.0000;0.0000;948.0000;1354490.0000
177.0000;150.0000;0.0000;953.0000;1354499.1250
176.0000;150.0000;0.0000;953.0000;1354508.1250
175.0000;151.0000;0.0000;947.0001;1354517.0000
174.0000;151.0000;0.0000;950.0000;1354526.0000
173.0000;152.0000;0.0000;953.0000;1354535.0000
172.0000;152.0000;0.0000;950.0000;1354544.0000
171.0000;152.0000;0.0000;954.0000;1354553.0000
169.0000;153.0000;0.0000;950.0000;1354562.1250
168.0000;153.0000;0.0000;950.0000;1354571.0000
167.0000;154.0000;0.0000;953.0000;1354580.0000
166.0000;154.0000;0.0000;948.0000;1354589.0000
165.0000;155.0000;0.0000;951.0001;1354598.0000
164.0000;155.0000;0.0000;957.0000;1354607.0000
163.0000;156.0000;0.0000;947.0001;1354616.1250
162.0000;156.0000;0.0000;951.0001;1354625.0000
161.0000;157.0000;0.0000;952.0000;1354634.0000
160.0000;157.0000;0.0000;947.0001;1354643.0000
159.0000;158.0000;0.0000;953.0000;1354652.0000
158.0000;158.0000;0.0000;948.0000;1354661.0000
158.0000;159.0000;0.0000;947.0001;1354670.1250
157.0000;159.0000;0.0000;952.0000;1354679.1250
156.0000;160.0000;0.0000;947.0001;1354688.0000
155.0000;161.0000;0.0000;948.0000;1354697.0000
154.0000;161.0000;0.0000;952.0000;1354706.0000
153.0000;162.0000;0.0000;944.0000;1354715.0000
153.0000;162.0000;0.0000;951.0001;1354724.0000
152.0000;163.0000;0.0000;954.0000;1354733.1250
151.0000;163.0000;0.0000;949.0001;1354742.0000
151.0000;164.0000;0.0000;952.0000;1354751.0000
150.0000;164.0000;0.0000;950.0000;1354760.0000
150.0000;165.0000;0.0000;949.0001;1354769.0000
149.0000;165.0000;0.0000;950.0000;1354778.0000
149.0000;166.0000;0.0000;950.0000;1354787.1250
148.0000;166.0000;0.0000;950.0000;1354796.0000
148.0000;167.0000;0.0000;954.0000;1354805.0000
147.0000;168.0000;0.0000;943.0000;1354814.0000
147.0000;168.0000;0.0000;949.0001;1354823.0000
146.0000;169.0000;0.0000;954.0000;1354832.0000
146.0000;170.0000;0.0000;947.0001;1354841.1250
145.0000;170.0000;0.0000;950.0000;1354850.1250
145.0000;171.0000;0.0000;950.0000;1354859.0000
144.0000;172.0000;0.0000;949.0001;1354868.0000
144.0000;173.0000;0.0000;953.0000;1354877.0000
143.0000;174.0000;0.0000;950.0000;1354886.0000
142.0000;175.0000;0.0000;950.0000;1354895.0000
142.0000;176.0000;0.0000;953.0000;1354904.1250
141.0000;177.0000;0.0000;947.0001;1354913.0000
141.0000;179.0000;0.0000;953.0000;1354922.0000
141.0000;180.0000;0.0000;953.0000;1354931.0000
140.0000;180.0000;0.0000;947.0001;1354940.0000
140.0000;181.0000;0.0000;954.0000;1354949.0000
139.0000;182.0000;0.0000;950.0000;1354958.1250
139.0000;183.0000;0.0000;945.0001;1354967.0000
139.0000;184.0000;0.0000;952.0000;1354976.0000
138.0000;185.0000;0.0000;951.0001;1354985.0000
138.0000;186.0000;0.0000;950.0000;1354994.0000
137.0000;187.0000;0.0000;951.0001;1355003.0000
137.0000;188.0000;0.0000;949.0001;1355012.1250
137.0000;189.0000;0.0000;951.0001;1355021.1250
137.0000;191.0000;0.0000;953.0000;1355030.0000
137.0000;192.0000;0.0000;946.0000;1355039.0000
137.0000;193.0000;0.0000;950.0000;1355048.0000
136.0000;194.0000;0.0000;952.0000;1355057.0000
136.0000;195.0000;0.0000;947.0001;1355066.0000
136.0000;197.0000;0.0000;953.0000;1355075.1250
136.0000;198.0000;0.0000;948.0000;1355084.0000
136.0000;199.0000;0.0000;947.0001;1355093.0000
136.0000;201.0000;0.0000;951.0001;1355102.0000
135.0000;202.0000;0.0000;946.0000;1355111.0000
135.0000;204.0000;0.0000;950.0000;1355120.0000
135.0000;205.0000;0.0000;952.0000;1355129.1250
135.0000;206.0000;0.0000;944.0000;1355138.0000
135.0000;208.0000;12.0000;947.0001;1355147.0000
135.0000;209.0000;0.0000;948.0000;1355156.0000
135.0000;210.0000;0.0000;932.0001;1355165.0000
135.0000;211.0000;0.0000;935.0000;1355174.0000
135.0000;212.0000;0.0000;931.0000;1355183.1250
135.0000;213.0000;0.0000;932.0001;1355192.1250
135.0000;215.0000;0.0000;933.0000;1355201.0000
135.0000;216.0000;0.0000;930.0001;1355210.0000
135.0000;217.0000;0.0000;932.0001;1355219.0000
136.0000;218.0000;0.0000;938.0001;1355228.0000
136.0000;219.0000;0.0000;928.0000;1355237.0000
136.0000;221.0000;0.0000;934.0001;1355246.1250
136.0000;222.0000;0.0000;937.0000;1355255.0000
137.0000;223.0000;0.0000;932.0001;1355264.0000
137.0000;225.0000;0.0000;935.0000;1355273.0000
138.0000;226.0000;0.0000;934.0001;1355282.0000
138.0000;228.0000;0.0000;931.0000;1355291.0000
138.0000;229.0000;0.0000;936.0001;1355300.1250
139.0000;231.0000;0.0000;938.0001;1355309.0000
139.0000;232.0000;0.0000;935.0000;1355318.0000
140.0000;233.0000;0.0000;940.0000;1355327.0000
140.0000;235.0000;0.0000;931.0000;1355336.0000
141.0000;236.0000;0.0000;936.0001;1355345.0000
141.0000;238.0000;0.0000;940.0000;1355354.1250
142.0000;239.0000;0.0000;932.0001;1355363.1250
143.0000;240.0000;0.0000;938.0001;1355373.0000
143.0000;242.0000;0.0000;936.0001;1355382.0000
144.0000;243.0000;0.0000;935.0000;1355391.0000
144.0000;244.0000;0.0000;938.0001;1355400.1250
145.0000;246.0000;0.0000;937.0000;1355409.0000
145.0000;247.0000;0.0000;938.0001;1355418.0000
145.0000;248.0000;0.0000;941.0000;1355427.0000
146.0000;249.0000;0.0000;935.0000;1355436.0000
146.0000;250.0000;0.0000;939.0000;1355445.0000
147.0000;251.0000;0.0000;941.0000;1355454.1250
147.0000;252.0000;0.0000;935.0000;1355463.0000
148.0000;253.0000;0.0000;941.0000;1355472.0000
148.0000;254.0000;0.0000;940.0000;1355481.0000
149.0000;255.0000;0.0000;938.0001;1355490.0000
149.0000;256.0000;0.0000;944.0000;1355499.0000
150.0000;257.0000;0.0000;938.0001;1355508.1250
150.0000;258.0000;0.0000;939.0000;1355517.1250
151.0000;259.0000;0.0000;941.0000;1355526.0000
152.0000;260.0000;0.0000;936.0001;1355535.0000
152.0000;260.0000;0.0000;941.0000;1355544.0000
153.0000;261.0000;0.0000;944.0000;1355553.0000
154.0000;262.0000;0.0000;939.0000;1355562.0000
155.0000;262.0000;0.0000;944.0000;1355571.1250
156.0000;263.0000;0.0000;946.0000;1355580.0000
157.0000;263.0000;0.0000;944.0000;1355589.0000
158.0000;264.0000;0.0000;947.0001;1355598.0000
159.0000;265.0000;0.0000;943.0000;1355607.0000
160.0000;265.0000;0.0000;944.0000;1355616.0000
161.0000;266.0000;0.0000;947.0001;1355625.1250
162.0000;267.0000;0.0000;944.0000;1355634.0000
163.0000;267.0000;0.0000;944.0000;1355643.0000
164.0000;268.0000;0.0000;950.0000;1355652.0000
165.0000;268.0000;0.0000;943.0000;1355661.0000
166.0000;269.0000;0.0000;949.0001;1355670.0000
168.0000;269.0000;0.0000;949.0001;1355679.1250
169.0000;269.0000;0.0000;945.0001;1355688.1250
170.0000;270.0000;0.0000;950.0000;1355697.0000
172.0000;270.0000;0.0000;947.0001;1355706.0000
173.0000;270.0000;0.0000;950.0000;1355715.0000
175.0000;270.0000;0.0000;952.0000;1355724.0000
176.0000;271.0000;0.0000;948.0000;1355733.0000
177.0000;271.0000;0.0000;950.0000;1355742.1250
179.0000;271.0000;0.0000;957.0000;1355751.0000
180.0000;271.0000;0.0000;947.0001;1355760.0000
181.0000;272.0000;0.0000;952.0000;1355769.0000
182.0000;272.0000;0.0000;957.0000;1355778.0000
183.0000;272.0000;0.0000;951.0001;1355787.0000
184.0000;273.0000;0.0000;955.0000;1355796.1250
185.0000;273.0000;0.0000;951.0001;1355805.0000
186.0000;273.0000;0.0000;950.0000;1355814.0000
187.0000;274.0000;0.0000;954.0000;1355823.0000
188.0000;274.0000;0.0000;953.0000;1355832.0000
189.0000;274.0000;0.0000;951.0001;1355841.0000
190.0000;275.0000;0.0000;958.0001;1355850.1250
191.0000;275.0000;0.0000;950.0000;1355859.1250
191.0000;275.0000;0.0000;957.0000;1355868.0000
192.0000;276.0000;0.0000;958.0001;1355877.0000
193.0000;276.0000;0.0000;953.0000;1355886.0000
193.0000;276.0000;0.0000;957.0000;1355895.0000
194.0000;276.0000;0.0000;957.0000;1355904.0000
195.0000;277.0000;0.0000;954.0000;1355913.1250
196.0000;277.0000;0.0000;957.0000;1355922.0000
197.0000;277.0000;0.0000;955.0000;1355931.0000
198.0000;278.0000;0.0000;958.0001;1355940.0000
199.0000;278.0000;0.0000;962.0001;1355949.0000
200.0000;278.0000;0.0000;955.0000;1355958.0000
201.0000;278.0000;0.0000;961.0000;1355967.1250
202.0000;279.0000;0.0000;964.0001;1355976.0000
202.0000;279.0000;0.0000;959.0000;1355985.0000
203.0000;279.0000;0.0000;964.0001;1355994.0000
204.0000;279.0000;0.0000;966.0000;1356003.0000
205.0000;279.0000;0.0000;965.0000;1356012.0000
207.0000;279.0000;0.0000;970.0000;1356021.1250
208.0000;280.0000;0.0000;967.0000;1356030.1250
209.0000;280.0000;0.0000;968.0000;1356039.0000
210.0000;280.0000;0.0000;970.0000;1356048.0000
211.0000;280.0000;0.0000;965.0000;1356057.0000
212.0000;280.0000;0.0000;968.0000;1356066.0000
213.0000;280.0000;0.0000;973.0001;1356075.0000
214.0000;281.0000;0.0000;966.0000;1356084.1250
215.0000;281.0000;0.0000;973.0001;1356093.0000
216.0000;281.0000;0.0000;974.0000;1356102.0000
217.0000;281.0000;0.0000;972.0000;1356111.0000
218.0000;281.0000;0.0000;977.0001;1356120.0000
219.0000;281.0000;0.0000;976.0000;1356129.0000
220.0000;281.0000;0.0000;976.0000;1356138.1250
221.0000;281.0000;0.0000;980.0000;1356147.0000
223.0000;281.0000;0.0000;975.0001;1356156.0000
224.0000;281.0000;0.0000;981.0000;1356165.0000
225.0000;282.0000;0.0000;985.0000;1356174.0000
226.0000;282.0000;0.0000;980.0000;1356183.0000
227.0000;282.0000;0.0000;983.0000;1356192.1250
228.0000;282.0000;0.0000;983.0000;1356201.1250
229.0000;282.0000;0.0000;980.0000;1356210.0000
230.0000;282.0000;0.0000;986.0001;1356219.0000
231.0000;282.0000;0.0000;983.0000;1356228.0000
232.0000;282.0000;0.0000;983.0000;1356237.0000
233.0000;282.0000;0.0000;985.0000;1356246.0000
235.0000;281.0000;0.0000;984.0001;1356255.1250
235.0000;281.0000;0.0000;986.0001;1356264.0000
237.0000;281.0000;0.0000;987.0000;1356273.0000
238.0000;281.0000;0.0000;982.0000;1356282.0000
239.0000;281.0000;0.0000;986.0001;1356291.0000
240.0000;280.0000;0.0000;990.0001;1356300.0000
241.0000;280.0000;0.0000;984.0001;1356309.1250
242.0000;280.0000;0.0000;990.0001;1356318.0000
243.0000;279.0000;0.0000;990.0001;1356327.0000
244.0000;279.0000;0.0000;988.0001;1356336.0000
246.0000;279.0000;0.0000;992.0001;1356345.0000
247.0000;278.0000;0.0000;990.0001;1356354.0000
248.0000;278.0000;0.0000;994.0000;1356363.1250
250.0000;277.0000;0.0000;995.0000;1356372.1250
251.0000;277.0000;0.0000;988.0001;1356381.0000
253.0000;276.0000;0.0000;992.0001;1356390.0000
254.0000;276.0000;0.0000;996.0000;1356399.0000
255.0000;275.0000;0.0000;991.0000;1356408.0000
257.0000;275.0000;0.0000;994.0000;1356417.0000
258.0000;274.0000;0.0000;993.0000;1356426.1250
259.0000;274.0000;0.0000;990.0001;1356435.0000
261.0000;273.0000;0.0000;994.0000;1356444.0000
262.0000;273.0000;0.0000;992.0001;1356453.0000
263.0000;272.0000;0.0000;991.0000;1356462.0000
265.0000;271.0000;0.0000;998.0000;1356471.0000
266.0000;271.0000;0.0000;986.0001;1356480.1250
267.0000;270.0000;0.0000;994.0000;1356489.0000
269.0000;270.0000;0.0000;996.0000;1356498.0000
270.0000;269.0000;0.0000;992.0001;1356507.0000
271.0000;269.0000;0.0000;996.0000;1356516.0000
273.0000;268.0000;0.0000;994.0000;1356525.0000
274.0000;268.0000;0.0000;995.0000;1356534.1250
275.0000;267.0000;0.0000;999.0001;1356543.1250
277.0000;267.0000;0.0000;994.0000;1356552.0000
278.0000;266.0000;0.0000;998.0000;1356561.0000
280.0000;266.0000;0.0000;999.0001;1356570.0000
281.0000;265.0000;0.0000;992.0001;1356579.0000
282.0000;265.0000;0.0000;995.0000;1356588.0000
283.0000;264.0000;0.0000;999.0001;1356597.1250
284.0000;264.0000;0.0000;994.0000;1356606.0000
285.0000;263.0000;0.0000;999.0001;1356615.0000
286.0000;263.0000;0.0000;997.0000;1356624.0000
288.0000;262.0000;0.0000;996.0000;1356633.0000
289.0000;262.0000;0.0000;999.0001;1356642.0000
290.0000;261.0000;0.0000;997.0000;1356651.1250
291.0000;260.0000;0.0000;999.0001;1356661.0000
292.0000;260.0000;0.0000;1001.0001;1356670.0000
293.0000;259.0000;0.0000;993.0000;1356679.0000
294.0000;258.0000;0.0000;998.0000;1356688.1250
295.0000;258.0000;0.0000;1004.0000;1356697.1250
296.0000;257.0000;0.0000;999.0001;1356706.0000
297.0000;256.0000;0.0000;1001.0001;1356715.0000
297.0000;255.0000;0.0000;1004.0000;1356724.0000
298.0000;254.0000;0.0000;1001.0001;1356733.0000
299.0000;253.0000;0.0000;1005.0001;1356742.0000
300.0000;252.0000;0.0000;1003.0001;1356751.1250
302.0000;251.0000;0.0000;1005.0001;1356760.0000
303.0000;249.0000;0.0000;1004.0000;1356769.0000
304.0000;248.0000;0.0000;1001.0001;1356778.0000
305.0000;247.0000;0.0000;1004.0000;1356787.0000
306.0000;246.0000;0.0000;1006.0000;1356796.0000
307.0000;245.0000;0.0000;1000.0000;1356805.1250
308.0000;244.0000;0.0000;1004.0000;1356814.0000
309.0000;243.0000;0.0000;1006.0000;1356823.0000
310.0000;241.0000;0.0000;1001.0001;1356832.0000
310.0000;240.0000;0.0000;1007.0000;1356841.0000
311.0000;239.0000;0.0000;1005.0001;1356850.0000
313.0000;237.0000;0.0000;1002.0000;1356859.1250
314.0000;236.0000;0.0000;1005.0001;1356868.1250
315.0000;234.0000;0.0000;1000.0000;1356877.0000
317.0000;232.0000;0.0000;1002.0000;1356886.0000
318.0000;230.0000;0.0000;1005.0001;1356895.0000
319.0000;229.0000;0.0000;997.0000;1356904.0000
320.0000;227.0000;0.0000;1004.0000;1356913.0000
321.0000;226.0000;0.0000;1005.0001;1356922.1250
321.0000;224.0000;0.0000;998.0000;1356931.0000
322.0000;223.0000;0.0000;1004.0000;1356940.0000
323.0000;221.0000;0.0000;1001.0001;1356949.0000
324.0000;219.0000;0.0000;1001.0001;1356958.0000
326.0000;217.0000;0.0000;1001.0001;1356967.0000
327.0000;215.0000;0.0000;996.0000;1356976.1250
329.0000;213.0000;12.0000;999.0001;1356985.0000
330.0000;212.0000;0.0000;1003.0001;1356994.0000
331.0000;210.0000;0.0000;995.0000;1357003.0000
332.0000;208.0000;0.0000;998.0000;1357012.0000
333.0000;206.0000;0.0000;974.0000;1357021.0000
334.0000;204.0000;0.0000;1012.0001;1357030.1250
334.0000;203.0000;0.0000;1016.0001;1357039.1250
335.0000;201.0000;0.0000;1016.0001;1357048.0000
335.0000;199.0000;0.0000;1016.0001;1357057.0000
336.0000;197.0000;0.0000;1019.0000;1357066.0000
337.0000;195.0000;0.0000;1016.0001;1357075.0000
338.0000;193.0000;0.0000;1016.0001;1357084.0000
339.0000;191.0000;0.0000;1023.0000;1357093.1250
340.0000;188.0000;0.0000;1013.0000;1357102.0000
341.0000;186.0000;0.0000;1018.0001;1357111.0000
341.0000;184.0000;0.0000;1023.0000;1357120.0000
342.0000;182.0000;0.0000;1015.0000;1357129.0000
342.0000;179.0000;0.0000;1018.0001;1357138.0000
342.0000;177.0000;0.0000;1019.0000;1357147.1250
342.0000;175.0000;0.0000;1015.0000;1357156.0000
342.0000;173.0000;0.0000;1019.0000;1357165.0000
342.0000;171.0000;0.0000;1016.0001;1357174.0000
341.0000;169.0000;0.0000;1018.0001;1357183.0000
341.0000;167.0000;0.0000;1019.0000;1357192.0000
340.0000;165.0000;0.0000;1011.0000;1357201.1250
340.0000;162.0000;0.0000;1015.0000;1357210.1250
339.0000;160.0000;0.0000;1016.0001;1357219.0000
338.0000;158.0000;0.0000;1009.0000;1357228.0000
337.0000;156.0000;0.0000;1013.0000;1357237.0000
336.0000;154.0000;0.0000;1014.0001;1357246.0000
335.0000;151.0000;0.0000;1010.0000;1357255.0000
334.0000;149.0000;0.0000;1015.0000;1357264.1250
333.0000;147.0000;0.0000;1012.0001;1357273.0000
331.0000;145.0000;0.0000;1009.0000;1357282.0000
330.0000;143.0000;0.0000;1009.0000;1357291.0000
328.0000;141.0000;0.0000;1005.0001;1357300.0000
326.0000;140.0000;0.0000;1005.0001;1357309.0000
324.0000;138.0000;0.0000;1008.0000;1357318.1250
322.0000;137.0000;0.0000;1003.0001;1357327.0000
320.0000;135.0000;0.0000;1007.0000;1357336.0000
319.0000;134.0000;0.0000;1008.0000;1357345.0000
317.0000;133.0000;0.0000;1003.0001;1357354.0000
315.0000;131.0000;0.0000;1008.0000;1357363.0000
313.0000;130.0000;0.0000;1007.0000;1357372.1250
312.0000;129.0000;0.0000;1005.0001;1357381.1250
310.0000;127.0000;0.0000;1009.0000;1357390.0000
309.0000;126.0000;0.0000;1001.0001;1357399.0000
307.0000;125.0000;0.0000;1007.0000;1357408.0000
305.0000;123.0000;0.0000;1010.0000;1357417.0000
303.0000;122.0000;0.0000;1002.0000;1357426.0000
302.0000;121.0000;0.0000;1007.0000;1357435.1250
300.0000;120.0000;0.0000;1008.0000;1357444.0000
298.0000;119.0000;0.0000;1004.0000;1357453.0000
296.0000;118.0000;0.0000;1008.0000;1357462.0000
295.0000;117.0000;0.0000;1007.0000;1357471.0000
294.0000;116.0000;0.0000;1007.0000;1357480.0000
292.0000;115.0000;0.0000;1010.0000;1357489.1250
291.0000;114.0000;0.0000;1007.0000;1357498.0000
289.0000;113.0000;0.0000;1010.0000;1357507.0000
288.0000;112.0000;0.0000;1013.0000;1357516.0000
286.0000;111.0000;0.0000;1004.0000;1357525.0000
284.0000;110.0000;0.0000;1008.0000;1357534.0000
282.0000;108.0000;0.0000;1013.0000;1357543.1250
281.0000;107.0000;0.0000;1005.0001;1357552.1250
278.0000;106.0000;0.0000;1009.0000;1357561.0000
277.0000;105.0000;0.0000;1007.0000;1357570.0000
275.0000;104.0000;0.0000;1005.0001;1357579.0000
273.0000;103.0000;0.0000;1010.0000;1357588.0000
271.0000;102.0000;0.0000;1007.0000;1357597.0000
269.0000;100.0000;0.0000;1007.0000;1357606.1250
268.0000;99.0000;0.0000;1013.0000;1357615.0000
266.0000;98.0000;0.0000;1001.0001;1357624.0000
265.0000;97.0000;0.0000;1005.0001;1357633.0000
264.0000;96.0000;0.0000;1009.0000;1357642.0000
262.0000;95.0000;0.0000;1003.0001;1357651.0000
261.0000;94.0000;0.0000;1007.0000;1357660.1250
259.0000;93.0000;0.0000;1004.0000;1357669.0000
258.0000;93.0000;0.0000;1001.0001;1357678.0000
256.0000;92.0000;0.0000;1005.0001;1357687.0000
254.0000;91.0000;0.0000;1003.0001;1357696.0000
253.0000;91.0000;0.0000;1003.0001;1357705.0000
251.0000;90.0000;0.0000;1008.0000;1357714.1250
249.0000;89.0000;0.0000;998.0000;1357723.1250
247.0000;88.0000;0.0000;1002.0000;1357732.0000
245.0000;88.0000;0.0000;1004.0000;1357741.0000
243.0000;87.0000;0.0000;998.0000;1357750.0000
241.0000;87.0000;0.0000;1000.0000;1357759.0000
239.0000;87.0000;0.0000;999.0001;1357768.0000
236.0000;87.0000;0.0000;995.0000;1357777.1250
234.0000;86.0000;0.0000;999.0001;1357786.0000
231.0000;86.0000;0.0000;998.0000;1357795.0000
228.0000;86.0000;0.0000;994.0000;1357804.0000
224.0000;86.0000;0.0000;999.0001;1357813.0000
221.0000;86.0000;0.0000;993.0000;1357822.0000
218.0000;86.0000;0.0000;996.0000;1357831.1250
216.0000;86.0000;0.0000;998.0000;1357840.0000
213.0000;86.0000;0.0000;993.0000;1357849.0000
211.0000;87.0000;0.0000;998.0000;1357858.0000
209.0000;87.0000;0.0000;998.0000;1357867.0000
206.0000;87.0000;0.0000;994.0000;1357876.0000
204.0000;87.0000;0.0000;999.0001;1357885.1250
201.0000;87.0000;0.0000;995.0000;1357894.1250
199.0000;87.0000;0.0000;994.0000;1357903.0000
196.0000;87.0000;0.0000;998.0000;1357912.0000
194.0000;87.0000;0.0000;993.0000;1357921.0000
191.0000;87.0000;0.0000;995.0000;1357930.0000
189.0000;87.0000;0.0000;998.0000;1357939.0000
186.0000;88.0000;0.0000;991.0000;1357949.0000
184.0000;88.0000;0.0000;996.0000;1357958.0000
182.0000;88.0000;0.0000;997.0000;1357967.0000
180.0000;88.0000;0.0000;992.0001;1357976.0000
178.0000;89.0000;0.0000;998.0000;1357985.1250
176.0000;89.0000;0.0000;993.0000;1357994.0000
174.0000;89.0000;0.0000;992.0001;1358003.0000
172.0000;89.0000;0.0000;998.0000;1358012.0000
170.0000;89.0000;0.0000;993.0000;1358021.0000
168.0000;89.0000;0.0000;995.0000;1358030.0000
166.0000;90.0000;0.0000;998.0000;1358039.1250
164.0000;90.0000;0.0000;990.0001;1358048.1250
162.0000;91.0000;0.0000;992.0001;1358057.0000
160.0000;91.0000;0.0000;998.0000;1358066.0000
157.0000;92.0000;0.0000;990.0001;1358075.0000
155.0000;92.0000;0.0000;996.0000;1358084.0000
153.0000;93.0000;0.0000;994.0000;1358093.0000
150.0000;94.0000;0.0000;993.0000;1358102.1250
148.0000;95.0000;0.0000;995.0000;1358111.0000
146.0000;96.0000;0.0000;997.0000;1358120.0000
143.0000;96.0000;0.0000;994.0000;1358129.0000
141.0000;97.0000;0.0000;1000.0000;1358138.0000
139.0000;98.0000;0.0000;992.0001;1358147.0000
137.0000;99.0000;0.0000;996.0000;1358156.1250
134.0000;100.0000;0.0000;999.0001;1358165.0000
132.0000;101.0000;0.0000;995.0000;1358174.0000
129.0000;102.0000;0.0000;998.0000;1358183.0000
127.0000;103.0000;0.0000;997.0000;1358192.0000
124.0000;104.0000;0.0000;994.0000;1358201.0000
122.0000;105.0000;0.0000;1000.0000;1358210.1250
119.0000;106.0000;0.0000;998.0000;1358219.1250
117.0000;108.0000;0.0000;999.0001;1358228.0000
115.0000;109.0000;0.0000;1002.0000;1358237.0000
113.0000;110.0000;0.0000;996.0000;1358246.0000
111.0000;112.0000;0.0000;999.0001;1358255.0000
108.0000;113.0000;0.0000;1003.0001;1358264.0000
106.0000;115.0000;0.0000;998.0000;1358273.1250
104.0000;116.0000;0.0000;1002.0000;1358282.0000
103.0000;117.0000;0.0000;1003.0001;1358291.0000
102.0000;118.0000;0.0000;1000.0000;1358300.0000
101.0000;119.0000;0.0000;1004.0000;1358309.0000
101.0000;120.0000;0.0000;1002.0000;1358318.0000
100.0000;121.0000;0.0000;1002.0000;1358327.1250
99.0000;122.0000;0.0000;1006.0000;1358336.0000
98.0000;123.0000;0.0000;1001.0001;1358345.0000
97.0000;125.0000;0.0000;1004.0000;1358354.0000
96.0000;127.0000;0.0000;1007.0000;1358363.0000
95.0000;129.0000;0.0000;1002.0000;1358372.0000
93.0000;130.0000;0.0000;1005.0001;1358381.1250
92.0000;133.0000;0.0000;1006.0000;1358390.1250
90.0000;135.0000;0.0000;1003.0001;1358399.0000
89.0000;137.0000;0.0000;1007.0000;1358408.0000
88.0000;139.0000;0.0000;1004.0000;1358417.0000
86.0000;141.0000;0.0000;1003.0001;1358426.0000
85.0000;143.0000;0.0000;1007.0000;1358435.0000
84.0000;146.0000;0.0000;1003.0001;1358444.1250
83.0000;148.0000;0.0000;1007.0000;1358453.0000
82.0000;150.0000;0.0000;1008.0000;1358462.0000
80.0000;153.0000;0.0000;1004.0000;1358471.0000
79.0000;155.0000;0.0000;1006.0000;1358480.0000
77.0000;157.0000;0.0000;1007.0000;1358489.0000
76.0000;159.0000;0.0000;1004.0000;1358498.1250
75.0000;161.0000;0.0000;1008.0000;1358507.0000
74.0000;162.0000;0.0000;1005.0001;1358516.0000
74.0000;164.0000;0.0000;1003.0001;1358525.0000
73.0000;166.0000;0.0000;1007.0000;1358534.0000
72.0000;168.0000;0.0000;1003.0001;1358543.0000
72.0000;170.0000;0.0000;1002.0000;1358552.1250
72.0000;172.0000;0.0000;1006.0000;1358561.1250
71.0000;174.0000;0.0000;1001.0001;1358570.0000
71.0000;177.0000;0.0000;1006.0000;1358579.0000
70.0000;179.0000;0.0000;1004.0000;1358588.0000
69.0000;182.0000;0.0000;1002.0000;1358597.0000
68.0000;184.0000;0.0000;1007.0000;1358606.0000
68.0000;187.0000;0.0000;1005.0001;1358615.1250
68.0000;189.0000;0.0000;1001.0001;1358624.0000
67.0000;192.0000;0.0000;1005.0001;1358633.0000
66.0000;194.0000;0.0000;998.0000;1358642.0000
66.0000;196.0000;0.0000;999.0001;1358651.0000
65.0000;199.0000;0.0000;1004.0000;1358660.0000
65.0000;201.0000;12.0000;995.0000;1358669.1250
64.0000;203.0000;12.0000;1001.0001;1358678.0000
64.0000;206.0000;0.0000;1001.0001;1358687.0000
64.0000;208.0000;12.0000;982.0000;1358696.0000
64.0000;210.0000;0.0000;984.0001;1358705.0000
64.0000;213.0000;0.0000;980.0000;1358714.0000
64.0000;215.0000;0.0000;980.0000;1358723.1250
64.0000;217.0000;0.0000;986.0001;1358732.1250
64.0000;220.0000;0.0000;983.0000;1358741.0000
64.0000;222.0000;0.0000;983.0000;1358750.0000
64.0000;225.0000;0.0000;986.0001;1358759.0000
64.0000;227.0000;0.0000;977.0001;1358768.0000
64.0000;230.0000;0.0000;980.0000;1358777.0000
65.0000;232.0000;0.0000;987.0000;1358786.1250
65.0000;235.0000;0.0000;980.0000;1358795.0000
66.0000;238.0000;0.0000;981.0000;1358804.0000
66.0000;240.0000;0.0000;980.0000;1358813.0000
67.0000;243.0000;0.0000;977.0001;1358822.0000
68.0000;246.0000;0.0000;981.0000;1358831.0000
68.0000;248.0000;0.0000;981.0000;1358840.1250
69.0000;251.0000;0.0000;980.0000;1358849.0000
70.0000;254.0000;0.0000;983.0000;1358858.0000
71.0000;256.0000;0.0000;978.0000;1358867.0000
71.0000;259.0000;0.0000;980.0000;1358876.0000
72.0000;261.0000;0.0000;984.0001;1358885.0000
73.0000;263.0000;0.0000;977.0001;1358894.1250
75.0000;265.0000;0.0000;981.0000;1358903.1250
76.0000;267.0000;0.0000;981.0000;1358912.0000
78.0000;269.0000;0.0000;978.0000;1358921.0000
80.0000;271.0000;0.0000;983.0000;1358930.0000
81.0000;274.0000;0.0000;980.0000;1358939.0000
83.0000;276.0000;0.0000;981.0000;1358948.0000
85.0000;278.0000;0.0000;983.0000;1358957.1250
87.0000;280.0000;0.0000;978.0000;1358966.0000
89.0000;283.0000;0.0000;981.0000;1358975.0000
90.0000;285.0000;0.0000;985.0000;1358984.0000
92.0000;287.0000;0.0000;978.0000;1358993.0000
94.0000;289.0000;0.0000;982.0000;1359002.0000
95.0000;291.0000;0.0000;984.0001;1359011.1250
96.0000;293.0000;0.0000;982.0000;1359020.0000
97.0000;295.0000;0.0000;984.0001;1359029.0000
98.0000;297.0000;0.0000;983.0000;1359038.0000
99.0000;299.0000;0.0000;983.0000;1359047.0000
100.0000;301.0000;0.0000;986.0001;1359056.0000
101.0000;303.0000;0.0000;980.0000;1359065.1250
102.0000;305.0000;0.0000;976.0000;1359074.1250
104.0000;307.0000;0.0000;990.0001;1359083.0000
105.0000;308.0000;0.0000;985.0000;1359092.0000
106.0000;310.0000;0.0000;986.0001;1359101.0000
108.0000;311.0000;0.0000;987.0000;1359110.0000
109.0000;312.0000;0.0000;982.0000;1359119.0000
111.0000;314.0000;0.0000;987.0000;1359128.1250
112.0000;315.0000;0.0000;987.0000;1359137.0000
114.0000;317.0000;0.0000;984.0001;1359146.0000
115.0000;318.0000;0.0000;990.0001;1359155.0000
117.0000;319.0000;0.0000;986.0001;1359164.0000
119.0000;321.0000;0.0000;988.0001;1359173.0000
120.0000;322.0000;0.0000;993.0000;1359182.1250
122.0000;324.0000;0.0000;985.0000;1359191.0000
124.0000;325.0000;0.0000;990.0001;1359200.0000
126.0000;326.0000;0.0000;992.0001;1359209.0000
128.0000;327.0000;0.0000;988.0001;1359218.0000
130.0000;329.0000;0.0000;992.0001;1359227.0000
132.0000;330.0000;0.0000;994.0000;1359237.0000
134.0000;331.0000;0.0000;995.0000;1359246.0000
136.0000;331.0000;0.0000;995.0000;1359255.0000
138.0000;332.0000;0.0000;994.0000;1359264.0000
140.0000;333.0000;0.0000;995.0000;1359273.0000
141.0000;333.0000;0.0000;998.0000;1359282.1250
143.0000;334.0000;0.0000;992.0001;1359291.0000
145.0000;335.0000;0.0000;998.0000;1359300.0000
148.0000;335.0000;0.0000;1000.0000;1359309.0000
150.0000;335.0000;0.0000;995.0000;1359318.0000
153.0000;336.0000;0.0000;1001.0001;1359327.0000
156.0000;336.0000;0.0000;997.0000;1359336.1250
158.0000;336.0000;0.0000;999.0001;1359345.0000
161.0000;337.0000;0.0000;999.0001;1359354.0000
164.0000;337.0000;0.0000;999.0001;1359363.0000
167.0000;337.0000;0.0000;1000.0000;1359372.0000
170.0000;338.0000;0.0000;1004.0000;1359381.0000
174.0000;338.0000;0.0000;994.0000;1359390.1250
177.0000;339.0000;0.0000;1004.0000;1359399.1250
180.0000;339.0000;0.0000;1006.0000;1359408.0000
183.0000;339.0000;0.0000;998.0000;1359417.0000
186.0000;339.0000;0.0000;1006.0000;1359426.0000
190.0000;339.0000;0.0000;1004.0000;1359435.0000
193.0000;340.0000;0.0000;999.0001;1359444.0000
197.0000;340.0000;0.0000;1005.0001;1359453.1250
200.0000;340.0000;0.0000;1004.0000;1359462.0000
204.0000;340.0000;12.0000;1004.0000;1359471.0000
207.0000;340.0000;0.0000;1007.0000;1359480.0000
211.0000;340.0000;0.0000;1004.0000;1359489.0000
214.0000;340.0000;12.0000;1006.0000;1359498.0000
218.0000;340.0000;0.0000;1008.0000;1359507.1250
222.0000;340.0000;0.0000;1006.0000;1359516.0000
226.0000;340.0000;0.0000;1009.0000;1359525.0000
230.0000;340.0000;0.0000;1007.0000;1359534.0000
234.0000;340.0000;0.0000;1007.0000;1359543.0000
238.0000;340.0000;0.0000;1010.0000;1359552.0000
241.0000;340.0000;0.0000;1006.0000;1359561.1250
245.0000;340.0000;0.0000;1007.0000;1359570.1250
248.0000;340.0000;0.0000;1009.0000;1359579.0000
252.0000;340.0000;0.0000;1006.0000;1359588.0000
255.0000;340.0000;0.0000;1010.0000;1359597.0000
258.0000;339.0000;0.0000;1012.0001;1359606.0000
262.0000;339.0000;0.0000;1007.0000;1359615.0000
265.0000;339.0000;0.0000;1011.0000;1359624.1250
269.0000;338.0000;0.0000;1014.0001;1359633.0000
273.0000;338.0000;0.0000;1009.0000;1359642.0000
276.0000;338.0000;0.0000;1015.0000;1359651.0000
280.0000;337.0000;0.0000;1012.0001;1359660.0000
284.0000;337.0000;0.0000;1011.0000;1359669.0000
287.0000;336.0000;0.0000;1015.0000;1359678.1250
290.0000;336.0000;0.0000;1010.0000;1359687.0000
294.0000;335.0000;0.0000;1016.0001;1359696.0000
297.0000;335.0000;0.0000;1018.0001;1359705.0000
300.0000;334.0000;0.0000;1010.0000;1359714.0000
302.0000;333.0000;0.0000;1016.0001;1359723.0000
305.0000;332.0000;0.0000;1019.0000;1359732.1250
308.0000;331.0000;0.0000;1019.0000;1359741.1250
310.0000;331.0000;0.0000;1023.0000;1359750.0000
312.0000;330.0000;0.0000;1023.0000;1359759.0000
314.0000;328.0000;0.0000;1023.0000;1359768.0000
316.0000;327.0000;0.0000;1023.0000;1359777.0000
318.0000;326.0000;0.0000;1023.0000;1359786.0000
320.0000;325.0000;0.0000;1023.0000;1359795.1250
323.0000;324.0000;0.0000;1023.0000;1359804.0000
325.0000;323.0000;0.0000;1023.0000;1359813.0000
327.0000;321.0000;0.0000;1023.0000;1359822.0000
329.0000;320.0000;0.0000;1023.0000;1359831.0000
331.0000;318.0000;0.0000;1023.0000;1359840.0000
334.0000;316.0000;0.0000;1023.0000;1359849.1250
336.0000;315.0000;0.0000;1023.0000;1359858.0000
337.0000;313.0000;0.0000;1023.0000;1359867.0000
339.0000;311.0000;0.0000;1023.0000;1359876.0000
341.0000;309.0000;0.0000;1023.0000;1359885.0000
344.0000;307.0000;0.0000;1023.0000;1359894.0000
346.0000;305.0000;12.0000;1023.0000;1359903.1250
348.0000;303.0000;0.0000;1023.0000;1359912.1250
350.0000;301.0000;0.0000;1023.0000;1359921.0000
351.0000;299.0000;0.0000;1023.0000;1359930.0000
353.0000;297.0000;0.0000;1023.0000;1359939.0000
354.0000;295.0000;0.0000;1023.0000;1359948.0000
356.0000;293.0000;0.0000;1023.0000;1359957.0000
357.0000;291.0000;0.0000;1023.0000;1359966.1250
359.0000;289.0000;0.0000;1023.0000;1359975.0000
360.0000;287.0000;0.0000;1023.0000;1359984.0000
362.0000;285.0000;0.0000;1023.0000;1359993.0000
363.0000;282.0000;0.0000;1023.0000;1360002.0000
365.0000;280.0000;0.0000;1023.0000;1360011.0000
366.0000;278.0000;0.0000;1023.0000;1360020.1250
367.0000;276.0000;0.0000;1023.0000;1360029.0000
368.0000;274.0000;0.0000;1023.0000;1360038.0000
369.0000;272.0000;0.0000;1023.0000;1360047.0000
370.0000;270.0000;0.0000;1023.0000;1360056.0000
371.0000;268.0000;0.0000;1023.0000;1360065.0000
372.0000;265.0000;0.0000;1023.0000;1360074.1250
374.0000;263.0000;0.0000;1023.0000;1360083.1250
376.0000;260.0000;0.0000;1023.0000;1360092.0000
377.0000;257.0000;0.0000;1023.0000;1360101.0000
379.0000;255.0000;0.0000;1023.0000;1360110.0000
381.0000;252.0000;0.0000;1023.0000;1360119.0000
382.0000;250.0000;0.0000;1023.0000;1360128.0000
384.0000;247.0000;0.0000;1023.0000;1360137.1250
385.0000;245.0000;0.0000;1023.0000;1360146.0000
386.0000;243.0000;0.0000;1023.0000;1360155.0000
387.0000;241.0000;0.0000;1023.0000;1360164.0000
388.0000;239.0000;0.0000;1023.0000;1360173.0000
389.0000;237.0000;0.0000;1023.0000;1360182.0000
391.0000;234.0000;0.0000;1023.0000;1360191.1250
392.0000;232.0000;0.0000;1023.0000;1360200.0000
393.0000;230.0000;0.0000;1023.0000;1360209.0000
395.0000;227.0000;0.0000;1023.0000;1360218.0000
396.0000;225.0000;0.0000;1023.0000;1360227.0000
398.0000;222.0000;0.0000;1023.0000;1360236.0000
399.0000;220.0000;0.0000;1023.0000;1360245.1250
401.0000;218.0000;0.0000;1023.0000;1360254.1250
402.0000;216.0000;0.0000;1023.0000;1360263.0000
403.0000;215.0000;0.0000;1023.0000;1360272.0000
404.0000;214.0000;0.0000;1023.0000;1360281.0000
405.0000;213.0000;0.0000;1023.0000;1360290.0000
406.0000;212.0000;0.0000;1023.0000;1360299.0000
407.0000;211.0000;12.0000;1023.0000;1360308.1250
407.0000;210.0000;0.0000;1023.0000;1360317.0000
408.0000;209.0000;12.0000;1023.0000;1360326.0000
408.0000;208.0000;0.0000;1023.0000;1360335.0000
408.0000;208.0000;0.0000;1023.0000;1360344.0000
409.0000;207.0000;0.0000;1023.0000;1360353.0000
409.0000;206.0000;0.0000;1023.0000;1360362.1250
410.0000;205.0000;0.0000;1023.0000;1360371.0000
411.0000;205.0000;0.0000;1023.0000;1360380.0000
411.0000;204.0000;0.0000;1023.0000;1360389.0000
412.0000;203.0000;0.0000;1023.0000;1360398.0000
412.0000;202.0000;0.0000;1023.0000;1360407.0000
413.0000;202.0000;0.0000;1023.0000;1360416.1250
413.0000;201.0000;0.0000;1023.0000;1360425.1250
413.0000;201.0000;0.0000;1023.0000;1360434.0000
414.0000;200.0000;0.0000;1023.0000;1360443.0000
414.0000;200.0000;0.0000;1023.0000;1360452.0000
414.0000;200.0000;0.0000;1023.0000;1360461.0000
415.0000;199.0000;0.0000;1023.0000;1360470.0000
415.0000;199.0000;0.0000;1023.0000;1360479.1250
415.0000;199.0000;0.0000;1023.0000;1360488.0000
415.0000;199.0000;0.0000;1023.0000;1360497.0000
415.0000;199.0000;0.0000;1023.0000;1360506.0000
415.0000;199.0000;0.0000;1023.0000;1360515.0000
415.0000;199.0000;0.0000;1023.0000;1360525.0000
415.0000;200.0000;0.0000;968.0000;1360534.0000
415.0000;202.0000;0.0000;873.0000;1360543.0000
414.0000;204.0000;0.0000;703.0001;1360552.0000
412.0000;205.0000;12.0000;276.0000;1360561.0000
