266.8749;201.2897;22.2954;32.2908;0.0000
266.9459;201.1477;0.0000;78.1003;9.0000
267.0169;201.0767;11.1477;110.8274;18.0000
267.0169;201.0767;0.0000;127.4013;27.0000
267.0880;201.0056;11.1477;138.4779;36.0000
267.1590;201.0056;11.1477;147.6967;45.0000
266.3010;200.9346;0.0000;156.7733;54.0000
266.4431;200.9346;0.0000;163.8556;63.0000
266.5851;200.8636;0.0000;181.9605;72.0000
266.7272;200.8636;0.0000;183.8095;81.0000
264.8095;202.3551;0.0000;187.7892;142.4169
264.8095;202.2841;11.1477;202.6359;151.4169
264.7385;202.2841;0.0000;220.1331;160.4169
264.7385;202.2841;0.0000;235.2041;169.4169
264.7385;202.2841;0.0000;230.8377;178.4169
264.6674;202.2841;0.0000;239.4003;187.4169
264.6674;203.1421;0.0000;264.1872;196.4169
265.5254;203.1421;0.0000;278.1105;205.4169
265.5254;203.1421;12.0000;288.5367;214.4169
265.4544;203.1421;0.0000;299.7498;224.3459
265.4544;203.1421;11.1477;313.3236;233.3459
265.4544;203.1421;0.8523;330.4003;242.3459
265.3833;203.0710;0.0000;348.8321;251.3459
266.3123;204.0000;11.1477;366.6956;260.3459
266.3123;204.0000;0.0000;381.9144;269.3459
266.3123;203.9290;0.0000;396.8490;278.3459
267.2413;203.9290;0.0000;411.8546;287.3459
268.1703;203.0000;0.0000;424.9313;296.3459
268.1703;203.0000;0.0000;438.0790;305.3459
269.0992;202.0710;0.8523;451.2977;314.3459
270.0282;201.1420;0.0000;458.3687;323.3459
270.0282;201.1420;0.0000;479.3744;332.3459
270.9572;200.2131;0.0000;489.5875;341.3459
271.8861;199.2841;0.0000;495.8715;350.3459
271.8861;198.3551;0.0000;503.2977;359.3459
272.7441;197.4261;0.0000;510.4398;368.3459
273.6731;196.4972;0.8523;517.9370;377.3459
273.6731;196.4972;0.0000;524.9313;386.3459
274.6021;195.5682;0.0000;533.5706;395.3459
274.6021;194.6392;0.0000;543.9967;404.3459
274.6021;193.7103;0.8523;552.8489;413.3459
274.6021;192.7813;0.0000;562.4172;422.3459
274.6021;190.9233;0.0000;566.9854;431.3459
274.6021;189.9944;0.0000;571.6246;440.3459
274.6021;188.9944;0.0000;577.1928;449.3459
274.6021;188.0654;0.0000;583.1928;458.3459
274.6021;187.1364;0.0000;587.6190;467.3459
274.6021;186.2074;0.0000;591.1872;476.3459
273.6731;185.2785;0.0000;592.9685;485.3459
273.6731;184.3495;0.0000;595.7497;494.3459
272.7441;182.4915;0.0000;597.6731;503.3459
272.7441;181.5626;0.0000;598.0992;512.3459
271.8151;180.6336;0.8523;599.5254;521.3459
270.8862;179.7046;0.0000;600.9515;530.3459
270.8862;178.7756;0.0000;601.5908;539.3459
269.9572;178.7756;0.0000;603.3010;548.3459
269.0282;177.8467;0.0000;605.7982;557.3459
268.0992;176.9177;0.0000;606.5795;566.3459
267.1703;176.9177;0.0000;607.7869;575.3459
266.2413;176.9177;0.0000;608.7102;584.3459
265.3123;176.8467;0.0000;608.6336;593.3459
263.3833;176.8467;0.0000;610.6336;602.3459
262.4544;176.8467;0.0000;608.4092;611.3459
260.5964;176.8467;0.0000;608.1195;620.3459
258.7385;176.8467;0.8523;609.1194;629.3459
256.8805;176.8467;0.0000;609.9717;638.3458
255.9515;176.8467;0.0000;610.1848;647.3458
255.0226;176.8467;0.8523;610.3269;656.3459
253.1646;176.8467;0.0000;611.1139;665.3459
252.2356;177.7757;0.8523;611.9718;674.3459
251.3067;177.7757;0.0000;610.1138;683.3459
250.3777;177.7757;0.0000;611.9008;692.3458
249.4487;177.7757;0.0000;612.7587;701.3458
248.5197;178.7046;0.0000;610.9718;710.3459
247.5908;178.7046;0.0000;615.2615;719.3459
245.7328;178.7046;0.0000;613.2615;728.3459
244.8749;179.6336;0.0000;616.9774;737.3459
243.9459;179.6336;0.0000;614.1905;746.3459
243.0169;179.6336;0.0000;615.1194;755.3458
242.1590;180.5626;0.0000;613.8354;764.3458
240.3010;180.5626;0.0000;613.4036;773.3459
239.3721;180.5626;0.8523;614.6166;782.3459
238.5141;181.4915;0.8523;613.4036;791.3459
237.5851;182.4205;0.0000;613.8354;800.3459
236.7272;182.4205;0.0000;612.5456;809.3459
236.7272;183.3495;0.0000;614.4036;818.3458
235.8692;184.2785;0.0000;617.1905;827.3459
234.9403;185.2074;0.0000;614.9064;836.3459
234.0823;186.1364;0.0000;615.3325;845.3459
233.2243;187.0654;0.0000;615.4036;854.3459
232.4374;188.9233;0.0000;614.4036;863.3459
231.5795;189.8523;0.0000;615.3325;872.3458
231.6505;190.7813;0.0000;614.6933;881.3458
230.7926;192.6392;0.0000;615.6166;890.3459
229.9346;193.4972;0.0000;615.6166;899.3459
230.0767;194.4262;0.0000;615.6877;908.3459
229.2187;196.2841;0.0000;616.0428;917.3459
229.2897;197.2131;0.0000;615.4746;926.3459
228.4318;199.0000;0.0000;615.0428;935.3458
228.5028;200.8579;11.1477;615.1138;944.3459
228.5739;201.7159;11.1477;616.0428;953.3459
228.6449;203.5738;0.0000;618.9718;962.3459
228.7159;205.4318;11.1477;613.8241;971.3459
228.7159;207.2187;0.0000;617.1139;980.3459
228.7869;209.0767;0.0000;616.3979;989.3458
229.7869;210.9346;0.0000;613.7531;998.3458
229.7869;212.7215;0.0000;617.5400;1007.3459
229.8579;214.5085;0.0000;615.8951;1016.3459
229.9290;216.2954;0.0000;615.8951;1025.3459
230.0000;218.1533;0.0000;616.8241;1034.3459
230.0000;220.8692;0.0000;616.9661;1043.3459
231.0000;222.6562;0.0000;620.6821;1052.3458
231.0710;224.4431;0.0000;619.8241;1061.3458
232.0710;226.2300;0.0000;618.1793;1070.3458
232.0710;228.0880;0.0000;618.3923;1079.3458
233.0000;230.8038;0.0000;617.5344;1088.3459
233.0710;232.5908;0.0000;619.4633;1097.3459
234.0000;234.3777;0.0000;618.5344;1106.3458
234.0000;236.2356;11.1477;619.6054;1115.3458
234.9290;238.0226;0.0000;618.6765;1124.3458
235.9290;239.8095;11.1477;623.6764;1133.3458
236.8580;241.6674;0.0000;620.6764;1142.3459
237.7869;243.4544;11.1477;620.6764;1151.3459
238.7159;244.3123;0.0000;620.9605;1160.3458
239.6449;246.1703;0.0000;621.8185;1169.3459
240.5739;247.9572;0.0000;623.8895;1178.3458
241.5028;248.8151;0.0000;623.1025;1187.3459
242.4318;250.6021;0.0000;622.3157;1196.3458
244.2897;251.5310;0.0000;627.8895;1205.3458
246.1477;252.3890;0.0000;625.2446;1214.3459
247.0767;254.1759;0.0000;627.3867;1223.3458
248.9346;255.1049;0.0000;628.3156;1232.3459
250.7926;255.0338;0.0000;632.3867;1241.3458
252.6505;255.8918;0.0000;629.3867;1250.3459
253.5795;256.7498;0.0000;629.4577;1259.4169
255.4374;257.6077;0.0000;630.5287;1268.4169
257.2954;258.4656;0.0000;634.2446;1277.4170
259.1533;259.3946;0.0000;636.2446;1286.4169
261.0113;259.3236;0.0000;634.4576;1295.4170
262.7982;260.1815;0.0000;638.3157;1304.4169
264.6562;260.1815;0.0000;636.5997;1313.4169
266.5141;260.1105;0.0000;639.3867;1322.4169
268.3010;260.9685;0.0000;636.8839;1331.4169
270.1590;260.8974;0.0000;638.5997;1340.4170
272.8749;260.8264;0.0000;639.8839;1349.4169
274.6618;260.7554;0.0000;639.7418;1358.4170
277.3777;260.7554;0.0000;641.6708;1367.4169
279.1646;260.6844;0.0000;642.6708;1376.4169
280.9515;259.6844;0.0000;641.8839;1385.4169
282.7385;259.6133;0.0000;642.0259;1394.4169
284.5254;258.6844;0.0000;647.8128;1403.4170
286.3123;258.6133;0.0000;644.1679;1412.4169
288.0992;257.6133;0.0000;643.3810;1421.4170
289.8862;257.6133;0.0000;642.7362;1430.4169
290.7441;257.5423;0.0000;643.5941;1439.4169
292.5310;256.6133;0.0000;643.4520;1448.4169
294.3180;256.5423;0.0000;643.5941;1457.4169
295.1759;255.5423;0.0000;645.4521;1466.4170
296.9628;255.5423;11.1477;646.3810;1475.4169
298.7498;254.5423;0.0000;647.5941;1484.4170
300.5367;253.6133;0.8523;649.2390;1493.4169
302.2526;252.6133;0.0000;651.0969;1502.4169
304.0395;251.6844;0.0000;649.5231;1512.3458
305.7554;250.6844;0.8523;649.2390;1521.3458
307.5423;249.7554;11.1477;651.0969;1530.3459
310.1872;247.8264;0.0000;649.2390;1539.3458
311.9741;246.8974;0.0000;652.9548;1548.3459
313.6900;245.9685;0.0000;651.0969;1557.3458
315.4059;244.9685;0.0000;651.2390;1566.3459
317.1928;244.0395;11.1477;652.1680;1575.3459
318.9087;243.1105;0.0000;652.1680;1584.3458
319.7667;242.1105;0.0000;657.7418;1593.3459
321.5536;241.1815;0.0000;658.6708;1602.3458
322.3405;239.3236;0.0000;655.9548;1611.3459
324.1274;238.3236;0.0000;661.5287;1620.3458
324.9854;237.3946;0.0000;658.7418;1629.3458
325.7723;236.4657;0.0000;661.4577;1638.3459
327.5592;234.5367;0.0000;658.7418;1647.3458
328.3462;233.6077;0.8523;658.7418;1656.3459
329.2041;231.7497;0.0000;660.5997;1665.3458
330.9200;230.8208;0.8523;661.5287;1674.3459
332.7069;228.9628;0.0000;664.5287;1683.3458
334.4228;228.0338;0.0000;667.4577;1692.3458
335.2808;226.1759;0.0000;664.3867;1701.3459
336.0677;225.2469;0.0000;668.1025;1710.3458
337.8546;224.2469;0.0000;671.8184;1719.3459
338.6415;223.3179;0.0000;672.6764;1728.3458
339.4995;221.4600;0.0000;672.7474;1737.3459
340.3574;220.5310;0.0000;676.5344;1746.3458
341.1444;219.6021;0.0000;678.3213;1755.3458
342.0023;218.7441;0.0000;680.1082;1764.3459
342.7892;216.8862;0.0000;681.0372;1773.3458
343.6472;215.9572;0.0000;681.9662;1782.3459
344.5052;214.0992;0.0000;683.8241;1791.3458
345.3631;213.2413;0.0000;683.8241;1800.3459
346.2210;211.3833;0.0000;685.6820;1809.3459
347.0790;209.5254;0.0000;686.6110;1818.3458
347.9369;208.5964;0.0000;690.3269;1827.3459
347.7949;206.8095;0.0000;689.1848;1836.3458
348.6528;205.8805;11.1477;690.2559;1845.3459
349.5108;204.0936;11.1477;692.1138;1854.3458
349.4397;202.3067;11.1477;692.9008;1863.3459
350.2267;201.3777;0.0000;697.5457;1872.3459
351.0846;199.5908;0.0000;698.4036;1881.3458
350.9426;197.8038;0.0000;688.5400;1890.3459
351.8005;196.0169;0.0000;706.7643;1899.3458
351.7295;194.2300;0.0000;715.1251;1908.3459
351.5874;192.4431;0.0000;717.0541;1917.3458
352.4454;191.5851;0.0000;719.8411;1926.3458
352.3744;189.7982;0.0000;723.5569;1935.3459
352.3033;187.9402;0.0000;726.2728;1944.3458
352.3033;186.1533;0.0000;733.6336;1953.3459
352.2323;185.2954;0.0000;729.9177;1962.3458
351.2323;183.5085;0.0000;731.1308;1971.3459
351.1613;181.7215;0.0000;731.9177;1980.3458
351.1613;180.0056;0.0000;732.6335;1989.3458
350.1613;178.2187;0.0000;735.5626;1998.3459
349.2323;176.4318;0.0000;733.4916;2007.3458
349.1613;174.6449;0.0000;734.4915;2016.3459
348.2323;172.9290;0.0000;735.5626;2025.3458
347.2323;170.2131;0.0000;735.6335;2034.3459
347.1613;168.4262;0.0000;737.1364;2043.3458
346.2323;165.7103;0.0000;740.9943;2052.3457
345.2323;163.9944;0.0000;736.5626;2061.3459
344.3033;162.2074;0.0000;739.1364;2070.3459
343.3033;160.4915;0.0000;739.9944;2079.3459
342.3744;158.7046;0.0000;739.0654;2088.3459
341.3744;156.9887;11.1477;739.9233;2097.3459
339.5164;155.2018;0.0000;740.0654;2106.3459
338.5874;153.4149;11.1477;740.2075;2115.3457
336.7295;151.6990;0.0000;740.8523;2124.3459
334.8715;149.9120;0.0000;739.9233;2133.3459
332.9426;148.1251;0.0000;740.9233;2142.3459
331.0846;146.4092;0.0000;741.2074;2151.3459
329.2267;145.5513;0.0000;740.9233;2160.3457
327.3687;143.7644;0.0000;740.0654;2169.3459
325.5108;142.0485;0.0000;740.9233;2178.3459
323.6528;140.2615;0.0000;739.1364;2187.3459
321.7949;138.5456;0.0000;739.9233;2196.3459
319.9369;137.6877;0.0000;741.7812;2205.3459
318.0790;135.9718;0.8523;740.8523;2214.3459
316.2210;134.1849;0.0000;740.0654;2223.3457
314.3631;133.3269;0.8523;738.7103;2232.3459
312.5051;131.5400;0.0000;738.6393;2241.3459
309.7892;130.7531;0.0000;739.0000;2250.3459
307.9313;128.9662;0.0000;737.0654;2259.3459
305.1443;128.1792;0.0000;736.7103;2268.3457
303.2864;127.3213;0.0000;739.4261;2277.3459
299.6415;126.4633;0.0000;739.0710;2286.3459
296.8546;125.6764;0.0000;735.9233;2295.3457
294.0677;125.7474;0.0000;738.6393;2304.3459
290.3518;124.9605;0.0000;735.9233;2313.3459
287.5649;125.0315;0.0000;735.9233;2322.3459
284.7780;124.2446;0.0000;735.9944;2331.3457
282.0620;124.3867;0.0000;735.9233;2340.3459
278.3462;124.4577;0.0000;736.1364;2349.3459
275.5592;123.6708;0.0000;739.6392;2358.3457
271.9143;123.8128;0.0000;736.0654;2367.3459
269.1274;123.8839;0.0000;740.7812;2376.3459
266.4116;123.0969;0.0000;736.0654;2385.3459
262.6956;123.1679;0.0000;735.2074;2394.3457
259.9797;123.3100;0.0000;736.2785;2403.3459
257.1928;123.3810;11.1477;736.0654;2412.3459
254.4769;123.4520;0.0000;734.2784;2421.3457
251.7610;123.5941;0.8523;734.4915;2430.3459
248.9741;123.6651;11.1477;735.2074;2439.3459
247.1872;123.8072;0.8523;733.4916;2448.3459
244.4713;123.9492;0.0000;737.4205;2457.3457
240.7554;124.0202;12.0000;733.4916;2466.3459
238.0395;125.0913;0.0000;733.5626;2475.3459
235.3236;125.1623;0.8523;733.6336;2484.3457
231.6077;125.3044;0.0000;733.5626;2493.3459
228.8918;126.3754;0.0000;733.6336;2502.3459
227.1049;126.4464;0.0000;733.7047;2511.3459
224.3890;126.5885;0.0000;733.7756;2520.3457
221.6731;127.5885;0.0000;734.9887;2529.3459
219.8862;127.7305;0.0000;728.3439;2538.3459
217.1703;127.8015;0.0000;732.9887;2547.4167
215.3833;128.8726;0.0000;733.9177;2556.4170
212.6674;128.9436;0.0000;733.9177;2565.4170
209.9515;129.9436;0.0000;732.9887;2574.4167
207.2356;130.0856;0.0000;732.1307;2583.4167
204.5197;131.0856;0.0000;731.2018;2592.4170
201.8038;132.1567;0.0000;731.2018;2601.4170
199.0880;133.1567;0.0000;730.2728;2610.4167
196.3721;134.2277;0.0000;730.3438;2619.4170
194.6561;135.2277;0.0000;730.7700;2628.4170
191.9403;136.2277;0.0000;728.6280;2637.4167
189.2244;138.1567;0.0000;728.6280;2646.4167
187.4374;139.1567;0.8523;729.6279;2655.4170
184.7926;140.1567;0.0000;729.1251;2664.4170
182.0767;141.1567;0.0000;729.8410;2673.4167
180.3608;142.1567;0.0000;733.9830;2682.4170
177.6449;144.0856;0.0000;733.9830;2691.4170
175.9290;145.0856;0.0000;729.1251;2700.4167
174.1420;146.0146;0.0000;729.1251;2709.4167
172.4262;147.0146;11.1477;729.3382;2718.4170
170.6392;148.8726;0.0000;729.3382;2727.4170
168.9233;149.8726;0.8523;727.4802;2736.4167
167.2074;150.8015;0.0000;727.5513;2745.4170
166.4205;152.6595;0.0000;726.7644;2754.4170
164.7046;153.5885;11.1477;727.0485;2763.4167
162.9887;155.5174;0.0000;729.5513;2772.4167
162.2018;157.3754;0.0000;726.9064;2781.4170
160.4149;159.2333;0.0000;727.1906;2791.3459
159.6280;161.0913;0.0000;727.2615;2800.3457
157.9120;162.9492;0.0000;726.9774;2809.3459
157.0541;164.8072;0.0000;727.2615;2818.3459
155.3382;166.6651;0.0000;727.9774;2827.3459
153.6223;168.5231;0.0000;729.9064;2836.3457
152.8354;169.4521;0.0000;728.1195;2845.3459
152.0485;171.3810;0.0000;728.0485;2854.3459
150.4036;173.2390;0.0000;730.9064;2863.3457
149.6167;175.0969;0.0000;727.1195;2872.3459
147.9008;176.9549;0.8523;727.1906;2881.3459
147.1138;178.8128;0.0000;727.1906;2890.3457
147.2559;180.6708;0.0000;726.4036;2899.3457
146.4690;182.5287;0.0000;726.3325;2908.3459
145.6821;184.3867;0.0000;725.5457;2917.3459
145.8241;186.2446;0.0000;724.8298;2926.3457
145.9662;189.0315;0.0000;724.6167;2935.3459
145.1792;190.8895;0.0000;724.6167;2944.3459
145.3213;192.7474;0.0000;726.4746;2953.3457
144.4633;194.6054;0.0000;724.6877;2962.3457
144.6054;197.3923;0.0000;730.3326;2971.3459
143.8895;199.2502;0.0000;725.7587;2980.3459
144.0315;201.0372;0.0000;723.9008;2989.3457
144.1736;203.8241;0.0000;723.8297;2998.3459
143.3156;205.6821;0.0000;723.2559;3007.3459
143.4577;207.4690;11.1477;724.8298;3016.3457
143.5287;210.2559;0.0000;725.1138;3025.3457
143.6708;212.1138;0.0000;717.6820;3034.3459
143.7418;213.9718;0.0000;719.6821;3043.3459
143.8128;216.7587;0.0000;714.8951;3052.3457
144.8128;218.5456;0.0000;718.8951;3061.3459
144.8839;220.4036;0.0000;714.1082;3070.3459
145.8839;223.1195;0.0000;714.3213;3079.3457
146.9549;225.9064;0.0000;717.1792;3088.3457
147.9549;227.6933;0.0000;714.4633;3097.3459
148.0969;230.4803;0.0000;714.6054;3106.3459
149.0969;233.1962;0.0000;714.9605;3115.3457
150.0969;234.9831;0.0000;716.6054;3124.3459
151.1679;237.7700;0.0000;714.8895;3133.3459
152.1679;240.4859;11.1477;714.9605;3142.3457
153.1680;243.2018;0.0000;715.1025;3151.3459
154.1680;244.9887;11.1477;715.1736;3160.3459
155.2390;247.7046;11.1477;715.1736;3169.3459
156.2390;250.4205;0.0000;715.3156;3178.3457
157.2390;252.2074;0.0000;715.3867;3187.3459
159.1679;254.8523;0.0000;715.3867;3196.3459
160.1679;256.6392;0.0000;715.4577;3205.3457
161.1680;259.3551;0.0000;715.5997;3214.3459
163.0969;261.1421;0.0000;715.7418;3223.3459
164.0969;263.8579;0.0000;715.8128;3232.3459
165.0969;265.6449;0.0000;716.9548;3241.3457
167.0259;268.3608;0.8523;716.0259;3250.3459
167.9549;271.0056;0.0000;716.0969;3259.3459
168.9549;272.7926;0.0000;716.0259;3268.3457
170.8838;275.5085;0.8523;717.0259;3277.3459
171.8839;277.2954;0.0000;719.7418;3286.3459
173.8128;279.0823;0.0000;716.0969;3295.3459
175.7418;280.8692;0.0000;718.8839;3304.3457
177.5997;282.6561;0.8523;719.0969;3313.3459
180.4577;284.4431;11.1477;716.3100;3322.3459
182.3867;286.2300;0.0000;716.4520;3331.3457
184.2446;287.9459;0.0000;717.4520;3340.3459
187.1026;289.7328;11.1477;716.5231;3349.3459
188.9605;291.5197;0.0000;716.5231;3358.3459
191.8185;292.3777;0.0000;717.5231;3367.3457
193.7474;294.0936;0.0000;716.5941;3376.3459
195.6054;295.8805;0.0000;716.5231;3385.3459
197.5344;296.7385;0.0000;716.5941;3394.3457
199.4633;298.4544;0.0000;720.3100;3403.3459
201.3923;299.3123;0.0000;716.5941;3412.3459
203.3213;300.1703;0.0000;719.3810;3421.3457
205.2503;301.8861;0.0000;716.5231;3430.3457
207.1792;302.7441;0.0000;716.6651;3439.3459
209.0372;303.5310;0.0000;717.5941;3448.3459
210.9661;305.3180;0.0000;716.6651;3457.3457
212.8951;306.1049;0.0000;716.6651;3466.3459
215.7531;306.9628;0.0000;719.5231;3475.3459
217.6820;307.7498;0.0000;719.5941;3484.3457
219.5400;309.5367;0.0000;719.6651;3493.3457
221.4690;310.3236;0.0000;719.6651;3502.3459
223.3269;311.1815;0.0000;716.8782;3511.3459
225.2559;311.9685;0.0000;717.8071;3520.3457
228.0428;312.8264;0.0000;718.8782;3529.3459
229.9718;313.6133;0.0000;718.2333;3538.3459
231.8297;314.4713;0.0000;719.6651;3547.3457
233.7587;315.2582;0.0000;722.8072;3556.3457
235.6167;316.1161;0.0000;718.8072;3565.3459
238.4746;316.9031;0.0000;718.9492;3574.3459
240.3326;317.7610;0.0000;718.0912;3583.3457
243.1905;317.6190;0.0000;719.0913;3592.3459
245.0485;318.4769;0.0000;719.1624;3601.3459
247.8354;319.3349;0.0000;718.3043;3610.3457
249.6933;320.1928;0.8523;719.1624;3619.3457
251.6223;320.0508;0.8523;719.3044;3628.3459
254.4092;320.9087;0.0000;719.3044;3637.3459
256.2672;321.7667;11.1477;719.3754;3646.3457
258.1251;321.6246;0.0000;718.3100;3655.3459
260.9120;322.4826;0.0000;720.3698;3664.3459
262.7700;322.4115;0.0000;720.1567;3673.3457
264.6280;323.1985;0.0000;721.1567;3682.3459
267.4149;324.0564;0.0000;721.2987;3691.3459
269.2728;323.9854;11.1477;721.5118;3700.3459
272.0598;324.7723;0.0000;721.5828;3709.3457
274.7756;324.7013;0.0000;721.5828;3718.3459
276.6336;325.4882;0.0000;722.6538;3727.3459
279.4205;325.4172;0.0000;722.7249;3736.3457
281.2074;325.3462;0.0000;725.5828;3745.3459
283.9944;325.2041;0.0000;725.0800;3754.3459
285.8523;325.1331;0.0000;722.9379;3763.3459
288.5682;324.9910;0.0000;722.2220;3772.3457
290.4262;324.9200;0.0000;724.3641;3781.3459
293.1420;324.7780;0.0000;724.0800;3790.3459
295.0000;324.7069;0.0000;725.3641;3799.3457
296.7869;324.5649;11.1477;722.6482;3808.3459
299.5028;324.4939;0.0000;723.3641;3817.3459
301.2897;324.4229;0.0000;722.5062;3826.4170
303.1477;324.2808;0.0000;723.5061;3835.4167
305.8636;324.2097;0.0000;722.6482;3844.4170
307.5795;324.0677;0.0000;724.5062;3853.4170
309.3664;323.9967;0.0000;723.8613;3862.4167
312.0823;323.8546;0.0000;723.7192;3871.4170
313.8692;323.7836;0.0000;724.7192;3880.4170
315.5851;323.6415;0.0000;726.9323;3889.4170
317.3720;323.5705;0.0000;726.0743;3898.4167
320.0169;322.4995;0.0000;724.0033;3907.4170
321.8039;322.4285;0.0000;724.0033;3916.4170
323.5908;322.3575;0.8523;724.9323;3925.4167
326.2357;322.2154;0.0000;725.8613;3934.4170
328.0226;321.2154;0.8523;724.9323;3943.4170
329.8095;321.1443;0.0000;725.9323;3952.4167
331.5254;320.0733;0.8523;725.8613;3961.4167
333.3123;320.0023;0.0000;726.0034;3970.4170
335.0282;319.0023;0.8523;726.9323;3979.4170
336.7441;318.8603;0.0000;726.2874;3988.4167
338.5310;317.8603;0.0000;726.0034;3997.4170
340.2469;316.8603;0.0000;727.2164;4006.4170
341.9628;316.7892;0.0000;727.0033;4015.4167
343.6787;315.7182;0.0000;727.0033;4024.4167
345.4656;314.7182;0.0000;727.0743;4033.4170
347.1815;313.7182;0.0000;726.2164;4042.4170
348.8974;312.6472;0.0000;731.8613;4051.4167
350.6133;311.6472;0.0000;727.2164;4060.4170
353.3292;310.6472;0.0000;728.2164;4069.4170
355.9741;308.7182;0.0000;729.0743;4079.3459
357.6900;307.7182;0.0000;729.2164;4088.3457
360.4059;305.7892;0.0000;729.2164;4097.3457
363.0508;304.7892;0.0000;730.0033;4106.3457
364.7667;302.8603;0.0000;728.2875;4115.3457
367.4826;301.8603;0.0000;730.2874;4124.3457
369.1985;299.9313;0.0000;731.8613;4133.3457
371.8434;298.0023;0.0000;731.0743;4142.3462
373.5592;297.0023;0.0000;731.0033;4151.3457
375.2751;295.0733;0.0000;731.9323;4160.3457
377.9200;294.0733;0.0000;733.2164;4169.3457
379.6359;292.1444;11.1477;734.7903;4178.3457
382.2808;291.1443;0.0000;734.0033;4187.3457
384.0677;289.2154;0.0000;733.8613;4196.3457
386.7126;287.2864;12.0000;734.7903;4205.3462
389.3574;285.3575;0.0000;734.9323;4214.3457
391.0734;282.4995;0.0000;734.9323;4223.3457
393.7182;280.6415;0.0000;737.7192;4232.3457
396.4341;278.7126;0.0000;737.8613;4241.3457
399.0790;275.8546;0.0000;737.7903;4250.3457
401.7238;273.9257;0.0000;737.8613;4259.3457
404.4398;272.0677;0.0000;737.7192;4268.3457
406.1556;269.2097;0.0000;738.7902;4277.3457
408.8005;267.2808;0.0000;737.7903;4286.3457
411.4454;264.4939;0.0000;739.7192;4295.3462
414.0903;261.6359;0.0000;739.6482;4304.3457
415.8062;259.7069;0.0000;739.5771;4313.3457
418.5221;256.8490;0.0000;743.4351;4322.3457
420.2380;254.0620;0.0000;742.5061;4331.3457
422.8828;251.2041;0.0000;741.5771;4340.3457
425.5277;249.2751;0.0000;743.3641;4349.3457
427.2436;246.4882;0.0000;743.2931;4358.3462
428.9595;243.6302;0.0000;749.8669;4367.3457
430.6754;241.7013;0.0000;746.5828;4376.3457
432.3913;238.9144;0.8523;749.8669;4385.3457
433.1782;236.1274;0.0000;753.5828;4394.3457
433.8941;233.2695;0.0000;749.7959;4403.3457
435.6100;230.4826;0.0000;749.7959;4412.3457
436.3969;227.6246;0.0000;751.6538;4421.3462
437.1128;224.8377;0.0000;752.6539;4430.3457
437.8997;222.9798;0.8523;752.6539;4439.3457
438.6867;220.1218;0.0000;753.5828;4448.3457
438.5446;217.3349;0.0000;758.2277;4457.3457
439.2605;213.6190;0.0000;755.4408;4466.3462
440.0475;210.8320;0.0000;755.3698;4475.3457
439.8344;208.0451;0.0000;758.1567;4484.3457
439.6923;205.2582;0.8523;759.0856;4493.3457
439.5503;203.3292;11.1477;760.0146;4502.3457
439.3372;200.5423;11.1477;763.7305;4511.3457
439.1952;198.6844;0.0000;765.6595;4520.3462
438.1241;195.8974;0.0000;763.8016;4529.3462
437.0531;193.1105;0.0000;749.9379;4538.3457
435.9821;191.2526;0.8523;770.3044;4547.3457
434.9110;188.4657;0.0000;773.0203;4556.3457
433.7690;185.6787;0.0000;775.8782;4565.3457
431.7690;182.9628;0.0000;775.9492;4574.3457
430.6980;181.1049;0.0000;778.5941;4583.3462
429.5559;178.3179;0.0000;777.7361;4592.3462
427.5559;175.5310;0.0000;781.4521;4601.3457
426.4138;172.8151;0.0000;778.5941;4610.3457
424.4138;170.0282;0.0000;779.5231;4619.3457
422.3428;167.2413;0.0000;778.6652;4628.3457
420.3428;164.5254;0.0000;778.6652;4637.3457
419.2718;160.8095;0.0000;779.6651;4646.3462
417.2008;158.0936;0.0000;779.5231;4655.3462
415.2008;155.3067;0.0000;778.5941;4664.3457
413.2008;152.5908;0.0000;778.7361;4673.3457
411.1298;149.8749;0.0000;780.5231;4682.3457
409.1297;147.0880;0.0000;779.5941;4691.3457
407.1298;143.4431;0.0000;779.8072;4700.3457
405.0587;140.7272;0.0000;780.5941;4709.3462
403.0587;138.0113;0.0000;778.7361;4718.3462
400.1298;134.3664;0.0000;780.6651;4727.3457
398.1297;131.6505;0.0000;783.5231;4736.3457
396.1298;128.9346;0.0000;781.5231;4745.3457
394.2008;126.2187;0.0000;781.5941;4754.3457
391.2718;123.5028;0.0000;779.8782;4763.3457
389.2718;120.7869;0.0000;780.0913;4772.3462
386.3428;118.0710;0.0000;780.7361;4781.3462
383.4138;115.3551;0.0000;779.1624;4790.3457
380.4849;112.6392;0.0000;778.8782;4799.3457
377.6269;109.9233;0.0000;780.8071;4808.3457
373.7690;108.1364;11.1477;778.9492;4817.3457
370.8400;105.4205;0.0000;779.8782;4826.3462
367.9821;103.6336;0.0000;778.8072;4835.3462
364.1241;100.9177;0.0000;778.9492;4844.3462
361.2661;98.2018;0.0000;778.9492;4853.3457
357.4792;96.4149;0.0000;777.9492;4862.3457
353.6923;93.6990;0.0000;778.8782;4871.3457
349.8344;91.9120;0.0000;778.9492;4880.3457
346.0474;89.1962;0.0000;777.9492;4889.3462
342.2605;87.4803;0.0000;776.9492;4898.3462
338.5446;85.6933;0.0000;780.5941;4907.3462
333.8287;83.0485;0.0000;776.0913;4916.3457
330.0418;81.2615;0.0000;777.9492;4925.3457
325.3259;79.5456;0.0000;769.5884;4934.3457
321.5390;77.8297;0.8523;778.8782;4943.3457
316.8231;76.1138;0.0000;777.8782;4952.3462
312.1072;74.3979;0.0000;779.8072;4961.3462
307.4623;72.6820;0.0000;776.1624;4970.3462
302.7464;71.8951;0.0000;776.0913;4979.3457
298.0305;70.1792;0.0000;773.3044;4988.3457
292.4567;69.3923;0.0000;774.3043;4997.3457
286.8118;68.5344;0.0000;776.0203;5006.3457
281.1669;67.7474;0.0000;776.0913;5015.3462
275.5221;66.9605;0.0000;776.1624;5024.3462
270.8062;66.1736;0.0000;774.3043;5033.3462
265.2323;66.2446;0.0000;774.3043;5042.3457
259.5874;65.4577;0.0000;776.1624;5051.3457
253.9426;65.5997;0.0000;780.1623;5060.3457
248.2977;64.8128;0.0000;773.3044;5069.3457
242.6528;65.0259;0.0000;774.3043;5078.3462
236.0790;65.1679;0.0000;774.2333;5087.3462
230.4341;65.3100;0.0000;776.1624;5096.3457
223.9313;65.4520;0.0000;776.0203;5105.3457
217.3574;65.6651;0.0000;774.1623;5114.4170
211.7126;65.8072;0.0000;774.1623;5123.4170
206.0677;65.9492;0.0000;778.8072;5132.4170
200.4939;66.1623;0.0000;775.9492;5141.4170
193.9200;67.2333;0.0000;774.0912;5150.4170
188.2751;67.3754;0.0000;772.0912;5159.4165
182.7013;68.4464;0.0000;771.1623;5168.4170
178.0564;69.5885;0.0000;775.8072;5177.4170
172.4115;70.6595;0.0000;772.8782;5186.4170
166.8377;71.8015;0.0000;771.7361;5195.4170
161.2639;72.8726;0.0000;772.0912;5204.4170
156.6190;74.8726;0.0000;773.5941;5213.4170
150.9741;76.8726;0.0000;771.3100;5222.4165
146.3292;78.0146;0.0000;771.2390;5231.4170
141.6844;80.0146;0.0000;771.1679;5240.4170
137.0395;82.0856;0.0000;771.1679;5249.4170
131.4657;84.0856;0.0000;771.0969;5258.4170
126.8918;87.0856;0.0000;770.1680;5267.4170
122.2469;89.0856;0.0000;771.0259;5276.4170
116.6731;92.0856;0.0000;769.1680;5285.4165
112.0992;94.0856;0.0000;769.2390;5294.4170
106.5254;97.0146;0.0000;770.0969;5303.4170
101.9515;100.0146;0.0000;769.0969;5312.4170
98.2356;102.0146;0.0000;770.1680;5321.4170
94.5908;105.0146;0.0000;771.0259;5330.4170
91.8749;107.9436;12.0000;763.5231;5339.4170
88.2300;110.8726;12.0000;769.1680;5348.4165
84.5141;112.9436;0.8523;774.6708;5357.4170
81.7982;116.8015;0.0000;770.0969;5367.3462
79.0823;119.7305;0.0000;771.0969;5376.3462
77.2954;122.7305;0.0000;770.9548;5385.3457
75.5085;126.5885;0.0000;770.0259;5394.3457
73.7215;130.4464;0.0000;770.9548;5403.3457
71.9346;134.3044;0.0000;770.9548;5412.3457
70.0767;138.1623;0.0000;771.0259;5421.3457
69.2187;142.9492;0.0000;771.9549;5430.3462
68.3608;146.8072;11.1477;774.7418;5439.3462
66.5738;150.7362;0.0000;772.8128;5448.3457
65.7159;155.5231;0.0000;774.7418;5457.3457
64.7869;159.3810;0.0000;774.6708;5466.3457
64.8579;163.2390;0.0000;776.5997;5475.3457
64.0000;167.0969;0.0000;774.6708;5484.3457
64.0710;170.9549;0.0000;778.3867;5493.3462
64.1421;175.7418;0.0000;774.7418;5502.3462
64.2131;179.5997;0.0000;776.5997;5511.3457
65.2131;184.3867;0.8523;775.5997;5520.3457
66.2131;188.1736;0.0000;775.9549;5529.3457
67.2131;192.9605;0.0000;778.3867;5538.3457
68.2131;197.7474;0.8523;774.7418;5547.3457
69.2131;202.5344;0.0000;774.7418;5556.3462
71.1421;207.3213;0.0000;771.9549;5565.3462
72.2131;211.1792;0.0000;774.7418;5574.3457
74.1421;215.8951;0.0000;771.0259;5583.3457
76.0710;220.6821;0.8523;763.5231;5592.3457
78.0710;225.3979;0.0000;768.2390;5601.3457
80.0000;230.1849;0.0000;765.7362;5610.3457
82.0000;234.9008;0.0000;767.3810;5619.3462
84.8579;240.6167;0.0000;764.8072;5628.3462
86.8579;245.3326;11.1477;764.5231;5637.3457
88.8579;250.0485;0.0000;765.4521;5646.3457
90.7869;254.7644;0.0000;765.5231;5655.3457
92.7869;259.4803;0.0000;765.4521;5664.3457
94.7159;264.2672;0.0000;771.0259;5673.3462
97.6449;268.9831;0.0000;768.3099;5682.3462
100.5028;273.6990;0.0000;767.3100;5691.3462
103.4318;278.4859;0.0000;768.3810;5700.3457
106.2897;282.2728;0.0000;767.3810;5709.3457
110.1477;287.0597;0.0000;767.3810;5718.3457
113.0056;291.7757;11.1477;769.0969;5727.3457
116.7926;296.4915;0.0000;771.0969;5736.3462
120.6505;300.3495;0.0000;768.3099;5745.3462
124.4374;305.0654;0.0000;769.3100;5754.3462
127.3664;308.8523;0.8523;768.8128;5763.3457
131.1533;312.6392;0.0000;773.0259;5772.3457
135.0113;317.3551;0.0000;771.0969;5781.3457
138.7982;321.1421;0.0000;768.6651;5790.3457
142.6562;325.7869;0.0000;769.3100;5799.3462
146.4431;329.5739;0.0000;771.1679;5808.3462
150.3010;333.4318;11.1477;769.7418;5817.3462
155.0169;337.2187;11.1477;770.2390;5826.3457
158.8749;341.0056;23.1477;769.3100;5835.3457
163.6618;343.8636;0.0000;769.3100;5844.3457
168.3777;346.7215;0.0000;770.2390;5853.3457
174.0936;349.5795;0.0000;771.1679;5862.3462
179.8095;351.4374;0.0000;770.3810;5871.3462
185.4543;353.3664;0.0000;772.0969;5880.3462
191.1703;355.2954;0.0000;771.2390;5889.3457
196.8862;357.2244;0.8523;771.1679;5898.3457
203.5310;359.1533;0.0000;772.0969;5907.3457
209.2469;360.0823;0.0000;773.0259;5916.3457
215.8918;362.0113;0.0000;773.0969;5925.3462
221.6077;363.9403;0.0000;772.5231;5934.3462
228.2526;364.9402;0.8523;773.0259;5943.3457
234.8974;366.7982;0.0000;767.5231;5952.3457
241.5423;367.7982;0.0000;773.1680;5961.3457
248.1872;368.7272;0.0000;773.0969;5970.3457
254.9031;369.7272;11.1477;775.0259;5979.3457
262.4769;369.7982;0.0000;775.9549;5988.3462
269.1218;370.7272;0.0000;775.8839;5997.3462
276.6956;370.7982;0.8523;776.8128;6006.3457
284.2695;370.8692;0.0000;776.8839;6015.3457
291.8433;371.8692;0.8523;777.8839;6024.3457
299.4882;371.8692;0.0000;779.6708;6033.3457
307.0620;371.0113;0.0000;778.7418;6042.3457
314.6359;371.0823;0.8523;780.6708;6051.3462
321.2808;371.0823;0.0000;779.6708;6060.3462
328.8546;370.2243;0.0000;780.6708;6069.3457
336.4995;369.2954;0.0000;781.5997;6078.3457
344.0733;368.4374;0.0000;775.1680;6087.3457
350.7182;366.5795;11.1477;784.4577;6096.3457
359.2921;365.6505;0.0000;783.5998;6105.3457
365.9369;363.7926;0.0000;783.5998;6114.3462
373.5108;361.9346;0.0000;783.5287;6123.3462
380.1556;360.0767;0.0000;786.3156;6132.3457
386.8005;358.2187;0.0000;787.3867;6141.3457
394.3744;356.3608;0.0000;786.3156;6150.3457
401.0192;353.5739;11.1477;786.3867;6159.3457
407.6641;351.7159;0.0000;789.1025;6168.3457
414.3090;348.9290;0.0000;786.4576;6177.3462
420.9539;347.0710;0.0000;787.3867;6186.3462
428.5277;344.2841;0.0000;788.2446;6195.3457
435.1726;341.4972;0.0000;789.1736;6204.3457
440.8885;339.6393;0.0000;789.2446;6213.3457
447.5334;336.8523;0.0000;791.1025;6222.3457
454.1782;334.0654;0.0000;792.0315;6231.3457
459.8941;331.2785;0.0000;791.1736;6240.3462
465.5390;328.4915;0.0000;792.1025;6249.3462
471.2549;325.6336;0.0000;792.5344;6258.3457
476.0418;322.8466;0.0000;793.0316;6267.3457
480.8287;320.0597;0.0000;794.0316;6276.3457
484.6867;317.2728;0.0000;798.6054;6285.3457
488.5446;314.4149;0.0000;796.2502;6294.3457
492.3315;310.6990;0.0000;798.7474;6303.3462
495.2605;307.9120;0.0000;798.7474;6312.3462
498.1185;304.1251;0.0000;798.7474;6321.3457
500.1185;301.3382;0.0000;800.9605;6330.3457
502.1185;297.6223;0.0000;801.6054;6339.3457
504.1185;293.8354;0.0000;803.4633;6348.3457
506.1185;290.1195;0.0000;805.2502;6357.3457
508.0475;287.2615;0.0000;806.1792;6366.3462
510.0475;283.5457;0.0000;811.7531;6375.3462
511.1185;279.8297;0.0000;811.8241;6384.3457
513.0474;276.0428;0.0000;806.4633;6393.3457
515.0474;272.3269;0.0000;808.1793;6402.4170
516.0474;268.5400;0.0000;811.1082;6411.4170
518.0474;264.8241;0.0000;809.1082;6420.4170
519.0474;261.0372;0.0000;812.0372;6429.4170
520.1185;257.3213;0.0000;809.2502;6438.4170
521.1185;253.5344;0.0000;810.1792;6447.4165
521.2605;249.7474;0.0000;815.7531;6456.4170
521.4026;246.0315;0.0000;812.0372;6465.4170
521.4736;242.2446;0.0000;813.8951;6474.4170
521.6157;239.4577;0.0000;814.8241;6483.4170
521.7577;236.5997;0.0000;816.6821;6492.4170
521.8287;232.8128;0.0000;817.6110;6501.4170
521.9708;230.0259;0.0000;818.6110;6510.4165
522.1129;227.1679;0.0000;820.4690;6519.4170
521.3259;224.3100;0.0000;825.9718;6528.4170
521.4680;221.5231;0.0000;823.1849;6537.4170
520.6100;219.5941;11.1477;829.6877;6546.4170
519.8231;216.7361;11.1477;826.2559;6555.4170
519.9651;213.9492;0.0000;819.8241;6564.4170
519.1072;212.0202;0.0000;826.0428;6573.4165
519.2492;210.0913;0.0000;813.1082;6582.4170
518.3913;207.2333;0.0000;836.2615;6591.4170
517.6044;205.3044;0.0000;840.0485;6600.4170
517.7464;203.3754;0.0000;841.1195;6609.4170
516.8885;201.4464;0.0000;842.9774;6618.4170
517.1016;199.5174;0.0000;841.1195;6627.4170
516.2436;197.5885;0.0000;842.9774;6636.4165
515.4567;196.5885;0.0000;845.1905;6645.4170
515.5987;194.6595;0.0000;849.0541;6655.3462
514.7408;193.6595;0.0000;844.9774;6664.3462
514.8828;192.5885;0.0000;845.8353;6673.3457
514.0249;191.5885;0.8523;846.7644;6682.3457
514.1669;190.5885;0.0000;846.7644;6691.3457
513.3090;190.5174;0.8523;845.9064;6700.3457
513.4510;189.5174;0.0000;844.9064;6709.3457
513.5220;189.4464;0.0000;835.0428;6718.3462
513.5931;189.3754;0.8523;807.0316;6727.3462
513.7351;189.3044;0.0000;746.5062;6736.3457
513.8062;189.2333;0.0000;650.8218;6745.3457
514.8062;189.1623;0.0000;533.9841;6754.3457
514.8772;189.0913;0.0000;103.7979;6763.3457
21.6628;21.8049;0.0000;63.9230;529.6380
21.7338;21.7338;0.0000;64.0651;530.2772
21.8049;21.6628;0.0000;64.1361;530.9164
21.8759;21.5208;0.0000;64.1361;531.5557
21.9469;21.4497;0.0000;64.2782;532.1949
22.0179;21.3787;0.8523;64.1361;532.8341
22.0890;21.3077;0.0000;64.2782;533.4733
22.1600;21.2367;0.0000;64.2782;534.1126
22.1600;21.0946;0.0000;64.2072;534.7518
22.2310;21.0236;0.0000;64.1361;535.3911
22.3020;20.9526;0.0000;64.2072;536.0303
22.3731;20.8815;0.0000;64.2072;536.6695
22.4441;20.8105;0.0000;64.4913;537.3087
22.5151;20.6685;0.0000;64.2072;537.9480
22.5861;20.5974;0.0000;64.2782;538.5872
22.6572;20.5264;0.0000;64.2782;539.2264
22.7282;20.4554;0.0000;64.2072;539.8657
22.7992;20.3133;0.0000;64.1361;540.5049
22.8702;20.2423;0.0000;64.2782;541.1441
22.9413;20.1713;0.0000;64.1361;541.7833
23.0123;20.0292;0.0000;64.2072;542.4226
23.0833;19.9582;0.0000;64.2782;543.0618
23.1543;19.8872;0.0000;64.7043;543.7010
23.2254;19.7451;0.0000;64.4913;544.3403
23.2964;19.6741;0.0000;64.5623;544.9795
23.2964;19.6031;0.0000;64.7043;545.6187
23.3674;19.5320;0.0000;64.7043;546.2580
23.4385;19.3900;0.0000;64.9174;546.8972
23.4385;19.3190;0.0000;64.7043;547.5364
23.5095;19.2479;0.0000;64.7043;548.1757
23.5805;19.1769;0.0000;64.5623;548.8149
23.5805;19.0349;0.0000;64.6333;549.4541
23.6515;18.9638;0.0000;64.5623;550.0933
23.7226;18.8928;0.0000;64.6333;550.7326
23.7936;18.8218;0.0000;64.7754;551.3718
23.7936;18.7508;0.0000;64.5623;552.0110
23.8646;18.6087;0.0000;64.7043;552.6503
23.9356;18.5377;0.0000;64.4913;553.2895
24.0067;18.4667;0.0000;64.4913;553.9287
24.0067;18.3956;0.0000;64.7754;554.5680
24.0777;18.3246;0.0000;64.7043;555.2072
24.1487;18.2536;0.0000;64.4913;555.8464
24.2197;18.1826;0.0000;64.4913;556.4857
24.2908;18.0405;0.8523;64.9174;557.1249
24.2908;17.9695;0.8523;64.6333;557.7641
24.3618;17.8985;0.8523;64.7043;558.4033
24.3618;17.8274;0.0000;64.7043;559.0426
24.4328;17.7564;0.0000;64.6333;559.6818
24.5038;17.6854;0.0000;64.6333;560.3210
24.5038;17.6144;0.0000;64.6333;560.9603
24.5749;17.4723;0.0000;64.8464;561.5995
24.6459;17.4013;0.0000;64.4913;562.2387
24.7169;17.3302;0.0000;64.4913;562.8779
24.7879;17.2592;0.0000;64.6333;563.5172
24.7879;17.1882;0.0000;64.4913;564.1564
24.8590;17.0461;0.0000;64.7043;564.7957
24.9300;16.9751;0.0000;64.5623;565.4349
25.0010;16.9041;0.0000;64.5623;566.0741
25.0720;16.7620;0.0000;64.4913;566.7133
25.2141;16.6910;0.0000;64.5623;567.3526
25.2851;16.6200;0.0000;64.5623;567.9918
25.3561;16.5490;0.0000;64.5623;568.6310
25.4272;16.4779;0.0000;64.8464;569.2703
25.4982;16.3359;0.0000;64.5623;569.9095
25.5692;16.2649;0.0000;64.7043;570.5487
25.6402;16.1938;0.0000;64.5623;571.1879
25.7113;16.1228;0.0000;64.4913;571.8272
25.7113;16.0518;0.0000;64.4913;572.4664
25.7823;15.9808;0.0000;64.4913;573.1057
25.8533;15.9097;0.0000;64.4913;573.7449
25.9243;15.8387;0.0000;64.5623;574.3841
25.9954;15.7677;0.0000;64.4913;575.0233
26.0664;15.6967;0.0000;64.4913;575.6626
26.0664;15.6967;0.0000;64.4913;576.3018
26.1374;15.6256;0.0000;64.4913;576.9410
26.2085;15.5546;0.0000;64.7043;577.5803
26.2795;15.4836;0.0000;64.7043;578.2195
26.2795;15.4836;0.0000;64.4913;578.8587
26.3505;15.4126;0.0000;64.4913;579.4979
26.4215;15.4126;0.0000;64.4913;580.1372
26.4215;15.3415;0.0000;64.4913;580.7764
26.4926;15.3415;0.0000;64.5623;581.4156
26.4926;15.2705;0.0000;64.5623;582.0549
26.5636;15.2705;0.0000;64.0651;582.6941
26.5636;15.1995;0.0000;64.6333;583.3333
26.6346;15.1995;0.0000;64.5623;583.9726
26.7056;15.1285;0.0000;64.1361;584.6118
26.7056;15.0574;0.0000;64.7043;585.2510
26.7767;15.0574;0.0000;64.7043;585.8903
26.7767;14.9864;0.0000;64.7043;586.5295
26.8477;14.9864;0.0000;64.7754;587.1687
26.8477;14.9154;0.0000;64.7043;587.8079
26.9187;14.9154;0.0000;64.7754;588.4472
26.9897;14.9154;0.0000;64.8464;589.0864
26.9897;14.8444;0.0000;64.7043;589.7256
27.0608;14.8444;0.0000;64.7754;590.3649
27.0608;14.7733;0.0000;65.1305;591.0041
27.1318;14.7733;0.0000;65.1305;591.6433
27.2028;14.7023;0.0000;65.2015;592.2825
27.2028;14.7023;0.0000;64.9884;592.9218
27.2028;14.7023;0.0000;65.1305;593.5610
27.2738;14.7023;0.0000;65.6277;594.2003
27.2738;14.6313;0.0000;65.4856;594.9105
27.2738;14.6313;0.8523;65.6277;595.5497
27.2738;14.6313;0.0000;65.7697;596.1890
27.2738;14.6313;0.0000;65.7697;596.8282
27.2738;14.6313;0.0000;65.6987;597.4674
27.3449;14.6313;0.0000;65.6277;598.1067
27.3449;14.6313;0.8523;66.0538;598.7459
27.4159;14.5603;0.0000;65.7697;599.3851
27.4159;14.5603;0.8523;66.1959;600.0244
27.4869;14.4892;0.0000;66.2669;600.6636
27.4869;14.4892;0.0000;65.9828;601.3028
27.5579;14.4892;0.0000;66.4089;601.9420
27.5579;14.4182;0.0000;66.1959;602.5813
27.6290;14.4182;0.0000;65.7697;603.2205
27.6290;14.4182;0.0000;66.4800;603.8597
27.6290;14.4182;0.0000;66.5510;604.4990
27.6290;14.4182;0.8523;66.4800;605.1382
27.6290;14.4182;0.0000;66.4089;605.7774
27.6290;14.4182;0.8523;65.8407;606.4167
27.7000;14.4182;0.0000;63.6389;607.0559
27.7000;14.4182;0.0000;61.1530;607.6951
27.7000;14.4892;0.0000;57.1046;608.3344
27.7710;14.6313;0.0000;50.6413;608.9736
27.7710;14.7023;0.8523;35.1577;609.6128
