200.4349;202.5651;0.0000;48.4048;0.0000
200.4349;202.5651;0.0000;124.0313;7.0000
200.4349;202.5651;0.0000;133.4219;14.0000
200.4349;202.5651;0.0000;150.6408;21.0000
200.4349;202.5651;0.0000;187.2974;28.0000
200.4349;202.5651;0.0000;217.5191;35.0000
200.4349;202.5651;0.0000;235.7824;42.0000
200.4349;202.5651;0.0000;252.5663;49.0000
200.4349;202.5651;0.0000;265.1343;56.0000
200.8698;202.5651;0.0000;278.3975;63.0000
200.8698;202.5651;0.0000;292.7466;70.5651
200.8698;202.5651;0.0000;302.1400;77.5651
201.3047;202.5651;0.0000;315.0541;84.5651
201.3047;202.5651;0.0000;322.5334;91.5651
201.7396;202.1302;0.0000;328.4919;98.5651
201.7396;202.1302;0.0000;336.5362;105.5651
202.1745;202.1302;0.0000;342.1457;112.5651
202.1745;201.6953;0.0000;347.7994;119.5651
202.1745;201.6953;0.0000;353.7994;126.5651
202.6094;201.6953;0.0000;356.0183;133.5651
202.6094;201.6953;0.0000;361.4976;141.0000
203.0443;201.2604;0.0000;364.3674;148.0000
203.0443;201.2604;0.0000;366.0212;155.0000
203.4792;200.8255;0.0000;369.8910;162.0000
203.4792;200.8255;0.0000;371.8910;169.0000
203.4792;200.8255;0.0000;371.8051;176.0000
203.9142;200.3906;0.0000;375.5004;183.0000
203.9142;199.9557;0.0000;375.9353;190.0000
203.9142;199.9557;0.0000;376.9797;197.0000
203.9142;199.5208;0.0000;378.1099;204.0000
203.9142;199.5208;0.0000;378.2844;211.0000
203.9142;199.0858;0.0000;380.3287;218.0000
203.9142;199.0858;0.0000;383.7193;225.0000
203.9142;199.0858;0.0000;382.5033;232.0000
203.9142;198.6509;0.0000;385.9382;239.0000
203.9142;198.6509;0.0000;385.0684;246.0000
203.9142;198.6509;0.0000;385.5476;253.0000
203.9142;198.2160;0.0000;388.1127;260.5651
203.9142;198.2160;0.0000;386.6778;267.5651
203.9142;197.7811;0.0000;386.4174;274.5651
203.9142;197.7811;0.0000;388.5476;281.5651
203.9142;197.7811;0.0000;388.1570;288.5651
203.9142;197.3462;0.0000;390.8967;295.5651
203.9142;197.3462;0.0000;393.2872;302.5651
203.4792;197.3462;0.0000;392.2014;309.5651
203.4792;196.9113;0.0000;394.0712;316.5651
203.4792;196.9113;0.0000;394.7665;324.0000
203.4792;196.9113;0.0000;395.2458;331.0000
203.4792;196.9113;0.0000;396.3759;338.0000
203.4792;196.4764;0.0000;397.6363;345.0000
203.4792;196.4764;0.0000;397.6807;352.0000
203.0443;196.4764;0.0000;399.9410;359.0000
203.0443;196.0415;0.0000;398.6807;366.0000
203.0443;196.0415;0.0000;398.9854;373.0000
203.0443;196.0415;0.0000;401.2458;380.0000
202.6094;196.0415;0.0000;400.2901;387.0000
202.6094;195.6066;0.0000;401.5948;394.0000
202.6094;195.6066;0.0000;402.5505;401.0000
202.1745;195.6066;0.0000;402.2043;408.0000
202.1745;195.6066;0.0000;403.8552;415.0000
202.1745;195.6066;0.0000;405.1599;422.0000
202.1745;195.1717;0.0000;403.3344;429.0000
201.7396;195.1717;0.0000;405.5948;436.0000
201.7396;195.1717;0.0000;403.8995;443.5651
201.7396;195.1717;0.0000;403.6392;450.5651
201.7396;195.1717;0.0000;404.7693;457.5651
201.7396;195.1717;0.0000;403.3788;464.5651
201.3047;194.7368;0.0000;404.8137;471.5651
201.3047;194.7368;0.0000;404.6392;478.5651
200.8698;194.7368;0.0000;404.5533;485.5651
200.8698;194.7368;0.0000;406.3788;492.5651
200.4349;194.7368;0.0000;406.5090;499.5651
200.4349;194.7368;0.0000;405.5533;506.5651
200.4349;194.7368;0.0000;408.1184;514.0000
200.0000;194.7368;0.0000;408.1184;521.0000
200.0000;194.3019;0.0000;408.1628;528.0000
199.5651;194.3019;0.0000;409.9882;535.0000
199.5651;193.7368;0.0000;409.5977;542.0000
199.5651;193.7368;0.0000;411.4675;549.0000
199.1302;193.7368;0.0000;412.8580;556.0000
199.1302;193.7368;0.0000;410.7722;563.0000
199.1302;193.3019;0.0000;412.9024;570.0000
198.6953;193.3019;0.0000;413.7278;577.0000
198.6953;193.3019;0.0000;411.6420;584.0000
198.2604;193.3019;0.0000;413.2071;591.0000
198.2604;193.3019;0.0000;413.3373;598.0000
197.8255;193.3019;0.0000;413.5118;605.0000
197.8255;193.3019;0.0000;414.3373;612.0000
197.3906;193.3019;0.0000;413.5118;619.0000
197.3906;193.3019;0.0000;416.8165;626.5651
197.3906;193.8670;0.0000;418.9024;633.5651
196.9557;193.8670;0.0000;418.9024;640.5651
196.9557;193.8670;0.0000;424.0326;647.5651
196.9557;193.8670;0.0000;424.9882;654.5651
196.5208;193.8670;0.0000;424.0326;661.5651
196.5208;193.8670;0.0000;424.9882;668.5651
196.5208;193.8670;0.0000;426.4231;675.5651
196.0858;193.8670;0.0000;427.7278;682.5651
196.0858;193.8670;0.0000;428.9439;689.5651
195.6509;193.8670;0.0000;428.6835;697.0000
195.6509;193.8670;0.0000;430.9882;704.0000
195.6509;193.8670;0.0000;432.5090;711.0000
195.2160;193.8670;0.0000;431.6835;718.0000
195.2160;193.8670;0.0000;432.2486;725.0000
194.7811;194.3019;0.0000;433.6392;732.0000
194.7811;194.3019;0.0000;433.2486;739.0000
194.7811;194.3019;0.0000;435.9438;746.0000
194.3462;194.3019;0.0000;435.0740;753.0000
194.3462;194.3019;0.0000;433.2486;760.0000
193.9113;193.7368;0.0000;437.0740;767.0000
194.4764;193.7368;0.0000;436.9438;774.0000
194.4764;193.7368;0.0000;437.1184;781.0000
194.0415;193.7368;0.0000;437.5090;788.0000
194.0415;193.7368;0.0000;436.2486;795.0000
194.0415;193.7368;0.0000;438.9882;802.0000
193.4764;193.7368;0.0000;434.9882;809.0000
193.4764;193.7368;0.0000;428.1212;816.5651
193.0415;193.7368;0.0000;423.4703;823.5651
193.0415;193.7368;0.0000;411.8637;830.5651
192.6066;193.7368;0.0000;396.9109;837.5651
192.6066;194.1717;0.0000;369.7864;844.5651
192.0415;193.6066;0.0000;345.1827;1041.4365
192.0415;193.6066;0.0000;349.7921;1048.4365
192.0415;193.6066;0.0000;351.9638;1055.4365
191.6066;193.6066;0.0000;356.3544;1062.4365
191.6066;194.0415;0.0000;358.0940;1069.8715
191.1717;194.0415;0.0000;356.7893;1076.8715
191.1717;194.4764;0.0000;368.2657;1083.8715
191.1717;194.4764;0.0000;379.5676;1090.8715
190.7368;194.4764;0.0000;388.5647;1097.8715
190.7368;194.9113;0.0000;402.0411;1104.8715
190.8670;194.9113;0.0000;404.9968;1112.4365
190.8670;194.9113;0.0000;408.3873;1119.4365
190.8670;194.9113;0.0000;410.8222;1126.4365
190.8670;195.3462;0.0000;409.5175;1133.4365
190.4321;195.3462;0.0000;413.3430;1140.4365
190.4321;195.3462;0.0000;414.7779;1147.4365
189.9972;195.3462;0.0000;414.6034;1154.4365
189.9972;195.7811;0.0000;420.4288;1161.4365
189.9972;195.7811;0.0000;419.8637;1168.4365
189.9972;195.7811;0.0000;422.3845;1175.4365
189.5623;195.7811;0.0000;426.0798;1182.4365
189.5623;196.2160;0.0000;424.9496;1189.4365
189.1273;196.2160;0.0000;428.6005;1196.4365
189.1273;196.2160;0.0000;431.1656;1203.4365
189.1273;196.6509;0.0000;429.2958;1210.4365
189.1273;196.6509;0.0000;432.4260;1217.4365
188.6924;196.6509;0.0000;432.9911;1224.4365
188.6924;197.0858;0.0000;431.4260;1231.4365
188.6924;197.6509;0.0000;434.6864;1238.4365
188.2575;197.6509;0.0000;433.7307;1245.4365
188.2575;198.0858;0.0000;432.5562;1252.4365
188.2575;198.0858;0.0000;435.9911;1259.8715
188.2575;198.0858;0.0000;433.7307;1266.8715
188.3877;198.5208;0.0000;435.1213;1273.8715
188.3877;198.5208;0.0000;437.6864;1280.8715
188.3877;198.5208;0.0000;434.2958;1287.8715
187.9528;198.9557;0.0000;437.6864;1295.4365
187.9528;198.9557;0.0000;438.5562;1302.4365
187.9528;198.9557;0.0000;437.6864;1309.4365
187.5179;199.3906;0.0000;441.9467;1316.4365
187.5179;199.3906;0.0000;440.2515;1323.4365
187.5179;199.8255;0.0000;440.2071;1330.4365
187.0830;199.8255;0.0000;445.9024;1337.4365
187.0830;199.8255;0.0000;443.2071;1344.4365
187.0830;200.2604;0.0000;443.9024;1351.4365
187.6481;200.2604;0.0000;445.4675;1358.4365
187.2132;200.6953;0.0000;441.6420;1365.4365
187.2132;201.1302;0.0000;444.4675;1372.4365
187.2132;201.1302;0.0000;446.3373;1379.4365
187.3434;201.5651;0.0000;445.0326;1386.4365
187.3434;202.0000;0.0000;448.2930;1393.4365
187.3434;201.4349;0.0000;450.9882;1400.4365
187.3434;201.8698;0.0000;452.3788;1407.4365
186.9085;201.3047;0.0000;455.5090;1414.4365
186.9085;201.7396;0.0000;454.5090;1421.4365
187.4736;201.6094;0.0000;455.4646;1428.4365
187.4736;201.6094;0.0000;458.4646;1435.4365
187.4736;201.4792;0.0000;456.3344;1442.8716
187.4736;201.4792;0.0000;460.1599;1449.8715
187.0387;201.9142;5.2189;461.1599;1456.8716
187.0387;201.3491;0.0000;458.5948;1463.8715
187.0387;201.7840;0.0000;461.8552;1470.8715
187.6038;201.7840;0.0000;461.8995;1478.4365
187.6038;201.2189;0.0000;459.7250;1485.4365
187.6038;201.6538;0.0000;462.2901;1492.4365
187.6038;201.5236;5.2189;460.7250;1499.4365
187.6038;200.9585;0.0000;459.4203;1506.4365
187.7339;201.3934;0.0000;463.1599;1513.4365
187.7339;201.2632;0.0000;460.5948;1520.4365
187.7339;201.6981;5.2189;461.8552;1527.4365
187.7339;201.1330;0.0000;462.7250;1534.4365
187.7339;201.5680;0.0000;461.1599;1541.4365
187.7339;201.5680;0.0000;462.4203;1548.4365
187.7339;201.4378;0.0000;463.1599;1555.4365
187.7339;201.4378;0.0000;461.2901;1562.4365
187.7339;201.8727;5.2189;464.4203;1569.4365
187.7339;201.8727;0.0000;463.5948;1576.4365
187.1689;201.7425;0.0000;462.8552;1583.4365
187.1689;201.7425;0.0000;466.5505;1590.4365
187.0387;201.6123;0.0000;463.5948;1597.4365
186.4736;201.6123;5.2189;466.9854;1604.4365
185.9085;201.4821;0.0000;469.4203;1611.4365
185.3434;201.9170;5.2189;470.7250;1618.4365
184.7783;201.3519;0.0000;471.3316;1625.8716
184.2132;201.2217;0.0000;482.0269;1632.8715
183.6481;201.0916;0.0000;487.7637;1639.8716
183.0830;201.0916;0.0000;497.6750;1646.8715
183.0830;200.9614;0.0000;501.3702;1653.8716
182.5179;200.9614;0.0000;503.4561;1660.8715
182.5179;201.3963;0.0000;508.0212;1668.4366
181.9528;201.3963;0.0000;504.6306;1675.4365
182.3877;201.8312;0.0000;506.8910;1682.4365
182.3877;201.8312;0.0000;509.3259;1689.4365
182.3877;202.2661;0.0000;505.6306;1696.4365
182.3877;202.7010;0.0000;509.3259;1703.4365
182.3877;202.7010;0.0000;509.5004;1710.4365
182.2575;202.7010;0.0000;507.7608;1717.4366
182.2575;203.1359;0.0000;511.3259;1724.4365
182.2575;203.1359;0.0000;509.5004;1731.4365
181.6924;203.1359;0.0000;510.3259;1738.4365
181.5623;203.5708;0.0000;514.3259;1745.4366
181.5623;203.5708;0.0000;511.7608;1752.4365
180.9972;204.0057;0.0000;513.8910;1759.4365
180.4321;204.0057;5.2189;517.4561;1766.4366
179.8670;204.4406;0.0000;514.5863;1773.4365
179.8670;204.8755;0.0000;518.7164;1780.4365
179.7368;204.8755;0.0000;521.8467;1787.4365
179.1717;204.8755;0.0000;520.9768;1794.4366
178.6066;204.7453;0.0000;525.1071;1801.4365
178.4764;204.7453;5.2189;525.9768;1808.8715
177.3462;204.7453;0.0000;527.3674;1815.8716
176.7811;205.1802;0.0000;533.1929;1822.8716
176.2160;205.1802;0.0000;533.6277;1829.8715
175.6509;205.6151;0.0000;537.8438;1836.8716
176.0858;205.6151;0.0000;544.1042;1843.8716
175.5208;206.0500;0.0000;542.7994;1851.4366
174.9557;206.0500;0.0000;545.6249;1858.4365
175.3906;207.0500;0.0000;548.4948;1865.4365
174.8255;207.0500;0.0000;545.9296;1872.4365
174.6953;207.6151;0.0000;549.7551;1879.4366
174.6953;208.0500;0.0000;549.7994;1886.4365
174.5651;208.6151;0.0000;549.7994;1893.4365
174.0000;209.0500;0.0000;553.4948;1900.4366
173.4349;209.6151;0.0000;552.6693;1907.4365
173.3047;210.0500;0.0000;552.3646;1914.4365
172.7396;210.6151;0.0000;555.7994;1921.4365
172.7396;211.0500;0.0000;554.1042;1928.4366
172.6094;211.6151;0.0000;555.7994;1935.4365
172.0443;211.6151;0.0000;556.5391;1942.4365
172.4792;212.6151;0.0000;553.6693;1949.4365
172.4792;212.6151;0.0000;556.6693;1956.4366
171.9142;213.6151;0.0000;556.4089;1963.4365
172.3491;213.6151;0.0000;554.9740;1970.4365
172.3491;214.6151;0.0000;559.6693;1977.4366
171.7840;215.1802;0.0000;556.2787;1984.4365
172.2189;215.6151;0.0000;556.9740;1991.4365
172.6538;216.1802;0.0000;559.9740;1998.8716
172.6538;217.1802;0.0000;556.7136;2005.8716
172.5236;217.1802;0.0000;558.5391;2012.8715
172.5236;217.7453;0.0000;559.8438;2019.8715
172.9585;217.7453;0.0000;557.2787;2026.8716
172.9585;218.7453;0.0000;560.2787;2034.4366
172.9585;219.3104;0.0000;560.5834;2041.4366
172.9585;219.3104;0.0000;558.7136;2048.4365
173.3934;220.3104;0.0000;562.2787;2055.4365
173.3934;220.8755;0.0000;560.3231;2062.4365
173.8283;221.8755;0.0000;559.5834;2069.4365
173.2632;222.4406;0.0000;559.6693;2076.4365
173.6981;222.4406;0.0000;560.1929;2083.4365
173.6981;223.0057;0.0000;562.5834;2090.4365
174.1330;223.5708;0.0000;564.3231;2097.4365
174.1330;224.0057;0.0000;560.7579;2104.4365
174.5679;224.5708;0.0000;563.0183;2111.4365
174.5679;225.1359;0.0000;564.0627;2118.4365
175.0029;225.1359;0.0000;562.6277;2125.4365
174.4378;225.7010;0.0000;565.7579;2132.4365
174.8727;226.2661;0.0000;564.8023;2139.4365
174.8727;226.8312;0.0000;564.1929;2146.4365
174.7425;227.8312;0.0000;567.1929;2153.4365
174.7425;228.3963;0.0000;564.9325;2160.4365
175.1774;228.9614;0.0000;566.1929;2167.4365
175.1774;229.5265;0.0000;568.6278;2174.4365
175.6123;230.0916;0.0000;565.3674;2181.8716
175.6123;230.0916;0.0000;567.0627;2188.8716
176.0472;230.6566;0.0000;568.3674;2195.8716
176.0472;231.2217;0.0000;566.3674;2202.8716
176.4821;231.7868;0.0000;569.1929;2209.8716
176.9170;231.7868;0.0000;569.2372;2216.8716
176.9170;232.3519;6.7811;569.2372;2224.4365
177.3519;232.9170;0.0000;573.1929;2231.4365
177.7868;232.9170;0.0000;567.5419;2238.4365
178.2217;233.4821;0.0000;569.2372;2245.4365
178.7868;234.0472;0.0000;571.8023;2252.4365
179.2217;234.0472;0.0000;569.5419;2259.4365
179.2217;235.0472;0.0000;571.4976;2266.4365
180.2217;235.6123;0.0000;573.2372;2273.4365
180.2217;236.1774;0.0000;570.6721;2280.4365
181.2217;236.7425;0.0000;574.4976;2287.4365
182.2217;237.3076;0.0000;573.1071;2294.4365
182.2217;237.8727;0.0000;572.2372;2301.4365
183.2217;238.4378;0.0000;577.0627;2308.4365
184.2217;238.4378;0.0000;574.8023;2315.4365
184.6566;239.0029;0.0000;575.3674;2322.4365
185.2217;239.5680;0.0000;578.4976;2329.4365
185.6566;240.1331;0.0000;576.3674;2336.4365
186.6566;240.6982;0.0000;579.3231;2343.4365
187.6566;241.2632;0.0000;582.1929;2350.4365
187.6566;241.8283;0.0000;579.6278;2357.4365
188.6566;242.3934;0.0000;583.0183;2364.8716
189.2217;242.9585;0.0000;583.7579;2371.8716
189.6566;242.9585;0.0000;582.0183;2378.8716
190.2217;243.5236;0.0000;587.1486;2385.8716
191.2217;244.0887;0.0000;584.3231;2392.8716
191.6566;244.0887;0.0000;584.5834;2399.8716
192.6566;244.6538;0.0000;588.1486;2407.4365
193.0916;244.2189;0.0000;584.7579;2414.4365
193.6566;244.7840;0.0000;587.5834;2421.4365
194.0916;245.3491;0.0000;587.5834;2428.4365
194.6566;245.3491;0.0000;585.8882;2435.4365
195.0916;245.9142;0.0000;588.5834;2442.4365
196.0916;245.9142;0.0000;588.7579;2449.4365
196.5265;246.0443;0.0000;586.8882;2456.4365
197.0916;246.6094;0.0000;590.4532;2463.4365
198.0916;246.6094;0.0000;587.6278;2470.4365
198.0916;247.1745;0.0000;587.0183;2477.4365
199.0916;247.1745;0.0000;591.8882;2484.4365
199.0916;247.7396;0.0000;587.1929;2491.4365
200.0916;247.3047;0.0000;590.4532;2498.4365
200.5265;247.8698;0.0000;591.3231;2505.4365
201.5265;247.8698;0.0000;588.3231;2512.4365
201.5265;248.4349;0.0000;590.0183;2519.4365
202.5265;248.0000;0.0000;591.0627;2526.4365
203.0916;248.0000;0.0000;589.1929;2533.4365
203.5265;248.5651;0.0000;592.7579;2540.4365
204.5265;248.5651;0.0000;587.4532;2547.4365
204.9614;248.6953;0.0000;592.0627;2554.8716
205.5265;248.6953;0.0000;595.1929;2561.8716
205.9614;248.6953;0.0000;590.9325;2568.8716
206.5265;248.8255;0.0000;591.3231;2575.8716
206.9614;248.8255;0.0000;595.0627;2582.8716
207.9614;249.3906;0.0000;591.2372;2590.4365
208.5265;248.9557;0.0000;593.9325;2597.4365
208.9614;249.5208;0.0000;594.3674;2604.4365
209.5265;249.5208;0.0000;592.8023;2611.4365
210.5265;249.6509;0.0000;596.3674;2618.4365
211.5265;249.2160;0.0000;593.6721;2625.4365
211.9614;249.2160;0.0000;593.9325;2632.4365
212.5265;249.7811;0.0000;596.9325;2639.4365
213.5265;249.3462;0.0000;593.6721;2646.4365
213.5265;249.3462;0.0000;593.9325;2653.4365
214.5265;248.9113;0.0000;596.9325;2660.4365
215.5265;249.4764;0.0000;593.6721;2667.4365
215.5265;249.0415;0.0000;596.9325;2674.4365
216.0916;249.0415;0.0000;597.8023;2681.4365
217.0916;249.0415;0.0000;595.2372;2688.4365
217.5265;248.6066;0.0000;597.4976;2695.4365
218.0916;249.1717;0.0000;596.5419;2702.4365
219.0916;249.1717;0.0000;596.6721;2709.4365
219.6566;248.7368;0.0000;600.2372;2716.4365
220.6566;248.3019;0.0000;598.2816;2723.4365
221.2217;248.3019;0.0000;599.1071;2730.4365
222.2217;248.3019;0.0000;600.5419;2737.8716
222.7868;247.8670;0.0000;598.2816;2744.8716
223.7868;247.8670;0.0000;600.4117;2751.8716
224.3519;247.4321;0.0000;601.8467;2758.8716
225.3519;247.4321;0.0000;599.7164;2765.8716
225.3519;246.9972;0.0000;603.8467;2772.8716
226.3519;246.4321;0.0000;603.0212;2780.4365
227.3519;245.9972;0.0000;601.0212;2787.4365
227.9170;245.9972;0.0000;605.7164;2794.4365
228.4821;245.5623;0.0000;603.8910;2801.4365
229.4821;245.5623;0.0000;604.5863;2808.4365
230.0472;245.1273;0.0000;608.5863;2815.4365
231.0472;245.1273;0.0000;605.7608;2822.4365
231.6123;244.6924;0.0000;609.4561;2829.4365
233.1774;244.6924;5.2189;609.8910;2836.4365
233.7425;244.2575;0.0000;607.8910;2843.4365
234.7425;244.2575;5.2189;612.4561;2850.4365
235.3076;244.2575;0.0000;611.6306;2857.4365
236.3076;243.8226;0.0000;608.4561;2864.4365
236.3076;242.8226;0.0000;613.4561;2871.4365
237.3076;242.8226;0.0000;611.9353;2878.4365
238.3076;242.3877;0.0000;609.8910;2885.4365
238.8727;242.3877;0.0000;615.3259;2892.4365
239.3076;241.9528;0.0000;611.9353;2899.4365
239.8727;240.9528;5.2189;614.8910;2906.4365
240.8727;240.5179;0.0000;616.6306;2913.4365
241.3076;240.5179;5.2189;614.0656;2920.8716
241.8727;239.5179;0.0000;617.5004;2927.8716
242.4378;239.0830;0.0000;617.8051;2934.8716
243.4378;239.0830;0.0000;615.0655;2941.8716
243.8727;238.0830;0.0000;617.7608;2948.8716
244.4378;237.6481;5.2189;615.8052;2955.8716
245.4378;236.6481;0.0000;613.4561;2963.4365
245.4378;236.6481;0.0000;623.3702;2970.4365
246.0029;235.6481;0.0000;614.7608;2977.4365
246.5680;235.6481;0.0000;619.7608;2984.4365
247.5679;234.6481;0.0000;622.7608;2991.4365
248.0028;234.2132;0.0000;619.0655;2998.4365
248.5679;233.2132;0.0000;622.1957;3005.4365
249.5679;232.7783;0.0000;624.5004;3012.4365
250.1330;231.7783;0.0000;621.0655;3019.4365
250.1330;231.7783;0.0000;625.6306;3026.4365
250.6981;230.7783;0.0000;623.3702;3033.4365
251.2632;229.7783;0.0000;624.7608;3040.4365
252.2632;229.3434;0.0000;628.8910;3047.4365
252.2632;228.3434;0.0000;626.6306;3054.4365
253.2632;228.3434;0.0000;629.0212;3061.4365
253.8283;227.3434;0.0000;631.0212;3068.4365
254.3934;226.9085;0.0000;626.7608;3075.4365
254.9585;226.3434;0.0000;630.7165;3082.4365
255.3934;225.9085;0.0000;631.8910;3089.4365
255.9585;224.9085;0.0000;630.0212;3096.4365
256.9585;223.9085;0.0000;633.8467;3103.4365
257.5236;222.9085;0.0000;632.0212;3110.8716
257.5236;221.9085;0.0000;633.2816;3117.8716
258.0887;221.4736;0.0000;636.5419;3124.8716
258.0887;220.9085;0.0000;634.5863;3131.8716
258.6538;219.9085;0.0000;636.2816;3138.8716
259.2189;218.9085;0.0000;637.9769;3146.4365
259.6538;217.9085;0.0000;634.1514;3153.4365
260.2189;217.4736;0.0000;635.5419;3160.4365
261.2189;216.4736;0.0000;638.7165;3167.4365
261.7840;215.4736;0.0000;634.1514;3174.4365
262.3491;214.4736;0.0000;638.4117;3181.4365
262.9142;213.9085;0.0000;636.2816;3188.4365
262.9142;213.4736;0.0000;636.2816;3195.4365
263.4792;212.4736;6.7811;641.5419;3202.4365
264.0444;211.4736;0.0000;636.7165;3209.4365
264.0444;210.4736;6.7811;638.2816;3216.4365
264.6094;209.4736;6.7811;641.7165;3223.4365
264.6094;207.9085;0.0000;638.0212;3230.4365
265.1746;206.9085;6.7811;640.2816;3237.4365
265.1746;205.9085;0.0000;641.1514;3244.4365
265.7396;205.3434;0.0000;637.5863;3251.4365
265.7396;204.3434;6.7811;640.7165;3258.4365
265.7396;203.3434;6.7811;641.8910;3265.4365
265.7396;202.3434;0.0000;638.0212;3272.4365
266.3047;201.7783;0.0000;643.2816;3279.4365
266.3047;200.7783;0.0000;640.1957;3286.4365
266.3047;200.7783;0.0000;634.9354;3293.8716
266.8698;199.7783;0.0000;647.9768;3300.8716
266.8698;198.7783;0.0000;644.1514;3307.8716
266.8698;197.7783;0.0000;645.6721;3314.8716
267.4349;197.2132;0.0000;648.2816;3321.8716
267.4349;196.2132;0.0000;644.2816;3329.4365
267.4349;194.6481;0.0000;647.5419;3336.4365
267.4349;194.0830;0.0000;646.8467;3343.4365
267.4349;193.0830;0.0000;645.8467;3350.4365
267.4349;192.5179;0.0000;648.9768;3357.4365
268.0000;191.5179;0.0000;647.1514;3364.4365
267.5651;190.9528;0.0000;647.2816;3371.4365
267.5651;189.9528;0.0000;649.8467;3378.4365
267.5651;188.9528;0.0000;646.5863;3385.4365
267.5651;188.3877;0.0000;648.7164;3392.4365
267.5651;187.3877;0.0000;651.1514;3399.4365
267.5651;186.3877;0.0000;646.5863;3406.4365
267.0000;186.3877;0.0000;648.8467;3413.4365
267.0000;185.3877;0.0000;650.5863;3420.4365
266.5651;184.3877;0.0000;647.5863;3427.4365
266.5651;183.8226;5.2189;649.7164;3434.4365
266.5651;183.2575;0.0000;649.7608;3441.4365
266.5651;181.6924;5.2189;648.5863;3448.4365
266.0000;181.1273;0.0000;648.6721;3455.4365
266.0000;180.1273;0.0000;649.7608;3462.4365
266.0000;179.5623;0.0000;650.0212;3469.4365
265.0000;178.9972;0.0000;653.0212;3476.8716
265.0000;177.9972;0.0000;650.5004;3483.8716
265.0000;177.4321;0.0000;652.0212;3490.8716
264.5651;176.4321;0.0000;652.7608;3497.8716
264.5651;175.8670;0.0000;649.7608;3504.8716
264.5651;174.8670;0.0000;653.1514;3511.8716
264.1302;174.3019;0.0000;652.6306;3519.4365
264.1302;173.3019;0.0000;651.7608;3526.4365
264.1302;172.7368;0.0000;653.8910;3533.4365
264.1302;172.1717;0.0000;652.0656;3540.4365
264.1302;171.1717;0.0000;652.7608;3547.4365
263.6953;170.0415;0.0000;654.3259;3554.4365
263.1302;169.4764;0.0000;651.0656;3561.4365
263.1302;168.4764;0.0000;653.3259;3568.4368
262.5651;167.9113;0.0000;654.0656;3575.4365
262.1302;166.9113;0.0000;651.0656;3582.4365
261.5651;166.3462;0.0000;654.4561;3589.4368
261.5651;165.9113;0.0000;652.6306;3596.4365
260.5651;165.3462;0.0000;651.9353;3603.4365
260.5651;164.3462;0.0000;651.4117;3610.4368
260.5651;163.7811;0.0000;653.3702;3617.4365
260.0000;163.2160;0.0000;651.6306;3624.4365
260.0000;162.2160;0.0000;656.0656;3631.4365
259.5651;162.2160;0.0000;652.3702;3638.4365
259.0000;161.2160;0.0000;654.1957;3645.4368
258.5651;160.6509;6.7811;654.0656;3652.4365
258.5651;160.6509;0.0000;651.0656;3659.4365
258.5651;159.6509;0.0000;654.6306;3666.8716
257.5651;159.0858;0.0000;653.5004;3673.8716
257.5651;158.0858;0.0000;651.5004;3680.8716
257.0000;157.5208;0.0000;655.3259;3687.8716
256.5651;156.5208;0.0000;652.3702;3694.8716
256.0000;155.9557;0.0000;651.5004;3702.4365
256.0000;154.9557;0.0000;654.5004;3709.4365
255.0000;154.3906;0.0000;651.6750;3716.4365
255.0000;153.3906;0.0000;653.1957;3723.4365
254.0000;152.8255;0.0000;653.9353;3730.4365
254.0000;152.3906;0.0000;651.3702;3737.4365
253.5651;151.8255;0.0000;653.9353;3744.4365
253.0000;150.8255;0.0000;654.1099;3751.4368
253.0000;150.8255;0.0000;651.3702;3758.4365
253.0000;149.8255;0.0000;654.0656;3765.4365
252.5651;149.8255;0.0000;651.1099;3772.4368
252.0000;148.8255;0.0000;650.3702;3779.4365
252.0000;148.8255;0.0000;654.0656;3786.4365
251.5651;147.8255;0.0000;650.6750;3793.4365
251.0000;147.8255;0.0000;652.3702;3800.4365
251.0000;146.8255;0.0000;654.1099;3807.4365
250.0000;146.2604;0.0000;649.9797;3814.4365
249.4349;145.8255;0.0000;652.8052;3821.4365
248.4349;145.2604;0.0000;652.9797;3828.4368
247.8698;144.2604;0.0000;650.6750;3835.4365
246.8698;144.2604;0.0000;653.2401;3842.4365
246.8698;143.6953;0.0000;651.2844;3849.8716
246.3047;143.2604;0.0000;651.1099;3856.8716
246.3047;142.6953;0.0000;654.1099;3863.8716
245.7396;142.2604;0.0000;650.7193;3870.8716
244.7396;141.6953;0.0000;651.5448;3877.8716
244.7396;141.2604;0.0000;654.1099;3885.4365
243.7396;141.2604;0.0000;650.1542;3892.4365
243.1745;140.6953;0.0000;652.9797;3899.4365
242.6094;140.6953;0.0000;652.1542;3906.4365
242.1745;139.6953;0.0000;650.7193;3913.4368
241.6094;139.2604;0.0000;653.5448;3920.4365
240.6094;138.6953;0.0000;651.0240;3927.4365
239.4793;138.2604;0.0000;651.2844;3934.4368
238.9142;137.6953;0.0000;654.9797;3941.4365
237.9142;137.1302;0.0000;651.0240;3948.4365
237.3491;136.1302;0.0000;652.4146;3955.4368
235.7840;135.5651;0.0000;653.8495;3962.4365
234.6538;134.5651;0.0000;650.4589;3969.4365
233.6538;134.0000;0.0000;653.2844;3976.4365
232.5236;133.0000;0.0000;653.0240;3983.4365
231.5236;132.4349;0.0000;650.0240;3990.4368
230.3934;132.4349;0.0000;654.1542;3997.4365
229.3934;131.4349;0.0000;651.3287;4004.4365
228.8283;131.4349;0.0000;650.1542;4011.4368
227.8283;130.4349;0.0000;654.2844;4018.4365
227.2632;130.4349;0.0000;651.3287;4025.4365
226.2632;130.4349;0.0000;650.5891;4032.8716
225.6981;130.0000;0.0000;653.7193;4039.8716
225.1330;129.4349;0.0000;649.7637;4046.8716
224.1330;129.4349;0.0000;652.8495;4053.8716
223.5679;129.0000;0.0000;651.4589;4060.8716
223.0029;128.4349;0.0000;649.4589;4067.8716
222.0029;128.4349;0.0000;653.2844;4075.4368
221.4378;127.4349;0.0000;651.4589;4082.4365
220.4378;127.4349;0.0000;649.4589;4089.4365
219.4378;127.0000;0.0000;653.7193;4096.4365
218.8727;126.4349;0.0000;649.3287;4103.4365
218.3076;126.4349;0.0000;650.0240;4110.4365
217.3076;125.8698;0.0000;653.0240;4117.4365
216.1774;125.4349;0.0000;650.1985;4124.4365
215.1774;124.8698;0.0000;651.0240;4131.4365
214.1774;124.4349;0.0000;651.0240;4138.4365
213.0472;123.8698;0.0000;648.4589;4145.4365
212.4821;123.8698;0.0000;651.0240;4152.4365
210.9170;123.8698;0.0000;651.8939;4159.4365
210.3519;122.8698;5.2189;649.3287;4166.4365
208.7868;122.8698;0.0000;652.5891;4173.4365
207.2217;122.3047;0.0000;650.1985;4180.4365
206.0916;121.8698;0.0000;649.0240;4187.4365
204.5265;121.3047;0.0000;652.1542;4194.4365
203.3963;121.3047;0.0000;649.7637;4201.4365
201.8312;120.3047;0.0000;651.7193;4208.4365
200.7010;119.7396;5.2189;654.2844;4215.4365
199.1359;119.7396;0.0000;651.0240;4222.8716
198.0057;118.7396;5.2189;653.8495;4229.8716
196.4406;118.7396;0.0000;655.2844;4236.8716
195.8755;118.1745;0.0000;652.4146;4243.8716
194.3104;118.1745;0.0000;655.5448;4250.8716
193.1802;117.7396;0.0000;653.2844;4258.4365
191.6151;117.1745;0.0000;654.9797;4265.4365
190.6151;117.1745;0.0000;656.6749;4272.4365
189.4850;117.1745;5.2189;654.7193;4279.4365
188.4850;116.7396;0.0000;655.6749;4286.4365
187.9199;116.1745;0.0000;657.2401;4293.4365
186.3548;115.7396;0.0000;655.5891;4300.4365
185.3548;115.7396;0.0000;656.8052;4307.4365
184.7897;115.7396;0.0000;657.9797;4314.4365
183.7897;115.7396;0.0000;655.5448;4321.4365
182.7897;115.3047;0.0000;657.8052;4328.4365
181.7897;115.3047;0.0000;655.9797;4335.4365
180.7897;115.3047;0.0000;654.5004;4342.4365
180.7897;115.3047;0.0000;658.3702;4349.4365
179.7897;115.3047;0.0000;655.6749;4356.4365
178.7897;115.8698;0.0000;655.0656;4363.4365
178.3548;115.8698;0.0000;657.5004;4370.4365
177.3548;115.8698;0.0000;654.1099;4377.4365
176.9199;116.4349;0.0000;656.6306;4384.4365
175.9199;116.0000;0.0000;656.9353;4391.4365
175.3548;116.5651;0.0000;654.9353;4398.4365
174.9199;116.5651;0.0000;659.0656;4405.8716
173.9199;116.5651;0.0000;656.8052;4412.8716
173.4850;117.1302;0.0000;656.3702;4419.8716
172.4850;117.1302;0.0000;659.1957;4426.8716
171.0500;117.6953;0.0000;656.3702;4433.8716
170.6151;118.2604;0.0000;655.3259;4441.4365
169.6151;118.2604;0.0000;657.4561;4448.4365
169.1802;118.8255;0.0000;654.7608;4455.4365
168.1802;119.3906;0.0000;656.5863;4462.4365
167.7453;119.9557;0.0000;657.4561;4469.4365
166.7453;120.0858;0.0000;655.5863;4476.4365
166.3104;120.6509;0.0000;658.1514;4483.4365
165.3104;121.2160;0.0000;655.5863;4490.4365
164.3104;121.7811;0.0000;656.1514;4497.4365
163.7453;122.3462;0.0000;656.9768;4504.4365
163.3104;122.9113;0.0000;655.5863;4511.4365
162.3104;123.4764;0.0000;654.8467;4518.4365
161.3104;123.4764;0.0000;656.5419;4525.4365
160.3104;124.0415;0.0000;655.5863;4532.4365
159.3104;124.6066;0.0000;656.5419;4539.4365
158.7453;125.6066;0.0000;656.5419;4546.4365
157.7453;126.1717;0.0000;653.5419;4553.4365
157.3104;127.3019;0.0000;656.6721;4560.4365
156.7453;127.4321;0.0000;655.6721;4567.4365
155.7453;127.9971;0.0000;654.5419;4574.4365
155.1802;128.5622;0.0000;658.4976;4581.4365
154.7453;129.1273;0.0000;655.9768;4588.8716
153.7453;129.6924;0.0000;655.3674;4595.8716
153.3104;129.6924;0.0000;658.4976;4602.8716
152.7453;130.2575;0.0000;654.1071;4609.8716
152.3104;130.8226;0.0000;657.0627;4616.8716
151.3104;130.8226;0.0000;658.3674;4623.8716
150.7453;131.3877;0.0000;655.2372;4631.4365
150.3104;131.9528;0.0000;657.4976;4638.4365
149.3104;132.5179;0.0000;657.9325;4645.4365
148.3104;132.5179;0.0000;653.9325;4652.4365
147.7453;133.0830;0.0000;658.1929;4659.4365
146.7453;133.6481;0.0000;655.2372;4666.4365
146.7453;134.2132;0.0000;655.6278;4673.4365
145.7453;135.2132;0.0000;658.7579;4680.4365
144.7453;135.7783;0.0000;655.2372;4687.4365
144.7453;136.3434;0.0000;655.3231;4694.4365
143.7453;136.9085;0.0000;657.8882;4701.4365
143.1802;136.9085;0.0000;652.6278;4708.4365
142.1802;137.4736;0.0000;656.0183;4715.4365
141.7453;138.0387;0.0000;656.4532;4722.4365
141.1802;138.6037;0.0000;655.3231;4729.4365
140.1802;139.6037;0.0000;656.1486;4736.4365
139.1802;139.6037;0.0000;654.4532;4743.4365
138.6151;140.1688;0.0000;653.2787;4750.4365
138.1802;140.7339;0.0000;657.7136;4757.4365
137.6151;141.2990;0.0000;654.4532;4764.4365
136.6151;142.4292;0.0000;654.4089;4771.4365
135.6151;142.9943;0.0000;655.8438;4778.8716
134.6151;143.9943;0.0000;653.5834;4785.8716
134.1802;145.1245;0.0000;654.5391;4792.8716
133.6151;146.1245;0.0000;655.8438;4799.8716
132.6151;147.2547;0.0000;651.9740;4806.8716
131.6151;147.8198;0.0000;654.2344;4814.4365
130.6151;148.3849;0.0000;653.4089;4821.4365
130.0500;148.9500;0.0000;652.6693;4828.4365
129.0500;149.9500;0.0000;654.3646;4835.4365
128.6151;150.5150;0.0000;653.1042;4842.4365
127.6151;151.0801;0.0000;652.2344;4849.4365
127.1802;151.6452;0.0000;654.3646;4856.4365
126.1802;152.6452;0.0000;652.1042;4863.4365
125.7453;153.7754;0.0000;653.4948;4870.4365
124.7453;154.3405;0.0000;654.3646;4877.4365
124.3104;155.3405;0.0000;651.3646;4884.4365
123.3104;155.9056;0.0000;654.1901;4891.4365
123.3104;156.4707;0.0000;654.3646;4898.4365
122.3104;157.4707;0.0000;652.4948;4905.4365
121.8755;158.0358;0.0000;655.3202;4912.4365
121.3104;159.1660;0.0000;652.4948;4919.4365
120.8755;159.7311;0.0000;652.6249;4926.4365
119.8755;160.7311;0.0000;654.7551;4933.4365
119.8755;161.2962;0.0000;652.9297;4940.4365
118.8755;162.2962;0.0000;653.8853;4947.4365
118.4406;162.2962;0.0000;654.7551;4954.4365
118.0057;163.2962;0.0000;652.1901;4961.8716
118.0057;164.4264;0.0000;653.5806;4968.8716
117.5708;164.9915;0.0000;653.3202;4975.8716
117.1359;165.9915;0.0000;651.0155;4982.8716
117.1359;165.9915;0.0000;654.2759;4989.8716
116.1359;167.5565;0.0000;650.8853;4997.4365
115.7010;167.5565;0.0000;650.7108;5004.4365
114.7010;168.5565;0.0000;653.2759;5011.4365
114.7010;169.5565;0.0000;651.3202;5018.4365
114.2661;170.1216;0.0000;651.4060;5025.4365
113.2661;171.1216;0.0000;652.7108;5032.4365
112.8312;171.5565;0.0000;650.1456;5039.4365
112.3963;172.1216;0.0000;651.1013;5046.4365
111.9614;172.5565;0.0000;652.4060;5053.4365
111.5265;173.1216;0.0000;649.9711;5060.4365
111.0915;173.5565;0.0000;652.9268;5067.4365
111.6566;174.5565;0.0000;651.9711;5074.4365
111.2217;174.5565;0.0000;651.3617;5081.4365
111.2217;175.1216;0.0000;655.7523;5088.4365
110.7868;176.1216;0.0000;653.9268;5095.4365
109.7868;176.6867;0.0000;656.0126;5102.4365
109.7868;177.1216;0.0000;658.5778;5109.4365
109.3519;178.1216;0.0000;653.8824;5116.4365
108.9170;178.6867;0.0000;656.8381;5123.4365
108.9170;179.6867;0.0000;659.4475;5130.4365
108.4821;180.2518;0.0000;656.4032;5137.4365
108.4821;181.2518;0.0000;659.7938;5144.8716
108.0472;181.6867;0.0000;660.2286;5151.8716
108.0472;182.2518;0.0000;661.0541;5158.8716
108.0472;182.8169;0.0000;666.0098;5165.8716
108.1774;183.8169;0.0000;663.6193;5172.8716
108.1774;184.3820;0.0000;661.6607;5179.8716
107.7425;185.3820;0.0000;667.1400;5187.4365
107.7425;185.9471;0.0000;661.4890;5194.4365
107.8727;186.9471;0.0000;666.7051;5201.4365
107.4378;187.9471;0.0000;664.8796;5208.4365
107.4378;188.9471;0.0000;661.3145;5215.4365
107.0029;189.5122;0.0000;664.8352;5222.4365
107.0029;189.9471;0.0000;663.1400;5229.4365
107.0029;190.9471;0.0000;662.9655;5236.4365
106.5679;191.5122;0.0000;668.7909;5243.4365
107.1330;192.5122;0.0000;667.0956;5250.4365
107.1330;193.0773;0.0000;668.0513;5257.4365
106.6981;194.0773;0.0000;671.0513;5264.4365
106.6981;194.6424;0.0000;668.7909;5271.4365
106.2632;195.6424;0.0000;671.7466;5278.4365
105.8283;196.6424;0.0000;671.7466;5285.4365
105.8283;197.2075;0.0000;669.1815;5292.4365
105.8283;198.2075;0.0000;672.8767;5299.4365
105.9585;199.2075;0.0000;671.6163;5306.4365
105.9585;200.3377;0.0000;670.3116;5313.4365
105.9585;201.3377;0.0000;673.5720;5320.4365
105.9585;201.9028;0.0000;671.1815;5327.8716
106.0887;202.9028;0.0000;670.0070;5334.8716
106.0887;203.4679;0.0000;673.5720;5341.8716
105.6538;204.4679;0.0000;671.7466;5348.8716
105.2189;205.4679;0.0000;672.7022;5355.8716
105.2189;206.0330;0.0000;676.0070;5362.8716
104.7840;207.0330;0.0000;671.2673;5370.4365
104.3491;208.0330;0.0000;674.9626;5377.4365
104.3491;208.5981;0.0000;675.1371;5384.4365
103.9142;209.5981;0.0000;673.3975;5391.4365
103.9142;210.5981;0.0000;677.0928;5398.4365
104.4793;211.1631;0.0000;675.7022;5405.4365
104.6094;212.1631;0.0000;674.5277;5412.4365
104.7396;213.1631;0.0000;676.9182;5419.4365
105.3047;214.1631;0.0000;675.3975;5426.4365
105.4349;215.2933;0.0000;677.7881;5433.4365
106.0000;216.2933;0.0000;676.9182;5440.4365
106.1302;217.2933;0.0000;676.5277;5447.4365
106.6953;217.8584;0.0000;677.3531;5454.4365
106.2604;218.8584;0.0000;680.0928;5461.4365
106.8255;219.8584;0.0000;677.4833;5468.4365
106.9557;220.2933;0.0000;682.0041;5475.4365
106.5208;220.8584;0.0000;681.1786;5482.4365
107.0858;221.8584;0.0000;682.5692;5489.4365
107.0858;222.8584;0.0000;685.8296;5496.4365
107.0858;223.8584;0.0000;682.5692;5503.4365
106.6509;224.8584;0.0000;684.9597;5510.4365
106.6509;225.2933;0.0000;686.5248;5517.8716
106.7811;226.4235;0.0000;683.6993;5524.8716
106.9113;227.4235;0.0000;688.0900;5531.8716
107.4764;228.4235;0.0000;688.9597;5538.8716
107.4764;229.4235;0.0000;686.3947;5545.8716
108.0415;229.8584;0.0000;689.3503;5553.4365
108.1717;230.4235;0.0000;686.3947;5560.4365
108.1717;230.8584;0.0000;686.7852;5567.4365
108.3019;231.8584;0.0000;690.0456;5574.4365
108.3019;232.2933;0.0000;686.5248;5581.4365
108.8670;233.2933;0.0000;689.3503;5588.4365
108.8670;233.2933;0.0000;690.4805;5595.4365
108.8670;234.2933;0.0000;686.5248;5602.4365
109.4321;234.7282;0.0000;688.0456;5609.4365
109.4321;235.2933;0.0000;689.3503;5616.4365
109.9971;235.7282;0.0000;686.3503;5623.4365
109.5622;236.7282;0.0000;688.4362;5630.4365
109.5622;237.2933;0.0000;688.0456;5637.4365
110.1273;237.7282;0.0000;687.1758;5644.4365
110.6924;238.7282;0.0000;689.7408;5651.4365
110.6924;239.7282;0.0000;688.4805;5658.4365
111.2575;239.7282;0.0000;687.3060;5665.4365
110.8226;240.7282;0.0000;690.3060;5672.4365
111.3877;241.1631;0.0000;688.0456;5679.4365
111.3877;242.1631;0.0000;689.3060;5686.4365
111.3877;242.5981;0.0000;686.2616;5693.4365
111.9528;243.0330;0.0000;687.1758;5700.8716
111.9528;244.0330;0.0000;689.4362;5707.8716
111.9528;244.4679;0.0000;688.1758;5714.8716
112.5179;245.4679;0.0000;686.8711;5721.8716
112.5179;245.9028;0.0000;690.1315;5728.8716
113.0830;246.9028;0.0000;688.1758;5735.8716
113.0830;247.9028;0.0000;687.8711;5743.4365
113.6481;248.3377;0.0000;690.4362;5750.4365
113.2132;249.3377;5.2189;687.6107;5757.4365
113.7783;249.7726;0.0000;689.5663;5764.4365
113.7783;250.7726;5.2189;689.8711;5771.4365
114.3434;251.2075;0.0000;687.3060;5778.4365
114.3434;252.2075;0.0000;689.2616;5785.4365
114.3434;252.6424;0.0000;688.8711;5792.4365
114.9085;253.6424;5.2189;688.0012;5799.4365
114.9085;254.0773;0.0000;691.2616;5806.4365
114.9085;255.0773;5.2189;687.8711;5813.4365
115.4736;255.5122;0.0000;686.3918;5820.4365
115.4736;256.5122;0.0000;689.8267;5827.4365
116.0387;256.9471;0.0000;687.0012;5834.4365
116.0387;257.9471;0.0000;689.2616;5841.4365
116.6037;258.9471;5.2189;689.6965;5848.4365
116.6037;259.3820;0.0000;686.6965;5855.4365
117.1688;260.3820;0.0000;689.2616;5862.4365
117.1688;260.8169;0.0000;689.1315;5869.4365
117.7339;261.8169;0.0000;685.2616;5876.4365
118.1688;262.2518;0.0000;690.6965;5883.8716
118.7339;263.2518;0.0000;687.0012;5890.8716
118.7339;263.2518;0.0000;686.8267;5897.8716
119.2990;264.2518;0.0000;690.9569;5904.8721
119.2990;264.6867;0.0000;687.0012;5911.8716
119.8641;265.1216;0.0000;688.3918;5918.8716
119.8641;266.1216;0.0000;689.8267;5926.4365
120.8641;267.1216;0.0000;687.0012;5933.4365
121.4292;268.1216;0.0000;689.8267;5940.4365
121.9943;268.5565;0.0000;690.1315;5947.4365
122.5594;269.5565;0.0000;685.8267;5954.4365
122.5594;270.5566;0.0000;690.9569;5961.4365
123.1245;271.5566;0.0000;689.0012;5968.4365
124.1245;271.9915;0.0000;688.6965;5975.4365
124.6896;272.9915;0.0000;691.8267;5982.4365
125.1245;273.9915;0.0000;688.4362;5989.4365
125.6896;274.4264;0.0000;690.2616;5996.4365
126.2547;275.4264;0.0000;691.8267;6003.4365
126.8198;275.8613;0.0000;689.0012;6010.4365
127.3849;277.2962;0.0000;692.2616;6017.4365
127.9500;277.7311;0.0000;693.1315;6024.4365
128.5151;278.6009;0.0000;691.0012;6031.4365
129.0802;279.6009;0.0000;693.6965;6038.4365
129.5151;280.4707;0.0000;692.7408;6045.4365
130.0802;281.4707;0.0000;693.3060;6052.4365
130.6452;282.3405;0.0000;695.5663;6059.4365
131.2103;283.3405;0.0000;694.0456;6066.4365
131.7754;283.7755;0.0000;694.8711;6073.8716
133.3405;284.2104;0.0000;695.5663;6080.8716
133.9056;285.2104;0.0000;693.1758;6087.8721
134.4707;285.6453;0.0000;696.5663;6094.8716
135.4707;286.0802;0.0000;696.3060;6101.8716
136.0358;287.5150;0.0000;694.7408;6109.4365
137.0358;287.9500;0.0000;697.4362;6116.4365
137.6009;288.3849;0.0000;696.6107;6123.4365
138.1660;288.8198;0.0000;695.7408;6130.4365
138.7311;289.8198;0.0000;699.8711;6137.4365
139.7311;290.2547;0.0000;696.4805;6144.4365
140.2962;290.6896;0.0000;697.1758;6151.4365
140.8613;291.1245;0.0000;699.7408;6158.4365
141.8613;292.1245;0.0000;696.4805;6165.4365
142.4264;292.5594;0.0000;697.4362;6172.4365
143.4264;292.9943;0.0000;700.0456;6179.4365
144.4264;293.5594;0.0000;696.4805;6186.4365
144.9915;293.9943;0.0000;699.1758;6193.4365
145.9915;294.4292;0.0000;698.9154;6200.4365
146.5565;294.4292;6.7811;697.4805;6207.4365
147.1216;294.8641;0.0000;700.8711;6214.4365
148.1216;295.8641;0.0000;698.2201;6221.4365
148.6867;295.8641;6.7811;698.0456;6228.4365
149.2518;296.2990;0.0000;701.6107;6235.4365
150.8169;296.2990;0.0000;697.6550;6242.4365
151.3820;296.8641;0.0000;698.7408;6249.4365
152.9471;297.2990;0.0000;700.0456;6256.8716
154.0773;297.8641;0.0000;697.7852;6263.8716
154.6424;298.2990;0.0000;699.1758;6270.8721
156.2075;299.2990;0.0000;700.4805;6277.8716
156.7726;299.2990;0.0000;697.9154;6284.8716
157.7726;299.2990;0.0000;700.8711;6291.8716
158.3377;300.2990;0.0000;699.6550;6299.4365
159.4679;300.2990;0.0000;698.4805;6306.4365
160.4679;300.7339;0.0000;701.1758;6313.4365
161.0330;300.7339;0.0000;694.1758;6320.4365
162.0330;301.7339;0.0000;700.0456;6327.4365
163.0330;301.7339;0.0000;701.6107;6334.4365
164.1631;302.1688;0.0000;698.0900;6341.4365
164.7282;302.1688;0.0000;700.4805;6348.4365
165.2933;302.6038;0.0000;700.9154;6355.4365
166.8584;302.6038;0.0000;699.2201;6362.4365
167.8584;303.0386;0.0000;701.6107;6369.4365
168.4235;304.0387;0.0000;699.6550;6376.4365
169.9886;303.4736;0.0000;699.9154;6383.4365
170.5537;303.9085;0.0000;702.4805;6390.4365
171.1188;303.9085;0.0000;699.6550;6397.4365
172.1188;304.3434;0.0000;700.0456;6404.4365
173.2490;304.3434;0.0000;701.6107;6411.4365
174.2490;304.3434;0.0000;699.6550;6418.4365
174.8141;304.3434;0.0000;702.0456;6425.4365
175.3792;304.7783;0.0000;701.3503;6432.4365
176.3792;304.7783;0.0000;699.2201;6439.8716
176.9443;305.2132;0.0000;703.4805;6446.8716
178.5094;305.2132;0.0000;700.5248;6453.8716
179.0745;305.0830;0.0000;696.4362;6460.8716
179.6396;305.0830;6.7811;703.4805;6467.8716
181.2047;305.5179;0.0000;700.0900;6474.8716
181.7697;305.5179;0.0000;701.3503;6482.4365
182.7697;305.5179;0.0000;702.9154;6489.4365
183.8999;305.9528;0.0000;700.5248;6496.4365
184.4650;305.9528;0.0000;701.9154;6503.4365
185.4650;306.3877;0.0000;702.3503;6510.4365
186.5952;305.8226;0.0000;699.6550;6517.4365
187.1603;305.8226;0.0000;702.4805;6524.4365
188.1603;305.6924;0.0000;700.9597;6531.4365
189.2905;305.6924;6.7811;699.6550;6538.4365
190.2905;305.6924;0.0000;704.3503;6545.4365
190.8556;305.5623;6.7811;700.9597;6552.4365
191.8556;305.5623;0.0000;700.2201;6559.4365
192.9858;305.9972;0.0000;703.7852;6566.4365
193.9858;305.4321;0.0000;699.5248;6573.4365
195.1160;305.4321;0.0000;702.3503;6580.4365
195.6810;305.8670;0.0000;702.6550;6587.4365
197.2461;305.8670;0.0000;699.0900;6594.4365
197.8112;305.3019;0.0000;702.3503;6601.4365
199.3763;305.7368;0.0000;702.5248;6608.4365
200.5065;305.7368;0.0000;699.6550;6615.4365
201.5065;306.1717;0.0000;703.9154;6622.4365
203.0716;305.6066;0.0000;700.8296;6629.8716
204.2018;305.6066;0.0000;698.7852;6636.8716
205.7669;305.4764;0.0000;704.6550;6643.8716
206.7669;305.4764;0.0000;699.8296;6650.8721
207.8971;305.3462;0.0000;702.2201;6657.8716
208.8971;305.3462;0.0000;702.6550;6665.4365
209.8971;305.2161;0.0000;700.3947;6672.4365
211.0273;305.2161;0.0000;703.2201;6679.4365
212.0273;304.6509;0.0000;702.5248;6686.4365
213.0273;305.0859;0.0000;699.6550;6693.4365
213.5924;304.5208;0.0000;704.2201;6700.4365
214.5924;304.9557;0.0000;701.8296;6707.4365
215.5924;304.3906;0.0000;700.0900;6714.4365
216.1575;303.8255;0.0000;704.2201;6721.4365
217.1574;304.2604;0.0000;701.1343;6728.4365
218.1574;303.6953;0.0000;701.7852;6735.4365
219.1574;303.5651;0.0000;704.0900;6742.4365
219.7225;303.0000;0.0000;701.1343;6749.4365
220.7225;303.4349;0.0000;702.6550;6756.4365
221.1574;302.8698;0.0000;703.3947;6763.4365
221.7225;302.3047;0.0000;701.8296;6770.4365
222.7225;302.1746;0.0000;704.0900;6777.4365
224.2876;301.6094;0.0000;702.6993;6784.4365
225.2876;302.0444;0.0000;702.0900;6791.4365
226.2876;301.4792;0.0000;705.0900;6798.4365
227.8527;301.3491;0.0000;702.5692;6805.4365
228.8527;300.7840;0.0000;703.3947;6812.8716
229.4178;300.2189;0.0000;704.9597;6819.8716
230.4178;300.6538;0.0000;701.8739;6826.8716
231.9829;300.0887;0.0000;704.3947;6833.8721
232.9829;299.5236;0.0000;707.0042;6840.8716
233.5480;299.3934;0.0000;703.1343;6848.4365
234.5480;298.8283;0.0000;705.3947;6855.4365
235.5480;298.6981;0.0000;704.0041;6862.4365
236.5480;298.1331;0.0000;703.8296;6869.4365
238.1131;297.5679;0.0000;706.9597;6876.4365
239.1131;297.0029;0.0000;704.6993;6883.4365
239.6782;296.8727;0.0000;705.6550;6890.4365
240.6782;295.7425;0.0000;709.0900;6897.4365
241.6782;295.1774;0.0000;705.6993;6904.4365
242.6782;295.0472;0.0000;708.0900;6911.4365
243.6782;293.9170;0.0000;710.1343;6918.4365
244.6782;293.7868;0.0000;706.2645;6925.4365
245.6782;293.2217;0.0000;709.0900;6932.4365
246.6782;292.5264;0.0000;708.1343;6939.4365
246.6782;291.9614;0.0000;708.0900;6946.4365
247.6782;291.2661;0.0000;714.6107;6953.4365
248.6782;290.7010;0.0000;713.2201;6960.4365
249.1131;289.5708;0.0000;715.7408;6967.4365
249.9829;288.8755;6.7811;720.0012;6974.4365
250.9829;287.7453;5.2189;719.4362;6981.4365
251.4178;287.1802;0.0000;723.9569;6988.4365
251.8527;286.0500;0.0000;725.3918;6995.8721
252.8527;285.3548;5.2189;724.2616;7002.8716
253.2876;284.7897;0.0000;727.0871;7009.8716
253.7225;283.6595;0.0000;725.8267;7016.8721
255.1574;283.5293;0.0000;721.4777;7023.8716
255.5923;282.3991;0.0000;728.7823;7030.8716
257.0273;281.8340;0.0000;726.2616;7038.4365
257.4622;281.7038;0.0000;726.5220;7045.4365
258.4622;281.1387;0.0000;729.0871;7052.4365
259.3320;280.0085;0.0000;726.1315;7059.4365
260.3320;279.4435;0.0000;727.7823;7066.4365
261.2018;279.3133;0.0000;728.8267;7073.4365
262.2018;278.7482;5.2189;727.1315;7080.4365
263.0716;277.6180;0.0000;730.0871;7087.4365
264.0716;277.0529;0.0000;729.6965;7094.4365
265.0716;276.4878;5.2189;727.9569;7101.4365
266.5065;275.9227;0.0000;732.2173;7108.4365
266.9414;275.3576;0.0000;731.3918;7115.4365
268.3763;274.7925;0.0000;731.9126;7122.4365
269.3763;274.2274;0.0000;738.1730;7129.4370
270.2462;273.6623;0.0000;737.0427;7136.4365
271.2462;272.5322;0.0000;740.8239;7143.4365
272.1160;271.9670;0.0000;743.8239;7150.4365
272.5508;271.4020;5.2189;742.6937;7157.4365
272.9858;270.8369;0.0000;745.0842;7164.4365
273.8556;270.8369;0.0000;746.3890;7171.4370
274.2905;270.2718;5.2189;743.8239;7178.4365
274.7254;269.7067;6.7811;747.7795;7185.8716
275.5952;269.1416;0.0000;745.9541;7192.8716
276.0301;268.5765;6.7811;746.6494;7199.8716
276.4650;267.5765;0.0000;750.2145;7206.8721
277.3348;267.0114;0.0000;746.6937;7213.8721
277.7697;266.4463;0.0000;747.2145;7221.4365
278.2047;266.4463;6.7811;750.6494;7228.4365
279.6396;265.8812;0.0000;748.6937;7235.4370
280.5094;264.8812;6.7811;750.2145;7242.4365
280.9443;264.3161;5.2189;749.9541;7249.4365
282.3792;263.7510;0.0000;746.8239;7256.4365
282.8141;263.7510;0.0000;751.6494;7263.4365
283.8141;263.1859;6.7811;749.6937;7270.4365
284.2490;262.1859;0.0000;748.9541;7277.4370
285.1188;261.6208;0.0000;752.6494;7284.4365
286.5537;260.4907;0.0000;750.1286;7291.4365
286.9886;259.9255;0.0000;752.3890;7298.4365
287.4235;259.3605;0.0000;747.7380;7305.4365
287.8584;258.7953;0.0000;753.3890;7312.4370
288.2933;257.2303;0.0000;755.7795;7319.4365
289.1631;256.6652;0.0000;758.3446;7326.4365
290.1631;255.6652;0.0000;755.6494;7333.4365
291.0330;255.1001;0.0000;758.1701;7340.4365
291.4679;253.9699;0.0000;757.5192;7347.4365
291.9028;253.4048;0.0000;757.7795;7354.4370
292.3377;252.8397;0.0000;762.1700;7361.4365
292.7726;251.7095;0.0000;760.5192;7368.8716
293.2075;250.7095;0.0000;758.9097;7375.8716
293.6424;249.7095;5.2189;762.6050;7382.8716
294.5122;248.5793;0.0000;760.9541;7389.8721
295.3820;247.5793;5.2189;763.3446;7396.8721
296.2518;246.0143;0.0000;764.0842;7404.4365
296.6867;245.4492;0.0000;761.3890;7411.4365
297.5565;243.8841;0.0000;764.3446;7418.4370
298.5565;242.3190;0.0000;764.8239;7425.4365
299.4264;241.7539;0.0000;762.9541;7432.4365
299.8613;240.1888;0.0000;768.7795;7439.4365
300.7311;239.6237;0.0000;764.1286;7446.4365
300.6009;238.0586;0.0000;765.3890;7453.4370
301.4707;237.0586;0.0000;770.5192;7460.4370
301.9056;235.4935;0.0000;765.4333;7467.4365
302.7755;234.4935;0.0000;764.0399;7474.4365
303.6453;232.9284;0.0000;768.6937;7481.4365
304.5151;231.9284;0.0000;766.4333;7488.4365
304.9500;230.9284;0.0000;769.3889;7495.4370
305.2547;230.3633;0.0000;768.9984;7502.4365
305.6896;228.7982;0.0000;767.1286;7509.4365
306.5594;227.3633;0.0000;770.5192;7516.4365
306.9943;226.3633;0.0000;767.8682;7523.4365
307.8641;225.3633;0.0000;766.9984;7530.4370
308.2990;224.3633;0.0000;771.8239;7537.4370
308.7339;222.9284;0.0000;767.7380;7544.4365
309.1689;221.9284;0.0000;768.6937;7551.8716
309.6038;220.3633;6.7811;770.9984;7558.8716
309.4736;219.3633;0.0000;767.7380;7565.8716
309.9085;218.3633;6.7811;769.1285;7572.8721
310.3434;217.3633;0.0000;770.9984;7579.8721
310.2132;216.3633;0.0000;766.8682;7586.8716
310.6481;215.3633;0.0000;770.4333;7594.4365
311.0830;214.3633;0.0000;770.0427;7601.4370
310.5179;213.3633;0.0000;767.8682;7608.4365
310.9528;211.7982;0.0000;772.8682;7615.4365
311.3877;211.2331;0.0000;768.6078;7622.4365
310.8226;210.2331;0.0000;770.8682;7629.4365
311.2575;209.2331;0.0000;770.5192;7636.4370
311.1273;208.2331;0.0000;770.0427;7643.4370
311.1273;207.2331;0.0000;773.1285;7650.4365
310.9972;206.2331;0.0000;772.1729;7657.4365
310.9972;205.6680;0.0000;772.3031;7664.4365
310.8670;204.6680;5.2189;774.5635;7671.4365
310.7368;203.6680;0.0000;772.8682;7678.4370
311.1717;202.6680;0.0000;774.9984;7685.4365
310.6066;201.1029;0.0000;779.2588;7692.4365
310.4764;200.1029;0.0000;775.8682;7699.4365
310.9113;199.1029;5.2189;773.7795;7706.4365
310.7811;198.1029;0.0000;781.3889;7713.4370
310.2160;197.6680;0.0000;777.4333;7720.4370
310.0858;196.2331;0.0000;780.9540;7727.4365
309.5208;195.2331;0.0000;782.8239;7734.4365
309.9557;194.6680;0.0000;779.1285;7741.8716
309.3906;192.6680;0.0000;782.3889;7748.8711
309.2604;191.6680;0.0000;780.3031;7755.8721
309.1302;190.6680;0.0000;781.1285;7762.8721
308.5651;190.1029;5.2189;786.2144;7769.8716
308.4349;188.5378;0.0000;782.4333;7777.4365
307.8698;187.5378;0.0000;781.6937;7784.4370
307.3047;186.5378;0.0000;784.1285;7791.4365
306.6094;185.9727;0.0000;780.9984;7798.4365
306.0444;184.4077;0.0000;784.1285;7805.4365
305.9142;183.4077;0.0000;783.3031;7812.4365
305.3491;182.4077;0.0000;781.8682;7819.4370
305.2189;181.4077;0.0000;784.9984;7826.4365
304.6538;179.8426;0.0000;785.3031;7833.4365
304.0887;179.2775;0.0000;780.6078;7840.4365
303.5236;178.2775;0.0000;784.6937;7847.4365
303.3934;177.2775;0.0000;782.9125;7854.4365
302.8283;176.2775;0.0000;783.3031;7861.4370
302.6981;175.2775;0.0000;783.7380;7868.4365
302.6981;174.2775;0.0000;782.3474;7875.4365
302.1331;173.7124;0.0000;784.4333;7882.4365
302.0029;172.1473;0.0000;785.1729;7889.4365
301.4377;171.1473;0.0000;781.9125;7896.4370
301.3076;169.5822;0.0000;784.8682;7903.4365
300.7425;168.5822;0.0000;784.4777;7910.4365
300.1774;167.4520;0.0000;783.4777;7917.4365
299.6123;166.4520;0.0000;785.3031;7924.8716
299.4821;164.4520;0.0000;784.6522;7931.8711
298.9170;163.4520;0.0000;782.6078;7938.8721
299.3519;162.8869;0.0000;788.0427;7945.8721
298.7868;161.3218;0.0000;783.0870;7952.8716
298.2217;160.3218;0.0000;784.6078;7960.4370
298.0916;158.7567;0.0000;786.4777;7967.4370
297.5264;157.7567;0.0000;782.7823;7974.4365
296.9614;156.7567;0.0000;784.6078;7981.4365
296.8312;155.7567;0.0000;784.7823;7988.4365
296.8312;154.7567;0.0000;782.2173;7995.4365
296.7010;153.7567;0.0000;785.4777;8002.4370
296.1359;152.1916;0.0000;783.6522;8009.4365
295.5708;151.1916;0.0000;783.9125;8016.4365
295.4406;149.7567;0.0000;786.9125;8023.4365
294.8755;148.1916;5.2189;782.9569;8030.4365
294.7453;147.1916;0.0000;785.9125;8037.4370
294.1802;146.1916;5.2189;786.3474;8044.4370
293.6151;145.1916;0.0000;783.3918;8051.4365
292.9199;143.7567;0.0000;785.9125;8058.4365
292.3548;142.7567;0.0000;786.5220;8065.4365
292.2246;142.3218;5.2189;783.9569;8072.4365
291.0944;140.8869;0.0000;787.6522;8079.4370
290.5293;139.8869;5.2189;785.3918;8086.4365
289.8340;138.8869;0.0000;783.7823;8093.4365
288.7039;137.8869;0.0000;789.9569;8100.4365
288.1387;136.8869;0.0000;784.2173;8107.8716
287.0085;135.8869;0.0000;785.6522;8114.8721
286.4435;134.8869;0.0000;788.5220;8121.8721
285.7482;133.4520;0.0000;785.8267;8128.8721
285.1831;133.0171;0.0000;786.3918;8135.8716
284.0529;132.0171;0.0000;789.9569;8142.8716
283.4878;131.0171;0.0000;786.3918;8150.4370
282.9227;130.1473;0.0000;789.9569;8157.4365
281.7925;129.7124;0.0000;788.0012;8164.4365
281.6624;128.7124;0.0000;787.6965;8171.4365
281.0972;128.2775;0.0000;790.9569;8178.4365
279.9670;127.4077;0.0000;788.4362;8185.4370
279.4020;126.4077;0.0000;788.2616;8192.4365
278.2718;125.9727;6.7811;793.2616;8199.4365
277.7067;124.9727;0.0000;789.3060;8206.4365
276.5765;123.9727;0.0000;790.6965;8213.4365
275.4463;122.9727;0.0000;792.4362;8220.4375
274.8812;122.1029;0.0000;788.5663;8227.4375
274.3161;121.1029;0.0000;788.1758;8234.4365
273.1859;119.6680;0.0000;796.2616;8241.4365
272.4907;119.2331;0.0000;786.6107;8248.4365
271.9256;117.7982;0.0000;798.2173;8255.4365
270.7954;117.3633;0.0000;794.5663;8262.4375
270.2303;116.9284;0.0000;794.6965;8269.4365
269.1001;115.9284;0.0000;799.5220;8276.4365
268.5350;115.0586;0.0000;796.6965;8283.4365
267.4048;114.0586;0.0000;796.2616;8290.4365
265.8397;113.0586;0.0000;798.6965;8297.8721
265.2746;112.6237;0.0000;797.9569;8304.8721
264.5793;111.1888;0.0000;799.0871;8311.8721
263.4492;110.7539;0.0000;799.2616;8318.8711
262.8841;109.3190;0.0000;796.2616;8325.8711
261.7539;108.8841;0.0000;800.6522;8333.4375
260.1888;107.8841;0.0000;798.6965;8340.4365
259.0586;107.4492;0.0000;797.9569;8347.4365
258.4935;106.0142;0.0000;801.5220;8354.4365
257.3633;105.5793;5.2189;796.8711;8361.4365
256.7982;105.1444;0.0000;800.3918;8368.4375
255.6680;104.2746;5.2189;800.8267;8375.4365
254.6680;103.2746;0.0000;800.0012;8382.4365
253.5378;102.8397;0.0000;800.9569;8389.4365
252.9727;102.4048;0.0000;800.1315;8396.4365
251.8426;101.5350;0.0000;799.2616;8403.4375
251.2775;101.1001;0.0000;802.0871;8410.4375
250.1473;100.2303;0.0000;800.0012;8417.4365
249.0171;99.7954;0.0000;798.6965;8424.4365
248.0171;98.3605;0.0000;802.9569;8431.4365
246.8869;97.9256;0.0000;798.8711;8438.4365
246.3218;97.4906;0.0000;800.9569;8445.4375
244.7567;96.6208;0.0000;802.8267;8452.4365
244.1916;95.1859;0.0000;798.8711;8459.4365
242.6265;94.7510;0.0000;801.3918;8466.4365
242.0614;93.8812;0.0000;801.6965;8473.4365
240.9312;93.4463;0.0000;800.1315;8480.8721
239.9312;93.0114;0.0000;802.8267;8487.8721
238.8011;92.1416;0.0000;801.3060;8494.8721
237.8011;91.7067;0.0000;800.5663;8501.8711
237.2360;90.8369;0.0000;803.2616;8508.8711
236.6709;90.4020;0.0000;800.1758;8516.4365
235.6709;89.5321;0.0000;801.6965;8523.4365
235.1058;89.0972;0.0000;804.1315;8530.4365
234.1058;88.6623;0.0000;799.7408;8537.4365
233.1058;88.3576;0.0000;803.1315;8544.4375
232.5407;87.9227;0.0000;804.1315;8551.4375
231.5407;87.0529;0.0000;799.7408;8558.4365
231.1058;87.1831;0.0000;803.6965;8565.4365
230.5407;86.7482;0.0000;801.4805;8572.4365
229.5407;85.8784;0.0000;800.8711;8579.4365
228.5407;85.4435;0.0000;804.1315;8586.4375
228.1058;85.5736;0.0000;799.7408;8593.4375
227.5407;85.1387;5.2189;801.1315;8600.4365
227.1058;85.2689;0.0000;804.0012;8607.4365
226.5407;84.3991;0.0000;800.6107;8614.4365
225.5407;83.9642;0.0000;802.5663;8621.4375
224.9756;83.5293;0.0000;802.4362;8628.4375
223.9756;83.6595;0.0000;799.6107;8635.4365
222.9756;83.2246;0.0000;802.5663;8642.4365
222.4105;82.7897;0.0000;801.4805;8649.4365
221.4105;82.9199;0.0000;801.3060;8656.4365
220.4105;82.4850;0.0000;804.1315;8663.8721
219.9756;82.0500;0.0000;800.1758;8670.8721
219.4105;82.1802;0.0000;800.1758;8677.8721
218.4105;81.3104;0.0000;806.3060;8684.8711
217.4105;81.8755;0.0000;800.4805;8691.8711
216.9756;81.4406;0.0000;803.3060;8698.8721
215.9756;81.0057;0.0000;803.7408;8706.4365
215.4105;81.1359;0.0000;798.9154;8713.4365
214.4105;81.1359;0.0000;802.8711;8720.4365
213.4105;81.2661;0.0000;803.0456;8727.4375
212.2803;80.8312;0.0000;799.0456;8734.4375
211.2803;80.3963;0.0000;805.0012;8741.4365
209.7152;79.9613;0.0000;799.7852;8748.4365
208.7152;80.0915;0.0000;800.1758;8755.4365
207.5850;79.6566;0.0000;805.5663;8762.4365
206.0200;79.7868;0.0000;799.7852;8769.4375
205.4549;79.3519;0.0000;799.4805;8776.4365
203.8898;79.4821;0.0000;795.2645;8783.4365
202.8898;79.4821;0.0000;799.7852;8790.4365
202.3247;79.0472;0.0000;796.0900;8797.4365
201.8898;79.1774;0.0000;796.9597;8804.4375
201.3247;78.7425;0.0000;790.3503;8811.4375
200.3247;79.3076;0.0000;798.2201;8818.4365
199.3247;79.4378;0.0000;793.5692;8825.4365
198.7596;79.4378;0.0000;793.9597;8832.4365
197.7596;79.0029;0.0000;795.9597;8839.4365
196.7596;79.1330;0.0000;793.5692;8846.8721
196.1945;78.6981;0.0000;793.7408;8853.8721
194.6294;78.8283;0.0000;798.8296;8860.8721
194.0643;78.8283;0.0000;794.6993;8867.8711
193.0643;78.9585;0.0000;796.8296;8874.8711
191.9341;78.5236;5.2189;796.3947;8881.8721
190.9341;79.0887;0.0000;793.3947;8889.4365
189.3690;79.2189;0.0000;796.7852;8896.4365
188.3690;79.2189;0.0000;790.0900;8903.4365
187.8039;79.3491;0.0000;795.8296;8910.4375
186.2388;79.4793;0.0000;796.3503;8917.4375
185.2388;79.6094;5.2189;793.5692;8924.4365
184.6737;80.1745;0.0000;793.9597;8931.4365
183.6737;79.7396;0.0000;796.9597;8938.4365
182.6737;79.8698;0.0000;793.6993;8945.4365
181.6737;80.0000;0.0000;795.7852;8952.4375
180.6737;80.5651;0.0000;795.9597;8959.4365
179.1086;80.6953;5.2189;795.3947;8966.4365
178.5435;80.8255;0.0000;795.3503;8973.4365
177.5435;81.3906;5.2189;793.9597;8980.4365
176.5435;81.5208;0.0000;793.3947;8987.4375
175.5435;81.6509;0.0000;796.4805;8994.4375
174.5435;82.2160;0.0000;794.5248;9001.4365
173.5435;82.3462;0.0000;794.2201;9008.4365
173.1086;82.3462;5.2189;796.9154;9015.4365
172.1086;82.4764;0.0000;793.9597;9022.4365
171.6737;82.6066;0.0000;796.6107;9029.4375
170.6737;83.1717;5.2189;795.3503;9036.8721
169.6737;83.3019;0.0000;794.2201;9043.8711
169.2388;82.8670;0.0000;796.1758;9050.8711
168.2388;83.4321;5.2189;795.3503;9057.8711
167.2388;83.5622;5.2189;792.4805;9064.8721
166.2388;83.5622;5.2189;796.1758;9072.4365
165.8039;83.6924;0.0000;795.0900;9079.4365
164.8039;83.2575;0.0000;795.4805;9086.4365
164.3690;83.8226;0.0000;796.6107;9093.4375
163.9341;83.3877;5.2189;794.7852;9100.4375
163.4992;83.9528;0.0000;797.1758;9107.4365
162.4992;83.5179;0.0000;797.1758;9114.4365
162.0643;83.6481;0.0000;794.7852;9121.4365
161.0643;84.2132;0.0000;797.1758;9128.4375
160.6294;83.7783;0.0000;796.7852;9135.4375
160.1945;83.9085;0.0000;795.4805;9142.4365
159.1945;83.9085;0.0000;799.1758;9149.4365
158.7596;84.4736;0.0000;796.7852;9156.4365
158.3247;84.0387;0.0000;797.1758;9163.4365
157.8898;84.6037;0.0000;798.7408;9170.4375
156.4548;84.7339;0.0000;793.3947;9177.4375
156.0199;84.2990;0.0000;797.1758;9184.4365
155.4548;84.4292;0.0000;797.7408;9191.4365
155.0199;84.4292;0.0000;796.3503;9198.4365
154.5850;84.5594;0.0000;797.7408;9205.4375
153.5850;84.5594;0.0000;799.6107;9212.4375
152.7152;84.6896;0.0000;795.4805;9219.8721
152.1501;84.8198;0.0000;798.8711;9226.8711
151.7152;85.2547;0.0000;796.3503;9233.8711
150.7152;85.3849;0.0000;795.8711;9240.8711
149.7152;85.5151;0.0000;798.4362;9247.8721
148.7152;85.5151;0.0000;795.4805;9254.8721
147.7152;85.6452;0.0000;797.3060;9262.4365
146.7152;86.2103;0.0000;801.0012;9269.4365
146.2803;86.2103;0.0000;795.4805;9276.4375
145.2803;86.3405;0.0000;798.0012;9283.4375
144.2803;86.9056;0.0000;797.8711;9290.4365
143.2803;86.4707;0.0000;795.0456;9297.4365
142.2803;87.0358;0.0000;797.0012;9304.4365
141.2803;87.1660;0.0000;794.7408;9311.4375
140.2803;87.7311;0.0000;797.0012;9318.4375
138.8454;87.7311;0.0000;799.2616;9325.4365
137.8454;87.4264;0.0000;797.1758;9332.4365
136.8454;87.9915;0.0000;797.1315;9339.4365
135.8454;88.5565;0.0000;799.1315;9346.4365
134.8454;89.1216;0.0000;796.4362;9353.4375
134.2803;89.6867;0.0000;797.1315;9360.4375
133.2803;90.2518;0.0000;798.2616;9367.4365
132.2803;90.8169;0.0000;796.4362;9374.4365
132.2803;90.8169;0.0000;797.1315;9381.4365
131.2803;91.3820;0.0000;796.4362;9388.4375
130.2803;91.5122;0.0000;795.0012;9395.4375
129.8454;92.0773;5.2189;800.3918;9402.8721
128.8454;92.6424;0.0000;796.4362;9409.8711
127.8454;92.7726;0.0000;795.0012;9416.8711
127.4105;92.7726;0.0000;800.3918;9423.8711
126.4105;93.3377;0.0000;797.5663;9430.8721
125.4105;93.9028;0.0000;797.9569;9437.8721
124.9756;94.4679;0.0000;796.2616;9445.4365
123.9756;95.0330;0.0000;795.2616;9452.4365
122.9756;95.5981;0.0000;799.0871;9459.4375
121.9756;96.1631;0.0000;797.1315;9466.4365
121.5407;96.2933;0.0000;796.2616;9473.4365
120.5407;96.8584;0.0000;800.6522;9480.4365
120.1058;97.4235;0.0000;797.5663;9487.4365
119.1058;97.9886;0.0000;797.3918;9494.4375
118.6709;98.5537;0.0000;800.5220;9501.4375
118.2360;99.1188;5.2189;794.5663;9508.4365
117.2360;100.2490;0.0000;799.7823;9515.4365
116.8011;100.8141;0.0000;799.6522;9522.4365
116.3662;101.3792;0.0000;795.5663;9529.4365
115.3662;101.9443;0.0000;799.7823;9536.4375
114.9313;103.0745;0.0000;798.9569;9543.4375
114.3662;103.6395;0.0000;796.0871;9550.4365
113.9313;104.2046;0.0000;800.7823;9557.4365
113.4963;104.7697;0.0000;796.2616;9564.4365
112.4963;105.3348;5.2189;797.6522;9571.4375
112.0614;106.4650;0.0000;799.9126;9578.4375
111.0614;107.0301;0.0000;795.6965;9585.4365
110.6265;108.1603;0.0000;798.9126;9592.8711
110.1916;108.7254;0.0000;800.2173;9599.8711
109.1916;109.8556;0.0000;795.8267;9606.8711
109.1916;110.4207;0.0000;798.6522;9613.8721
108.1916;111.5509;0.0000;798.6522;9620.8711
107.7567;112.6810;0.0000;796.7823;9628.4365
107.3218;113.8112;0.0000;800.6078;9635.4375
106.3218;114.8112;0.0000;798.0871;9642.4375
105.8869;115.9414;0.0000;797.9126;9649.4375
105.4520;117.0716;0.0000;798.9126;9656.4375
104.4520;118.2018;0.0000;795.7823;9663.4365
104.0171;118.7669;0.0000;797.6078;9670.4365
102.5822;119.8971;0.0000;799.4777;9677.4375
102.0171;120.4622;0.0000;796.2173;9684.4375
101.5822;121.5924;0.0000;798.0427;9691.4375
100.5822;122.1574;0.0000;799.4777;9698.4365
100.1473;123.2876;0.0000;797.2173;9705.4365
99.1473;123.8527;0.0000;798.1730;9712.4375
99.1473;124.9829;0.0000;796.6522;9719.4375
98.1473;126.1131;5.2189;794.9126;9726.4375
97.7124;126.6782;0.0000;798.1730;9733.4375
97.7124;128.2433;0.0000;797.2173;9740.4365
96.7124;129.3735;0.0000;797.0427;9747.4365
96.2775;130.3735;0.0000;798.9126;9754.4375
95.8426;131.5037;0.0000;795.9126;9761.4375
95.4077;132.6339;5.2189;798.4333;9768.4375
94.9727;133.7640;0.0000;798.6078;9775.8711
94.5378;134.8942;0.0000;796.7823;9782.8711
94.1029;135.4593;0.0000;800.6078;9789.8721
93.6680;136.5895;0.0000;797.7823;9796.8721
93.2331;137.1546;0.0000;798.1730;9803.8711
92.7982;138.2848;0.0000;802.3031;9810.8711
92.7982;138.8499;0.0000;797.9126;9818.4375
92.3633;139.4150;0.0000;797.1730;9825.4375
92.3633;140.5452;0.0000;800.3031;9832.4375
91.9284;141.5452;0.0000;795.9126;9839.4375
91.4935;142.1103;0.0000;799.3031;9846.4365
91.4935;142.6754;6.7811;798.7380;9853.4365
91.0586;143.8055;6.7811;794.4777;9860.4375
90.6237;144.3706;0.0000;798.8682;9867.4375
90.1888;145.5008;6.7811;796.3475;9874.4375
89.7539;146.0659;0.0000;789.3918;9881.4365
89.3190;146.6310;0.0000;792.2173;9888.4365
89.3190;147.1961;0.0000;790.8267;9895.4375
88.8841;147.7612;5.2189;789.0870;9902.4375
88.4492;148.3263;0.0000;792.2173;9909.4375
88.0142;149.3263;0.0000;789.2616;9916.4375
87.5793;149.8914;0.0000;790.7823;9923.4365
87.1444;150.4565;0.0000;789.7823;9930.4365
86.7095;151.0216;0.0000;788.0870;9937.4375
86.2746;151.5867;0.0000;790.2173;9944.4375
86.2746;152.1518;0.0000;791.0871;9951.4375
85.8397;152.1518;0.0000;788.2173;9958.8711
85.4048;152.7169;5.2189;790.6078;9965.8711
85.5350;153.7169;0.0000;787.0870;9972.8721
85.1001;154.7169;0.0000;785.9125;9979.8721
84.6652;155.2820;5.2189;789.7380;9986.8711
84.2303;155.8470;0.0000;785.2173;9993.8711
83.7954;156.4121;0.0000;785.8682;10001.4375
83.3605;157.4121;0.0000;788.3031;10008.4375
82.9256;157.8470;0.0000;785.0427;10015.4375
82.9256;158.8470;0.0000;785.9984;10022.4375
83.0557;159.4121;0.0000;786.7380;10029.4365
82.6208;160.4121;0.0000;783.7380;10036.4365
82.1859;160.4121;0.0000;788.4333;10043.4375
81.7510;160.5423;5.2189;784.1729;10050.4375
81.3161;161.1074;0.0000;784.4333;10057.4375
80.8812;161.1074;5.2189;781.6078;10064.4365
81.0114;161.6725;5.2189;782.9984;10071.4365
80.5765;162.2376;0.0000;783.8239;10078.4375
80.1416;162.6725;0.0000;785.6493;10085.4375
79.7067;163.6725;0.0000;781.1285;10092.4375
79.2718;164.6725;0.0000;782.8239;10099.4375
78.8369;164.6725;5.2189;783.2588;10106.4365
79.4020;165.2376;0.0000;781.5192;10113.4365
78.9670;165.8027;0.0000;785.3446;10120.4375
78.5321;166.2376;5.2189;782.2588;10127.4375
78.5321;167.2376;0.0000;778.7352;10134.4375
78.6623;167.8027;0.0000;784.1700;10141.4365
78.2274;167.8027;5.2189;780.2144;10148.8711
77.7925;168.8027;0.0000;780.2144;10155.8721
77.3576;169.8027;0.0000;783.6050;10162.8721
76.9227;170.8027;0.0000;778.5192;10169.8711
76.4878;171.2376;0.0000;781.0399;10176.8711
76.0529;171.8027;0.0000;781.0399;10184.4375
76.0529;172.3678;5.2189;777.9097;10191.4375
75.6180;172.9329;0.0000;781.8654;10198.4375
74.7482;173.3678;5.2189;779.3446;10205.4365
74.3133;174.3678;0.0000;777.6050;10212.4365
73.8784;175.3678;0.0000;782.3003;10219.4375
73.4435;175.3678;0.0000;778.0399;10226.4375
73.0085;175.9329;0.0000;775.6050;10233.4375
73.0085;176.9329;0.0000;780.9955;10240.4375
72.5736;177.9329;0.0000;777.6050;10247.4365
72.1387;178.4980;0.0000;778.2559;10254.4365
71.7038;179.0631;0.0000;777.1257;10261.4375
71.2689;180.0631;0.0000;777.6050;10268.4375
70.8340;181.0631;0.0000;777.5163;10275.4375
69.9642;182.0631;0.0000;778.4304;10282.4365
70.0944;182.6282;0.0000;776.1257;10289.4365
69.6595;183.6282;0.0000;778.9512;10296.4375
69.2246;184.6282;0.0000;776.5607;10303.4375
68.3548;185.6282;0.0000;775.3861;10310.4375
67.9199;186.1933;0.0000;778.0814;10317.4375
68.0500;187.1933;0.0000;774.5607;10324.4365
67.6151;188.1933;0.0000;777.0814;10331.8711
67.1802;189.1933;0.0000;778.0814;10338.8721
66.7453;189.7583;0.0000;773.6908;10345.8721
66.7453;190.7583;0.0000;774.5163;10352.8711
66.4406;191.7583;0.0000;774.5163;10359.8711
66.4406;192.3234;0.0000;772.9512;10367.4375
66.0057;193.3234;0.0000;776.4719;10374.4375
65.5708;194.3234;0.0000;774.2559;10381.4375
65.1359;195.3234;0.0000;773.5163;10388.4365
65.2661;195.8885;0.0000;777.9069;10395.4365
65.2661;196.8885;0.0000;772.3861;10402.4375
64.8312;197.4536;0.0000;773.6465;10409.4375
65.3963;198.4536;0.0000;777.0814;10416.4375
65.3963;199.0187;0.0000;773.6908;10423.4375
64.9613;200.0187;0.0000;775.7767;10430.4365
65.5264;200.5838;0.0000;774.5163;10437.4365
65.5264;201.1489;0.0000;773.0814;10444.4375
65.0915;202.1489;0.0000;771.1257;10451.4375
64.6566;202.7140;0.0000;772.5163;10458.4375
64.6566;203.1489;0.0000;774.9069;10465.4365
64.7868;204.1489;0.0000;777.6022;10472.4365
64.3519;205.1489;0.0000;773.3861;10479.4375
64.4821;206.1489;0.0000;774.4719;10486.4375
64.6123;206.5838;0.0000;778.6022;10493.4375
64.1774;207.1489;0.0000;770.3418;10500.4375
64.7425;208.1489;0.0000;774.0370;10507.4365
64.3076;208.1489;0.0000;774.4719;10514.8711
64.4378;209.1489;0.0000;771.4719;10521.8721
64.4378;209.7140;0.0000;774.5578;10528.8721
64.0029;210.1489;0.0000;771.9069;10535.8711
64.1330;210.7140;0.0000;772.2974;10542.8711
64.1330;211.7140;0.0000;775.1229;10549.8711
63.6981;212.1489;0.0000;770.6022;10557.4375
63.8283;213.1489;0.0000;772.4276;10564.4375
63.8283;213.7140;0.0000;772.9927;10571.4365
63.9585;214.7140;0.0000;768.6022;10578.4365
64.0887;215.7140;5.2189;772.4276;10585.4375
63.6538;216.1489;0.0000;771.9927;10592.4375
63.7840;217.1489;0.0000;769.1672;10599.4375
63.3491;217.7140;5.2189;772.2531;10606.4375
63.9142;218.7140;0.0000;768.8625;10613.4365
64.0443;219.7140;0.0000;770.1229;10620.4365
63.6094;220.2791;0.0000;771.1229;10627.4375
64.1745;221.2791;0.0000;769.7323;10634.4375
63.7396;222.2791;0.0000;769.2531;10641.4375
63.8698;222.7140;5.2189;771.9484;10648.4365
63.8698;223.2791;0.0000;769.9927;10655.4365
64.0000;224.2791;0.0000;769.2531;10662.4375
64.1302;225.2791;0.0000;768.2531;10669.4375
64.1302;226.2791;0.0000;766.4276;10676.4375
64.2604;227.2791;5.2189;769.3833;10683.4375
63.8255;227.8442;0.0000;767.5578;10690.4365
64.3906;228.8442;0.0000;766.2531;10697.4365
63.9557;229.8442;0.0000;768.7738;10704.8721
64.5208;230.8442;0.0000;765.9927;10711.8721
64.0858;231.2791;0.0000;767.3833;10718.8711
64.6509;231.8442;0.0000;769.5134;10725.8711
64.7811;232.8442;0.0000;765.6880;10732.8711
65.3462;233.8442;0.0000;767.6437;10740.4375
64.9113;234.8442;0.0000;768.8182;10747.4375
65.0415;235.4093;0.0000;765.6880;10754.4365
65.6066;236.2791;0.0000;766.9484;10761.4365
65.1717;237.2791;0.0000;765.9927;10768.4375
65.7368;238.2791;0.0000;764.8182;10775.4375
65.8670;239.2791;0.0000;769.0786;10782.4375
66.4321;240.2791;0.0000;763.1229;10789.4375
66.5622;240.7140;0.0000;765.3833;10796.4365
67.1273;241.7140;0.0000;766.3389;10803.4375
66.6924;242.7140;0.0000;762.3833;10810.4375
67.2575;244.1489;0.0000;766.7738;10817.4375
67.3877;245.1489;0.0000;768.2087;10824.4375
67.9528;245.5838;0.0000;762.3833;10831.4365
67.5179;246.5838;0.0000;765.6437;10838.4365
67.6481;248.0187;0.0000;766.0786;10845.4375
68.2132;249.0187;0.0000;762.8182;10852.4375
68.7783;250.0187;0.0000;764.0786;10859.4375
68.9085;251.0187;0.0000;762.1229;10866.4375
68.9085;252.4536;0.0000;762.3833;10873.4365
69.4736;252.8885;0.0000;764.4691;10880.4375
69.6037;253.8885;0.0000;761.5578;10887.8721
70.1688;254.8885;0.0000;762.3833;10894.8711
70.7339;255.8885;0.0000;763.3833;10901.8711
71.2990;256.8885;5.2189;760.1229;10908.8711
71.9943;258.3235;0.0000;762.3833;10915.8711
72.5594;259.3235;0.0000;762.3833;10923.4375
72.6896;260.3235;0.0000;760.6880;10930.4375
73.2547;260.7584;0.0000;762.2087;10937.4365
73.2547;261.7584;0.0000;758.9927;10944.4365
73.8198;262.7583;0.0000;759.8182;10951.4375
73.9500;263.7583;0.0000;764.0786;10958.4375
74.5151;264.7583;0.0000;760.6880;10965.4375
74.6452;265.1932;5.2189;761.7738;10972.4365
74.6452;266.6281;0.0000;762.9484;10979.4365
75.2103;267.6281;0.0000;760.1229;10986.4375
75.3405;268.6281;5.2189;761.0785;10993.4375
75.9056;269.6281;0.0000;762.3833;11000.4375
76.4707;270.6281;5.2189;758.9927;11007.4375
76.6009;271.0630;0.0000;761.0785;11014.4365
76.6009;272.0630;0.0000;762.8182;11021.4365
76.7311;273.0630;0.0000;758.9484;11028.4375
77.2962;273.9329;0.0000;762.7738;11035.4375
77.2962;274.9329;0.0000;759.8182;11042.4375
77.4264;275.4980;0.0000;760.0785;11049.4375
77.9915;275.9329;0.0000;762.7738;11056.4365
78.5565;276.9329;0.0000;758.8181;11063.4375
79.1216;277.9329;0.0000;759.7738;11070.8721
79.2518;278.3678;0.0000;760.6436;11077.8711
79.2518;279.3678;0.0000;760.3833;11084.8711
79.8169;279.8027;0.0000;762.2087;11091.8711
80.3820;280.8027;0.0000;758.6880;11098.8711
80.5122;281.2376;0.0000;758.9484;11105.8721
81.0773;282.2376;0.0000;762.9484;11113.4375
81.0773;282.6725;0.0000;760.6880;11120.4365
81.6424;283.1074;0.0000;758.5134;11127.4365
81.7726;284.1074;0.0000;762.3833;11134.4375
82.3377;284.5423;5.2189;758.9927;11141.4375
82.9028;285.1074;0.0000;759.3389;11148.4375
83.4679;285.5423;0.0000;759.5134;11155.4365
83.5980;286.5423;0.0000;757.6880;11162.4365
84.1631;286.9772;0.0000;759.7738;11169.4375
84.7282;287.4121;0.0000;758.5134;11176.4375
84.8584;288.4121;0.0000;756.8181;11183.4375
84.8584;288.8470;0.0000;759.7738;11190.4375
85.4235;289.7169;0.0000;756.8181;11197.4365
85.9886;290.1518;0.0000;757.6436;11204.4365
86.5537;291.1518;0.0000;760.6436;11211.4375
86.1188;291.5867;5.2189;756.6880;11218.4375
86.6839;292.4565;0.0000;756.0785;11225.4375
87.2490;293.4565;5.2189;758.2087;11232.4365
87.8141;293.8914;0.0000;757.2531;11239.4365
88.3792;294.7612;0.0000;755.5134;11246.4375
88.9443;295.7612;0.0000;758.9484;11253.4375
88.9443;296.1961;0.0000;756.5134;11260.8711
89.5094;297.6310;5.2189;758.0785;11267.8711
89.6395;298.0659;0.0000;756.3832;11274.8711
90.2046;299.0659;5.2189;756.5134;11281.8711
90.7697;299.9357;0.0000;759.3389;11288.8721
91.3348;300.3706;0.0000;755.9927;11296.4375
91.8999;300.8055;0.0000;756.5134;11303.4365
92.4650;302.2404;0.0000;756.9484;11310.4375
93.0301;302.6754;5.2189;752.2974;11317.4375
93.0301;303.1103;0.0000;755.9484;11324.4375
93.5952;303.5452;5.2189;755.8181;11331.4375
94.1603;304.5452;0.0000;754.8181;11338.4365
94.7254;304.9801;0.0000;755.9484;11345.4365
95.2905;305.4150;5.2189;754.6880;11352.4375
95.8556;305.8499;0.0000;753.6880;11359.4375
96.4207;306.8499;0.0000;756.9484;11366.4375
96.9858;307.2848;0.0000;753.2974;11373.4375
96.9858;307.7197;0.0000;752.2531;11380.4365
97.5509;308.1546;0.0000;758.1229;11387.4375
98.1160;309.1546;0.0000;753.9927;11394.4375
98.6810;309.5895;0.0000;755.2531;11401.4375
98.6810;310.0244;0.0000;755.5577;11408.4375
98.8112;310.4593;6.7811;753.1229;11415.4365
99.3763;310.8942;0.0000;757.6880;11422.4365
99.9414;311.3291;0.0000;754.4276;11429.4375
100.5065;312.3291;0.0000;753.9927;11436.4375
100.5065;312.7640;0.0000;758.1229;11443.8711
101.6367;313.1989;0.0000;756.7323;11450.8711
102.2018;313.1989;0.0000;755.9927;11457.8711
102.7669;314.1989;0.0000;758.4276;11464.8721
103.3320;314.6339;0.0000;754.7767;11471.8721
104.4622;315.0688;0.0000;756.5577;11479.4375
105.0273;316.0688;0.0000;757.2974;11486.4365
105.5924;316.5037;0.0000;756.1672;11493.4375
106.7225;316.9386;0.0000;758.4276;11500.4375
107.2876;317.9386;0.0000;757.0370;11507.4375
107.8527;318.3735;0.0000;755.9069;11514.4375
108.9829;318.3735;0.0000;758.1672;11521.4365
109.5480;318.8084;0.0000;755.2115;11528.4365
111.1131;319.8084;0.0000;755.3418;11535.4375
111.6782;320.6782;0.0000;751.8210;11542.4375
112.8084;321.6782;0.0000;754.8210;11549.4375
113.9386;322.1131;0.0000;755.0370;11556.4375
115.0688;323.1131;0.0000;757.0814;11563.4365
115.6339;323.5480;0.0000;752.2560;11570.4375
117.1989;323.9829;0.0000;755.6465;11577.4375
118.3291;324.9829;0.0000;755.6909;11584.4375
119.4593;325.4178;0.0000;753.5164;11591.4375
120.5895;325.8527;6.7811;757.2115;11598.4365
122.1546;326.2876;0.0000;753.9956;11605.4365
123.2848;326.7225;0.0000;753.8210;11612.4375
123.8499;327.1574;0.0000;757.3861;11619.4375
125.4150;328.0273;0.0000;754.8654;11626.8711
126.5452;328.4622;0.0000;755.2560;11633.8711
128.1103;328.8971;0.0000;755.4305;11640.8711
129.2404;329.3320;0.0000;755.3003;11647.8721
130.3706;329.7669;0.0000;755.6909;11654.8721
131.9357;330.2018;0.0000;756.7352;11661.8721
133.0659;330.6367;6.7811;754.4305;11669.4365
134.1961;331.0716;5.2189;757.5607;11676.4375
135.7612;331.5065;0.0000;756.9097;11683.4375
136.8914;331.9414;0.0000;756.6050;11690.4375
138.0216;332.3763;0.0000;757.0399;11697.4375
139.5867;332.2462;0.0000;755.3446;11704.4365
140.7168;332.6811;0.0000;756.0399;11711.4365
141.8470;332.5509;6.7811;757.1701;11718.4375
143.4121;332.9858;0.0000;752.3446;11725.4375
144.5423;333.2905;0.0000;756.6050;11732.4375
145.6725;333.7254;6.7811;755.4749;11739.4375
147.2376;334.1603;0.0000;753.7795;11746.4365
148.3678;334.0301;0.0000;756.1701;11753.4375
149.9329;334.4650;0.0000;755.7795;11760.4375
151.0631;334.8999;0.0000;754.4749;11767.4375
152.6282;334.7697;0.0000;758.4749;11774.4375
153.7583;335.2047;0.0000;756.5192;11781.4365
154.8885;335.6396;0.0000;757.3446;11788.4365
155.8885;335.5094;0.0000;758.3446;11795.4375
157.0187;336.3792;0.0000;754.6494;11802.4375
158.1489;336.2490;0.0000;757.0399;11809.4375
159.1489;336.6839;6.7811;758.3446;11816.8711
160.2791;336.5537;0.0000;756.3446;11823.8711
161.8442;336.9886;0.0000;757.1701;11830.8721
162.4093;336.8584;0.0000;754.9541;11837.8721
163.9744;337.2933;0.0000;755.0842;11844.8711
165.1046;337.5981;0.0000;757.4749;11852.4365
166.1046;338.0330;0.0000;756.0842;11859.4375
167.6696;337.9028;0.0000;754.9097;11866.4375
168.7998;338.7726;0.0000;758.4749;11873.4375
169.7998;339.2075;0.0000;756.0842;11880.4375
170.7998;339.0773;0.0000;756.7795;11887.4365
171.9300;339.9471;0.0000;757.7795;11894.4375
172.9300;340.3820;0.0000;755.0842;11901.4375
173.4951;340.6868;0.0000;757.0399;11908.4375
174.4951;341.1216;0.0000;756.2145;11915.4375
175.4951;341.5566;0.0000;753.3446;11922.4365
176.0602;342.4264;0.0000;758.4749;11929.4365
177.6253;342.2962;0.0000;754.9541;11936.4375
178.6253;342.7311;0.0000;755.7795;11943.4375
179.6253;343.6009;0.0000;757.0399;11950.4375
180.6253;344.0358;0.0000;754.5192;11957.4375
181.6253;343.9056;0.0000;756.1701;11964.4365
182.1904;344.7755;6.7811;757.3446;11971.4375
183.1904;345.2103;5.2189;755.0842;11978.4375
184.1904;345.6453;0.0000;755.4749;11985.4375
185.1904;345.9500;0.0000;754.9097;11992.4375
186.7555;346.3849;0.0000;753.7795;11999.8711
187.7555;346.8198;0.0000;756.1701;12006.8711
188.3206;347.2547;0.0000;754.0842;12013.8721
189.3206;348.1245;0.0000;756.0399;12020.8721
190.3206;348.5594;0.0000;757.0399;12027.8711
191.8857;348.9943;0.0000;754.5192;12035.4365
192.8857;349.8641;0.0000;756.3446;12042.4375
193.8857;349.7339;0.0000;757.7795;12049.4375
194.8857;350.1689;0.0000;754.0842;12056.4375
195.8857;350.6038;0.0000;756.6050;12063.4375
196.8857;350.4736;0.0000;756.2145;12070.4365
197.8857;351.3434;0.0000;753.6494;12077.4375
198.8857;351.7783;6.7811;757.3446;12084.4375
199.3206;352.2132;0.0000;754.0842;12091.4375
200.3206;352.0830;0.0000;754.3446;12098.4375
201.3206;352.5179;0.0000;756.0399;12105.4365
202.3206;352.3877;0.0000;754.9541;12112.4365
203.3206;352.8226;0.0000;752.7795;12119.4375
203.8857;353.2575;0.0000;756.7795;12126.4375
204.8857;353.1273;0.0000;752.5192;12133.4375
205.8857;353.5623;0.0000;754.9097;12140.4375
206.8857;353.4321;0.0000;755.7795;12147.4365
207.4508;353.4321;0.0000;753.2145;12154.4375
208.4508;353.3019;0.0000;756.0399;12161.4375
209.4508;353.7368;0.0000;753.5192;12168.4375
210.0159;354.1717;0.0000;751.9097;12175.4375
211.0159;353.6066;0.0000;757.1701;12182.8711
211.5810;354.0415;0.0000;754.0842;12189.8711
213.1461;353.9113;0.0000;755.4749;12196.8721
214.1461;354.3462;0.0000;756.9097;12203.8721
214.7112;354.2160;0.0000;754.0842;12210.8711
215.7112;354.6509;0.0000;755.6050;12217.8711
216.7112;354.5208;0.0000;756.0399;12225.4375
217.7112;354.9557;0.0000;753.7795;12232.4375
218.7112;354.3906;0.0000;754.4749;12239.4375
219.7112;355.2604;0.0000;753.0842;12246.4375
221.2762;354.6953;0.0000;753.6050;12253.4365
222.2762;354.5651;0.0000;756.0399;12260.4375
223.2762;354.5651;0.0000;753.2145;12267.4375
224.8413;354.4349;0.0000;754.4749;12274.4375
226.2762;354.3047;0.0000;755.4749;12281.4375
227.2762;354.1745;0.0000;753.2145;12288.4365
228.8413;354.0443;0.0000;755.0399;12295.4365
229.8413;354.0443;0.0000;754.9097;12302.4375
231.4064;353.9142;0.0000;751.9097;12309.4375
232.8413;353.7840;0.0000;756.0399;12316.4375
234.4064;353.2189;0.0000;755.2145;12323.4375
236.4064;353.0887;0.0000;753.7795;12330.4365
237.8413;352.9585;0.0000;755.7352;12337.4375
238.8413;352.3934;0.0000;754.0842;12344.4375
240.8413;351.6982;0.0000;752.9097;12351.4375
242.8413;351.1331;0.0000;756.6050;12358.4375
243.8413;351.0029;0.0000;752.5192;12365.8711
245.8413;350.8727;0.0000;754.6050;12372.8711
246.8413;350.7425;0.0000;755.9097;12379.8721
248.8413;350.6123;0.0000;753.2145;12386.8721
249.8413;349.4821;0.0000;754.9097;12393.8711
251.2762;349.3519;0.0000;755.2145;12400.8711
252.8413;349.2217;0.0000;753.2145;12408.4375
254.2762;348.5265;0.0000;756.6050;12415.4375
255.2762;348.3963;0.0000;753.9541;12422.4375
257.2762;347.2661;0.0000;754.3446;12429.4375
258.2762;347.1359;0.0000;755.6050;12436.4365
259.7112;347.0057;0.0000;752.9541;12443.4375
261.1461;345.8755;0.0000;754.9097;12450.4375
263.1461;345.7453;0.0000;756.2145;12457.4375
264.1461;344.6151;0.0000;752.9541;12464.4375
265.5810;344.4850;0.0000;754.9097;12471.4365
267.0159;343.3548;0.0000;757.0842;12478.4375
268.4508;342.6595;6.7811;754.2145;12485.4375
270.4508;342.5293;0.0000;755.7795;12492.4375
271.4508;341.3991;0.0000;754.8239;12499.4375
272.8857;341.2689;0.0000;754.5192;12506.4375
274.8857;340.1387;0.0000;757.3446;12513.4365
276.3206;339.4435;0.0000;752.5192;12520.4375
277.7555;338.8784;0.0000;755.2145;12527.4375
279.1904;338.1831;0.0000;757.3446;12534.4375
280.6253;337.0529;0.0000;752.8239;12541.4375
282.0602;336.3576;0.0000;755.7795;12548.4365
283.0602;335.2274;0.0000;755.3890;12555.8721
283.9301;334.6624;0.0000;754.5192;12562.8721
285.3649;333.5322;0.0000;756.2145;12569.8721
286.9301;332.8369;0.0000;755.2588;12576.8711
288.3649;332.2718;0.0000;754.9541;12583.8711
289.3649;331.5765;0.0000;757.3446;12591.4375
290.7999;331.0114;0.0000;756.3890;12598.4375
291.7999;330.3161;0.0000;755.0842;12605.4375
293.2347;329.1859;0.0000;757.0842;12612.4365
294.6696;328.6208;0.0000;754.6937;12619.4365
295.6696;327.4907;0.0000;755.9541;12626.4375
297.1046;326.3605;0.0000;757.9541;12633.4375
298.5395;325.6652;0.0000;756.1286;12640.4375
298.9744;325.1001;0.0000;758.0842;12647.4375
300.4093;323.9699;0.0000;756.2588;12654.4365
301.8442;323.2746;0.0000;755.8239;12661.4375
302.8442;322.1444;0.0000;758.6494;12668.4375
304.2791;321.5793;0.0000;756.6937;12675.4375
305.2791;320.4492;0.0000;755.0842;12682.4375
306.7140;320.3190;6.7811;759.5192;12689.4375
307.7140;319.1888;0.0000;756.5635;12696.4365
308.1489;318.0586;0.0000;757.0842;12703.4375
309.5838;317.4935;0.0000;758.3890;12710.4375
310.5838;316.7982;0.0000;756.1286;12717.4375
311.4536;315.6680;0.0000;755.5192;12724.4375
312.4536;315.1029;0.0000;757.3890;12731.4365
313.4536;313.9727;0.0000;757.2588;12738.8721
314.3234;312.8426;0.0000;760.5192;12745.8721
315.3234;311.7124;0.0000;757.9984;12752.8721
316.1932;311.1473;0.0000;758.8239;12759.8711
317.1932;310.0171;0.0000;760.9541;12766.8711
318.0630;308.8869;0.0000;757.9984;12773.8711
319.0630;308.3218;0.0000;760.0842;12781.4375
319.4980;307.1916;0.0000;761.8239;12788.4375
320.9329;306.0614;0.0000;759.6937;12795.4365
321.3678;305.4963;0.0000;761.6494;12802.4365
322.2376;304.3661;0.0000;762.9541;12809.4375
322.6725;303.2360;0.0000;762.2145;12816.4375
323.5423;302.1058;0.0000;764.3446;12823.4375
323.8470;300.9756;0.0000;762.5192;12830.4375
324.2820;299.8454;6.7811;762.6494;12837.4365
324.5867;298.7152;0.0000;767.4748;12844.4375
325.4565;297.5850;6.7811;762.8239;12851.4375
325.8914;297.0200;0.0000;764.7795;12858.4375
326.1961;295.8898;6.7811;768.3446;12865.4375
327.0659;295.3246;6.7811;762.3890;12872.4365
327.9357;293.7596;6.7811;765.2144;12879.4365
327.8055;293.1945;0.0000;765.6493;12886.4375
328.6754;292.6294;6.7811;763.3890;12893.4375
329.5452;291.4992;0.0000;767.4748;12900.4375
329.9801;290.4992;0.0000;763.8239;12907.4375
330.8499;289.9341;0.0000;764.3890;12914.4365
331.1546;288.3690;0.0000;761.4333;12921.8721
332.0244;287.8039;0.0000;769.6493;12928.8721
332.8942;287.2388;0.0000;770.0399;12935.8721
333.7640;286.2388;0.0000;773.7352;12942.8711
333.6339;285.6737;0.0000;770.2144;12949.8711
334.5037;284.1086;0.0000;772.1700;12956.8711
335.3735;284.1086;0.0000;773.9097;12964.4375
336.2433;283.1086;0.0000;771.6493;12971.4375
336.6782;282.5435;0.0000;774.1700;12978.4365
337.9829;281.5435;0.0000;773.7795;12985.4375
338.8527;281.1086;0.0000;774.2144;12992.4375
339.2876;280.5435;0.0000;775.6050;12999.4375
340.1575;279.5435;0.0000;774.2144;13006.4375
341.0273;279.1086;0.0000;773.9097;13013.4375
341.4622;278.5435;0.0000;777.4748;13020.4365
342.3320;278.1086;0.0000;775.0842;13027.4375
343.2018;277.6737;0.0000;775.4748;13034.4375
343.6367;277.2388;0.0000;774.5192;13041.4375
344.5065;276.8039;0.0000;764.4777;13048.4375
344.9414;276.3690;5.2189;744.8296;13055.4365
345.2462;275.9341;0.0000;717.1843;13062.4375
346.1160;275.4992;5.2189;656.9797;13069.4375
346.5508;274.4992;0.0000;419.2055;13076.4375
123.0785;160.4805;0.0000;419.6847;5607.2490
123.5134;160.0456;0.0000;418.8149;5610.2935
124.3832;159.6107;0.0000;419.6847;5613.3374
125.2531;158.7409;0.0000;419.6847;5616.3818
125.6880;158.3060;0.0000;418.8149;5619.8613
126.5578;157.8710;0.0000;419.6847;5622.9058
127.4276;157.4361;0.0000;420.1196;5625.9497
127.8625;157.0012;0.0000;419.6847;5628.9941
128.7323;156.5663;0.0000;420.5545;5632.0386
129.1672;156.1314;0.0000;419.6847;5635.0830
130.0370;155.6965;0.0000;420.9894;5638.1274
130.9068;155.2616;0.0000;421.8593;5641.1714
131.7767;154.3918;0.0000;420.1196;5644.2158
132.6465;153.9569;0.0000;420.9894;5647.2603
133.0814;153.5220;0.0000;422.2942;5650.3047
133.9512;152.6522;0.0000;420.1196;5653.3491
134.8210;152.2173;0.0000;422.2942;5656.3936
135.2559;151.7823;0.0000;422.2942;5659.4375
136.1257;151.3474;0.0000;420.9894;5662.4819
136.5606;150.4776;0.0000;422.2942;5665.5264
137.4304;150.4776;0.0000;420.9894;5668.5708
137.8653;149.6078;0.0000;420.5545;5671.6152
138.7352;149.6078;0.0000;423.1640;5674.6592
139.1701;149.1729;0.0000;421.4243;5677.7036
140.0399;148.7380;0.0000;422.2942;5680.7480
140.4748;148.3031;0.0000;422.2942;5683.7925
141.3446;147.4333;0.0000;421.4243;5686.8369
142.2144;146.9984;0.0000;422.2942;5689.8813
143.0842;146.5635;0.0000;422.2942;5692.9253
143.5191;145.6937;0.0000;422.2942;5695.9697
144.3889;144.8239;0.0000;423.5989;5699.4492
145.2588;144.3889;0.0000;422.7291;5702.4937
145.6937;143.5191;0.0000;423.1640;5705.5376
146.1286;143.0842;0.0000;424.9036;5708.5820
146.9984;142.6493;0.0000;422.2942;5711.6265
147.4333;142.2144;0.0000;423.5989;5714.6709
147.8682;141.3446;0.0000;423.1640;5717.7153
148.7380;140.9097;5.2189;423.1640;5720.7593
149.1729;140.4748;0.0000;424.0338;5723.8037
149.6078;140.0399;5.2189;424.0338;5726.8481
150.0427;139.1701;0.0000;423.1640;5729.8926
150.9125;138.7352;0.0000;424.0338;5732.9370
151.3474;137.8653;0.0000;423.5989;5735.9814
151.7823;137.4304;0.0000;423.5989;5739.0254
152.2173;136.9955;0.0000;424.9036;5742.0698
153.0871;136.1257;0.0000;422.7291;5745.1143
153.5220;135.6908;0.0000;424.0338;5748.1587
153.9569;134.8210;0.0000;424.9036;5751.2031
154.3918;133.9512;0.0000;423.1640;5754.2471
154.8267;133.0814;0.0000;424.9036;5757.2915
155.6965;132.2116;0.0000;424.4687;5760.3359
156.1314;131.3418;0.0000;423.1640;5763.3804
157.0012;130.4719;0.0000;424.9036;5766.4248
157.4361;129.6021;0.0000;424.4687;5769.4692
158.3060;128.7323;0.0000;424.0338;5772.5132
158.7409;128.2974;0.0000;425.3385;5775.5576
159.1758;127.4276;0.0000;424.4687;5779.0371
159.6107;126.9927;0.0000;424.9036;5782.0811
160.0456;126.5578;0.0000;425.3385;5785.1255
160.9154;125.6880;0.0000;424.0338;5788.1699
160.9154;125.2531;0.0000;424.9036;5791.2144
161.3503;124.8182;0.0000;425.3385;5794.2588
161.7852;123.9483;0.0000;424.9036;5797.3032
162.2201;123.5134;0.0000;426.2083;5800.3472
162.6550;122.6436;0.0000;425.7734;5803.3916
163.0899;121.7738;0.0000;425.3385;5806.4360
163.5248;121.3389;5.2189;426.2083;5809.4805
163.5248;120.4691;0.0000;426.2083;5812.5249
163.9597;119.5993;5.2189;426.2083;5815.5688
164.3946;119.1644;0.0000;427.0781;5818.6133
164.8295;118.2946;0.0000;426.2083;5821.6577
164.8295;117.4247;0.0000;427.0781;5824.7021
165.6994;116.9898;0.0000;427.0781;5827.7466
165.6994;116.1200;0.0000;423.1640;5830.7910
166.1343;115.2502;0.0000;427.5130;5833.8350
166.5692;114.3804;0.0000;427.9479;5836.8794
167.0041;113.9455;0.0000;427.5130;5839.9238
167.0041;113.0757;0.0000;428.3828;5842.9683
167.4390;112.2059;0.0000;427.5130;5846.0127
167.8739;111.3361;0.0000;427.9479;5849.0571
168.3088;110.9011;0.0000;428.8177;5852.1011
168.3088;110.0313;0.0000;427.5130;5855.1455
168.7437;109.5964;0.0000;427.0781;5858.1899
169.1786;109.1615;0.0000;428.3828;5861.6689
169.6135;108.2917;0.0000;427.5130;5864.7134
169.6135;107.8568;0.0000;427.0781;5867.7578
170.0484;107.4219;0.0000;427.9479;5870.8022
170.4833;106.5521;0.0000;427.5130;5873.8467
170.4833;106.1172;0.0000;427.9479;5876.8911
170.9182;105.2474;0.0000;427.5130;5879.9351
171.3531;104.8125;0.0000;428.8177;5882.9795
171.3531;103.9426;0.0000;429.6876;5886.0239
171.3531;103.0728;0.0000;427.5130;5889.0684
171.3531;102.6379;0.0000;427.9479;5892.1128
171.7881;101.7681;0.0000;428.8177;5895.1567
171.7881;101.3332;0.0000;427.5130;5898.2012
171.7881;100.4634;0.0000;427.5130;5901.2456
172.2230;99.5936;5.2189;428.3828;5904.2900
172.2230;99.1587;0.0000;427.9479;5907.3345
172.6579;98.2889;5.2189;427.5130;5910.3789
172.6579;97.8540;0.0000;426.6432;5913.4229
172.6579;97.4190;0.0000;426.6432;5916.4673
173.0928;96.9841;0.0000;426.2083;5919.5117
173.0928;96.9841;5.2189;426.6432;5922.5562
173.0928;96.5492;0.0000;427.5130;5925.6006
173.0928;96.1143;5.2189;427.5130;5928.6445
173.0928;96.1143;0.0000;426.2083;5931.6890
173.0928;95.6794;0.0000;426.6432;5934.7334
173.0928;95.2445;0.0000;424.9036;5937.7778
173.0928;94.3747;0.0000;421.8593;5941.2568
173.0928;93.9398;0.0000;427.0781;5944.3013
173.5277;93.5049;0.0000;420.5545;5947.3457
173.5277;92.6351;0.0000;423.5989;5950.3901
173.5277;92.2002;0.0000;423.5989;5953.4346
173.5277;91.7653;0.0000;421.8593;5956.4790
173.9626;91.3304;0.0000;422.2942;5959.5229
173.9626;90.8954;0.0000;423.1640;5962.5674
173.9626;90.4605;0.0000;421.4243;5965.6118
173.9626;90.0256;0.0000;422.2942;5968.6562
173.9626;89.5907;0.0000;422.2942;5971.7007
173.9626;89.1558;0.0000;420.1196;5974.7446
173.9626;88.7209;0.0000;420.9894;5977.7891
174.3975;88.2860;0.0000;420.1196;5980.8335
174.3975;87.8511;0.0000;419.2498;5983.8779
174.3975;87.4162;0.0000;418.8149;5986.9224
174.3975;87.4162;0.0000;418.8149;5989.9668
174.3975;87.4162;0.0000;419.6847;5993.0107
174.3975;87.4162;0.0000;420.5545;5996.0552
174.3975;87.4162;0.0000;418.8149;5999.0996
174.3975;86.9813;0.0000;419.2498;6002.1440
174.3975;86.9813;0.0000;418.3800;6005.1885
174.3975;86.9813;0.0000;416.2055;6008.2324
174.3975;86.9813;0.0000;413.1611;6011.2769
173.9626;86.9813;0.0000;407.9423;6014.3213
173.9626;86.9813;0.0000;400.9838;6017.3657
173.9626;86.9813;0.0000;395.7649;6020.8447
173.9626;86.9813;0.0000;383.5875;6023.8892
173.9626;86.9813;0.0000;364.8865;6026.9336
173.9626;86.9813;0.0000;337.4874;6029.9780
173.9626;86.9813;5.2189;280.5146;6033.0225
173.5277;86.9813;10.4378;172.2230;6036.0669
173.5277;86.9813;15.6566;82.1973;6039.1108
267.0326;-6.9585;0.0000;173.0928;6457.9258
267.0326;-7.3934;0.0000;174.3975;6460.9702
267.0326;-7.3934;0.0000;174.8324;6464.0146
267.0326;-7.3934;0.0000;184.4003;6467.0591
267.0326;-7.3934;0.0000;197.0126;6470.1035
267.0326;-7.3934;0.0000;202.2315;6473.1475
267.0326;-7.3934;0.0000;200.9268;6476.1919
267.0326;-7.3934;0.0000;193.5334;6479.2363
267.0326;-6.9585;0.0000;172.2230;6482.2808
267.0326;-6.9585;0.0000;65.2360;6485.3252
