199.0000;203.0000;0.0000;6.0000;16360374.0000
199.0000;203.0000;0.0000;6.0000;16360382.0000
199.0000;203.0000;0.0000;9.0000;16360388.0000
199.0000;202.0000;0.0000;9.0000;16360395.0000
199.0000;202.0000;0.0000;6.0000;16360402.0000
199.0000;202.0000;0.0000;10.0000;16360408.0000
199.0000;202.0000;0.0000;9.0000;16360416.0000
199.0000;202.0000;0.0000;14.0000;16360423.0000
199.0000;202.0000;0.0000;29.0000;16360430.0000
199.0000;202.0000;0.0000;33.0000;16360438.0000
199.0000;202.0000;0.0000;37.0000;16360446.0000
199.0000;202.0000;0.0000;39.0000;16360452.0000
199.0000;202.0000;0.0000;35.0000;16360459.0000
199.0000;202.0000;0.0000;38.0000;16360466.0000
199.0000;202.0000;0.0000;38.0000;16360474.0000
199.0000;202.0000;0.0000;38.0000;16360480.0000
199.0000;202.0000;0.0000;50.0000;16360487.0000
199.0000;202.0000;0.0000;68.0000;16360494.0000
199.0000;202.0000;0.0000;91.0000;16360500.0000
199.0000;202.0000;0.0000;115.0000;16360508.0000
199.0000;202.0000;0.0000;127.0000;16360515.0000
199.0000;202.0000;0.0000;144.0000;16360522.0000
199.0000;202.0000;0.0000;165.0000;16360529.0000
199.0000;202.0000;0.0000;168.0000;16360536.0000
199.0000;202.0000;0.0000;184.0000;16360544.0000
199.0000;202.0000;0.0000;200.0000;16360550.0000
199.0000;202.0000;0.0000;206.0000;16360557.0000
199.0000;202.0000;0.0000;214.0000;16360564.0000
198.0000;202.0000;0.0000;217.0000;16360570.0000
198.0000;202.0000;0.0000;217.0000;16360578.0000
198.0000;202.0000;0.0000;223.0000;16360585.0000
198.0000;202.0000;0.0000;223.0000;16360592.0000
198.0000;202.0000;0.0000;227.0000;16360598.0000
198.0000;202.0000;0.0000;232.0000;16360606.0000
198.0000;203.0000;0.0000;228.0000;16360614.0000
198.0000;203.0000;0.0000;231.0000;16360621.0000
198.0000;203.0000;0.0000;235.0000;16360628.0000
198.0000;203.0000;0.0000;232.0000;16360636.0000
198.0000;203.0000;0.0000;241.0000;16360642.0000
199.0000;204.0000;0.0000;244.0000;16360649.0000
199.0000;204.0000;0.0000;244.0000;16360656.0000
199.0000;204.0000;0.0000;264.0000;16360662.0000
199.0000;204.0000;0.0000;270.0000;16360670.0000
199.0000;204.0000;0.0000;270.0000;16360677.0000
199.0000;204.0000;0.0000;297.0000;16360684.0000
199.0000;204.0000;0.0000;304.0000;16360691.0000
199.0000;204.0000;0.0000;314.0000;16360698.0000
199.0000;204.0000;0.0000;319.0000;16360706.0000
199.0000;204.0000;0.0000;315.0000;16360712.0000
199.0000;204.0000;0.0000;321.0000;16360719.0000
199.0000;204.0000;0.0000;320.0000;16360726.0000
199.0000;204.0000;0.0000;318.0000;16360732.0000
199.0000;204.0000;0.0000;324.0000;16360740.0000
199.0000;204.0000;0.0000;321.0000;16360747.0000
199.0000;204.0000;0.0000;328.0000;16360754.0000
199.0000;204.0000;0.0000;344.0000;16360760.0000
200.0000;204.0000;0.0000;345.0000;16360768.0000
200.0000;204.0000;0.0000;350.0000;16360776.0000
200.0000;204.0000;0.0000;358.0000;16360782.0000
200.0000;204.0000;0.0000;359.0000;16360789.0000
200.0000;204.0000;0.0000;368.0000;16360796.0000
201.0000;204.0000;0.0000;370.0000;16360804.0000
201.0000;204.0000;0.0000;370.0000;16360811.0000
201.0000;204.0000;0.0000;377.0000;16360818.0000
201.0000;204.0000;0.0000;376.0000;16360824.0000
201.0000;204.0000;0.0000;376.0000;16360832.0000
201.0000;203.0000;0.0000;382.0000;16360840.0000
201.0000;203.0000;0.0000;378.0000;16360846.0000
201.0000;203.0000;0.0000;379.0000;16360853.0000
202.0000;203.0000;0.0000;382.0000;16360860.0000
202.0000;202.0000;0.0000;377.0000;16360868.0000
202.0000;202.0000;0.0000;381.0000;16360874.0000
203.0000;201.0000;0.0000;381.0000;16360881.0000
203.0000;200.0000;0.0000;378.0000;16360888.0000
203.0000;200.0000;0.0000;382.0000;16360894.0000
204.0000;200.0000;0.0000;381.0000;16360902.0000
204.0000;199.0000;0.0000;379.0000;16360909.0000
205.0000;199.0000;0.0000;385.0000;16360916.0000
205.0000;198.0000;0.0000;379.0000;16360923.0000
205.0000;198.0000;0.0000;381.0000;16360930.0000
206.0000;197.0000;0.0000;386.0000;16360938.0000
206.0000;197.0000;0.0000;379.0000;16360944.0000
206.0000;196.0000;0.0000;384.0000;16360951.0000
206.0000;196.0000;0.0000;385.0000;16360958.0000
206.0000;195.0000;0.0000;381.0000;16360964.0000
205.0000;194.0000;0.0000;386.0000;16360972.0000
205.0000;194.0000;0.0000;385.0000;16360979.0000
205.0000;193.0000;0.0000;381.0000;16360986.0000
205.0000;193.0000;0.0000;387.0000;16360994.0000
204.0000;192.0000;0.0000;381.0000;16361002.0000
204.0000;192.0000;0.0000;382.0000;16361008.0000
203.0000;191.0000;0.0000;386.0000;16361015.0000
203.0000;191.0000;0.0000;379.0000;16361022.0000
202.0000;191.0000;0.0000;384.0000;16361030.0000
201.0000;190.0000;0.0000;386.0000;16361036.0000
201.0000;190.0000;0.0000;379.0000;16361043.0000
200.0000;190.0000;0.0000;386.0000;16361050.0000
200.0000;189.0000;0.0000;385.0000;16361056.0000
199.0000;189.0000;0.0000;382.0000;16361064.0000
198.0000;189.0000;0.0000;386.0000;16361071.0000
198.0000;188.0000;0.0000;382.0000;16361078.0000
197.0000;188.0000;0.0000;384.0000;16361085.0000
196.0000;188.0000;0.0000;386.0000;16361092.0000
195.0000;188.0000;0.0000;381.0000;16361100.0000
195.0000;187.0000;0.0000;384.0000;16361106.0000
194.0000;187.0000;0.0000;386.0000;16361113.0000
193.0000;187.0000;0.0000;380.0000;16361120.0000
192.0000;187.0000;0.0000;385.0000;16361126.0000
192.0000;187.0000;0.0000;386.0000;16361134.0000
191.0000;187.0000;0.0000;382.0000;16361141.0000
190.0000;187.0000;0.0000;387.0000;16361148.0000
190.0000;187.0000;0.0000;382.0000;16361154.0000
189.0000;187.0000;0.0000;384.0000;16361162.0000
188.0000;187.0000;0.0000;388.0000;16361170.0000
187.0000;187.0000;0.0000;382.0000;16361177.0000
186.0000;187.0000;0.0000;385.0000;16361184.0000
184.0000;186.0000;0.0000;388.0000;16361192.0000
183.0000;186.0000;0.0000;382.0000;16361198.0000
182.0000;186.0000;0.0000;387.0000;16361205.0000
181.0000;186.0000;0.0000;386.0000;16361212.0000
180.0000;186.0000;0.0000;382.0000;16361218.0000
179.0000;186.0000;0.0000;389.0000;16361226.0000
179.0000;186.0000;0.0000;385.0000;16361233.0000
178.0000;186.0000;0.0000;385.0000;16361240.0000
178.0000;187.0000;0.0000;389.0000;16361247.0000
177.0000;187.0000;0.0000;385.0000;16361254.0000
177.0000;187.0000;0.0000;386.0000;16361262.0000
176.0000;188.0000;0.0000;389.0000;16361268.0000
175.0000;188.0000;0.0000;384.0000;16361275.0000
175.0000;188.0000;0.0000;389.0000;16361282.0000
174.0000;189.0000;0.0000;389.0000;16361288.0000
173.0000;189.0000;0.0000;386.0000;16361296.0000
172.0000;189.0000;0.0000;390.0000;16361303.0000
172.0000;189.0000;0.0000;389.0000;16361310.0000
171.0000;189.0000;0.0000;387.0000;16361316.0000
170.0000;189.0000;0.0000;393.0000;16361324.0000
170.0000;190.0000;0.0000;388.0000;16361332.0000
170.0000;190.0000;0.0000;390.0000;16361338.0000
169.0000;190.0000;0.0000;394.0000;16361345.0000
169.0000;191.0000;0.0000;389.0000;16361352.0000
169.0000;191.0000;0.0000;396.0000;16361360.0000
169.0000;192.0000;0.0000;397.0000;16361367.0000
169.0000;192.0000;0.0000;394.0000;16361374.0000
169.0000;193.0000;0.0000;398.0000;16361380.0000
169.0000;193.0000;0.0000;398.0000;16361388.0000
169.0000;194.0000;0.0000;397.0000;16361395.0000
169.0000;194.0000;0.0000;402.0000;16361402.0000
169.0000;195.0000;0.0000;397.0000;16361409.0000
169.0000;195.0000;0.0000;399.0000;16361416.0000
169.0000;196.0000;0.0000;403.0000;16361424.0000
169.0000;196.0000;0.0000;397.0000;16361430.0000
169.0000;197.0000;0.0000;402.0000;16361437.0000
169.0000;197.0000;0.0000;405.0000;16361444.0000
169.0000;197.0000;0.0000;402.0000;16361450.0000
169.0000;198.0000;0.0000;412.0000;16361458.0000
169.0000;198.0000;0.0000;416.0000;16361465.0000
169.0000;199.0000;0.0000;418.0000;16361472.0000
169.0000;199.0000;0.0000;424.0000;16361478.0000
169.0000;200.0000;0.0000;421.0000;16361486.0000
169.0000;201.0000;0.0000;423.0000;16361494.0000
169.0000;201.0000;0.0000;429.0000;16361500.0000
169.0000;202.0000;0.0000;424.0000;16361507.0000
169.0000;202.0000;0.0000;427.0000;16361514.0000
169.0000;203.0000;0.0000;430.0000;16361522.0000
169.0000;204.0000;0.0000;424.0000;16361528.0000
169.0000;204.0000;0.0000;430.0000;16361535.0000
169.0000;205.0000;0.0000;430.0000;16361542.0000
169.0000;206.0000;0.0000;429.0000;16361550.0000
169.0000;206.0000;0.0000;434.0000;16361558.0000
168.0000;207.0000;0.0000;431.0000;16361564.0000
168.0000;208.0000;0.0000;433.0000;16361571.0000
168.0000;208.0000;0.0000;440.0000;16361578.0000
168.0000;209.0000;0.0000;437.0000;16361586.0000
168.0000;210.0000;0.0000;440.0000;16361592.0000
168.0000;211.0000;0.0000;443.0000;16361599.0000
168.0000;211.0000;0.0000;440.0000;16361606.0000
168.0000;212.0000;0.0000;445.0000;16361612.0000
167.0000;213.0000;0.0000;446.0000;16361620.0000
167.0000;214.0000;0.0000;444.0000;16361627.0000
167.0000;215.0000;0.0000;450.0000;16361634.0000
167.0000;215.0000;0.0000;447.0000;16361641.0000
167.0000;216.0000;0.0000;447.0000;16361648.0000
166.0000;217.0000;12.0000;452.0000;16361656.0000
166.0000;217.0000;0.0000;447.0000;16361662.0000
166.0000;218.0000;12.0000;450.0000;16361669.0000
166.0000;219.0000;0.0000;449.0000;16361676.0000
165.0000;220.0000;0.0000;442.0000;16361682.0000
165.0000;220.0000;0.0000;446.0000;16361690.0000
165.0000;221.0000;0.0000;446.0000;16361697.0000
165.0000;221.0000;0.0000;443.0000;16361704.0000
165.0000;222.0000;0.0000;449.0000;16361710.0000
164.0000;223.0000;0.0000;448.0000;16361718.0000
164.0000;223.0000;0.0000;446.0000;16361726.0000
164.0000;224.0000;0.0000;453.0000;16361733.0000
164.0000;224.0000;0.0000;448.0000;16361740.0000
164.0000;225.0000;0.0000;449.0000;16361748.0000
163.0000;226.0000;0.0000;453.0000;16361754.0000
163.0000;226.0000;0.0000;447.0000;16361761.0000
163.0000;227.0000;0.0000;452.0000;16361768.0000
163.0000;227.0000;0.0000;453.0000;16361774.0000
163.0000;228.0000;0.0000;450.0000;16361782.0000
163.0000;229.0000;0.0000;456.0000;16361789.0000
164.0000;230.0000;0.0000;456.0000;16361796.0000
164.0000;230.0000;0.0000;455.0000;16361803.0000
164.0000;231.0000;0.0000;462.0000;16361810.0000
165.0000;232.0000;0.0000;456.0000;16361818.0000
165.0000;232.0000;0.0000;459.0000;16361824.0000
165.0000;233.0000;0.0000;464.0000;16361831.0000
165.0000;234.0000;0.0000;457.0000;16361838.0000
165.0000;234.0000;0.0000;462.0000;16361844.0000
166.0000;235.0000;0.0000;463.0000;16361852.0000
166.0000;236.0000;0.0000;457.0000;16361859.0000
166.0000;237.0000;0.0000;464.0000;16361866.0000
167.0000;237.0000;0.0000;463.0000;16361872.0000
167.0000;238.0000;0.0000;462.0000;16361880.0000
167.0000;239.0000;0.0000;466.0000;16361888.0000
168.0000;240.0000;0.0000;462.0000;16361894.0000
168.0000;241.0000;0.0000;464.0000;16361901.0000
169.0000;241.0000;0.0000;468.0000;16361908.0000
170.0000;242.0000;0.0000;462.0000;16361916.0000
170.0000;243.0000;0.0000;465.0000;16361923.0000
171.0000;243.0000;0.0000;468.0000;16361930.0000
171.0000;244.0000;0.0000;462.0000;16361936.0000
171.0000;244.0000;0.0000;468.0000;16361944.0000
172.0000;245.0000;0.0000;467.0000;16361951.0000
172.0000;245.0000;0.0000;465.0000;16361958.0000
173.0000;246.0000;0.0000;469.0000;16361965.0000
173.0000;246.0000;0.0000;465.0000;16361972.0000
174.0000;247.0000;0.0000;466.0000;16361980.0000
175.0000;247.0000;0.0000;471.0000;16361986.0000
175.0000;248.0000;0.0000;465.0000;16361993.0000
176.0000;249.0000;0.0000;467.0000;16362000.0000
177.0000;249.0000;0.0000;471.0000;16362006.0000
178.0000;250.0000;0.0000;465.0000;16362014.0000
179.0000;250.0000;0.0000;470.0000;16362021.0000
179.0000;251.0000;0.0000;470.0000;16362028.0000
180.0000;251.0000;0.0000;467.0000;16362034.0000
181.0000;252.0000;0.0000;471.0000;16362042.0000
182.0000;252.0000;0.0000;468.0000;16362050.0000
183.0000;253.0000;0.0000;468.0000;16362056.0000
184.0000;254.0000;0.0000;473.0000;16362063.0000
184.0000;254.0000;0.0000;468.0000;16362070.0000
185.0000;255.0000;0.0000;469.0000;16362078.0000
186.0000;255.0000;0.0000;473.0000;16362084.0000
187.0000;256.0000;0.0000;468.0000;16362091.0000
188.0000;256.0000;0.0000;472.0000;16362098.0000
189.0000;257.0000;0.0000;471.0000;16362106.0000
190.0000;257.0000;0.0000;468.0000;16362114.0000
191.0000;257.0000;0.0000;473.0000;16362120.0000
192.0000;258.0000;0.0000;471.0000;16362127.0000
192.0000;258.0000;0.0000;469.0000;16362134.0000
193.0000;258.0000;0.0000;476.0000;16362142.0000
194.0000;258.0000;0.0000;469.0000;16362148.0000
195.0000;259.0000;0.0000;471.0000;16362155.0000
195.0000;259.0000;0.0000;474.0000;16362162.0000
196.0000;259.0000;0.0000;468.0000;16362168.0000
196.0000;259.0000;0.0000;474.0000;16362176.0000
197.0000;259.0000;0.0000;474.0000;16362183.0000
197.0000;259.0000;0.0000;471.0000;16362190.0000
198.0000;259.0000;0.0000;474.0000;16362196.0000
198.0000;259.0000;0.0000;474.0000;16362204.0000
199.0000;259.0000;0.0000;472.0000;16362212.0000
199.0000;259.0000;0.0000;478.0000;16362218.0000
200.0000;259.0000;0.0000;471.0000;16362225.0000
200.0000;259.0000;0.0000;473.0000;16362232.0000
201.0000;259.0000;0.0000;478.0000;16362240.0000
202.0000;259.0000;0.0000;471.0000;16362246.0000
202.0000;259.0000;0.0000;474.0000;16362253.0000
203.0000;259.0000;0.0000;478.0000;16362260.0000
204.0000;259.0000;0.0000;471.0000;16362266.0000
205.0000;259.0000;0.0000;477.0000;16362274.0000
205.0000;259.0000;0.0000;476.0000;16362281.0000
206.0000;259.0000;0.0000;473.0000;16362289.0000
207.0000;259.0000;0.0000;478.0000;16362296.0000
208.0000;259.0000;0.0000;473.0000;16362304.0000
210.0000;259.0000;0.0000;474.0000;16362310.0000
211.0000;259.0000;0.0000;479.0000;16362317.0000
212.0000;259.0000;0.0000;472.0000;16362324.0000
213.0000;258.0000;0.0000;477.0000;16362330.0000
215.0000;258.0000;0.0000;479.0000;16362338.0000
216.0000;258.0000;0.0000;471.0000;16362345.0000
218.0000;258.0000;0.0000;478.0000;16362352.0000
219.0000;257.0000;0.0000;478.0000;16362359.0000
221.0000;257.0000;0.0000;473.0000;16362366.0000
222.0000;256.0000;0.0000;479.0000;16362374.0000
224.0000;256.0000;0.0000;474.0000;16362380.0000
226.0000;256.0000;0.0000;474.0000;16362387.0000
227.0000;256.0000;0.0000;481.0000;16362394.0000
229.0000;255.0000;0.0000;474.0000;16362400.0000
231.0000;255.0000;0.0000;477.0000;16362408.0000
232.0000;255.0000;0.0000;479.0000;16362415.0000
234.0000;254.0000;0.0000;473.0000;16362422.0000
235.0000;254.0000;0.0000;478.0000;16362428.0000
236.0000;253.0000;0.0000;478.0000;16362436.0000
238.0000;253.0000;0.0000;474.0000;16362444.0000
239.0000;252.0000;0.0000;480.0000;16362450.0000
240.0000;252.0000;0.0000;476.0000;16362457.0000
240.0000;251.0000;0.0000;474.0000;16362464.0000
241.0000;251.0000;0.0000;481.0000;16362472.0000
242.0000;250.0000;0.0000;476.0000;16362479.0000
243.0000;249.0000;0.0000;478.0000;16362486.0000
244.0000;248.0000;0.0000;481.0000;16362492.0000
245.0000;248.0000;0.0000;474.0000;16362500.0000
245.0000;247.0000;0.0000;480.0000;16362507.0000
246.0000;246.0000;0.0000;479.0000;16362514.0000
247.0000;246.0000;0.0000;474.0000;16362521.0000
248.0000;245.0000;0.0000;480.0000;16362528.0000
249.0000;244.0000;0.0000;477.0000;16362536.0000
249.0000;243.0000;0.0000;476.0000;16362542.0000
250.0000;243.0000;0.0000;482.0000;16362549.0000
250.0000;242.0000;0.0000;474.0000;16362556.0000
250.0000;241.0000;0.0000;477.0000;16362562.0000
251.0000;240.0000;0.0000;481.0000;16362570.0000
251.0000;239.0000;0.0000;474.0000;16362577.0000
252.0000;238.0000;0.0000;481.0000;16362584.0000
252.0000;237.0000;0.0000;480.0000;16362590.0000
252.0000;236.0000;0.0000;474.0000;16362598.0000
253.0000;235.0000;0.0000;480.0000;16362606.0000
253.0000;234.0000;0.0000;478.0000;16362612.0000
254.0000;233.0000;0.0000;477.0000;16362619.0000
254.0000;232.0000;0.0000;481.0000;16362626.0000
255.0000;231.0000;0.0000;474.0000;16362634.0000
256.0000;230.0000;0.0000;478.0000;16362640.0000
256.0000;229.0000;0.0000;482.0000;16362647.0000
257.0000;228.0000;0.0000;473.0000;16362654.0000
258.0000;227.0000;0.0000;479.0000;16362662.0000
258.0000;226.0000;12.0000;481.0000;16362669.0000
259.0000;224.0000;12.0000;474.0000;16362676.0000
260.0000;223.0000;12.0000;479.0000;16362683.0000
260.0000;222.0000;0.0000;478.0000;16362690.0000
261.0000;221.0000;12.0000;476.0000;16362698.0000
261.0000;220.0000;12.0000;481.0000;16362704.0000
262.0000;218.0000;0.0000;474.0000;16362711.0000
263.0000;217.0000;0.0000;477.0000;16362718.0000
263.0000;215.0000;0.0000;470.0000;16362724.0000
264.0000;214.0000;0.0000;481.0000;16362732.0000
264.0000;212.0000;0.0000;487.0000;16362739.0000
264.0000;211.0000;0.0000;490.0000;16362746.0000
265.0000;209.0000;0.0000;484.0000;16362752.0000
265.0000;208.0000;0.0000;490.0000;16362760.0000
265.0000;207.0000;0.0000;490.0000;16362768.0000
266.0000;205.0000;0.0000;487.0000;16362774.0000
266.0000;203.0000;0.0000;493.0000;16362781.0000
266.0000;202.0000;0.0000;488.0000;16362788.0000
266.0000;200.0000;0.0000;490.0000;16362796.0000
266.0000;199.0000;0.0000;495.0000;16362802.0000
266.0000;197.0000;0.0000;490.0000;16362809.0000
267.0000;195.0000;0.0000;493.0000;16362816.0000
267.0000;194.0000;0.0000;496.0000;16362822.0000
267.0000;192.0000;0.0000;493.0000;16362830.0000
267.0000;190.0000;0.0000;499.0000;16362837.0000
267.0000;189.0000;0.0000;500.0000;16362845.0000
267.0000;187.0000;0.0000;496.0000;16362852.0000
267.0000;185.0000;0.0000;503.0000;16362860.0000
267.0000;184.0000;0.0000;499.0000;16362866.0000
267.0000;182.0000;0.0000;499.0000;16362873.0000
267.0000;180.0000;0.0000;505.0000;16362880.0000
267.0000;179.0000;0.0000;500.0000;16362886.0000
267.0000;177.0000;0.0000;500.0000;16362894.0000
267.0000;175.0000;0.0000;503.0000;16362901.0000
267.0000;174.0000;0.0000;499.0000;16362908.0000
268.0000;172.0000;0.0000;503.0000;16362915.0000
268.0000;171.0000;0.0000;503.0000;16362922.0000
267.0000;169.0000;0.0000;499.0000;16362930.0000
267.0000;167.0000;0.0000;503.0000;16362936.0000
266.0000;166.0000;0.0000;501.0000;16362943.0000
266.0000;164.0000;0.0000;501.0000;16362950.0000
265.0000;162.0000;0.0000;509.0000;16362956.0000
265.0000;160.0000;0.0000;505.0000;16362964.0000
264.0000;159.0000;0.0000;509.0000;16362971.0000
263.0000;157.0000;0.0000;515.0000;16362978.0000
263.0000;156.0000;0.0000;511.0000;16362984.0000
262.0000;154.0000;0.0000;517.0000;16362992.0000
260.0000;153.0000;0.0000;518.0000;16363000.0000
259.0000;152.0000;0.0000;515.0000;16363006.0000
258.0000;150.0000;0.0000;519.0000;16363013.0000
256.0000;149.0000;0.0000;518.0000;16363020.0000
255.0000;148.0000;0.0000;517.0000;16363028.0000
253.0000;146.0000;0.0000;521.0000;16363035.0000
251.0000;145.0000;0.0000;516.0000;16363042.0000
250.0000;144.0000;0.0000;518.0000;16363048.0000
248.0000;143.0000;0.0000;521.0000;16363056.0000
246.0000;142.0000;0.0000;515.0000;16363063.0000
244.0000;141.0000;0.0000;520.0000;16363070.0000
242.0000;140.0000;0.0000;521.0000;16363077.0000
241.0000;139.0000;0.0000;515.0000;16363084.0000
239.0000;137.0000;0.0000;520.0000;16363092.0000
237.0000;136.0000;0.0000;519.0000;16363098.0000
235.0000;135.0000;0.0000;516.0000;16363105.0000
233.0000;134.0000;0.0000;521.0000;16363112.0000
231.0000;133.0000;0.0000;517.0000;16363118.0000
229.0000;132.0000;0.0000;520.0000;16363126.0000
228.0000;131.0000;0.0000;528.0000;16363133.0000
226.0000;131.0000;0.0000;521.0000;16363140.0000
224.0000;130.0000;0.0000;528.0000;16363146.0000
223.0000;129.0000;0.0000;531.0000;16363154.0000
221.0000;129.0000;0.0000;525.0000;16363162.0000
220.0000;128.0000;0.0000;531.0000;16363168.0000
218.0000;128.0000;0.0000;531.0000;16363175.0000
216.0000;128.0000;0.0000;528.0000;16363182.0000
215.0000;127.0000;0.0000;534.0000;16363190.0000
213.0000;127.0000;0.0000;529.0000;16363196.0000
211.0000;126.0000;0.0000;531.0000;16363203.0000
209.0000;126.0000;0.0000;536.0000;16363210.0000
207.0000;125.0000;0.0000;529.0000;16363218.0000
205.0000;125.0000;0.0000;532.0000;16363225.0000
203.0000;125.0000;0.0000;534.0000;16363232.0000
201.0000;124.0000;0.0000;530.0000;16363239.0000
199.0000;124.0000;0.0000;537.0000;16363246.0000
197.0000;124.0000;0.0000;538.0000;16363254.0000
195.0000;124.0000;0.0000;536.0000;16363260.0000
194.0000;124.0000;0.0000;542.0000;16363267.0000
192.0000;124.0000;0.0000;537.0000;16363274.0000
190.0000;124.0000;0.0000;538.0000;16363280.0000
188.0000;124.0000;0.0000;544.0000;16363288.0000
186.0000;124.0000;0.0000;540.0000;16363295.0000
184.0000;124.0000;0.0000;540.0000;16363302.0000
181.0000;124.0000;0.0000;544.0000;16363308.0000
179.0000;124.0000;0.0000;538.0000;16363316.0000
177.0000;124.0000;0.0000;543.0000;16363324.0000
174.0000;124.0000;0.0000;543.0000;16363330.0000
172.0000;124.0000;0.0000;540.0000;16363337.0000
170.0000;125.0000;0.0000;544.0000;16363344.0000
167.0000;125.0000;0.0000;542.0000;16363352.0000
165.0000;126.0000;0.0000;541.0000;16363358.0000
163.0000;126.0000;0.0000;546.0000;16363365.0000
161.0000;127.0000;0.0000;540.0000;16363372.0000
159.0000;127.0000;0.0000;542.0000;16363378.0000
157.0000;128.0000;0.0000;546.0000;16363386.0000
156.0000;128.0000;0.0000;540.0000;16363393.0000
154.0000;129.0000;0.0000;545.0000;16363401.0000
152.0000;129.0000;0.0000;545.0000;16363408.0000
150.0000;130.0000;0.0000;541.0000;16363416.0000
149.0000;131.0000;0.0000;546.0000;16363422.0000
147.0000;131.0000;0.0000;544.0000;16363429.0000
145.0000;132.0000;0.0000;542.0000;16363436.0000
144.0000;132.0000;0.0000;548.0000;16363442.0000
142.0000;133.0000;0.0000;541.0000;16363450.0000
141.0000;133.0000;0.0000;544.0000;16363457.0000
140.0000;134.0000;0.0000;549.0000;16363464.0000
139.0000;135.0000;0.0000;543.0000;16363470.0000
138.0000;135.0000;0.0000;549.0000;16363478.0000
137.0000;136.0000;0.0000;549.0000;16363486.0000
137.0000;137.0000;0.0000;546.0000;16363492.0000
136.0000;138.0000;0.0000;550.0000;16363499.0000
135.0000;138.0000;0.0000;549.0000;16363506.0000
135.0000;139.0000;0.0000;547.0000;16363514.0000
134.0000;140.0000;0.0000;552.0000;16363520.0000
134.0000;141.0000;0.0000;547.0000;16363527.0000
134.0000;141.0000;0.0000;549.0000;16363534.0000
133.0000;142.0000;0.0000;555.0000;16363540.0000
133.0000;143.0000;0.0000;548.0000;16363548.0000
133.0000;143.0000;0.0000;552.0000;16363555.0000
133.0000;144.0000;0.0000;555.0000;16363562.0000
132.0000;144.0000;0.0000;548.0000;16363569.0000
132.0000;145.0000;0.0000;556.0000;16363576.0000
132.0000;145.0000;0.0000;556.0000;16363584.0000
132.0000;146.0000;0.0000;555.0000;16363591.0000
132.0000;147.0000;0.0000;562.0000;16363598.0000
131.0000;147.0000;0.0000;558.0000;16363604.0000
131.0000;148.0000;0.0000;561.0000;16363612.0000
131.0000;149.0000;0.0000;565.0000;16363619.0000
131.0000;149.0000;0.0000;561.0000;16363626.0000
131.0000;150.0000;0.0000;563.0000;16363633.0000
130.0000;151.0000;0.0000;566.0000;16363640.0000
130.0000;152.0000;0.0000;561.0000;16363648.0000
130.0000;152.0000;0.0000;567.0000;16363654.0000
129.0000;153.0000;0.0000;567.0000;16363661.0000
129.0000;154.0000;0.0000;564.0000;16363668.0000
129.0000;155.0000;0.0000;569.0000;16363674.0000
128.0000;156.0000;0.0000;565.0000;16363682.0000
128.0000;157.0000;0.0000;565.0000;16363689.0000
128.0000;158.0000;0.0000;571.0000;16363696.0000
127.0000;159.0000;0.0000;566.0000;16363702.0000
127.0000;160.0000;0.0000;568.0000;16363710.0000
126.0000;161.0000;0.0000;573.0000;16363718.0000
126.0000;162.0000;0.0000;568.0000;16363724.0000
125.0000;163.0000;0.0000;574.0000;16363731.0000
125.0000;165.0000;0.0000;574.0000;16363738.0000
124.0000;166.0000;0.0000;571.0000;16363746.0000
124.0000;167.0000;0.0000;577.0000;16363752.0000
123.0000;168.0000;0.0000;573.0000;16363759.0000
123.0000;170.0000;0.0000;574.0000;16363766.0000
122.0000;171.0000;0.0000;580.0000;16363774.0000
121.0000;172.0000;0.0000;574.0000;16363781.0000
121.0000;173.0000;0.0000;577.0000;16363788.0000
120.0000;174.0000;0.0000;580.0000;16363795.0000
119.0000;175.0000;0.0000;574.0000;16363802.0000
119.0000;176.0000;0.0000;579.0000;16363810.0000
118.0000;178.0000;0.0000;579.0000;16363816.0000
118.0000;179.0000;0.0000;575.0000;16363823.0000
117.0000;180.0000;0.0000;580.0000;16363830.0000
117.0000;182.0000;0.0000;578.0000;16363836.0000
116.0000;183.0000;0.0000;577.0000;16363844.0000
115.0000;184.0000;0.0000;582.0000;16363851.0000
114.0000;186.0000;0.0000;577.0000;16363858.0000
114.0000;187.0000;0.0000;577.0000;16363864.0000
113.0000;188.0000;0.0000;583.0000;16363872.0000
113.0000;190.0000;0.0000;576.0000;16363880.0000
112.0000;191.0000;0.0000;581.0000;16363886.0000
112.0000;192.0000;0.0000;581.0000;16363893.0000
111.0000;193.0000;0.0000;577.0000;16363900.0000
111.0000;195.0000;0.0000;582.0000;16363908.0000
110.0000;196.0000;0.0000;580.0000;16363914.0000
110.0000;197.0000;0.0000;578.0000;16363921.0000
109.0000;199.0000;0.0000;583.0000;16363928.0000
109.0000;200.0000;0.0000;577.0000;16363934.0000
109.0000;202.0000;0.0000;580.0000;16363942.0000
109.0000;203.0000;0.0000;585.0000;16363949.0000
110.0000;205.0000;0.0000;578.0000;16363957.0000
110.0000;206.0000;0.0000;583.0000;16363964.0000
110.0000;208.0000;0.0000;584.0000;16363972.0000
110.0000;209.0000;0.0000;578.0000;16363978.0000
110.0000;211.0000;0.0000;583.0000;16363985.0000
110.0000;212.0000;0.0000;583.0000;16363992.0000
110.0000;214.0000;0.0000;580.0000;16363998.0000
110.0000;215.0000;0.0000;585.0000;16364006.0000
110.0000;217.0000;0.0000;580.0000;16364013.0000
109.0000;218.0000;0.0000;581.0000;16364020.0000
109.0000;219.0000;0.0000;579.0000;16364026.0000
109.0000;220.0000;0.0000;579.0000;16364034.0000
109.0000;221.0000;0.0000;576.0000;16364042.0000
109.0000;222.0000;0.0000;577.0000;16364048.0000
109.0000;223.0000;0.0000;569.0000;16364055.0000
109.0000;224.0000;0.0000;575.0000;16364062.0000
109.0000;225.0000;0.0000;575.0000;16364070.0000
109.0000;227.0000;0.0000;571.0000;16364076.0000
109.0000;228.0000;0.0000;577.0000;16364083.0000
109.0000;229.0000;0.0000;571.0000;16364090.0000
109.0000;230.0000;0.0000;574.0000;16364096.0000
109.0000;232.0000;0.0000;578.0000;16364104.0000
108.0000;233.0000;0.0000;571.0000;16364111.0000
108.0000;234.0000;0.0000;574.0000;16364118.0000
108.0000;236.0000;0.0000;577.0000;16364125.0000
107.0000;237.0000;0.0000;571.0000;16364132.0000
107.0000;239.0000;0.0000;576.0000;16364140.0000
107.0000;240.0000;0.0000;575.0000;16364147.0000
107.0000;242.0000;0.0000;571.0000;16364154.0000
107.0000;243.0000;0.0000;577.0000;16364160.0000
107.0000;245.0000;0.0000;572.0000;16364168.0000
107.0000;247.0000;0.0000;574.0000;16364175.0000
107.0000;248.0000;0.0000;579.0000;16364182.0000
107.0000;250.0000;0.0000;572.0000;16364189.0000
107.0000;251.0000;0.0000;574.0000;16364196.0000
108.0000;253.0000;0.0000;577.0000;16364204.0000
108.0000;255.0000;0.0000;572.0000;16364210.0000
108.0000;256.0000;0.0000;577.0000;16364217.0000
109.0000;258.0000;0.0000;576.0000;16364224.0000
109.0000;259.0000;0.0000;572.0000;16364232.0000
109.0000;261.0000;0.0000;577.0000;16364238.0000
109.0000;262.0000;0.0000;575.0000;16364245.0000
110.0000;264.0000;0.0000;574.0000;16364252.0000
110.0000;266.0000;0.0000;579.0000;16364258.0000
111.0000;267.0000;0.0000;573.0000;16364266.0000
112.0000;268.0000;0.0000;574.0000;16364273.0000
113.0000;270.0000;0.0000;578.0000;16364280.0000
114.0000;271.0000;0.0000;572.0000;16364287.0000
115.0000;272.0000;0.0000;578.0000;16364294.0000
116.0000;274.0000;0.0000;578.0000;16364302.0000
117.0000;275.0000;0.0000;574.0000;16364308.0000
118.0000;276.0000;0.0000;579.0000;16364315.0000
119.0000;277.0000;0.0000;577.0000;16364322.0000
119.0000;278.0000;0.0000;575.0000;16364330.0000
120.0000;279.0000;0.0000;580.0000;16364337.0000
121.0000;280.0000;0.0000;575.0000;16364344.0000
122.0000;281.0000;0.0000;576.0000;16364351.0000
123.0000;282.0000;0.0000;581.0000;16364358.0000
124.0000;284.0000;0.0000;574.0000;16364366.0000
124.0000;285.0000;0.0000;580.0000;16364372.0000
125.0000;286.0000;0.0000;580.0000;16364379.0000
127.0000;287.0000;0.0000;575.0000;16364386.0000
128.0000;288.0000;0.0000;580.0000;16364392.0000
129.0000;289.0000;0.0000;579.0000;16364400.0000
129.0000;291.0000;0.0000;577.0000;16364407.0000
130.0000;292.0000;0.0000;582.0000;16364414.0000
131.0000;292.0000;0.0000;577.0000;16364420.0000
132.0000;293.0000;0.0000;579.0000;16364428.0000
133.0000;294.0000;0.0000;583.0000;16364436.0000
134.0000;295.0000;0.0000;577.0000;16364442.0000
136.0000;296.0000;0.0000;580.0000;16364449.0000
137.0000;297.0000;0.0000;583.0000;16364456.0000
138.0000;297.0000;0.0000;576.0000;16364464.0000
140.0000;298.0000;0.0000;583.0000;16364470.0000
141.0000;299.0000;0.0000;582.0000;16364477.0000
142.0000;300.0000;0.0000;579.0000;16364484.0000
144.0000;300.0000;0.0000;584.0000;16364490.0000
145.0000;301.0000;0.0000;579.0000;16364498.0000
147.0000;302.0000;0.0000;580.0000;16364505.0000
148.0000;303.0000;0.0000;586.0000;16364513.0000
150.0000;303.0000;0.0000;579.0000;16364520.0000
151.0000;304.0000;0.0000;582.0000;16364528.0000
152.0000;305.0000;0.0000;585.0000;16364534.0000
154.0000;306.0000;0.0000;578.0000;16364541.0000
155.0000;307.0000;0.0000;584.0000;16364548.0000
156.0000;307.0000;0.0000;583.0000;16364554.0000
158.0000;308.0000;0.0000;580.0000;16364562.0000
159.0000;308.0000;0.0000;584.0000;16364569.0000
160.0000;309.0000;0.0000;580.0000;16364576.0000
162.0000;310.0000;0.0000;580.0000;16364582.0000
163.0000;310.0000;0.0000;586.0000;16364590.0000
164.0000;311.0000;0.0000;580.0000;16364598.0000
166.0000;312.0000;0.0000;581.0000;16364604.0000
167.0000;312.0000;0.0000;584.0000;16364611.0000
169.0000;313.0000;0.0000;578.0000;16364618.0000
170.0000;314.0000;0.0000;583.0000;16364626.0000
172.0000;314.0000;0.0000;583.0000;16364632.0000
173.0000;315.0000;0.0000;579.0000;16364639.0000
175.0000;316.0000;0.0000;584.0000;16364646.0000
176.0000;316.0000;0.0000;580.0000;16364652.0000
178.0000;317.0000;0.0000;580.0000;16364660.0000
179.0000;317.0000;0.0000;586.0000;16364667.0000
181.0000;318.0000;0.0000;580.0000;16364674.0000
183.0000;319.0000;0.0000;580.0000;16364681.0000
184.0000;319.0000;0.0000;585.0000;16364688.0000
186.0000;320.0000;0.0000;579.0000;16364696.0000
188.0000;320.0000;0.0000;583.0000;16364703.0000
190.0000;321.0000;0.0000;583.0000;16364710.0000
192.0000;321.0000;0.0000;579.0000;16364716.0000
193.0000;321.0000;0.0000;584.0000;16364724.0000
195.0000;322.0000;0.0000;582.0000;16364731.0000
197.0000;322.0000;0.0000;580.0000;16364738.0000
198.0000;322.0000;0.0000;586.0000;16364744.0000
200.0000;322.0000;0.0000;580.0000;16364752.0000
202.0000;323.0000;0.0000;581.0000;16364760.0000
204.0000;323.0000;0.0000;586.0000;16364766.0000
206.0000;323.0000;0.0000;579.0000;16364773.0000
208.0000;323.0000;0.0000;584.0000;16364780.0000
210.0000;323.0000;0.0000;584.0000;16364788.0000
212.0000;323.0000;0.0000;580.0000;16364794.0000
215.0000;323.0000;0.0000;584.0000;16364801.0000
217.0000;323.0000;0.0000;583.0000;16364808.0000
219.0000;323.0000;0.0000;580.0000;16364814.0000
221.0000;323.0000;0.0000;586.0000;16364822.0000
222.0000;323.0000;0.0000;580.0000;16364829.0000
224.0000;323.0000;0.0000;582.0000;16364836.0000
226.0000;323.0000;0.0000;586.0000;16364843.0000
227.0000;323.0000;0.0000;579.0000;16364850.0000
229.0000;322.0000;0.0000;583.0000;16364858.0000
230.0000;322.0000;0.0000;586.0000;16364864.0000
232.0000;322.0000;0.0000;579.0000;16364871.0000
234.0000;322.0000;0.0000;584.0000;16364878.0000
235.0000;321.0000;0.0000;584.0000;16364886.0000
236.0000;321.0000;0.0000;581.0000;16364893.0000
238.0000;320.0000;0.0000;586.0000;16364900.0000
239.0000;320.0000;0.0000;582.0000;16364907.0000
240.0000;320.0000;0.0000;583.0000;16364914.0000
242.0000;319.0000;0.0000;587.0000;16364922.0000
243.0000;319.0000;0.0000;581.0000;16364928.0000
244.0000;318.0000;0.0000;584.0000;16364935.0000
246.0000;318.0000;0.0000;587.0000;16364942.0000
247.0000;317.0000;0.0000;581.0000;16364948.0000
248.0000;316.0000;0.0000;586.0000;16364956.0000
249.0000;315.0000;0.0000;586.0000;16364963.0000
250.0000;315.0000;0.0000;583.0000;16364970.0000
251.0000;314.0000;0.0000;588.0000;16364976.0000
252.0000;313.0000;0.0000;583.0000;16364984.0000
253.0000;312.0000;0.0000;584.0000;16364992.0000
254.0000;312.0000;0.0000;589.0000;16364998.0000
255.0000;311.0000;0.0000;583.0000;16365005.0000
257.0000;310.0000;0.0000;586.0000;16365012.0000
258.0000;309.0000;0.0000;589.0000;16365020.0000
259.0000;309.0000;0.0000;583.0000;16365026.0000
261.0000;308.0000;0.0000;587.0000;16365033.0000
262.0000;307.0000;0.0000;586.0000;16365040.0000
264.0000;307.0000;0.0000;583.0000;16365046.0000
265.0000;306.0000;0.0000;589.0000;16365054.0000
266.0000;305.0000;0.0000;584.0000;16365061.0000
268.0000;304.0000;0.0000;583.0000;16365069.0000
269.0000;304.0000;0.0000;589.0000;16365076.0000
270.0000;303.0000;0.0000;583.0000;16365084.0000
272.0000;302.0000;0.0000;586.0000;16365090.0000
273.0000;301.0000;0.0000;589.0000;16365097.0000
274.0000;300.0000;0.0000;583.0000;16365104.0000
276.0000;299.0000;0.0000;588.0000;16365110.0000
277.0000;298.0000;0.0000;587.0000;16365118.0000
279.0000;297.0000;0.0000;583.0000;16365125.0000
280.0000;296.0000;0.0000;589.0000;16365132.0000
282.0000;295.0000;0.0000;586.0000;16365138.0000
284.0000;294.0000;0.0000;584.0000;16365146.0000
286.0000;293.0000;0.0000;589.0000;16365154.0000
287.0000;292.0000;0.0000;583.0000;16365160.0000
289.0000;291.0000;0.0000;586.0000;16365167.0000
290.0000;290.0000;0.0000;589.0000;16365174.0000
292.0000;289.0000;0.0000;583.0000;16365182.0000
293.0000;287.0000;0.0000;588.0000;16365188.0000
295.0000;286.0000;0.0000;588.0000;16365195.0000
297.0000;285.0000;0.0000;583.0000;16365202.0000
298.0000;283.0000;0.0000;588.0000;16365208.0000
300.0000;282.0000;0.0000;586.0000;16365216.0000
302.0000;281.0000;0.0000;584.0000;16365223.0000
304.0000;279.0000;0.0000;589.0000;16365230.0000
305.0000;278.0000;0.0000;583.0000;16365237.0000
307.0000;276.0000;0.0000;586.0000;16365244.0000
309.0000;275.0000;0.0000;590.0000;16365252.0000
311.0000;274.0000;0.0000;583.0000;16365259.0000
313.0000;272.0000;0.0000;587.0000;16365266.0000
314.0000;271.0000;0.0000;589.0000;16365272.0000
316.0000;270.0000;0.0000;582.0000;16365280.0000
317.0000;269.0000;0.0000;587.0000;16365287.0000
318.0000;267.0000;0.0000;587.0000;16365294.0000
320.0000;266.0000;0.0000;584.0000;16365300.0000
321.0000;264.0000;0.0000;589.0000;16365308.0000
322.0000;262.0000;0.0000;583.0000;16365316.0000
323.0000;260.0000;0.0000;586.0000;16365322.0000
324.0000;258.0000;0.0000;589.0000;16365329.0000
324.0000;256.0000;0.0000;583.0000;16365336.0000
325.0000;254.0000;0.0000;586.0000;16365344.0000
326.0000;252.0000;0.0000;589.0000;16365350.0000
326.0000;250.0000;0.0000;582.0000;16365357.0000
327.0000;248.0000;0.0000;588.0000;16365364.0000
328.0000;247.0000;0.0000;587.0000;16365370.0000
328.0000;245.0000;0.0000;584.0000;16365378.0000
328.0000;242.0000;0.0000;589.0000;16365385.0000
328.0000;240.0000;0.0000;583.0000;16365392.0000
329.0000;238.0000;0.0000;585.0000;16365399.0000
329.0000;235.0000;0.0000;589.0000;16365406.0000
329.0000;233.0000;0.0000;583.0000;16365414.0000
329.0000;231.0000;0.0000;585.0000;16365420.0000
329.0000;228.0000;12.0000;589.0000;16365427.0000
328.0000;226.0000;12.0000;581.0000;16365434.0000
328.0000;224.0000;12.0000;587.0000;16365442.0000
328.0000;222.0000;12.0000;587.0000;16365449.0000
327.0000;220.0000;0.0000;583.0000;16365456.0000
327.0000;217.0000;0.0000;590.0000;16365462.0000
327.0000;215.0000;0.0000;585.0000;16365470.0000
327.0000;213.0000;0.0000;571.0000;16365478.0000
327.0000;210.0000;0.0000;602.0000;16365484.0000
327.0000;208.0000;0.0000;596.0000;16365491.0000
327.0000;206.0000;0.0000;599.0000;16365498.0000
327.0000;204.0000;0.0000;603.0000;16365506.0000
327.0000;202.0000;0.0000;597.0000;16365512.0000
327.0000;200.0000;0.0000;603.0000;16365519.0000
327.0000;198.0000;0.0000;602.0000;16365526.0000
327.0000;197.0000;0.0000;599.0000;16365532.0000
327.0000;195.0000;0.0000;604.0000;16365540.0000
326.0000;193.0000;0.0000;602.0000;16365547.0000
326.0000;191.0000;0.0000;601.0000;16365554.0000
326.0000;189.0000;0.0000;607.0000;16365561.0000
325.0000;187.0000;0.0000;601.0000;16365568.0000
325.0000;186.0000;0.0000;602.0000;16365576.0000
325.0000;184.0000;0.0000;606.0000;16365582.0000
325.0000;182.0000;0.0000;599.0000;16365589.0000
325.0000;181.0000;0.0000;605.0000;16365596.0000
325.0000;179.0000;0.0000;605.0000;16365602.0000
325.0000;178.0000;0.0000;601.0000;16365610.0000
325.0000;177.0000;0.0000;605.0000;16365617.0000
326.0000;176.0000;0.0000;604.0000;16365625.0000
326.0000;175.0000;0.0000;602.0000;16365632.0000
326.0000;173.0000;0.0000;607.0000;16365640.0000
326.0000;172.0000;0.0000;601.0000;16365646.0000
326.0000;171.0000;0.0000;603.0000;16365653.0000
327.0000;170.0000;0.0000;608.0000;16365660.0000
327.0000;168.0000;0.0000;601.0000;16365666.0000
327.0000;167.0000;0.0000;605.0000;16365674.0000
327.0000;165.0000;0.0000;606.0000;16365681.0000
327.0000;164.0000;0.0000;601.0000;16365688.0000
327.0000;162.0000;0.0000;605.0000;16365694.0000
327.0000;161.0000;0.0000;604.0000;16365702.0000
327.0000;159.0000;0.0000;602.0000;16365710.0000
327.0000;158.0000;0.0000;606.0000;16365716.0000
327.0000;156.0000;0.0000;601.0000;16365723.0000
327.0000;155.0000;0.0000;602.0000;16365730.0000
327.0000;154.0000;0.0000;608.0000;16365738.0000
326.0000;152.0000;0.0000;599.0000;16365744.0000
326.0000;151.0000;0.0000;604.0000;16365751.0000
326.0000;149.0000;0.0000;606.0000;16365758.0000
325.0000;148.0000;0.0000;599.0000;16365764.0000
325.0000;146.0000;0.0000;605.0000;16365772.0000
324.0000;144.0000;0.0000;604.0000;16365779.0000
324.0000;142.0000;0.0000;600.0000;16365786.0000
323.0000;140.0000;0.0000;605.0000;16365793.0000
322.0000;138.0000;0.0000;599.0000;16365800.0000
321.0000;136.0000;0.0000;600.0000;16365808.0000
321.0000;134.0000;0.0000;605.0000;16365815.0000
320.0000;132.0000;0.0000;598.0000;16365822.0000
319.0000;131.0000;0.0000;600.0000;16365828.0000
318.0000;129.0000;0.0000;602.0000;16365836.0000
317.0000;127.0000;0.0000;596.0000;16365843.0000
316.0000;125.0000;0.0000;601.0000;16365850.0000
316.0000;123.0000;0.0000;599.0000;16365856.0000
315.0000;122.0000;0.0000;596.0000;16365864.0000
314.0000;120.0000;0.0000;601.0000;16365872.0000
313.0000;118.0000;0.0000;596.0000;16365878.0000
312.0000;116.0000;0.0000;596.0000;16365885.0000
310.0000;114.0000;0.0000;601.0000;16365892.0000
309.0000;113.0000;0.0000;594.0000;16365900.0000
308.0000;111.0000;0.0000;594.0000;16365906.0000
306.0000;109.0000;0.0000;598.0000;16365913.0000
305.0000;108.0000;0.0000;594.0000;16365920.0000
303.0000;106.0000;0.0000;596.0000;16365926.0000
301.0000;104.0000;0.0000;596.0000;16365934.0000
300.0000;103.0000;0.0000;592.0000;16365941.0000
298.0000;101.0000;0.0000;596.0000;16365948.0000
296.0000;99.0000;0.0000;594.0000;16365955.0000
294.0000;98.0000;0.0000;592.0000;16365962.0000
293.0000;96.0000;0.0000;596.0000;16365970.0000
291.0000;95.0000;0.0000;590.0000;16365976.0000
289.0000;93.0000;0.0000;592.0000;16365983.0000
287.0000;91.0000;0.0000;596.0000;16365990.0000
285.0000;89.0000;0.0000;588.0000;16365998.0000
282.0000;87.0000;0.0000;594.0000;16366005.0000
280.0000;86.0000;0.0000;594.0000;16366012.0000
278.0000;84.0000;0.0000;589.0000;16366018.0000
276.0000;83.0000;0.0000;594.0000;16366026.0000
273.0000;81.0000;0.0000;592.0000;16366034.0000
271.0000;80.0000;0.0000;589.0000;16366040.0000
269.0000;79.0000;0.0000;595.0000;16366047.0000
267.0000;77.0000;0.0000;588.0000;16366054.0000
264.0000;76.0000;0.0000;589.0000;16366062.0000
262.0000;75.0000;0.0000;595.0000;16366068.0000
259.0000;74.0000;0.0000;586.0000;16366075.0000
256.0000;73.0000;0.0000;594.0000;16366082.0000
254.0000;72.0000;0.0000;594.0000;16366088.0000
251.0000;71.0000;0.0000;586.0000;16366096.0000
249.0000;70.0000;0.0000;594.0000;16366103.0000
247.0000;69.0000;12.0000;592.0000;16366110.0000
245.0000;68.0000;0.0000;588.0000;16366117.0000
243.0000;67.0000;0.0000;594.0000;16366124.0000
240.0000;65.0000;0.0000;588.0000;16366132.0000
238.0000;64.0000;0.0000;590.0000;16366138.0000
236.0000;63.0000;0.0000;587.0000;16366145.0000
233.0000;61.0000;0.0000;596.0000;16366152.0000
231.0000;61.0000;0.0000;601.0000;16366158.0000
229.0000;60.0000;0.0000;604.0000;16366166.0000
226.0000;59.0000;0.0000;597.0000;16366173.0000
224.0000;59.0000;0.0000;602.0000;16366181.0000
222.0000;58.0000;0.0000;602.0000;16366188.0000
220.0000;57.0000;0.0000;599.0000;16366196.0000
219.0000;57.0000;0.0000;605.0000;16366202.0000
217.0000;56.0000;0.0000;599.0000;16366209.0000
215.0000;56.0000;0.0000;601.0000;16366216.0000
213.0000;55.0000;0.0000;606.0000;16366222.0000
210.0000;55.0000;0.0000;600.0000;16366230.0000
208.0000;54.0000;0.0000;602.0000;16366237.0000
206.0000;54.0000;0.0000;605.0000;16366244.0000
204.0000;53.0000;0.0000;599.0000;16366250.0000
201.0000;53.0000;0.0000;605.0000;16366258.0000
199.0000;53.0000;0.0000;605.0000;16366266.0000
197.0000;52.0000;0.0000;601.0000;16366272.0000
195.0000;52.0000;0.0000;606.0000;16366279.0000
192.0000;51.0000;0.0000;602.0000;16366286.0000
190.0000;51.0000;0.0000;602.0000;16366294.0000
188.0000;51.0000;0.0000;608.0000;16366300.0000
186.0000;50.0000;0.0000;602.0000;16366307.0000
185.0000;50.0000;0.0000;603.0000;16366314.0000
183.0000;49.0000;0.0000;607.0000;16366320.0000
182.0000;49.0000;0.0000;601.0000;16366328.0000
180.0000;49.0000;0.0000;606.0000;16366335.0000
179.0000;49.0000;0.0000;606.0000;16366342.0000
177.0000;49.0000;0.0000;602.0000;16366348.0000
175.0000;49.0000;0.0000;608.0000;16366356.0000
174.0000;49.0000;0.0000;605.0000;16366364.0000
172.0000;49.0000;0.0000;604.0000;16366371.0000
170.0000;49.0000;0.0000;611.0000;16366378.0000
168.0000;49.0000;0.0000;604.0000;16366384.0000
166.0000;49.0000;0.0000;606.0000;16366392.0000
164.0000;49.0000;0.0000;611.0000;16366399.0000
163.0000;49.0000;0.0000;603.0000;16366406.0000
161.0000;50.0000;0.0000;608.0000;16366412.0000
159.0000;50.0000;0.0000;608.0000;16366420.0000
157.0000;51.0000;0.0000;604.0000;16366428.0000
156.0000;51.0000;0.0000;609.0000;16366434.0000
154.0000;51.0000;0.0000;607.0000;16366441.0000
153.0000;51.0000;0.0000;605.0000;16366448.0000
151.0000;52.0000;0.0000;610.0000;16366456.0000
150.0000;52.0000;0.0000;603.0000;16366462.0000
148.0000;53.0000;0.0000;605.0000;16366469.0000
147.0000;53.0000;0.0000;610.0000;16366476.0000
146.0000;53.0000;0.0000;603.0000;16366482.0000
144.0000;54.0000;0.0000;607.0000;16366490.0000
143.0000;55.0000;0.0000;608.0000;16366497.0000
142.0000;55.0000;0.0000;602.0000;16366504.0000
141.0000;55.0000;0.0000;608.0000;16366511.0000
140.0000;56.0000;0.0000;606.0000;16366518.0000
139.0000;56.0000;0.0000;603.0000;16366526.0000
137.0000;57.0000;0.0000;608.0000;16366532.0000
136.0000;58.0000;0.0000;602.0000;16366539.0000
135.0000;58.0000;0.0000;604.0000;16366546.0000
133.0000;59.0000;0.0000;609.0000;16366554.0000
132.0000;59.0000;0.0000;601.0000;16366561.0000
131.0000;60.0000;0.0000;605.0000;16366568.0000
131.0000;60.0000;0.0000;608.0000;16366574.0000
130.0000;61.0000;0.0000;599.0000;16366582.0000
129.0000;62.0000;0.0000;605.0000;16366590.0000
128.0000;63.0000;0.0000;605.0000;16366596.0000
127.0000;64.0000;0.0000;601.0000;16366603.0000
127.0000;64.0000;0.0000;605.0000;16366610.0000
126.0000;66.0000;0.0000;599.0000;16366618.0000
125.0000;66.0000;0.0000;587.0000;16366624.0000
125.0000;67.0000;0.0000;604.0000;16366631.0000
124.0000;68.0000;0.0000;592.0000;16366638.0000
123.0000;68.0000;0.0000;594.0000;16366644.0000
122.0000;68.0000;0.0000;597.0000;16366652.0000
121.0000;69.0000;0.0000;590.0000;16366659.0000
120.0000;69.0000;0.0000;596.0000;16366666.0000
119.0000;69.0000;0.0000;596.0000;16366673.0000
118.0000;70.0000;0.0000;592.0000;16366680.0000
116.0000;70.0000;0.0000;598.0000;16366688.0000
115.0000;70.0000;0.0000;594.0000;16366694.0000
114.0000;71.0000;0.0000;594.0000;16366701.0000
113.0000;72.0000;0.0000;600.0000;16366708.0000
112.0000;72.0000;0.0000;595.0000;16366714.0000
110.0000;73.0000;0.0000;596.0000;16366722.0000
109.0000;74.0000;0.0000;600.0000;16366729.0000
108.0000;75.0000;0.0000;594.0000;16366736.0000
107.0000;75.0000;0.0000;599.0000;16366744.0000
106.0000;76.0000;0.0000;599.0000;16366752.0000
105.0000;77.0000;0.0000;595.0000;16366758.0000
104.0000;78.0000;0.0000;599.0000;16366765.0000
103.0000;78.0000;0.0000;598.0000;16366772.0000
102.0000;79.0000;0.0000;596.0000;16366780.0000
101.0000;80.0000;0.0000;602.0000;16366786.0000
100.0000;81.0000;0.0000;596.0000;16366793.0000
99.0000;81.0000;0.0000;598.0000;16366800.0000
99.0000;82.0000;0.0000;602.0000;16366806.0000
98.0000;83.0000;0.0000;597.0000;16366814.0000
98.0000;83.0000;0.0000;602.0000;16366821.0000
97.0000;84.0000;0.0000;605.0000;16366828.0000
96.0000;85.0000;0.0000;602.0000;16366835.0000
96.0000;86.0000;0.0000;608.0000;16366842.0000
95.0000;87.0000;0.0000;605.0000;16366850.0000
94.0000;88.0000;0.0000;604.0000;16366856.0000
94.0000;89.0000;0.0000;608.0000;16366863.0000
94.0000;89.0000;0.0000;604.0000;16366870.0000
93.0000;90.0000;0.0000;607.0000;16366876.0000
93.0000;91.0000;0.0000;611.0000;16366884.0000
92.0000;92.0000;0.0000;604.0000;16366891.0000
91.0000;92.0000;0.0000;608.0000;16366898.0000
91.0000;93.0000;0.0000;611.0000;16366904.0000
90.0000;93.0000;0.0000;605.0000;16366912.0000
89.0000;94.0000;0.0000;613.0000;16366920.0000
89.0000;94.0000;0.0000;610.0000;16366927.0000
88.0000;95.0000;0.0000;608.0000;16366934.0000
87.0000;96.0000;0.0000;611.0000;16366940.0000
86.0000;97.0000;0.0000;610.0000;16366948.0000
86.0000;99.0000;0.0000;612.0000;16366955.0000
85.0000;100.0000;0.0000;616.0000;16366962.0000
85.0000;101.0000;0.0000;611.0000;16366968.0000
84.0000;102.0000;0.0000;617.0000;16366976.0000
84.0000;103.0000;0.0000;620.0000;16366984.0000
83.0000;105.0000;0.0000;613.0000;16366990.0000
82.0000;106.0000;0.0000;620.0000;16366997.0000
82.0000;107.0000;0.0000;620.0000;16367004.0000
81.0000;109.0000;0.0000;621.0000;16367012.0000
80.0000;110.0000;0.0000;624.0000;16367018.0000
79.0000;112.0000;0.0000;617.0000;16367025.0000
78.0000;113.0000;0.0000;623.0000;16367032.0000
77.0000;114.0000;0.0000;628.0000;16367038.0000
76.0000;115.0000;0.0000;622.0000;16367046.0000
75.0000;116.0000;0.0000;627.0000;16367053.0000
74.0000;117.0000;0.0000;629.0000;16367060.0000
73.0000;118.0000;0.0000;623.0000;16367067.0000
73.0000;119.0000;0.0000;627.0000;16367074.0000
72.0000;120.0000;0.0000;627.0000;16367082.0000
71.0000;121.0000;0.0000;623.0000;16367088.0000
71.0000;122.0000;0.0000;630.0000;16367095.0000
70.0000;124.0000;0.0000;622.0000;16367102.0000
70.0000;125.0000;0.0000;623.0000;16367110.0000
70.0000;126.0000;0.0000;631.0000;16367117.0000
69.0000;127.0000;0.0000;624.0000;16367124.0000
69.0000;129.0000;0.0000;627.0000;16367130.0000
68.0000;130.0000;0.0000;629.0000;16367138.0000
68.0000;132.0000;0.0000;625.0000;16367146.0000
67.0000;133.0000;0.0000;629.0000;16367152.0000
66.0000;134.0000;0.0000;630.0000;16367159.0000
65.0000;135.0000;0.0000;627.0000;16367166.0000
64.0000;137.0000;0.0000;631.0000;16367174.0000
64.0000;138.0000;0.0000;630.0000;16367180.0000
63.0000;139.0000;0.0000;627.0000;16367187.0000
63.0000;140.0000;0.0000;634.0000;16367194.0000
62.0000;141.0000;0.0000;627.0000;16367200.0000
61.0000;142.0000;0.0000;629.0000;16367208.0000
61.0000;142.0000;0.0000;635.0000;16367215.0000
60.0000;143.0000;0.0000;627.0000;16367222.0000
59.0000;144.0000;0.0000;634.0000;16367229.0000
59.0000;145.0000;0.0000;629.0000;16367236.0000
58.0000;146.0000;0.0000;627.0000;16367244.0000
58.0000;146.0000;0.0000;633.0000;16367250.0000
58.0000;147.0000;0.0000;631.0000;16367257.0000
57.0000;148.0000;0.0000;631.0000;16367264.0000
56.0000;149.0000;0.0000;635.0000;16367270.0000
56.0000;150.0000;0.0000;627.0000;16367278.0000
55.0000;150.0000;0.0000;629.0000;16367285.0000
54.0000;151.0000;0.0000;636.0000;16367292.0000
54.0000;152.0000;0.0000;629.0000;16367300.0000
53.0000;152.0000;0.0000;635.0000;16367308.0000
52.0000;153.0000;0.0000;637.0000;16367314.0000
52.0000;154.0000;0.0000;629.0000;16367321.0000
51.0000;154.0000;0.0000;635.0000;16367328.0000
51.0000;155.0000;0.0000;635.0000;16367336.0000
51.0000;156.0000;0.0000;629.0000;16367342.0000
50.0000;156.0000;0.0000;638.0000;16367349.0000
50.0000;157.0000;0.0000;632.0000;16367356.0000
49.0000;157.0000;0.0000;632.0000;16367362.0000
49.0000;158.0000;0.0000;636.0000;16367370.0000
48.0000;158.0000;0.0000;631.0000;16367377.0000
48.0000;159.0000;0.0000;632.0000;16367384.0000
47.0000;159.0000;0.0000;636.0000;16367391.0000
47.0000;160.0000;0.0000;629.0000;16367398.0000
46.0000;161.0000;0.0000;634.0000;16367406.0000
46.0000;161.0000;0.0000;635.0000;16367412.0000
45.0000;162.0000;0.0000;630.0000;16367419.0000
45.0000;162.0000;0.0000;636.0000;16367426.0000
45.0000;163.0000;0.0000;631.0000;16367432.0000
44.0000;164.0000;0.0000;632.0000;16367440.0000
44.0000;165.0000;0.0000;638.0000;16367447.0000
44.0000;165.0000;0.0000;632.0000;16367454.0000
43.0000;166.0000;0.0000;636.0000;16367460.0000
43.0000;167.0000;0.0000;638.0000;16367468.0000
43.0000;168.0000;0.0000;632.0000;16367476.0000
43.0000;168.0000;0.0000;635.0000;16367483.0000
42.0000;169.0000;0.0000;636.0000;16367490.0000
42.0000;170.0000;0.0000;632.0000;16367498.0000
41.0000;170.0000;0.0000;636.0000;16367504.0000
41.0000;171.0000;0.0000;632.0000;16367511.0000
40.0000;172.0000;0.0000;632.0000;16367518.0000
40.0000;172.0000;0.0000;637.0000;16367524.0000
39.0000;173.0000;0.0000;632.0000;16367532.0000
39.0000;174.0000;0.0000;635.0000;16367539.0000
39.0000;175.0000;0.0000;638.0000;16367546.0000
38.0000;176.0000;0.0000;632.0000;16367553.0000
38.0000;176.0000;0.0000;638.0000;16367560.0000
37.0000;177.0000;0.0000;636.0000;16367568.0000
37.0000;178.0000;0.0000;632.0000;16367574.0000
36.0000;179.0000;0.0000;639.0000;16367581.0000
36.0000;180.0000;0.0000;635.0000;16367588.0000
35.0000;181.0000;0.0000;633.0000;16367594.0000
35.0000;182.0000;0.0000;639.0000;16367602.0000
35.0000;183.0000;0.0000;634.0000;16367609.0000
34.0000;185.0000;0.0000;635.0000;16367616.0000
34.0000;186.0000;0.0000;638.0000;16367622.0000
34.0000;187.0000;0.0000;632.0000;16367630.0000
34.0000;188.0000;0.0000;637.0000;16367638.0000
34.0000;190.0000;0.0000;640.0000;16367644.0000
34.0000;191.0000;0.0000;635.0000;16367651.0000
34.0000;192.0000;0.0000;638.0000;16367658.0000
33.0000;193.0000;0.0000;633.0000;16367666.0000
33.0000;194.0000;0.0000;632.0000;16367673.0000
33.0000;195.0000;0.0000;641.0000;16367680.0000
32.0000;196.0000;0.0000;632.0000;16367686.0000
32.0000;198.0000;0.0000;636.0000;16367694.0000
32.0000;199.0000;0.0000;639.0000;16367702.0000
31.0000;200.0000;0.0000;631.0000;16367708.0000
31.0000;201.0000;0.0000;636.0000;16367715.0000
31.0000;202.0000;0.0000;637.0000;16367722.0000
31.0000;204.0000;0.0000;634.0000;16367730.0000
31.0000;205.0000;0.0000;636.0000;16367736.0000
31.0000;206.0000;0.0000;636.0000;16367743.0000
32.0000;208.0000;0.0000;630.0000;16367750.0000
32.0000;209.0000;0.0000;638.0000;16367756.0000
32.0000;210.0000;0.0000;633.0000;16367764.0000
32.0000;212.0000;0.0000;632.0000;16367771.0000
32.0000;213.0000;0.0000;635.0000;16367778.0000
32.0000;214.0000;0.0000;632.0000;16367785.0000
32.0000;215.0000;12.0000;633.0000;16367792.0000
32.0000;216.0000;24.0000;636.0000;16367800.0000
32.0000;218.0000;12.0000;629.0000;16367806.0000
32.0000;219.0000;12.0000;627.0000;16367813.0000
32.0000;220.0000;0.0000;627.0000;16367820.0000
32.0000;221.0000;0.0000;622.0000;16367826.0000
32.0000;222.0000;0.0000;628.0000;16367834.0000
32.0000;223.0000;0.0000;622.0000;16367841.0000
32.0000;225.0000;0.0000;620.0000;16367848.0000
32.0000;226.0000;0.0000;629.0000;16367856.0000
32.0000;227.0000;0.0000;621.0000;16367864.0000
32.0000;228.0000;0.0000;625.0000;16367870.0000
32.0000;230.0000;0.0000;627.0000;16367877.0000
32.0000;231.0000;0.0000;621.0000;16367884.0000
32.0000;232.0000;0.0000;627.0000;16367892.0000
33.0000;234.0000;0.0000;622.0000;16367898.0000
33.0000;235.0000;0.0000;618.0000;16367905.0000
33.0000;237.0000;0.0000;623.0000;16367912.0000
33.0000;238.0000;0.0000;621.0000;16367918.0000
33.0000;240.0000;0.0000;624.0000;16367926.0000
33.0000;241.0000;0.0000;629.0000;16367933.0000
33.0000;243.0000;0.0000;619.0000;16367940.0000
33.0000;245.0000;0.0000;625.0000;16367947.0000
33.0000;246.0000;0.0000;627.0000;16367954.0000
33.0000;248.0000;0.0000;621.0000;16367962.0000
33.0000;250.0000;0.0000;627.0000;16367968.0000
33.0000;251.0000;0.0000;627.0000;16367975.0000
33.0000;253.0000;0.0000;623.0000;16367982.0000
32.0000;254.0000;0.0000;627.0000;16367988.0000
32.0000;256.0000;0.0000;624.0000;16367996.0000
32.0000;257.0000;0.0000;620.0000;16368003.0000
32.0000;259.0000;0.0000;628.0000;16368010.0000
32.0000;260.0000;0.0000;623.0000;16368016.0000
32.0000;262.0000;0.0000;623.0000;16368024.0000
32.0000;264.0000;0.0000;627.0000;16368032.0000
32.0000;265.0000;0.0000;623.0000;16368039.0000
33.0000;267.0000;0.0000;629.0000;16368046.0000
33.0000;268.0000;0.0000;627.0000;16368054.0000
33.0000;270.0000;0.0000;622.0000;16368060.0000
34.0000;271.0000;0.0000;629.0000;16368067.0000
34.0000;272.0000;0.0000;627.0000;16368074.0000
34.0000;274.0000;0.0000;623.0000;16368080.0000
35.0000;275.0000;0.0000;629.0000;16368088.0000
35.0000;277.0000;0.0000;622.0000;16368095.0000
35.0000;278.0000;0.0000;625.0000;16368102.0000
35.0000;279.0000;0.0000;627.0000;16368109.0000
35.0000;281.0000;0.0000;621.0000;16368116.0000
35.0000;282.0000;0.0000;627.0000;16368124.0000
35.0000;283.0000;0.0000;630.0000;16368130.0000
36.0000;285.0000;0.0000;622.0000;16368137.0000
36.0000;286.0000;0.0000;627.0000;16368144.0000
36.0000;288.0000;0.0000;627.0000;16368150.0000
36.0000;289.0000;0.0000;624.0000;16368158.0000
36.0000;290.0000;0.0000;629.0000;16368165.0000
37.0000;292.0000;0.0000;627.0000;16368172.0000
37.0000;293.0000;0.0000;627.0000;16368178.0000
37.0000;295.0000;0.0000;631.0000;16368186.0000
37.0000;296.0000;0.0000;624.0000;16368194.0000
38.0000;297.0000;0.0000;627.0000;16368200.0000
38.0000;299.0000;0.0000;632.0000;16368207.0000
38.0000;300.0000;0.0000;625.0000;16368214.0000
38.0000;301.0000;0.0000;629.0000;16368222.0000
39.0000;302.0000;0.0000;631.0000;16368229.0000
39.0000;303.0000;0.0000;627.0000;16368236.0000
39.0000;304.0000;0.0000;634.0000;16368242.0000
40.0000;305.0000;0.0000;627.0000;16368250.0000
40.0000;307.0000;0.0000;627.0000;16368258.0000
41.0000;308.0000;0.0000;635.0000;16368264.0000
42.0000;309.0000;0.0000;624.0000;16368271.0000
43.0000;310.0000;0.0000;628.0000;16368278.0000
43.0000;312.0000;0.0000;632.0000;16368286.0000
44.0000;313.0000;0.0000;627.0000;16368292.0000
45.0000;314.0000;0.0000;628.0000;16368299.0000
46.0000;315.0000;0.0000;628.0000;16368306.0000
47.0000;316.0000;0.0000;624.0000;16368312.0000
48.0000;317.0000;0.0000;629.0000;16368320.0000
49.0000;318.0000;0.0000;625.0000;16368327.0000
50.0000;319.0000;0.0000;623.0000;16368334.0000
51.0000;319.0000;0.0000;629.0000;16368340.0000
52.0000;320.0000;0.0000;624.0000;16368348.0000
53.0000;321.0000;0.0000;627.0000;16368356.0000
54.0000;322.0000;0.0000;629.0000;16368362.0000
56.0000;323.0000;0.0000;624.0000;16368369.0000
57.0000;323.0000;0.0000;629.0000;16368376.0000
58.0000;324.0000;0.0000;629.0000;16368384.0000
59.0000;325.0000;0.0000;624.0000;16368390.0000
61.0000;326.0000;0.0000;620.0000;16368397.0000
62.0000;326.0000;0.0000;627.0000;16368404.0000
63.0000;327.0000;0.0000;627.0000;16368412.0000
65.0000;328.0000;0.0000;632.0000;16368420.0000
66.0000;329.0000;0.0000;625.0000;16368426.0000
68.0000;330.0000;0.0000;627.0000;16368433.0000
69.0000;331.0000;0.0000;629.0000;16368440.0000
71.0000;332.0000;0.0000;627.0000;16368448.0000
72.0000;333.0000;0.0000;627.0000;16368454.0000
74.0000;333.0000;0.0000;627.0000;16368461.0000
76.0000;334.0000;0.0000;623.0000;16368468.0000
77.0000;335.0000;0.0000;627.0000;16368474.0000
79.0000;336.0000;0.0000;627.0000;16368482.0000
80.0000;337.0000;0.0000;621.0000;16368489.0000
82.0000;338.0000;0.0000;629.0000;16368496.0000
83.0000;338.0000;0.0000;621.0000;16368503.0000
85.0000;339.0000;0.0000;621.0000;16368510.0000
86.0000;340.0000;0.0000;627.0000;16368518.0000
88.0000;341.0000;0.0000;620.0000;16368524.0000
90.0000;343.0000;0.0000;623.0000;16368531.0000
92.0000;344.0000;0.0000;623.0000;16368538.0000
94.0000;345.0000;0.0000;618.0000;16368544.0000
96.0000;346.0000;0.0000;625.0000;16368552.0000
97.0000;347.0000;0.0000;623.0000;16368559.0000
99.0000;348.0000;0.0000;621.0000;16368566.0000
100.0000;349.0000;0.0000;623.0000;16368572.0000
101.0000;350.0000;0.0000;621.0000;16368580.0000
102.0000;350.0000;0.0000;623.0000;16368588.0000
103.0000;351.0000;0.0000;627.0000;16368595.0000
104.0000;352.0000;0.0000;619.0000;16368602.0000
106.0000;353.0000;0.0000;621.0000;16368610.0000
107.0000;354.0000;0.0000;627.0000;16368616.0000
108.0000;355.0000;0.0000;618.0000;16368623.0000
110.0000;356.0000;0.0000;625.0000;16368630.0000
111.0000;357.0000;0.0000;623.0000;16368636.0000
113.0000;358.0000;0.0000;620.0000;16368644.0000
114.0000;358.0000;0.0000;624.0000;16368651.0000
116.0000;359.0000;0.0000;621.0000;16368658.0000
117.0000;360.0000;0.0000;623.0000;16368665.0000
118.0000;361.0000;0.0000;627.0000;16368672.0000
119.0000;362.0000;0.0000;620.0000;16368680.0000
120.0000;362.0000;0.0000;622.0000;16368686.0000
121.0000;363.0000;0.0000;625.0000;16368693.0000
122.0000;364.0000;0.0000;621.0000;16368700.0000
123.0000;365.0000;0.0000;625.0000;16368706.0000
124.0000;366.0000;0.0000;625.0000;16368714.0000
125.0000;367.0000;0.0000;622.0000;16368721.0000
126.0000;367.0000;0.0000;627.0000;16368728.0000
128.0000;368.0000;0.0000;623.0000;16368734.0000
129.0000;369.0000;0.0000;623.0000;16368742.0000
130.0000;370.0000;0.0000;627.0000;16368750.0000
131.0000;371.0000;0.0000;621.0000;16368756.0000
132.0000;372.0000;0.0000;625.0000;16368763.0000
133.0000;373.0000;0.0000;627.0000;16368772.0000
134.0000;374.0000;0.0000;622.0000;16368778.0000
136.0000;374.0000;0.0000;627.0000;16368785.0000
137.0000;375.0000;0.0000;624.0000;16368792.0000
139.0000;376.0000;0.0000;622.0000;16368798.0000
140.0000;377.0000;0.0000;627.0000;16368806.0000
141.0000;377.0000;0.0000;622.0000;16368813.0000
142.0000;378.0000;0.0000;624.0000;16368820.0000
144.0000;379.0000;0.0000;629.0000;16368827.0000
145.0000;379.0000;0.0000;623.0000;16368834.0000
146.0000;380.0000;0.0000;624.0000;16368842.0000
147.0000;380.0000;0.0000;629.0000;16368848.0000
149.0000;381.0000;0.0000;623.0000;16368855.0000
150.0000;381.0000;0.0000;627.0000;16368862.0000
151.0000;382.0000;0.0000;627.0000;16368868.0000
153.0000;382.0000;0.0000;623.0000;16368876.0000
155.0000;383.0000;0.0000;628.0000;16368883.0000
157.0000;383.0000;0.0000;627.0000;16368890.0000
159.0000;384.0000;0.0000;625.0000;16368896.0000
161.0000;384.0000;0.0000;630.0000;16368904.0000
164.0000;384.0000;0.0000;623.0000;16368912.0000
165.0000;385.0000;0.0000;627.0000;16368918.0000
167.0000;385.0000;0.0000;630.0000;16368925.0000
169.0000;385.0000;0.0000;623.0000;16368932.0000
170.0000;386.0000;0.0000;629.0000;16368940.0000
171.0000;386.0000;0.0000;629.0000;16368946.0000
172.0000;386.0000;0.0000;624.0000;16368953.0000
173.0000;386.0000;0.0000;628.0000;16368960.0000
174.0000;386.0000;0.0000;628.0000;16368968.0000
175.0000;386.0000;0.0000;624.0000;16368976.0000
177.0000;386.0000;0.0000;630.0000;16368982.0000
178.0000;386.0000;0.0000;625.0000;16368989.0000
179.0000;386.0000;0.0000;627.0000;16368996.0000
181.0000;386.0000;0.0000;629.0000;16369004.0000
182.0000;386.0000;0.0000;623.0000;16369010.0000
184.0000;386.0000;0.0000;627.0000;16369017.0000
185.0000;386.0000;0.0000;630.0000;16369024.0000
187.0000;386.0000;0.0000;623.0000;16369030.0000
188.0000;386.0000;0.0000;628.0000;16369038.0000
189.0000;386.0000;0.0000;629.0000;16369045.0000
190.0000;386.0000;0.0000;625.0000;16369052.0000
192.0000;386.0000;0.0000;630.0000;16369059.0000
193.0000;386.0000;0.0000;624.0000;16369066.0000
194.0000;386.0000;0.0000;627.0000;16369074.0000
195.0000;385.0000;0.0000;632.0000;16369080.0000
197.0000;385.0000;0.0000;627.0000;16369087.0000
198.0000;385.0000;0.0000;625.0000;16369094.0000
200.0000;385.0000;0.0000;629.0000;16369100.0000
202.0000;384.0000;0.0000;623.0000;16369108.0000
203.0000;384.0000;0.0000;632.0000;16369115.0000
205.0000;384.0000;0.0000;628.0000;16369122.0000
207.0000;384.0000;0.0000;623.0000;16369128.0000
209.0000;383.0000;0.0000;632.0000;16369136.0000
211.0000;383.0000;0.0000;623.0000;16369144.0000
213.0000;383.0000;0.0000;627.0000;16369151.0000
214.0000;383.0000;0.0000;630.0000;16369158.0000
216.0000;382.0000;0.0000;624.0000;16369166.0000
218.0000;382.0000;0.0000;627.0000;16369172.0000
220.0000;382.0000;0.0000;629.0000;16369179.0000
221.0000;382.0000;0.0000;625.0000;16369186.0000
223.0000;382.0000;0.0000;628.0000;16369192.0000
225.0000;381.0000;0.0000;628.0000;16369200.0000
226.0000;381.0000;0.0000;625.0000;16369207.0000
228.0000;381.0000;0.0000;629.0000;16369214.0000
229.0000;381.0000;0.0000;627.0000;16369221.0000
231.0000;380.0000;0.0000;622.0000;16369228.0000
233.0000;380.0000;0.0000;630.0000;16369236.0000
235.0000;380.0000;0.0000;625.0000;16369242.0000
237.0000;380.0000;0.0000;627.0000;16369249.0000
239.0000;380.0000;0.0000;629.0000;16369256.0000
241.0000;380.0000;0.0000;622.0000;16369262.0000
243.0000;380.0000;0.0000;628.0000;16369270.0000
245.0000;380.0000;0.0000;629.0000;16369277.0000
247.0000;380.0000;0.0000;624.0000;16369284.0000
249.0000;379.0000;0.0000;629.0000;16369290.0000
251.0000;379.0000;0.0000;627.0000;16369298.0000
253.0000;379.0000;0.0000;623.0000;16369306.0000
255.0000;379.0000;0.0000;629.0000;16369312.0000
257.0000;379.0000;0.0000;624.0000;16369319.0000
259.0000;379.0000;0.0000;625.0000;16369328.0000
261.0000;379.0000;0.0000;629.0000;16369334.0000
263.0000;379.0000;0.0000;622.0000;16369341.0000
265.0000;379.0000;0.0000;627.0000;16369348.0000
267.0000;379.0000;0.0000;629.0000;16369354.0000
269.0000;379.0000;0.0000;623.0000;16369362.0000
271.0000;379.0000;0.0000;627.0000;16369369.0000
272.0000;378.0000;0.0000;627.0000;16369376.0000
274.0000;378.0000;0.0000;623.0000;16369383.0000
276.0000;378.0000;0.0000;629.0000;16369390.0000
277.0000;377.0000;0.0000;623.0000;16369398.0000
279.0000;377.0000;0.0000;624.0000;16369404.0000
281.0000;376.0000;0.0000;629.0000;16369411.0000
283.0000;376.0000;0.0000;621.0000;16369418.0000
284.0000;375.0000;0.0000;627.0000;16369424.0000
286.0000;375.0000;0.0000;628.0000;16369432.0000
288.0000;374.0000;0.0000;621.0000;16369439.0000
290.0000;374.0000;0.0000;627.0000;16369446.0000
291.0000;373.0000;0.0000;627.0000;16369452.0000
293.0000;373.0000;12.0000;623.0000;16369460.0000
295.0000;372.0000;0.0000;628.0000;16369468.0000
296.0000;372.0000;0.0000;623.0000;16369474.0000
298.0000;371.0000;0.0000;622.0000;16369481.0000
300.0000;371.0000;0.0000;627.0000;16369488.0000
302.0000;370.0000;0.0000;622.0000;16369496.0000
304.0000;370.0000;0.0000;627.0000;16369502.0000
306.0000;369.0000;0.0000;628.0000;16369509.0000
308.0000;368.0000;12.0000;621.0000;16369516.0000
310.0000;368.0000;0.0000;627.0000;16369524.0000
312.0000;367.0000;0.0000;627.0000;16369531.0000
314.0000;366.0000;0.0000;622.0000;16369538.0000
315.0000;364.0000;0.0000;627.0000;16369545.0000
317.0000;363.0000;0.0000;622.0000;16369552.0000
319.0000;362.0000;0.0000;623.0000;16369560.0000
320.0000;361.0000;0.0000;629.0000;16369566.0000
322.0000;359.0000;0.0000;622.0000;16369573.0000
324.0000;358.0000;0.0000;624.0000;16369580.0000
326.0000;357.0000;0.0000;627.0000;16369586.0000
328.0000;355.0000;0.0000;622.0000;16369594.0000
329.0000;354.0000;0.0000;627.0000;16369601.0000
331.0000;352.0000;0.0000;625.0000;16369608.0000
333.0000;351.0000;0.0000;621.0000;16369614.0000
335.0000;349.0000;0.0000;627.0000;16369622.0000
336.0000;348.0000;0.0000;623.0000;16369630.0000
338.0000;346.0000;0.0000;623.0000;16369636.0000
340.0000;345.0000;0.0000;627.0000;16369643.0000
341.0000;343.0000;0.0000;621.0000;16369650.0000
343.0000;342.0000;0.0000;624.0000;16369658.0000
344.0000;340.0000;0.0000;629.0000;16369664.0000
346.0000;339.0000;0.0000;623.0000;16369671.0000
347.0000;337.0000;0.0000;627.0000;16369678.0000
349.0000;335.0000;0.0000;627.0000;16369684.0000
351.0000;334.0000;0.0000;621.0000;16369692.0000
352.0000;332.0000;0.0000;629.0000;16369700.0000
354.0000;330.0000;0.0000;625.0000;16369707.0000
355.0000;328.0000;0.0000;622.0000;16369714.0000
356.0000;326.0000;0.0000;631.0000;16369722.0000
358.0000;324.0000;0.0000;622.0000;16369728.0000
359.0000;323.0000;0.0000;623.0000;16369735.0000
360.0000;321.0000;0.0000;629.0000;16369742.0000
362.0000;319.0000;0.0000;621.0000;16369748.0000
363.0000;316.0000;0.0000;628.0000;16369756.0000
365.0000;314.0000;0.0000;627.0000;16369763.0000
367.0000;312.0000;0.0000;624.0000;16369770.0000
368.0000;310.0000;0.0000;629.0000;16369777.0000
370.0000;307.0000;0.0000;622.0000;16369784.0000
371.0000;305.0000;0.0000;622.0000;16369792.0000
372.0000;303.0000;0.0000;628.0000;16369798.0000
374.0000;301.0000;0.0000;622.0000;16369805.0000
375.0000;299.0000;0.0000;623.0000;16369812.0000
376.0000;296.0000;0.0000;629.0000;16369818.0000
377.0000;294.0000;0.0000;621.0000;16369826.0000
379.0000;292.0000;0.0000;627.0000;16369833.0000
380.0000;290.0000;0.0000;627.0000;16369840.0000
381.0000;287.0000;0.0000;620.0000;16369846.0000
382.0000;285.0000;0.0000;627.0000;16369854.0000
383.0000;282.0000;0.0000;627.0000;16369862.0000
385.0000;280.0000;0.0000;622.0000;16369868.0000
386.0000;277.0000;0.0000;627.0000;16369875.0000
387.0000;275.0000;0.0000;622.0000;16369884.0000
388.0000;273.0000;0.0000;623.0000;16369890.0000
389.0000;270.0000;0.0000;629.0000;16369897.0000
390.0000;268.0000;0.0000;621.0000;16369904.0000
391.0000;265.0000;0.0000;624.0000;16369910.0000
391.0000;262.0000;0.0000;628.0000;16369918.0000
392.0000;260.0000;0.0000;620.0000;16369925.0000
393.0000;257.0000;0.0000;625.0000;16369932.0000
393.0000;254.0000;0.0000;627.0000;16369939.0000
394.0000;251.0000;0.0000;620.0000;16369946.0000
395.0000;249.0000;0.0000;628.0000;16369954.0000
396.0000;246.0000;0.0000;621.0000;16369960.0000
397.0000;244.0000;0.0000;623.0000;16369967.0000
398.0000;241.0000;0.0000;628.0000;16369974.0000
398.0000;239.0000;0.0000;621.0000;16369980.0000
399.0000;236.0000;0.0000;624.0000;16369988.0000
400.0000;233.0000;0.0000;628.0000;16369995.0000
401.0000;230.0000;12.0000;621.0000;16370002.0000
402.0000;228.0000;12.0000;627.0000;16370008.0000
403.0000;225.0000;12.0000;627.0000;16370016.0000
404.0000;223.0000;12.0000;622.0000;16370024.0000
404.0000;220.0000;0.0000;628.0000;16370030.0000
405.0000;217.0000;0.0000;623.0000;16370037.0000
406.0000;214.0000;0.0000;623.0000;16370044.0000
406.0000;211.0000;0.0000;612.0000;16370052.0000
407.0000;209.0000;0.0000;634.0000;16370058.0000
407.0000;207.0000;0.0000;635.0000;16370066.0000
408.0000;205.0000;0.0000;641.0000;16370072.0000
409.0000;203.0000;0.0000;638.0000;16370080.0000
409.0000;201.0000;0.0000;641.0000;16370087.0000
410.0000;199.0000;0.0000;638.0000;16370094.0000
410.0000;198.0000;0.0000;635.0000;16370101.0000
410.0000;196.0000;0.0000;630.0000;16370108.0000
410.0000;194.0000;0.0000;575.0000;16370116.0000
410.0000;189.0000;12.0000;363.0000;16370122.0000
