217.8893;200.1107;0.0000;140.9939;5454445.0000
218.2654;199.3585;0.0000;157.5737;5454454.0000
218.6415;198.9824;0.0000;171.8039;5454463.5000
218.6415;198.9824;0.0000;185.9234;5454472.5000
219.6415;198.6063;0.0000;188.0429;5454481.5000
220.0176;198.6063;0.0000;193.2819;5454490.0000
220.3937;198.2302;0.0000;208.3750;5454499.0000
221.1459;197.6063;0.0000;217.2026;5454508.5000
221.8981;197.2302;0.0000;211.8579;5454517.5000
222.6503;197.2302;0.0000;177.6641;5454526.0000
212.4956;205.1283;0.0000;152.8817;5454813.0000
212.4956;204.7522;0.0000;190.0099;5454822.0000
212.1195;204.7522;0.0000;219.0011;5454831.0000
212.1195;204.7522;0.0000;239.3684;5454840.0000
212.1195;204.7522;0.0000;263.2313;5454848.5000
211.7434;204.7522;0.0000;290.3596;5454858.0000
211.7434;204.3761;0.0000;313.6074;5454867.0000
211.3673;204.3761;0.0000;338.3596;5454876.0000
211.3673;204.3761;4.5132;354.9835;5454884.5000
210.9912;204.3761;0.0000;372.1030;5454894.0000
210.9912;204.3761;0.0000;385.7181;5454903.0000
210.9912;204.3761;4.5132;391.3420;5454912.0000
210.6151;204.0000;0.0000;406.0854;5454921.0000
210.6151;204.0000;0.0000;414.7005;5454930.0000
210.6151;204.0000;0.0000;421.5722;5454939.0000
210.6151;203.6239;0.0000;432.5546;5454948.0000
210.6151;203.6239;0.0000;440.1697;5454957.0000
210.6151;203.0000;0.0000;445.5370;5454965.5000
210.6151;203.0000;0.0000;458.1432;5454975.0000
211.2390;203.0000;4.5132;465.5106;5454984.0000
211.2390;203.0000;0.0000;476.0061;5454993.0000
211.2390;203.0000;0.0000;484.0061;5455001.5000
211.2390;203.0000;0.0000;489.5193;5455011.0000
211.2390;203.0000;0.0000;498.8954;5455020.0000
211.2390;203.0000;0.0000;505.6565;5455029.0000
210.8629;203.0000;0.0000;507.1697;5455038.0000
210.8629;203.0000;4.5132;515.5546;5455047.0000
210.2390;203.0000;0.0000;523.0766;5455056.0000
210.2390;203.0000;0.0000;526.3508;5455065.0000
210.2390;203.6239;0.0000;534.2401;5455074.0000
209.6151;203.6239;4.5132;542.3861;5455082.5000
209.6151;203.6239;0.0000;548.1559;5455092.0000
209.6151;204.2478;0.0000;556.4125;5455101.0000
208.9912;204.2478;0.0000;560.0540;5455110.0000
208.9912;203.8717;0.0000;566.1911;5455118.5000
208.9912;204.4956;0.0000;572.1912;5455128.0000
208.9912;204.4956;0.0000;574.0804;5455137.0000
208.9912;204.4956;0.0000;581.9609;5455146.0000
208.3673;204.4956;0.0000;588.3458;5455155.0000
208.3673;205.1195;0.0000;591.3635;5455163.5000
208.3673;205.1195;0.0000;597.8767;5455173.0000
208.3673;205.7434;7.4868;603.2528;5455182.0000
208.3673;205.7434;12.0000;612.1245;5455191.0000
208.3673;205.7434;0.0000;612.2616;5455199.5000
208.3673;206.3673;7.4868;613.7748;5455209.0000
208.3673;206.3673;0.0000;619.1597;5455218.0000
208.3673;206.3673;0.0000;625.0402;5455227.0000
208.3673;206.9912;7.4868;624.8101;5455235.5000
208.3673;206.9912;0.0000;634.3232;5455245.0000
208.3673;206.9912;0.0000;641.0843;5455254.0000
208.3673;206.6151;0.0000;644.3497;5455263.0000
207.9912;207.2390;0.0000;650.0931;5455272.0000
207.9912;207.2390;0.0000;659.8629;5455280.5000
207.9912;207.2390;0.0000;663.8717;5455290.0000
207.9912;207.8629;4.5132;668.6151;5455299.0000
207.9912;207.8629;0.0000;672.5044;5455308.0000
207.9912;207.8629;0.0000;674.2567;5455316.5000
207.9912;207.8629;4.5132;680.0000;5455326.0000
207.9912;208.4868;0.0000;674.2567;5455335.0000
207.9912;208.4868;4.5132;678.8717;5455344.0000
207.9912;208.4868;0.0000;681.3673;5455353.0000
207.9912;209.1107;0.0000;679.7434;5455362.0000
207.9912;209.1107;0.0000;684.3585;5455371.0000
208.6151;209.1107;0.0000;686.6063;5455380.0000
208.6151;209.7346;0.0000;685.9736;5455389.0000
208.6151;209.7346;0.0000;689.5887;5455397.5000
208.9912;209.7346;0.0000;689.5887;5455407.0000
208.9912;209.7346;0.0000;691.4604;5455416.0000
209.6151;210.3585;0.0000;695.2038;5455425.0000
209.9912;210.3585;0.0000;689.5798;5455433.5000
209.9912;210.9824;0.0000;695.9560;5455443.0000
210.6151;210.9824;4.5132;699.9559;5455452.0000
210.9912;210.9824;4.5132;695.9560;5455461.0000
211.6151;211.6063;0.0000;696.4427;5455470.0000
211.9912;211.6063;0.0000;700.0754;5455479.0000
212.6151;211.6063;0.0000;699.4515;5455488.0000
212.9912;212.2302;0.0000;703.8188;5455497.0000
213.6151;212.2302;0.0000;701.5623;5455506.0000
213.9912;212.2302;0.0000;705.6906;5455514.5000
214.9912;212.8541;0.0000;709.8101;5455524.0000
216.3673;212.8541;0.0000;708.8101;5455533.0000
216.7434;212.8541;0.0000;713.8013;5455542.0000
217.7434;212.8541;0.0000;714.1597;5455550.5000
218.7434;213.4780;0.0000;717.1774;5455560.0000
219.7434;213.1019;0.0000;720.2969;5455569.0000
221.1195;213.1019;0.0000;721.9208;5455578.0000
222.1195;213.1019;0.0000;723.1774;5455587.0000
223.1195;213.1019;0.0000;722.6641;5455596.0000
223.4956;212.7258;0.0000;724.0491;5455605.0000
224.4956;213.3497;0.0000;726.2969;5455614.0000
225.4956;212.9736;0.0000;728.7925;5455623.0000
226.4956;212.9736;0.0000;727.0491;5455631.5000
227.4956;212.9736;0.0000;733.0491;5455641.0000
228.1195;212.5975;0.0000;732.0403;5455650.0000
229.1195;212.5975;0.0000;730.0491;5455659.0000
229.4956;212.5975;0.0000;732.6730;5455667.5000
230.1195;212.2214;0.0000;733.0491;5455677.0000
231.1195;211.8453;0.0000;732.9296;5455686.0000
231.4956;211.4692;0.0000;735.4252;5455695.0000
232.4956;211.4692;0.0000;734.1774;5455704.0000
233.1195;211.7170;0.0000;735.5535;5455713.0000
233.4956;211.3409;0.0000;737.4252;5455722.0000
234.4956;210.9648;0.0000;735.9296;5455731.0000
235.4956;210.5887;0.0000;740.1774;5455740.0000
235.4956;210.5887;0.0000;744.4252;5455748.5000
236.1195;210.2126;0.0000;739.8101;5455758.0000
236.4956;209.8365;0.0000;744.5535;5455767.0000
237.1195;209.4604;0.0000;746.4252;5455776.0000
237.1195;209.4604;0.0000;745.3057;5455784.5000
237.7434;209.0843;0.0000;749.6730;5455794.0000
238.7434;208.7082;0.0000;751.5535;5455803.0000
238.7434;208.7082;0.0000;749.8013;5455812.5000
239.3673;208.3321;0.0000;753.5447;5455822.0000
239.3673;207.9560;0.0000;753.8013;5455830.5000
239.9912;207.3321;0.0000;755.9208;5455839.5000
240.6151;206.9560;0.0000;760.7924;5455848.5000
241.2390;206.5799;0.0000;757.1774;5455857.5000
241.2390;206.2038;0.0000;761.6730;5455866.5000
241.8629;205.5799;0.0000;764.1686;5455875.5000
242.4868;205.2038;0.0000;761.1774;5455884.5000
242.4868;204.8277;0.0000;766.4252;5455893.5000
243.1107;204.8277;0.0000;762.0579;5455902.0000
243.7346;203.8277;0.0000;768.3057;5455911.5000
243.7346;203.4516;0.0000;772.1685;5455920.5000
243.7346;203.0755;0.0000;771.9207;5455930.0000
244.3585;202.6994;0.0000;773.9208;5455939.0000
244.3585;202.3232;0.0000;778.9120;5455948.0000
244.9824;201.6993;0.0000;775.2969;5455957.0000
245.6063;201.3232;0.0000;778.7925;5455966.0000
245.2302;200.3232;0.0000;782.6641;5455974.5000
245.8541;200.3232;0.0000;780.9208;5455984.0000
246.4780;199.9471;0.0000;783.4163;5455993.0000
246.1019;198.9471;0.0000;784.9207;5456002.0000
246.7258;198.5710;0.0000;784.7924;5456010.5000
246.3497;197.5711;0.0000;789.7925;5456020.0000
246.5975;197.1949;0.0000;790.9119;5456029.0000
246.2214;196.5710;0.0000;793.7836;5456038.0000
246.4692;196.1949;0.0000;799.1509;5456047.0000
246.0931;195.8188;0.0000;796.1597;5456056.0000
245.7170;194.8188;0.0000;801.9031;5456065.0000
245.9648;194.8188;0.0000;806.7748;5456074.0000
245.5887;193.8188;0.0000;802.7836;5456083.0000
245.8365;193.4427;7.4868;806.6554;5456091.5000
245.4604;192.8188;0.0000;808.1598;5456101.0000
245.7082;192.4427;0.0000;806.5359;5456110.0000
245.9560;191.8188;7.4868;809.5270;5456119.0000
245.5799;191.4427;0.0000;809.6553;5456127.5000
245.8277;190.4427;0.0000;809.6553;5456137.0000
245.4516;189.8188;7.4868;814.0226;5456146.0000
245.6994;189.4427;0.0000;813.0314;5456155.0000
245.3233;188.8188;4.5132;817.5182;5456164.0000
244.5710;187.8188;0.0000;808.7837;5456173.0000
244.8188;187.1949;0.0000;830.2528;5456182.0000
244.0667;186.8188;4.5132;833.7396;5456191.0000
244.3145;186.1949;0.0000;834.9874;5456200.0000
243.5623;185.1949;0.0000;836.2352;5456208.5000
243.1862;184.5710;0.0000;838.1069;5456218.0000
243.0578;183.9471;0.0000;840.6024;5456227.0000
242.3056;183.5710;0.0000;841.9785;5456236.0000
241.9295;182.9471;0.0000;845.0980;5456244.5000
241.8012;182.3232;0.0000;844.4741;5456254.0000
241.4251;181.3233;0.0000;848.8414;5456263.0000
241.0490;180.6994;0.0000;851.9609;5456272.0000
240.2968;180.0755;0.0000;847.9697;5456281.0000
239.9207;179.6993;0.0000;852.9609;5456290.0000
239.5446;179.0755;0.0000;855.4565;5456299.0000
238.7924;178.4516;0.0000;850.7131;5456308.0000
239.0402;177.4516;0.0000;856.0804;5456317.0000
238.2880;176.8277;4.5132;855.4565;5456325.5000
237.9119;176.8277;0.0000;854.8326;5456335.0000
237.1597;176.2038;4.5132;857.9521;5456344.0000
236.7836;175.5799;0.0000;856.5848;5456353.0000
236.0314;174.9560;0.0000;859.2087;5456361.5000
235.6553;174.3321;0.0000;861.4478;5456371.0000
234.9031;173.7082;0.0000;856.4565;5456380.0000
233.9031;172.7082;0.0000;860.2000;5456389.0000
233.1509;172.7082;0.0000;861.0717;5456398.0000
232.7748;172.0843;0.0000;860.2000;5456407.0000
232.3987;171.4604;0.0000;863.0717;5456416.0000
231.6465;170.8365;0.0000;860.8239;5456425.0000
231.2704;170.5887;0.0000;859.2000;5456434.0000
230.5182;169.9648;0.0000;862.3195;5456442.5000
230.1421;169.3409;0.0000;859.8239;5456452.0000
229.7660;169.3409;0.0000;862.3195;5456461.0000
229.3899;169.0931;0.0000;867.3107;5456470.0000
229.0138;168.4692;0.0000;862.3195;5456478.5000
228.0138;167.8453;0.0000;865.4390;5456488.0000
227.6377;167.2214;0.0000;867.3107;5456497.0000
226.8855;166.9736;0.0000;862.4390;5456506.0000
226.5094;166.9736;0.0000;869.4302;5456515.0000
225.5094;166.7258;0.0000;866.9346;5456523.5000
225.1333;166.4780;0.0000;866.1824;5456533.0000
224.3811;165.8541;0.0000;869.3019;5456542.0000
224.0050;165.6063;0.0000;868.3019;5456551.0000
223.2528;165.9824;0.0000;871.4302;5456559.5000
222.2528;165.7346;0.0000;870.1735;5456569.0000
221.8767;165.4868;0.0000;866.4302;5456578.0000
221.1245;165.2390;0.0000;871.1735;5456587.0000
220.1245;165.6151;0.0000;873.6691;5456595.5000
219.7484;165.3673;0.0000;869.3019;5456605.0000
219.3723;164.7434;0.0000;871.4213;5456614.0000
219.3723;164.4956;0.0000;871.0452;5456623.0000
218.3723;164.8717;0.0000;871.0452;5456632.0000
217.9962;164.6239;0.0000;875.0452;5456640.5000
217.6201;164.3761;0.0000;872.4213;5456650.0000
216.9962;164.5044;0.0000;873.1647;5456659.0000
216.6201;164.8805;0.0000;875.1647;5456668.0000
215.9962;164.6327;0.0000;870.2930;5456676.5000
215.6201;164.3849;0.0000;874.4125;5456686.0000
214.9962;165.1371;0.0000;877.0364;5456695.0000
214.6201;164.8893;0.0000;873.0452;5456704.0000
213.6201;164.6415;0.0000;874.2842;5456712.5000
213.6201;165.0176;0.0000;875.0364;5456722.0000
212.6201;165.1459;0.0000;872.4213;5456731.0000
212.6201;164.8981;7.4868;876.2842;5456740.0000
211.6201;165.6503;0.0000;875.2842;5456749.0000
211.6201;165.4025;0.0000;876.5320;5456757.5000
210.6201;166.1547;0.0000;877.4037;5456767.0000
210.6201;165.9069;0.0000;872.5408;5456776.0000
209.9962;166.2830;0.0000;877.0364;5456785.0000
209.3723;166.4113;0.0000;879.8993;5456793.5000
209.3723;166.7874;0.0000;873.6603;5456803.0000
208.3723;167.1635;0.0000;877.7798;5456812.0000
207.7484;167.2918;0.0000;879.2842;5456821.0000
207.7484;167.6680;0.0000;874.6603;5456830.0000
207.1245;168.0441;0.0000;878.7798;5456839.0000
206.5006;168.1724;0.0000;875.9081;5456848.0000
206.5006;168.5485;0.0000;878.1559;5456857.0000
205.8767;169.3007;0.0000;878.0276;5456866.0000
205.2528;169.0529;0.0000;873.0364;5456874.5000
205.2528;169.8051;4.5132;875.5320;5456884.0000
204.6289;170.1812;0.0000;878.7798;5456893.0000
204.0050;169.9334;4.5132;872.1559;5456902.0000
203.3811;170.3095;0.0000;874.2754;5456910.5000
203.1333;171.0617;0.0000;871.8905;5456920.0000
202.5094;171.4378;0.0000;873.2842;5456929.0000
201.8855;171.5661;0.0000;875.1471;5456938.0000
201.8855;171.9422;0.0000;872.8993;5456947.0000
201.6377;172.3183;0.0000;869.1471;5456956.0000
201.0138;173.0705;0.0000;875.2754;5456965.0000
200.3899;173.4466;0.0000;872.4037;5456974.0000
199.7660;173.5749;0.0000;874.0276;5456983.0000
199.1421;173.9510;0.0000;875.8993;5456991.5000
198.5182;174.7032;0.0000;872.5320;5457001.0000
198.8943;175.4554;0.0000;873.4037;5457010.0000
198.2704;175.8315;0.0000;875.7798;5457019.0000
197.6465;175.9598;0.0000;872.1559;5457027.5000
197.3987;176.7120;0.0000;876.0276;5457037.0000
197.3987;177.0881;0.0000;875.1559;5457046.0000
197.1509;177.8403;0.0000;873.5320;5457055.0000
196.5270;178.2164;0.0000;875.7798;5457064.0000
196.9031;178.9686;0.0000;874.0364;5457073.0000
196.2792;178.7208;0.0000;874.7798;5457082.0000
196.0314;179.0969;0.0000;878.2754;5457091.5000
195.7836;179.8491;4.5132;873.1647;5457100.5000
195.1597;180.2252;0.0000;875.1559;5457109.5000
194.9119;180.3535;4.5132;877.7798;5457118.5000
194.0402;181.1057;0.0000;872.6691;5457127.5000
193.4163;181.4818;4.5132;876.5320;5457136.5000
192.5446;181.6101;0.0000;874.4125;5457145.5000
192.2968;181.9862;4.5132;874.7886;5457154.5000
191.0490;182.7384;0.0000;877.5320;5457163.5000
190.8012;183.4906;0.0000;876.0364;5457172.5000
190.5534;183.8667;0.0000;874.5408;5457182.0000
189.6817;184.6189;0.0000;881.7798;5457190.5000
189.4339;184.9950;0.0000;875.7974;5457199.5000
189.1861;185.7472;0.0000;878.7886;5457208.5000
188.9384;186.1233;0.0000;881.2842;5457217.5000
188.6906;186.8755;0.0000;876.2930;5457227.0000
188.4427;187.2516;0.0000;880.0364;5457236.0000
188.1949;187.6277;0.0000;878.1647;5457245.0000
187.9471;188.3799;0.0000;878.5408;5457253.5000
187.6994;188.7560;0.0000;880.4125;5457263.0000
187.4516;189.5082;0.0000;879.1647;5457272.0000
186.5799;189.8843;0.0000;879.1647;5457281.0000
186.3321;190.6366;0.0000;880.7886;5457290.0000
185.8365;191.0126;0.0000;879.3018;5457299.0000
185.5887;191.3888;0.0000;880.2930;5457308.0000
184.7170;192.3887;0.0000;882.7886;5457317.0000
184.4692;192.7648;4.5132;878.7974;5457326.0000
184.5975;193.1410;0.0000;882.9257;5457334.5000
184.3497;194.1410;0.0000;882.4213;5457344.0000
183.8541;194.5171;0.0000;883.4301;5457353.0000
184.2302;194.8932;0.0000;885.9257;5457362.0000
184.3585;195.2693;0.0000;883.5496;5457370.5000
184.1107;195.2693;0.0000;882.3018;5457380.0000
184.2390;195.6454;0.0000;885.9257;5457389.0000
183.9912;196.2693;0.0000;882.1823;5457398.0000
184.1195;196.6454;4.5132;884.0540;5457407.0000
184.2478;196.6454;0.0000;886.3018;5457416.0000
184.3761;196.6454;0.0000;882.6867;5457425.0000
184.5044;197.2693;0.0000;887.3107;5457434.0000
184.6327;197.6454;0.0000;886.4301;5457443.0000
184.7610;197.6454;0.0000;884.6868;5457451.5000
185.1371;198.2693;0.0000;888.6868;5457461.0000
185.2654;198.2693;0.0000;887.8151;5457470.0000
185.3937;198.2693;0.0000;885.6868;5457479.0000
185.1459;198.8932;0.0000;889.0629;5457487.5000
185.8981;198.8932;0.0000;884.8151;5457497.0000
186.0264;198.8932;0.0000;888.3107;5457506.0000
186.1547;198.8932;0.0000;888.6868;5457515.0000
186.2831;199.8932;0.0000;884.5673;5457524.0000
186.7874;199.8932;0.0000;886.8151;5457533.0000
186.9157;200.5171;0.0000;888.3107;5457542.0000
187.0441;200.5171;4.5132;886.8151;5457551.0000
187.1724;200.5171;0.0000;889.3107;5457560.0000
186.6768;201.1410;0.0000;887.5673;5457568.5000
186.8051;201.1410;0.0000;887.1912;5457578.0000
186.9334;201.7648;0.0000;889.8151;5457587.0000
187.0617;201.7648;0.0000;887.8239;5457596.0000
187.1900;202.3887;0.0000;888.5673;5457604.5000
187.3183;202.3887;0.0000;892.3107;5457614.0000
187.4466;203.0126;0.0000;886.0717;5457623.0000
187.1988;203.0126;0.0000;888.9434;5457632.0000
187.3271;203.6365;0.0000;889.9434;5457641.0000
187.8315;203.6365;0.0000;887.2000;5457650.0000
187.9598;203.8843;0.0000;890.9434;5457659.0000
188.0881;203.8843;0.0000;887.4478;5457668.0000
188.4642;204.5082;0.0000;888.7043;5457677.0000
188.5925;204.1321;0.0000;890.3195;5457685.5000
188.3447;204.7560;0.0000;888.7043;5457695.0000
188.4730;205.3799;0.0000;889.3282;5457704.0000
188.2252;205.3799;0.0000;892.5760;5457713.0000
187.9774;206.0038;0.0000;886.8326;5457721.5000
188.3535;205.6277;0.0000;892.7043;5457731.0000
188.1057;206.2516;0.0000;893.8239;5457740.0000
187.8579;205.8755;0.0000;891.8326;5457749.0000
188.6101;206.4994;0.0000;894.0804;5457758.0000
188.3623;206.1233;0.0000;893.2087;5457767.0000
189.1145;206.7472;0.0000;893.3370;5457776.0000
188.8667;206.3711;0.0000;895.8414;5457785.0000
189.2428;206.6189;0.0000;894.7131;5457794.0000
189.3711;206.6189;0.0000;895.4653;5457802.5000
189.7472;206.8667;0.0000;898.3370;5457812.0000
189.4994;207.1145;0.0000;892.2263;5457821.0000
189.8755;206.7384;0.0000;896.3458;5457830.0000
190.0038;206.9862;0.0000;899.4653;5457838.5000
190.3799;207.2340;0.0000;895.8502;5457848.0000
190.1321;206.8579;0.0000;898.0980;5457857.0000
190.5082;206.7296;0.0000;898.0980;5457866.0000
190.2605;206.9774;0.0000;897.8502;5457875.0000
190.6366;207.2252;0.0000;901.0981;5457884.0000
190.3887;207.4730;0.0000;899.9786;5457893.0000
190.1410;207.7208;0.0000;900.3547;5457902.0000
190.5171;207.9686;0.0000;903.3547;5457911.0000
190.2693;208.2164;4.5132;899.6113;5457919.5000
190.2693;208.7120;0.0000;903.7308;5457929.0000
190.6454;208.9598;0.0000;903.3547;5457938.0000
190.3976;208.5837;4.5132;899.9874;5457947.0000
190.7737;208.8315;0.0000;903.9786;5457955.5000
190.5259;209.0793;0.0000;901.8591;5457965.0000
190.9020;209.3271;0.0000;898.7396;5457974.0000
190.9020;209.5749;4.5132;904.2352;5457983.0000
190.6542;209.8227;0.0000;903.6113;5457992.0000
191.0303;210.0705;0.0000;903.7396;5458000.5000
190.4064;209.9422;0.0000;904.7396;5458010.0000
190.7825;210.1900;0.0000;903.4918;5458019.0000
190.7825;210.4378;0.0000;904.7396;5458028.0000
191.1586;211.3095;0.0000;906.3635;5458036.5000
191.5347;211.1812;0.0000;901.9962;5458046.0000
191.5347;211.4290;0.0000;904.1157;5458055.0000
191.2869;211.6768;0.0000;905.7396;5458064.0000
191.6630;211.5485;0.0000;902.6201;5458072.5000
192.0391;212.4202;0.0000;906.3635;5458082.0000
192.4152;212.6680;0.0000;903.2440;5458091.0000
192.7913;212.5396;0.0000;902.2440;5458100.0000
193.1674;213.4113;0.0000;905.4918;5458109.0000
192.5435;213.2831;0.0000;902.3723;5458117.5000
192.9196;214.1547;0.0000;904.8679;5458127.0000
193.2957;214.0264;0.0000;906.1157;5458136.0000
193.6718;214.2742;0.0000;901.5006;5458145.0000
194.0479;214.7698;7.4868;903.7484;5458153.5000
194.0479;215.0176;0.0000;904.7484;5458163.0000
194.4240;214.8893;0.0000;894.7660;5458172.0000
194.4240;215.1371;0.0000;896.6377;5458181.0000
194.8001;215.0088;0.0000;894.1421;5458190.0000
194.8001;215.2566;0.0000;895.5182;5458199.0000
195.1762;215.7522;0.0000;897.6465;5458208.0000
195.1762;216.0000;0.0000;893.5182;5458217.0000
195.5523;215.8717;0.0000;896.6465;5458226.0000
196.1762;216.1195;0.0000;898.8855;5458234.5000
196.5523;215.9912;0.0000;893.3987;5458244.0000
196.5523;216.8629;0.0000;897.5182;5458253.0000
196.9284;216.7346;0.0000;899.7661;5458262.0000
197.5523;216.9824;0.0000;897.0226;5458270.5000
197.5523;217.8541;0.0000;899.2704;5458280.0000
198.1762;218.1019;4.5132;898.2704;5458289.0000
198.5523;218.5975;4.5132;897.1509;5458298.0000
198.5523;218.8453;0.0000;900.2704;5458307.0000
199.1762;219.7170;0.0000;901.8943;5458316.0000
199.1762;219.5887;0.0000;894.3811;5458325.0000
199.8001;219.8365;0.0000;908.4075;5458334.0000
199.8001;220.7082;0.0000;901.6642;5458343.0000
200.4240;220.5799;0.0000;905.1598;5458351.5000
200.4240;221.4516;0.0000;908.4075;5458361.0000
201.0479;221.6994;0.0000;904.5447;5458370.0000
201.6718;221.5710;0.0000;908.6642;5458379.5000
201.2957;222.4427;0.0000;907.4164;5458388.5000
201.9196;222.3144;0.0000;907.5447;5458397.5000
201.9196;222.5622;0.0000;909.7925;5458406.5000
202.1674;223.4339;0.0000;909.5447;5458415.5000
202.1674;223.3056;0.0000;912.4252;5458425.0000
202.1674;223.5534;0.0000;912.7924;5458433.5000
202.4152;223.4251;0.0000;910.1774;5458442.5000
202.4152;223.6729;0.0000;914.1773;5458451.5000
202.6630;223.5446;0.0000;913.9207;5458460.5000
202.6630;223.7924;0.0000;912.0579;5458469.5000
202.9108;223.6641;0.0000;916.1774;5458478.5000
202.5347;223.9119;0.0000;914.4251;5458487.5000
202.7825;224.1597;0.0000;913.5535;5458496.5000
202.7825;224.0314;0.0000;917.6730;5458506.0000
203.0303;224.2792;0.0000;914.3057;5458515.0000
202.2781;224.1509;0.0000;914.9296;5458524.0000
202.5259;224.3987;0.0000;917.6818;5458533.0000
202.7737;224.2704;0.0000;913.8101;5458542.0000
202.3976;223.8943;0.0000;917.3057;5458551.0000
202.2693;223.7660;0.0000;921.0579;5458560.0000
202.5171;224.0138;0.0000;918.3145;5458569.0000
202.3887;223.2616;0.0000;920.3057;5458577.5000
202.6366;223.5094;0.0000;921.5535;5458587.0000
202.8843;223.1333;4.5132;920.3057;5458596.0000
202.7560;223.0050;0.0000;922.1774;5458605.0000
203.0038;223.2528;4.5132;919.6818;5458613.5000
203.2516;222.8767;0.0000;920.6818;5458623.0000
203.1233;222.7484;4.5132;922.1774;5458632.0000
203.3711;222.9962;0.0000;921.0579;5458641.0000
203.2428;222.6201;4.5132;921.0579;5458650.0000
203.1145;222.4918;0.0000;926.3057;5458659.0000
203.3623;222.1157;0.0000;920.4340;5458668.0000
203.2340;222.3635;0.0000;925.6818;5458677.0000
203.7296;221.9874;0.0000;924.5535;5458686.0000
203.6013;221.2352;0.0000;922.0579;5458694.5000
203.8491;221.4830;0.0000;925.5535;5458704.0000
204.3447;221.1069;0.0000;924.0579;5458713.0000
204.2164;220.3547;0.0000;926.3057;5458722.0000
204.7120;219.9786;0.0000;927.5535;5458730.5000
204.9598;220.2263;0.0000;925.4340;5458740.0000
204.8315;219.8503;0.0000;926.3057;5458749.0000
205.3271;219.4742;0.0000;931.4252;5458758.0000
205.5749;219.0981;0.0000;925.1862;5458767.0000
205.4466;219.3458;0.0000;927.5535;5458776.0000
205.3183;218.9697;0.0000;931.4252;5458785.0000
205.5661;218.5936;0.0000;928.4340;5458794.0000
205.4378;218.8414;0.0000;929.4252;5458803.0000
205.3095;218.4653;0.0000;927.6818;5458811.5000
205.1812;218.0892;0.0000;926.6818;5458821.0000
205.0529;218.3370;0.0000;929.1774;5458830.0000
204.9246;217.9609;0.0000;930.4340;5458839.0000
204.7963;217.5848;0.0000;927.6818;5458847.5000
204.6680;217.8326;0.0000;932.8013;5458857.0000
204.9157;217.4565;0.0000;927.0579;5458866.0000
204.1635;217.0804;4.5132;931.4252;5458875.0000
204.0352;217.3282;0.0000;932.8013;5458884.0000
203.9070;216.9521;0.0000;929.6818;5458893.0000
203.1547;216.9521;0.0000;932.1774;5458902.0000
203.4025;216.5760;0.0000;932.9296;5458911.0000
203.2742;216.8238;0.0000;930.6818;5458920.0000
203.1459;216.4477;0.0000;932.9296;5458928.5000
203.3937;216.4477;0.0000;930.9296;5458938.0000
203.2654;216.6955;0.0000;933.5535;5458947.0000
203.1371;216.3194;0.0000;935.6730;5458956.0000
203.0088;216.3194;0.0000;931.6818;5458964.5000
202.8805;215.9433;0.0000;935.0491;5458974.0000
202.7522;216.1911;0.0000;936.5446;5458983.0000
202.3761;215.8150;0.0000;934.1774;5458992.0000
202.2478;215.8150;0.0000;937.2968;5459001.0000
202.1195;215.4389;0.0000;938.5446;5459010.0000
201.9912;215.0628;0.0000;937.5446;5459019.0000
202.4868;215.0628;0.0000;940.2880;5459028.0000
202.3585;215.3106;0.0000;938.7924;5459037.0000
202.2302;214.9345;0.0000;936.7836;5459045.5000
202.1019;214.9345;4.5132;940.6641;5459055.0000
201.9736;214.9345;0.0000;937.5446;5459064.0000
201.4692;214.5584;0.0000;939.0402;5459073.0000
201.3409;214.5584;0.0000;942.1597;5459081.5000
201.2126;214.8062;0.0000;937.7924;5459091.0000
200.7082;214.8062;0.0000;942.5358;5459100.0000
200.5799;214.8062;4.5132;943.1597;5459109.0000
200.4515;214.4301;0.0000;941.9119;5459118.0000
200.3232;214.4301;0.0000;945.0314;5459127.0000
199.8188;214.4301;0.0000;944.4075;5459136.0000
199.6906;214.4301;0.0000;944.0314;5459145.0000
199.1861;214.4301;0.0000;946.5270;5459154.0000
199.6817;214.4301;4.5132;943.4075;5459162.5000
199.5534;214.0540;0.0000;947.1509;5459172.0000
199.0490;214.6779;0.0000;949.6465;5459181.0000
198.9207;214.6779;0.0000;946.9031;5459190.0000
198.7924;214.6779;0.0000;948.7748;5459198.5000
198.6641;214.6779;0.0000;949.1509;5459208.0000
198.5358;214.6779;4.5132;946.9031;5459217.0000
198.4075;214.6779;0.0000;950.2704;5459226.0000
197.9031;214.6779;0.0000;948.7748;5459235.0000
197.7748;215.0540;0.0000;949.1509;5459244.0000
197.6465;215.0540;0.0000;949.6465;5459253.0000
197.7660;214.4301;0.0000;949.3987;5459262.0000
197.0138;214.4301;0.0000;950.6465;5459271.0000
197.1333;214.8062;0.0000;950.8943;5459279.5000
197.0050;214.8062;0.0000;947.7748;5459289.0000
196.5006;214.8062;0.0000;950.6465;5459298.0000
196.3723;214.5584;0.0000;953.1421;5459307.0000
196.2440;214.5584;0.0000;949.7748;5459315.5000
195.7396;214.9345;0.0000;952.7660;5459325.0000
195.6113;214.3106;0.0000;952.7660;5459334.0000
195.4830;214.6867;0.0000;952.2704;5459343.0000
195.6024;215.0628;0.0000;954.3899;5459352.0000
195.4741;214.4389;0.0000;953.1421;5459361.0000
195.3458;214.8150;0.0000;956.7660;5459370.0000
195.4653;214.5672;0.0000;956.6377;5459379.0000
195.3370;214.9433;0.0000;952.2704;5459388.0000
195.8326;214.6955;0.0000;955.1421;5459396.5000
195.7043;215.0716;0.0000;958.0138;5459406.0000
195.5760;214.8238;0.0000;954.1421;5459415.0000
196.4477;215.1999;0.0000;956.3899;5459424.0000
196.3194;214.9521;0.0000;956.5182;5459432.5000
196.1911;215.3282;0.0000;955.7748;5459442.0000
196.6867;215.0804;0.0000;956.7660;5459451.0000
196.5584;215.4565;0.0000;957.0226;5459460.0000
196.4301;215.2087;0.0000;954.8943;5459469.0000
197.3018;214.9609;0.0000;959.6377;5459477.5000
197.1735;215.3370;0.0000;952.1509;5459487.0000
197.0452;215.0892;0.0000;957.1421;5459496.0000
197.9169;215.4653;0.0000;957.6377;5459505.0000
197.7886;215.2175;0.0000;955.8943;5459513.5000
198.0364;215.5936;0.0000;958.3899;5459523.0000
198.9081;215.3458;0.0000;956.7660;5459532.0000
199.1559;215.7220;0.0000;957.3899;5459541.0000
199.0276;215.4742;0.0000;960.2616;5459549.5000
199.8993;215.8503;0.0000;956.7660;5459559.0000
200.1471;215.9785;0.0000;958.8855;5459568.0000
201.3949;216.3546;0.0000;959.1333;5459577.0000
201.6427;216.4830;0.0000;955.5182;5459586.0000
201.8905;216.8591;0.0000;957.3899;5459594.5000
202.1383;216.9874;0.0000;959.8855;5459604.0000
202.3860;217.7396;4.5132;956.7660;5459613.0000
202.6339;217.8679;0.0000;959.5094;5459622.0000
202.8817;218.6201;0.0000;958.6377;5459630.5000
204.1295;218.7484;0.0000;958.3899;5459640.0000
204.3773;219.5006;0.0000;959.8855;5459649.0000
204.6250;219.6289;0.0000;958.6377;5459658.0000
205.2489;219.7572;0.0000;960.2616;5459668.0000
205.4967;220.1333;0.0000;960.7572;5459676.5000
205.7445;220.2616;0.0000;956.1421;5459685.5000
205.9923;220.3899;0.0000;959.6377;5459694.5000
206.2401;221.1421;0.0000;963.3811;5459703.5000
206.8640;220.8943;0.0000;960.2616;5459712.5000
207.1118;221.0226;0.0000;961.5094;5459721.5000
206.7357;221.1509;0.0000;964.8855;5459730.5000
206.9835;221.2792;0.0000;961.1333;5459739.5000
207.2313;221.7836;0.0000;964.0050;5459748.5000
207.4791;221.9119;0.0000;962.3811;5459757.5000
208.3508;222.0402;0.0000;964.0050;5459766.5000
208.9747;221.5446;0.0000;962.6289;5459775.5000
209.2225;222.0490;0.0000;960.7572;5459785.0000
209.4703;222.1773;0.0000;962.6289;5459794.0000
209.7181;222.3056;0.0000;963.8767;5459803.0000
210.3420;222.8100;0.0000;959.7572;5459812.0000
210.5898;222.9383;0.0000;962.2528;5459820.5000
210.8376;223.0667;0.0000;962.7484;5459830.0000
211.4615;222.5710;0.0000;959.6289;5459839.0000
211.4615;223.0755;0.0000;963.3723;5459848.0000
211.7093;223.2038;0.0000;961.3723;5459856.5000
212.9571;223.0843;0.0000;958.3723;5459866.0000
213.5810;223.2126;0.0000;962.1245;5459875.0000
214.2049;222.7170;0.0000;957.1245;5459884.0000
215.0766;222.2214;0.0000;956.1157;5459893.0000
215.7005;222.1019;0.0000;957.6113;5459902.0000
216.3244;222.2302;0.0000;952.2440;5459911.0000
216.9483;222.1107;0.0000;956.6113;5459920.0000
217.5722;222.2390;0.0000;956.8591;5459929.0000
217.9483;222.1195;0.0000;952.4918;5459937.5000
218.5722;222.2478;0.0000;955.8591;5459947.0000
219.1961;222.1283;0.0000;953.9874;5459956.0000
220.1961;221.6327;0.0000;954.3635;5459965.0000
221.4439;221.1371;0.0000;953.9874;5459973.5000
222.4439;221.0176;0.0000;950.4918;5459983.0000
223.6917;220.5220;7.4868;953.1157;5459992.0000
224.6917;221.0264;0.0000;955.2352;5460001.0000
225.6917;220.5309;4.5132;949.8679;5460010.0000
226.6917;220.0352;4.5132;952.1157;5460019.0000
227.3156;219.9157;4.5132;936.7660;5460028.0000
228.3156;219.4202;0.0000;960.8502;5460037.0000
228.6917;219.5485;0.0000;963.7219;5460046.0000
229.6917;219.4290;0.0000;962.9697;5460054.5000
230.0678;218.9334;0.0000;962.9697;5460064.0000
231.0678;218.4378;0.0000;964.8414;5460073.0000
232.0678;217.9422;0.0000;962.9697;5460082.0000
232.6917;217.4466;0.0000;963.3458;5460090.5000
233.6917;216.9510;0.0000;967.7131;5460100.0000
234.6917;215.8315;0.0000;961.4741;5460109.0000
235.6917;215.7120;0.0000;964.2175;5460118.0000
236.0678;215.2164;0.0000;967.7131;5460127.0000
236.6917;214.7208;0.0000;962.3458;5460136.0000
237.0678;213.6013;0.0000;964.5936;5460145.0000
237.4439;213.1057;0.0000;964.8414;5460154.0000
237.8200;212.6101;0.0000;962.3458;5460163.0000
238.1961;212.1145;0.0000;965.2175;5460171.5000
238.5722;211.6189;0.0000;963.3458;5460181.0000
238.3244;211.1233;4.5132;964.2175;5460190.0000
238.7005;210.2516;0.0000;966.7219;5460199.0000
238.4527;209.7560;0.0000;959.8503;5460207.5000
238.8288;208.6366;4.5132;962.7219;5460217.0000
238.5810;208.1410;0.0000;963.3458;5460226.0000
238.3332;207.6454;0.0000;958.9786;5460235.0000
238.4615;207.1498;0.0000;961.4741;5460244.0000
238.2137;206.2781;0.0000;962.0980;5460253.0000
237.9659;205.1586;4.5132;959.2264;5460262.0000
238.0942;204.2869;0.0000;962.7219;5460271.0000
237.8464;203.7913;0.0000;962.3546;5460280.0000
237.3508;202.9196;0.0000;959.3547;5460288.5000
237.1030;202.4240;0.0000;960.4830;5460298.0000
236.6074;201.5523;0.0000;956.4830;5460307.0000
236.1118;201.3045;0.0000;956.4830;5460316.0000
235.2401;200.4328;0.0000;958.7308;5460324.5000
234.7445;200.1850;0.0000;955.2352;5460334.0000
233.8728;199.6894;0.0000;957.7308;5460343.0000
234.0012;199.4416;0.0000;958.7308;5460352.0000
233.1295;199.1938;0.0000;955.2352;5460361.0000
232.6339;198.6982;0.0000;959.1069;5460370.0000
231.7622;198.4504;0.0000;958.1069;5460379.0000
231.8905;198.5787;0.0000;956.8591;5460388.0000
231.0188;197.7070;0.0000;958.6025;5460397.0000
230.7710;197.4592;0.0000;954.3635;5460405.5000
230.2754;197.5875;0.0000;958.1069;5460415.0000
229.4037;196.7158;0.0000;960.3547;5460424.0000
228.9081;196.4680;4.5132;952.7308;5460433.0000
228.6603;196.2202;0.0000;958.4830;5460441.5000
228.1647;195.9724;0.0000;958.7308;5460451.0000
227.2930;195.7246;0.0000;958.1157;5460460.0000
226.7974;195.1007;0.0000;959.1069;5460469.0000
226.5496;194.8530;0.0000;958.4830;5460478.0000
226.6779;194.9812;0.0000;955.8503;5460487.0000
225.8062;194.7335;0.0000;960.3547;5460496.0000
225.9345;194.4857;4.5132;958.4830;5460505.0000
225.4389;194.2379;0.0000;960.3547;5460514.0000
225.1911;193.9901;0.0000;962.2263;5460522.5000
224.6955;193.7423;0.0000;956.6113;5460532.0000
224.1999;193.1184;0.0000;959.8591;5460541.0000
223.3282;192.2467;0.0000;962.2263;5460550.0000
223.4565;191.9989;0.0000;957.6113;5460558.5000
222.3370;191.7511;4.5132;959.7308;5460568.0000
222.4653;191.5033;0.0000;958.4830;5460577.0000
221.9697;190.8794;0.0000;957.2352;5460586.0000
221.4742;190.6316;0.0000;960.7308;5460595.0000
220.9786;190.3838;0.0000;960.7396;5460604.0000
220.4830;189.5121;4.5132;958.4830;5460613.0000
220.6113;188.8882;0.0000;962.6024;5460622.0000
220.1157;188.6404;0.0000;955.4918;5460631.0000
220.2440;188.0165;0.0000;957.6113;5460639.5000
220.7484;187.7687;0.0000;960.4830;5460649.0000
220.2528;187.5209;0.0000;956.7396;5460658.0000
220.3811;186.8970;0.0000;958.8591;5460667.0000
219.8855;186.6492;4.5132;956.9874;5460675.5000
220.0138;187.0253;0.0000;955.4918;5460685.0000
219.5182;186.7775;4.5132;958.3635;5460694.0000
219.3987;186.1536;0.0000;956.7396;5460703.0000
219.5270;186.5297;0.0000;956.7396;5460712.0000
219.0314;186.2819;4.5132;960.2352;5460721.0000
218.5358;185.6580;0.0000;953.6201;5460730.0000
218.0402;185.4102;0.0000;956.4918;5460739.0000
217.9207;185.4102;0.0000;957.7396;5460748.0000
217.4251;185.1624;0.0000;954.3723;5460756.5000
216.9295;185.1624;0.0000;955.6201;5460766.0000
216.8100;185.1624;0.0000;955.3723;5460775.0000
215.6905;185.1624;0.0000;952.8767;5460784.0000
215.1949;184.5385;0.0000;954.9962;5460792.5000
214.0755;184.5385;0.0000;954.3723;5460802.0000
212.9560;184.5385;0.0000;952.6289;5460811.0000
211.2126;184.5385;0.0000;954.9962;5460820.0000
210.0931;184.5385;0.0000;951.6289;5460829.0000
208.9736;184.5385;0.0000;953.1245;5460837.5000
208.4780;184.5385;0.0000;955.1245;5460847.0000
207.3585;184.5385;0.0000;952.0050;5460856.0000
206.8629;185.1624;0.0000;954.7484;5460865.0000
206.3673;185.1624;0.0000;954.7484;5460873.5000
205.2478;185.1624;0.0000;952.6289;5460883.0000
204.7522;185.1624;0.0000;955.7484;5460892.0000
203.6327;185.1624;0.0000;953.2528;5460901.0000
203.1371;185.1624;0.0000;953.0050;5460909.5000
201.6415;185.1624;0.0000;955.5006;5460919.0000
201.1459;184.7863;0.0000;949.7484;5460928.0000
200.0264;184.7863;0.0000;953.6289;5460937.0000
199.5308;184.7863;0.0000;955.8767;5460946.0000
198.4113;185.4102;0.0000;951.1333;5460955.5000
197.9157;185.0341;0.0000;951.6201;5460964.5000
197.0441;185.0341;0.0000;955.6289;5460973.5000
196.5485;185.0341;0.0000;952.5094;5460982.5000
195.6768;185.2819;0.0000;956.2528;5460991.5000
195.1812;185.2819;0.0000;955.0138;5461000.5000
194.6856;185.2819;0.0000;952.8855;5461009.5000
194.1900;184.9058;0.0000;956.6289;5461018.5000
193.6944;184.9058;0.0000;953.1333;5461027.0000
192.8227;184.5297;0.0000;954.3811;5461036.5000
192.3271;185.1536;0.0000;956.2528;5461045.5000
191.8315;185.1536;0.0000;951.6377;5461054.5000
190.9598;185.4014;0.0000;954.0138;5461064.0000
190.4642;185.4014;0.0000;957.0050;5461073.0000
188.9686;185.6492;0.0000;952.7660;5461082.0000
188.4730;185.6492;0.0000;955.7572;5461091.0000
187.6013;185.8970;0.0000;955.2616;5461099.5000
186.4818;186.5209;0.0000;954.6377;5461109.0000
185.6101;186.7687;0.0000;955.8855;5461118.0000
185.1145;187.0165;0.0000;957.1333;5461127.0000
183.9950;187.0165;0.0000;955.2616;5461135.5000
183.1233;187.2643;0.0000;959.0050;5461145.0000
182.6277;187.8882;0.0000;954.0138;5461154.0000
182.1321;188.1360;0.0000;956.5094;5461163.0000
180.6366;188.3838;0.0000;958.3811;5461172.0000
180.1410;189.0077;0.0000;956.2616;5461180.5000
179.0215;189.2555;0.0000;958.1333;5461190.0000
178.5259;189.5033;0.0000;957.1333;5461199.0000
177.4064;190.1272;0.0000;955.2616;5461208.0000
176.5347;190.3750;0.0000;959.0050;5461216.5000
175.4152;190.6228;0.0000;959.2616;5461226.0000
174.9196;191.8706;0.0000;960.2616;5461235.0000
174.0479;192.1184;0.0000;960.6289;5461244.0000
173.5523;192.3661;0.0000;957.2616;5461252.5000
172.6806;193.2379;0.0000;958.7572;5461262.0000
171.5611;193.4857;0.0000;961.6289;5461271.0000
171.0655;194.3573;0.0000;959.2616;5461280.0000
170.1938;194.6051;0.0000;961.7572;5461289.0000
170.6982;194.8530;0.0000;962.3811;5461297.5000
170.4504;195.1007;0.0000;960.5094;5461307.0000
170.5787;195.3485;0.0000;964.8855;5461316.0000
171.3309;195.5963;0.0000;959.5006;5461325.0000
171.0831;195.8441;0.0000;962.5094;5461333.5000
171.2114;195.7158;0.0000;964.6289;5461343.0000
170.9636;195.9636;4.5132;961.5094;5461352.0000
171.0919;196.8353;0.0000;963.3811;5461361.0000
170.8441;197.7070;4.5132;965.6289;5461370.0000
170.9724;198.5787;0.0000;962.1333;5461379.0000
170.1007;198.8265;0.0000;965.8855;5461388.0000
169.8529;200.3221;4.5132;965.7572;5461397.0000
169.3573;201.1938;0.0000;963.1333;5461406.0000
169.1096;202.0655;0.0000;965.6289;5461414.5000
168.8618;202.9372;0.0000;964.8855;5461424.0000
167.9901;203.8089;0.0000;963.8855;5461433.0000
167.7422;204.6806;0.0000;966.7572;5461442.0000
167.4945;206.1762;0.0000;965.0138;5461450.5000
167.2467;207.0479;0.0000;967.8855;5461460.0000
166.9989;207.5435;0.0000;968.5094;5461469.0000
166.1272;209.0391;0.0000;966.7660;5461478.0000
165.8794;209.9108;4.5132;967.2616;5461487.0000
165.0077;210.7825;0.0000;968.6377;5461496.0000
164.7599;211.6542;0.0000;966.7660;5461505.0000
164.1360;212.1498;0.0000;968.8855;5461514.0000
163.8882;212.3976;0.0000;966.6377;5461523.0000
164.2643;213.2693;0.0000;965.7660;5461531.5000
164.0165;214.1410;0.0000;968.2616;5461541.0000
163.7687;215.0126;0.0000;967.2704;5461550.0000
164.1448;215.5082;0.0000;965.1421;5461559.0000
164.5209;216.3799;0.0000;968.0138;5461567.5000
164.2731;217.2516;0.0000;964.8943;5461577.0000
164.6492;218.7472;0.0000;967.6377;5461586.0000
164.4014;219.2428;0.0000;966.0138;5461595.0000
164.1536;220.7384;0.0000;965.5182;5461604.0000
163.9058;221.6101;0.0000;967.8855;5461613.0000
164.2819;222.7296;0.0000;967.0138;5461622.0000
164.6580;223.6013;0.0000;964.8943;5461631.0000
164.4102;225.0969;0.0000;969.6465;5461640.0000
164.1624;225.5925;0.0000;964.1509;5461648.5000
164.5385;226.4642;0.0000;965.1509;5461658.0000
163.9146;227.9598;0.0000;969.0226;5461667.0000
164.2907;228.8315;7.4868;963.4075;5461676.0000
164.0429;229.3271;7.4868;968.2792;5461684.5000
164.0429;230.8227;0.0000;967.1509;5461694.0000
164.4190;231.6944;7.4868;955.2969;5461703.0000
164.7951;232.5661;0.0000;955.7925;5461712.0000
164.7951;233.6856;0.0000;953.6730;5461721.0000
165.1712;234.5573;0.0000;953.2969;5461730.0000
165.5473;235.4290;0.0000;957.4164;5461739.0000
165.9234;236.9246;0.0000;956.2969;5461748.0000
165.9234;237.7963;0.0000;955.1686;5461757.0000
166.2995;238.9157;0.0000;957.7925;5461765.5000
166.6756;239.7874;0.0000;951.0491;5461775.0000
167.0517;241.2830;0.0000;952.9208;5461784.0000
167.6756;242.1547;0.0000;958.7925;5461793.0000
168.0517;243.6503;0.0000;954.0491;5461801.5000
169.0517;245.1459;0.0000;953.5447;5461811.0000
169.4278;246.0176;0.0000;952.9208;5461820.0000
170.4278;247.1371;4.5132;953.3057;5461829.0000
171.0517;248.6327;4.5132;954.2969;5461838.0000
171.4278;249.5044;4.5132;954.6730;5461847.0000
172.0517;251.0000;0.0000;954.0491;5461856.0000
173.0517;252.4956;0.0000;955.5447;5461865.0000
174.0517;253.3673;0.0000;952.4252;5461874.0000
174.0517;254.8629;0.0000;953.6730;5461882.5000
175.0517;255.3585;0.0000;957.2969;5461892.0000
176.0517;256.2302;0.0000;951.0491;5461901.0000
177.6756;257.1019;0.0000;953.5447;5461910.0000
178.6756;257.9736;0.0000;954.2969;5461918.5000
179.9234;258.8453;0.0000;951.6730;5461928.0000
181.5473;259.3409;0.0000;955.9208;5461937.0000
182.5473;260.8365;0.0000;953.2969;5461946.0000
184.1712;261.7082;0.0000;953.9208;5461955.0000
185.7951;262.2037;0.0000;954.7925;5461964.0000
187.7951;263.0754;0.0000;952.0491;5461973.0000
189.4190;264.5710;0.0000;953.9208;5461982.0000
190.4190;265.4427;0.0000;956.4164;5461991.0000
192.0429;266.3145;0.0000;953.5535;5461999.5000
193.6668;266.8101;0.0000;954.5447;5462009.0000
194.6668;267.6817;0.0000;956.5447;5462018.0000
195.6668;268.5534;0.0000;954.5447;5462027.0000
196.6668;269.4251;0.0000;955.4164;5462035.5000
197.2907;270.2968;0.0000;954.7925;5462045.0000
198.2907;271.1685;0.0000;954.7925;5462054.0000
199.2907;272.0402;0.0000;956.6642;5462063.0000
200.2907;272.9119;0.0000;953.2969;5462072.0000
201.2907;273.7836;0.0000;950.4252;5462081.0000
202.9146;274.6553;0.0000;959.1597;5462090.0000
203.5385;275.2792;0.0000;956.0403;5462099.0000
204.5385;276.1509;0.0000;956.6642;5462108.0000
206.1624;276.3987;0.0000;958.4164;5462116.5000
207.1624;276.6465;0.0000;955.2969;5462126.0000
208.4102;277.8943;0.0000;957.2881;5462135.0000
209.4102;278.1421;0.0000;957.2881;5462144.0000
211.0341;279.3899;0.0000;955.4164;5462152.5000
211.6580;279.6377;0.0000;959.1597;5462162.0000
213.2819;280.2616;0.0000;957.0403;5462171.0000
214.5297;281.1333;0.0000;958.2880;5462180.0000
215.5297;281.7572;0.0000;958.7748;5462189.0000
216.7775;282.6289;0.0000;956.7925;5462198.0000
218.4014;283.2528;0.0000;959.5358;5462207.0000
220.0253;283.5006;0.0000;958.5270;5462216.0000
221.2731;283.7484;0.0000;959.0402;5462225.0000
222.8970;284.9962;0.0000;961.5358;5462233.5000
224.1448;285.2440;0.0000;962.7836;5462243.5000
225.7687;285.8679;0.0000;963.7836;5462252.5000
227.0165;285.4918;0.0000;963.4075;5462261.5000
228.6404;286.1157;0.0000;963.1597;5462270.0000
230.2643;286.7396;0.0000;964.1597;5462279.5000
230.8882;286.3635;0.0000;965.2792;5462288.5000
232.5121;286.9874;0.0000;961.9119;5462297.5000
233.7599;287.2352;0.0000;967.5358;5462307.0000
236.0077;287.2352;0.0000;968.7836;5462315.5000
237.6316;286.8591;0.0000;966.0402;5462324.5000
239.5033;287.4830;0.0000;968.6553;5462333.5000
241.3750;287.4830;0.0000;966.9119;5462342.5000
242.9989;287.4830;0.0000;970.7925;5462351.5000
244.8706;287.7308;0.0000;970.0403;5462361.0000
246.7423;287.7308;4.5132;970.7925;5462370.0000
248.6140;287.7308;0.0000;972.1686;5462378.5000
250.4857;288.3547;0.0000;974.6642;5462388.0000
252.9813;288.3547;0.0000;968.0491;5462397.0000
255.2290;288.9785;0.0000;973.9120;5462406.0000
257.1007;288.9785;4.5132;977.4164;5462415.0000
259.3485;288.6024;0.0000;970.9208;5462424.0000
261.2202;288.6024;4.5132;978.1686;5462433.0000
264.0919;288.2263;0.0000;977.2969;5462442.0000
265.9636;288.8503;0.0000;972.6730;5462451.0000
268.8353;288.8503;0.0000;978.6730;5462459.5000
270.7070;288.4742;0.0000;976.9208;5462469.0000
273.5787;288.4742;7.4868;974.6642;5462478.0000
275.4504;288.4742;0.0000;980.2969;5462487.0000
277.9460;288.4742;0.0000;978.8013;5462495.5000
279.8177;288.4742;12.0000;979.6730;5462505.0000
282.3133;288.4742;0.0000;980.5447;5462514.0000
284.8089;288.4742;4.5132;976.2881;5462523.0000
287.6806;288.4742;0.0000;966.5006;5462532.0000
290.1762;288.4742;0.0000;952.0892;5462540.5000
292.6718;288.8503;0.0000;930.6515;5462550.0000
295.5435;289.6024;0.0000;898.2980;5462559.0000
297.4152;289.9785;4.5132;813.8124;5462568.0000
152.8552;212.1256;0.0000;628.2662;848234.1875
154.7269;212.1256;0.0000;629.5140;848239.8125
157.2225;212.1256;0.0000;627.6423;848245.4375
159.0942;212.1256;0.0000;630.1379;848251.0000
160.9659;211.5017;0.0000;631.3856;848256.6250
163.4615;211.5017;0.0000;628.2662;848262.2500
165.3332;211.5017;0.0000;630.7618;848267.8750
167.8288;210.8778;0.0000;632.6334;848273.5000
170.3244;210.8778;0.0000;629.5140;848279.1250
172.1961;210.8778;0.0000;633.2573;848284.6875
174.6917;210.2539;0.0000;631.3856;848290.3125
177.1873;210.2539;0.0000;630.7618;848295.9375
179.0590;209.6300;0.0000;633.2573;848301.5625
180.9307;209.6300;0.0000;630.1379;848307.1875
183.4263;209.0061;0.0000;633.8812;848312.8125
185.2980;209.0061;0.0000;635.1290;848318.3750
187.1697;208.3822;0.0000;630.1379;848324.0000
188.4174;207.7583;0.0000;633.8812;848329.6250
190.2892;207.1344;0.0000;635.7529;848335.2500
192.1608;206.5105;0.0000;635.7529;848340.8750
193.4086;206.5105;0.0000;638.2485;848346.5000
194.6564;205.8866;0.0000;638.2485;848352.1250
195.9042;204.6388;0.0000;638.2485;848357.6875
197.1520;204.0149;0.0000;638.2485;848363.3125
198.3998;203.3910;0.0000;638.2485;848368.9375
199.6476;202.7671;0.0000;638.2485;848374.5625
201.5193;202.1432;0.0000;638.2485;848380.1875
202.7671;201.5193;0.0000;638.2485;848385.8125
204.0149;200.2715;0.0000;638.2485;848391.3750
205.2627;199.6476;0.0000;638.2485;848397.0000
206.5105;198.3998;0.0000;638.2485;848402.6250
208.3822;197.1520;0.0000;638.2485;848408.2500
209.6300;196.5281;0.0000;638.2485;848413.8750
210.2539;195.2803;0.0000;638.2485;848419.5000
211.5017;194.0325;0.0000;638.2485;848425.0625
212.7495;192.7847;0.0000;638.2485;848430.6875
214.6212;191.5370;0.0000;638.2485;848436.3125
215.8690;190.2892;7.4868;638.2485;848441.9375
217.1168;189.0414;0.0000;638.2485;848447.5625
218.3646;187.7936;0.0000;638.2485;848453.1875
218.9885;186.5458;0.0000;638.2485;848458.8125
220.2363;185.2980;0.0000;638.2485;848464.3750
220.8602;184.0502;0.0000;638.2485;848470.0000
222.1080;182.8024;0.0000;638.2485;848475.6250
222.7319;181.5546;0.0000;638.2485;848481.2500
223.9797;180.3068;0.0000;638.2485;848486.8750
224.6036;179.0590;0.0000;638.2485;848492.5000
225.8514;177.8112;0.0000;638.2485;848498.0625
226.4753;175.9395;0.0000;638.2485;848503.6875
227.7231;174.6917;0.0000;638.2485;848509.3125
228.3470;173.4439;0.0000;638.2485;848514.9375
228.9709;172.1961;0.0000;638.2485;848520.5625
229.5948;170.9483;0.0000;638.2485;848526.1875
230.2187;169.7005;0.0000;638.2485;848531.7500
230.8426;168.4527;0.0000;638.2485;848537.3750
231.4665;167.2049;0.0000;638.2485;848543.0000
232.0904;165.3332;0.0000;638.2485;848548.6250
233.3382;164.0854;0.0000;638.2485;848554.2500
234.5860;162.2137;0.0000;638.2485;848559.8750
235.2099;160.3420;0.0000;638.2485;848565.4375
236.4577;159.0942;0.0000;638.2485;848571.0625
237.7055;157.2225;0.0000;638.2485;848576.6875
238.3294;155.9747;0.0000;638.2485;848582.3125
239.5772;154.1030;0.0000;638.2485;848587.9375
240.2011;152.8552;0.0000;638.2485;848593.5625
240.8250;151.6074;0.0000;638.2485;848599.1875
241.4489;150.3596;0.0000;638.2485;848604.7500
242.0728;149.1118;0.0000;638.2485;848610.3750
242.6967;147.8640;0.0000;638.2485;848616.0000
243.9445;145.9923;0.0000;638.2485;848621.6250
244.5684;144.7445;0.0000;638.2485;848627.2500
245.1923;143.4967;0.0000;638.2485;848632.8750
246.4400;141.6250;0.0000;638.2485;848638.4375
247.0639;140.3772;0.0000;638.2485;848644.0625
248.3118;138.5056;0.0000;638.2485;848649.6875
248.9357;137.2578;0.0000;638.2485;848655.3125
250.1834;136.0099;0.0000;638.2485;848660.9375
250.8073;134.7622;0.0000;638.2485;848666.5625
251.4312;134.1383;0.0000;638.2485;848672.1250
252.0551;133.5144;0.0000;638.2485;848677.7500
252.6790;132.8905;0.0000;638.2485;848683.3750
253.3029;132.2666;0.0000;638.2485;848689.0000
253.9268;131.6427;7.4868;638.2485;848694.6250
253.9268;131.0188;0.0000;638.2485;848700.2500
254.5507;130.3949;7.4868;638.2485;848705.8750
254.5507;129.7710;0.0000;638.2485;848711.4375
254.5507;129.7710;0.0000;638.2485;848717.0625
255.1746;129.1471;0.0000;638.2485;848722.6875
255.1746;128.5232;0.0000;638.2485;848728.3125
255.7985;127.8993;0.0000;638.2485;848733.9375
256.4224;127.8993;0.0000;638.2485;848739.5625
256.4224;127.2754;0.0000;638.2485;848745.1250
257.0463;126.6515;0.0000;638.2485;848750.7500
257.0463;126.0276;0.0000;638.2485;848756.3750
257.6702;126.0276;0.0000;638.2485;848762.0000
257.6702;125.4037;0.0000;638.2485;848767.6250
257.6702;125.4037;0.0000;638.2485;848773.2500
258.2941;124.7798;0.0000;638.2485;848778.8125
258.2941;124.7798;0.0000;638.2485;848784.4375
258.2941;124.7798;0.0000;638.2485;848790.0625
258.9180;124.1559;0.0000;638.2485;848795.6875
258.9180;124.1559;0.0000;638.2485;848801.3125
258.9180;124.1559;0.0000;638.2485;848806.9375
258.9180;124.1559;0.0000;638.2485;848812.5625
258.9180;124.1559;0.0000;638.2485;848818.1250
258.9180;124.1559;0.0000;638.2485;848823.7500
258.9180;124.1559;0.0000;638.2485;848830.0000
258.9180;124.7798;0.0000;603.9341;848835.6250
258.9180;126.0276;0.0000;544.6637;848841.2500
258.2941;127.2754;0.0000;438.6009;848846.8750
257.0463;127.8993;7.4868;172.1961;848852.4375
