200.1551;202.8450;0.0000;17.8994;282978720.0000
200.1551;202.8450;0.0000;53.2253;282978720.0000
200.1551;202.8450;0.0000;64.2950;282978720.0000
200.1551;202.8450;0.0000;78.1555;282978752.0000
200.1551;202.8450;0.0000;104.7370;282978752.0000
200.1551;202.8450;0.0000;125.1634;282978752.0000
200.1551;202.8450;0.0000;138.1092;282978752.0000
200.1551;202.8450;0.0000;151.8146;282978752.0000
200.1551;202.8450;0.0000;158.2255;282978752.0000
200.3101;202.8450;0.0000;166.1713;282978784.0000
200.3101;202.8450;0.0000;177.7217;282978784.0000
200.3101;202.8450;0.0000;182.3574;282978816.0000
200.4651;202.8450;0.0000;192.7528;282978816.0000
200.4651;202.8450;0.0000;197.9931;282978816.0000
200.6202;202.6899;0.0000;199.4738;282978848.0000
200.6202;202.6899;0.0000;205.5590;282978848.0000
200.7752;202.6899;0.0000;209.4893;282978848.0000
200.7752;202.5349;0.0000;211.5048;282978848.0000
200.7752;202.5349;0.0000;217.5048;282978848.0000
200.9303;202.5349;0.0000;216.3653;282978880.0000
200.9303;202.5349;0.0000;219.6056;282978880.0000
201.0853;202.3798;0.0000;221.9157;282978880.0000
201.0853;202.3798;0.0000;219.9312;282978880.0000
201.2403;202.2248;0.0000;223.2413;282978880.0000
201.2403;202.2248;0.0000;225.2413;282978880.0000
201.2403;202.2248;0.0000;222.6367;282978912.0000
201.3954;202.0698;0.0000;227.1716;282978912.0000
201.3954;201.9147;0.0000;227.3266;282978912.0000
201.3954;201.9147;0.0000;226.4119;282978912.0000
201.3954;201.7597;0.0000;228.1018;282978912.0000
201.3954;201.7597;0.0000;226.8770;282978944.0000
201.3954;201.6046;0.0000;226.9623;282978944.0000
201.3954;201.6046;0.0000;232.0320;282978944.0000
201.3954;201.6046;0.0000;227.7375;282978944.0000
201.3954;201.4496;0.0000;230.8925;282978944.0000
201.3954;201.4496;0.0000;230.5824;282978976.0000
201.3954;201.4496;0.0000;228.8228;282978976.0000
201.3954;201.2946;0.0000;231.6677;282978976.0000
201.3954;201.2946;0.0000;230.5127;282978976.0000
201.3954;201.1395;0.0000;229.1328;282978976.0000
201.3954;201.1395;0.0000;231.8228;282979008.0000
201.3954;201.1395;0.0000;229.7530;282979008.0000
201.3954;200.9845;0.0000;231.3732;282979008.0000
201.3954;200.9845;0.0000;235.4429;282979008.0000
201.2403;200.9845;0.0000;231.8383;282979008.0000
201.2403;200.8294;0.0000;233.1484;282979008.0000
201.2403;200.8294;0.0000;234.6833;282979040.0000
201.2403;200.8294;0.0000;232.9236;282979072.0000
201.2403;200.8294;0.0000;234.6135;282979072.0000
201.2403;200.6744;0.0000;236.9933;282979072.0000
201.2403;200.6744;0.0000;235.0786;282979072.0000
201.0853;200.6744;0.0000;238.4585;282979104.0000
201.0853;200.5193;0.0000;236.0786;282979104.0000
201.0853;200.5193;0.0000;235.5437;282979104.0000
201.0853;200.5193;0.0000;238.9236;282979104.0000
200.9303;200.5193;0.0000;236.0089;282979104.0000
200.9303;200.3643;0.0000;236.4740;282979104.0000
200.9303;200.3643;0.0000;239.3887;282979136.0000
200.7752;200.3643;0.0000;235.4042;282979136.0000
200.7752;200.3643;0.0000;239.8538;282979136.0000
200.7752;200.3643;0.0000;240.3189;282979136.0000
200.7752;200.2093;0.0000;237.0941;282979136.0000
200.6202;200.2093;0.0000;240.4740;282979168.0000
200.6202;200.2093;0.0000;237.9391;282979168.0000
200.6202;200.2093;0.0000;236.5593;282979168.0000
200.6202;200.2093;0.0000;238.2492;282979168.0000
200.6202;200.2093;0.0000;235.1794;282979200.0000
200.4651;200.0542;0.0000;236.3345;282979200.0000
200.4651;200.0542;0.0000;237.5593;282979232.0000
200.3101;200.0542;0.0000;234.9547;282979232.0000
200.3101;200.0542;0.0000;238.1794;282979232.0000
200.1551;200.0542;0.0000;238.8694;282979232.0000
200.1551;200.0542;0.0000;235.9546;282979232.0000
200.1551;200.0542;0.0000;238.7996;282979264.0000
200.0000;200.0542;0.0000;238.7996;282979264.0000
200.0000;199.8992;0.0000;236.8849;282979264.0000
199.8450;199.8992;0.0000;240.1097;282979264.0000
199.8450;199.0542;0.0000;238.0399;282979264.0000
199.8450;199.0542;0.0000;239.3500;282979296.0000
199.6899;199.0542;0.0000;242.4198;282979296.0000
199.6899;199.0542;0.0000;237.8151;282979296.0000
199.6899;198.8992;0.0000;240.5051;282979296.0000
199.5349;198.8992;0.0000;242.7298;282979296.0000
199.5349;198.8992;0.0000;238.1252;282979296.0000
199.3799;198.8992;0.0000;239.9702;282979328.0000
199.3799;198.8992;0.0000;240.6601;282979328.0000
199.2248;198.8992;0.0000;239.4353;282979328.0000
199.2248;198.8992;0.0000;241.6601;282979328.0000
199.0698;198.8992;0.0000;239.4353;282979328.0000
199.0698;198.8992;0.0000;241.9004;282979360.0000
199.0698;199.7441;0.0000;246.5051;282979360.0000
198.9147;199.7441;0.0000;246.5051;282979360.0000
198.9147;199.7441;0.0000;252.1949;282979360.0000
198.9147;199.7441;0.0000;255.1097;282979360.0000
198.7597;199.7441;0.0000;252.1949;282979392.0000
198.7597;199.7441;0.0000;255.1097;282979392.0000
198.7597;199.7441;0.0000;256.2647;282979392.0000
198.6046;199.7441;0.0000;256.7299;282979392.0000
198.6046;199.7441;0.0000;261.0244;282979392.0000
198.4496;199.7441;0.0000;259.6446;282979392.0000
198.4496;199.7441;0.0000;261.1097;282979424.0000
198.4496;199.7441;0.0000;264.8694;282979424.0000
198.2946;199.7441;0.0000;262.6446;282979456.0000
198.2946;199.7441;0.0000;263.4895;282979456.0000
198.1395;199.8992;0.0000;266.5593;282979456.0000
198.1395;199.8992;0.0000;264.4895;282979488.0000
198.1395;199.8992;0.0000;268.0244;282979488.0000
197.9845;199.8992;0.0000;267.7143;282979488.0000
197.9845;199.8992;0.0000;264.4895;282979488.0000
197.8294;199.0542;0.0000;269.7143;282979488.0000
198.6744;199.0542;0.0000;269.0244;282979520.0000
198.6744;199.0542;0.0000;267.7996;282979520.0000
198.5194;199.0542;0.0000;269.8694;282979520.0000
198.5194;199.0542;0.0000;267.4895;282979520.0000
198.5194;199.0542;0.0000;269.1097;282979520.0000
197.6744;199.0542;0.0000;265.1097;282979520.0000
197.6744;199.0542;0.0000;252.3655;282979552.0000
197.5194;199.0542;0.0000;244.9159;282979552.0000
197.5194;199.0542;0.0000;228.5516;282979552.0000
197.3643;199.0542;0.0000;205.2029;282979552.0000
197.3643;199.2093;0.0000;164.6448;282979584.0000
196.5193;198.3643;0.0000;128.8464;282979872.0000
196.5193;198.3643;0.0000;131.7767;282979904.0000
196.5193;198.3643;0.0000;138.9859;282979904.0000
196.3643;198.3643;0.0000;145.0557;282979904.0000
196.3643;198.5194;0.0000;145.6759;282979904.0000
196.2093;198.5194;0.0000;145.2107;282979904.0000
196.2093;198.6744;0.0000;160.8851;282979936.0000
196.2093;198.6744;0.0000;177.7843;282979936.0000
196.0542;198.6744;0.0000;193.2184;282979936.0000
196.0542;198.8294;0.0000;210.8928;282979936.0000
196.7442;198.8294;0.0000;215.8075;282979936.0000
196.7442;198.8294;0.0000;220.8772;282979968.0000
196.7442;198.8294;0.0000;223.0323;282979968.0000
196.7442;198.9845;0.0000;222.5672;282979968.0000
196.5891;198.9845;0.0000;227.7920;282979968.0000
196.5891;198.9845;0.0000;228.9470;282979968.0000
196.4341;198.9845;0.0000;230.1718;282979968.0000
196.4341;199.1395;0.0000;237.3966;282980000.0000
196.4341;199.1395;0.0000;236.5516;282980000.0000
196.4341;199.1395;0.0000;241.3113;282980000.0000
196.2790;199.1395;0.0000;245.8462;282980000.0000
196.2790;199.2946;0.0000;244.1563;282980000.0000
196.1240;199.2946;0.0000;250.6059;282980032.0000
196.1240;199.2946;0.0000;253.4508;282980032.0000
196.1240;199.4496;0.0000;252.1407;282980032.0000
196.1240;199.4496;0.0000;255.8307;282980032.0000
195.9690;199.4496;0.0000;256.6756;282980032.0000
195.9690;199.6046;0.0000;254.8307;282980032.0000
195.9690;200.4496;0.0000;259.2105;282980064.0000
195.8139;200.4496;0.0000;256.2958;282980064.0000
195.8139;200.6046;0.0000;256.5206;282980064.0000
195.8139;200.6046;0.0000;259.6756;282980064.0000
195.8139;200.6046;0.0000;256.2958;282980064.0000
196.5038;200.7597;0.0000;259.3655;282980096.0000
196.5038;200.7597;0.0000;262.2105;282980096.0000
196.5038;200.7597;0.0000;257.1407;282980128.0000
196.3488;200.9147;0.0000;262.2105;282980128.0000
196.3488;200.9147;0.0000;262.5206;282980128.0000
196.3488;200.9147;0.0000;262.2105;282980128.0000
196.1938;201.0698;0.0000;267.5903;282980160.0000
196.1938;201.0698;0.0000;265.0555;282980160.0000
196.1938;201.2248;0.0000;266.9702;282980160.0000
196.0387;201.2248;0.0000;273.5051;282980160.0000
196.0387;201.2248;0.0000;269.9702;282980160.0000
196.0387;201.3798;0.0000;271.5050;282980192.0000
196.8837;201.3798;0.0000;273.3500;282980192.0000
196.7286;201.5349;0.0000;268.1252;282980192.0000
196.7286;201.6899;0.0000;272.3500;282980192.0000
196.7286;201.6899;0.0000;273.6601;282980192.0000
197.4185;201.8450;0.0000;273.1950;282980224.0000
197.4185;202.0000;0.0000;277.5748;282980224.0000
197.4185;201.1550;0.0000;281.1097;282980224.0000
197.4185;201.3101;0.0000;284.1794;282980224.0000
197.2635;200.4651;0.0000;287.8694;282980224.0000
197.2635;200.6202;0.0000;286.8694;282980224.0000
198.1085;199.9302;0.0000;289.7841;282980256.0000
198.1085;199.9302;0.0000;292.7841;282980256.0000
198.1085;199.2403;0.0000;290.0941;282980256.0000
198.1085;199.2403;0.0000;295.3190;282980256.0000
197.9534;199.3954;1.8605;296.3190;282980256.0000
197.9534;198.5504;0.0000;293.4740;282980288.0000
197.9534;198.7055;0.0000;297.8538;282980288.0000
198.7984;198.7055;0.0000;295.9391;282980288.0000
198.7984;197.8605;0.0000;295.1639;282980288.0000
198.7984;198.0155;0.0000;298.0089;282980288.0000
198.7984;197.3256;1.8605;296.1639;282980320.0000
198.7984;196.4807;0.0000;295.6988;282980320.0000
199.4883;196.6357;0.0000;298.3189;282980320.0000
199.4883;195.9458;0.0000;295.4740;282980320.0000
199.4883;196.1008;1.8605;297.8538;282980320.0000
199.4883;195.2559;0.0000;298.1639;282980320.0000
199.4883;195.4109;0.0000;296.3190;282980352.0000
199.4883;195.4109;0.0000;298.6988;282980384.0000
199.4883;194.7210;0.0000;298.3189;282980384.0000
199.4883;194.7210;0.0000;297.0089;282980384.0000
199.4883;194.8760;1.8605;300.6988;282980384.0000
199.4883;194.8760;0.0000;298.4740;282980416.0000
198.6433;194.1861;0.0000;298.8538;282980416.0000
198.6433;194.1861;0.0000;303.3887;282980416.0000
197.9534;193.4962;0.0000;298.4740;282980416.0000
197.1085;193.4962;1.8605;303.5438;282980416.0000
196.2635;192.8063;0.0000;305.6988;282980416.0000
195.4185;192.9613;1.8605;306.1639;282980448.0000
194.5736;192.1163;0.0000;311.5282;282980448.0000
193.7286;191.4264;0.0000;323.0631;282980448.0000
192.8837;190.7365;0.0000;334.1173;282980448.0000
192.0387;190.7365;0.0000;347.9467;282980448.0000
192.0387;190.0466;0.0000;352.4816;282980480.0000
191.1938;190.0466;0.0000;357.0863;282980480.0000
191.1938;190.2016;0.0000;361.9312;282980480.0000
190.3488;190.2016;0.0000;356.8615;282980512.0000
190.5038;190.3567;0.0000;360.2413;282980512.0000
190.5038;190.3567;0.0000;362.3964;282980544.0000
190.5038;190.5117;0.0000;357.8615;282980544.0000
190.5038;190.6667;0.0000;362.3964;282980544.0000
190.5038;190.6667;0.0000;361.1716;282980544.0000
189.8139;190.6667;0.0000;360.5514;282980544.0000
189.8139;190.8218;0.0000;364.3964;282980544.0000
189.8139;190.8218;0.0000;361.1716;282980576.0000
188.9689;190.8218;0.0000;363.3964;282980576.0000
188.2790;190.9768;0.0000;367.3964;282980576.0000
188.2790;190.9768;0.0000;364.5514;282980576.0000
187.4341;191.1319;0.0000;367.2413;282980576.0000
186.5891;191.1319;1.8605;371.0863;282980608.0000
185.7442;191.2869;0.0000;368.7762;282980608.0000
185.7442;191.4420;0.0000;373.4661;282980608.0000
185.0542;191.4420;0.0000;377.1560;282980608.0000
184.2093;191.4420;0.0000;376.8459;282980608.0000
183.3643;190.7520;0.0000;381.5359;282980608.0000
182.6744;190.7520;1.8605;381.8459;282980640.0000
180.9845;190.7520;0.0000;384.9157;282980640.0000
180.1395;190.9071;0.0000;392.1405;282980640.0000
179.2946;190.9071;0.0000;392.2955;282980640.0000
178.4496;191.0621;0.0000;399.5901;282980640.0000
178.6046;191.0621;0.0000;406.9699;282980672.0000
177.7597;191.2172;0.0000;406.5048;282980672.0000
176.9147;191.2172;0.0000;410.7296;282980672.0000
177.0698;192.2171;0.0000;413.0397;282980672.0000
176.2248;192.2171;0.0000;410.1947;282980672.0000
175.5349;193.0621;0.0000;415.4195;282980704.0000
175.5349;193.2172;0.0000;413.5048;282980704.0000
174.8450;194.0621;0.0000;413.5048;282980704.0000
174.0000;194.2172;0.0000;418.0397;282980704.0000
173.1551;195.0621;0.0000;415.8149;282980704.0000
172.4651;195.2172;0.0000;416.3497;282980704.0000
171.6202;196.0621;0.0000;419.5048;282980736.0000
171.6202;196.2171;0.0000;416.9699;282980736.0000
170.9303;197.0621;0.0000;419.5048;282980768.0000
170.0853;197.0621;0.0000;419.1250;282980768.0000
170.2403;198.0621;0.0000;416.8149;282980768.0000
170.2403;198.0621;0.0000;419.8149;282980800.0000
169.3954;199.0621;0.0000;418.4351;282980800.0000
169.5504;199.0621;0.0000;417.2800;282980800.0000
169.5504;200.0621;0.0000;422.8149;282980800.0000
168.7054;200.9071;0.0000;417.7451;282980800.0000
168.8605;201.0621;0.0000;419.2800;282980832.0000
169.0155;201.9071;0.0000;422.2800;282980832.0000
169.0155;202.9071;0.0000;417.9001;282980832.0000
168.3256;202.9071;0.0000;421.1250;282980832.0000
168.3256;203.7520;0.0000;421.5901;282980832.0000
168.4807;203.7520;0.0000;418.7451;282980832.0000
168.4807;204.7520;0.0000;421.7451;282980864.0000
168.4807;205.5970;0.0000;421.2103;282980864.0000
168.4807;205.5970;0.0000;419.9002;282980864.0000
168.6357;206.5970;0.0000;423.7451;282980864.0000
168.6357;207.4420;0.0000;419.8304;282980896.0000
168.7907;208.4420;0.0000;420.2103;282980928.0000
167.9458;209.2869;0.0000;422.8149;282980928.0000
168.1008;209.2869;0.0000;419.1405;282980928.0000
168.1008;210.1319;0.0000;423.2103;282980928.0000
168.2559;210.9768;0.0000;423.8304;282980928.0000
168.2559;211.1319;0.0000;419.9855;282980928.0000
168.4109;211.9768;0.0000;423.3653;282980960.0000
168.4109;212.8218;0.0000;422.4506;282980960.0000
168.5659;212.8218;0.0000;421.2955;282980960.0000
167.7210;213.6667;0.0000;424.9855;282980960.0000
167.8760;214.5117;0.0000;422.0707;282980960.0000
167.8760;215.3567;0.0000;423.1405;282980992.0000
167.1861;216.3567;0.0000;426.1405;282980992.0000
167.1861;217.2016;0.0000;422.7607;282980992.0000
167.3411;218.0466;0.0000;425.1405;282980992.0000
167.3411;218.8916;0.0000;427.2955;282980992.0000
167.4962;219.7365;0.0000;422.9157;282980992.0000
167.4962;219.7365;0.0000;425.4506;282981024.0000
167.6512;220.5815;0.0000;425.9157;282981024.0000
167.6512;221.4264;0.0000;423.9157;282981024.0000
167.8063;222.2714;0.0000;428.1405;282981024.0000
167.9613;222.2714;0.0000;426.2258;282981024.0000
167.9613;223.1163;10.1395;426.2258;282981056.0000
168.1163;223.9613;0.0000;432.1405;282981056.0000
168.2714;223.9613;0.0000;423.6909;282981056.0000
168.4264;224.8063;0.0000;426.2258;282981056.0000
169.2714;225.6512;0.0000;429.0707;282981056.0000
169.4264;225.6512;0.0000;425.6909;282981088.0000
169.4264;226.6512;0.0000;429.6056;282981088.0000
170.4264;227.4962;0.0000;430.2258;282981088.0000
170.4264;228.3412;0.0000;427.3808;282981088.0000
171.4264;229.1861;0.0000;432.6057;282981088.0000
172.4264;230.0311;0.0000;429.5359;282981120.0000
172.4264;230.8760;0.0000;429.2258;282981120.0000
173.4264;231.7210;0.0000;435.4506;282981120.0000
174.4264;231.7210;0.0000;432.0707;282981152.0000
174.5815;232.5659;0.0000;432.9157;282981152.0000
175.4264;233.4109;0.0000;436.6056;282981152.0000
175.5815;234.2559;0.0000;433.9157;282981184.0000
176.5815;235.1008;0.0000;438.8304;282981184.0000
177.5815;235.9458;0.0000;441.1405;282981184.0000
177.5815;236.7907;0.0000;438.2955;282981184.0000
178.5815;237.6357;0.0000;443.3653;282981184.0000
179.4264;238.4807;0.0000;442.9855;282981216.0000
179.5815;238.4807;0.0000;442.3653;282981216.0000
180.4264;239.3256;0.0000;448.0552;282981216.0000
181.4264;240.1706;0.0000;443.8304;282981216.0000
181.5815;240.1706;0.0000;445.2102;282981216.0000
182.5815;241.0155;0.0000;449.0552;282981248.0000
182.7365;240.8605;0.0000;443.9855;282981248.0000
183.5815;241.7055;0.0000;448.2103;282981248.0000
183.7365;242.5504;0.0000;448.2103;282981248.0000
184.5815;242.5504;0.0000;445.6754;282981248.0000
184.7365;243.3954;0.0000;449.2103;282981248.0000
185.7365;243.3954;0.0000;447.9855;282981280.0000
185.8915;244.0853;0.0000;446.6754;282981280.0000
186.7365;244.9303;0.0000;450.5204;282981280.0000
187.7365;244.9303;0.0000;446.2955;282981280.0000
187.7365;245.7752;0.0000;447.3653;282981280.0000
188.7365;245.7752;0.0000;451.6754;282981312.0000
188.7365;246.6202;0.0000;446.1405;282981312.0000
189.7365;246.4651;0.0000;450.5204;282981312.0000
189.8915;247.3101;0.0000;450.8304;282981312.0000
190.8916;247.3101;0.0000;447.8304;282981312.0000
190.8916;248.1550;0.0000;450.3653;282981312.0000
191.8916;248.0000;0.0000;449.4506;282981344.0000
192.7365;248.0000;0.0000;448.1405;282981344.0000
192.8915;248.8450;0.0000;451.9855;282981344.0000
193.8915;248.8450;0.0000;447.5203;282981344.0000
194.0466;249.5349;0.0000;450.4506;282981344.0000
194.8916;249.5349;0.0000;454.1405;282981376.0000
195.0466;249.5349;0.0000;448.7607;282981408.0000
195.8916;250.2248;0.0000;450.8304;282981408.0000
196.0466;250.2248;0.0000;453.4506;282981408.0000
197.0466;251.0698;0.0000;448.2258;282981408.0000
197.8916;250.9147;0.0000;451.7607;282981408.0000
198.0466;251.7597;0.0000;451.9157;282981440.0000
198.8916;251.7597;0.0000;450.0707;282981440.0000
199.8916;252.4496;0.0000;453.9157;282981440.0000
200.8915;252.2946;0.0000;450.3808;282981440.0000
201.0466;252.2946;0.0000;451.7607;282981440.0000
201.8916;253.1395;0.0000;454.7607;282981472.0000
202.8916;252.9845;0.0000;450.3808;282981472.0000
202.8916;252.9845;0.0000;451.7607;282981472.0000
203.8915;252.8294;0.0000;454.7607;282981472.0000
204.8915;253.6744;0.0000;450.3808;282981472.0000
204.8915;253.5193;0.0000;454.7607;282981504.0000
205.7365;253.5193;0.0000;455.0707;282981504.0000
206.7365;253.5193;0.0000;452.2258;282981504.0000
206.8916;253.3643;0.0000;455.6056;282981504.0000
207.7365;254.2093;0.0000;452.6909;282981536.0000
208.7365;254.2093;0.0000;453.3808;282981536.0000
209.5815;254.0542;0.0000;457.2258;282981568.0000
210.5815;253.8992;0.0000;453.3111;282981568.0000
211.4264;253.8992;0.0000;455.5359;282981568.0000
212.4264;253.8992;0.0000;456.6909;282981568.0000
213.2714;253.7441;0.0000;453.3111;282981568.0000
214.2714;253.7441;0.0000;456.0010;282981600.0000
215.1163;253.5891;0.0000;457.1560;282981600.0000
216.1163;253.5891;0.0000;454.4661;282981600.0000
216.1163;253.4341;0.0000;459.1560;282981600.0000
217.1163;252.5891;0.0000;456.9312;282981600.0000
218.1163;252.4341;0.0000;454.9312;282981632.0000
218.9613;252.4341;0.0000;460.4661;282981632.0000
219.8063;252.2790;0.0000;457.2413;282981632.0000
220.8063;252.2790;0.0000;458.7762;282981632.0000
221.6512;252.1240;0.0000;462.7762;282981632.0000
222.6512;252.1240;0.0000;458.5514;282981632.0000
223.4962;251.9689;0.0000;463.0862;282981664.0000
225.3411;251.9689;1.8605;463.2413;282981664.0000
226.1861;251.8139;0.0000;461.2413;282981664.0000
227.1861;251.8139;1.8605;466.0863;282981664.0000
228.0311;251.8139;0.0000;463.8615;282981664.0000
229.0311;251.6589;0.0000;462.0863;282981696.0000
229.0311;250.6589;0.0000;467.0863;282981696.0000
230.0311;250.6589;0.0000;463.3266;282981696.0000
231.0311;250.5038;0.0000;463.2413;282981696.0000
231.8760;250.5038;0.0000;468.3964;282981696.0000
232.0311;250.3488;0.0000;463.3266;282981696.0000
232.8760;249.3488;1.8605;468.2413;282981728.0000
233.8760;249.1937;0.0000;468.8615;282981728.0000
234.0311;249.1937;1.8605;466.0165;282981728.0000
234.8760;248.1937;0.0000;469.1715;282981728.0000
235.7210;248.0387;0.0000;468.6367;282981728.0000
236.7210;248.0387;0.0000;467.0165;282981760.0000
236.8760;247.0387;0.0000;470.5514;282981760.0000
237.7210;246.8837;1.8605;466.6367;282981792.0000
238.7210;245.8837;0.0000;467.0863;282981792.0000
238.7210;245.8837;0.0000;474.4817;282981792.0000
239.5659;244.8837;0.0000;467.5514;282981824.0000
240.4109;244.8837;0.0000;472.5514;282981824.0000
241.4109;243.8837;0.0000;475.5514;282981824.0000
241.5659;243.7286;0.0000;471.0165;282981824.0000
242.4109;242.7286;0.0000;474.7064;282981824.0000
243.4109;242.5736;0.0000;476.1716;282981824.0000
244.2559;241.5736;0.0000;473.0165;282981856.0000
244.2559;241.5736;0.0000;477.8615;282981856.0000
245.1008;240.5736;0.0000;474.4817;282981856.0000
245.9458;239.5736;0.0000;477.5514;282981856.0000
246.9458;239.4185;0.0000;482.2413;282981856.0000
246.9458;238.4185;0.0000;478.8615;282981888.0000
247.9458;238.4185;0.0000;482.9312;282981888.0000
248.7907;237.4185;0.0000;484.9312;282981888.0000
249.6357;237.2635;0.0000;479.5514;282981888.0000
250.4807;236.4185;0.0000;485.4661;282981888.0000
250.6357;236.2635;0.0000;485.2413;282981888.0000
251.4807;235.2635;0.0000;483.9312;282981920.0000
252.4807;234.2635;0.0000;489.1560;282981920.0000
253.3256;233.2635;0.0000;485.9312;282981920.0000
253.3256;232.2635;0.0000;488.3111;282981920.0000
254.1706;232.1085;0.0000;492.6909;282981920.0000
254.1706;231.2635;0.0000;488.7762;282981952.0000
255.0155;230.2635;0.0000;491.3110;282981952.0000
255.8605;229.2635;0.0000;493.8459;282981952.0000
256.0155;228.2635;0.0000;488.6212;282981952.0000
256.8605;228.1085;0.0000;491.6909;282981952.0000
257.8605;227.1085;0.0000;493.4661;282981984.0000
258.7054;226.1085;0.0000;488.6212;282981984.0000
259.5504;225.1085;0.0000;494.0010;282981984.0000
260.3954;224.2635;0.0000;491.3110;282981984.0000
260.3954;224.1085;0.0000;491.3110;282981984.0000
261.2403;223.1085;10.1395;497.6909;282981984.0000
262.0853;222.1085;0.0000;491.4661;282982048.0000
262.0853;221.1085;10.1395;493.3111;282982048.0000
262.9303;220.1085;10.1395;496.4661;282982048.0000
262.9303;218.2635;0.0000;491.9312;282982048.0000
263.7752;217.2635;10.1395;495.3111;282982048.0000
263.7752;216.2635;0.0000;495.6212;282982080.0000
264.6202;215.4185;0.0000;491.7762;282982080.0000
264.6202;214.4185;10.1395;495.4661;282982080.0000
264.6202;213.4185;10.1395;495.2413;282982080.0000
264.6202;212.4185;0.0000;491.9312;282982080.0000
265.4651;211.5736;0.0000;498.3111;282982112.0000
265.4651;210.5736;0.0000;492.7064;282982112.0000
265.4651;210.5736;0.0000;486.3266;282982112.0000
266.3101;209.5736;0.0000;503.8459;282982112.0000
266.3101;208.5736;0.0000;498.6212;282982112.0000
266.3101;207.5736;0.0000;502.3808;282982112.0000
267.1551;206.7286;0.0000;503.3111;282982144.0000
267.1551;205.7286;0.0000;499.3111;282982144.0000
267.1551;203.8837;0.0000;503.6909;282982176.0000
267.1551;203.0387;0.0000;502.1560;282982176.0000
267.1551;202.0387;0.0000;501.1560;282982176.0000
267.1551;201.1937;0.0000;504.8459;282982208.0000
268.0000;200.1938;0.0000;501.6212;282982208.0000
267.8450;199.3488;0.0000;502.3110;282982208.0000
267.8450;198.3488;0.0000;505.1560;282982208.0000
267.8450;197.3488;0.0000;500.7762;282982208.0000
267.8450;196.5038;0.0000;503.4661;282982208.0000
267.8450;195.5038;0.0000;505.6212;282982240.0000
267.8450;194.5038;0.0000;500.7762;282982240.0000
267.0000;194.5038;0.0000;504.1560;282982240.0000
267.0000;193.5038;0.0000;504.7762;282982240.0000
266.8450;192.5038;0.0000;501.7762;282982240.0000
266.8450;191.6589;1.8605;504.4661;282982272.0000
266.8450;190.8139;0.0000;502.5514;282982272.0000
266.8450;188.9689;1.8605;502.7762;282982272.0000
266.0000;188.1240;0.0000;505.3808;282982272.0000
266.0000;187.1240;0.0000;502.5514;282982272.0000
266.0000;186.2790;0.0000;503.9312;282982272.0000
265.0000;185.4341;0.0000;506.9312;282982304.0000
265.0000;184.4341;0.0000;502.1716;282982304.0000
265.0000;183.5891;0.0000;505.9312;282982304.0000
264.8450;182.5891;0.0000;505.5514;282982304.0000
264.8450;181.7442;0.0000;502.5514;282982304.0000
264.8450;180.7441;0.0000;507.6212;282982336.0000
264.6899;179.8992;0.0000;504.8615;282982336.0000
264.6899;178.8992;0.0000;504.5514;282982336.0000
264.6899;178.0542;0.0000;507.2413;282982336.0000
264.6899;177.2093;0.0000;504.0165;282982336.0000
264.6899;176.2093;0.0000;505.5514;282982368.0000
264.5349;174.5194;0.0000;507.3964;282982368.0000
263.6899;173.6744;0.0000;503.0165;282982368.0000
263.6899;172.6744;0.0000;506.3964;282982368.0000
262.8450;171.8294;0.0000;506.0165;282982368.0000
262.6899;170.8294;0.0000;503.0165;282982400.0000
261.8450;169.9845;0.0000;508.0863;282982400.0000
261.8450;169.8294;0.0000;504.8615;282982432.0000
260.8450;168.9845;0.0000;503.3266;282982432.0000
260.8450;167.9845;0.0000;507.0010;282982432.0000
260.8450;167.1395;0.0000;504.4816;282982432.0000
260.0000;166.2946;0.0000;503.8615;282982464.0000
260.0000;165.2946;0.0000;508.0165;282982464.0000
259.8450;165.2946;0.0000;503.4816;282982464.0000
259.0000;164.2946;0.0000;506.7064;282982464.0000
258.8450;163.4496;10.1395;506.0165;282982464.0000
258.8450;163.4496;0.0000;503.0165;282982496.0000
258.8450;162.4496;0.0000;506.8615;282982496.0000
257.8450;161.6046;0.0000;505.1716;282982496.0000
257.8450;160.6046;0.0000;503.1716;282982496.0000
257.0000;159.7597;0.0000;508.3964;282982496.0000
256.8450;158.7597;0.0000;503.4816;282982496.0000
256.0000;157.9147;0.0000;503.1716;282982528.0000
256.0000;156.9147;0.0000;506.1716;282982528.0000
255.0000;156.0697;0.0000;501.9468;282982528.0000
255.0000;155.0698;0.0000;505.7065;282982560.0000
254.0000;154.2248;0.0000;505.3266;282982560.0000
254.0000;154.0698;0.0000;502.4816;282982592.0000
253.8450;153.2248;0.0000;505.3266;282982592.0000
253.0000;152.2248;0.0000;504.1018;282982592.0000
253.0000;152.2248;0.0000;502.4816;282982592.0000
253.0000;151.2248;0.0000;506.0165;282982592.0000
252.8450;151.2248;0.0000;501.1018;282982624.0000
252.0000;150.2248;0.0000;501.4817;282982624.0000
252.0000;150.2248;0.0000;506.0165;282982624.0000
251.8450;149.2248;0.0000;500.9468;282982624.0000
251.0000;149.2248;0.0000;503.4816;282982624.0000
251.0000;148.2248;0.0000;504.1018;282982624.0000
250.0000;147.3798;0.0000;499.4119;282982656.0000
249.1550;147.2248;0.0000;503.6367;282982656.0000
248.1550;146.3798;0.0000;502.4119;282982656.0000
247.3101;145.3798;0.0000;500.9468;282982656.0000
246.3101;145.3798;0.0000;503.7917;282982656.0000
246.3101;144.5349;0.0000;499.8770;282982688.0000
245.4651;144.3798;0.0000;501.1018;282982688.0000
245.4651;143.5349;0.0000;504.1018;282982688.0000
244.6202;143.3798;0.0000;499.0320;282982688.0000
243.6202;142.5349;0.0000;501.2568;282982688.0000
243.6202;142.3798;0.0000;504.1018;282982720.0000
242.6202;142.3798;0.0000;498.1871;282982720.0000
241.7752;141.5349;0.0000;502.4119;282982720.0000
240.9303;141.5349;0.0000;500.1871;282982720.0000
240.7752;140.5349;0.0000;499.0320;282982720.0000
239.9303;140.3799;0.0000;503.2568;282982720.0000
238.9302;139.5349;0.0000;498.4972;282982752.0000
237.2403;139.3798;0.0000;499.8770;282982752.0000
236.3954;138.5349;0.0000;504.4119;282982752.0000
235.3954;137.6899;0.0000;498.4972;282982752.0000
234.5504;136.6899;0.0000;501.5669;282982752.0000
232.7055;135.8450;0.0000;502.7220;282982784.0000
231.0155;134.8450;0.0000;497.6522;282982784.0000
230.0155;134.0000;0.0000;501.8770;282982784.0000
228.3256;133.0000;0.0000;500.4972;282982816.0000
227.3256;132.1550;0.0000;497.4972;282982816.0000
225.6357;132.1550;0.0000;502.1871;282982816.0000
224.6357;131.1550;0.0000;497.9623;282982848.0000
223.7907;131.1550;0.0000;498.1871;282982848.0000
222.7907;130.1550;0.0000;502.8770;282982848.0000
221.9458;130.1550;0.0000;497.9623;282982848.0000
220.9458;130.1550;0.0000;498.3421;282982848.0000
220.1008;130.0000;0.0000;502.0320;282982880.0000
219.2559;129.1550;0.0000;496.1173;282982880.0000
218.2559;129.1550;0.0000;501.7220;282982880.0000
217.4109;129.0000;0.0000;498.6522;282982880.0000
216.5659;128.1550;0.0000;496.6522;282982880.0000
215.5659;128.1550;0.0000;501.8770;282982912.0000
214.7210;127.1550;0.0000;498.6522;282982912.0000
213.7210;127.1550;0.0000;496.6522;282982912.0000
212.7210;127.0000;0.0000;502.0320;282982912.0000
211.8760;126.1550;0.0000;495.9623;282982912.0000
211.0311;126.1550;0.0000;497.4972;282982912.0000
210.0311;125.3101;0.0000;500.4972;282982944.0000
208.3412;125.1550;0.0000;496.2723;282982944.0000
207.3411;124.3101;0.0000;498.4972;282982944.0000
206.3411;124.1550;0.0000;498.4972;282982944.0000
204.6512;123.3101;0.0000;495.6522;282982944.0000
203.8063;123.3101;0.0000;498.4972;282982976.0000
201.9613;123.3101;0.0000;498.8073;282982976.0000
201.1164;122.3101;1.8605;495.9623;282982976.0000
199.2714;122.3101;0.0000;500.3421;282982976.0000
197.4264;121.4651;0.0000;496.2723;282982976.0000
195.7365;121.3101;0.0000;496.4972;282982976.0000
193.8915;120.4651;0.0000;500.1871;282983008.0000
192.2016;120.4651;0.0000;496.1173;282983008.0000
190.3567;119.4651;0.0000;500.0320;282983008.0000
188.6667;118.6202;1.8605;502.8770;282983008.0000
186.8218;118.6202;0.0000;498.4972;282983008.0000
185.1319;117.6202;1.8605;502.7220;282983040.0000
183.2869;117.6202;0.0000;503.8770;282983072.0000
182.4420;116.7752;0.0000;501.5669;282983072.0000
180.5970;116.7752;0.0000;505.2568;282983072.0000
178.9071;116.6202;0.0000;501.8770;282983072.0000
177.0621;115.7752;0.0000;504.4119;282983104.0000
176.0621;115.7752;0.0000;506.9468;282983104.0000
174.3722;115.7752;1.8605;503.0320;282983104.0000
173.3722;115.6202;0.0000;505.9468;282983104.0000
172.5272;114.7752;0.0000;507.7917;282983104.0000
170.6823;114.6202;0.0000;503.3422;282983104.0000
169.6823;114.6202;0.0000;507.6367;282983136.0000
168.8373;114.6202;0.0000;507.4119;282983136.0000
167.8373;114.6202;0.0000;505.2568;282983136.0000
166.8373;114.4651;0.0000;508.6367;282983136.0000
165.8373;114.4651;0.0000;505.4119;282983136.0000
164.8373;114.4651;0.0000;506.1716;282983168.0000
164.8373;114.4651;0.0000;509.4817;282983168.0000
163.8373;114.4651;0.0000;505.9468;282983168.0000
162.8373;115.3101;0.0000;507.0165;282983200.0000
162.6823;115.3101;0.0000;509.1716;282983200.0000
161.6823;115.3101;0.0000;504.1018;282983200.0000
161.5272;116.1550;0.0000;508.8615;282983232.0000
160.5272;116.0000;0.0000;508.3266;282983232.0000
159.6823;116.8450;0.0000;506.3266;282983232.0000
159.5272;116.8450;0.0000;511.0165;282983232.0000
158.5272;116.8450;0.0000;507.6367;282983232.0000
158.3722;117.6899;0.0000;507.4816;282983264.0000
157.3722;117.6899;0.0000;511.7064;282983264.0000
156.2172;118.5349;0.0000;507.4816;282983264.0000
156.0621;119.3798;0.0000;508.3964;282983264.0000
155.0621;119.3798;0.0000;511.0862;282983264.0000
154.9071;120.2248;0.0000;507.5514;282983296.0000
153.9071;121.0698;0.0000;510.7762;282983296.0000
153.7520;121.9147;0.0000;511.0862;282983296.0000
152.7520;122.6046;0.0000;509.7762;282983296.0000
152.5970;123.4496;0.0000;512.6212;282983296.0000
151.5970;124.2946;0.0000;509.7762;282983296.0000
150.5970;125.1395;0.0000;510.6212;282983328.0000
149.7520;125.9845;0.0000;512.8459;282983328.0000
149.5970;126.8294;0.0000;509.7762;282983328.0000
148.5970;127.6744;0.0000;510.1560;282983328.0000
147.5970;127.6744;0.0000;512.6909;282983328.0000
146.5970;128.5194;0.0000;509.7762;282983360.0000
145.5970;129.3643;0.0000;512.6909;282983360.0000
144.7520;130.3643;0.0000;512.6909;282983360.0000
143.7520;131.2093;0.0000;509.6909;282983360.0000
143.5970;132.8992;0.0000;513.3809;282983360.0000
142.7520;133.5891;0.0000;512.3808;282983392.0000
141.7520;134.4341;0.0000;510.6909;282983392.0000
140.9071;135.2790;0.0000;516.6056;282983392.0000
140.7520;136.1240;0.0000;511.8459;282983392.0000
139.7520;136.9689;0.0000;512.9157;282983392.0000
139.5970;136.9689;0.0000;516.6056;282983392.0000
138.7520;137.8139;0.0000;510.5359;282983424.0000
138.5970;138.6589;0.0000;515.4506;282983456.0000
137.5970;138.6589;0.0000;515.9157;282983456.0000
136.7520;139.5038;0.0000;512.2258;282983456.0000
136.5970;140.3488;0.0000;515.6056;282983456.0000
135.5970;141.1937;0.0000;515.7607;282983488.0000
134.5970;141.1937;0.0000;511.7607;282983488.0000
133.7520;142.0387;0.0000;517.1405;282983488.0000
132.7520;142.8837;0.0000;512.2258;282983488.0000
132.7520;143.7286;0.0000;514.2955;282983488.0000
131.7520;144.7286;0.0000;517.9855;282983488.0000
130.7520;145.5736;0.0000;512.2258;282983520.0000
130.7520;146.4185;0.0000;514.8304;282983520.0000
129.7520;147.2635;0.0000;517.6754;282983520.0000
128.9071;147.2635;0.0000;511.2955;282983520.0000
127.9071;148.1085;0.0000;516.3653;282983520.0000
127.7520;148.9534;0.0000;516.5203;282983552.0000
126.9071;149.7984;0.0000;514.8304;282983552.0000
125.9071;150.7984;0.0000;517.0552;282983552.0000
124.9071;150.7984;0.0000;514.5203;282983552.0000
124.0621;151.6433;0.0000;514.7451;282983584.0000
123.9071;152.4883;0.0000;518.9001;282983616.0000
123.0621;153.3333;0.0000;514.5203;282983616.0000
122.0621;155.0232;0.0000;516.4351;282983616.0000
121.0621;155.8681;0.0000;517.5901;282983616.0000
120.0621;156.8681;0.0000;514.2103;282983616.0000
119.9071;158.5581;0.0000;517.1250;282983616.0000
119.0621;159.5580;0.0000;517.5901;282983648.0000
118.0621;161.2480;0.0000;514.2800;282983648.0000
117.0621;162.0929;0.0000;517.6599;282983648.0000
116.0621;162.9379;0.0000;515.4351;282983648.0000
115.2172;163.7828;0.0000;515.8149;282983648.0000
114.2172;164.7829;0.0000;518.3498;282983680.0000
114.0621;165.6278;0.0000;515.9700;282983680.0000
113.0621;166.4728;0.0000;515.6599;282983680.0000
112.9071;167.3177;0.0000;518.3498;282983680.0000
111.9071;168.3177;0.0000;514.9699;282983680.0000
111.7520;170.0076;0.0000;518.0397;282983712.0000
110.7520;170.8526;0.0000;518.3498;282983712.0000
110.5970;171.8526;0.0000;515.3498;282983712.0000
109.5970;172.6976;0.0000;519.5746;282983712.0000
109.5970;173.5425;0.0000;518.3498;282983712.0000
108.5970;174.5425;0.0000;517.0397;282983712.0000
108.4420;175.3875;0.0000;521.2645;282983744.0000
107.5970;177.0774;0.0000;517.0397;282983744.0000
107.4420;177.9224;0.0000;517.7296;282983744.0000
106.4420;178.9224;0.0000;520.4195;282983744.0000
106.4420;179.7673;0.0000;517.1947;282983744.0000
105.4420;180.7673;0.0000;520.1094;282983776.0000
105.2869;180.7673;0.0000;520.4195;282983776.0000
105.1319;181.7673;0.0000;517.5746;282983776.0000
105.1319;183.4572;0.0000;520.6443;282983776.0000
104.9768;184.3022;0.0000;519.2645;282983776.0000
104.8218;185.3022;0.0000;517.7994;282983776.0000
104.8218;185.3022;0.0000;522.1792;282983808.0000
103.8218;187.1472;0.0000;517.1094;282983808.0000
103.6667;187.1472;0.0000;518.3342;282983840.0000
102.6668;188.1472;0.0000;521.1792;282983840.0000
102.6668;189.1472;0.0000;517.2645;282983840.0000
102.5117;189.9921;0.0000;519.8691;282983872.0000
101.5117;190.9921;0.0000;520.3342;282983872.0000
101.3567;191.1472;0.0000;517.4893;282983872.0000
101.2016;191.9921;0.0000;520.4040;282983872.0000
101.0466;192.1472;0.0000;520.8691;282983872.0000
100.8915;192.9921;0.0000;518.7141;282983904.0000
100.7365;193.1472;0.0000;523.6288;282983904.0000
101.5815;194.1472;0.0000;520.7141;282983904.0000
101.4264;194.1472;0.0000;521.7838;282983904.0000
101.4264;194.9921;0.0000;527.8536;282983904.0000
101.2714;195.9921;0.0000;524.6288;282983936.0000
100.2714;196.8371;0.0000;529.2335;282983936.0000
100.2714;196.9921;0.0000;532.0784;282983936.0000
100.1163;197.9921;0.0000;526.5435;282983936.0000
99.9613;198.8371;0.0000;531.4583;282983936.0000
99.9613;199.8371;0.0000;532.3885;282983936.0000
99.8063;200.6820;0.0000;531.3032;282983968.0000
99.8063;201.6820;0.0000;536.3729;282983968.0000
99.6512;201.8371;0.0000;536.5280;282983968.0000
99.6512;202.6820;0.0000;538.7528;282983968.0000
99.6512;203.5270;0.0000;545.6675;282983968.0000
100.3411;204.5270;0.0000;541.5977;282984000.0000
100.3411;205.3720;0.0000;544.1171;282984000.0000
100.1861;206.3719;0.0000;547.3574;282984000.0000
100.1861;207.2169;0.0000;538.9078;282984000.0000
100.8760;208.2169;0.0000;547.2024;282984000.0000
100.7210;209.2169;0.0000;543.9775;282984000.0000
100.7210;210.2169;0.0000;540.1326;282984032.0000
100.5659;211.0619;0.0000;545.8923;282984032.0000
100.5659;211.2169;0.0000;543.3574;282984032.0000
100.5659;212.2169;0.0000;544.5822;282984032.0000
100.4109;213.0619;0.0000;551.8070;282984032.0000
101.2559;214.0619;0.0000;549.2721;282984064.0000
101.2559;214.9068;0.0000;552.1868;282984096.0000
101.1008;215.9068;0.0000;555.1868;282984096.0000
101.1008;216.7518;0.0000;551.8070;282984096.0000
100.9458;217.7518;0.0000;556.7217;282984096.0000
100.7907;218.7518;0.0000;556.7217;282984096.0000
100.7907;219.5968;0.0000;553.8768;282984128.0000
100.7907;220.5968;0.0000;558.4116;282984128.0000
101.4807;221.5968;0.0000;556.0318;282984128.0000
101.4807;223.2867;0.0000;555.5667;282984128.0000
101.4807;224.2867;0.0000;559.9465;282984128.0000
101.4807;225.1316;0.0000;555.8768;282984160.0000
102.1706;226.1316;0.0000;556.1016;282984160.0000
102.1706;226.9766;0.0000;559.9465;282984160.0000
102.0155;227.9766;0.0000;556.7217;282984160.0000
101.8605;228.9766;0.0000;559.6365;282984160.0000
101.8605;229.8216;0.0000;562.1016;282984192.0000
101.7055;230.8215;0.0000;558.4814;282984192.0000
101.5504;231.8215;0.0000;563.0162;282984192.0000
101.5504;232.6665;0.0000;561.7915;282984224.0000
101.3954;233.6665;0.0000;561.1713;282984224.0000
101.3954;234.6665;0.0000;565.7062;282984224.0000
102.2403;235.5115;0.0000;562.6364;282984256.0000
102.9303;236.5115;0.0000;562.8612;282984256.0000
103.6202;237.5115;0.0000;566.9310;282984256.0000
104.4651;238.5115;0.0000;563.1713;282984256.0000
105.1550;240.2014;0.0000;567.2411;282984256.0000
106.0000;241.2014;0.0000;566.9310;282984288.0000
106.6899;242.2014;0.0000;564.8612;282984288.0000
107.5349;243.0463;0.0000;567.0861;282984288.0000
107.3798;244.0464;0.0000;568.7062;282984288.0000
108.2248;245.0464;0.0000;567.7759;282984288.0000
108.9147;245.2014;0.0000;574.5356;282984320.0000
108.7597;246.0464;0.0000;572.3108;282984320.0000
109.6046;247.0463;0.0000;575.3806;282984320.0000
109.6046;248.0464;0.0000;579.7604;282984320.0000
109.6046;249.0464;0.0000;575.3806;282984320.0000
109.4496;250.0464;0.0000;579.4503;282984320.0000
109.4496;250.2014;0.0000;581.2953;282984352.0000
110.1395;251.8913;0.0000;577.0705;282984352.0000
110.8294;252.8913;0.0000;583.1403;282984352.0000
111.6744;253.8913;0.0000;583.4503;282984352.0000
111.6744;254.8913;0.0000;580.6053;282984352.0000
112.5193;255.0463;0.0000;585.5201;282984384.0000
113.2093;255.8913;0.0000;580.6053;282984384.0000
113.2093;256.0464;0.0000;582.6751;282984384.0000
113.8992;257.0464;0.0000;587.0549;282984384.0000
113.8992;257.2014;0.0000;581.2953;282984384.0000
114.7441;258.2014;0.0000;585.5201;282984384.0000
114.7441;258.2014;0.0000;587.2100;282984416.0000
114.7441;259.2014;0.0000;581.2953;282984416.0000
115.5891;259.3564;0.0000;585.0550;282984416.0000
115.5891;260.2014;0.0000;585.5201;282984416.0000
116.4341;260.3564;0.0000;582.5201;282984416.0000
116.2790;261.3564;0.0000;587.1248;282984448.0000
116.2790;262.2014;0.0000;585.0550;282984448.0000
117.1240;262.3564;0.0000;584.7449;282984480.0000
117.9689;263.3564;0.0000;587.5898;282984480.0000
117.9689;264.3564;0.0000;585.2100;282984480.0000
118.8139;264.3564;0.0000;585.4348;282984512.0000
118.6589;265.3564;0.0000;588.4348;282984512.0000
119.5038;265.5115;0.0000;585.0550;282984512.0000
119.5038;266.5115;0.0000;587.4348;282984512.0000
119.5038;266.6665;0.0000;586.3495;282984512.0000
120.3488;266.8216;0.0000;584.7449;282984512.0000
120.3488;267.8215;0.0000;588.1248;282984544.0000
120.3488;267.9766;0.0000;585.7449;282984544.0000
121.1937;268.9766;0.0000;585.2798;282984544.0000
121.1937;269.1317;0.0000;589.6596;282984544.0000
122.0387;270.1316;0.0000;585.7449;282984544.0000
122.0387;271.1316;0.0000;586.2798;282984576.0000
122.8837;271.2867;0.0000;589.1248;282984576.0000
122.7286;272.2867;1.8605;584.8999;282984576.0000
123.5736;272.4417;0.0000;588.8146;282984576.0000
123.5736;273.4417;1.8605;588.2798;282984608.0000
124.4185;273.5968;0.0000;585.4348;282984640.0000
124.4185;274.5967;0.0000;589.3495;282984640.0000
124.4185;274.7518;0.0000;587.2798;282984640.0000
125.2635;275.7518;1.8605;586.9697;282984640.0000
125.2635;275.9068;0.0000;591.3495;282984640.0000
125.2635;276.9069;1.8605;586.2798;282984640.0000
126.1085;277.0619;0.0000;587.0394;282984672.0000
126.1085;278.0619;0.0000;590.1945;282984672.0000
126.9534;278.2169;0.0000;585.9697;282984672.0000
126.9534;279.2169;0.0000;589.3495;282984672.0000
127.7984;280.2169;1.8605;589.5046;282984672.0000
127.7984;280.3719;0.0000;586.5046;282984704.0000
128.6433;281.3720;0.0000;589.3495;282984704.0000
128.6433;281.5270;0.0000;588.6596;282984704.0000
129.4883;282.5270;0.0000;585.3495;282984704.0000
129.6433;282.6820;0.0000;590.5046;282984704.0000
130.4883;283.6820;0.0000;585.9697;282984704.0000
130.4883;283.6820;0.0000;587.1945;282984736.0000
131.3333;284.6820;0.0000;591.8844;282984736.0000
131.3333;284.8371;0.0000;585.9697;282984736.0000
132.1782;284.9921;0.0000;589.0394;282984736.0000
132.1782;285.9921;0.0000;590.1945;282984736.0000
133.1782;286.9921;0.0000;585.9697;282984768.0000
134.0232;287.9921;0.0000;590.1945;282984768.0000
134.8681;288.1472;0.0000;589.6596;282984768.0000
135.7131;289.1472;0.0000;586.1945;282984768.0000
135.7131;290.1472;0.0000;591.8844;282984768.0000
136.5580;291.1472;0.0000;587.9697;282984800.0000
137.5581;291.3022;0.0000;588.5046;282984800.0000
138.4030;292.3022;0.0000;592.1945;282984800.0000
138.5580;293.3022;0.0000;587.1248;282984800.0000
139.4030;293.4572;0.0000;590.3495;282984800.0000
140.2480;294.4572;0.0000;592.1945;282984800.0000
141.0929;294.6123;0.0000;587.9697;282984832.0000
141.9379;295.7673;0.0000;592.3495;282984832.0000
142.7829;295.9224;0.0000;592.6596;282984832.0000
143.6278;296.2324;0.0000;589.9697;282984864.0000
144.4728;297.2325;0.0000;593.5046;282984864.0000
144.6278;297.5425;0.0000;590.5898;282984896.0000
145.4728;298.5425;0.0000;591.4348;282984896.0000
146.3177;298.8526;0.0000;594.8146;282984896.0000
147.1627;299.8526;0.0000;591.0550;282984896.0000
148.0076;300.0076;0.0000;593.2798;282984896.0000
149.8526;300.1627;0.0000;594.8146;282984896.0000
150.6976;301.1627;0.0000;590.7449;282984928.0000
151.5425;301.3177;0.0000;595.8147;282984928.0000
152.5425;301.4728;0.0000;594.4348;282984928.0000
153.3875;302.6278;0.0000;592.5898;282984928.0000
154.3875;302.7829;0.0000;596.1248;282984928.0000
155.2325;302.9379;0.0000;593.9000;282984960.0000
156.0774;303.0930;0.0000;593.5898;282984960.0000
156.9224;304.0929;0.0000;598.2798;282984960.0000
157.9224;304.2480;0.0000;593.2100;282984960.0000
158.7673;304.4030;0.0000;594.7449;282984960.0000
159.6123;304.5580;0.0000;597.5898;282984992.0000
160.6123;305.5581;0.0000;593.2100;282984992.0000
161.4572;305.7131;0.0000;596.1248;282984992.0000
162.4572;305.8681;0.0000;597.0550;282984992.0000
163.4572;306.7131;0.0000;593.2100;282984992.0000
164.3022;306.8681;0.0000;596.7449;282984992.0000
165.3022;307.0232;0.0000;595.3651;282985024.0000
166.1472;307.0232;10.1395;594.2100;282985024.0000
166.9921;307.1782;0.0000;599.2798;282985024.0000
167.9921;308.1782;0.0000;593.8302;282985024.0000
168.8371;308.1782;10.1395;595.0549;282985024.0000
169.6820;308.3333;0.0000;598.8999;282985056.0000
171.5270;308.3333;0.0000;592.9852;282985056.0000
172.3719;309.1782;0.0000;596.5898;282985056.0000
174.2169;309.3333;0.0000;597.0550;282985056.0000
175.9068;310.1782;0.0000;593.6752;282985056.0000
176.7518;310.3333;0.0000;596.7449;282985088.0000
178.5968;311.3333;0.0000;597.2100;282985088.0000
179.4417;311.3333;0.0000;594.3651;282985120.0000
180.4417;311.3333;0.0000;599.2798;282985120.0000
181.2867;312.3333;0.0000;594.9852;282985120.0000
182.9766;312.3333;0.0000;595.2100;282985120.0000
183.9766;312.4883;0.0000;598.7449;282985152.0000
184.8215;312.4883;0.0000;591.7449;282985152.0000
185.8215;313.4883;0.0000;597.0550;282985152.0000
186.8216;313.4883;0.0000;598.8999;282985152.0000
188.5115;313.6433;0.0000;593.1403;282985152.0000
189.3564;313.6433;0.0000;597.2100;282985184.0000
190.2014;313.7984;0.0000;597.3651;282985184.0000
192.0463;313.7984;0.0000;594.8302;282985184.0000
193.0463;313.9534;0.0000;598.8999;282985184.0000
193.8913;314.9534;0.0000;594.9852;282985184.0000
195.7363;314.1085;0.0000;596.3651;282985216.0000
196.5812;314.2635;0.0000;599.2100;282985216.0000
197.4262;314.2635;0.0000;594.9852;282985216.0000
198.4262;314.4185;0.0000;597.0550;282985216.0000
200.1161;314.4185;0.0000;598.8999;282985248.0000
201.1161;314.4185;0.0000;594.9852;282985248.0000
201.9611;314.4185;0.0000;599.0550;282985280.0000
202.8060;314.5736;0.0000;597.5201;282985280.0000
203.8060;314.5736;0.0000;594.8302;282985280.0000
204.6510;314.7286;0.0000;600.2100;282985280.0000
206.4959;314.7286;0.0000;595.2953;282985280.0000
207.3409;314.0387;0.0000;595.1248;282985280.0000
208.1859;314.0387;10.1395;600.2100;282985312.0000
210.0308;314.1938;0.0000;595.1403;282985312.0000
210.8758;314.1938;0.0000;597.5201;282985312.0000
211.8758;314.1938;0.0000;599.3651;282985312.0000
213.5657;314.3488;0.0000;595.2953;282985312.0000
214.4107;314.3488;0.0000;598.3651;282985344.0000
215.4107;314.5038;0.0000;598.5201;282985344.0000
217.1006;313.6589;0.0000;594.9852;282985344.0000
217.9455;313.6589;0.0000;599.2100;282985344.0000
218.9455;312.9689;0.0000;595.4503;282985344.0000
220.6355;312.9689;10.1395;594.9852;282985376.0000
221.6355;312.9689;0.0000;600.5201;282985376.0000
222.4804;312.2791;10.1395;595.4503;282985376.0000
223.4804;312.2791;0.0000;595.8302;282985376.0000
225.1703;312.4341;0.0000;599.6752;282985376.0000
226.1703;311.5891;0.0000;594.2953;282985376.0000
227.8602;311.5891;0.0000;598.5201;282985408.0000
228.7052;311.7441;0.0000;597.9852;282985408.0000
230.5502;311.7441;0.0000;594.1403;282985408.0000
231.3951;310.8992;0.0000;598.5201;282985408.0000
233.2401;311.0542;0.0000;597.2953;282985408.0000
234.9300;311.0542;0.0000;594.9852;282985440.0000
235.9300;311.2093;0.0000;600.3651;282985440.0000
237.7750;310.3643;0.0000;594.7604;282985440.0000
239.4649;310.3643;0.0000;594.6752;282985440.0000
241.3098;309.6744;0.0000;599.9852;282985440.0000
242.3098;309.6744;0.0000;593.7604;282985472.0000
243.9998;308.9845;0.0000;597.8302;282985472.0000
244.9998;308.9845;0.0000;597.9852;282985504.0000
245.9998;308.2946;0.0000;594.6053;282985504.0000
247.6897;308.2946;0.0000;598.8302;282985504.0000
248.6897;307.4496;0.0000;597.2953;282985504.0000
249.6897;307.6046;0.0000;594.9852;282985536.0000
250.5346;306.7597;0.0000;599.8302;282985536.0000
251.5346;306.9147;0.0000;595.7604;282985536.0000
252.5346;306.0698;0.0000;595.1403;282985536.0000
253.3796;305.2248;0.0000;599.8302;282985536.0000
254.3796;305.3798;0.0000;594.2255;282985568.0000
255.3796;304.5349;0.0000;597.6752;282985568.0000
256.3796;303.8450;0.0000;599.1403;282985568.0000
257.2246;303.0000;0.0000;594.2255;282985568.0000
258.2245;303.1551;0.0000;597.9852;282985568.0000
258.3796;302.3101;0.0000;597.6053;282985600.0000
259.2245;301.4651;0.0000;595.7604;282985600.0000
260.2245;300.7752;0.0000;599.1403;282985600.0000
262.0695;299.9302;0.0000;596.0705;282985600.0000
263.0695;300.0853;0.0000;597.1403;282985600.0000
264.0695;299.2403;0.0000;600.1403;282985600.0000
265.9145;298.5504;0.0000;595.3806;282985632.0000
266.9145;297.7054;0.0000;597.6053;282985632.0000
267.7595;296.8605;0.0000;599.4503;282985632.0000
268.7594;297.0155;0.0000;593.8457;282985632.0000
270.6044;296.1706;0.0000;598.6054;282985632.0000
271.6044;295.3256;0.0000;599.5356;282985664.0000
272.4494;294.6357;0.0000;596.2256;282985664.0000
273.4494;293.7907;0.0000;599.6053;282985664.0000
274.4493;293.1008;0.0000;596.5356;282985664.0000
275.4494;292.2559;0.0000;597.7604;282985664.0000
277.2943;291.4109;0.0000;601.4503;282985664.0000
278.2943;290.5659;0.0000;598.0705;282985696.0000
279.1393;289.8760;0.0000;600.9852;282985696.0000
280.1393;288.1861;0.0000;604.1403;282985696.0000
281.1393;287.3412;0.0000;599.0705;282985696.0000
282.1393;286.6512;0.0000;603.1403;282985696.0000
283.1393;284.9613;0.0000;603.2255;282985728.0000
284.1393;284.2714;0.0000;599.9155;282985760.0000
285.1393;283.4265;0.0000;604.1403;282985760.0000
286.1393;281.8915;0.0000;601.2256;282985760.0000
286.1393;281.0466;0.0000;603.1403;282985760.0000
287.1393;279.5117;0.0000;611.8999;282985792.0000
288.1393;278.6667;0.0000;608.8302;282985792.0000
288.2943;276.9768;0.0000;613.5898;282985792.0000
288.6044;275.4420;10.1395;618.9697;282985792.0000
289.6044;273.7520;1.8605;618.1248;282985792.0000
289.7595;272.9071;0.0000;624.8844;282985792.0000
289.9145;271.2172;0.0000;626.0394;282985824.0000
290.9145;269.6823;1.8605;624.3495;282985824.0000
291.0695;268.8373;0.0000;628.5743;282985824.0000
291.2245;267.1474;0.0000;626.1945;282985824.0000
292.3796;266.4575;0.0000;624.6440;282985824.0000
292.5346;264.7676;0.0000;631.1092;282985856.0000
293.6897;263.9226;0.0000;626.3495;282985856.0000
293.8447;263.2327;0.0000;627.7294;282985856.0000
294.8447;262.3877;0.0000;630.5743;282985888.0000
295.1548;260.6978;0.0000;625.6596;282985888.0000
296.1548;259.8528;0.0000;630.1092;282985920.0000
296.4649;259.1629;0.0000;629.1945;282985920.0000
297.4649;258.3180;1.8605;626.6596;282985920.0000
297.7750;256.6281;0.0000;631.5743;282985920.0000
298.7750;255.7831;0.0000;629.5046;282985920.0000
299.7750;254.9381;1.8605;628.8844;282985920.0000
300.9300;254.0932;0.0000;634.2643;282985952.0000
301.0851;253.2482;0.0000;632.0394;282985952.0000
302.2401;252.4033;0.0000;634.7991;282985952.0000
303.2401;251.5583;0.0000;642.1790;282985952.0000
303.5502;250.7133;0.0000;640.4890;282985952.0000
304.5502;249.0234;0.0000;647.6285;282985984.0000
304.8603;248.1785;0.0000;650.6285;282985984.0000
305.0153;247.3335;1.8605;648.9386;282985984.0000
305.1703;246.4885;0.0000;653.0084;282985984.0000
305.4804;246.4885;0.0000;653.4735;282985984.0000
305.6354;245.6436;1.8605;650.6285;282985984.0000
305.7905;244.7986;10.1395;656.5433;282986016.0000
306.1006;243.9537;0.0000;653.3185;282986016.0000
306.2556;243.1087;10.1395;654.8534;282986016.0000
306.4106;242.1087;0.0000;658.6983;282986016.0000
306.7207;241.2638;0.0000;652.9387;282986016.0000
306.8758;240.4188;0.0000;655.6983;282986048.0000
307.0308;240.4188;10.1395;658.8533;282986048.0000
308.1859;239.5738;0.0000;654.9386;282986048.0000
308.4959;238.5738;10.1395;658.6983;282986048.0000
308.6510;237.7289;1.8605;657.3185;282986048.0000
309.8060;236.8839;0.0000;653.6285;282986080.0000
309.9611;236.8839;0.0000;659.8533;282986080.0000
310.9611;236.0390;10.1395;655.9387;282986080.0000
311.1161;235.0390;0.0000;656.3185;282986080.0000
311.4262;234.1940;0.0000;660.8534;282986080.0000
312.5812;232.5041;0.0000;656.0937;282986080.0000
312.7363;231.6591;0.0000;659.4735;282986112.0000
312.8913;230.8141;0.0000;652.0239;282986144.0000
313.0464;229.9692;0.0000;660.4735;282986144.0000
313.2014;228.1242;0.0000;664.5433;282986144.0000
313.5115;227.2793;0.0000;667.3882;282986144.0000
314.5115;226.2793;0.0000;663.8533;282986176.0000
314.8215;225.4343;0.0000;668.6130;282986176.0000
314.9766;223.7444;0.0000;665.1635;282986176.0000
315.1316;222.8994;0.0000;666.5433;282986176.0000
315.2867;222.0545;0.0000;672.6130;282986176.0000
315.4417;220.3646;0.0000;668.1635;282986176.0000
315.5967;219.3646;0.0000;668.2332;282986208.0000
315.7518;218.3646;1.8605;672.7681;282986208.0000
316.0619;216.6746;0.0000;668.3185;282986208.0000
316.3719;215.6746;1.8605;672.3882;282986208.0000
316.6820;213.8297;0.0000;672.0084;282986208.0000
316.8371;212.9847;0.0000;668.4735;282986240.0000
317.1472;211.1398;0.0000;673.3882;282986240.0000
318.1472;209.2948;0.0000;671.6285;282986240.0000
318.4572;208.4498;0.0000;670.3185;282986272.0000
318.6123;206.6049;0.0000;677.5433;282986272.0000
318.9224;205.7599;0.0000;670.0936;282986304.0000
318.2325;203.9150;0.0000;672.4735;282986304.0000
318.5425;202.9150;0.0000;678.1635;282986304.0000
318.6976;201.0700;0.0000;670.5588;282986304.0000
319.0076;200.0700;0.0000;673.9231;282986304.0000
319.3177;198.2250;0.0000;674.9386;282986304.0000
319.6278;197.2251;0.0000;671.5588;282986336.0000
319.7828;196.2251;0.0000;676.4735;282986336.0000
319.2480;195.3801;0.0000;674.4038;282986336.0000
319.4030;193.5351;0.0000;673.0937;282986336.0000
319.7131;192.3801;0.0000;678.1635;282986336.0000
319.8682;191.3801;0.0000;672.7139;282986368.0000
320.1782;190.3801;0.0000;672.4037;282986368.0000
320.3333;189.3801;0.0000;678.6285;282986368.0000
320.4883;188.2251;0.0000;672.0239;282986368.0000
320.6433;187.2250;0.0000;674.9386;282986368.0000
320.7984;185.3801;10.1395;676.4037;282986368.0000
320.1085;184.3801;0.0000;672.0239;282986400.0000
320.2635;183.3801;10.1395;675.0936;282986400.0000
320.4185;182.3801;0.0000;676.4037;282986400.0000
319.7286;181.3801;0.0000;671.7139;282986400.0000
319.8837;180.3801;0.0000;675.5588;282986400.0000
320.0387;179.3801;0.0000;673.4890;282986432.0000
319.1938;178.3801;0.0000;672.7139;282986432.0000
319.3488;176.5351;0.0000;677.7139;282986432.0000
319.5038;175.6902;0.0000;672.3340;282986432.0000
318.6589;174.6902;0.0000;675.7138;282986432.0000
318.8139;173.6902;0.0000;678.1635;282986464.0000
318.1240;172.6902;0.0000;673.4890;282986464.0000
318.1240;171.6902;0.0000;679.0937;282986464.0000
317.4341;170.6902;0.0000;676.1790;282986464.0000
317.4341;169.8452;0.0000;676.8689;282986464.0000
316.7441;168.8452;1.8605;680.2487;282986496.0000
316.0543;167.8452;0.0000;677.7139;282986496.0000
316.2093;166.8452;0.0000;680.4037;282986496.0000
315.3643;165.0002;0.0000;685.7836;282986528.0000
314.6744;164.0002;0.0000;680.7138;282986528.0000
314.8294;163.0002;1.8605;682.5433;282986528.0000
314.1395;162.0002;0.0000;688.4735;282986560.0000
313.2946;161.8452;0.0000;682.5588;282986560.0000
312.6046;160.6902;0.0000;688.3185;282986560.0000
311.7597;159.6902;0.0000;689.6286;282986560.0000
311.9147;158.8452;0.0000;685.0937;282986560.0000
311.0698;156.8452;0.0000;689.4735;282986592.0000
310.3799;155.8452;0.0000;684.8689;282986592.0000
309.6899;154.8452;0.0000;687.0937;282986592.0000
308.8450;154.0002;1.8605;694.6984;282986592.0000
308.1551;152.1553;0.0000;687.5588;282986592.0000
307.3101;151.1553;0.0000;687.9387;282986592.0000
306.4651;150.1553;0.0000;690.0937;282986624.0000
304.9302;149.3103;0.0000;686.4037;282986624.0000
304.0853;147.4654;0.0000;690.0937;282986624.0000
303.3954;146.4654;0.0000;687.8689;282986624.0000
302.5504;145.4654;0.0000;686.7138;282986624.0000
301.8605;144.4654;0.0000;690.4038;282986656.0000
301.0155;142.6204;0.0000;689.8689;282986656.0000
300.1706;141.7755;0.0000;684.3340;282986656.0000
299.3256;140.7755;0.0000;690.9386;282986656.0000
298.6357;139.7755;0.0000;685.7991;282986656.0000
297.7907;138.7755;0.0000;687.8689;282986656.0000
297.1008;137.7755;0.0000;688.0239;282986688.0000
297.1008;136.7755;0.0000;684.9542;282986688.0000
296.2559;135.9305;0.0000;689.5588;282986688.0000
295.5659;134.0855;0.0000;689.1790;282986688.0000
294.7210;133.0855;0.0000;684.7991;282986688.0000
294.0311;131.2406;0.0000;689.7139;282986720.0000
293.1861;130.2406;0.0000;687.6440;282986720.0000
292.3412;128.5507;0.0000;686.6441;282986720.0000
291.4962;127.5507;0.0000;689.8689;282986720.0000
290.8063;125.5507;0.0000;686.4193;282986720.0000
289.9613;124.5507;0.0000;686.3340;282986752.0000
290.1163;123.7057;0.0000;691.4891;282986784.0000
289.2714;121.8607;0.0000;684.5743;282986784.0000
288.4264;120.8607;0.0000;688.3340;282986784.0000
287.7365;119.0158;0.0000;689.6441;282986784.0000
286.8915;118.0158;0.0000;685.1092;282986784.0000
286.0466;117.0158;0.0000;688.3340;282986816.0000
285.3567;116.0158;0.0000;687.1093;282986816.0000
285.3567;115.0158;0.0000;684.2642;282986816.0000
284.6667;114.0158;0.0000;688.6440;282986816.0000
283.8218;112.1708;0.0000;685.4193;282986816.0000
282.9768;111.1708;0.0000;686.7991;282986848.0000
282.2869;110.0158;0.0000;689.7991;282986848.0000
281.4420;108.1708;1.8605;683.8844;282986848.0000
280.7520;107.1708;0.0000;688.7991;282986848.0000
279.9071;106.1708;1.8605;688.9542;282986848.0000
279.0621;105.1708;0.0000;684.0394;282986880.0000
277.5272;104.0158;0.0000;688.7991;282986880.0000
276.6823;103.0158;0.0000;687.7294;282986880.0000
275.9924;102.8607;1.8605;684.8844;282986880.0000
274.3024;101.7057;0.0000;689.4193;282986912.0000
273.4575;100.7057;1.8605;686.0394;282986912.0000
271.9226;99.7057;0.0000;686.1093;282986944.0000
270.2327;98.7057;0.0000;690.8844;282986944.0000
269.3877;97.7057;0.0000;686.2643;282986944.0000
267.6978;96.7057;0.0000;687.4193;282986944.0000
266.8528;95.7057;0.0000;689.7294;282986944.0000
265.3180;94.5507;0.0000;686.1945;282986976.0000
264.4730;94.3956;0.0000;687.0394;282986976.0000
262.7831;93.3956;0.0000;690.8844;282986976.0000
261.9381;92.3956;0.0000;687.0394;282986976.0000
261.0932;92.0855;0.0000;690.8844;282986976.0000
259.4033;91.9305;0.0000;686.9697;282987008.0000
258.7133;90.9305;0.0000;687.5046;282987008.0000
257.8684;90.7755;0.0000;691.8844;282987008.0000
256.1785;90.4654;0.0000;687.1248;282987008.0000
255.3335;89.4654;0.0000;688.3495;282987008.0000
253.6436;89.3103;10.1395;693.3495;282987008.0000
252.7986;88.3103;0.0000;687.4348;282987040.0000
251.1087;87.3103;0.0000;690.5046;282987040.0000
249.4188;86.3103;0.0000;691.1248;282987040.0000
248.5738;86.0002;0.0000;687.8147;282987040.0000
247.7289;85.0002;0.0000;685.7449;282987040.0000
246.0390;83.8452;0.0000;696.3495;282987072.0000
244.5041;83.6902;0.0000;683.9000;282987072.0000
243.6591;82.5351;0.0000;700.2642;282987072.0000
241.9692;82.3801;0.0000;693.8147;282987072.0000
241.1242;82.2250;0.0000;694.5045;282987072.0000
239.4343;81.2250;0.0000;700.7294;282987072.0000
238.5894;80.9150;0.0000;696.5046;282987104.0000
236.8994;79.9150;0.0000;696.3495;282987104.0000
235.0545;78.9150;0.0000;698.5046;282987104.0000
234.2095;78.7599;0.0000;698.8845;282987104.0000
232.6746;77.6049;0.0000;700.5743;282987104.0000
230.9847;77.4498;0.0000;699.3495;282987136.0000
230.1398;76.2948;0.0000;696.3495;282987136.0000
228.4498;76.1398;0.0000;702.4193;282987168.0000
226.6049;75.1398;0.0000;698.5046;282987168.0000
224.9150;74.9847;0.0000;698.8845;282987168.0000
224.0700;73.8297;0.0000;702.7294;282987200.0000
222.3801;73.6746;1.8605;695.2798;282987200.0000
221.5351;73.5196;0.0000;701.0394;282987200.0000
219.8452;73.2095;1.8605;701.1945;282987200.0000
218.8452;72.2095;0.0000;698.9697;282987200.0000
217.1553;72.0545;0.0000;701.8844;282987200.0000
216.3103;71.8994;0.0000;699.6597;282987232.0000
214.6204;71.5894;0.0000;699.3495;282987232.0000
213.7755;71.4343;0.0000;703.5743;282987232.0000
212.0855;71.1242;0.0000;698.9697;282987232.0000
210.3956;70.9692;0.0000;698.5046;282987232.0000
209.3956;69.8141;0.0000;703.8844;282987264.0000
207.7057;69.6591;0.0000;697.2798;282987264.0000
206.8607;69.5041;0.0000;701.8844;282987264.0000
205.0158;69.1940;0.0000;703.1945;282987264.0000
204.1708;68.0389;0.0000;697.2798;282987296.0000
202.3259;67.8839;0.0000;702.0394;282987296.0000
201.4809;67.5738;0.0000;701.5046;282987328.0000
199.7910;67.4188;0.0000;699.6597;282987328.0000
198.7910;67.2637;0.0000;703.1945;282987328.0000
197.1011;66.9537;0.0000;699.4348;282987328.0000
196.1011;66.7986;0.0000;699.8147;282987328.0000
195.2561;66.4885;0.0000;703.3495;282987360.0000
194.4111;66.3335;0.0000;697.7449;282987360.0000
193.4111;66.0234;0.0000;701.5046;282987360.0000
192.5662;65.8684;0.0000;703.6596;282987360.0000
191.5662;65.7133;0.0000;697.5898;282987360.0000
190.5662;66.2482;0.0000;702.6596;282987392.0000
189.7212;66.0932;0.0000;703.6596;282987392.0000
188.7212;65.7831;0.0000;697.5898;282987392.0000
188.5662;66.4730;0.0000;703.5046;282987392.0000
187.7212;66.3180;0.0000;698.2100;282987392.0000
186.7212;66.0079;0.0000;699.2798;282987392.0000
185.7212;65.8528;0.0000;703.6596;282987424.0000
185.5662;66.5428;0.0000;697.5898;282987424.0000
184.7212;66.3877;1.8605;700.6596;282987424.0000
184.5662;67.0776;0.0000;702.9697;282987424.0000
183.7212;66.7676;0.0000;697.8999;282987424.0000
182.7212;66.6125;0.0000;701.8146;282987456.0000
181.8763;66.4575;0.0000;701.1247;282987456.0000
180.8763;67.1474;0.0000;696.8999;282987456.0000
179.8763;66.9924;0.0000;701.8146;282987456.0000
179.0313;66.8373;0.0000;698.2100;282987456.0000
178.0313;67.5272;0.0000;699.4348;282987456.0000
177.0313;67.3722;0.0000;703.6596;282987488.0000
176.8763;67.2172;0.0000;697.7449;282987488.0000
176.0313;67.9071;0.0000;697.7449;282987488.0000
175.0313;67.5970;0.0000;704.4348;282987488.0000
174.0313;68.4420;0.0000;697.2100;282987488.0000
173.8763;68.2869;0.0000;701.4348;282987520.0000
172.8763;68.1319;0.0000;701.5898;282987520.0000
172.0313;68.8218;0.0000;695.3651;282987552.0000
171.0313;68.8218;0.0000;701.2798;282987552.0000
170.0313;69.5117;0.0000;700.0550;282987552.0000
168.3414;69.3567;0.0000;696.0549;282987584.0000
167.3414;69.2016;0.0000;703.9697;282987584.0000
165.4964;69.0466;0.0000;695.6752;282987584.0000
164.4964;69.7365;0.0000;697.7449;282987584.0000
162.8065;69.5815;0.0000;704.8147;282987584.0000
160.9615;70.2714;0.0000;695.6752;282987584.0000
160.1166;70.1163;0.0000;696.2100;282987616.0000
158.2716;70.8063;0.0000;688.9155;282987616.0000
157.2716;70.8063;0.0000;695.6752;282987616.0000
156.4267;70.6512;0.0000;691.1403;282987616.0000
156.2716;71.3411;0.0000;691.4504;282987616.0000
155.4267;71.1861;0.0000;686.5201;282987648.0000
154.4267;72.0311;0.0000;693.8302;282987648.0000
153.4267;72.7210;0.0000;686.3806;282987648.0000
152.5817;72.7210;0.0000;688.4503;282987648.0000
151.5817;72.5659;0.0000;690.4504;282987648.0000
150.5817;73.2559;0.0000;686.3806;282987648.0000
149.7368;73.1008;0.0000;691.5898;282987680.0000
147.8918;73.7907;0.0000;692.7604;282987680.0000
147.0468;73.7907;0.0000;688.0705;282987680.0000
146.0468;74.4807;0.0000;690.7604;282987680.0000
144.3569;74.3256;1.8605;690.6054;282987680.0000
143.3569;75.1706;0.0000;687.6053;282987712.0000
141.5119;75.8605;0.0000;692.6751;282987712.0000
140.5120;75.8605;0.0000;685.1403;282987712.0000
139.6670;76.5504;0.0000;689.7604;282987712.0000
137.8220;77.2403;0.0000;692.5201;282987712.0000
136.8220;77.9303;1.8605;686.3806;282987744.0000
135.9771;78.7752;0.0000;688.4503;282987744.0000
134.9771;78.6202;0.0000;691.4504;282987744.0000
133.9771;79.3101;0.0000;687.0705;282987744.0000
132.9771;80.0000;0.0000;691.6751;282987744.0000
131.9771;80.8450;0.0000;690.4504;282987776.0000
130.1321;81.5349;1.8605;689.6054;282987776.0000
129.2872;82.2248;0.0000;691.5201;282987808.0000
128.2872;83.0698;1.8605;688.4503;282987808.0000
127.2872;83.7597;0.0000;687.6053;282987808.0000
126.2872;84.4496;0.0000;693.2100;282987808.0000
125.2872;85.2946;0.0000;689.2953;282987840.0000
124.2872;85.9845;0.0000;689.8302;282987840.0000
124.1321;85.9845;1.8605;693.3651;282987840.0000
123.1321;86.6744;0.0000;688.4503;282987840.0000
122.9771;87.3643;0.0000;693.9000;282987840.0000
121.9771;88.2093;1.8605;691.5201;282987872.0000
120.9771;88.8992;0.0000;689.8302;282987872.0000
120.8220;88.7441;0.0000;693.7449;282987872.0000
119.8220;89.5891;1.8605;691.5201;282987872.0000
118.8220;90.2790;1.8605;689.2100;282987872.0000
117.8220;90.2790;1.8605;693.7449;282987872.0000
117.6670;90.9689;0.0000;690.1403;282987904.0000
116.6670;90.8139;0.0000;692.2100;282987904.0000
116.5119;91.6589;0.0000;693.9000;282987904.0000
116.3569;91.5038;1.8605;690.6752;282987936.0000
116.2019;92.3488;0.0000;694.7449;282987936.0000
115.2019;92.1937;0.0000;694.7449;282987968.0000
115.0468;92.8837;0.0000;690.6752;282987968.0000
114.0468;93.7286;0.0000;694.7449;282987968.0000
113.8918;93.5736;0.0000;692.6751;282987968.0000
113.7367;94.2635;0.0000;692.2100;282987968.0000
112.7368;94.2635;0.0000;696.7449;282987968.0000
112.5817;95.1085;0.0000;692.6751;282988000.0000
112.4267;94.9534;0.0000;694.7449;282988000.0000
112.2716;95.7984;0.0000;696.5898;282988000.0000
111.1166;96.4883;0.0000;687.6053;282988000.0000
110.9615;96.3333;0.0000;694.7449;282988000.0000
110.1166;97.0232;0.0000;695.5898;282988032.0000
109.9615;97.0232;0.0000;692.5201;282988032.0000
109.8065;97.7131;0.0000;695.5898;282988032.0000
108.8065;97.7131;0.0000;696.8999;282988032.0000
108.4964;98.4030;0.0000;692.2100;282988032.0000
107.6515;99.0929;0.0000;697.2798;282988064.0000
107.4964;99.2480;0.0000;692.5201;282988064.0000
106.4964;99.9379;0.0000;694.2798;282988064.0000
105.4964;100.6278;0.0000;697.1248;282988064.0000
104.4964;100.6278;0.0000;692.2100;282988064.0000
103.4964;101.3177;0.0000;695.4348;282988096.0000
102.4964;102.1627;0.0000;699.9697;282988096.0000
102.3414;102.1627;0.0000;692.2100;282988096.0000
101.3414;102.8526;0.0000;696.9697;282988096.0000
100.3414;103.6976;0.0000;696.2798;282988096.0000
99.3414;103.5425;0.0000;692.0549;282988096.0000
98.3414;104.3875;0.0000;695.9697;282988128.0000
97.3414;105.0774;0.0000;692.5898;282988128.0000
96.3414;105.9224;0.0000;695.9697;282988128.0000
95.1863;105.9224;0.0000;699.3495;282988128.0000
94.1863;106.4572;0.0000;694.7449;282988128.0000
93.1863;107.3022;0.0000;696.6596;282988160.0000
92.1863;108.1472;0.0000;698.6597;282988160.0000
91.1863;108.9921;0.0000;695.1247;282988192.0000
90.3414;109.8371;0.0000;696.6596;282988192.0000
89.3414;110.6820;0.0000;698.3495;282988192.0000
88.3414;111.5270;0.0000;695.1247;282988192.0000
88.3414;111.5270;0.0000;696.6596;282988224.0000
87.3414;112.3720;0.0000;695.1247;282988224.0000
86.3414;113.0619;0.0000;693.9697;282988224.0000
86.1863;113.9068;1.8605;701.0394;282988224.0000
85.1863;114.7518;0.0000;695.1247;282988224.0000
84.1863;115.4417;0.0000;693.9697;282988256.0000
84.0313;115.4417;0.0000;701.0394;282988256.0000
83.0313;116.2867;0.0000;696.8146;282988256.0000
82.0313;117.1316;0.0000;698.8845;282988256.0000
81.8763;117.9766;0.0000;696.3495;282988256.0000
80.8763;118.8215;0.0000;695.3495;282988288.0000
79.8763;119.6665;0.0000;700.5743;282988288.0000
78.8763;120.5115;0.0000;696.6596;282988288.0000
78.7212;121.2014;0.0000;696.3495;282988288.0000
77.7212;122.0463;0.0000;702.4193;282988288.0000
77.5662;122.8913;0.0000;696.8146;282988288.0000
76.5662;123.7363;0.0000;698.0395;282988320.0000
76.4111;124.5812;0.0000;701.7294;282988320.0000
76.2561;125.4262;1.8605;693.8147;282988320.0000
75.2561;127.1161;0.0000;702.1093;282988320.0000
75.1011;127.9611;0.0000;701.4193;282988320.0000
74.9460;128.8060;0.0000;694.8146;282988352.0000
73.9460;129.6510;0.0000;702.1093;282988352.0000
73.7910;131.3409;0.0000;699.8844;282988352.0000
72.9460;132.1859;0.0000;697.5743;282988352.0000
72.7910;133.0308;0.0000;703.1093;282988352.0000
72.6359;133.8758;0.0000;696.3495;282988352.0000
71.6359;134.7207;1.8605;699.4193;282988384.0000
71.4809;136.4106;0.0000;702.7991;282988384.0000
70.4809;137.2556;0.0000;695.5046;282988384.0000
70.3259;138.9455;0.0000;701.7991;282988384.0000
70.1708;139.7905;0.0000;702.2643;282988384.0000
69.1708;141.4804;0.0000;696.1945;282988416.0000
69.1708;142.3254;0.0000;700.4193;282988448.0000
68.1708;144.0153;0.0000;700.4193;282988448.0000
68.0158;145.7052;0.0000;699.1092;282988448.0000
67.8607;147.3951;0.0000;704.3340;282988448.0000
66.8607;148.3951;0.0000;699.5743;282988480.0000
66.7057;150.0851;0.0000;700.7991;282988480.0000
66.5507;151.7750;0.0000;701.7991;282988480.0000
65.5507;153.4649;0.0000;698.1093;282988480.0000
65.3956;154.3098;0.0000;701.3340;282988480.0000
64.2406;155.9998;0.0000;702.6441;282988480.0000
63.3956;156.8447;0.0000;698.2643;282988512.0000
63.2406;158.5346;0.0000;701.4891;282988512.0000
62.2406;159.3796;0.0000;702.6441;282988512.0000
62.0855;161.0695;0.0000;699.2642;282988512.0000
61.0855;161.9145;0.0000;702.1790;282988512.0000
61.0855;163.6044;0.0000;698.4193;282988544.0000
60.0855;165.2943;1.8605;697.7991;282988544.0000
59.9305;166.1393;0.0000;702.1790;282988544.0000
59.9305;167.9842;0.0000;699.2642;282988576.0000
58.9305;169.6742;0.0000;700.4890;282988576.0000
58.7754;170.6741;0.0000;701.7991;282988608.0000
58.6204;172.3641;0.0000;698.7991;282988608.0000
58.4654;174.0540;1.8605;703.5588;282988608.0000
58.3103;175.7439;0.0000;702.3340;282988608.0000
58.1553;177.4338;0.0000;699.1092;282988608.0000
58.0002;178.2788;0.0000;704.3340;282988608.0000
57.8452;179.9687;0.0000;700.1092;282988640.0000
57.6902;180.8137;0.0000;702.1790;282988640.0000
57.5351;182.5036;0.0000;706.8689;282988640.0000
57.5351;183.3485;0.0000;700.7991;282988640.0000
57.3801;184.1935;0.0000;701.1790;282988640.0000
57.3801;185.8834;0.0000;704.8689;282988672.0000
57.2250;186.8834;0.0000;698.7991;282988672.0000
57.0700;187.7284;0.0000;703.8689;282988672.0000
57.0700;188.5733;10.1395;703.0239;282988672.0000
56.9150;190.2633;10.1395;697.6441;282988672.0000
56.7599;191.1082;0.0000;703.7138;282988672.0000
56.6049;192.7981;10.1395;698.9542;282988704.0000
56.4498;193.6431;0.0000;690.0394;282988704.0000
56.2948;194.4881;0.0000;694.2642;282988704.0000
56.2948;195.3330;0.0000;691.1945;282988704.0000
56.1398;196.1780;1.8605;690.5743;282988704.0000
55.9847;197.0229;0.0000;694.2642;282988736.0000
55.8297;198.0229;0.0000;689.3495;282988736.0000
55.6746;198.8679;0.0000;693.1092;282988736.0000
55.5196;199.7129;0.0000;692.1093;282988736.0000
55.3646;200.5578;0.0000;689.5743;282988736.0000
55.2095;201.4028;0.0000;692.2643;282988736.0000
55.2095;202.2477;0.0000;692.5743;282988768.0000
55.0545;202.2477;0.0000;690.2643;282988768.0000
54.8994;203.0927;1.8605;694.3340;282988768.0000
55.5893;204.0927;0.0000;688.5743;282988768.0000
55.4343;205.0927;0.0000;688.7991;282988768.0000
55.2793;205.9376;1.8605;694.0239;282988800.0000
55.1242;206.7826;0.0000;687.2643;282988832.0000
54.9692;207.6276;0.0000;690.7139;282988832.0000
54.8141;208.6276;0.0000;692.8689;282988832.0000
54.6591;208.7826;0.0000;688.4890;282988832.0000
54.6591;209.7826;0.0000;691.4037;282988864.0000
55.3490;210.6276;0.0000;691.0239;282988864.0000
55.1940;211.6276;0.0000;688.0239;282988864.0000
55.0389;211.6276;0.0000;693.5588;282988864.0000
54.8839;212.3175;1.8605;688.1790;282988864.0000
54.7289;213.1624;0.0000;689.5588;282988864.0000
54.5738;213.1624;1.8605;685.3340;282988896.0000
55.2637;214.0074;1.8605;688.4037;282988896.0000
55.1087;214.8524;0.0000;690.6285;282988896.0000
54.9537;215.0074;0.0000;693.8534;282988896.0000
54.7986;216.0074;0.0000;687.0937;282988896.0000
54.6436;217.0074;0.0000;689.6286;282988928.0000
54.4885;217.0074;1.8605;689.7836;282988928.0000
55.3335;217.8524;0.0000;689.1635;282988928.0000
55.1785;218.6973;0.0000;694.3882;282988928.0000
55.0234;218.8524;1.8605;688.7836;282988960.0000
55.0234;219.8524;0.0000;689.4580;282988992.0000
55.7133;220.6973;0.0000;694.6130;282988992.0000
55.5583;220.6973;1.8605;688.6984;282988992.0000
55.4033;221.6973;0.0000;688.6984;282988992.0000
55.2482;222.6973;0.0000;693.7681;282988992.0000
55.0932;223.6973;0.0000;686.1635;282988992.0000
54.9381;223.8524;0.0000;690.9231;282989024.0000
54.7831;224.6973;0.0000;690.9231;282989024.0000
54.7831;225.5423;1.8605;687.2332;282989024.0000
54.6280;226.3872;0.0000;693.1479;282989024.0000
54.3180;226.5423;1.8605;688.3882;282989024.0000
54.1629;227.5423;0.0000;687.7681;282989056.0000
54.0079;228.5423;0.0000;693.3030;282989056.0000
53.8528;228.5423;0.0000;687.9231;282989056.0000
53.6978;229.3873;0.0000;685.7681;282989056.0000
53.6978;230.3872;0.0000;692.8379;282989056.0000
53.5428;231.3872;0.0000;687.7681;282989088.0000
53.3877;232.2322;0.0000;691.2177;282989088.0000
53.2327;233.0772;0.0000;689.5277;282989088.0000
53.0776;234.0772;0.0000;687.7681;282989088.0000
52.9226;235.0772;0.0000;691.5975;282989088.0000
52.6125;236.0772;0.0000;689.9929;282989088.0000
53.3024;236.9221;0.0000;688.5277;282989120.0000
53.1474;237.9221;0.0000;692.7525;282989120.0000
52.9924;238.9221;0.0000;688.6827;282989120.0000
52.6823;239.9221;0.0000;688.9076;282989120.0000
52.5272;240.7671;0.0000;692.4424;282989120.0000
53.2172;241.7671;0.0000;686.6828;282989152.0000
53.0621;242.7671;0.0000;691.4425;282989152.0000
52.9071;243.7671;0.0000;692.4424;282989152.0000
52.7520;244.6120;0.0000;686.3727;282989152.0000
52.7520;245.6120;0.0000;688.5975;282989152.0000
53.2869;246.6120;0.0000;688.5975;282989184.0000
53.2869;247.4570;0.0000;686.7525;282989184.0000
53.1319;248.4570;0.0000;692.5122;282989184.0000
52.9768;249.4570;0.0000;687.2177;282989216.0000
52.8218;250.4570;0.0000;687.5975;282989216.0000
53.5117;251.3020;0.0000;693.6672;282989216.0000
53.5117;252.3020;0.0000;685.9076;282989248.0000
53.3567;253.1469;0.0000;688.2874;282989248.0000
54.2016;254.1469;0.0000;691.4425;282989248.0000
54.2016;254.9919;0.0000;686.3727;282989248.0000
54.0466;255.9919;0.0000;690.9774;282989248.0000
54.8915;256.8368;0.0000;688.5975;282989248.0000
54.8915;257.6818;0.0000;687.4424;282989280.0000
54.7365;258.6818;0.0000;683.5277;282989280.0000
54.5815;259.5268;0.0000;686.5975;282989280.0000
54.5815;259.6818;0.0000;690.6673;282989280.0000
55.2714;260.6818;0.0000;694.2021;282989280.0000
55.1163;261.6818;0.0000;686.9075;282989312.0000
55.8063;262.6818;0.0000;690.5122;282989312.0000
56.4962;262.8369;0.0000;695.2021;282989312.0000
56.3411;263.6818;0.0000;685.8223;282989312.0000
57.1861;264.6818;0.0000;690.3572;282989312.0000
57.0311;264.6818;0.0000;690.5122;282989344.0000
57.7210;265.6818;0.0000;687.5122;282989344.0000
57.7210;266.5268;0.0000;693.1169;282989344.0000
57.5659;266.6818;0.0000;687.6672;282989344.0000
58.2559;267.5268;0.0000;689.7371;282989344.0000
58.2559;268.5268;0.0000;693.9619;282989344.0000
58.1008;268.6818;0.0000;687.2021;282989376.0000
58.7907;269.6818;0.0000;690.4269;282989376.0000
58.7907;270.5268;0.0000;691.2719;282989376.0000
59.4807;271.5268;0.0000;685.2021;282989376.0000
60.1706;272.5268;1.8605;690.4269;282989376.0000
60.0155;272.6818;0.0000;690.2719;282989408.0000
60.7054;273.6818;0.0000;686.0471;282989408.0000
60.5504;274.5267;1.8605;691.6517;282989408.0000
61.3954;275.5268;0.0000;686.5820;282989408.0000
62.0853;276.5268;0.0000;688.9619;282989408.0000
61.9302;277.3717;0.0000;689.9618;282989440.0000
62.7752;278.3717;0.0000;686.8920;282989472.0000
62.6202;279.3717;0.0000;688.6517;282989472.0000
63.3101;279.5268;1.8605;692.1866;282989472.0000
63.3101;280.3717;0.0000;688.2719;282989472.0000
64.0000;281.3717;0.0000;688.6517;282989472.0000
64.6899;282.3717;0.0000;687.6517;282989504.0000
64.6899;283.3717;0.0000;684.4269;282989504.0000
65.3798;284.3717;1.8605;689.3416;282989504.0000
65.2248;285.2167;0.0000;686.1168;282989504.0000
66.0698;286.2167;0.0000;685.6517;282989504.0000
65.9147;287.2167;0.0000;690.4114;282989536.0000
66.7597;288.2167;0.0000;684.2719;282989536.0000
66.6046;288.3717;0.0000;687.3417;282989536.0000
67.4496;289.2167;0.0000;690.0316;282989536.0000
68.1395;290.2167;0.0000;684.8068;282989536.0000
68.9845;291.2167;0.0000;688.7214;282989568.0000
68.8294;292.2167;0.0000;688.4967;282989568.0000
69.5193;293.0616;0.0000;684.8068;282989568.0000
70.3643;293.3717;0.0000;687.1866;282989600.0000
70.2093;294.3717;0.0000;684.2719;282989600.0000
71.0542;295.3717;0.0000;684.4967;282989600.0000
71.7441;296.3717;0.0000;689.8765;282989632.0000
72.5891;297.3717;0.0000;681.9618;282989632.0000
73.2790;297.5268;0.0000;685.3417;282989632.0000
74.1240;298.5268;0.0000;688.2563;282989632.0000
73.9689;299.5268;0.0000;682.3417;282989632.0000
74.8139;300.6818;0.0000;688.4114;282989664.0000
75.5038;301.6818;0.0000;689.5664;282989664.0000
76.3488;301.8368;0.0000;682.3417;282989664.0000
76.1937;302.8369;0.0000;686.7215;282989664.0000
76.8837;303.9919;0.0000;686.8765;282989664.0000
77.7286;304.9919;0.0000;682.4967;282989664.0000
78.5736;305.9919;0.0000;684.8765;282989696.0000
79.2635;306.9919;0.0000;680.9618;282989696.0000
79.2635;308.1469;0.0000;682.3417;282989696.0000
80.1085;308.3019;0.0000;686.9463;282989696.0000
80.7984;309.3020;0.0000;680.1168;282989696.0000
81.6433;310.3019;0.0000;682.3417;282989728.0000
82.4883;311.3020;0.0000;683.3416;282989728.0000
83.3333;312.3020;1.8605;678.9618;282989728.0000
84.8681;313.4570;0.0000;682.3417;282989728.0000
85.7131;314.4570;0.0000;682.3417;282989728.0000
86.4030;315.4570;0.0000;679.8068;282989760.0000
87.2480;315.6121;0.0000;683.5664;282989760.0000
87.2480;316.6120;0.0000;677.2719;282989760.0000
88.0929;317.6121;0.0000;679.4967;282989760.0000
88.7829;318.6120;0.0000;684.8765;282989760.0000
89.6278;319.6120;0.0000;679.8068;282989760.0000
90.3177;319.7671;1.8605;683.4114;282989792.0000
90.3177;320.9221;0.0000;683.1866;282989792.0000
91.1627;321.9221;0.0000;678.9618;282989792.0000
91.8526;322.9221;1.8605;681.8765;282989792.0000
92.6976;323.9221;0.0000;682.3417;282989792.0000
93.5425;324.9221;1.8605;677.2719;282989824.0000
94.2324;325.0771;0.0000;681.8765;282989824.0000
94.2324;326.0772;0.0000;682.4967;282989856.0000
94.9224;327.0772;0.0000;679.1866;282989856.0000
95.7673;327.3873;0.0000;684.4114;282989856.0000
95.7673;328.3872;0.0000;679.4967;282989888.0000
96.4572;329.2322;0.0000;680.8765;282989888.0000
97.3022;329.3873;0.0000;684.4114;282989888.0000
98.1472;330.3872;0.0000;678.4966;282989888.0000
98.9921;331.3872;0.0000;681.4114;282989888.0000
99.6820;331.5423;0.0000;681.7215;282989888.0000
99.6820;332.5423;0.0000;680.3417;282989920.0000
100.5270;332.6973;0.0000;683.5664;282989920.0000
101.3720;333.6973;0.0000;677.8068;282989920.0000
102.0619;333.8524;0.0000;679.1866;282989920.0000
102.9068;334.8524;0.0000;683.1866;282989920.0000
102.9068;335.0074;0.0000;679.8068;282989952.0000
103.7518;335.1624;0.0000;679.0316;282989952.0000
104.4417;336.1625;0.0000;682.3417;282989952.0000
105.2867;336.3175;1.8605;677.2719;282989952.0000
106.1316;337.1624;0.0000;681.2563;282989984.0000
106.9766;337.3175;0.0000;680.0316;282990016.0000
107.6665;338.3175;0.0000;676.8068;282990016.0000
108.5115;338.4725;0.0000;681.4114;282990016.0000
109.3564;338.6276;0.0000;679.0316;282990016.0000
110.0463;339.6276;0.0000;676.4967;282990016.0000
110.0463;339.7826;0.0000;681.4114;282990016.0000
110.8913;340.0927;0.0000;676.4967;282990048.0000
111.7363;340.2477;0.0000;678.7214;282990048.0000
112.5812;341.2477;0.0000;681.7215;282990048.0000
112.4262;341.4028;1.8605;675.8068;282990048.0000
113.2711;341.7129;0.0000;676.8766;282990048.0000
114.1161;342.7129;1.8605;679.5664;282990080.0000
114.9611;342.8679;0.0000;676.6517;282990080.0000
115.8060;343.1780;0.0000;676.0316;282990080.0000
116.6510;344.1780;0.0000;679.1866;282990080.0000
116.6510;344.3330;0.0000;677.0316;282990080.0000
117.4959;345.4881;1.8605;678.8765;282990080.0000
118.1859;345.6431;0.0000;676.3417;282990112.0000
119.0308;346.6431;1.8605;677.0316;282990112.0000
119.8758;346.9532;0.0000;681.2563;282990112.0000
120.7207;347.1082;0.0000;674.2719;282990112.0000
121.5657;347.2633;0.0000;677.0316;282990112.0000
122.4107;348.4183;0.0000;677.1866;282990144.0000
123.2556;348.5733;1.8605;669.7370;282990144.0000
123.2556;348.7284;0.0000;676.1866;282990144.0000
124.1006;348.8834;1.8605;675.4967;282990144.0000
124.9455;349.8834;0.0000;674.4967;282990144.0000
125.7905;350.0385;0.0000;676.1866;282990144.0000
126.6355;350.1935;1.8605;673.8068;282990176.0000
127.4804;350.3485;0.0000;672.8068;282990176.0000
128.3254;351.3485;0.0000;677.1866;282990176.0000
129.1703;351.5036;0.0000;670.7370;282990176.0000
129.1703;351.6586;0.0000;671.6517;282990176.0000
130.0153;351.8137;0.0000;676.9618;282990208.0000
130.8602;352.8137;0.0000;672.2719;282990208.0000
131.7052;352.9687;0.0000;674.6517;282990240.0000
131.7052;353.1237;0.0000;674.1168;282990240.0000
132.3951;353.2788;10.1395;671.9618;282990240.0000
133.2401;353.4338;0.0000;676.8068;282990272.0000
134.0850;353.5889;0.0000;672.4269;282990272.0000
134.9300;354.5889;0.0000;672.2719;282990272.0000
134.9300;354.7439;0.0000;676.9618;282990272.0000
136.6199;354.8990;0.0000;673.8920;282990272.0000
137.4649;354.8990;0.0000;674.2719;282990272.0000
138.3098;355.8990;0.0000;676.4269;282990304.0000
139.1548;356.0540;0.0000;669.9773;282990304.0000
140.8447;356.2090;0.0000;675.1168;282990304.0000
141.6897;357.2090;0.0000;674.7370;282990304.0000
142.5346;357.3641;0.0000;673.0471;282990304.0000
144.2246;357.5191;0.0000;676.4269;282990336.0000
145.0695;358.5191;0.0000;673.3572;282990336.0000
145.9145;358.6742;0.0000;671.6672;282990336.0000
147.6044;358.6742;0.0000;675.0471;282990336.0000
148.4494;358.8292;0.0000;670.1323;282990336.0000
150.2943;359.8292;0.0000;670.8223;282990368.0000
151.1393;360.1393;0.0000;665.0626;282990368.0000
152.8292;361.1393;0.0000;668.0626;282990368.0000
154.5191;361.2943;0.0000;671.3572;282990368.0000
156.2090;362.2943;0.0000;671.4424;282990368.0000
157.0540;362.4494;0.0000;665.2177;282990368.0000
158.8990;362.6044;0.0000;670.2874;282990400.0000
160.5889;363.6044;0.0000;668.3727;282990400.0000
162.2788;363.7594;0.0000;667.5975;282990400.0000
163.9687;363.9145;10.1395;672.1324;282990400.0000
165.8137;364.0695;0.0000;665.8379;282990400.0000
167.5036;364.2245;0.0000;667.0626;282990432.0000
168.3485;364.3796;0.0000;670.9076;282990432.0000
170.1935;364.6897;0.0000;666.1479;282990432.0000
171.8834;364.8447;0.0000;668.2177;282990432.0000
173.7284;364.9998;0.0000;666.9929;282990432.0000
175.4183;365.1548;0.0000;666.3030;282990464.0000
177.1082;365.3098;0.0000;668.3727;282990464.0000
178.9532;365.4649;0.0000;667.4579;282990496.0000
180.6431;365.6199;10.1395;665.9929;282990496.0000
182.3330;365.7750;1.8605;669.6828;282990496.0000
184.1780;365.9300;0.0000;666.2332;282990496.0000
185.8679;366.0851;0.0000;666.7681;282990528.0000
187.5578;366.2401;0.0000;666.9232;282990528.0000
189.4028;365.5502;0.0000;664.3882;282990528.0000
191.0927;365.7052;0.0000;665.9231;282990528.0000
192.7826;365.0153;10.1395;667.6130;282990528.0000
194.6276;365.1703;0.0000;661.3882;282990528.0000
196.3175;364.6354;0.0000;666.7681;282990560.0000
198.0074;364.7905;10.1395;665.0781;282990560.0000
199.8524;364.9455;0.0000;662.5432;282990560.0000
201.5423;364.2556;0.0000;666.6130;282990560.0000
203.3872;364.4107;0.0000;664.5433;282990560.0000
205.0772;364.5657;0.0000;664.0781;282990592.0000
206.9221;363.8758;0.0000;668.0781;282990592.0000
208.6120;364.0308;0.0000;664.1635;282990592.0000
210.3020;364.1859;0.0000;666.3882;282990624.0000
211.3020;363.4959;0.0000;667.3882;282990624.0000
212.9919;363.8060;0.0000;662.8533;282990656.0000
214.6818;363.1161;0.0000;666.9232;282990656.0000
215.6818;363.2711;10.1395;667.3882;282990656.0000
217.3717;362.5812;0.0000;665.3882;282990656.0000
219.2167;362.7363;0.0000;667.6130;282990656.0000
220.0616;362.0463;0.0000;662.3185;282990656.0000
221.9066;362.2014;0.0000;663.0084;282990688.0000
223.5965;361.6665;0.0000;667.0782;282990688.0000
224.5965;361.8216;0.0000;664.0084;282990688.0000
226.4415;361.1316;0.0000;664.2332;282990688.0000
228.1314;361.4417;0.0000;668.0781;282990688.0000
229.1314;361.5967;0.0000;664.0084;282990720.0000
230.1314;360.9069;0.0000;665.5433;282990720.0000
231.8213;361.2169;0.0000;666.5433;282990720.0000
232.8213;361.3720;0.0000;663.0084;282990720.0000
233.6663;360.8371;0.0000;666.9232;282990720.0000
234.6663;360.9921;0.0000;664.6983;282990752.0000
235.6663;361.1472;0.0000;662.3882;282990752.0000
236.5112;361.4572;0.0000;668.0781;282990752.0000
238.3562;360.7673;0.0000;662.3185;282990752.0000
239.3562;360.9224;0.0000;664.5433;282990752.0000
240.3562;361.2325;0.0000;666.9232;282990752.0000
241.3562;361.3875;0.0000;662.1635;282990784.0000
242.3562;360.6976;0.0000;666.6130;282990784.0000
243.2011;361.0077;10.1395;666.3882;282990784.0000
244.2012;361.1627;1.8605;663.0084;282990784.0000
245.2011;361.3177;0.0000;665.0781;282990784.0000
246.2011;360.7829;0.0000;664.2332;282990816.0000
248.0461;360.9379;0.0000;662.5432;282990816.0000
249.0461;361.0929;0.0000;666.6130;282990816.0000
249.8911;361.2480;0.0000;662.0084;282990816.0000
250.8911;361.5580;0.0000;665.9231;282990816.0000
251.8911;361.7131;0.0000;666.9232;282990848.0000
253.7360;361.8681;0.0000;662.1635;282990848.0000
254.7360;362.1782;0.0000;665.3882;282990880.0000
255.7360;361.4883;0.0000;666.5433;282990880.0000
256.7360;361.6433;0.0000;662.0084;282990880.0000
257.7360;361.7984;0.0000;666.7681;282990880.0000
258.7360;361.1085;0.0000;664.6983;282990912.0000
259.7360;361.4185;0.0000;661.8534;282990912.0000
260.7360;361.5736;10.1395;666.3882;282990912.0000
260.8911;361.7286;0.0000;662.0084;282990912.0000
261.8911;361.0387;0.0000;663.3882;282990912.0000
262.8911;361.1938;0.0000;665.9231;282990944.0000
263.8911;360.5038;0.0000;662.3185;282990944.0000
264.8911;360.6589;0.0000;661.5433;282990944.0000
265.7360;360.8139;0.0000;665.5433;282990944.0000
266.7360;360.1240;0.0000;660.1635;282990944.0000
267.7360;360.2791;0.0000;664.2332;282990976.0000
268.7360;359.5891;0.0000;664.5433;282990976.0000
269.5810;359.5891;0.0000;661.6984;282990976.0000
270.5810;358.8992;0.0000;665.9231;282990976.0000
271.5810;359.0543;0.0000;661.1635;282990976.0000
272.4259;359.2093;0.0000;661.2332;282991008.0000
273.4260;358.3643;0.0000;667.6130;282991040.0000
274.2709;358.5193;0.0000;662.0084;282991040.0000
276.1159;357.8294;0.0000;665.0781;282991040.0000
277.1158;357.9845;0.0000;666.2332;282991040.0000
277.9608;357.2946;0.0000;662.0084;282991040.0000
278.9608;357.4496;0.0000;665.7681;282991040.0000
279.9608;356.7597;0.0000;665.9231;282991072.0000
280.9608;356.9147;0.0000;662.5432;282991072.0000
281.9608;356.0698;0.0000;664.0781;282991072.0000
282.9608;356.3799;0.0000;661.0084;282991072.0000
284.8058;355.5349;0.0000;663.7681;282991072.0000
285.8058;354.8450;0.0000;665.9231;282991104.0000
286.8058;354.8450;0.0000;661.6984;282991104.0000
288.6508;354.1551;0.0000;664.0781;282991104.0000
289.8058;353.4651;0.0000;665.0781;282991104.0000
290.8058;352.7752;0.0000;661.6984;282991104.0000
292.6507;352.0853;0.0000;664.9231;282991136.0000
293.6508;352.0853;0.0000;664.2332;282991136.0000
295.4957;351.3954;0.0000;661.2332;282991136.0000
296.6508;350.7054;0.0000;665.9231;282991136.0000
298.4957;349.8605;0.0000;663.6983;282991136.0000
300.4957;349.1706;0.0000;662.5432;282991168.0000
301.6508;348.4807;0.0000;666.4580;282991168.0000
302.6508;347.6357;0.0000;662.0084;282991168.0000
304.6508;346.1008;0.0000;662.2332;282991168.0000
306.6507;345.2559;0.0000;666.7681;282991168.0000
307.6508;344.5659;0.0000;660.1635;282991168.0000
309.6508;343.8760;0.0000;664.7681;282991200.0000
310.6508;343.1861;0.0000;665.2332;282991200.0000
312.6508;342.4962;0.0000;661.6984;282991200.0000
313.6507;340.8063;0.0000;664.2332;282991200.0000
314.8058;340.1164;0.0000;663.6983;282991200.0000
316.6507;339.4264;0.0000;661.6984;282991232.0000
317.8058;337.8916;0.0000;666.7681;282991232.0000
318.8058;337.2016;0.0000;661.3185;282991232.0000
320.8058;335.5117;0.0000;663.3882;282991264.0000
321.8058;334.8218;0.0000;665.7681;282991264.0000
322.9608;334.1319;0.0000;660.3185;282991296.0000
324.1159;332.4420;0.0000;664.2332;282991296.0000
326.1159;331.7520;0.0000;664.6983;282991296.0000
327.1159;330.0621;0.0000;660.3185;282991296.0000
328.2709;329.3722;0.0000;664.2332;282991296.0000
329.4259;327.6823;0.0000;665.0084;282991296.0000
330.5810;326.1474;10.1395;662.6983;282991328.0000
332.5810;325.4575;0.0000;664.5433;282991328.0000
333.5810;323.7675;0.0000;661.6285;282991328.0000
334.7360;323.0777;0.0000;662.1635;282991328.0000
336.7360;321.3878;0.0000;666.3882;282991328.0000
337.8911;319.8528;0.0000;660.1635;282991360.0000
339.0461;319.0079;0.0000;663.6983;282991360.0000
340.2011;317.4730;0.0000;666.3882;282991360.0000
341.3562;315.7831;0.0000;659.6285;282991360.0000
342.5112;314.2482;0.0000;664.5433;282991360.0000
343.5112;312.5583;0.0000;662.4735;282991360.0000
343.8213;311.7133;0.0000;662.1635;282991392.0000
344.9763;310.0234;0.0000;664.6983;282991392.0000
346.8213;308.4886;0.0000;661.7836;282991392.0000
347.9764;307.6436;0.0000;662.3185;282991392.0000
348.9763;306.1087;0.0000;666.3882;282991392.0000
350.1314;305.2637;0.0000;663.4735;282991424.0000
351.1314;303.7289;0.0000;663.0084;282991424.0000
352.2864;302.0389;0.0000;665.0084;282991424.0000
353.4415;301.1940;0.0000;660.9386;282991424.0000
354.4415;299.5041;0.0000;663.3185;282991424.0000
355.5965;297.8141;0.0000;665.3185;282991424.0000
356.7516;296.2793;0.0000;662.0937;282991456.0000
356.9066;295.4343;0.0000;666.0084;282991456.0000
358.0616;293.7444;0.0000;662.7836;282991456.0000
359.2167;292.2095;0.0000;662.6285;282991456.0000
360.2167;290.5196;0.0000;666.8534;282991456.0000
361.3717;289.6747;0.0000;662.9387;282991488.0000
362.3717;287.9847;0.0000;663.0084;282991520.0000
363.5267;287.2948;10.1395;667.1635;282991520.0000
364.5268;285.6049;0.0000;662.2487;282991520.0000
364.6818;283.9150;0.0000;665.0084;282991520.0000
365.8369;283.0700;0.0000;665.4735;282991552.0000
366.8368;281.5351;0.0000;662.0937;282991552.0000
367.1469;279.8452;0.0000;663.1634;282991552.0000
368.1469;279.0002;0.0000;664.4735;282991552.0000
369.1469;277.3103;0.0000;663.7836;282991552.0000
369.4570;275.6204;0.0000;668.1635;282991552.0000
370.4570;273.9305;0.0000;663.4038;282991584.0000
370.7671;273.0855;0.0000;665.6285;282991584.0000
371.7671;271.3956;0.0000;668.3185;282991584.0000
372.0772;269.7057;0.0000;663.4038;282991584.0000
373.0771;268.8607;0.0000;668.0084;282991584.0000
373.2322;267.1708;0.0000;668.6286;282991616.0000
374.3872;265.4809;0.0000;665.9386;282991616.0000
374.5423;264.6359;0.0000;669.8533;282991616.0000
374.8524;262.9460;0.0000;670.3185;282991648.0000
375.0074;261.2561;0.0000;670.6983;282991648.0000
375.3175;259.5662;0.0000;673.3882;282991680.0000
374.7826;257.8763;0.0000;670.1635;282991680.0000
374.9377;256.1863;10.1395;670.8533;282991680.0000
374.4028;254.4964;0.0000;677.0782;282991680.0000
374.7129;252.8065;10.1395;669.6285;282991680.0000
374.8679;251.9616;0.0000;673.5432;282991680.0000
374.3330;250.2716;10.1395;677.3882;282991712.0000
374.6431;249.4267;10.1395;669.4735;282991712.0000
374.9532;247.5817;10.1395;673.6983;282991712.0000
374.2633;246.7368;0.0000;673.8533;282991712.0000
374.5734;245.8918;10.1395;670.4735;282991712.0000
374.8834;244.2019;0.0000;677.0782;282991744.0000
375.0385;243.2019;0.0000;670.6285;282991744.0000
375.3486;242.3569;0.0000;671.4735;282991744.0000
374.8137;240.5120;0.0000;666.5588;282991744.0000
375.1237;239.6670;0.0000;677.8534;282991744.0000
375.4338;238.8221;0.0000;679.9231;282991744.0000
375.7439;237.8220;0.0000;684.4580;282991776.0000
375.0540;236.9771;0.0000;678.6983;282991776.0000
375.3641;235.1321;0.0000;682.6130;282991776.0000
375.6741;235.1321;0.0000;683.2332;282991776.0000
375.9842;234.1321;0.0000;679.8533;282991776.0000
376.1393;233.2872;0.0000;684.6130;282991808.0000
376.6044;232.2872;0.0000;682.5433;282991808.0000
376.9145;232.1321;0.0000;682.6984;282991808.0000
377.0695;231.2872;0.0000;685.7681;282991808.0000
377.3796;230.2872;0.0000;682.6984;282991808.0000
377.6897;230.1321;0.0000;683.2332;282991808.0000
377.8447;229.2872;0.0000;687.0781;282991840.0000
378.1548;229.1321;0.0000;683.0084;282991840.0000
378.4649;228.9771;0.0000;685.0781;282991840.0000
378.6199;228.8220;0.0000;682.1635;282991840.0000
378.9300;228.6670;0.0000;667.6440;282991840.0000
379.0851;228.5120;1.8605;638.7604;282991872.0000
378.5502;228.3569;0.0000;595.4427;282991872.0000
378.8603;228.2019;1.8605;506.4119;282991904.0000
379.0153;227.2019;0.0000;151.3739;282991904.0000
43.8765;57.2100;0.0000;149.6142;268666432.0000
44.0315;57.0550;0.0000;149.3042;268666432.0000
44.3416;56.8999;0.0000;149.6142;268666432.0000
44.6517;56.5898;0.0000;149.6142;268666432.0000
44.8067;56.4348;0.0000;149.3042;268666432.0000
45.1168;56.2798;0.0000;149.6142;268666432.0000
45.4269;56.1247;0.0000;149.7693;268666432.0000
45.5820;55.9697;0.0000;149.6142;268666432.0000
45.8920;55.8146;0.0000;149.9243;268666432.0000
46.0471;55.6596;0.0000;149.6142;268666432.0000
46.3572;55.5046;0.0000;150.0793;268666432.0000
46.6672;55.3495;0.0000;150.3894;268666432.0000
46.9773;55.0394;0.0000;149.7693;268666432.0000
47.2874;54.8844;0.0000;150.0793;268666432.0000
47.4424;54.7294;0.0000;150.5445;268666432.0000
47.7525;54.4193;0.0000;149.7693;268666432.0000
48.0626;54.2642;0.0000;150.5445;268666432.0000
48.2176;54.1092;0.0000;150.5445;268666432.0000
48.5277;53.9541;0.0000;150.0793;268666432.0000
48.6828;53.6441;0.0000;150.5445;268666432.0000
48.9928;53.6441;0.0000;150.0793;268666432.0000
49.1479;53.3340;0.0000;149.9243;268666432.0000
49.4580;53.3340;0.0000;150.8546;268666432.0000
49.6130;53.1789;0.0000;150.2344;268666432.0000
49.9231;53.0239;0.0000;150.5445;268666432.0000
50.0781;52.8689;0.0000;150.5445;268666432.0000
50.3882;52.5588;0.0000;150.2344;268666432.0000
50.6983;52.4037;0.0000;150.5445;268666432.0000
51.0084;52.2487;0.0000;150.5445;268666432.0000
51.1634;51.9386;0.0000;150.5445;268666432.0000
51.4735;51.6285;0.0000;151.0096;268666432.0000
51.7836;51.4735;0.0000;150.6995;268666432.0000
51.9386;51.1634;0.0000;150.8546;268666432.0000
52.0937;51.0084;0.0000;151.4747;268666432.0000
52.4037;50.8533;0.0000;150.5445;268666464.0000
52.5588;50.6983;0.0000;151.0096;268666464.0000
52.7138;50.3882;0.0000;150.8546;268666464.0000
53.0239;50.2332;1.8605;150.8546;268666464.0000
53.1789;50.0781;0.0000;151.1646;268666464.0000
53.3340;49.9231;1.8605;151.1646;268666464.0000
53.4890;49.6130;0.0000;150.8546;268666464.0000
53.7991;49.4580;0.0000;151.1646;268666464.0000
53.9541;49.1479;0.0000;151.0096;268666464.0000
54.1092;48.9928;0.0000;151.0096;268666464.0000
54.2642;48.8378;0.0000;151.4747;268666464.0000
54.5743;48.5277;0.0000;150.6995;268666464.0000
54.7294;48.3727;0.0000;151.1646;268666464.0000
54.8844;48.0626;0.0000;151.4747;268666464.0000
55.0394;47.7525;0.0000;150.8546;268666464.0000
55.1945;47.4424;0.0000;151.4747;268666464.0000
55.5046;47.1324;0.0000;151.3197;268666464.0000
55.6596;46.8223;0.0000;150.8546;268666464.0000
55.9697;46.5122;0.0000;151.4747;268666496.0000
56.1247;46.2021;0.0000;151.3197;268666496.0000
56.4348;45.8920;0.0000;151.1646;268666496.0000
56.5898;45.7370;0.0000;151.6298;268666496.0000
56.7449;45.4269;0.0000;151.3197;268666496.0000
56.8999;45.2719;0.0000;151.4747;268666496.0000
57.0550;45.1168;0.0000;151.6298;268666496.0000
57.3650;44.8067;0.0000;151.1646;268666496.0000
57.3650;44.6517;0.0000;151.4747;268666496.0000
57.5201;44.4967;0.0000;151.6298;268666496.0000
57.6751;44.1866;0.0000;151.4747;268666496.0000
57.8302;44.0315;0.0000;151.9398;268666496.0000
57.9852;43.7215;0.0000;151.7848;268666496.0000
58.1402;43.4114;0.0000;151.6298;268666496.0000
58.2953;43.2563;1.8605;151.9398;268666496.0000
58.2953;42.9463;0.0000;151.9398;268666496.0000
58.4503;42.6362;1.8605;151.9398;268666496.0000
58.6054;42.4811;0.0000;152.2499;268666496.0000
58.7604;42.1711;0.0000;151.9398;268666496.0000
58.7604;41.8610;0.0000;152.2499;268666496.0000
59.0705;41.7059;0.0000;152.2499;268666496.0000
59.0705;41.3959;0.0000;150.8546;268666496.0000
59.2255;41.0858;0.0000;152.4050;268666496.0000
59.3806;40.7757;0.0000;152.5600;268666496.0000
59.5356;40.6207;0.0000;152.4050;268666496.0000
59.5356;40.3106;0.0000;152.7150;268666496.0000
59.6907;40.0005;0.0000;152.4050;268666496.0000
59.8457;39.6904;0.0000;152.5600;268666496.0000
60.0007;39.5354;0.0000;152.8701;268666496.0000
60.0007;39.2253;0.0000;152.4050;268666496.0000
60.1558;39.0702;0.0000;152.2499;268666496.0000
60.3108;38.9152;0.0000;152.7150;268666496.0000
60.4659;38.6051;0.0000;152.4050;268666496.0000
60.4659;38.4501;0.0000;152.2499;268666496.0000
60.6209;38.2950;0.0000;152.5600;268666496.0000
60.7759;37.9850;0.0000;152.4050;268666496.0000
60.7759;37.8299;0.0000;152.5600;268666496.0000
60.9310;37.5198;0.0000;152.4050;268666528.0000
61.0860;37.3648;0.0000;152.8701;268666528.0000
61.0860;37.0547;0.0000;153.1802;268666528.0000
61.0860;36.7446;0.0000;152.4050;268666528.0000
61.0860;36.5896;0.0000;152.5600;268666528.0000
61.2411;36.2795;0.0000;152.8701;268666528.0000
61.2411;36.1245;0.0000;152.4050;268666528.0000
61.2411;35.8144;0.0000;152.4050;268666528.0000
61.3961;35.5043;1.8605;152.7150;268666528.0000
61.3961;35.3493;0.0000;152.5600;268666528.0000
61.5511;35.0392;1.8605;152.4050;268666528.0000
61.5511;34.8841;0.0000;152.0949;268666528.0000
61.5511;34.7291;0.0000;152.0949;268666528.0000
61.7062;34.5741;0.0000;151.9398;268666528.0000
61.7062;34.5741;1.8605;152.0949;268666528.0000
61.7062;34.4190;0.0000;152.4050;268666528.0000
61.7062;34.2640;1.8605;152.4050;268666528.0000
61.7062;34.2640;0.0000;151.9398;268666528.0000
61.7062;34.1089;0.0000;152.0949;268666560.0000
61.7062;33.9539;0.0000;151.4747;268666560.0000
61.7062;33.6438;0.0000;150.3894;268666560.0000
61.7062;33.4888;0.0000;152.2499;268666560.0000
61.8612;33.3337;0.0000;149.9243;268666560.0000
61.8612;33.0237;0.0000;151.0096;268666560.0000
61.8612;32.8686;0.0000;151.0096;268666560.0000
61.8612;32.7136;0.0000;150.3894;268666560.0000
62.0163;32.5585;0.0000;150.5445;268666560.0000
62.0163;32.4035;0.0000;150.8546;268666560.0000
62.0163;32.2485;0.0000;150.2344;268666560.0000
62.0163;32.0934;0.0000;150.5445;268666560.0000
62.0163;31.9384;0.0000;150.5445;268666560.0000
62.0163;31.7833;0.0000;149.7693;268666560.0000
62.0163;31.6283;0.0000;150.0793;268666560.0000
62.1713;31.4733;0.0000;149.7693;268666560.0000
62.1713;31.3182;0.0000;149.4592;268666560.0000
62.1713;31.1632;0.0000;149.3042;268666560.0000
62.1713;31.1632;0.0000;149.3042;268666560.0000
62.1713;31.1632;0.0000;149.6142;268666560.0000
62.1713;31.1632;0.0000;149.9243;268666560.0000
62.1713;31.1632;0.0000;149.3042;268666560.0000
62.1713;31.0081;0.0000;149.4592;268666560.0000
62.1713;31.0081;0.0000;149.1491;268666560.0000
62.1713;31.0081;0.0000;148.3739;268666560.0000
62.1713;31.0081;0.0000;147.2886;268666560.0000
62.0163;31.0081;0.0000;145.4281;268666560.0000
62.0163;31.0081;0.0000;142.9475;268666560.0000
62.0163;31.0081;0.0000;141.0870;268666560.0000
62.0163;31.0081;0.0000;136.7458;268666560.0000
62.0163;31.0081;0.0000;130.0791;268666560.0000
62.0163;31.0081;0.0000;120.3115;268666560.0000
62.0163;31.0081;1.8605;100.0012;268666560.0000
61.8612;31.0081;3.7210;61.3961;268666560.0000
61.8612;31.0081;5.5815;29.3027;268666560.0000
95.1950;-2.4807;0.0000;61.7062;268666720.0000
95.1950;-2.6357;0.0000;62.1713;268666720.0000
95.1950;-2.6357;0.0000;62.3263;268666720.0000
95.1950;-2.6357;0.0000;65.7372;268666720.0000
95.1950;-2.6357;0.0000;70.2334;268666720.0000
95.1950;-2.6357;0.0000;72.0939;268666720.0000
95.1950;-2.6357;0.0000;71.6288;268666720.0000
95.1950;-2.6357;0.0000;68.9931;268666720.0000
95.1950;-2.4807;0.0000;61.3961;268666720.0000
95.1950;-2.4807;0.0000;23.2561;268666720.0000
